6
-1
-2
-4
-10
-5
-6
-7
-12
-15
-13
-13
-20
-20
-18
-21
-24
-32
-27
-29
-26
-25
-29
-25
-28
-26
-24
-27
-27
-25
-32
-34
-29
-28
-29
-26
-25
-26
-23
-23
-17
-18
-20
-14
-15
-15
-14
-11
-15
-14
-15
-16
-11
-8
-9
-8
-11
-10
-5
-3
-7
-13
-10
-13
-11
-10
-13
-19
-16
-13
-13
-5
-8
-7
-7
-12
-10
-7
-5
-6
-9
-7
-3
-2
1
1
2
3
2
3
8
8
9
8
7
10
6
5
5
5
7
5
9
2
-2
-5
-8
-2
-3
-1
0
-3
-5
-6
-3
-10
-13
-10
-13
-8
-10
-9
-3
-11
-10
-10
-17
-16
-14
-14
-16
-14
-13
-17
-19
-18
-17
-19
-17
-13
-13
-12
-13
-11
-12
-14
-17
-23
-22
-21
-20
-17
-17
-16
-5
-8
-16
-14
-9
-7
-8
-6
-9
-9
-9
-4
-3
-4
-4
-4
-6
-6
2
2
1
-3
0
8
6
5
6
1
4
10
6
4
1
4
12
12
7
8
9
3
6
11
9
9
12
11
8
9
9
2
-1
-3
0
-1
-1
2
5
3
-6
0
-2
-6
-4
-4
-1
-3
-2
-2
-7
-13
-13
-11
-16
-13
-8
-5
-10
-14
-13
-18
-15
-18
-20
-18
-26
-17
-14
-17
-17
-16
-20
-30
-27
-26
-29
-23
-17
-18
-24
-22
-18
-26
-30
-24
-23
-23
-21
-22
-24
-24
-24
-24
-24
-23
-23
-18
-21
-25
-17
-17
-19
-15
-8
-15
-16
-12
-15
-8
-4
-1
1
-2
2
2
-2
-3
-2
-1
-5
-6
3
0
-2
4
6
5
6
6
12
10
7
12
9
9
10
14
13
11
13
13
20
13
9
10
11
16
19
17
16
18
11
10
4
4
7
4
10
11
6
6
7
7
-4
-6
2
2
2
5
6
2
-2
-4
0
-4
-7
-2
-12
-8
-14
-13
-6
-10
-5
-7
-10
-12
-11
-6
-14
-12
-6
-15
-12
-7
-7
-7
-9
-4
-4
-7
-5
-3
-2
-4
1
7
3
5
-1
-4
-5
-11
-9
-5
-5
-3
-2
1
1
-7
-5
-10
-12
-14
-11
-5
-4
-1
-8
-7
-4
-1
-3
-10
-7
-1
2
1
1
2
4
3
3
6
4
6
4
-1
-1
-3
0
-1
-2
1
-1
0
4
4
4
0
5
2
5
10
6
7
3
6
11
10
6
9
9
2
8
6
4
8
7
12
13
9
10
4
3
6
3
5
4
-1
0
1
2
-2
-2
1
-8
-4
-3
-9
1
0
2
4
0
2
2
4
6
1
-3
-1
0
1
0
4
3
4
10
6
3
1
2
5
1
0
2
1
0
1
8
5
5
15
11
10
10
7
3
0
1
2
-1
-4
5
9
8
7
7
3
1
3
2
3
6
8
6
-1
3
2
-1
1
4
4
8
10
9
12
3
0
0
-2
-3
-6
-3
-5
-2
4
-4
-3
-4
-4
-6
-9
-6
-1
-7
-16
-11
-13
-10
-13
-12
-10
-13
-13
-9
-5
-15
-12
-10
-10
-7
-4
-5
-5
-3
-6
-8
-7
-7
-4
-5
-8
-3
-5
-10
-6
-6
-6
-10
-9
-9
-11
-9
-12
-10
-13
-16
-8
-7
-8
-10
-10
-11
-11
-9
-10
-10
-11
-8
-8
-12
-10
-6
-4
-5
-6
-5
-9
-8
0
0
-1
-4
-1
1
-3
4
5
2
2
4
5
-1
3
4
4
0
3
7
0
-2
1
5
2
0
2
0
-4
-6
0
0
-2
-4
-3
-8
-13
-5
-6
-12
-17
-7
-4
-12
-8
-13
-15
-16
-13
-16
-19
-18
-7
-9
-16
-11
-16
-16
-18
-9
-5
-11
-10
-9
-10
-14
-9
-9
-9
-10
-8
-8
-11
-7
-2
-13
-9
-6
-4
2
-4
-2
-3
-2
0
0
-3
-8
-7
-8
-11
-12
-9
-8
-14
-13
-11
-9
-6
-10
-13
-14
-21
-21
-21
-22
-19
-19
-21
-19
-19
-16
-24
-26
-15
-16
-17
-19
-14
-13
-16
-8
-8
-19
-22
-13
-11
-10
-7
-10
-13
-17
-11
-15
-18
-18
-13
-6
-9
-12
-15
-14
-18
-17
-7
-8
-10
-4
-8
-13
-11
-1
-9
-18
-5
-6
-9
-11
-4
-4
-12
-4
-3
-9
-13
1
3
-3
-1
4
7
4
6
12
6
4
20
17
9
9
20
19
15
25
30
17
12
27
28
15
13
22
16
13
14
15
16
5
14
21
11
9
16
15
6
9
17
10
0
2
9
4
-5
9
7
-7
-1
1
-7
-9
-3
1
-7
-7
-2
-5
-13
-12
-3
-13
-14
-8
-11
-9
-13
-4
-7
-18
-14
-9
-12
-16
-10
-6
-16
-15
-13
-10
-10
-8
-4
-9
-17
-14
-1
-10
-12
1
3
-14
-13
3
-6
-12
1
13
-3
-4
1
-2
-4
-8
2
0
-13
-8
-1
-4
-12
-1
9
-7
-7
6
10
-9
-1
17
2
0
6
8
-2
0
12
5
-2
0
4
3
0
2
14
3
-5
-2
4
-2
-8
9
7
-13
-11
0
-7
-5
3
4
-4
-7
4
0
-6
2
7
3
-8
-2
-2
-6
-4
3
5
-6
-7
-5
-7
-10
-1
3
-4
-8
-5
0
-3
-3
5
6
0
-6
2
2
-2
8
7
6
3
-5
2
2
2
4
5
0
-4
2
-2
-3
-1
1
4
-3
-4
-6
-4
-3
-2
4
2
1
-5
-2
-5
-7
1
0
2
-2
-4
-1
0
-2
-6
-9
-12
-14
-11
-10
-8
-9
-10
-7
-8
-7
-5
-7
-8
-7
-4
-7
-7
-3
-2
-4
-7
-4
0
-3
-6
-3
-3
-3
-5
-9
-11
-11
-5
-5
-5
-7
-3
2
4
5
5
7
2
4
1
-4
-2
-1
4
-1
4
4
4
5
7
11
11
16
10
4
5
-2
-3
-3
-6
-3
-5
-2
-4
-8
-3
-5
1
0
-3
-2
1
5
5
8
9
10
5
13
13
12
15
17
20
19
26
33
29
30
32
31
36
37
42
39
39
43
46
48
45
48
51
54
53
53
49
49
44
40
40
37
37
32
31
28
26
23
23
29
23
14
17
12
7
9
5
3
5
2
-2
3
-3
-3
-7
-5
-1
-7
-2
-3
-3
-3
-8
-8
-6
-5
0
0
-1
6
0
2
2
3
7
7
9
9
10
12
19
23
27
26
19
22
20
17
18
22
25
26
22
26
28
28
29
33
31
27
29
26
28
25
25
25
21
17
12
16
13
12
13
5
0
0
-6
-12
-13
-12
-23
-25
-26
-31
-31
-34
-35
-39
-41
-45
-47
-49
-48
-47
-47
-48
-50
-50
-47
-46
-47
-44
-38
-34
-31
-27
-27
-22
-17
-15
-8
-10
-6
-3
-5
3
3
-2
2
-1
2
5
4
4
7
9
5
5
4
4
4
8
5
3
0
-1
2
8
10
9
6
4
9
11
19
15
21
24
24
23
15
22
19
21
20
13
4
1
1
-4
-6
-14
-24
-34
-41
-52
-64
-67
-71
-80
-85
-91
-95
-98
-99
-95
-93
-95
-99
-100
-98
-90
-84
-81
-77
-73
-67
-60
-49
-39
-23
-8
2
4
6
15
23
27
31
36
40
39
46
49
47
54
51
53
50
46
48
45
44
47
38
31
33
35
37
35
36
38
39
42
47
57
57
56
62
56
50
50
54
49
47
51
49
47
43
37
36
33
21
15
3
-12
-23
-38
-46
-57
-67
-71
-91
-103
-111
-118
-119
-125
-129
-137
-140
-137
-136
-130
-128
-119
-112
-109
-105
-87
-72
-60
-49
-37
-25
-17
-6
6
22
33
42
45
48
49
51
57
58
62
62
60
60
60
60
63
64
56
52
45
37
30
28
28
26
34
32
36
39
42
52
62
72
71
71
76
86
92
92
97
96
94
92
92
91
89
84
78
72
61
44
24
6
-12
-33
-61
-86
-116
-142
-155
-172
-188
-199
-208
-222
-230
-229
-230
-229
-220
-218
-221
-214
-205
-186
-166
-148
-122
-93
-69
-45
-13
24
51
72
87
95
101
111
127
130
127
133
139
141
140
147
151
157
155
146
137
122
114
107
98
82
66
60
51
57
71
86
110
123
145
171
186
209
232
250
255
251
254
254
258
263
270
265
262
265
255
240
220
198
151
90
19
-58
-136
-220
-293
-369
-444
-513
-575
-619
-657
-683
-698
-712
-731
-748
-759
-772
-778
-761
-741
-726
-696
-647
-582
-501
-399
-290
-188
-91
2
101
184
252
313
365
388
397
421
439
458
486
515
535
547
571
592
598
600
597
570
534
482
429
388
345
314
297
284
262
267
316
357
397
457
503
530
544
566
576
575
577
573
561
536
530
539
554
549
541
525
473
400
316
228
97
-58
-219
-411
-614
-790
-940
-1082
-1210
-1302
-1392
-1464
-1514
-1545
-1549
-1569
-1588
-1594
-1611
-1632
-1621
-1567
-1497
-1433
-1319
-1187
-1056
-873
-656
-443
-246
-48
133
275
392
496
601
687
729
768
808
832
865
929
1006
1048
1080
1128
1137
1117
1104
1094
1040
968
902
801
708
651
619
606
612
614
636
679
726
776
845
902
897
913
908
880
866
866
861
831
814
804
776
765
751
718
676
573
437
273
91
-118
-336
-548
-801
-1062
-1275
-1476
-1656
-1784
-1877
-1972
-2063
-2105
-2167
-2196
-2183
-2190
-2183
-2170
-2168
-2136
-2070
-1956
-1840
-1686
-1477
-1311
-1099
-870
-637
-401
-178
44
207
350
486
582
704
806
881
981
1043
1099
1160
1246
1321
1359
1434
1460
1429
1422
1395
1364
1297
1246
1188
1095
1057
1002
989
1007
1002
1027
1055
1070
1080
1104
1166
1156
1157
1176
1114
1074
1050
1038
1009
974
971
929
871
836
762
695
585
444
298
88
-133
-382
-598
-829
-1100
-1302
-1521
-1759
-1915
-2050
-2151
-2268
-2321
-2366
-2455
-2469
-2490
-2490
-2474
-2471
-2415
-2361
-2290
-2179
-2052
-1848
-1700
-1505
-1272
-1092
-889
-679
-458
-300
-159
18
113
210
362
456
579
674
789
893
983
1101
1182
1294
1374
1386
1446
1471
1438
1433
1409
1394
1318
1328
1319
1260
1280
1297
1313
1350
1379
1398
1403
1416
1428
1401
1432
1381
1351
1344
1306
1284
1285
1309
1298
1298
1330
1306
1277
1295
1216
1146
1036
904
716
525
337
79
-142
-364
-632
-877
-1108
-1353
-1569
-1771
-1944
-2171
-2330
-2508
-2698
-2817
-2947
-3085
-3182
-3242
-3322
-3361
-3305
-3266
-3221
-3047
-2921
-2773
-2586
-2354
-2152
-1933
-1684
-1484
-1245
-1000
-802
-570
-314
-114
140
401
656
848
1139
1403
1568
1788
2010
2122
2212
2330
2378
2370
2364
2363
2270
2233
2142
2067
2014
1931
1825
1753
1697
1552
1431
1370
1207
1002
925
751
564
414
355
215
124
160
154
182
266
379
512
670
814
997
1154
1311
1381
1555
1670
1678
1767
1824
1789
1725
1735
1667
1498
1376
1237
951
713
425
133
-218
-592
-950
-1347
-1710
-2121
-2466
-2753
-3122
-3423
-3596
-3823
-4012
-4124
-4140
-4251
-4271
-4170
-4166
-4111
-4005
-3866
-3748
-3608
-3406
-3220
-3011
-2759
-2531
-2170
-1886
-1591
-1187
-827
-492
-152
294
626
877
1256
1564
1764
2065
2343
2599
2780
3053
3309
3445
3667
3800
3917
3985
3959
3949
3860
3668
3458
3211
2987
2608
2293
2014
1593
1265
946
643
310
0
-214
-501
-751
-877
-1021
-1086
-1180
-1137
-1030
-995
-800
-584
-349
-141
124
463
675
921
1251
1456
1667
1870
2069
2195
2248
2345
2339
2284
2164
1996
1832
1528
1175
896
555
149
-266
-558
-951
-1382
-1613
-1909
-2258
-2526
-2732
-2995
-3283
-3443
-3609
-3838
-3982
-4133
-4205
-4296
-4368
-4329
-4288
-4268
-4258
-4085
-3929
-3902
-3717
-3509
-3441
-3278
-3036
-2763
-2612
-2313
-1945
-1676
-1252
-813
-318
168
606
1176
1753
2270
2773
3253
3798
4047
4371
4782
4939
5083
5200
5288
5221
5162
5208
5020
4763
4599
4234
3915
3439
2983
2491
1824
1242
606
119
-453
-1071
-1358
-1672
-2024
-2089
-2103
-2031
-2064
-1835
-1564
-1506
-1148
-868
-653
-403
-122
274
571
910
1388
1719
2169
2474
2877
3306
3403
3565
3625
3579
3384
3113
2888
2404
1854
1496
933
486
18
-382
-815
-1321
-1553
-1907
-2269
-2651
-3045
-3374
-3813
-4261
-4520
-4916
-5278
-5632
-5783
-5896
-6102
-5998
-5954
-5904
-5750
-5517
-5315
-5148
-4874
-4602
-4500
-4175
-3865
-3522
-3126
-2770
-2171
-1570
-877
-206
623
1539
2196
2920
3788
4379
4940
5373
5745
5923
6059
6307
6167
6191
6215
6032
5853
5704
5559
5274
4802
4423
3819
3250
2575
1655
1027
151
-738
-1493
-2080
-2576
-3107
-3316
-3387
-3536
-3244
-2969
-2748
-2327
-1977
-1498
-1215
-743
-265
20
469
829
1253
1859
2260
2794
3329
3799
4256
4557
5016
5127
5137
5153
4811
4450
4083
3519
2902
2156
1575
896
182
-251
-868
-1342
-1858
-2387
-2753
-3163
-3625
-4137
-4689
-5093
-5644
-6031
-6303
-6795
-6997
-7182
-7226
-7182
-6997
-6726
-6669
-6435
-5983
-5744
-5436
-5164
-4945
-4641
-4398
-3945
-3599
-3072
-2454
-1950
-1098
-122
731
1666
2527
3489
4317
5070
5784
6114
6663
6990
7038
7219
7376
7392
7269
7192
7253
6953
6769
6531
6011
5669
4940
4169
3303
2421
1490
337
-599
-1521
-2534
-3110
-3733
-4190
-4337
-4546
-4447
-4347
-3864
-3491
-3258
-2689
-2292
-1792
-1150
-768
-252
219
800
1451
1979
2790
3232
3795
4478
4914
5447
5718
5739
5743
5581
5415
4849
4257
3696
2758
2138
1427
651
-81
-754
-1303
-1891
-2358
-2759
-3362
-3800
-4308
-4842
-5200
-5779
-6332
-6892
-7128
-7464
-7787
-7831
-7854
-7805
-7613
-7296
-7004
-6709
-6341
-6068
-5789
-5319
-5157
-4909
-4629
-4163
-3623
-3183
-2455
-1739
-690
424
1252
2393
3527
4531
5440
6097
6999
7451
7746
8006
8091
8506
8443
8160
8157
8098
8103
7719
7344
7205
6511
5891
5008
4245
3480
1992
718
-324
-1258
-2324
-3583
-4314
-4855
-5358
-5448
-5644
-5440
-5210
-5008
-4453
-3882
-3136
-2707
-2227
-1519
-867
-54
649
1153
1874
2709
3553
4190
4885
5672
6141
6579
6908
7147
7210
6949
6470
5973
5510
4756
3758
2906
2074
1216
342
-429
-1137
-1857
-2477
-3160
-3670
-4203
-4891
-5547
-6127
-6649
-7257
-7887
-8345
-8779
-8958
-9064
-9211
-9075
-8944
-8546
-8185
-7801
-7369
-7069
-6561
-6222
-5865
-5387
-5129
-4678
-4085
-3457
-2630
-1828
-635
378
1390
2815
3956
5228
6124
6811
7729
8356
8893
8902
9005
9363
9093
9003
8977
8804
8601
8037
7805
7539
6930
6168
4943
4284
3422
1893
625
-633
-1635
-2947
-4126
-4728
-5460
-5854
-6160
-6342
-5931
-5641
-5244
-4769
-4187
-3247
-2709
-1972
-1220
-550
400
1073
1874
2705
3520
4447
5039
5862
6705
7192
7666
7848
8082
8114
7784
7370
6598
5978
5242
4119
3136
2110
1220
230
-749
-1411
-2224
-2972
-3731
-4386
-4840
-5541
-6305
-6959
-7592
-8069
-8659
-9104
-9505
-9796
-9703
-9784
-9601
-9309
-8922
-8492
-8161
-7627
-7127
-6719
-6439
-6241
-5723
-5219
-4979
-4398
-3749
-3018
-2176
-980
304
1181
2440
3739
4870
6014
6744
7444
8086
8610
8862
8833
9207
9192
8944
9051
9009
8827
8556
8202
7924
7370
6764
5769
4663
4009
2539
1067
-91
-1166
-2366
-3739
-4468
-5019
-5544
-5789
-6080
-5904
-5341
-5137
-4649
-4152
-3387
-2705
-2147
-1259
-692
111
968
1583
2529
3477
4263
5006
5672
6679
7213
7617
7987
7984
8138
7860
7321
6738
6003
5204
4099
3045
2230
1121
183
-794
-1743
-2341
-3098
-3877
-4668
-5205
-5717
-6618
-7233
-7686
-8336
-8860
-9352
-9666
-9840
-9865
-9869
-9900
-9509
-9000
-8767
-8443
-7886
-7414
-7000
-6686
-6326
-5883
-5380
-4929
-4459
-3632
-2835
-2049
-934
441
1477
2475
3801
5034
6123
6849
7653
8314
8904
9176
9237
9588
9766
9673
9423
9415
9263
9071
8548
8069
7529
6798
5787
4636
3863
2538
1001
-312
-1259
-2409
-3608
-4557
-5106
-5474
-5710
-5889
-5801
-5242
-4893
-4466
-3863
-3064
-2346
-1589
-928
-261
576
1647
2246
2896
3921
4751
5417
5988
6849
7363
7737
7846
7845
7766
7587
6857
6065
5344
4413
3330
2109
1234
149
-754
-1740
-2695
-3331
-3886
-4704
-5443
-5992
-6424
-7120
-7834
-8246
-8867
-9207
-9664
-9973
-10061
-10052
-9885
-9732
-9529
-8951
-8501
-8084
-7731
-7430
-6714
-6583
-6345
-5967
-5547
-4860
-4478
-3857
-3003
-1910
-496
470
1503
2941
4105
5358
6282
6951
7929
8412
8856
8945
9341
9922
9424
9442
9761
9783
9539
9081
8887
8632
7847
6983
5809
5039
4119
2143
887
-88
-1209
-2564
-3764
-4223
-4651
-5030
-5183
-5367
-4829
-4355
-4231
-3633
-2938
-2295
-1774
-1083
-331
318
1052
1942
2477
3519
4470
5105
5806
6502
7325
7730
7991
8011
8027
7839
7381
6530
5897
5035
3870
2836
1834
946
-116
-989
-1897
-2710
-3284
-3864
-4658
-5320
-5975
-6495
-7210
-7945
-8525
-9092
-9486
-10001
-10267
-10218
-10168
-10112
-9864
-9473
-8761
-8441
-8071
-7708
-7315
-6765
-6808
-6658
-6402
-6140
-5702
-5423
-4765
-3851
-3063
-1768
-590
719
2100
3168
4572
5671
6449
7247
7577
8167
8457
8483
8862
8693
8991
9092
8983
9143
9025
9059
8818
8224
7818
6895
5913
4995
3441
2273
844
-375
-1463
-2776
-3358
-3984
-4321
-4339
-4567
-4104
-3690
-3396
-2781
-2324
-1627
-1351
-878
-3
364
858
1593
2326
3192
3744
4622
5498
6224
7182
7439
8008
8352
8164
7987
7570
7165
6201
5059
4357
3211
2043
1072
-46
-667
-1495
-2294
-2934
-3551
-3848
-4769
-5493
-5702
-6534
-7309
-8122
-8633
-8946
-9734
-10028
-10236
-10223
-9983
-10003
-9471
-8819
-8540
-8066
-7816
-7307
-6982
-7157
-7009
-7032
-6925
-6996
-6923
-6316
-5984
-5248
-3808
-2508
-1257
85
1769
3276
4639
5911
6545
7314
8077
8366
8370
8676
8899
8829
9022
9415
9424
9723
9953
9729
9713
9503
8950
7671
6911
5864
3864
2377
1044
-508
-2037
-3348
-4009
-4561
-5020
-5085
-5149
-4436
-4135
-3918
-3019
-2543
-2182
-1693
-1047
-515
-411
351
1263
1721
2691
3513
4692
5685
6391
7571
8363
8824
8980
9085
9249
8523
7559
6893
5788
4666
3310
2282
1430
196
-736
-1529
-2070
-2680
-3521
-4009
-4696
-5488
-6127
-7004
-7721
-8623
-9278
-9840
-10443
-10627
-10815
-10675
-10369
-10043
-9481
-8906
-8311
-7774
-7401
-6914
-6809
-6697
-6721
-6895
-6807
-7036
-6803
-6607
-6257
-5269
-4392
-3265
-2100
-543
1172
2125
3564
4792
5452
6311
6651
7081
7236
7495
7796
7562
8182
8565
8542
9347
9619
9805
9923
9772
9768
8816
8373
7186
5408
4644
3001
1288
62
-989
-1799
-2907
-3180
-3072
-3416
-2836
-2788
-2484
-1733
-1662
-1192
-997
-721
-604
-549
309
512
632
1789
2346
3193
4137
5200
6306
6618
7551
8041
8067
8064
7490
6969
6336
5018
4011
2949
2007
862
-394
-763
-1680
-2374
-2723
-3275
-3857
-4486
-4908
-5497
-6456
-6914
-7632
-8503
-8923
-9451
-9764
-9984
-9873
-9570
-9250
-8823
-8179
-7593
-6850
-6520
-6199
-5786
-5934
-6159
-6274
-6521
-7207
-7539
-7559
-7365
-7369
-6667
-5510
-4136
-2661
-1529
257
1980
3182
4338
5294
5878
6130
6381
6984
6689
7024
7668
7806
8380
9069
9878
10513
10940
11454
11628
11299
10926
9614
8876
7390
5325
3919
2406
906
-804
-1754
-2314
-2986
-3138
-2955
-3266
-2826
-2609
-2362
-2187
-2188
-1897
-2002
-1991
-1856
-1605
-1107
-686
-400
937
1799
2840
3877
5054
6140
6588
7284
7528
7444
6984
6391
5435
4524
3348
2478
1274
220
-532
-1087
-1446
-2126
-2319
-2605
-3003
-3544
-3993
-4481
-5158
-6165
-6942
-7730
-8318
-9017
-9455
-9459
-9475
-9229
-8862
-8212
-7675
-7000
-6383
-5927
-5860
-5638
-5743
-6079
-6545
-6934
-7395
-7821
-7793
-7580
-6925
-5912
-4264
-3054
-1530
363
2080
3701
4851
5561
6222
6614
7147
6861
6944
7792
7623
7960
8397
9379
10198
10674
11341
11751
11932
11995
10958
10277
9378
7296
5567
3633
2391
401
-1394
-2382
-3265
-3613
-3858
-4343
-3961
-3556
-3399
-3281
-3240
-2503
-2697
-2707
-2722
-2449
-1977
-1683
-1398
-609
452
1477
2601
3884
5357
6071
7010
7593
8022
8064
7710
6964
6022
5173
4293
2987
1777
1013
249
-334
-1166
-1440
-1767
-2214
-2761
-3153
-3524
-4109
-5100
-5894
-6698
-7600
-8301
-9006
-9255
-9720
-9725
-9594
-9370
-8869
-8047
-7595
-7119
-6804
-6352
-6175
-6507
-6534
-7086
-7362
-7923
-8287
-8171
-7877
-7439
-6039
-4547
-3304
-1904
71
2158
3302
4518
5437
6025
6502
6918
6760
7256
7626
7911
8183
8720
9662
10320
11223
11677
11947
12242
12247
11135
10696
9497
7560
5541
3919
2702
457
-1119
-2155
-2946
-3317
-3662
-4096
-3466
-3372
-3234
-3213
-2826
-2297
-2728
-2416
-2512
-2462
-1887
-1483
-1240
-348
676
1731
2517
4113
5581
6197
7158
7629
8053
8105
7661
6853
6086
5310
4328
2919
2139
1205
286
-370
-1120
-1373
-1764
-2203
-2866
-3305
-3689
-4333
-5330
-5947
-6841
-7680
-8690
-9517
-9732
-10036
-10224
-10395
-9989
-9393
-8833
-8488
-7904
-7668
-7203
-7165
-7430
-7500
-7820
-8277
-8762
-8610
-8293
-7991
-7217
-5352
-4184
-2923
-1076
879
2790
3830
4725
5699
6258
7083
7083
7306
8201
7974
8573
8932
9637
10451
10993
11740
11893
11994
12284
11352
10576
10066
8232
6561
4448
3273
1513
-505
-1631
-2541
-3007
-3447
-4051
-3912
-3420
-3521
-3277
-3106
-2501
-2567
-2426
-2234
-2244
-1895
-1181
-797
-324
1012
1945
2803
3823
5446
6505
7165
7807
8356
8382
8168
7438
6760
6214
5040
3840
2851
2019
964
218
-557
-1070
-1788
-1927
-2598
-3460
-3761
-4385
-5195
-6180
-6795
-7546
-8527
-9593
-9917
-10255
-10408
-10589
-10461
-9880
-9536
-9163
-8438
-7948
-7744
-7517
-7832
-7898
-8304
-8582
-8907
-9378
-9016
-8481
-7724
-6082
-4995
-3477
-1568
129
2522
3708
4788
5658
6208
7338
7195
7696
8714
8366
8907
9286
10153
11152
11605
12770
12913
13138
13501
12637
12164
11248
9345
7774
5592
4189
2129
121
-1130
-2644
-2868
-3495
-4192
-4136
-3928
-3847
-3988
-3683
-3000
-3271
-3220
-3135
-3175
-2624
-2297
-1710
-1137
-195
1132
1885
3224
4756
5726
6983
7303
8052
8499
8069
7564
6681
6308
5362
3833
3088
2173
970
406
-486
-803
-1410
-1935
-2249
-3255
-3607
-4219
-5188
-5987
-7009
-7726
-8561
-9650
-10093
-10479
-10613
-10845
-10810
-10156
-9763
-9486
-8947
-8494
-8199
-8143
-8267
-8249
-8778
-9004
-9187
-9596
-9394
-8982
-7695
-6324
-5389
-3457
-1592
147
2132
3651
4986
5651
6368
7660
7535
8072
8844
8764
9566
9818
10849
11663
12266
13255
13478
13931
14144
13260
12882
11996
9932
8245
6227
4639
2365
462
-821
-2309
-3033
-3498
-4225
-4383
-4224
-4121
-4093
-4128
-3552
-3634
-3583
-3618
-3289
-2853
-2518
-2123
-1400
-288
761
1918
3165
4761
5748
6908
7530
8221
8711
8558
8112
7328
6815
5984
4643
3618
2846
1912
1041
100
-267
-794
-1496
-2072
-2588
-3120
-3747
-4956
-5816
-6754
-7709
-8532
-9536
-9810
-10381
-10597
-10670
-10575
-10165
-9622
-9266
-8774
-8540
-8125
-8034
-8387
-8293
-8651
-8820
-9189
-9461
-9371
-9258
-8332
-6845
-5841
-4273
-2711
-726
778
2428
3918
4478
5343
6073
6834
6918
7729
7998
8487
9127
10130
10727
11633
12725
13001
13549
13552
13746
12731
12182
10724
8745
7003
5329
3291
1332
-153
-1622
-2602
-3394
-3648
-4476
-4348
-4360
-4371
-4464
-4119
-4110
-4090
-3893
-3808
-3271
-3068
-2302
-1962
-794
328
1366
2651
4196
5380
6397
7392
8141
8594
8729
8622
7910
7435
6697
5791
4435
3765
2805
1819
972
262
-309
-1008
-1694
-2430
-2990
-3677
-4377
-5733
-6426
-7414
-8328
-9202
-9908
-10246
-10536
-10772
-10707
-10438
-10008
-9419
-9272
-8569
-8364
-8041
-8218
-8401
-8498
-8589
-9042
-9320
-9123
-9165
-8536
-7510
-5747
-4717
-3315
-1157
582
2131
3820
4684
5551
6182
6983
7402
7635
8662
8512
9162
10063
10836
11501
12612
13311
13665
13683
13903
13440
12293
11766
9514
7841
5953
4118
2259
260
-1113
-2286
-3171
-3516
-4213
-4509
-4164
-4545
-4239
-4229
-3892
-3861
-3774
-3633
-3298
-3006
-2512
-1910
-1081
182
825
2380
3558
4852
5909
6983
7755
8189
8544
8447
7923
7268
6628
5644
4707
3533
2743
1701
926
-37
-674
-1155
-2008
-2710
-3313
-4032
-4717
-5810
-6785
-7428
-8575
-9349
-10345
-10474
-10778
-11261
-11153
-10967
-10706
-10145
-9851
-9357
-8839
-8625
-8424
-8737
-8461
-8922
-9152
-9272
-9320
-9290
-9134
-8158
-6807
-5319
-4041
-2578
-378
1529
2950
4443
5277
6246
6685
7506
7737
8283
9074
9302
9782
10660
11578
12238
13332
13804
14408
14226
14384
13492
12605
11782
9463
7530
5963
4380
2291
287
-949
-1576
-2637
-2960
-3744
-3581
-3377
-3915
-3917
-3648
-3289
-3479
-3624
-3437
-2808
-2894
-2250
-1824
-703
442
1127
2556
3774
5150
6130
6821
7505
8167
8316
8067
7289
6884
6220
5280
4174
3255
2600
1693
712
-135
-408
-1138
-2072
-2914
-3389
-4161
-5148
-6353
-7237
-8020
-9114
-10245
-10991
-11055
-11519
-11869
-11641
-11129
-10907
-10494
-9976
-9358
-9072
-8760
-8815
-8856
-8909
-9346
-9497
-9877
-9546
-9696
-9284
-7973
-6410
-4774
-3604
-1876
238
1915
3717
4837
5405
6393
6839
7280
7267
8150
8917
8981
9774
10767
11579
12686
13505
14028
14499
14511
14469
13158
12634
11093
8710
7020
5240
3588
1497
-29
-1067
-1975
-2604
-3046
-3683
-3312
-3531
-3728
-3666
-3393
-3150
-3567
-3441
-3312
-2837
-2373
-1878
-1242
-20
1006
2196
3376
4885
5991
6837
7928
8375
8834
8662
8333
7620
7048
6314
5279
4244
3663
2672
1668
977
305
-257
-1191
-1741
-2675
-3367
-4187
-5354
-6568
-7672
-8680
-9730
-10576
-11095
-11839
-12086
-11978
-11880
-11576
-11258
-10423
-10078
-9701
-9508
-9292
-9270
-9610
-10055
-10128
-10324
-10558
-10670
-10555
-9369
-7954
-5981
-4835
-3069
-558
1262
3079
4249
5223
6188
6697
7202
6997
7636
8584
8414
9106
10106
11114
12072
13165
14042
14509
14686
14802
13761
12951
11782
9293
7464
5590
3905
1738
-64
-1272
-2115
-2607
-3060
-3763
-3386
-3161
-3631
-3579
-3465
-3034
-3484
-3549
-3438
-3115
-2694
-2413
-1813
-458
759
1739
3360
5026
6562
7339
8291
9163
9693
9787
9212
8492
8127
7301
6139
5046
4359
3826
2888
1988
1337
966
184
-824
-1860
-2411
-3363
-4672
-6105
-7296
-8390
-9639
-10762
-11477
-11781
-12322
-12593
-12673
-12324
-11934
-11455
-11076
-10594
-10236
-9816
-9877
-9946
-10151
-10619
-10654
-11016
-10937
-10885
-10165
-8919
-7108
-5412
-4105
-2177
411
2395
3784
4671
5691
6584
7039
7417
7035
8133
8583
9005
9648
10689
11871
12632
13700
14483
14889
14979
14743
13371
12796
10816
8682
6541
4839
3334
925
-474
-1562
-2193
-2611
-3332
-3766
-3221
-3427
-3504
-3915
-3443
-3410
-3809
-3656
-3652
-3052
-2692
-2191
-1699
-174
1060
2294
3603
5375
6604
7520
8517
9087
9538
9495
9217
8319
8039
7289
6161
5209
4681
3713
2703
1902
1263
545
-426
-1267
-2536
-3097
-4070
-5557
-6857
-7948
-8995
-10103
-11157
-11811
-12282
-12618
-12919
-13175
-12766
-12211
-12002
-11527
-11122
-10732
-10066
-10283
-10503
-10625
-10544
-10847
-11334
-10771
-9993
-8959
-7233
-5621
-4246
-2006
250
2236
4083
5246
6370
6855
8030
8360
7962
9064
9254
9773
10296
11238
12010
12638
13787
14376
14615
14995
14724
13604
12865
10745
8770
6668
4974
2946
729
-656
-2218
-3041
-3498
-4193
-4662
-4361
-4388
-4338
-4507
-4079
-4264
-4273
-3906
-3854
-3185
-2767
-2292
-1493
-235
1046
2138
3702
5525
6478
7835
8725
9461
9801
9961
9715
8905
8502
7711
6732
5717
4920
3741
2942
1905
1263
313
-415
-1373
-2623
-3174
-4644
-5930
-7142
-8179
-9348
-10734
-11658
-12300
-12959
-13155
-13636
-13594
-13074
-12703
-12225
-11708
-11234
-11051
-10626
-10436
-10311
-10458
-10318
-10723
-10963
-10261
-9163
-7917
-6411
-4822
-3091
-588
1280
3248
4504
5874
7063
7609
8753
8768
8974
9585
9717
10158
10876
11609
12445
12864
13603
14163
14149
14515
13719
12816
11744
9726
7822
5905
3854
1810
-194
-1483
-2639
-3810
-3927
-4552
-4651
-4548
-4489
-4221
-4217
-3941
-4003
-3900
-3726
-3333
-3195
-2671
-2012
-1244
102
1153
2512
3944
5533
7131
7805
8749
9689
10023
9940
9230
8756
8012
7179
6257
5156
4244
3614
2518
1683
1002
352
-384
-1536
-2005
-3249
-4319
-5725
-7252
-8313
-9627
-10831
-12045
-12829
-12993
-13534
-13868
-13568
-13219
-12272
-12062
-11604
-11156
-10785
-10745
-11097
-10889
-10831
-11126
-11329
-10975
-10028
-8417
-6908
-5594
-3780
-805
1255
3150
4630
6212
7438
8066
9214
9184
9898
10260
9930
10183
11121
11572
12081
12589
13592
14020
13985
14581
13677
13260
12083
10019
8144
6398
4425
2118
-245
-1670
-2897
-3990
-4647
-5660
-5249
-5025
-5167
-5066
-4720
-4335
-4247
-4307
-4016
-3536
-3036
-2814
-2496
-1425
-325
576
1959
3654
4868
6618
7605
8576
9280
10043
10204
9364
9196
8669
7862
6703
5758
4807
4144
3097
2180
1411
898
89
-1195
-1808
-2762
-3865
-5388
-6775
-7983
-9320
-10600
-11728
-12789
-13389
-13899
-14063
-14111
-13969
-13145
-12685
-12203
-11895
-11212
-10993
-11137
-11061
-10960
-10874
-11211
-11014
-10231
-8751
-7273
-5972
-4270
-1645
577
2700
4591
5885
7463
8120
9669
9941
10323
11063
10680
11150
11249
11937
12370
12592
13365
13875
13779
14022
13398
13131
12196
10031
8611
6643
5078
2729
357
-1099
-2533
-3634
-4347
-5418
-5369
-5478
-5413
-5010
-5053
-4445
-4381
-3962
-3945
-3677
-3019
-2609
-2427
-1677
-607
467
1583
3055
4504
5845
7172
8118
9277
9868
10366
9937
9616
9101
8219
7239
6235
5130
4208
3368
2429
1658
735
278
-805
-1448
-2144
-3077
-4415
-5883
-7175
-8431
-9931
-11335
-12447
-13242
-13791
-14428
-14415
-14376
-13778
-13437
-12518
-11856
-11326
-10819
-10944
-10699
-10869
-10956
-11146
-11395
-10896
-10035
-8628
-6947
-5918
-3793
-1127
1056
3359
4955
6750
7935
8709
10162
9978
10765
11012
10768
11252
11262
12021
12099
12621
13304
13407
13561
13821
12942
12771
11434
9479
7848
5895
4529
1626
-315
-1725
-3163
-4031
-5162
-5958
-5721
-5978
-5651
-5479
-4987
-4445
-4594
-3836
-3669
-3110
-2404
-2191
-1613
-562
360
1576
2544
4512
5630
7039
8496
9160
10482
10928
11120
10461
10435
10114
8919
7629
6840
5506
4548
3517
2490
1782
715
115
-1067
-1713
-2527
-3988
-5199
-6252
-7645
-8829
-10622
-11688
-12821
-13596
-14060
-14688
-14532
-14424
-13924
-13507
-12875
-12357
-11573
-11590
-11360
-11069
-10809
-11016
-11276
-11090
-10909
-10080
-8695
-6989
-5927
-3806
-1577
587
2740
4476
6050
7269
8493
9568
9740
10650
10934
10601
11085
11479
11871
11898
12632
13058
13196
13215
13400
12582
12196
11298
9296
7605
5735
4100
1692
-288
-1959
-3247
-4226
-5003
-6004
-5995
-5930
-5961
-5750
-5267
-4623
-4406
-3903
-3645
-2794
-2387
-1734
-1177
-20
1124
1810
3323
4815
6274
7705
8801
9992
11064
11770
11879
11242
11415
10861
9905
8607
7530
6550
5406
4183
2878
2097
1231
269
-954
-1399
-2345
-3517
-5008
-5975
-6984
-8556
-9856
-11248
-12022
-12929
-13831
-14409
-14701
-14453
-14051
-13920
-12986
-12405
-11566
-11169
-11063
-10629
-10548
-10127
-10544
-10745
-10569
-10354
-9663
-8189
-6670
-5307
-3856
-1322
822
2888
4608
5699
7303
8245
9242
9148
9890
10330
10080
10260
10656
10867
11257
11863
12019
12324
12364
12798
11758
11297
10266
8284
6657
4802
3025
921
-1061
-2633
-3944
-4822
-5229
-6332
-6057
-6085
-5928
-5630
-5225
-4561
-4556
-3945
-3531
-2815
-2341
-1781
-1188
-91
950
1902
3269
4865
6379
7746
8947
9975
10969
11585
11681
11239
11055
10312
9328
8170
7115
5929
4903
3818
2780
2113
1388
467
-560
-867
-1873
-3122
-4307
-5416
-6700
-8260
-9590
-10790
-11710
-12307
-13238
-13558
-13224
-13085
-12707
-12472
-11673
-11123
-10597
-10078
-10032
-9763
-9661
-9969
-10030
-10039
-10015
-9942
-9594
-8120
-6484
-4990
-3719
-1877
677
2811
4504
5870
6953
7911
8647
9054
9174
9678
9906
9768
10120
10601
11164
11577
12210
12653
12868
13130
12767
11884
11161
9606
7333
5533
3891
1996
-424
-2212
-3213
-4138
-4574
-5195
-5652
-5304
-5318
-5279
-5117
-4645
-4396
-4585
-4274
-3616
-3029
-2563
-1843
-1063
495
1769
3017
4487
5858
7736
8595
9456
10374
10738
10987
10322
9792
9315
8448
7608
6444
5505
4707
3537
2701
2054
1151
156
-1087
-1754
-2730
-4056
-5324
-6763
-7778
-9101
-10303
-11349
-12282
-12824
-13259
-13377
-13353
-13175
-12613
-12289
-11814
-11135
-10517
-10129
-10111
-9769
-9868
-9871
-9803
-9982
-9777
-9803
-9558
-8680
-6977
-4948
-3937
-2238
249
2193
4397
5749
6694
7403
8060
9022
8618
9111
9680
9399
9955
10452
11277
12136
12740
13425
13479
13849
13909
12475
11944
10603
8452
6586
4469
2959
686
-1033
-2191
-3221
-3294
-3775
-4389
-4134
-4276
-4158
-4065
-3881
-3597
-3968
-3664
-3776
-3279
-2432
-2130
-1493
-373
1009
2406
3713
5364
6832
8109
9352
9717
10458
10797
10347
9521
8861
8312
7199
5948
5138
4194
3320
2582
1809
1390
560
-307
-1379
-2218
-3064
-4250
-5776
-7227
-8591
-9736
-10818
-11988
-12617
-13115
-13166
-13141
-13003
-12552
-11829
-11411
-10816
-10364
-9721
-9519
-9875
-9627
-9795
-9915
-10094
-10084
-10012
-9951
-9426
-8366
-7222
-5168
-3310
-1988
-118
1753
3795
5065
6004
6478
6592
7339
7742
7415
8041
8566
8948
9667
10668
11957
12372
13248
13961
14063
14097
13442
12185
11346
9639
7517
5501
3928
2730
699
-456
-1359
-1760
-1819
-2255
-2683
-2575
-2591
-2851
-3163
-3303
-3309
-3794
-3799
-3769
-3169
-2394
-1935
-1162
505
2177
3448
4640
6222
7570
8232
8859
8956
9148
8935
8342
7351
6776
6273
5458
4660
4006
3368
2733
2364
1614
808
-109
-936
-2343
-3419
-4400
-5807
-7251
-8480
-9346
-10233
-10994
-11649
-11992
-11982
-11796
-11828
-11442
-10912
-10548
-10243
-9844
-9589
-9379
-9294
-9317
-9452
-9616
-9799
-9880
-9614
-9349
-8937
-8497
-7405
-6014
-3907
-2517
-1639
67
1844
3392
4109
4578
5027
5358
6143
6297
6467
7814
8342
9011
9973
11347
12326
12893
13724
13963
13770
13485
12400
11108
10447
8450
6535
4742
3911
2738
1100
316
-450
-409
-656
-1470
-1833
-1908
-2370
-2889
-3528
-3550
-4010
-4120
-4222
-4044
-2856
-2248
-1607
-283
1425
2648
3689
5104
6403
7003
7906
7845
7890
8148
7773
6987
6281
6123
5352
4546
4032
3488
2726
2495
1632
854
86
-739
-1865
-3188
-3938
-5086
-6317
-7535
-8476
-9225
-9814
-10532
-10846
-11017
-10972
-11033
-10823
-10580
-10255
-9877
-9750
-9515
-9276
-8718
-8994
-8950
-8812
-8774
-8823
-8621
-8320
-8210
-7742
-7246
-6524
-5100
-3176
-2476
-1867
-120
1531
2570
3336
3860
4411
4923
5923
5988
6504
8009
8473
9032
10050
11429
12097
12639
13291
13540
13200
13023
11946
11029
10342
8356
6625
5200
4472
3061
1574
835
265
-115
-500
-1453
-1713
-1858
-2569
-3083
-3555
-3386
-3788
-3717
-3387
-3071
-2030
-1275
-687
628
1959
2936
3570
4787
5964
6165
6872
7076
7127
7181
7057
6411
5852
5684
5088
4111
3536
3048
2021
1482
680
-284
-1249
-1951
-2975
-4084
-4720
-5629
-6777
-7605
-8148
-8861
-9528
-9980
-10364
-10591
-10500
-10596
-10510
-10368
-9916
-9754
-9591
-9200
-8869
-8472
-8496
-8449
-8348
-8163
-7989
-7960
-7996
-7671
-7443
-6851
-5762
-4429
-3486
-2933
-1465
187
1555
2564
3050
3810
4822
5719
6273
6696
7938
8606
9233
10063
10930
11827
12427
12902
13058
13195
12924
12305
11496
10888
9241
7686
6394
5209
4007
2424
1375
435
67
-634
-1693
-2198
-2381
-2989
-3428
-3731
-3862
-3899
-3629
-3275
-3031
-2129
-1230
-811
169
1561
2152
2946
3803
4976
5342
5942
6577
6423
6752
6747
6398
5868
5722
5158
4286
3480
2901
1875
1119
439
-719
-1614
-2388
-3131
-4037
-4516
-5218
-6094
-6836
-7158
-7735
-8449
-9020
-9534
-9742
-9923
-10132
-10196
-9962
-9710
-9456
-9125
-8558
-8149
-7699
-7497
-7547
-7500
-7310
-7459
-7623
-7839
-7952
-7995
-7797
-6558
-5653
-4661
-3877
-2559
-728
759
2029
2696
3579
4601
5478
5935
6579
7482
8159
8777
9507
10556
11380
12078
12753
13033
13454
13473
13006
12395
11600
10376
8668
7281
6141
4698
2966
1705
727
148
-583
-1525
-1976
-2474
-2773
-3214
-3621
-3695
-3802
-3641
-3749
-3482
-2438
-2081
-1634
-613
478
1463
2097
3254
4032
4721
5851
5732
6096
6589
6330
5892
5418
5530
4694
3927
3616
2598
1985
1560
616
-167
-819
-1462
-2543
-3408
-3646
-4597
-5559
-6227
-6875
-7254
-7837
-8512
-8945
-9257
-9203
-9490
-9544
-9333
-9199
-8881
-8807
-8249
-7776
-7519
-7424
-7309
-7176
-7432
-7453
-7668
-7968
-8044
-8244
-8286
-7771
-6285
-5370
-4942
-3476
-1795
-209
1179
2282
3058
3937
5175
5865
6109
7295
8075
8415
9462
10464
11368
12035
12918
13467
13624
13981
13646
12690
12226
11035
9230
7652
6338
5025
3215
1851
690
-59
-530
-1280
-2128
-2466
-2719
-3124
-3449
-3763
-3944
-4087
-4129
-3877
-3383
-3008
-2568
-1962
-814
135
939
1887
2708
3845
4691
5059
5519
5906
6082
5649
5281
5112
4487
4002
3171
2460
1909
1526
967
206
-163
-625
-1339
-1897
-2315
-2931
-3652
-4599
-5232
-5955
-6424
-7221
-8100
-8341
-8595
-8650
-8832
-8738
-8350
-8032
-7607
-7264
-6955
-6446
-6530
-6503
-6550
-6849
-7094
-7663
-7952
-8359
-8544
-8638
-8696
-7821
-6615
-5636
-4625
-3270
-1497
-40
1392
2453
3095
4046
4799
5419
5858
6609
7405
7974
8947
10055
10908
11887
12834
13546
13971
13914
13834
13114
12251
11092
9204
7727
6163
4677
3102
1561
781
-4
-475
-958
-1572
-1787
-2205
-2589
-2912
-3304
-3637
-3963
-4059
-4012
-3797
-3174
-2915
-2363
-1047
-260
623
1489
2649
3463
4016
5054
5005
5220
5471
4984
4489
4202
3920
3071
2418
2172
1496
1056
899
280
-174
-489
-1039
-1784
-2220
-2685
-3576
-4546
-5150
-5991
-6698
-7287
-8108
-8404
-8576
-8431
-8389
-7981
-7439
-7096
-6524
-6081
-5840
-5729
-5809
-6208
-6572
-6877
-7545
-8299
-8634
-8846
-9151
-9312
-8828
-8302
-6917
-5561
-4756
-3501
-1911
-213
742
1774
2673
3250
4126
5136
5598
6566
7764
8664
9764
10962
12154
12852
13723
14434
14490
14356
14039
13034
12242
11023
9348
7703
6328
5163
3614
2510
1467
712
245
-238
-1166
-1714
-2124
-3012
-3642
-4111
-4664
-5246
-5179
-4865
-4968
-4375
-3273
-2818
-1610
-321
562
1199
2296
3472
3509
4189
4548
4097
4132
4209
3692
3103
3042
2870
2110
2227
2295
1603
1564
1402
855
244
-163
-998
-2036
-2696
-3576
-4653
-5272
-5820
-6632
-6910
-7078
-7170
-7047
-6791
-6650
-6420
-5907
-5746
-5680
-5584
-5654
-5935
-6111
-6397
-6945
-7188
-7710
-8344
-8488
-8522
-8597
-8900
-8601
-8213
-7515
-6133
-5358
-4505
-3323
-1749
-629
588
1935
2620
3558
4767
5879
6565
7845
8899
9622
10750
11928
12690
13269
14076
14118
13955
13863
13333
12386
11488
10260
8559
7352
6400
4971
3732
2760
1758
932
356
-324
-1421
-2050
-2840
-3722
-4297
-4901
-5560
-5834
-5691
-5484
-5071
-4335
-3522
-2811
-1435
-566
254
1084
1744
2415
2636
3071
2991
3044
3129
2902
2792
2708
2592
2521
2441
2372
2254
2142
1958
1438
1102
572
-125
-947
-1752
-2624
-3427
-4107
-4764
-5256
-5608
-5766
-5940
-5811
-5665
-5484
-5378
-5279
-5298
-5340
-5461
-5750
-6015
-6535
-6836
-7165
-7462
-7770
-8105
-8321
-8571
-8514
-8294
-8380
-8271
-7981
-7553
-6805
-5843
-4952
-4365
-3101
-1689
-391
915
2283
3521
4580
6063
7166
8158
9292
10161
10880
11659
12429
12897
13219
13581
13492
13236
13165
12626
11898
11213
10228
9049
7947
7011
5890
4530
3338
2017
979
-1
-1243
-2306
-3382
-4167
-4864
-5281
-5624
-6071
-6023
-5746
-5353
-4714
-4267
-3748
-2981
-2408
-1594
-1121
-493
-9
231
993
1209
1755
2238
2420
2732
2918
3222
3279
3222
3251
3045
2735
2617
2242
1871
1322
691
180
-326
-846
-1507
-2135
-2664
-3044
-3511
-3699
-4018
-4333
-4509
-4810
-4913
-5156
-5415
-5687
-6137
-6347
-6581
-6875
-6917
-7255
-7367
-7468
-7577
-7544
-7828
-7932
-8077
-8175
-7973
-8118
-8075
-7792
-7605
-6691
-5772
-4515
-3498
-2331
-519
828
2504
3787
4884
5875
6872
7776
8405
9138
9820
10407
10870
11609
12079
12735
13186
13315
13446
13356
13126
12440
11761
10785
9337
7964
6662
5307
3787
2240
879
-280
-1115
-2101
-3016
-3660
-4205
-4698
-5043
-5206
-5632
-5945
-5890
-5796
-5750
-5490
-5297
-4920
-4465
-3622
-2940
-2356
-1242
-551
357
1105
1935
2553
2889
3339
3419
3534
3620
3531
3399
3353
3086
2922
2787
2675
2305
1928
1700
1265
883
308
-281
-946
-1519
-2106
-2776
-3311
-3958
-4548
-4974
-5413
-5818
-6204
-6387
-6575
-6771
-6802
-6903
-6926
-7050
-7068
-7124
-7289
-7420
-7595
-7848
-8138
-8147
-8036
-8032
-7860
-7386
-6982
-6062
-4760
-3474
-2309
-1111
433
1561
2953
4210
4869
5632
6390
7210
7738
8466
9227
9791
10596
11432
12034
12609
13218
13307
13308
13140
12668
11760
10833
9884
8344
6901
5506
4247
2927
1623
411
-691
-1407
-2286
-3148
-3875
-4633
-5337
-5992
-6491
-7082
-7613
-7861
-7959
-7816
-7420
-7087
-6530
-5600
-4701
-3433
-2490
-1433
-435
485
1596
2041
2932
3357
3630
4024
4162
4398
4401
4704
4791
4705
4821
4840
4680
4519
4111
3542
2947
2191
1354
423
-468
-1466
-2459
-3172
-3974
-4659
-5177
-5740
-6061
-6288
-6426
-6669
-6739
-6855
-7036
-7139
-7277
-7455
-7677
-7625
-7741
-7722
-7535
-7436
-7308
-7040
-6630
-6260
-5954
-5447
-5027
-4624
-3829
-3029
-2081
-1266
-338
730
1678
2989
4061
4976
5974
6873
7823
8459
9364
10165
10594
11006
11340
11701
11889
11980
11794
11589
11240
10785
9999
9311
8495
7239
6042
4810
3749
2354
1042
-257
-1512
-2560
-3649
-4650
-5542
-6373
-7011
-7561
-7858
-8038
-8127
-7910
-7801
-7279
-6594
-5897
-5203
-4334
-3346
-2363
-1340
-232
663
1581
2628
3315
4189
4836
5369
5630
5912
6167
6183
6256
6098
5700
5442
5169
4602
4034
3405
2756
1833
1069
180
-768
-1616
-2597
-3541
-4304
-4968
-5638
-6135
-6468
-6787
-7032
-7006
-7136
-7186
-7170
-7128
-7176
-7039
-6888
-6788
-6658
-6460
-6162
-5944
-5653
-5549
-5350
-5158
-4866
-4738
-4468
-4264
-4021
-3521
-2874
-1953
-1312
-546
427
1408
2519
3484
4350
5251
5861
6727
7243
7873
8599
8963
9404
9710
10089
10461
10555
10617
10577
10142
9892
9066
8431
7580
6339
5224
3847
2806
1585
262
-933
-2123
-3118
-3890
-4980
-5704
-6388
-7023
-7463
-7777
-7755
-7919
-7733
-7241
-6874
-6065
-4982
-4253
-3291
-2080
-812
88
1218
2504
3239
4085
5086
5600
6126
6703
6888
6882
6897
7087
6651
6397
6135
5479
4948
4407
3723
2905
2056
1123
-19
-930
-1692
-2792
-3663
-4526
-5114
-5679
-6154
-6461
-6689
-6817
-6943
-6968
-6870
-6722
-6565
-6251
-6124
-5774
-5460
-5146
-4903
-4593
-4247
-4113
-3961
-3820
-3732
-3740
-3663
-3748
-3801
-3790
-3741
-3633
-3226
-2521
-1931
-1389
-505
438
1351
2369
3147
3790
4339
5059
5596
5954
6625
7022
7330
7671
8116
8555
8704
8902
8845
8720
8432
7960
7275
6521
5523
4337
3176
2018
981
-351
-1411
-2498
-3336
-4040
-4765
-5359
-5972
-6211
-6469
-6569
-6404
-6236
-5967
-5464
-4736
-3963
-3084
-2141
-1370
-335
827
1854
2649
3710
4518
5092
5886
6459
6804
6819
7029
6778
6514
6388
5966
5357
4742
4205
3485
2809
2165
1360
510
-250
-1117
-1788
-2485
-3238
-4013
-4605
-4984
-5410
-5755
-5899
-6067
-5992
-5870
-5704
-5356
-5185
-4820
-4585
-4170
-3845
-3638
-3311
-3142
-2963
-2622
-2550
-2602
-2687
-2790
-3036
-3432
-3412
-3768
-4096
-4262
-4253
-3981
-3414
-2736
-2393
-1758
-787
-28
836
1653
2193
2630
3193
3818
4050
4789
5335
5549
5959
6567
6982
7368
7689
7853
7781
7553
7313
6501
6129
5114
3944
2942
1863
880
-208
-1086
-2035
-2817
-3211
-3715
-4347
-4373
-4653
-4778
-4825
-4665
-4491
-4370
-3843
-3419
-2937
-2170
-1416
-754
290
1313
2265
3014
4013
4789
5289
5973
6384
6353
6363
6328
5958
5519
5252
4881
4056
3667
3289
2760
2237
1894
1283
632
131
-509
-1236
-1959
-2577
-3566
-4137
-4508
-4952
-5317
-5496
-5537
-5439
-5171
-4698
-4503
-4134
-3690
-3464
-3020
-2815
-2555
-2659
-2704
-2732
-2837
-2944
-3154
-3433
-3618
-3942
-4136
-4108
-4338
-4474
-4737
-4676
-4667
-4267
-3675
-3490
-3158
-2510
-1832
-1013
-251
435
974
1631
2613
3015
4003
4816
5357
5846
6376
7030
7260
7635
7755
7493
7330
7106
6455
6031
5332
4503
3433
2611
2043
1100
414
-376
-1078
-1529
-2038
-2549
-2918
-3330
-3602
-4051
-4044
-3939
-3875
-3455
-3072
-2424
-1745
-858
72
931
1781
2634
3252
3827
4291
4691
5028
5070
5068
4987
4899
4763
4553
4357
4236
3868
3618
3314
3091
2782
2143
1623
885
224
-505
-1342
-2092
-2860
-3515
-4099
-4478
-4455
-4510
-4632
-4497
-4230
-3782
-3402
-3102
-2851
-2800
-2680
-2680
-2711
-2657
-2900
-3171
-3414
-3434
-3333
-3362
-3354
-3450
-3584
-3775
-3940
-4193
-4672
-5151
-5696
-6123
-6256
-5940
-5641
-5478
-4782
-3902
-2913
-1753
-639
286
1033
1966
2749
3207
4001
4467
4622
4908
5248
5664
5921
6341
6491
6583
6841
6873
6545
6369
5902
4998
4134
3307
2540
1422
540
-357
-1065
-1527
-1951
-2322
-2556
-2677
-2839
-2781
-2714
-2493
-2333
-2223
-1940
-1493
-982
-504
-16
719
1220
2022
2767
3261
3995
4542
5058
5223
5635
5777
5642
5536
5346
4935
4662
4430
3906
3517
3123
2767
2149
1837
1372
766
147
-443
-1021
-1588
-2102
-2738
-3119
-3532
-3754
-4008
-4067
-4064
-3922
-3620
-3436
-3167
-2884
-2701
-2585
-2455
-2442
-2535
-2714
-2877
-3111
-3200
-3357
-3613
-3827
-3990
-4302
-4631
-4911
-5233
-5616
-5951
-6115
-6353
-6137
-5953
-5547
-5113
-4479
-3599
-2928
-1832
-1073
-219
607
1328
2062
2617
3333
3789
4155
4630
5031
5390
5811
6129
6357
6511
6521
6420
6199
5918
5435
4739
4170
3481
2834
2242
1567
1046
478
92
-319
-724
-1092
-1427
-1690
-1989
-2206
-2382
-2368
-2320
-2053
-1766
-1377
-631
-105
566
1348
1999
2551
2983
3680
3860
4023
4327
4249
4278
4237
4126
3828
3809
3759
3424
3246
3216
2869
2566
2431
1911
1448
988
523
-194
-648
-1123
-1865
-2277
-2683
-3072
-3304
-3366
-3494
-3527
-3307
-3085
-2987
-2769
-2729
-2726
-2663
-2796
-2938
-3158
-3329
-3538
-3728
-3777
-3958
-4025
-4161
-4366
-4380
-4754
-5162
-5541
-5837
-6306
-6761
-6972
-7143
-6920
-6485
-5975
-5443
-4315
-3399
-2437
-1283
-388
402
956
1776
2072
2460
2945
3114
3445
3896
4310
4713
5363
5887
6269
6665
7105
7113
7089
7081
6593
6029
5494
4882
4143
3365
2637
1941
1474
1105
506
185
-25
-277
-530
-673
-727
-889
-910
-936
-808
-539
-276
-32
331
822
1206
1635
2188
2585
2949
3215
3451
3697
3836
3907
3677
3635
3512
3297
3139
2970
2766
2479
2293
2034
1754
1464
1182
747
352
-120
-603
-1070
-1511
-1936
-2414
-2658
-2933
-3144
-3225
-3160
-3092
-3109
-3004
-2852
-2866
-2825
-2922
-3051
-3155
-3360
-3532
-3911
-3966
-4243
-4628
-4747
-4908
-5197
-5681
-5940
-6251
-6606
-6898
-7217
-7532
-7499
-7252
-6921
-6345
-5694
-5034
-4257
-3284
-2337
-1658
-1039
-369
174
830
1278
1820
2393
2928
3626
4183
4911
5620
6306
6896
7321
7639
7772
7700
7647
7315
6747
6166
5528
4949
4259
3684
3076
2518
2091
1720
1346
983
658
346
-7
-250
-499
-801
-857
-817
-789
-896
-511
-132
12
515
927
1371
1731
2297
2682
2699
3253
3293
3194
3387
3339
3109
2825
2946
2692
2347
2405
2203
1929
1979
1759
1477
1336
1165
720
249
86
-430
-872
-1100
-1489
-1857
-1957
-2117
-2209
-2221
-2129
-2226
-2248
-2223
-2524
-2734
-3036
-3379
-3889
-4209
-4661
-5038
-5272
-5535
-5751
-5982
-6144
-6346
-6544
-6783
-7132
-7432
-7709
-8036
-8069
-8194
-8001
-7594
-6906
-6289
-5471
-4363
-3411
-2349
-1329
-326
435
1384
2073
2685
3340
3961
4374
4920
5605
6007
6523
7112
7575
7815
8076
8178
8037
7931
7733
7129
6691
6112
5489
4705
4088
3546
2855
2425
1871
1506
1103
748
432
195
-165
-436
-725
-827
-804
-830
-866
-973
-507
-253
-84
397
740
1072
1385
1825
2009
1976
2389
2231
2124
2227
2078
1856
1690
1776
1565
1447
1551
1479
1503
1791
1639
1623
1568
1522
1349
1109
986
500
406
140
-319
-533
-740
-1034
-1382
-1580
-1698
-2085
-2393
-2873
-3302
-3543
-4086
-4648
-5024
-5313
-5722
-6182
-6397
-6569
-6955
-7219
-7628
-7763
-8034
-8425
-8752
-8998
-9013
-9087
-8933
-8566
-7761
-6914
-6088
-5081
-3748
-2471
-1452
-366
635
1486
2283
2891
3411
3899
4390
4737
5229
5881
6303
6840
7438
8015
8227
8580
8697
8603
8468
8213
7727
6987
6421
5637
4971
4300
3615
2986
2578
2250
1816
1395
1094
676
363
42
-434
-805
-1160
-1403
-1706
-1803
-1855
-1867
-1730
-1337
-1050
-581
-240
59
469
646
937
944
1070
1026
920
967
770
715
872
916
1065
1204
1617
1954
2103
2416
2505
2733
2728
2466
2351
2228
1891
1396
890
643
122
-313
-683
-1173
-1340
-1763
-2178
-2604
-2890
-3251
-3870
-4253
-4558
-5041
-5509
-6076
-6456
-6736
-7172
-7579
-7966
-8037
-8326
-8580
-8659
-8789
-8803
-8792
-8597
-8228
-7800
-7170
-6439
-5540
-4603
-3721
-2513
-1502
-561
471
1382
2188
2789
3559
4239
4719
5340
5940
6533
7202
7695
8222
8803
9209
9473
9528
9702
9607
9279
8892
8291
7684
7000
6277
5484
4816
4123
3424
2782
2236
1582
870
297
-322
-924
-1520
-2111
-2618
-2977
-3343
-3556
-3511
-3379
-3404
-3117
-2462
-2026
-1885
-1416
-769
-479
-336
-83
359
549
613
632
977
1311
1371
1502
2019
2555
2625
2835
3272
3501
3419
3397
3358
3210
2813
2492
2062
1632
1144
559
115
-332
-656
-1058
-1466
-1871
-2193
-2616
-2992
-3484
-3841
-4266
-4731
-5130
-5648
-5918
-6360
-6682
-6844
-7024
-7189
-7321
-7347
-7482
-7799
-7708
-7757
-7964
-7983
-7789
-7429
-7289
-6811
-6042
-5244
-4460
-3557
-2436
-1202
-416
484
1519
2384
3015
3541
4426
4934
5385
6041
6760
7302
7723
8358
9052
9423
9707
9937
10167
10053
9561
9244
8712
7966
6996
6304
5581
4551
3666
2980
2178
1353
632
21
-599
-1356
-1890
-2526
-3049
-3624
-4111
-4278
-4526
-4648
-4442
-4184
-3908
-3543
-2845
-2215
-1813
-1053
-444
84
480
861
1201
1417
1675
1928
2188
2486
2766
3018
3439
3617
3951
4229
4319
4363
4268
4209
3719
3223
2825
2145
1407
713
169
-395
-1118
-1584
-1895
-2303
-2738
-3048
-3123
-3478
-4076
-4337
-4510
-4989
-5656
-5985
-6071
-6522
-6903
-6847
-6707
-6809
-6907
-6645
-6378
-6379
-6436
-6328
-6174
-6271
-6478
-6348
-6111
-6027
-5880
-5242
-4424
-3748
-2860
-1780
-649
295
1319
2337
3198
3926
4481
5047
5491
5866
6209
6613
7039
7429
7841
8314
8707
9002
9128
9183
9196
8919
8411
7818
7135
6210
5198
4236
3409
2431
1547
733
94
-410
-1189
-1758
-2163
-2483
-3166
-3774
-3907
-4275
-4808
-4991
-4759
-4682
-4550
-3890
-3081
-2456
-1710
-776
8
892
1473
1810
2249
2618
2733
2505
2964
3036
2818
3138
3580
3827
3840
4468
4740
4722
4852
4771
4362
3869
3255
2352
1525
702
-254
-1198
-1823
-2521
-3130
-3385
-3662
-4043
-4224
-4339
-4613
-4923
-5144
-5479
-5843
-6116
-6371
-6551
-6692
-6716
-6706
-6365
-6063
-5700
-5229
-4950
-4567
-4349
-4155
-4234
-4392
-4264
-4582
-4747
-4695
-4644
-4371
-4128
-3313
-2454
-1528
-399
589
1764
2718
3360
4056
4604
4836
4943
5045
5260
5048
5066
5423
5603
6016
6409
7000
7477
7775
8105
8079
7977
7523
6849
6219
5259
4177
3086
2134
1161
257
-358
-865
-1312
-1668
-1917
-2127
-2335
-2653
-2931
-3117
-3348
-3592
-3652
-3622
-3567
-3315
-2823
-2208
-1505
-651
197
1016
1809
2485
2999
3398
3609
3723
3804
3764
3625
3511
3563
3534
3569
3756
3934
4034
4002
4089
4008
3616
3132
2603
1960
1027
75
-766
-1665
-2596
-3370
-3874
-4336
-4798
-5075
-5138
-5174
-5267
-5281
-5229
-5249
-5429
-5452
-5453
-5551
-5684
-5721
-5492
-5434
-5236
-4979
-4701
-4422
-4201
-3790
-3656
-3573
-3448
-3405
-3442
-3496
-3432
-3335
-3228
-2951
-2464
-1974
-1367
-754
6
790
1341
2019
2526
2954
3196
3371
3712
3639
3763
3997
4258
4514
4671
5210
5577
5815
6154
6445
6581
6390
6118
5892
5297
4531
3735
2956
2239
1242
577
93
-558
-1132
-1534
-1562
-1851
-2256
-2270
-2374
-2566
-2814
-2840
-2709
-2812
-2699
-2329
-1800
-1317
-887
-101
680
1258
1859
2568
3156
3305
3483
3749
3844
3745
3592
3753
3811
3774
3864
4100
4250
4146
4218
4323
4147
3777
3382
2856
2164
1275
498
-315
-1131
-1817
-2501
-2968
-3534
-3875
-4097
-4311
-4417
-4505
-4442
-4622
-4749
-4730
-4964
-5191
-5320
-5241
-5277
-5431
-5210
-5070
-4975
-4769
-4415
-3912
-3634
-3467
-3042
-2717
-2653
-2720
-2536
-2234
-2533
-2503
-2126
-2018
-2063
-1920
-1297
-873
-609
-4
587
1078
1335
1627
2245
2489
2442
2675
3133
3267
3163
3470
3992
3990
4148
4602
4886
5041
4920
5007
4949
4580
4140
3627
3247
2575
1723
1348
833
126
-330
-577
-786
-1121
-1203
-1187
-1421
-1544
-1584
-1787
-1795
-1905
-1893
-1840
-1794
-1590
-1434
-1035
-633
-162
495
1048
1469
2041
2506
2748
2981
3305
3568
3543
3577
3775
3689
3596
3680
3824
3924
3752
3775
3802
3487
3056
2767
2456
1861
1092
640
99
-736
-1429
-1927
-2245
-2865
-3342
-3467
-3682
-4134
-4487
-4424
-4452
-4893
-5010
-4866
-4968
-5164
-5105
-4682
-4614
-4602
-4171
-3699
-3364
-3134
-2648
-2040
-1904
-1690
-1378
-1117
-1113
-1274
-1054
-1030
-1230
-1351
-1329
-1278
-1398
-1320
-834
-666
-489
-133
250
578
679
1159
1481
1467
1600
1665
1744
1705
1692
1937
1995
2123
2254
2435
2597
2629
2815
2966
2974
2913
2836
2694
2320
2013
1922
1623
1348
1068
986
725
412
413
369
239
-66
-135
-204
-579
-831
-881
-967
-1112
-1278
-988
-864
-802
-419
-71
490
797
1139
1636
1808
2037
2121
2302
2551
2271
2367
2403
2310
2277
2426
2737
2653
2708
2893
2816
2552
2408
2175
1838
1262
683
54
-568
-1278
-2016
-2364
-2703
-3142
-3540
-3635
-3790
-4050
-4041
-3933
-3900
-3844
-3823
-3782
-3863
-3703
-3563
-3483
-3154
-2915
-2545
-2382
-2118
-1661
-1306
-1001
-798
-492
-174
-341
-483
-398
-456
-673
-900
-867
-902
-1078
-1128
-974
-771
-537
-386
-87
213
327
445
585
600
507
531
453
219
170
411
419
396
726
1219
1475
1643
2124
2608
2875
2958
2957
3163
3094
2653
2481
2403
2301
1887
1627
1682
1474
1300
1255
1206
1223
1080
882
571
218
60
-274
-558
-701
-653
-633
-806
-713
-319
75
291
549
1109
1493
1448
1459
1581
1770
1687
1484
1627
1745
1622
1467
1526
1784
1884
1896
1970
1930
1758
1515
1040
547
256
-227
-889
-1539
-1925
-2263
-2808
-3193
-3258
-3164
-3238
-3463
-3427
-3147
-3147
-3359
-3255
-2911
-2891
-3051
-2965
-2693
-2458
-2427
-2200
-1750
-1456
-1219
-1060
-770
-456
-360
-247
-227
-259
-209
-361
-591
-613
-610
-668
-877
-974
-824
-831
-906
-877
-696
-461
-540
-683
-505
-365
-479
-562
-427
-254
-349
-406
-258
-54
226
445
783
1186
1577
1850
1995
2386
2698
2870
3024
3024
3044
3007
2806
2625
2506
2543
2459
2139
2007
1929
1682
1396
1167
1105
1007
650
324
170
40
-169
-346
-253
13
38
66
275
467
675
724
879
1116
1173
1187
1105
1152
1207
1178
1212
1214
1365
1459
1468
1476
1427
1449
1260
872
599
298
-90
-644
-1155
-1407
-1854
-2335
-2634
-2762
-2768
-2844
-2796
-2601
-2487
-2473
-2494
-2366
-2187
-2088
-1990
-1871
-1778
-1786
-1718
-1658
-1492
-1175
-886
-667
-488
-280
-170
-233
-205
-40
42
9
-101
-100
-188
-373
-546
-526
-402
-513
-600
-586
-634
-807
-1012
-1045
-1064
-1194
-1212
-1220
-1184
-1144
-1101
-935
-772
-584
-352
-115
177
401
658
886
967
1172
1361
1553
1636
1824
2134
2199
2200
2227
2324
2375
2248
2264
2383
2309
2108
1832
1729
1607
1320
1177
1151
1065
908
671
570
497
396
363
303
362
392
333
176
154
215
207
122
75
246
321
218
236
413
559
505
429
649
738
607
489
522
508
199
-73
-147
-283
-502
-646
-664
-680
-859
-931
-963
-971
-996
-966
-858
-919
-1016
-1057
-1126
-1277
-1348
-1242
-1149
-1154
-1077
-930
-878
-875
-723
-538
-426
-371
-295
-216
-318
-432
-416
-422
-482
-532
-432
-297
-407
-394
-252
-194
-267
-324
-236
-306
-464
-534
-605
-722
-902
-977
-974
-1028
-956
-793
-621
-569
-518
-334
-230
-268
-186
27
159
104
78
207
230
228
330
575
763
939
1078
1157
1218
1277
1447
1450
1419
1516
1542
1386
1127
1072
1157
947
719
704
768
597
217
165
270
127
-147
-231
-123
-176
-414
-429
-303
-251
-317
-321
-237
-133
-25
12
107
229
382
424
314
354
512
590
529
456
616
618
393
254
313
484
334
186
276
286
136
-95
-122
-42
-162
-264
-332
-381
-456
-623
-642
-624
-614
-603
-610
-534
-513
-536
-515
-472
-417
-426
-475
-501
-469
-452
-525
-558
-504
-471
-495
-508
-347
-241
-187
-112
-87
-1
-64
-79
-28
-11
-17
-147
-204
-239
-402
-507
-473
-377
-319
-379
-340
-285
-313
-418
-432
-255
-187
-292
-375
-330
-278
-381
-418
-203
19
138
128
236
417
461
401
432
602
590
479
393
394
369
245
225
304
368
394
370
433
548
505
419
422
454
388
268
270
302
254
197
196
282
324
373
489
672
753
673
711
795
723
554
571
707
642
392
274
368
352
142
35
183
327
175
-93
-96
4
-104
-343
-399
-259
-271
-473
-595
-469
-325
-388
-464
-342
-169
-190
-320
-270
-137
-193
-310
-373
-333
-353
-452
-370
-224
-140
-144
-82
45
132
161
229
356
363
312
211
91
-33
-140
-204
-218
-275
-362
-436
-490
-506
-571
-595
-588
-544
-583
-754
-919
-982
-999
-1150
-1309
-1261
-1147
-1207
-1268
-1173
-944
-868
-915
-747
-484
-356
-441
-422
-227
-133
-261
-352
-177
-7
68
108
259
510
609
635
756
911
1055
1081
1038
1075
976
813
682
630
698
687
654
705
772
790
770
836
968
1023
1042
1017
938
800
630
543
492
382
267
217
194
135
19
41
154
128
121
151
155
102
-15
-16
46
7
-82
-112
-51
85
75
93
269
388
467
454
464
503
520
478
405
344
317
231
81
147
230
264
280
371
547
613
594
591
683
720
559
338
233
91
-142
-373
-509
-597
-746
-851
-886
-925
-953
-965
-998
-999
-1108
-1257
-1351
-1460
-1589
-1676
-1742
-1815
-1839
-1851
-1717
-1608
-1486
-1313
-1207
-1063
-947
-894
-878
-775
-679
-598
-564
-522
-398
-250
-100
67
342
582
694
753
927
1064
1043
1035
1149
1214
1114
980
949
1025
1043
988
1028
1157
1151
1052
968
1017
1009
868
826
783
676
520
308
187
187
89
-50
-192
-248
-287
-431
-548
-591
-562
-495
-480
-535
-495
-394
-345
-300
-215
-159
-84
-39
33
102
120
176
213
315
424
461
498
632
748
801
814
866
936
993
1029
1014
1098
1126
1070
1008
1007
1032
955
839
808
727
559
372
166
91
-9
-183
-368
-484
-614
-787
-923
-1033
-1092
-1212
-1289
-1350
-1450
-1530
-1605
-1592
-1504
-1533
-1614
-1598
-1552
-1519
-1566
-1525
-1431
-1379
-1335
-1285
-1171
-1058
-947
-766
-511
-302
-238
-164
66
209
263
315
428
574
587
571
596
707
793
847
913
1034
1079
1048
1050
1089
1076
992
948
876
854
724
588
536
472
416
304
248
255
174
100
65
18
-31
-144
-175
-182
-204
-271
-317
-281
-279
-344
-351
-306
-258
-206
-146
-13
-18
-12
45
160
273
250
253
374
483
441
389
459
619
685
722
795
952
1032
1022
1051
1088
1130
1038
921
863
755
604
497
379
320
192
59
34
-27
-84
-175
-232
-272
-423
-627
-728
-808
-929
-1057
-1124
-1144
-1195
-1264
-1336
-1278
-1216
-1206
-1160
-1133
-1114
-1152
-1195
-1181
-1139
-1109
-1047
-956
-853
-746
-704
-606
-423
-255
-151
-65
28
149
239
254
295
359
458
504
494
535
599
642
697
690
665
701
692
633
569
518
504
471
349
232
154
107
94
20
0
72
59
17
-32
-68
-12
18
-9
-25
-3
-2
-48
-134
-154
-87
-46
-13
25
68
163
198
168
231
288
322
360
356
412
474
446
466
539
650
725
692
751
893
927
831
760
747
741
654
482
447
464
380
272
196
185
185
118
83
42
-62
-141
-266
-419
-552
-667
-749
-820
-862
-888
-865
-837
-834
-793
-740
-702
-687
-708
-733
-748
-734
-710
-771
-797
-727
-639
-574
-504
-325
-136
-73
-72
-31
53
64
-28
6
141
130
20
-1
102
200
210
266
431
587
582
465
450
462
383
268
187
146
54
-125
-258
-327
-348
-348
-395
-359
-300
-319
-327
-304
-306
-342
-390
-377
-385
-443
-475
-429
-336
-337
-360
-274
-74
55
63
181
428
552
553
545
587
624
582
593
679
764
728
708
826
921
944
981
1122
1255
1208
1085
1012
952
852
622
447
428
359
220
106
108
128
71
12
0
16
-31
-147
-259
-359
-487
-675
-809
-854
-937
-976
-912
-819
-763
-796
-739
-582
-494
-506
-509
-381
-295
-427
-586
-559
-426
-369
-380
-300
-138
-16
-3
29
167
267
291
297
335
329
196
110
142
149
124
86
130
234
225
162
202
350
413
300
184
168
124
-66
-241
-287
-332
-450
-644
-697
-634
-693
-737
-667
-580
-593
-693
-691
-639
-708
-788
-783
-698
-690
-773
-751
-610
-472
-417
-305
-92
61
128
163
220
326
381
411
440
466
519
530
618
774
855
909
987
1144
1232
1160
1120
1164
1202
1060
848
799
803
672
480
412
477
452
348
316
288
255
152
96
101
-3
-135
-236
-301
-379
-530
-572
-549
-579
-596
-625
-568
-509
-538
-554
-539
-461
-403
-445
-456
-413
-400
-427
-451
-381
-273
-200
-160
-93
3
40
109
227
316
352
347
462
558
457
369
362
458
509
387
355
432
445
370
258
278
356
290
179
86
49
13
-126
-268
-343
-401
-498
-593
-619
-650
-725
-788
-786
-722
-745
-769
-710
-645
-607
-673
-655
-547
-521
-534
-492
-388
-291
-281
-263
-157
-57
14
97
243
358
417
443
526
624
614
646
739
792
772
688
707
806
767
681
669
739
784
652
545
610
655
580
472
432
486
447
308
249
235
182
103
29
12
-20
-130
-169
-156
-218
-295
-349
-334
-326
-417
-449
-397
-396
-460
-537
-535
-471
-493
-539
-493
-436
-446
-477
-460
-343
-250
-257
-212
-116
-41
-40
-51
43
144
123
84
121
190
180
98
116
197
211
120
96
170
182
128
96
149
154
44
-20
-10
-33
-106
-194
-195
-219
-363
-428
-408
-368
-367
-442
-430
-378
-381
-401
-413
-345
-279
-297
-369
-371
-306
-296
-309
-270
-174
-104
-111
-53
88
157
181
239
351
418
377
399
483
477
417
426
542
579
506
508
633
710
667
681
772
811
741
673
701
722
661
610
549
479
438
389
398
378
366
378
275
179
138
132
104
-15
-66
-87
-204
-327
-393
-368
-378
-417
-371
-359
-413
-442
-379
-307
-380
-422
-312
-268
-338
-414
-321
-184
-241
-282
-181
-55
-39
-95
-43
36
13
-30
-32
-35
-77
-106
-98
-140
-159
-115
-65
-81
-142
-92
-15
-16
-50
-58
-69
-181
-269
-236
-243
-297
-330
-344
-384
-475
-455
-335
-302
-362
-350
-266
-299
-439
-450
-340
-343
-471
-503
-382
-351
-442
-459
-296
-140
-143
-119
13
139
169
165
203
230
240
273
268
266
255
269
349
355
390
469
542
594
573
653
731
683
663
603
543
543
493
472
396
311
360
376
351
259
192
301
306
260
294
208
14
-265
-348
-102
59
-42
-404
-728
-717
-571
-232
59
-139
-470
-660
-572
-217
36
117
-110
-516
-600
-401
-8
234
39
-108
-210
-254
14
341
522
378
111
110
167
299
439
355
311
199
116
224
193
169
234
269
258
131
143
176
17
41
128
75
-54
-234
-194
-97
-163
-217
-214
-192
-297
-391
-248
-190
-285
-297
-296
-323
-357
-375
-320
-283
-261
-250
-259
-259
-254
-175
-49
-26
-32
47
9
-47
43
176
217
127
120
226
310
331
333
358
417
420
480
597
525
420
386
432
451
358
305
224
163
156
115
147
122
5
-57
-99
-79
-67
-143
-262
-398
-441
-430
-497
-544
-586
-617
-604
-626
-600
-545
-478
-465
-496
-394
-319
-310
-356
-399
-304
-252
-262
-240
-170
-88
-91
-60
87
196
264
311
348
421
415
419
417
381
409
397
375
309
247
304
307
259
262
289
280
185
141
172
107
-1
-28
-15
-79
-235
-283
-218
-206
-271
-294
-223
-207
-241
-223
-163
-136
-150
-127
-107
-168
-201
-162
-138
-121
-125
-120
-147
-164
-59
65
76
5
52
180
181
117
173
260
246
171
221
336
300
255
289
378
407
364
412
494
455
363
373
404
357
272
199
115
34
29
1
-121
-210
-189
-183
-291
-383
-332
-273
-381
-536
-486
-394
-512
-635
-531
-423
-506
-598
-532
-379
-360
-385
-305
-191
-130
-124
-70
-20
-7
59
158
160
130
186
263
246
254
388
457
423
368
415
491
437
411
454
429
333
247
285
300
176
158
205
147
54
45
117
111
-12
-51
-58
-83
-122
-169
-159
-225
-245
-218
-253
-296
-291
-213
-187
-258
-271
-214
-257
-266
-196
-108
-119
-263
-287
-181
-108
-97
-112
-107
-70
-55
-25
16
53
104
128
116
127
171
218
221
220
257
270
257
234
240
252
258
265
249
191
150
169
178
155
86
27
-9
-69
-58
-29
-81
-170
-238
-227
-214
-223
-205
-236
-320
-343
-302
-272
-309
-347
-302
-275
-310
-335
-277
-217
-197
-163
-100
-72
-79
-16
44
55
69
130
172
149
133
206
262
210
205
261
310
257
209
271
255
176
167
201
202
138
122
166
123
66
90
137
119
41
47
84
11
-50
-18
27
-8
-64
-18
-40
-107
-88
-31
12
-62
-112
-52
-76
-144
-140
-114
-110
-186
-198
-127
-159
-185
-164
-126
-118
-127
-59
-37
-54
-26
28
61
16
36
175
177
73
65
150
224
139
112
196
190
132
98
132
143
88
65
89
55
7
12
38
15
-44
-7
30
2
-22
-12
5
-46
-75
-54
-60
-97
-140
-154
-172
-196
-190
-166
-200
-244
-190
-103
-94
-150
-129
-64
-47
-88
-85
-14
-17
-53
-85
-29
58
42
23
28
62
117
136
117
120
140
164
142
86
112
146
125
86
70
99
110
67
51
101
113
60
27
46
80
73
52
46
17
-4
12
30
41
-1
-35
-32
-59
-80
-90
-86
-101
-134
-136
-142
-175
-198
-201
-177
-161
-159
-153
-170
-165
-122
-64
-45
-69
-51
25
43
14
30
85
116
81
72
101
127
119
96
103
115
110
114
132
126
113
98
100
97
92
100
89
64
35
16
8
10
-1
6
6
-38
-67
-68
-60
-49
-59
-77
-79
-110
-111
-92
-110
-106
-105
-93
-75
-108
-124
-92
-82
-64
-52
-29
-2
-17
-14
2
22
32
39
47
54
49
48
70
80
86
88
106
101
96
97
90
79
65
73
77
70
51
60
51
25
12
40
58
32
9
11
15
-35
-54
-34
-21
-50
-87
-88
-90
-118
-124
-98
-106
-114
-115
-87
-88
-123
-109
-70
-63
-84
-73
-50
-61
-72
-29
27
32
11
41
85
84
75
98
122
123
124
133
135
89
88
141
152
118
99
126
137
104
81
104
109
73
48
38
33
9
-25
-38
-55
-65
-50
-47
-75
-83
-83
-86
-100
-94
-64
-86
-128
-121
-91
-90
-117
-115
-79
-55
-53
-61
-47
-38
-33
6
19
-4
-18
-14
-3
9
-2
25
33
6
9
36
86
90
71
85
116
109
96
101
113
115
86
81
82
73
52
38
31
31
34
37
28
5
4
9
4
-33
-60
-59
-52
-82
-115
-109
-104
-133
-165
-124
-83
-93
-126
-114
-75
-76
-95
-87
-63
-66
-73
-74
-56
-48
-38
-6
5
-1
16
48
53
51
65
100
87
52
54
77
79
43
42
58
53
30
22
38
44
44
47
22
-13
-18
-13
-23
-66
-79
-68
-87
-130
-130
-103
-89
-92
-100
-73
-78
-80
-56
-34
-36
-45
-30
-22
-41
-63
-24
-5
-30
-49
-18
24
9
-10
23
53
37
17
34
76
63
33
34
33
40
39
37
40
36
30
38
35
30
38
45
39
20
21
19
6
0
6
19
-1
-23
-12
9
10
-3
5
15
0
-20
-19
-6
-11
-32
-33
-27
-41
-50
-46
-37
-28
-40
-34
-23
-30
-26
-24
-22
-29
-33
-23
-27
-40
-30
-9
-2
-4
-2
25
33
35
50
64
63
59
77
96
81
65
79
90
72
44
53
62
35
0
6
22
1
-23
-27
-13
-19
-31
-39
-52
-58
-53
-50
-72
-95
-90
-70
-94
-115
-92
-62
-79
-109
-87
-32
-21
-43
-18
15
24
14
25
43
39
23
36
53
23
10
31
42
17
2
28
41
13
-9
9
20
-12
-38
-27
-18
-38
-68
-79
-87
-87
-65
-50
-74
-85
-48
-19
-29
-43
-9
31
20
-6
13
44
33
4
10
40
39
22
27
34
26
26
35
29
-3
0
10
-17
-46
-48
-27
-46
-85
-83
-57
-57
-82
-89
-62
-49
-52
-33
-22
-29
-21
12
33
29
29
52
91
98
93
106
124
131
134
146
142
130
120
129
132
115
103
91
70
38
40
46
23
-9
-29
-16
-32
-73
-86
-70
-75
-102
-106
-102
-95
-100
-99
-87
-78
-53
-33
-25
-23
-15
18
52
46
45
55
76
86
76
76
89
95
95
99
90
88
81
78
58
36
38
34
12
-22
-23
-3
-5
-43
-55
-36
-24
-42
-55
-46
-29
-32
-47
-50
-37
-27
-29
-20
-16
6
21
19
7
8
29
47
34
4
11
15
5
-12
-25
-24
-24
-39
-46
-44
-48
-48
-55
-66
-75
-66
-62
-73
-96
-97
-74
-61
-60
-58
-33
-15
-4
6
33
58
68
77
87
95
94
95
90
87
95
108
101
81
79
91
96
71
51
41
40
20
-10
-22
-42
-66
-93
-100
-116
-130
-130
-132
-135
-143
-133
-107
-101
-120
-113
-91
-74
-79
-66
-44
-36
-23
-5
23
31
35
55
84
83
75
73
85
85
62
65
75
65
41
30
31
27
10
-1
-6
-15
-20
-27
-45
-57
-61
-57
-65
-80
-72
-59
-62
-70
-57
-43
-30
-35
-28
3
10
17
27
29
20
26
44
47
37
33
42
44
36
36
51
47
24
13
22
15
1
-11
-17
-23
-32
-15
-15
-26
-34
-16
5
-3
-14
11
35
35
35
48
71
68
65
84
105
111
109
114
124
129
133
138
132
115
99
104
95
79
60
47
24
7
6
-4
-13
-34
-51
-66
-63
-71
-86
-102
-107
-94
-98
-108
-98
-67
-53
-60
-43
0
20
17
17
45
61
51
51
74
92
78
74
95
108
87
82
94
95
84
75
65
41
27
29
14
-13
-28
-33
-32
-60
-74
-61
-56
-66
-74
-70
-68
-65
-74
-64
-58
-52
-39
-33
-27
-19
-1
13
21
27
51
60
47
54
63
57
46
45
57
56
25
17
20
4
-3
-10
-20
-46
-59
-42
-45
-73
-94
-72
-56
-77
-94
-76
-51
-62
-73
-52
-25
-21
-16
13
32
37
46
58
63
69
78
88
83
79
91
95
72
65
89
91
54
29
34
29
-9
-51
-51
-52
-83
-106
-109
-108
-120
-121
-123
-126
-126
-116
-98
-103
-97
-77
-76
-77
-65
-29
-8
-15
12
50
60
49
59
100
106
84
87
109
111
92
74
73
67
54
54
46
25
18
13
-5
-29
-41
-43
-68
-81
-72
-69
-97
-111
-83
-60
-71
-94
-59
-20
-38
-59
-32
9
7
-13
-2
31
43
41
51
59
61
62
71
66
50
55
57
36
21
32
32
-7
-23
-6
3
-20
-48
-36
-19
-32
-52
-38
-22
-24
-24
-17
-11
-10
5
26
25
20
45
71
67
57
78
105
102
84
87
102
93
78
71
65
42
24
19
-5
-24
-21
-26
-50
-76
-64
-45
-84
-117
-101
-69
-86
-121
-109
-72
-66
-91
-81
-36
-12
-16
-16
10
47
55
49
54
86
115
113
86
91
130
126
88
64
90
105
62
24
37
54
28
-20
-16
15
-7
-49
-63
-51
-47
-68
-92
-87
-80
-80
-98
-94
-75
-65
-57
-71
-57
-34
-24
-28
-27
-5
16
13
2
18
28
24
14
17
35
24
11
13
19
18
-2
-7
-3
-2
-9
-21
-27
-24
-28
-44
-46
-43
-42
-49
-51
-35
-28
-42
-48
-28
-6
-6
-14
-5
15
13
-3
11
18
14
4
3
6
0
-8
-13
-10
-18
-27
-37
-32
-35
-47
-46
-48
-52
-67
-70
-58
-53
-68
-72
-57
-43
-42
-42
-27
-8
2
7
18
34
45
47
54
57
69
82
81
74
74
86
80
60
57
74
70
39
25
39
42
16
-7
-2
3
-21
-46
-45
-44
-55
-70
-71
-65
-58
-55
-57
-59
-51
-28
-16
-26
-19
15
32
18
7
32
60
43
31
67
95
81
59
79
102
91
68
79
99
90
83
82
73
56
52
52
33
19
30
33
6
-21
-9
5
-20
-40
-25
-8
-31
-46
-36
-19
-30
-44
-21
-6
-18
-27
-10
-10
-30
-23
-6
-10
-26
-16
9
7
-18
-13
18
24
11
8
30
35
17
9
9
16
14
3
-1
1
10
11
-4
-7
8
26
25
9
21
29
14
-10
-2
17
12
-4
-9
6
13
-2
-20
-12
6
3
-7
-13
-8
-7
-29
-47
-38
-30
-43
-61
-66
-61
-71
-81
-72
-64
-70
-66
-50
-43
-49
-53
-36
-23
-30
-30
-6
2
-9
1
20
28
20
28
49
58
57
67
85
92
83
87
92
89
86
86
88
68
51
60
61
40
37
49
52
26
6
14
13
-7
-22
-6
-7
-26
-38
-33
-37
-48
-45
-31
-30
-33
-27
-20
-15
-30
-17
4
12
15
28
34
33
38
31
38
54
68
57
42
48
70
64
47
56
76
73
51
54
68
56
33
30
33
25
8
12
15
-3
-10
-5
-10
-14
-18
-6
-4
-25
-28
-17
-17
-29
-31
-21
-21
-28
-28
-28
-32
-34
-35
-32
-35
-17
-3
-19
-38
-28
-9
-11
-33
-19
10
-11
-37
-25
9
0
-26
-15
15
4
-12
5
19
18
5
23
39
31
31
43
44
26
23
39
39
27
28
46
38
18
29
40
24
4
13
19
-1
-19
-9
-5
-36
-55
-46
-31
-45
-56
-39
-42
-68
-66
-41
-36
-53
-50
-31
-28
-44
-43
-21
-20
-29
-23
-3
1
-9
-3
2
5
2
21
27
19
24
27
31
17
18
38
31
12
4
19
17
-4
-3
8
5
-14
-9
6
-2
-13
-11
-3
-11
-26
-16
-8
-21
-31
-27
-17
-23
-33
-24
-19
-24
-24
-18
-16
-18
-12
-12
-20
-18
-11
-13
-26
-24
-12
-21
-36
-29
-15
-18
-35
-33
-7
-10
-23
-27
-9
-3
-23
-21
-8
-1
-8
-7
4
8
7
4
11
9
6
15
15
19
29
34
30
24
36
35
33
27
25
33
16
13
28
22
6
3
10
10
-5
-9
2
-3
-21
-28
-14
-14
-30
-30
-21
-25
-35
-27
-15
-20
-20
-10
-4
-3
-3
9
15
19
15
28
33
24
36
42
40
32
41
50
42
34
41
48
37
31
44
51
30
22
27
33
18
10
18
16
6
2
16
10
-5
-6
5
9
0
-6
10
13
1
10
19
15
3
5
6
2
-6
-1
-1
-3
2
4
6
1
1
6
-2
-17
-11
-4
-16
-17
-13
-13
-14
-18
-14
-11
-7
-7
-12
-9
-7
-3
-5
-9
-1
6
9
0
4
16
15
1
-5
13
17
1
-4
1
1
-10
-11
-8
-14
-23
-31
-35
-39
-47
-50
-52
-57
-65
-64
-62
-67
-70
-74
-63
-61
-64
-64
-55
-47
-43
-37
-37
-26
-20
-8
-4
-2
5
13
17
17
33
38
35
34
37
46
44
35
35
43
39
27
27
34
32
28
13
17
20
3
-7
-4
-5
-14
-20
-17
-7
-11
-17
-10
-3
-2
-6
-6
7
6
-6
3
17
7
-1
11
20
20
11
16
25
27
28
25
27
23
20
27
26
14
16
32
25
10
18
32
35
18
19
41
35
19
26
51
50
35
39
52
57
44
42
59
56
47
53
56
42
39
52
51
32
27
39
40
11
5
16
16
1
-13
-5
-2
-13
-24
-17
-14
-20
-23
-21
-21
-25
-21
-19
-18
-14
-7
-18
-12
12
27
21
17
35
50
41
28
50
62
46
37
52
68
52
37
49
61
44
26
32
42
21
0
3
13
-2
-17
-15
-16
-22
-29
-32
-43
-34
-30
-46
-55
-52
-37
-44
-69
-54
-27
-38
-65
-60
-23
-26
-55
-47
-13
-10
-37
-33
-5
-4
-20
-26
-8
-8
-20
-14
-9
-8
-14
-3
-4
-19
-16
-2
4
-16
-12
11
7
-4
-4
11
10
-7
1
16
9
0
6
19
6
-5
6
17
0
-11
3
7
-9
-27
-16
-7
-22
-30
-18
-12
-26
-27
-17
-14
-32
-34
-15
-19
-34
-30
-13
-16
-22
-16
-1
0
-8
-4
5
10
10
14
14
14
14
22
25
24
34
38
34
30
40
51
48
36
41
51
43
31
33
46
37
28
25
19
12
13
10
-3
-4
0
-3
-18
-19
-8
-8
-28
-32
-13
-13
-25
-28
-17
-9
-22
-25
-9
-1
-6
-10
0
5
10
8
11
9
14
24
17
12
16
32
30
12
21
36
29
13
11
21
21
11
9
20
22
9
10
8
6
2
-1
3
-6
-5
0
-6
-15
-9
-1
-5
-18
-16
-5
-14
-24
-20
-20
-18
-20
-15
-9
-22
-18
-6
-4
-12
-13
-2
-3
-14
-14
-5
-2
-11
-12
2
3
3
6
1
0
3
4
5
1
4
20
19
8
14
28
24
9
4
17
24
5
5
10
14
7
6
16
14
6
3
2
-12
-13
-3
-7
-16
-22
-16
-12
-23
-22
-7
-10
-19
-21
-11
-9
-15
-24
-14
-5
-12
-8
-2
7
5
12
17
11
17
19
16
8
9
22
18
6
7
16
20
7
-2
6
13
-2
-11
-6
-2
-6
-23
-23
-14
-13
-22
-29
-19
-16
-21
-32
-34
-18
-19
-30
-33
-15
-8
-23
-28
-17
-2
-4
-20
-11
2
-1
-10
-7
8
2
-2
-4
6
18
6
4
6
12
18
13
8
7
6
8
11
9
10
15
13
11
13
13
8
6
10
6
5
9
13
15
7
4
19
15
6
6
11
14
7
6
10
18
12
0
2
4
6
1
0
7
10
6
-1
3
14
15
4
1
9
7
-3
-4
2
3
4
-2
-4
5
7
-2
4
9
8
10
-3
-3
3
3
-6
-11
-6
-8
-6
-13
-16
-10
-10
-16
-21
-16
-14
-23
-27
-17
-20
-22
-21
-20
-24
-28
-31
-30
-26
-28
-30
-29
-29
-32
-27
-24
-30
-31
-28
-29
-33
-27
-18
-21
-23
-16
-9
-7
-11
-9
-7
-8
-7
-11
-4
-4
-11
-11
-8
-8
-18
-20
-14
-8
-14
-16
-15
-11
-4
-13
-17
-18
-13
-16
-28
-20
-14
-14
-21
-18
-9
-5
-4
-5
-2
-1
2
-7
-3
3
-4
-11
-5
-5
-5
-5
-10
-13
-12
-8
-9
-1
4
2
-5
-4
-1
-3
-4
-6
4
1
-8
-5
2
5
-3
0
4
0
-6
-10
-2
1
-3
-2
-7
-6
-2
-2
-5
-1
1
2
1
1
6
0
-5
-9
-5
-6
-10
-10
-1
2
-2
1
-3
6
4
-6
-7
-5
-3
-4
-4
-3
0
0
-1
-4
1
9
11
2
2
8
4
4
5
7
9
5
5
13
10
8
13
16
18
15
12
13
11
11
6
0
-2
-1
-3
-9
-13
-1
-4
-15
-10
-9
-7
-6
-4
0
-7
-6
-5
-1
-6
-4
6
0
-1
-5
3
9
4
-2
-6
8
7
3
-2
-2
0
-7
-5
-7
-12
-11
-10
-7
-10
-13
-5
-4
-6
-8
-5
-5
-5
-3
-2
-1
-10
-8
-6
-6
-9
-7
-2
-3
-8
-6
1
10
11
6
7
4
1
-2
-2
1
2
-1
-1
-2
-1
0
-8
-5
1
-3
-10
-6
-4
-2
-6
-8
-4
-14
-17
-14
-5
-1
-9
-5
0
4
5
4
9
7
3
4
10
19
16
19
20
25
28
24
25
26
27
24
18
9
17
20
11
11
9
11
12
11
12
7
2
3
-3
-2
0
-4
-5
-2
1
-2
6
10
11
7
7
5
3
10
8
6
3
6
9
9
10
10
17
13
7
9
16
13
10
14
12
11
5
14
14
13
13
14
20
11
16
20
25
25
23
24
22
31
32
31
34
33
35
37
32
31
36
37
25
20
25
29
21
17
25
23
22
21
21
21
22
14
17
14
14
18
18
22
22
23
21
19
17
19
19
12
