-5
-10
-8
-4
-3
-5
-7
-12
-13
-9
-10
-5
-6
-6
-8
-9
-8
-6
-4
-6
-3
-5
-5
-4
-2
-2
-2
-6
-7
-6
-2
-3
-7
-6
-5
-1
-5
-6
-9
-7
-9
-11
-10
-8
-3
-9
-8
-5
-9
-10
-11
-10
-5
-5
-4
-6
-5
-2
-10
-9
-9
-7
-5
-6
-9
-2
-4
-6
-2
-2
-1
-2
1
4
6
2
6
10
4
11
7
5
11
15
13
15
14
9
11
12
7
14
13
8
11
11
20
15
14
16
12
12
12
12
15
19
15
19
22
19
19
23
19
16
14
10
12
14
16
18
17
12
15
15
12
13
12
11
9
8
8
12
9
16
11
9
14
9
13
19
12
11
12
11
15
15
11
4
6
10
8
8
7
0
6
3
0
2
-7
-2
0
0
2
0
0
7
0
-2
4
-1
-1
0
0
-5
0
-4
-4
1
-5
-4
-4
-6
-9
-2
-5
-8
-4
-10
-9
-7
-8
-5
-4
-12
-11
-7
-13
-12
-9
-10
-13
-13
-12
-10
-12
-13
-7
-9
-7
-11
-9
-5
-12
-9
-8
-9
-7
-8
-12
-14
-8
-13
-14
-12
-15
-9
-11
-14
-13
-8
-10
-13
-12
-10
-12
-14
-7
-8
-3
-5
-7
-10
-9
-6
-12
-7
-6
-8
-9
-7
-7
-5
-6
-12
-6
-6
-6
-2
-4
-5
1
-2
2
0
-4
-1
-5
4
1
0
3
-5
0
1
-1
2
7
4
10
10
9
13
12
16
10
13
9
7
14
16
10
12
10
7
11
6
9
8
14
13
12
17
10
13
17
11
11
17
11
15
17
9
19
15
7
12
16
13
14
20
12
17
14
7
13
12
9
16
15
4
14
14
9
14
14
9
12
16
4
9
9
5
7
12
9
5
15
-1
2
11
-7
-2
8
-5
-1
5
-9
-7
-3
-7
-7
1
-11
-10
2
-9
-9
0
-12
-9
-3
-13
-13
-9
-7
-11
-3
-6
-10
-2
-4
-6
-6
5
-3
-3
6
0
1
3
-5
-5
0
-3
-5
8
4
1
10
0
-2
6
3
-3
8
6
0
5
-1
-1
-2
-1
-1
3
8
-4
2
0
-7
-4
-1
-4
-4
5
-8
-4
4
8
4
4
3
-6
-6
-18
-13
-4
12
20
17
17
-7
-20
-26
-54
-34
25
50
62
66
11
-29
-56
-79
-55
-8
44
47
69
43
-7
-17
-64
-70
-40
-2
21
59
59
12
-3
-38
-69
-44
-12
-1
34
58
26
8
-4
-46
-40
-10
-4
19
40
17
7
2
-32
-34
-16
-6
3
28
22
-5
-8
-29
-40
-13
9
12
28
11
-15
-18
-29
-37
-17
-2
3
7
2
-7
-12
-12
-16
-8
7
4
-2
4
1
4
12
10
7
6
-1
-2
3
11
16
18
28
14
5
7
8
8
21
29
16
19
10
2
9
14
21
29
32
14
7
17
11
16
30
19
21
26
10
-1
12
6
8
24
17
4
7
4
-15
4
7
-4
15
14
-10
-4
11
-11
4
12
-2
2
7
-12
-9
9
-8
5
17
-7
-12
2
-10
-8
12
2
-1
15
5
-1
21
14
3
16
0
-14
12
9
-3
24
16
-5
13
3
-22
-1
7
0
12
4
-2
-2
-3
-9
-4
11
-5
-1
0
-15
-8
-1
-4
-2
14
-1
-5
3
-10
-7
9
5
8
11
-8
-9
-7
-13
0
17
10
9
3
-15
-15
-15
-7
8
20
17
13
-2
-16
-12
-11
-1
12
7
-1
-1
-13
-14
-6
-9
-9
-1
0
-10
-5
-7
-14
-7
-2
-8
-9
-1
-14
-19
-6
-20
-14
0
-7
-7
2
-5
-19
1
-13
-19
5
-10
-7
12
1
-4
5
-15
-23
-7
-13
-7
12
13
-2
7
0
-17
1
-5
-11
8
13
2
7
3
-8
4
8
1
5
7
-9
4
14
5
11
16
5
0
7
-3
2
21
13
17
27
8
-1
6
1
3
13
15
9
13
6
5
18
17
18
29
25
12
22
15
5
21
17
17
14
7
8
2
11
4
12
10
5
10
12
8
5
16
5
15
6
-2
4
-2
6
1
12
9
2
-2
-13
-16
-8
-2
0
9
13
10
1
-3
-2
-11
-7
-2
-4
4
1
7
7
-1
-2
-8
-6
-11
-10
-1
-9
-2
1
-9
-9
-13
-17
-13
-7
-3
-3
1
-4
-8
-7
-12
-7
2
6
4
7
-9
-5
-1
-7
2
6
8
9
12
9
3
3
5
3
11
15
11
17
11
7
9
8
4
1
5
6
7
17
16
10
9
0
-6
3
5
6
14
10
11
13
0
1
-4
-8
4
7
10
13
9
6
3
-4
2
7
5
11
7
6
4
7
6
5
11
6
10
16
14
14
18
13
11
12
9
14
8
15
17
9
18
11
9
8
7
10
13
15
10
12
8
8
10
6
9
12
7
5
15
10
6
14
8
6
7
8
2
0
2
-9
1
-2
-5
3
-3
-2
-1
-2
1
-5
-5
-4
-3
1
-5
-3
-3
-4
2
6
2
5
11
9
11
12
11
11
15
15
18
17
17
20
19
14
15
17
13
20
19
19
21
20
14
8
15
10
15
26
14
17
20
7
12
9
6
12
12
11
8
8
7
1
9
5
1
8
5
10
8
3
5
0
-2
-2
-3
-4
-5
-5
0
-1
-4
-2
-7
-5
-3
-2
-8
-7
-9
-9
-7
-17
-6
-8
-12
-9
-10
-7
-13
-9
-16
-14
-7
-14
-9
-8
-17
-14
-13
-18
-17
-12
-16
-19
-14
-20
-21
-18
-19
-19
-20
-24
-23
-22
-25
-22
-24
-21
-25
-27
-25
-32
-27
-30
-33
-24
-25
-24
-17
-22
-23
-11
-24
-23
-10
-20
-18
-16
-20
-13
-7
-9
-8
-8
-4
0
2
7
10
10
13
14
12
14
11
12
19
16
15
17
15
19
22
19
23
25
17
18
24
20
22
20
18
18
17
13
20
21
16
24
16
14
16
7
8
10
7
4
5
5
5
7
0
-1
3
-2
0
1
2
0
-5
-4
-3
-3
-6
-3
-3
-3
1
2
-6
-1
-4
-9
-1
-6
-7
-3
-6
-5
-3
-9
-1
-6
-4
-1
-5
-4
-10
-5
-3
-4
-6
1
-3
-7
-3
-4
-5
-4
-6
-10
-6
-8
-2
3
-5
1
3
-1
4
5
2
4
8
10
10
11
10
11
16
20
13
18
17
11
21
17
23
19
18
22
20
27
19
26
29
26
23
28
28
26
25
19
20
17
18
15
19
16
13
16
10
10
7
11
10
10
8
7
7
7
8
2
4
1
-8
-1
-5
-9
-1
-12
-8
-4
-12
-8
-4
-10
-5
-1
-9
-6
-10
-10
-6
-9
-8
-2
4
1
-1
2
-2
-3
3
-3
-3
0
-1
2
3
3
1
3
5
7
10
4
4
7
8
5
9
14
6
12
6
5
7
1
5
10
13
7
7
7
6
2
6
7
8
7
-1
7
6
4
9
7
8
9
13
7
6
7
4
7
8
7
7
11
9
6
7
7
5
1
5
2
1
2
2
-4
-1
-1
-2
-3
-7
-3
-2
-6
-6
-3
-8
-6
-2
-4
-3
0
-6
-4
-5
-5
-6
-12
-3
-7
0
-5
-9
-2
-1
2
0
2
3
11
7
3
3
3
4
1
7
4
5
6
5
11
5
2
9
7
7
7
9
5
4
3
2
8
4
2
5
5
7
8
6
7
5
4
6
5
3
2
7
6
5
10
3
5
5
1
2
1
1
3
5
-1
1
-1
-2
-1
-1
3
4
0
-4
4
-2
-2
-3
0
4
-1
5
3
8
3
2
7
1
3
2
-2
-2
1
0
3
2
3
1
-1
-2
-4
4
2
-4
1
-2
-7
-3
-2
-6
-7
-1
-4
-7
-4
-6
-15
-11
-9
-12
-11
-14
-16
-15
-15
-14
-15
-18
-17
-17
-19
-21
-18
-21
-21
-16
-20
-18
-12
-9
-18
-20
-21
-22
-20
-16
-18
-14
-15
-18
-15
-19
-15
-13
-11
-16
-19
-21
-24
-22
-15
-8
-11
-8
-8
-2
-10
-3
-1
-8
1
-4
-3
-1
-1
2
0
5
8
4
9
3
2
8
1
3
6
8
10
10
2
7
5
0
3
5
9
9
6
7
14
8
14
9
8
19
11
9
11
11
12
15
13
13
11
10
9
10
8
8
9
9
13
11
15
13
8
9
11
8
7
4
4
12
6
6
7
5
4
3
5
5
7
5
3
4
5
5
2
5
-2
2
4
6
5
5
5
1
10
5
7
8
6
8
8
8
6
8
3
9
8
9
12
13
12
11
17
12
15
17
11
12
11
8
15
13
14
10
11
17
11
16
9
11
12
12
9
4
5
8
8
5
8
7
9
8
9
3
3
4
3
8
2
5
7
4
9
4
-1
3
3
3
6
5
3
5
4
0
5
3
1
2
-1
0
-7
-6
-1
-5
-2
-7
-5
-7
-10
-4
-7
-10
-8
-13
-16
-16
-17
-14
-18
-17
-14
-18
-19
-16
-21
-22
-22
-22
-15
-18
-18
-19
-15
-15
-17
-18
-19
-17
-16
-17
-17
-11
-14
-15
-18
-17
-16
-13
-12
-9
-7
-7
-8
-9
-8
-5
-3
-6
-8
-5
-1
-3
2
-1
3
7
0
6
3
4
6
11
7
7
12
11
12
12
13
9
9
9
9
10
7
3
3
4
0
3
4
4
2
0
0
0
-8
-2
-3
-8
-3
-7
-5
-7
-9
-10
-6
-6
-6
-4
-4
-2
-6
-3
-5
-9
-3
-9
-3
-4
-8
0
-1
-7
-5
-3
-6
-7
-3
-9
-7
0
-7
-3
-4
-10
-5
-6
-7
-7
-4
-2
-1
-2
-1
-4
-5
-6
-6
-3
-8
-5
-1
-1
-1
-2
-1
0
0
-4
-1
-2
-2
4
1
2
6
-2
1
1
0
2
5
8
-1
1
1
2
2
5
8
8
11
3
8
6
3
7
12
8
9
17
8
12
17
12
14
16
15
20
20
18
23
16
19
22
15
16
12
16
21
16
17
19
16
16
16
14
15
17
17
20
17
13
15
9
6
12
12
3
7
11
9
12
10
6
6
10
6
8
1
-2
5
3
-2
-2
-1
-5
2
-3
-10
-5
-8
-8
-6
-7
-8
-7
-1
-6
-8
-3
-7
-8
-5
-7
-4
-4
-7
-3
-3
-2
-3
-7
-3
1
0
-3
-1
-7
-10
-9
-2
-6
-3
-2
-9
2
-4
-2
3
0
-2
-2
2
-2
-1
0
1
6
9
12
11
5
9
7
3
8
1
5
11
5
3
2
4
6
5
6
6
7
6
5
9
9
5
10
7
6
9
4
5
8
5
4
7
4
8
6
5
3
3
11
1
5
3
0
2
-5
-1
-4
-2
-4
-5
-2
0
-1
-4
-4
-7
-2
-1
-2
-2
-10
-2
0
-9
-6
-7
-9
-2
-7
-9
-7
-16
-9
-9
-7
-5
-12
-6
-4
-4
1
0
-5
-3
-7
-1
-5
-7
5
-3
3
0
5
4
7
7
1
4
2
5
3
13
8
13
15
9
13
13
9
14
15
6
14
4
11
10
1
7
7
-1
6
7
4
11
7
7
-2
6
5
5
1
-2
3
-1
-3
-1
2
-2
3
1
-1
2
8
-2
0
2
1
7
3
0
-6
0
0
-1
-5
0
-1
-8
-7
-10
-12
-13
-9
-14
-12
-15
-17
-18
-18
-17
-20
-19
-20
-21
-25
-23
-22
-25
-25
-22
-20
-22
-19
-22
-23
-18
-23
-18
-18
-21
-17
-17
-12
-14
-19
-21
-18
-24
-27
-25
-29
-28
-23
-24
-26
-20
-25
-21
-20
-25
-17
-22
-18
-16
-23
-20
-22
-22
-18
-18
-20
-20
-14
-16
-15
-14
-13
-14
-17
-11
-11
-14
-7
-12
-13
-3
-6
-4
-8
-4
-3
-4
1
-3
3
1
2
4
2
8
4
5
3
3
3
-2
-1
-4
-4
-6
-10
-6
-8
-11
-11
-13
-10
-13
-12
-10
-10
-9
-9
-10
-12
-9
-12
-9
-8
-13
-4
-4
-1
-5
-6
-10
-13
-10
-10
-5
-4
-2
-3
-8
-9
-6
-6
-4
-9
-11
-5
-8
-5
-4
-3
-6
-2
-4
-4
1
-1
-4
-6
0
0
-1
-1
0
-1
1
4
-1
2
8
6
7
10
8
2
7
10
7
11
15
8
11
12
4
11
11
12
10
11
8
7
8
3
6
3
5
0
5
9
4
7
5
4
5
8
7
11
8
8
2
0
10
2
8
5
5
5
6
9
5
9
4
3
1
0
3
4
2
-1
-2
3
-3
-6
-2
-6
-1
-4
-4
-2
-9
-4
-1
-5
-2
0
-4
-3
-4
-7
-5
-5
-11
-7
-9
-8
-7
-10
-9
-8
-7
-12
-11
-15
-13
-12
-12
-16
-17
-16
-17
-15
-13
-12
-11
-6
-9
-10
-12
-12
-14
-13
-12
-15
-10
-11
0
-4
-5
-3
0
1
-6
0
-4
-6
-3
-1
0
-5
-3
1
2
1
4
1
2
4
3
2
0
4
4
2
3
5
4
2
7
9
8
10
7
8
11
12
5
3
11
3
4
4
4
7
-1
2
5
3
4
5
4
3
6
6
3
6
3
6
5
9
13
12
15
9
15
10
7
8
4
5
6
7
7
8
4
3
1
1
7
9
7
9
10
10
11
6
15
10
6
7
10
8
7
11
10
9
9
10
9
10
17
13
13
13
8
14
9
9
11
8
8
8
15
11
11
12
8
8
11
8
13
14
9
8
9
13
6
12
10
8
13
10
11
8
7
6
9
7
3
5
4
8
7
3
10
9
7
15
11
10
8
6
10
10
6
7
6
7
8
6
9
7
10
6
2
3
1
4
1
6
5
3
1
4
3
-1
1
-5
-2
-4
2
-2
-9
-2
-1
-1
1
1
3
-1
-2
1
1
-1
1
2
-5
-2
-3
0
2
-7
2
6
3
5
8
11
9
10
12
10
13
10
11
17
12
15
15
13
16
10
9
9
10
8
3
7
10
8
7
5
6
2
4
2
-1
0
-6
-4
-3
-6
-5
-11
-9
-13
-10
-11
-13
-8
-10
-9
-10
-8
-9
-10
-14
-10
-11
-15
-12
-15
-11
-13
-17
-16
-14
-16
-16
-13
-17
-17
-17
-21
-24
-18
-19
-19
-19
-21
-17
-13
-14
-16
-16
-14
-14
-11
-17
-17
-8
-15
-14
-15
-16
-15
-14
-13
-19
-9
-9
-14
-7
-10
-16
-12
-13
-14
-9
-15
-16
-12
-8
-8
-13
-12
-9
-7
-8
-7
-7
-5
-8
-7
-4
-9
-6
-8
-9
-4
-10
-10
-8
-12
-10
-8
-6
-5
-7
-3
-5
-5
-4
-7
-10
-10
-10
-10
-12
-12
-9
-9
-12
-14
-10
-13
-12
-11
-17
-13
-16
-15
-19
-21
-16
-17
-17
-19
-12
-12
-12
-8
-14
-12
-12
-11
-7
-9
-3
-2
-6
-1
-1
-1
-3
-6
-6
-6
-6
-5
-4
-1
-10
-11
-10
-11
-10
-8
-11
-12
-9
-16
-14
-13
-14
-15
-13
-11
-10
-13
-15
-16
-15
-15
-17
-13
-19
-12
-16
-16
-10
-14
-9
-14
-8
-7
-5
-7
-6
-1
-8
0
2
0
4
5
9
6
10
16
11
18
14
20
24
16
29
15
22
15
10
19
1
18
9
14
18
4
17
4
12
10
5
12
1
15
10
14
21
10
24
12
23
22
13
23
6
22
6
7
9
-1
6
-13
-13
-29
-26
-28
-42
-40
-62
-62
-77
-83
-83
-106
-94
-112
-113
-111
-135
-118
-146
-125
-129
-137
-116
-145
-103
-115
-106
-90
-119
-72
-84
-52
-43
-52
-9
-23
27
26
44
76
62
115
104
138
162
153
199
190
224
228
230
262
259
297
283
282
297
292
313
307
306
286
283
279
274
259
227
204
170
161
121
79
45
-1
-8
-73
-129
-180
-240
-231
-305
-341
-399
-473
-460
-529
-514
-569
-616
-595
-649
-593
-629
-620
-589
-610
-530
-559
-508
-459
-432
-314
-320
-239
-203
-143
-24
-10
109
128
201
283
315
426
433
520
563
600
670
668
734
753
786
812
803
820
804
824
831
810
799
761
721
691
674
632
589
527
454
403
341
290
194
138
69
-27
-100
-220
-274
-345
-417
-492
-623
-681
-771
-826
-847
-921
-971
-1053
-1093
-1102
-1116
-1099
-1128
-1118
-1083
-1077
-1042
-996
-906
-835
-767
-714
-663
-544
-428
-294
-181
-69
-17
57
205
349
506
555
612
660
758
880
906
1007
1026
1034
1048
1021
1076
1050
1078
1039
948
941
808
781
752
711
655
470
397
294
271
255
118
73
-20
-103
-172
-243
-223
-246
-270
-342
-453
-431
-413
-401
-375
-413
-436
-475
-458
-390
-392
-341
-362
-373
-327
-398
-387
-352
-232
-186
-343
-366
-420
-280
-142
-245
-228
-339
-272
-260
-289
-116
-234
-116
-157
-261
-149
-252
-27
19
31
-6
-308
-84
32
186
225
-84
-5
-27
169
226
101
269
137
208
192
144
294
300
441
351
283
267
224
474
572
561
402
292
397
471
619
512
457
476
397
392
301
387
392
335
275
12
-14
-29
-41
11
-150
-267
-505
-582
-491
-541
-503
-681
-837
-871
-954
-920
-895
-830
-827
-995
-1052
-1047
-934
-725
-696
-729
-777
-805
-712
-551
-349
-234
-286
-303
-327
-200
50
171
289
249
209
182
282
570
695
747
634
532
608
737
937
967
978
924
799
866
913
1064
1136
1099
1033
878
924
964
1058
1179
1077
963
805
790
912
946
1000
839
699
641
527
576
575
562
453
242
123
-27
-39
-17
-125
-233
-452
-647
-800
-876
-851
-907
-1012
-1259
-1527
-1630
-1556
-1504
-1546
-1701
-1867
-1960
-1991
-1858
-1825
-1710
-1708
-1858
-1798
-1813
-1574
-1371
-1201
-1031
-1279
-1187
-1071
-691
-174
-278
-274
-393
-82
392
417
700
604
747
1025
953
1233
1229
1444
1680
1602
1733
1429
1553
1924
2001
2063
1643
1497
1589
1741
1851
1510
1346
1218
1116
1080
887
756
602
563
332
58
-96
-232
-173
-269
-367
-689
-865
-793
-796
-641
-761
-882
-897
-759
-604
-702
-549
-386
-180
-47
-161
-88
55
493
690
676
695
509
743
991
1185
1174
955
931
856
935
968
732
729
642
439
209
-125
-65
-156
-200
-457
-957
-1079
-1291
-1242
-1226
-1457
-1682
-2074
-2061
-2056
-2153
-2021
-2196
-2153
-2327
-2476
-2369
-2241
-1855
-1895
-2016
-2051
-1919
-1549
-1323
-1302
-1045
-715
-496
-623
-781
-44
572
927
713
425
975
1243
1733
1911
2036
2346
1951
2166
2280
2634
2903
2709
2833
2466
2373
2257
2396
2725
2591
2204
1537
1422
1547
1667
1595
1140
932
592
408
284
210
547
304
-5
-418
-611
-336
-231
-88
-281
-553
-685
-792
-635
-391
-385
-457
-641
-820
-918
-858
-676
-561
-698
-923
-1174
-1365
-1162
-1166
-1022
-1129
-1442
-1596
-1858
-1665
-1607
-1435
-1385
-1841
-1913
-2038
-1732
-1559
-1603
-1339
-1674
-1454
-1716
-1591
-1136
-1166
-628
-1071
-905
-977
-843
-227
-488
17
181
452
129
-422
346
1256
1780
1114
584
955
1428
1708
1769
2209
2161
1724
1486
1800
2453
2334
2279
2147
2048
1739
1321
1715
2024
2145
1541
812
542
674
1104
1018
758
256
-5
-66
-312
-120
223
497
131
-836
-928
-297
317
729
-40
-307
-173
-282
489
246
882
707
47
495
-164
707
697
688
831
-17
61
-487
-110
293
-2
-296
-1150
-1298
-1352
-1035
-1167
-1699
-1511
-2325
-2282
-2786
-2563
-2021
-2761
-2288
-3406
-3180
-3007
-3226
-2239
-2853
-2630
-3017
-2788
-2129
-2757
-1978
-1437
-682
-1268
-2098
-1324
-226
1333
405
242
457
1009
1741
1587
2963
2844
2704
2532
2532
3654
3838
3918
3860
3688
3678
3103
3299
3781
3889
3468
2567
2027
1844
2332
1947
1595
979
521
61
-615
-430
-611
-588
-1111
-1923
-2383
-2396
-2090
-1936
-2039
-2418
-2803
-2732
-2466
-2170
-1765
-1336
-1426
-1830
-1617
-1018
-139
287
435
177
306
741
1255
2008
2091
2073
1894
2017
2417
2248
2740
2813
2412
2408
1662
1856
1697
1881
1813
1003
608
-43
-96
-64
-19
-817
-1089
-1880
-2129
-2055
-2368
-2090
-2974
-2963
-3326
-3830
-3365
-3608
-3339
-3324
-3889
-3737
-4100
-3462
-3127
-3146
-2778
-3234
-2994
-2759
-2201
-1755
-1423
-1425
-1406
-1041
-523
62
227
734
923
1047
1403
1789
2322
2765
2788
2961
3276
3493
3700
3802
4213
4442
4128
4126
4110
4274
4571
4201
4112
3777
3591
3603
3353
3381
2937
2455
2291
2008
1808
1541
1163
896
544
191
-27
-393
-510
-727
-1051
-1182
-1677
-1761
-1788
-1824
-2017
-2407
-2420
-2433
-2545
-2554
-2769
-2717
-2696
-2855
-2688
-3044
-2739
-3083
-2711
-2464
-2913
-2914
-3357
-2467
-2561
-2744
-2975
-3053
-2408
-2609
-2825
-2640
-2347
-1717
-2027
-2412
-2197
-1761
-207
-660
-1228
-1405
-413
757
557
652
922
1284
1365
1998
2476
3206
2516
3073
3815
3830
3658
3220
4667
4750
4459
3776
3449
3814
4073
4185
3549
2696
2432
2454
2339
1833
1293
1239
685
199
-570
-602
-914
-1192
-1277
-2013
-2567
-2964
-2539
-2421
-2786
-3098
-3067
-2881
-2411
-2387
-2388
-2159
-1767
-858
-779
-768
-664
-49
1032
1233
1546
1722
1852
2420
2827
3554
3614
3571
3842
3697
3928
3905
3973
4108
3586
3287
2619
2441
2446
2000
1750
696
161
-278
-579
-891
-1596
-1985
-2731
-3215
-3755
-4070
-4347
-4700
-5072
-5872
-6002
-6267
-6279
-6229
-6524
-6334
-6753
-6572
-6375
-5848
-5201
-5268
-5095
-5208
-4271
-3264
-2324
-2471
-2924
-1398
-479
480
416
844
2364
1978
3291
3854
4552
4732
4005
6236
6540
6209
5295
5996
7362
6656
6194
5863
6086
5457
5581
5332
4748
4078
3390
3632
2937
1960
1550
1185
941
-46
-655
-790
-1652
-1511
-1726
-2308
-3062
-2476
-2125
-2739
-3400
-3056
-1542
-1771
-1758
-2821
-1964
-754
-458
332
-300
-56
57
1150
2155
1869
2154
2263
2188
2591
2801
2980
2755
2849
2702
1957
1550
1500
1771
1503
954
-449
-655
-698
-1026
-1111
-2025
-2492
-3497
-3862
-3738
-4608
-4424
-4967
-5917
-5931
-6780
-6580
-6586
-6115
-5438
-6721
-7647
-7261
-6052
-3742
-3800
-5428
-5553
-5065
-2471
-1405
-1206
-1038
-1042
-107
910
1584
3172
4399
4172
4772
4530
5541
6120
7083
8379
8006
6971
6197
6378
7615
8563
7378
6448
4950
4784
4948
4661
4558
3680
2636
1770
129
-65
644
121
-89
-2119
-2881
-3267
-3183
-2249
-2420
-2981
-3376
-4328
-3972
-2856
-2621
-1188
-2301
-2158
-2424
-2058
-90
-97
1196
685
420
657
1192
2694
3061
3429
2897
2617
2673
2793
3619
3506
3679
2634
1718
1724
1131
1884
1327
745
-156
-1370
-1505
-1793
-1842
-2522
-2881
-3817
-4520
-5597
-5731
-4955
-5324
-6059
-7323
-7333
-7718
-7163
-7202
-6108
-6252
-7929
-7284
-7819
-5098
-4173
-3805
-4134
-6749
-4322
-1650
287
-434
-1947
341
1388
1828
2298
4377
6201
4859
5039
5764
7359
7221
7887
9676
8815
7664
6405
7925
8998
8737
8053
6396
5185
4866
5220
5321
4236
2854
2494
1067
-324
-272
129
179
-1458
-3002
-3115
-3877
-3161
-2523
-2756
-3307
-4798
-3855
-3167
-2812
-2014
-2234
-1336
-1838
-1630
-544
39
1468
1295
1880
1416
1687
2701
3315
3975
3593
3677
2858
3071
3327
3743
3511
2563
2227
1425
1231
917
588
432
-812
-1329
-2509
-2947
-3002
-3715
-3128
-5202
-6725
-6440
-6338
-5912
-6417
-8764
-7777
-8894
-8209
-6993
-8665
-6210
-9432
-8428
-7601
-6883
-4245
-5298
-4751
-6767
-5727
-2374
-1
185
-1890
-1266
463
2205
3950
3671
6348
5063
4747
6159
6727
9528
7984
9689
8945
7716
7688
7792
9631
10038
8619
6726
5539
5132
6719
5977
5521
3614
1941
1701
710
350
912
282
-802
-2528
-3947
-3295
-2811
-1448
-2585
-4148
-5124
-4249
-3169
-2368
-2078
-2451
-2198
-3005
-1791
-859
699
1174
724
1145
991
1818
2888
4119
4399
3572
3109
3001
3608
4436
4673
3898
2892
2355
1749
2000
1843
1557
842
-541
-1003
-2162
-2499
-2181
-2876
-3055
-4823
-6203
-6506
-6192
-5033
-6687
-7702
-8025
-8613
-7979
-8105
-8610
-7878
-8719
-8169
-7679
-8586
-6875
-8490
-6121
-3761
-4144
-4052
-7842
-4527
-335
2071
1185
-3230
-138
2300
4638
4842
4871
7146
5497
6759
6771
8737
10044
9003
10536
8872
8657
7392
8158
10488
9407
8313
5507
4465
5070
5873
5823
3644
1785
1047
641
-354
-386
-512
-554
-1554
-3969
-4431
-3674
-1656
-1568
-3282
-4638
-4765
-2736
-1767
-1320
-1712
-1629
-1224
-1335
109
967
1807
2139
2083
2479
2192
3403
4224
4775
4777
3551
3310
2982
3950
4425
3623
2833
1761
1132
1159
738
575
339
-1733
-2407
-3373
-3177
-2674
-4454
-4614
-6587
-7249
-6469
-7144
-6573
-8438
-8958
-8622
-9179
-8084
-9142
-8961
-8952
-9386
-8401
-8705
-7681
-7751
-7480
-5948
-4924
-3988
-5255
-5563
-3470
147
1052
-685
-1517
545
3795
4372
5373
5322
6367
6507
6826
9089
9472
10508
9671
9919
10148
9191
9525
9532
10450
9855
7952
6684
5720
6770
6891
5591
3851
2051
2023
1249
816
140
-372
-869
-2060
-3152
-3804
-2836
-2013
-1698
-3678
-4878
-4099
-2736
-885
-1800
-2024
-1923
-1883
-287
101
1360
1462
1224
2036
2299
3004
3360
4144
4443
4428
3630
3210
3570
3961
4600
3462
2314
1638
1199
1774
1141
115
-717
-1751
-2275
-3016
-3531
-4060
-4268
-5133
-5616
-7187
-8164
-7314
-7457
-6989
-8449
-9507
-9692
-9175
-8494
-8655
-8930
-9041
-8910
-9976
-8353
-7412
-6777
-6297
-7545
-4348
-3067
-4591
-5581
-4881
1813
2746
-1218
-2238
-159
5189
5525
4892
5722
6376
6825
6796
8983
10768
10979
9468
9795
10366
9215
9493
9535
10616
10304
7553
6135
5092
6713
7730
5567
3294
1459
1682
1790
955
338
350
-542
-2058
-3398
-3179
-1614
-1461
-1517
-3270
-4320
-3709
-2079
-277
-623
-1180
-1872
-1315
8
1010
2000
2003
2211
1998
1933
2818
3390
4577
4535
3667
3013
2289
3255
3683
3646
3160
1249
727
309
352
501
-553
-1168
-2469
-3374
-4073
-4221
-4415
-4785
-5561
-6966
-7397
-7861
-7454
-7744
-7881
-8103
-9230
-9330
-9296
-8466
-8480
-9278
-8938
-8906
-8403
-8915
-8456
-6696
-6918
-6680
-6005
-3000
-1926
-6302
-6227
-1532
3079
3207
-3243
-1428
2518
5505
6813
3715
7562
6535
6916
8330
9438
12159
9873
10387
10538
10558
9575
9646
10927
11123
10298
7257
5833
6371
7505
8004
4879
2735
1908
1853
2581
722
835
-34
-848
-2020
-2688
-2444
-1785
-1527
-2096
-2542
-4681
-2688
-1900
-499
-415
-2054
-1045
-1326
206
1019
1171
1748
1414
1416
1647
1998
2689
3290
3068
2422
2000
1588
2170
2347
2384
1870
190
-207
-320
-177
-158
-1218
-2427
-3127
-3418
-3206
-3792
-4832
-4974
-5714
-5721
-5842
-7174
-6385
-7019
-6759
-6852
-8244
-7037
-7816
-7103
-7424
-8225
-7642
-7265
-6976
-8102
-8150
-7562
-5701
-5313
-5411
-4480
-3585
-4458
-6284
-3361
999
2632
-1919
-4050
150
3138
5914
3236
4637
6131
4344
6485
6759
11276
10494
8472
9053
8299
9488
9152
10650
10767
9804
7956
6106
6301
7685
9214
7039
4228
2646
2372
4134
3360
3288
2199
206
-271
-1666
30
568
390
-663
-2191
-2952
-2059
-119
460
286
-1669
-1372
-1229
-113
1402
1217
1221
466
-49
312
855
1914
2489
1427
489
-395
244
1121
1210
864
14
-996
-1595
-1594
-1153
-755
-1722
-2740
-4069
-3906
-3295
-3612
-3740
-4780
-4874
-5285
-5864
-5304
-5365
-5050
-5587
-6549
-6872
-6864
-6205
-5317
-5212
-6986
-7795
-7827
-6601
-5040
-6558
-7091
-7854
-8166
-4974
-4002
-1540
-3246
-9718
-6499
-1554
4403
1874
-7358
-3347
138
5655
5564
1310
5348
3319
5773
6877
8388
10948
7979
9743
9581
9777
8356
9332
12049
11813
10467
6129
6040
7633
9967
10112
5621
3736
2929
3887
4836
3163
2880
1904
745
-636
-1662
-929
717
536
-839
-3284
-4934
-1884
-374
846
-1170
-3182
-2572
-2226
136
538
428
-1
-572
-857
-306
907
1916
2373
1271
123
-250
284
2052
2422
1738
481
-1345
-479
-32
662
214
-1375
-1991
-2866
-2470
-2441
-2384
-2822
-3209
-3856
-4807
-4877
-4804
-3794
-3815
-5052
-6077
-6901
-5655
-4454
-5171
-5597
-7117
-6952
-6464
-6898
-6922
-6935
-7110
-7862
-8072
-8509
-6484
-7043
-4568
-2953
-5183
-8672
-9916
-1238
2505
1325
-6730
-5967
111
3324
5559
1243
5408
3426
3796
6899
7906
11554
8556
9834
10652
8761
9075
9561
13093
13836
10962
7964
6155
8889
11047
11644
7739
4975
4092
5085
6214
3897
4830
3145
2253
-184
-1194
267
813
1607
-591
-2778
-4209
-2610
-595
323
-622
-2772
-3669
-2984
-1301
277
103
-705
-1659
-2065
-803
-390
760
1168
503
-444
-970
-436
784
1438
1453
325
-1488
-1329
-1115
-27
375
-367
-1695
-3398
-3002
-2235
-1587
-1565
-3437
-4362
-4562
-3913
-3498
-4684
-4180
-4701
-5181
-5879
-7207
-6027
-4857
-5194
-7038
-9001
-8262
-7073
-7490
-7303
-8308
-8580
-8348
-8022
-5601
-3838
-3746
-7552
-10062
-4752
235
1083
-3665
-5489
-637
1254
4126
2013
4222
6353
4467
6238
5811
11125
10618
10382
10989
9585
10505
9197
12274
13265
12709
10429
7172
8153
9894
11014
9266
6217
5305
4434
5115
4404
4106
3764
2159
551
-1680
-408
-195
817
-851
-2764
-3677
-3947
-1489
-1506
-1068
-2557
-3408
-3129
-2576
-1145
-881
-742
-1244
-2007
-1953
-1260
89
808
682
-240
-1300
-878
113
1080
993
398
-1011
-1476
-1358
-384
123
-922
-1314
-3057
-3221
-2693
-2245
-1951
-3385
-4499
-5272
-4654
-3603
-3720
-5284
-5786
-6117
-6751
-6067
-6809
-6219
-7700
-8056
-7782
-9375
-7927
-9319
-8192
-7457
-7953
-5544
-5084
-4885
-9330
-8828
-1487
1703
-194
-7767
-4835
843
4272
5273
1269
5558
3944
5369
7329
9464
13396
9071
10768
11003
11498
11337
11317
14154
13884
12582
8863
7719
10054
12225
11674
7446
5131
4674
5486
5681
3674
3886
2457
965
-1784
-2386
-517
-294
-558
-3240
-4672
-5907
-3941
-2295
-1692
-2215
-4794
-4629
-4477
-2233
-743
-825
-854
-2528
-2334
-1305
-201
1326
1600
1098
-314
-425
534
1836
2540
2139
1337
-278
-213
541
1535
1818
25
-1675
-2203
-1960
-1294
-1595
-2632
-3700
-4996
-4808
-4601
-4888
-5325
-6590
-6807
-6971
-8251
-8102
-8579
-8529
-8357
-10121
-10253
-10989
-10320
-9631
-9238
-7349
-5969
-6702
-11230
-11159
-5928
968
342
-6934
-6899
-3392
2713
4233
2736
5278
3767
4303
5759
9377
13593
11527
11315
11568
12477
11772
12151
15064
16012
15037
10806
9478
9967
12726
13848
10215
7608
5003
5375
6309
5127
5036
3400
1470
-948
-2899
-1362
-256
-560
-2878
-5140
-6639
-5861
-3694
-2717
-2887
-5552
-6064
-5997
-4449
-1984
-1876
-1780
-3066
-3400
-2553
-1200
596
1005
714
-313
-761
-17
1429
2714
2456
1620
514
-89
843
2002
2469
1173
-704
-1523
-1823
-465
-328
-1977
-3502
-4510
-4468
-4766
-4684
-5612
-5928
-6614
-7906
-8066
-8811
-8252
-8604
-9188
-9638
-11118
-11518
-10713
-9213
-5566
-3882
-8152
-14182
-12964
-2446
3141
-1019
-8848
-7859
-1532
2816
4277
3070
5965
3989
3095
5374
10240
13896
11524
11981
11624
11441
10384
12051
16529
17375
14738
9211
7224
10635
13995
14128
9812
6224
4654
4849
5871
4957
5335
3856
1751
-2117
-3794
-1815
283
1165
-2169
-6100
-8538
-6028
-2704
-1135
-2622
-5628
-7007
-6876
-4346
-1771
-630
-1373
-3415
-4718
-3431
-983
1639
2061
814
-1198
-2030
-400
1687
3573
3458
1201
-865
-1214
1001
3484
2831
1010
-1221
-1705
-1294
-580
-556
-1597
-2774
-4087
-4831
-5859
-5159
-5050
-4905
-6756
-8750
-9945
-9329
-7675
-8242
-9019
-12569
-12602
-11549
-9173
-7846
-7733
-6391
-10509
-14368
-10746
-1703
1676
-4404
-10857
-6335
-232
3696
2882
2640
6000
3207
3792
6604
13134
14360
11732
12172
12191
12662
11772
15463
18257
17668
13705
8768
9709
13436
15921
14360
8811
5843
5116
6764
7452
5968
5478
2947
-135
-2993
-1890
300
1124
-1060
-5150
-7295
-6969
-4120
-2345
-2663
-4769
-7185
-7739
-5862
-3823
-1947
-2512
-3883
-5251
-5206
-2976
-1072
761
562
-1221
-2735
-1700
507
2578
2829
1606
16
-665
430
1945
3463
2591
70
-1559
-530
838
292
-740
-1544
-1989
-3036
-4497
-4806
-4079
-4021
-5204
-7910
-9817
-8810
-9082
-8194
-9113
-11679
-11919
-13411
-8702
-4810
-6182
-13216
-18640
-8911
-449
-1031
-10274
-13280
-5592
-763
1450
-1934
758
2383
1040
3450
5736
11353
9721
9949
12488
12103
11418
10607
15484
18619
17926
13451
9658
11414
15515
17243
13921
10192
7687
7982
8755
7487
6888
5762
5165
1709
-1530
-1334
-139
1615
-552
-3634
-7080
-6525
-3983
-2358
-2276
-5124
-6313
-7670
-5760
-3540
-2378
-2461
-4368
-5285
-4883
-2963
-1372
-16
-163
-1244
-2658
-2481
-407
1703
2470
1240
-644
-1466
-174
1431
2198
1997
254
-1073
-1415
-651
712
-229
-855
-2050
-2901
-3380
-4548
-3857
-3347
-3644
-6163
-8164
-8691
-7921
-7229
-8047
-9095
-11963
-11652
-10639
-7430
-3877
-7849
-14114
-16417
-7086
321
-2661
-10541
-11973
-4621
-654
862
-1762
1400
2043
337
3047
6063
11018
8452
9655
12079
11350
10026
10210
15676
18469
16955
11728
9379
12154
15750
16610
13302
9913
7818
8203
9408
7690
7330
6263
4855
1848
-952
27
828
1915
-344
-3724
-6374
-5364
-2899
-1327
-2243
-5415
-6281
-6534
-4343
-2931
-2297
-2643
-4330
-4600
-3497
-2374
-1040
7
-530
-1463
-2750
-1927
-136
1306
2178
284
-1627
-2111
-827
1582
1527
637
-1443
-2475
-2220
-1746
-512
-617
-2029
-4332
-4966
-4790
-3442
-4314
-4726
-5756
-7523
-8223
-9436
-7688
-7705
-8189
-11229
-11567
-10407
-5692
-2569
-9866
-15419
-14216
-1934
1371
-6474
-12384
-9753
-1887
582
-186
-876
1704
-27
554
4208
9057
9675
6342
9391
11383
10672
8703
10787
16081
17323
13965
9130
8900
13665
16444
15300
10779
8354
7688
8886
9582
7434
8131
5867
4215
767
-380
1891
2162
2630
-1349
-4843
-5960
-3855
-811
-42
-2692
-6096
-6747
-5374
-2638
-1613
-1561
-2880
-4486
-4233
-3038
-1222
501
829
-439
-2135
-2207
-663
1276
2385
2059
102
-1730
-1570
-273
2137
1695
-648
-2180
-3148
-2028
-1716
-1642
-2086
-3830
-4804
-5717
-6107
-5560
-5115
-5502
-6701
-9473
-10565
-9427
-8260
-7237
-10338
-12076
-11763
-10474
-5455
-4396
-8024
-15496
-13427
-3152
817
-3699
-11952
-7950
-2665
1504
738
-933
3608
1326
2918
3782
8291
10886
8235
11307
10903
10843
9382
11633
16124
16413
14582
9556
9432
12282
15065
14475
10675
8821
6961
8376
7969
7014
7305
5813
4201
271
-306
907
2138
1877
-664
-3603
-5432
-3530
-1529
170
-1698
-4561
-5364
-4777
-2111
-1285
-1083
-1580
-3217
-3079
-2483
-980
746
1313
846
-1104
-1701
-596
1534
2837
2390
545
-1077
-892
275
1700
871
-509
-1887
-2696
-2656
-3104
-3230
-3840
-4150
-5541
-6548
-7505
-8319
-7417
-7854
-7870
-10451
-12107
-11987
-11250
-10013
-11203
-11566
-10687
-6667
-8365
-13912
-14817
-6822
348
-3455
-10388
-11608
-4388
207
2405
366
1421
1234
-45
4460
8542
12796
9074
8527
10266
11306
11694
11771
15735
16809
15154
10596
8979
12416
15767
15925
12029
7967
6599
7268
9311
8135
7198
5703
2778
454
-1060
1464
2718
1999
-1548
-5251
-5512
-3421
-1238
-349
-1930
-4787
-6326
-5156
-2299
-341
-97
-2210
-3691
-4143
-1642
268
1498
1769
124
-565
-951
881
2722
3694
3280
1321
-186
390
1659
3087
2924
1127
-577
-1784
-1752
-1294
-646
-1470
-2871
-6273
-7510
-6616
-5754
-5063
-8499
-10732
-12210
-11796
-10151
-11675
-12972
-13244
-13013
-10089
-7832
-11727
-17350
-15913
-6049
-1434
-7443
-14630
-12235
-4688
427
69
-2790
-346
-867
930
3978
7897
10502
7505
9550
10881
11107
10544
12243
16621
17875
15118
10564
10442
14229
17596
16516
12616
9632
7980
9568
10624
9206
8769
6194
4062
1271
-5
2138
2783
2050
-1518
-5505
-5816
-3609
-1637
-498
-3411
-6345
-7124
-5543
-2910
-2073
-1884
-2914
-4462
-5075
-2657
-806
1125
1019
-592
-1022
-1201
1042
2582
3708
3699
1465
716
1353
2962
4525
3477
1786
206
251
404
483
247
-809
-1867
-4051
-4213
-5253
-5386
-5512
-7282
-8409
-10733
-11292
-10641
-11794
-12209
-12942
-12067
-8951
-10703
-15265
-18418
-12004
-4810
-5524
-12133
-16049
-10033
-5148
-1068
-3042
-2903
-2068
-3432
524
3594
8354
7072
6258
8552
9494
10030
9709
13625
16418
16248
12473
9663
12452
15706
17676
14762
11449
10152
9155
11566
10836
10055
8633
6364
5228
1976
2772
3247
3504
1838
-2059
-4061
-4321
-1236
-1083
-1953
-4339
-6006
-5521
-5624
-2931
-2919
-2873
-3845
-5728
-4247
-2833
-936
-740
-1006
-1292
-1534
-957
629
2058
2348
2643
967
1166
2452
3062
3837
2657
2275
1801
1252
1426
892
1110
410
-1321
-2534
-2674
-3168
-4146
-4899
-6381
-6829
-8590
-9219
-9983
-11842
-10257
-11154
-9529
-8299
-11813
-16471
-17154
-8336
-3965
-7826
-15506
-15136
-9016
-3894
-2364
-5707
-3150
-4184
-3112
-479
3267
7285
4603
5991
6729
7228
7698
9630
13881
14751
13108
9274
9026
12815
15875
16041
12381
10371
8440
9234
11272
10026
10131
7776
6365
3136
1360
3682
4563
4717
858
-3083
-4642
-2371
429
664
-1606
-5207
-6058
-5430
-2933
-1760
-2319
-2622
-4652
-5198
-4134
-1689
170
230
-614
-2403
-2064
-467
2080
3118
2964
1479
-278
1199
2879
4364
3701
2124
1418
1345
1972
1494
1363
995
726
-965
-2704
-2560
-3106
-2665
-4254
-5805
-7155
-8882
-8347
-9297
-9471
-10169
-11076
-8474
-7236
-11420
-17808
-15377
-6240
-3011
-9481
-17130
-13815
-7907
-3142
-3617
-5409
-3678
-5614
-3578
-482
5146
6194
3228
4636
6531
7653
6692
9580
13220
15028
11815
7357
8314
12968
16646
14737
11072
8782
7691
9594
10657
10086
9450
7233
5926
2383
1919
3605
5113
4519
324
-3373
-4854
-1538
806
1364
-2012
-4560
-5829
-5378
-2296
-1630
-592
-2333
-4698
-5612
-4090
-667
617
443
-1175
-2992
-2651
-380
2469
3596
2709
75
-625
864
3201
4261
2652
2617
914
362
967
1578
2027
529
-543
-1710
-2708
-2574
-2795
-3244
-3659
-6157
-7748
-8054
-7514
-8538
-8688
-8879
-6586
-5887
-11070
-15298
-14070
-4456
-2590
-8219
-14808
-13127
-7130
-3768
-2558
-4030
-3560
-5951
-4106
-856
4501
5449
2978
3851
5204
6347
5470
8408
11826
13538
10681
6522
6391
11181
14862
13803
10145
7582
6777
7910
9781
9019
8762
6781
4961
1945
1626
3518
4815
3964
156
-2745
-4477
-1479
649
847
-1317
-4629
-5185
-4606
-2488
-1375
-1681
-2102
-4172
-5023
-3721
-1566
255
219
-1057
-2939
-2666
-741
1740
2661
2190
543
-620
412
2154
3619
3308
1940
577
228
667
1969
1458
1042
-485
-2060
-2343
-2546
-1299
-2695
-4176
-6192
-6805
-6253
-7319
-8315
-7991
-6900
-5502
-5988
-11155
-13676
-10015
-3315
-3109
-9019
-12295
-9569
-5883
-3200
-2506
-3175
-2421
-5030
-2881
434
3906
4924
2822
4742
5042
5252
5513
8576
11364
11414
8613
6094
7750
10840
12548
10579
8661
7334
6561
7426
7696
7186
7481
5803
4047
1626
1201
3361
3716
3015
-352
-2631
-2494
-1250
124
492
-1609
-3854
-4629
-3667
-2005
-1769
-1727
-2812
-3885
-4176
-3464
-2077
-465
-496
-1888
-2837
-2471
-924
695
1591
1154
33
-439
406
2167
3909
2399
724
325
1333
1857
1586
1113
-273
180
-1077
-1857
-2298
-2367
-2490
-4420
-5555
-6214
-7037
-7256
-6898
-5813
-2917
-5028
-12056
-15068
-7132
881
-2350
-11532
-13259
-7161
-3758
-1642
-3703
-2093
-2358
-5149
-2663
1234
6446
3690
2048
3991
4867
4896
4873
8854
11405
10387
6026
4098
7600
11843
12785
9087
6801
5450
5130
7990
7741
7256
5419
3299
2599
1106
2576
2747
2753
1287
-2026
-2933
-2467
-554
22
2
-2222
-4451
-3791
-3351
-1212
-976
-822
-2846
-5120
-3285
-2195
134
-426
-1073
-2270
-2895
-1312
-503
1286
1120
626
-897
-722
176
1193
3549
2535
525
-1075
-348
1783
2207
1572
-464
-1013
-1658
-1955
-1677
-2206
-2180
-4718
-5245
-5889
-7006
-6365
-6894
-3532
-1673
-6129
-13307
-13350
-2841
2750
-3307
-13333
-11499
-4322
-783
-726
-4094
-814
-2741
-2950
-255
2942
6987
2649
3770
5003
5501
4294
4852
10295
11922
9397
3440
3715
8239
12363
11861
6839
5294
4129
5475
7378
6288
6713
3623
2729
1235
-274
1964
2129
2883
-649
-3049
-4288
-2923
-196
377
-441
-4581
-4549
-3996
-2062
-733
-1417
-1222
-3496
-3869
-3530
-1822
433
-217
-1170
-2872
-2679
-1673
215
1649
944
-137
-1959
-1195
-82
2371
2853
26
-1322
-1164
627
783
589
-238
-803
-907
-2170
-2331
-2444
-1992
-3018
-4652
-3944
-5677
-6352
-6080
-5079
-1076
-2155
-8080
-13458
-7860
1210
1347
-6298
-10602
-5826
-4235
-900
-587
1174
1161
-4163
-2200
922
7655
7192
4012
5010
4913
4692
4556
8952
11913
11094
6414
2789
4940
9147
12054
9521
6323
4297
1911
4569
5922
6594
5310
2023
743
-1992
-74
1598
1790
700
-2331
-4585
-5567
-3411
-757
676
-1595
-5443
-6721
-4889
-1452
-62
-458
-2037
-5077
-4653
-2501
176
1130
-220
-1347
-3100
-2346
-460
1459
2428
1703
-492
-1655
-1132
838
3274
3015
546
-1895
-1242
523
1117
237
-52
-1551
-2658
-2682
-3028
-2429
-3579
-4121
-4590
-5065
-6800
-7131
-6111
-2453
168
-5864
-12311
-12138
-1806
3248
-1931
-9330
-9239
-4304
-792
1671
584
1838
-2469
-2162
1551
5762
8009
4560
6167
6288
5897
4426
7008
11473
12574
9564
4281
3818
7224
11511
11356
7789
4947
2569
3697
5900
5453
5355
2218
1332
-811
-1615
805
719
661
-2730
-4226
-5226
-4230
-2480
-1366
-1921
-5263
-5680
-5444
-2858
-2113
-2425
-1737
-3387
-3828
-4024
-1898
564
226
-911
-2706
-1917
-478
911
1128
1091
1010
-83
-182
-161
2084
2351
1500
-53
-671
288
-125
409
186
7
-2141
-2911
-3091
-3098
-2554
-4090
-5210
-6356
-5848
-5732
-6193
-4741
-2045
-4046
-10667
-12012
-4308
1426
-1411
-9203
-9605
-4284
-1232
870
-1199
1568
-594
-2015
774
4639
9119
6017
5909
5199
6986
6645
7879
11267
12213
11211
5363
5435
8277
12410
12403
7893
5578
3614
4873
7056
6579
5583
2429
776
-548
-769
1319
1614
48
-3748
-4987
-5443
-3499
-2150
-2188
-3381
-6700
-6559
-5787
-3010
-1775
-3443
-4070
-4863
-4334
-3459
-1841
-289
-732
-1722
-3122
-2649
-711
1620
1689
337
-755
-1029
408
1459
2342
1520
805
-307
-389
768
1115
973
154
-412
-1678
-2090
-2267
-2056
-1901
-2860
-4654
-6553
-5468
-5099
-5059
-4631
-6321
-5246
-4742
-6822
-9128
-7237
-1648
-1869
-6492
-8265
-5470
-2428
199
146
-104
10
-995
1034
4185
7812
7451
5068
6096
7497
7941
9007
10466
11475
10964
8745
7152
8341
11917
12172
9070
6725
5360
5293
6602
6999
5234
2637
1327
487
447
1014
78
-1515
-2768
-3579
-4925
-3991
-3968
-3870
-3969
-5263
-5980
-7007
-3777
-3741
-4057
-3747
-4152
-4045
-4832
-2093
-1207
-586
-1502
-2689
-2066
-647
1067
351
731
384
264
70
467
1995
1814
1540
119
-383
773
932
346
-215
-144
-835
-1948
-2439
-2907
-3035
-3372
-3545
-5473
-6709
-6940
-6569
-5337
-6037
-3828
-4498
-8627
-12072
-7803
-366
-956
-6331
-10815
-6596
-3200
559
206
-93
308
-2640
551
3136
8755
8049
6053
6269
6464
8579
8721
11490
12396
12555
9520
6384
8236
12027
14204
11346
7784
5782
4616
7325
8034
7230
4709
2023
1246
-1068
808
1053
1311
-1227
-4596
-5856
-5837
-2748
-2743
-3179
-6061
-7384
-7204
-5673
-3513
-3671
-3517
-5064
-6212
-5667
-3226
-873
-892
-1537
-2647
-3349
-1843
428
1896
1675
582
-660
-398
845
2686
3021
1450
919
-134
753
1009
897
1117
468
-227
-1990
-2479
-2515
-1521
-2136
-3086
-4668
-7944
-6871
-6119
-4951
-6010
-8691
-5890
-5145
-7313
-12038
-9599
-2286
-1689
-6817
-11946
-7376
-3590
82
-602
-1643
-561
-3385
431
3341
8342
7651
4337
5730
7387
10355
9380
10486
11955
12904
11185
7843
9005
12209
14386
11936
8629
7381
5933
7995
8426
7231
5522
3169
2935
167
581
1093
1418
-511
-3261
-4279
-5259
-3755
-3568
-2434
-4615
-6377
-6780
-6477
-4271
-3771
-3394
-4608
-5949
-5679
-3789
-1946
-1485
-1823
-2461
-2614
-2298
-584
1239
892
611
-71
391
1266
1456
2435
1586
753
1483
1288
887
755
520
401
-182
-460
-1344
-1991
-2803
-2657
-3212
-3454
-5209
-7187
-5986
-6625
-6612
-7911
-7900
-6712
-5266
-7475
-11817
-10262
-5336
-2430
-6435
-9320
-7459
-4889
-2528
-1629
-1131
235
-983
-183
1893
5647
7482
5993
7465
8077
9042
8169
10275
12283
13790
12687
8852
8852
10931
14184
12261
10315
8131
6543
7193
7454
7172
5399
4205
2528
515
99
164
107
-767
-2208
-3803
-5051
-4776
-4937
-3199
-3462
-5084
-7012
-6605
-4681
-4429
-3009
-3905
-4157
-5028
-3617
-2226
-1244
-121
-1129
-934
-911
398
991
1829
2510
2510
1908
1328
1810
2803
3755
2840
1476
1601
1581
1210
965
847
766
-1283
-1462
-2202
-2670
-2965
-4077
-4988
-6481
-6637
-8697
-8132
-8228
-9016
-10164
-10632
-7212
-7277
-10159
-13805
-10880
-5446
-4408
-8115
-10874
-7630
-5357
-2202
-1559
-848
-450
-1897
1228
4184
7361
7512
6826
8395
9456
10330
9872
12139
14256
14374
12330
10139
11468
13088
14325
12428
10456
8976
7227
8019
8050
7737
5234
2984
2068
623
633
-58
-339
-1934
-3647
-4945
-5516
-4361
-4405
-4220
-6090
-6905
-6549
-6051
-4652
-4572
-4068
-4869
-5047
-4153
-2487
-1083
-1181
-664
-618
-170
500
1538
2933
2701
2540
2722
3100
3602
3289
3655
3603
3209
2941
2630
1935
1179
1373
1002
416
-903
-2057
-3015
-3122
-3128
-4825
-6592
-7923
-8471
-9176
-8898
-9551
-11090
-11972
-10578
-7196
-8114
-13427
-15829
-10046
-4605
-5452
-10765
-11636
-7527
-4809
-1822
-2158
-923
-1060
-1332
1840
4744
8286
7315
7463
8791
10031
10539
10217
13106
15067
15504
11911
9407
11595
14706
15926
12592
10014
7922
7901
9441
8524
7796
5439
3708
1586
221
760
507
537
-1721
-3912
-5986
-5756
-3993
-3052
-3401
-6547
-7576
-7402
-5433
-3843
-3745
-3828
-5337
-5330
-4136
-1849
-652
-548
-509
-750
-19
489
1885
2946
3484
3203
2074
2695
2818
3785
4434
3573
3224
1975
1191
968
2306
1798
-155
-1365
-2895
-2415
-3063
-3137
-5257
-6745
-7074
-9658
-9459
-9814
-9313
-10471
-11253
-9447
-8537
-10639
-15500
-12755
-6499
-4130
-9080
-14129
-10000
-5850
-2541
-2376
-2817
-1643
-3221
-343
2932
6833
8180
5983
6678
8153
10300
10141
12460
14307
14481
12589
9615
11525
14070
16158
13703
10674
9444
7898
8902
9898
9074
6590
4196
2560
1342
1081
1443
1405
-969
-3434
-5132
-5636
-4070
-3439
-3238
-5401
-7696
-7660
-6264
-4247
-3825
-4134
-4861
-5295
-5311
-3046
-1021
-372
-93
-1088
-807
47
1922
3559
3660
3441
2963
2637
3374
4906
5641
5059
2903
2343
3193
3351
3310
1966
140
-263
-704
-1273
-2086
-3754
-4557
-5744
-6323
-7256
-9164
-10791
-10856
-10448
-10492
-11859
-12476
-8937
-9762
-14163
-15789
-10362
-5109
-6934
-12048
-12426
-8305
-4809
-1432
-2415
-962
-2383
-2204
1798
5800
9408
6876
6881
8146
10485
10934
11665
13546
15300
15184
11052
10275
12688
15987
15552
12301
9897
7990
7999
9762
9162
7610
4638
2239
1265
746
1175
1055
105
-3520
-5097
-5605
-4742
-3488
-3597
-4753
-7275
-7718
-6474
-4812
-3305
-3483
-4830
-5195
-5154
-2862
-672
506
-19
-804
-220
793
2649
3582
4582
3943
3644
3780
3881
4887
5794
6063
4352
2887
3144
3183
3406
2848
1170
180
-850
-1644
-2741
-2747
-3981
-5464
-7236
-8864
-8627
-9826
-10469
-11447
-11948
-12646
-13674
-12507
-10005
-10037
-13944
-16107
-12316
-7523
-7186
-10322
-10951
-8157
-5729
-2513
-2533
-656
-53
-334
2516
4687
8393
7718
8834
10358
11270
11705
11076
13589
15167
16121
13706
11787
12087
13747
14817
12949
11132
8710
7599
8012
7307
6547
4637
2423
510
-1202
-280
-279
-1637
-4532
-6115
-5895
-5217
-5064
-6459
-6485
-7137
-6420
-6375
-5920
-4701
-4919
-4140
-3735
-2973
-2308
-1164
162
1031
1979
2267
2660
3520
5034
5923
5795
5812
5761
6541
6621
6740
6498
5257
5176
4461
4476
3782
2524
1448
228
-19
-1155
-2376
-4142
-5298
-5883
-6969
-8046
-10301
-10544
-11519
-12898
-12373
-13858
-13319
-14541
-14446
-11943
-11280
-12580
-16754
-13338
-9258
-7036
-8757
-10462
-7404
-6797
-2254
-1717
615
1629
80
3027
4715
10096
9679
9713
11008
11604
13319
11833
14645
15338
16621
14972
11514
12499
13129
15244
12635
11086
9249
6750
7349
5838
6409
4417
2650
-145
-2918
-1092
-1389
-1722
-4295
-5516
-6608
-6889
-5570
-6268
-5008
-6195
-6772
-7162
-5340
-3486
-4277
-2817
-2661
-2071
-1899
-194
1604
2663
3762
3073
3175
4112
6308
6807
6505
6763
6054
6173
6089
6688
6345
4924
4894
3210
3319
2372
1122
522
-472
-1226
-4050
-3944
-5523
-5909
-7176
-8835
-9938
-11875
-10736
-13193
-13770
-13793
-14098
-14341
-15466
-13577
-11372
-11153
-15111
-17083
-12090
-7315
-6269
-10306
-10778
-7549
-5609
-707
-695
1532
482
265
4059
6632
11751
10049
10630
11094
12857
12994
13198
16035
16413
17407
13605
11993
12590
15016
15898
12972
10564
7733
6666
7933
7596
6015
3531
1085
-885
-2064
-1636
-1731
-1664
-4426
-6350
-8188
-7240
-5376
-4823
-4844
-7252
-7727
-7322
-4694
-3520
-2276
-2862
-2961
-2844
-1700
1570
2361
4095
3356
3438
3733
4843
6485
7506
7936
6863
6005
5453
6595
7308
7313
5575
3308
2735
2846
2678
2411
449
-1158
-2699
-3942
-4165
-4925
-5642
-8004
-9301
-10496
-11168
-11959
-12289
-12495
-14159
-14347
-15185
-15189
-14449
-13640
-12225
-11929
-12970
-14743
-13428
-8724
-5958
-6826
-8744
-7466
-5035
-1827
1162
2172
3205
2434
4014
6757
10292
12379
11349
11886
12423
13794
14100
14979
16308
16064
15226
13070
12417
13275
13947
12966
10574
8634
6700
6132
5734
4779
3444
1148
-629
-2721
-2989
-3113
-3609
-4101
-5473
-6613
-7524
-6874
-5917
-4928
-5170
-5773
-6298
-5365
-3856
-2556
-1106
-873
-435
-627
853
2488
4304
5407
5241
4937
4980
6492
7106
8027
7698
6944
6126
5261
5447
5800
5761
4654
2534
874
451
57
377
-892
-2780
-4608
-6289
-7030
-6826
-6695
-8514
-10454
-12505
-12572
-12463
-12782
-12998
-14257
-13883
-14566
-16047
-15310
-13545
-10252
-9383
-12039
-15121
-14333
-7418
-3792
-4295
-7292
-7102
-4670
-1860
3069
3888
5493
3648
3982
6735
9909
13930
12888
13974
13264
12962
12975
14515
17936
17992
16306
11954
10582
12480
14281
14116
10938
8487
5556
4292
4855
4268
4379
1587
-1329
-4122
-4984
-3633
-2583
-2133
-5792
-8436
-9191
-7226
-4769
-3444
-4219
-6869
-7361
-5610
-2690
-545
-6
-726
-1134
-854
1673
3899
5665
5968
5184
4729
4846
6442
7784
8833
7823
6096
4677
4919
5601
6371
5809
3121
950
-47
528
466
-131
-1891
-4149
-5792
-6687
-6701
-6862
-7798
-9132
-10867
-12373
-12911
-12484
-12162
-12713
-13920
-15450
-15070
-14889
-13941
-12830
-11558
-10595
-11799
-12953
-13246
-8421
-4175
-3654
-6674
-7853
-3944
-808
2998
3414
4023
4298
3978
6874
9748
13056
13129
12115
12381
13075
14266
14582
15855
16462
15518
13468
11126
11974
13295
13755
10897
7462
6100
4823
5542
4506
3430
1251
-1259
-2813
-3930
-3155
-3277
-3882
-5660
-6942
-7034
-6465
-5462
-4919
-4332
-4727
-5477
-4803
-3329
-978
6
129
282
367
1853
3498
5406
5843
5732
5477
5834
6701
7451
8122
7474
6643
5565
5352
5308
5283
5082
3472
1563
490
269
20
-598
-2041
-3738
-4831
-5894
-6379
-7086
-7850
-8720
-10162
-11038
-11974
-12096
-12396
-13146
-13444
-13770
-14190
-14567
-14196
-13536
-13061
-12287
-11407
-10012
-10660
-11987
-9926
-6231
-3250
-4802
-5980
-4083
-1298
1870
3109
4306
4999
5683
6946
8834
11471
12859
13165
12970
13835
14336
14281
15376
15755
16162
14404
12250
11788
12106
12975
11017
9018
6991
5405
4885
3884
3074
1432
196
-1770
-3554
-3918
-4036
-3339
-4211
-5761
-7146
-7538
-5909
-4919
-3646
-4138
-5803
-5602
-3772
-1128
-292
-144
-338
-167
1143
2640
4395
4870
5022
4810
4626
5648
6156
6968
6994
5976
5360
4389
4512
4948
4688
3937
1669
302
-38
-367
-348
-1411
-2677
-4514
-5655
-6315
-6816
-6658
-8100
-8778
-11032
-11322
-11202
-11835
-10935
-13161
-13280
-14496
-14212
-13297
-13220
-12754
-13636
-11762
-9709
-8015
-10711
-12656
-8716
-4209
-1847
-4071
-6575
-3701
-1160
3726
4890
4235
5461
3887
8082
10129
13641
13247
12518
13864
14021
15352
13735
15836
15980
16853
14228
11151
11356
12021
13348
11296
8190
6020
4347
4582
4575
3041
1971
-986
-2017
-3609
-3500
-3355
-2907
-4269
-6685
-6765
-7188
-4873
-4242
-3820
-4923
-5697
-4672
-2957
-1599
-171
-645
-734
311
513
2619
3298
4664
4304
4248
4473
4734
5580
6256
6757
5447
4811
3983
3819
4551
4477
3701
1767
1
175
-817
-569
-1279
-2694
-4025
-6487
-6467
-6637
-6576
-7904
-9318
-10693
-11124
-10565
-11161
-11309
-12451
-13603
-13683
-12898
-11848
-12581
-14239
-12787
-11977
-8853
-7819
-10330
-11928
-10846
-3992
-2695
-3031
-5760
-4131
-924
1612
5450
3976
6857
5254
7434
9701
11622
14342
12243
14552
14060
14431
13813
13911
16179
16282
15051
11301
9979
11210
11855
11510
8344
6329
4106
3237
3432
1697
2045
-657
-1923
-4197
-5048
-4183
-4312
-3792
-6176
-6634
-7615
-6594
-5811
-4245
-3428
-4987
-4732
-4622
-2227
-850
509
862
563
1331
2154
3736
4789
6415
6159
5625
5562
5925
7400
7645
7756
6645
5424
4953
4584
5058
4590
3187
1747
166
-778
-1360
-1352
-2366
-3978
-5429
-7080
-7259
-7963
-7904
-8800
-10052
-10681
-12155
-11777
-11758
-11588
-12363
-13878
-13578
-13301
-12486
-12789
-12894
-12264
-11762
-9931
-9667
-7891
-8062
-8674
-6458
-4361
-789
-2061
-2385
-557
2069
5394
4818
6413
7643
9063
10120
10413
12855
13462
14588
13839
14019
14640
13467
14296
13636
14707
12724
10464
9645
8859
10323
7989
6364
3852
2732
2553
1151
616
-1099
-1850
-3521
-4576
-4923
-5133
-4807
-5658
-6078
-6317
-6312
-5551
-5387
-4161
-3596
-3091
-2506
-2435
-569
457
1874
2415
3080
3438
3737
5359
5985
7163
7041
6950
6424
6646
7360
7148
7120
6003
5093
4085
3734
3108
2251
1141
-181
-1254
-2497
-3262
-4121
-4955
-5696
-6566
-7508
-8684
-9992
-9964
-9999
-9771
-11006
-12401
-12559
-12389
-11322
-11917
-12157
-12929
-12323
-11802
-11356
-10801
-11512
-10218
-9364
-6976
-5140
-4873
-6446
-8605
-3672
1654
2608
92
-2672
834
3694
7659
8573
7455
8295
6826
9725
10980
14310
14070
12295
12651
11603
13269
11547
13368
13341
12760
10655
6684
7576
8240
9890
7352
4179
2035
435
1984
1558
1188
-590
-2628
-3854
-4993
-3359
-3417
-2719
-3696
-5247
-5345
-5223
-2860
-1907
-508
-1345
-2554
-1762
-224
1940
3074
3621
2741
1813
2408
4195
5899
6173
5498
4198
3321
4197
4814
5260
4706
3452
1959
807
980
1213
1012
-201
-1932
-3640
-4037
-4276
-4155
-4334
-5802
-7031
-8157
-8161
-7958
-8287
-8542
-8873
-9462
-10487
-10446
-9715
-8640
-8752
-9635
-10157
-10475
-9288
-8679
-7878
-7677
-8661
-8900
-7422
-5213
-2526
-2037
-4982
-7359
-4394
1663
3129
930
-1591
133
1944
5513
7187
6819
6959
5110
7326
8403
11645
11667
10411
11068
10338
10432
9285
10977
12065
11994
9701
6322
6092
7821
9174
7733
5277
3224
1294
2315
2868
2657
1793
-289
-1389
-2879
-1745
-1370
-818
-971
-2189
-3378
-4101
-2447
-821
936
147
-1844
-2466
-988
1048
2444
2823
2155
327
71
1758
3392
4516
3695
2390
981
1597
2856
3368
3251
2320
776
-376
-569
107
417
-351
-1891
-3821
-4378
-4296
-3171
-3336
-4419
-6588
-7463
-6590
-5759
-5448
-6855
-7187
-8079
-7938
-7363
-6812
-6541
-7512
-8364
-8777
-8202
-7157
-7065
-7968
-8235
-8533
-8381
-7386
-5938
-4109
-2897
-5397
-8869
-7601
-1207
2701
-16
-3939
-3813
-850
3063
5997
5485
5426
3479
4013
6691
10485
12879
10325
9767
9379
10542
10464
11394
12940
13059
11841
7882
6996
8696
11524
11112
8050
5272
2981
3925
5332
5339
4269
1620
-480
-2312
-1241
644
663
-752
-3524
-4403
-4359
-2216
-1603
-1424
-1905
-3950
-4042
-3810
-1399
-281
-249
-936
-2469
-2154
-1051
1018
1559
1488
446
-771
-86
923
2634
2324
1526
463
-271
411
698
1212
826
-23
-1317
-1621
-1465
-1096
-1006
-1764
-2281
-3417
-3669
-3759
-3715
-3116
-3863
-5089
-5791
-6091
-5470
-5341
-6044
-6553
-7238
-7613
-7799
-8355
-8358
-7589
-7857
-8914
-9859
-9692
-7546
-6717
-5209
-4884
-7577
-8810
-6712
-1345
556
-1329
-3735
-2679
232
3751
5539
4975
5823
4651
6163
8004
10881
12300
11075
11274
10543
11152
11644
12755
13744
13632
11408
8847
8928
10388
11237
9886
7469
5476
3869
4426
4365
3666
3112
520
-1205
-2694
-1807
-1444
-1677
-2983
-5081
-5806
-5859
-4496
-4242
-3382
-4586
-6102
-5973
-4693
-2926
-2347
-2120
-2846
-3350
-2358
-961
354
1263
1336
596
330
1431
2384
3643
3579
3543
2212
1857
2501
3035
4058
2839
1632
181
672
763
1078
318
-758
-1492
-2636
-2511
-3310
-2728
-3442
-4761
-5976
-6476
-6326
-6721
-6759
-7519
-8538
-9266
-9081
-8722
-9259
-9299
-9622
-9699
-9233
-9304
-8846
-8805
-7310
-6359
-5286
-4979
-6277
-5628
-2646
698
641
-627
-459
1688
4355
6510
6713
6922
7328
8096
9272
11067
12674
11962
11825
11757
12481
12070
12287
12511
12219
11965
10056
8975
8496
8939
8289
6687
5140
3273
2337
1997
1245
308
-979
-2206
-3974
-4702
-4679
-4509
-4149
-5574
-7323
-8201
-6240
-5000
-4946
-5412
-6341
-5739
-4670
-2661
-1991
-1907
-1689
-1737
-312
1291
2263
2231
2668
3620
3711
4149
4222
5311
5759
5472
4699
3750
4523
4617
4459
3435
2439
1401
860
822
467
-208
-1483
-2604
-3774
-4035
-4356
-4870
-5445
-6444
-7602
-8433
-8509
-7796
-7979
-8682
-9698
-10380
-9582
-8802
-8239
-8715
-9430
-9497
-8332
-7452
-7060
-6837
-6807
-5770
-5133
-3913
-1935
-1484
-2150
-2698
-365
2835
3169
2532
2298
4204
5687
6835
7288
8020
8958
8393
9077
9661
11274
11129
10724
10856
10451
10236
9317
9919
10118
9425
7845
5982
5561
5662
5187
3882
2197
929
-105
-598
-1435
-1883
-2597
-3579
-4475
-5574
-5233
-5085
-4310
-4775
-6011
-6424
-5605
-4113
-3258
-2960
-3599
-3398
-2442
-1083
-62
939
1162
1011
1373
2605
3770
4347
4580
4478
4512
4590
5051
5122
5467
4917
4180
3540
3320
3193
2793
2386
1366
261
-764
-1039
-1552
-1846
-2773
-3953
-4893
-5456
-5516
-5593
-6012
-6751
-7456
-7709
-7513
-7398
-6959
-7337
-7348
-7362
-7302
-6947
-6024
-5564
-6182
-6126
-5958
-5247
-4570
-4095
-4374
-4735
-3652
-2316
-1163
-326
-1136
-2200
-1295
1728
3111
2491
1371
1544
3326
4853
6209
5370
5989
6165
6460
7245
7815
8885
7956
8551
8096
7565
7221
7140
7853
7365
6539
4538
3606
3933
4152
3737
2138
973
-130
-449
-368
-914
-836
-2020
-2786
-3624
-3691
-3060
-2999
-2736
-3675
-3913
-4264
-3301
-2441
-1861
-1357
-2038
-1560
-1383
-199
784
1331
1890
1242
1583
1920
2958
3756
3887
3536
2398
2887
3109
3807
3538
2853
2307
1583
1797
1254
1450
878
392
-805
-1741
-1534
-1745
-1472
-2307
-3035
-3847
-4175
-3747
-3643
-3428
-3931
-4647
-5132
-4761
-3993
-3844
-3716
-4392
-4914
-5022
-4321
-3198
-3211
-4066
-5111
-5114
-4339
-3211
-3157
-3940
-4702
-4544
-3778
-2271
-1229
-1782
-2988
-3151
-1162
-154
744
176
136
767
1347
2541
2741
4170
4233
4342
4283
4603
5756
6090
6949
6582
6138
5582
5484
6127
6452
6792
5480
4239
3444
3576
4453
3966
3328
1607
745
363
384
939
216
-546
-1681
-2051
-2212
-1934
-1628
-1787
-1765
-2488
-3032
-2813
-1800
-654
-627
-1076
-1761
-1636
-555
366
1173
888
543
211
794
1794
2325
2381
1758
1730
1689
1816
1891
2096
2315
2073
1281
551
691
1441
1527
996
121
-335
-290
-217
43
-309
-404
-1336
-1751
-1876
-1554
-1159
-1751
-2060
-2934
-2897
-2998
-2429
-2153
-2848
-3307
-4145
-3814
-3695
-3392
-3636
-4464
-4542
-5044
-4736
-4664
-4130
-4227
-4935
-4852
-4625
-3536
-3634
-2844
-2798
-2753
-2004
-1806
-1468
-1772
-165
722
886
723
482
1343
2684
4037
3786
3226
3302
3518
4383
5578
5811
4896
4074
4547
4758
5013
5032
4646
4274
3819
3741
3065
3130
3508
3172
2615
1706
1173
1074
1298
1305
463
-20
-671
-855
-976
-957
-592
-739
-919
-2094
-1973
-1441
-611
-225
-753
-1284
-1775
-639
-151
539
454
95
-199
-192
1146
1445
1786
1394
1171
1166
1395
2011
1910
2350
2187
1803
1419
1694
2252
2139
2300
1714
1434
1121
1103
1309
1121
1278
171
-317
-501
-449
-238
-879
-1309
-2223
-2317
-2484
-2740
-2905
-3282
-3496
-4284
-4383
-4590
-4960
-4838
-5070
-5104
-5542
-5975
-6153
-6031
-4877
-5009
-5627
-6328
-5846
-4575
-3784
-3492
-4889
-4480
-3654
-2723
-2204
-2346
-1906
-2072
-967
-23
309
807
991
1763
2567
3280
3586
3586
4686
5394
5726
5635
5813
6091
6673
7298
6654
6369
6102
6539
6307
6174
5717
4860
4605
4098
3710
3046
2799
1710
963
512
-81
-359
-936
-1371
-2243
-2488
-2520
-2733
-2657
-3161
-3176
-3534
-2888
-2738
-2801
-2163
-2782
-1884
-1980
-1036
-874
-685
368
123
1080
1065
2030
2336
3019
3486
3194
3879
3960
4592
4760
4975
4939
4405
4743
4624
4748
4616
3867
3422
2705
2745
2054
1622
1041
258
-280
-1200
-1602
-2324
-2540
-3121
-3959
-4546
-5153
-5263
-5352
-5806
-6301
-7039
-7110
-7153
-7226
-7465
-8079
-8261
-8068
-7705
-7958
-7927
-8178
-7746
-7171
-6610
-6420
-6238
-5647
-5210
-4404
-3683
-2832
-2586
-1447
-829
-184
816
1670
2979
3578
4381
4716
5297
6610
7297
7967
8116
8273
8387
8602
9278
8865
8900
8222
8076
7635
7143
6955
5813
5798
4621
3859
3024
2288
1797
778
299
-820
-1609
-2311
-2937
-3271
-3740
-3876
-4491
-4855
-5167
-5169
-4183
-4008
-4193
-4699
-4137
-3102
-2246
-1764
-1561
-998
-461
531
1208
2386
2931
3347
3889
4614
5501
5745
6405
6830
7259
7133
6898
6952
7143
7549
6879
6090
5264
4748
4574
3962
3427
2111
1090
160
-735
-1168
-1929
-2711
-3912
-4867
-5757
-6443
-6615
-7066
-7457
-8279
-8912
-9392
-9520
-8857
-8987
-9056
-9535
-9600
-9303
-8867
-8238
-8020
-7383
-7496
-7408
-6853
-5454
-4527
-4551
-4113
-3761
-2579
-1492
-1126
-749
-258
1061
1438
1915
2565
2916
3837
4174
4859
4742
5555
5769
5866
6507
6646
6813
6160
6813
6814
6781
6327
5786
5796
5739
5448
4344
3991
3804
3353
2722
1949
1348
672
372
34
-786
-999
-1717
-2006
-2365
-2522
-2570
-2846
-2528
-2921
-2707
-2778
-2521
-1931
-1244
-408
-1057
-870
-202
962
2319
2091
2471
2204
3306
4188
4518
5624
5129
5538
4997
5950
6378
6187
6285
5319
5716
4985
4880
4185
3816
3765
2373
1693
653
354
-290
-1168
-1823
-2969
-3416
-4355
-4936
-5493
-5829
-6171
-6956
-7141
-7682
-7565
-7509
-7460
-7514
-7613
-7289
-7298
-6831
-6460
-6078
-5851
-5611
-5022
-4715
-3994
-4037
-3691
-2972
-2516
-2030
-2265
-1595
-1440
-790
-140
3
329
168
740
937
1725
2125
1727
1995
1865
2584
2687
2913
3363
2600
3314
2700
3148
3453
3414
3801
2638
3269
2636
3175
3260
2971
2850
2017
2524
1879
2353
2004
1763
1747
1226
1512
799
1189
1112
944
1003
392
595
289
787
809
713
684
231
681
745
1301
1122
1012
1224
1075
1540
1587
1876
1992
1646
1720
1547
2101
2195
1931
1871
1442
1811
1506
1752
1374
1113
1093
570
728
98
137
-372
-693
-913
-1444
-1541
-2122
-2374
-2771
-2912
-3130
-3489
-3698
-3986
-4029
-4165
-4076
-4224
-4358
-4354
-4333
-4105
-4028
-3820
-3904
-3583
-3369
-3035
-2701
-2653
-2180
-2215
-1599
-1353
-1047
-531
-809
-431
-356
344
666
391
587
339
1056
1006
1174
1257
1077
1464
829
1361
1190
1355
1416
930
1189
639
1031
954
1003
1107
690
730
670
1014
1025
1059
1145
1155
1288
1233
1394
1458
1777
1912
1707
1725
1606
1901
2078
2221
2145
1886
1959
1920
2056
1978
2049
1913
1735
1642
1404
1541
1426
1479
1293
1019
950
793
960
890
891
845
681
560
358
559
709
710
479
74
125
105
223
251
-5
-122
-626
-662
-688
-766
-805
-1328
-1575
-1956
-2175
-2265
-2474
-2607
-2889
-3342
-3601
-3737
-3635
-3541
-3762
-3771
-3951
-3800
-3652
-3488
-3132
-2981
-2690
-2726
-2453
-2039
-1536
-980
-858
-485
-394
18
579
873
1460
1422
1545
1631
1786
2361
2338
2517
2231
1944
2020
1954
2342
1968
1724
1167
968
1247
859
927
126
131
-184
-413
-397
-943
-621
-1116
-1083
-1385
-1335
-1163
-1270
-1083
-1210
-872
-916
-689
-560
-228
129
125
344
515
880
1176
1287
1567
1597
1862
2036
2100
2401
2315
2556
2332
2520
2488
2448
2577
2233
2383
1978
2133
1948
1853
1844
1384
1441
1107
1241
1075
805
732
388
464
196
100
-48
-329
-357
-681
-769
-992
-1166
-1270
-1507
-1664
-1960
-2218
-2261
-2368
-2487
-2722
-3016
-3014
-3069
-2921
-3011
-2983
-2968
-2917
-2732
-2556
-2127
-1918
-1656
-1582
-1213
-889
-335
10
319
572
615
1121
1310
1944
1967
2129
2174
2195
2543
2438
2660
2435
2521
2347
2138
2029
1712
1676
1428
1111
780
349
61
-290
-607
-706
-1149
-1421
-1979
-2163
-2220
-2377
-2508
-2857
-2763
-2870
-2774
-2897
-2757
-2553
-2350
-2128
-2054
-1767
-1631
-1203
-861
-442
-198
-30
210
635
986
1236
1452
1595
1907
2024
2095
2155
2266
2396
2559
2339
2280
1991
2021
2181
2016
2006
1480
1299
1133
1213
1218
1059
704
374
316
272
378
266
152
-55
-235
-385
-197
-258
-96
-383
-575
-591
-855
-468
-653
-400
-657
-927
-935
-966
-545
-523
-527
-729
-754
-653
-412
-247
-85
-68
-169
-139
-9
280
532
536
417
427
434
721
862
951
915
690
639
802
911
1098
907
622
638
395
652
515
511
383
-26
-159
-468
-297
-356
-378
-769
-1245
-1411
-1564
-1227
-1351
-1514
-1832
-2272
-2095
-2124
-1820
-1805
-1973
-1974
-2226
-2028
-1966
-1562
-1329
-1245
-1371
-1599
-1317
-1028
-325
-264
-242
-466
-587
-38
291
966
779
525
421
475
1174
1260
1440
1161
980
1043
1023
1454
1394
1502
1167
1020
1123
1078
1446
1275
1337
1140
950
1037
1061
1371
1311
1160
882
768
933
1085
1211
973
758
594
545
777
807
816
557
261
273
312
500
413
238
28
-105
-71
-59
-44
-209
-397
-556
-543
-557
-560
-711
-765
-822
-877
-797
-884
-709
-807
-741
-766
-725
-556
-505
-310
-434
-328
-395
-233
-55
18
124
-94
-92
-71
95
303
182
143
-49
-26
84
30
274
14
63
-305
-330
-158
-211
-9
-527
-531
-846
-703
-703
-722
-705
-1095
-1141
-1370
-1175
-1125
-1150
-1203
-1363
-1494
-1378
-1401
-1061
-1064
-1042
-1119
-1245
-914
-869
-333
-487
-263
-450
-262
51
205
671
579
871
682
922
1068
1501
1720
1784
1716
1605
1792
1934
2328
2281
2315
1934
2001
2019
2231
2308
2129
2082
1766
1774
1644
1794
1757
1651
1353
1077
945
895
900
799
552
205
-97
-289
-252
-408
-498
-906
-1094
-1338
-1443
-1444
-1574
-1511
-1819
-1859
-2059
-1992
-1861
-1835
-1679
-1832
-1782
-1771
-1642
-1411
-1276
-1057
-1022
-991
-964
-840
-418
-186
10
-71
-164
5
167
698
807
779
563
371
701
895
1169
953
663
445
400
549
618
507
194
-52
-293
-258
-453
-469
-697
-714
-863
-1199
-1360
-1629
-1251
-1184
-1070
-1512
-1924
-1865
-1542
-892
-848
-1075
-1451
-1433
-880
-285
-10
-98
-357
-137
201
680
945
984
1188
1184
1448
1529
1785
2023
2117
2261
2136
2210
2214
2305
2471
2458
2440
2192
2043
1996
2040
2075
1937
1665
1352
1175
1089
1130
944
661
278
40
-79
-130
-271
-547
-846
-1071
-1137
-1284
-1365
-1566
-1561
-1762
-1861
-1985
-1937
-1780
-1877
-1841
-2027
-1854
-1764
-1539
-1377
-1416
-1320
-1322
-1022
-732
-595
-389
-485
-342
-213
-9
393
386
603
329
502
557
835
1141
948
1098
627
889
849
1070
1192
938
862
485
514
465
658
491
349
-62
-266
-332
-374
-295
-543
-637
-1028
-1124
-1277
-1258
-1166
-1197
-1270
-1495
-1697
-1631
-1385
-1065
-981
-1239
-1312
-1285
-689
-521
-213
-332
-343
45
48
753
682
961
1055
1125
1571
1526
1872
1849
2131
2143
2146
2175
2023
2297
2200
2324
1977
1714
1604
1577
1692
1409
1221
715
562
417
492
446
76
-338
-675
-607
-627
-556
-899
-1163
-1310
-1438
-1324
-1388
-1416
-1448
-1631
-1676
-1705
-1669
-1545
-1510
-1511
-1509
-1534
-1515
-1377
-1201
-1018
-963
-949
-1013
-786
-642
-336
-273
-351
-174
-181
118
133
269
324
364
504
510
691
658
699
882
876
1024
832
764
923
931
1105
852
773
563
634
651
652
624
261
224
-31
32
54
31
-77
-351
-597
-634
-487
-428
-364
-564
-741
-823
-785
-492
-307
-213
-405
-498
-483
-279
204
219
412
56
129
315
556
960
828
1003
669
948
918
1183
1431
1227
1425
968
1103
1069
1187
1328
1118
1006
602
653
547
748
721
400
299
-150
25
-53
59
-39
-313
-430
-729
-490
-678
-447
-667
-904
-897
-1129
-817
-993
-945
-1107
-1125
-1095
-1277
-1084
-1269
-1028
-1202
-1278
-1182
-1285
-998
-1106
-946
-1078
-978
-960
-816
-517
-632
-369
-655
-431
-241
-23
191
-40
68
35
391
420
549
611
496
730
550
863
829
827
836
702
991
721
865
563
667
795
548
752
288
447
299
309
468
260
358
-59
31
-13
161
310
-98
-14
-347
-13
2
-76
34
-231
8
-304
-91
-139
8
46
-183
-44
-225
26
-104
54
31
28
38
-99
156
114
239
234
206
348
273
354
397
429
475
397
470
382
497
351
349
338
280
444
201
186
0
88
127
2
-89
-280
-196
-324
-381
-450
-584
-570
-747
-697
-776
-853
-913
-1035
-877
-1025
-906
-1037
-977
-965
-1085
-913
-939
-707
-768
-725
-716
-657
-492
-381
-180
-94
-30
-15
10
215
466
730
752
592
625
670
1062
1211
1223
1174
989
1027
1159
1315
1417
1297
1058
1041
1014
1049
952
858
811
769
557
357
294
202
273
204
76
-35
-323
-424
-354
-257
-158
-389
-601
-835
-698
-597
-462
-485
-758
-708
-876
-731
-641
-502
-479
-570
-701
-675
-432
-450
-309
-342
-297
-214
-333
-237
-61
39
182
95
99
130
210
307
410
444
348
373
201
335
336
367
336
143
91
-1
7
-55
-59
-157
-238
-459
-555
-546
-547
-584
-786
-834
-937
-928
-957
-1000
-921
-945
-918
-978
-951
-827
-765
-580
-536
-407
-348
-326
-180
-54
240
371
477
416
438
635
819
1137
1167
1154
1067
995
1162
1404
1601
1531
1317
1029
1063
1217
1317
1415
1126
876
637
538
768
846
727
448
123
-8
99
138
113
4
-221
-302
-388
-439
-371
-350
-415
-453
-544
-597
-590
-667
-516
-402
-349
-460
-646
-666
-553
-258
-208
-185
-374
-549
-446
-319
-11
74
-96
-258
-359
-172
62
198
157
28
13
-47
127
199
312
315
148
93
51
135
152
194
55
20
-128
-232
-221
-281
-205
-328
-474
-613
-679
-672
-718
-727
-805
-838
-885
-1029
-936
-963
-815
-793
-821
-721
-787
-618
-551
-343
-197
-115
-90
-80
73
274
468
552
594
549
641
724
894
1082
1073
1045
940
954
1133
1198
1244
1091
984
889
929
940
876
888
612
626
414
434
487
301
326
86
72
9
-60
-88
-163
-199
-313
-328
-483
-472
-485
-515
-437
-634
-586
-669
-623
-562
-582
-433
-545
-487
-596
-461
-326
-276
-185
-315
-220
-244
-77
20
91
170
66
159
137
297
429
392
439
374
398
462
386
415
442
421
435
239
174
149
167
207
107
17
-154
-251
-281
-251
-220
-363
-484
-606
-667
-605
-662
-580
-695
-702
-765
-800
-703
-736
-508
-547
-498
-623
-574
-395
-204
-36
-134
-129
-202
57
269
432
410
230
288
432
706
810
709
623
531
763
905
931
932
651
747
738
851
875
687
630
521
551
471
473
302
222
205
46
51
-164
-232
-191
-319
-363
-526
-622
-668
-739
-728
-697
-698
-896
-996
-1012
-798
-562
-661
-780
-888
-728
-524
-328
-283
-286
-253
-323
-93
0
193
279
277
332
313
351
288
486
704
1021
838
121
-31
380
1090
1245
555
21
-165
100
599
827
616
3
-450
-412
115
364
330
-94
-521
-507
-332
-172
-283
-263
-262
-337
-742
-908
-604
-268
-122
-405
-677
-857
-784
-506
-185
-60
-227
-491
-667
-517
-95
288
274
55
-95
-76
132
329
654
805
650
466
355
525
765
1022
1100
971
695
498
576
679
981
1048
839
416
-44
133
409
666
544
96
-234
-478
-283
-34
69
-140
-457
-714
-747
-622
-490
-358
-512
-659
-857
-877
-713
-509
-383
-459
-618
-719
-584
-396
-201
-153
-286
-307
-261
-106
64
46
87
79
154
261
308
345
348
421
495
530
513
564
549
618
534
506
562
512
586
421
375
315
259
315
282
236
70
-52
-152
-62
-80
-161
-265
-508
-507
-585
-563
-573
-697
-727
-774
-817
-849
-805
-787
-694
-724
-688
-657
-674
-553
-507
-302
-262
-251
-216
-240
-13
71
243
320
273
365
350
518
610
724
716
676
653
583
733
673
780
673
534
529
432
519
446
437
346
295
205
172
208
67
94
-36
-16
-27
-191
-201
-339
-295
-294
-299
-347
-466
-474
-536
-440
-436
-378
-376
-496
-524
-532
-427
-328
-281
-312
-330
-361
-324
-206
-61
57
94
57
65
199
301
474
557
600
624
530
604
690
799
888
826
742
620
651
737
780
730
598
492
381
375
349
336
187
18
-111
-219
-186
-304
-348
-504
-640
-647
-726
-671
-718
-729
-803
-892
-881
-814
-701
-724
-720
-812
-772
-690
-612
-473
-497
-444
-436
-426
-340
-208
-40
24
-48
-73
38
103
239
298
311
302
163
262
366
442
482
355
357
345
373
427
436
422
390
345
276
266
250
330
327
202
77
-21
23
105
122
59
-107
-245
-235
-148
-24
-76
-258
-368
-402
-282
-182
-192
-228
-341
-385
-328
-242
-115
-97
-152
-135
-146
-94
19
86
223
220
163
163
160
310
448
530
510
407
322
373
539
647
686
503
391
370
383
517
500
478
326
178
166
141
180
151
128
46
-100
-229
-241
-161
-111
-140
-308
-427
-512
-455
-313
-294
-358
-530
-577
-529
-455
-351
-360
-427
-529
-542
-465
-368
-341
-367
-373
-438
-443
-402
-284
-184
-232
-302
-329
-295
-184
-95
-53
-45
-154
-166
-120
-25
125
138
123
38
12
132
275
393
390
307
253
289
410
563
589
497
390
355
463
531
542
476
377
351
325
364
379
335
253
164
117
110
116
68
45
-53
-121
-179
-223
-159
-198
-214
-284
-359
-345
-328
-255
-208
-237
-280
-300
-291
-184
-104
-72
-78
-159
-123
-66
36
106
80
98
102
166
198
246
306
311
328
278
299
311
322
345
316
301
200
162
198
234
235
115
24
-7
3
45
27
-64
-175
-269
-261
-238
-290
-342
-451
-524
-564
-586
-524
-546
-615
-659
-666
-614
-592
-575
-539
-531
-531
-511
-447
-378
-335
-333
-299
-213
-129
-51
1
73
152
228
311
382
475
562
600
637
653
682
749
782
822
788
745
726
702
737
749
737
664
556
508
495
465
402
307
217
126
8
-71
-126
-175
-250
-347
-396
-444
-500
-560
-565
-523
-520
-541
-601
-615
-597
-560
-494
-488
-487
-504
-482
-405
-354
-283
-230
-162
-76
-20
40
80
106
202
331
399
369
286
284
359
440
476
429
376
326
312
352
378
377
324
272
240
197
140
78
42
25
-16
-109
-225
-336
-358
-321
-310
-340
-433
-509
-521
-492
-435
-417
-452
-489
-505
-482
-439
-420
-423
-407
-363
-306
-267
-246
-188
-106
-6
70
112
154
200
265
354
424
441
432
435
485
545
551
538
530
540
571
583
589
556
529
520
505
498
435
377
330
277
224
152
88
46
-5
-41
-98
-175
-212
-222
-197
-200
-252
-299
-313
-302
-280
-281
-293
-311
-342
-341
-324
-300
-284
-277
-242
-216
-205
-183
-148
-89
-44
-30
-24
-11
22
51
65
60
58
62
87
98
84
63
56
101
138
160
146
114
101
118
167
187
158
94
57
66
71
56
24
-10
-41
-76
-97
-102
-120
-122
-120
-125
-152
-221
-248
-221
-186
-179
-259
-341
-374
-359
-284
-269
-300
-359
-383
-307
-228
-164
-152
-155
-122
-63
7
58
58
59
99
158
198
163
151
191
261
311
303
277
275
306
357
390
375
329
282
299
310
275
200
117
102
113
97
45
-35
-69
-45
6
35
-18
-89
-119
-104
-59
-61
-99
-156
-210
-214
-207
-192
-196
-219
-201
-185
-176
-167
-151
-98
-48
-32
-42
-61
-70
-54
-19
15
8
-38
-56
-40
17
60
69
77
72
102
150
186
198
177
173
184
189
173
122
85
75
71
70
51
10
-24
-34
-18
-27
-68
-106
-138
-149
-176
-206
-242
-291
-314
-337
-342
-362
-394
-399
-384
-359
-345
-337
-322
-294
-256
-222
-196
-171
-148
-106
-49
-4
22
38
69
120
187
249
278
276
290
320
378
423
421
400
381
384
390
397
382
351
322
298
273
248
206
165
147
123
94
22
-38
-64
-80
-92
-130
-181
-221
-235
-226
-227
-258
-272
-277
-261
-226
-225
-227
-227
-210
-165
-118
-92
-94
-91
-55
4
61
93
101
120
139
160
190
210
221
221
217
210
197
193
201
202
201
183
147
120
112
112
106
76
25
-21
-53
-61
-67
-85
-125
-162
-182
-186
-183
-188
-198
-214
-227
-231
-236
-228
-216
-220
-218
-234
-243
-234
-216
-179
-172
-179
-179
-151
-109
-71
-41
-31
-22
2
33
68
105
118
133
151
167
198
214
248
275
285
290
277
293
316
337
335
301
268
252
255
254
233
190
143
101
85
82
58
19
-30
-72
-97
-117
-133
-157
-174
-192
-216
-227
-225
-198
-174
-158
-160
-167
-151
-111
-65
-23
-8
-18
-13
14
75
117
140
136
127
144
179
221
235
231
217
197
187
187
181
169
140
112
80
53
30
14
8
-9
-31
-60
-73
-74
-63
-65
-85
-120
-143
-132
-123
-115
-129
-146
-153
-142
-120
-103
-92
-87
-84
-74
-52
-40
-38
-33
-33
-36
-45
-51
-42
-38
-34
-41
-51
-53
-42
-23
-4
10
17
19
30
42
54
68
68
76
75
74
85
100
113
117
123
119
122
125
130
135
130
117
103
89
68
55
41
20
-6
-38
-66
-81
-86
-89
-105
-123
-144
-154
-154
-161
-152
-153
-154
-162
-173
-169
-152
-123
-109
-99
-99
-92
-66
-27
2
13
24
18
30
59
70
86
93
89
87
89
99
106
109
108
95
82
74
69
75
63
45
19
-10
-13
-8
-12
-22
-50
-74
-76
-67
-52
-49
-55
-69
-85
-76
-60
-42
-33
-40
-45
-40
-27
-4
16
30
37
33
41
55
75
101
110
106
90
81
91
113
126
122
103
86
81
83
98
101
91
63
39
40
40
39
29
12
-11
-33
-36
-36
-26
-23
-38
-49
-59
-57
-45
-30
-20
-28
-45
-57
-53
-33
-13
-19
-38
-43
-45
-34
-13
-9
-15
-34
-38
-38
-32
-21
-25
-37
-53
-67
-75
-70
-61
-62
-78
-95
-106
-101
-85
-73
-72
-83
-91
-91
-76
-61
-50
-47
-49
-60
-53
-36
-20
-7
-15
-15
-16
-15
-3
13
26
20
7
0
-3
6
12
14
0
-19
-20
-25
-19
-11
-9
-14
-25
-30
-15
-5
4
16
13
12
10
33
50
64
77
74
75
75
87
94
100
104
100
94
90
87
91
90
71
46
30
25
24
21
7
-7
-22
-34
-37
-41
-37
-47
-53
-57
-58
-41
-30
-16
-6
1
10
24
44
66
84
92
98
103
122
137
149
161
154
152
142
145
146
138
131
111
92
66
49
35
16
-5
-33
-62
-82
-101
-111
-121
-144
-155
-169
-173
-172
-173
-168
-163
-154
-155
-139
-123
-107
-85
-75
-61
-45
-21
-3
20
42
48
59
75
82
92
103
106
109
102
102
96
94
98
89
75
65
54
44
29
23
16
-6
-12
-26
-36
-47
-52
-51
-65
-72
-86
-86
-85
-89
-85
-87
-94
-91
-94
-87
-84
-88
-84
-87
-82
-79
-74
-70
-67
-64
-61
-47
-39
-31
-30
-32
-22
-15
-2
10
25
35
34
42
52
64
84
92
96
103
102
112
121
127
131
129
131
123
117
114
111
107
90
76
65
48
34
21
8
-12
-27
-46
-66
-74
-91
-100
-114
-129
-133
-135
-137
-130
-126
-129
-115
-107
-86
-75
-59
-40
-25
-1
17
41
59
77
98
116
127
141
153
164
179
179
178
176
174
168
158
155
141
120
102
83
66
48
23
-5
-30
-57
-75
-95
-112
-127
-149
-160
-180
-195
-192
-198
-200
-205
-204
-201
-191
-169
-159
-148
-136
-126
-112
-89
-71
-46
-28
-20
-7
15
36
48
70
79
92
97
102
115
119
124
126
125
114
111
108
106
102
91
78
64
55
45
38
24
12
-1
-6
-14
-20
-30
-46
-50
-55
-54
-62
-57
-55
-60
-59
-56
-55
-55
-43
-40
-32
-26
-21
-11
-5
2
10
22
26
31
43
53
68
76
78
90
100
109
112
115
121
118
121
118
119
119
118
116
104
106
102
92
89
76
68
58
49
34
23
11
-3
-14
-27
-42
-55
-66
-73
-86
-97
-104
-113
-114
-115
-117
-120
-119
-121
-118
-105
-104
-96
-84
-73
-60
-52
-42
-28
-15
-4
7
17
29
35
37
52
62
67
74
73
79
77
78
76
72
66
62
58
45
39
30
16
9
-1
-8
-20
-32
-35
-43
-51
-59
-61
-64
-65
-68
-72
-70
-67
-64
-59
-51
-49
-40
-32
-22
-16
-4
6
12
22
29
36
44
50
54
60
57
55
54
56
56
54
52
44
36
31
28
21
15
14
8
4
0
-9
-13
-18
-23
-24
-26
-34
-37
-35
-36
-31
-39
-39
-35
-38
-37
-32
-32
-29
-21
-21
-22
-22
-26
-27
-22
-22
-18
-18
-17
-17
-20
-19
-18
-14
-17
-18
-17
-14
-18
-16
-13
-12
-13
-12
-6
-8
-5
-2
1
2
12
11
11
20
22
33
33
41
45
43
43
43
48
49
52
47
42
40
34
29
31
26
22
21
14
12
9
11
0
-1
-7
-11
-6
-11
-11
-16
-15
-18
-19
-12
-5
-9
-9
-5
-1
7
8
11
10
10
15
20
20
23
26
27
29
32
27
20
23
25
27
24
20
19
14
12
10
2
3
-1
-9
-13
-15
-18
-17
-13
-19
-21
-24
-24
-24
-29
-26
-24
-19
-18
-14
-16
-13
-2
-2
0
-1
2
5
12
12
14
17
21
20
21
23
20
26
26
28
28
23
24
27
20
24
25
22
23
15
19
21
17
16
15
20
26
22
25
22
21
28
24
28
24
23
25
24
24
26
25
28
26
21
25
22
21
12
11
10
1
-1
-6
-3
-6
-12
-10
-15
-13
-12
-12
-14
-17
-13
-14
-15
-14
-15
-19
-14
-22
-16
-17
-20
-18
-21
-12
-16
-18
-21
-18
-16
-17
-16
-15
-16
-16
-15
-10
-14
-13
-14
-14
-10
-21
-12
-16
-15
-13
-14
-6
-18
-19
-22
-21
-22
-19
-21
-16
-14
-16
-11
-13
-11
-17
-14
-12
-10
-4
0
2
4
3
6
5
9
9
8
12
5
6
1
5
7
6
8
11
10
4
2
3
8
3
6
-1
-2
-3
-5
-5
-4
-6
-13
-8
-12
-13
-8
-10
-7
-2
-2
-4
-9
-4
-1
-5
-9
-8
-4
-5
-4
-6
-4
-8
-7
-3
-5
-7
-4
0
-5
-10
-11
-7
-14
-15
-12
-14
-12
-14
-15
-15
-15
-13
-8
-8
-7
-14
-11
-5
-9
-4
-6
-5
-1
0
2
3
5
8
13
14
13
14
19
21
23
27
31
26
24
36
32
31
33
33
35
29
37
29
25
31
23
29
30
23
23
15
12
12
11
13
8
9
5
1
2
-5
-6
-10
-13
-10
-14
-15
-14
-14
-15
-15
-12
-16
-14
-8
-8
-8
-13
-14
-13
-15
-9
-7
-12
-11
-7
-9
-7
-2
-7
-9
-6
-5
-6
-4
-7
-10
-2
-5
-3
-4
-9
-5
-7
-6
-8
-8
-11
-7
-7
-10
-5
-7
-14
-17
-22
-17
-21
-28
-26
-29
-24
-25
-27
-25
-27
-28
-24
-25
-21
-20
-16
-13
-13
-11
-11
-5
-10
-5
-7
-2
3
2
14
18
17
18
19
16
26
25
28
27
25
29
30
34
30
30
25
30
30
25
28
27
18
17
18
13
11
13
8
9
9
6
2
1
4
2
5
2
2
3
3
4
3
6
8
10
10
14
14
11
10
11
9
11
13
14
15
14
18
17
17
13
12
12
7
10
13
13
12
9
8
8
11
9
10
16
10
6
6
6
3
4
3
1
3
4
5
0
-3
-3
-7
-9
-4
-4
-7
-5
-2
-3
-1
-1
-3
-7
-5
-8
-9
-8
-6
-12
-9
0
-7
-3
3
8
5
8
12
14
14
13
16
15
21
19
26
28
27
29
34
33
30
31
27
29
22
26
22
23
27
22
20
21
19
16
19
16
12
12
11
8
13
12
9
12
8
7
5
5
1
2
2
5
8
3
6
1
5
5
1
5
2
8
7
7
6
10
8
7
16
5
6
14
13
8
10
10
9
12
10
12
11
10
2
2
2
5
4
1
0
-7
-5
-9
-4
-10
-7
-7
-14
-5
-5
-3
-12
-8
-6
-11
-8
-7
-2
-3
-2
-7
-2
-4
-10
-7
-12
-10
-13
-11
-9
-10
-8
-11
-7
-11
-11
-6
-9
-2
-1
1
2
5
4
9
13
17
22
20
23
20
16
16
16
16
14
20
21
22
23
19
18
21
21
21
20
21
18
14
17
17
12
12
10
9
12
9
5
6
5
5
4
2
0
0
-2
-1
3
-2
1
-2
-7
-6
-3
-2
-5
-5
-2
1
-1
-2
-1
-3
-6
-10
-7
-5
-6
-7
-7
-4
-5
-7
-8
-15
-11
-7
-12
-11
-13
-12
-12
-16
-17
-19
-12
-17
-19
-16
-19
-16
-22
-22
-19
-18
-16
-18
-21
-14
-16
-17
-13
-14
-15
-10
-12
-8
-5
-12
-8
-7
-7
-8
-9
-6
-7
-5
-6
-7
-1
1
6
12
11
14
14
8
14
16
14
19
16
23
25
20
23
23
26
30
21
25
26
19
27
24
25
18
24
26
25
34
25
25
22
25
23
19
18
18
22
19
16
14
13
15
18
13
13
9
7
8
9
10
6
7
9
10
5
7
15
9
13
12
9
10
4
13
10
10
10
11
13
4
6
4
4
11
6
3
4
1
2
-1
0
0
-1
-4
-5
-2
-5
-4
-3
-8
-8
-7
-8
-12
-8
-9
-10
-4
-10
-6
-9
-10
-9
-11
-7
-11
-7
-7
-6
-6
-8
-3
-3
-1
3
-1
0
-1
-7
-5
-8
-14
-10
-5
-5
-5
-4
-8
-5
-4
-6
-3
-4
1
1
-5
-6
-3
-2
-7
-7
-9
-5
-8
-7
-6
-4
-3
-11
-7
-12
-11
-13
-12
-7
-11
-9
-13
-13
-15
-12
-8
-15
-13
-16
-15
-15
-19
-15
-14
-17
-20
-14
-14
-16
-15
-15
-14
-17
-19
-18
-18
-18
-17
-15
-17
-15
-19
-21
-22
-25
-23
-17
-18
-17
-20
-21
-20
-23
-17
-19
-19
-19
-20
-19
-19
-17
-17
-20
-14
-13
-16
-14
-14
-13
-15
-14
-13
-12
-12
-12
-8
-9
-4
3
-2
-2
4
3
7
5
6
6
6
12
13
11
7
7
12
14
13
13
10
15
15
14
13
8
7
8
11
11
11
7
8
7
2
7
9
3
1
2
-1
2
3
2
-2
-2
-1
-4
-5
-3
0
-4
-3
-5
-3
-3
-9
-9
-5
-5
-4
-5
-5
-2
-8
-2
-4
-5
-6
-8
-2
-6
-5
-4
-4
-5
-8
-5
-7
-5
-1
-8
-8
-10
-13
-9
-18
-15
-15
