13
14
7
8
5
6
12
13
13
10
9
13
15
10
9
10
10
6
4
4
5
9
9
8
6
3
2
1
0
0
3
0
0
2
0
2
0
3
3
-1
2
4
4
5
7
0
4
4
2
5
-2
0
3
0
2
6
1
1
0
1
1
-2
-2
-3
-3
-4
-3
-3
0
0
-1
5
-1
-2
2
2
3
4
3
-2
-1
4
3
0
-1
3
-1
-4
0
-2
-4
0
-3
-3
-3
-3
-2
-4
-4
-4
-2
-4
-9
-7
-6
-10
-4
-6
-6
-4
-3
-4
-5
-5
-10
-12
-11
-9
-10
-6
-8
-8
-7
-8
-11
-12
-9
-14
-8
-9
-12
-6
-7
-6
-2
-3
-5
-3
-6
-2
-1
-4
-2
-2
-1
0
3
2
0
4
1
0
5
4
1
0
-1
-5
-6
-1
-4
-4
-4
-10
-3
-1
1
4
7
7
5
8
4
4
2
3
2
7
5
0
1
0
1
2
4
2
2
-2
-2
-4
-2
-4
-2
3
-2
-1
-4
-2
-1
-1
-2
-2
-5
-8
0
-1
2
5
1
5
3
3
10
15
12
13
11
12
18
15
15
13
17
15
14
19
20
21
20
15
10
12
11
6
6
2
-2
-1
-6
-5
2
-1
-5
-4
-3
-6
-7
-10
-8
-8
-12
-9
-10
-8
-5
0
-1
-4
-2
2
-2
-3
2
2
3
8
6
3
9
11
6
6
8
6
4
3
-2
-6
-5
-6
-11
-7
-8
-10
-10
-12
-9
-14
-12
-8
-9
-12
-14
-11
-13
-15
-14
-13
-12
-16
-14
-11
-13
-15
-9
-13
-15
-16
-25
-21
-20
-19
-21
-18
-17
-19
-17
-19
-15
-19
-21
-23
-25
-24
-25
-25
-25
-27
-30
-25
-29
-28
-25
-29
-28
-22
-26
-25
-20
-20
-16
-19
-16
-13
-9
-6
-6
-2
-3
-2
-3
-4
-2
1
0
-2
1
5
5
6
9
9
10
6
5
7
5
4
-2
-3
0
3
5
3
0
2
-1
2
8
0
-5
-4
-7
-6
-6
-12
-10
-9
-8
-9
-12
-11
-12
-10
-8
-11
-8
-6
-2
1
-4
1
5
8
7
8
6
1
3
7
8
10
9
0
0
-4
-2
0
3
3
-3
2
0
2
5
1
3
3
-2
-5
-2
-7
-3
0
-3
3
-2
-4
0
-3
1
-3
-4
5
2
-2
0
-5
-6
-7
-3
-3
-5
-7
-17
-11
-8
-7
-3
-7
-2
-1
-1
-1
0
-1
-6
-5
-2
-3
-4
-4
-2
1
2
1
1
-2
-5
-6
-6
-14
-15
-8
-8
0
3
0
5
4
3
4
7
2
-3
0
1
0
2
0
-2
2
0
-2
2
-3
-2
-1
3
2
-2
-2
-3
-1
-1
-1
0
0
0
4
5
10
10
10
16
13
15
11
7
10
13
12
7
9
7
6
10
8
9
11
14
12
10
15
14
12
17
18
16
19
20
17
16
14
17
18
17
17
17
19
16
18
19
18
19
18
16
15
11
8
13
11
12
11
5
8
3
2
1
3
1
3
4
3
4
1
0
0
-2
-3
-2
-1
5
6
3
-1
2
3
3
6
3
7
7
12
10
5
11
7
7
9
7
4
8
4
5
6
5
5
5
10
6
8
8
5
8
6
4
4
3
-2
-4
0
-3
-8
-5
-6
-8
-11
-11
-10
-15
-14
-12
-13
-13
-11
-16
-18
-15
-17
-17
-23
-22
-21
-22
-15
-17
-16
-15
-17
-13
-11
-14
-17
-12
-17
-15
-15
-13
-14
-21
-19
-24
-20
-18
-17
-16
-16
-11
-10
-13
-11
-6
-2
-9
-8
-5
-13
-11
-14
-10
-8
-11
-14
-10
-9
-8
-4
-8
-7
-13
-13
-21
-25
-16
-21
-17
-9
-8
-9
-9
-7
-6
-4
-5
-9
-7
-8
-5
-3
-4
-3
-6
-5
-2
-4
-1
0
-2
-6
-2
4
2
2
-2
0
3
2
2
0
-3
-2
0
-2
0
2
-1
5
4
4
9
9
8
4
2
1
3
9
6
8
10
3
3
5
7
10
6
7
6
10
13
8
11
11
5
6
8
6
4
1
-1
1
3
6
4
5
2
2
6
5
7
4
6
9
11
13
14
14
12
11
13
14
13
13
11
14
12
10
9
9
9
7
4
3
3
0
-2
0
2
2
-3
-5
2
3
1
2
4
3
5
3
-1
4
3
2
7
5
7
7
6
8
8
6
8
5
5
7
4
5
8
7
9
6
7
12
8
8
1
-2
3
1
6
3
3
5
5
6
7
2
6
6
-1
2
1
7
7
6
6
1
3
3
5
3
6
0
0
4
-1
-2
-1
-2
-4
1
1
-3
-8
-6
-6
-6
-7
-11
-15
-23
-21
-21
-22
-26
-29
-28
-25
-20
-21
-22
-25
-19
-22
-21
-13
-19
-16
-16
-18
-15
-18
-21
-19
-16
-19
-13
-17
-15
-11
-13
-10
-10
-9
-12
-8
-10
-10
-11
-9
-7
-6
-1
-5
-2
2
2
1
0
3
2
4
6
3
3
3
4
6
12
13
10
11
7
10
11
9
7
9
6
13
14
11
14
6
3
3
0
-2
-2
1
1
-2
2
2
1
-2
-2
5
0
-1
-1
2
4
4
4
3
7
10
16
18
18
21
20
20
22
24
23
17
20
22
23
24
23
22
21
17
18
14
15
20
15
12
15
19
18
18
23
21
18
22
19
18
24
17
16
19
24
24
24
27
27
25
24
25
26
24
20
17
14
12
19
21
17
11
12
15
18
14
11
6
-2
4
4
1
1
0
-3
1
0
2
2
-4
-5
-11
-5
1
0
-1
-2
-5
-6
-4
-4
1
2
0
5
6
5
2
3
5
4
2
-3
-1
-6
1
4
-4
0
-9
-9
-3
-5
-6
-4
-13
-10
-7
-14
-8
-6
-5
-6
-6
-5
-8
-9
-5
2
-1
-3
0
1
4
5
0
5
4
2
4
3
1
1
-2
-4
-4
-4
-5
-6
-8
-11
-10
-10
-7
-7
-12
-10
-13
-14
-15
-15
-14
-14
-15
-14
-13
-13
-7
-7
-3
-4
-9
-3
-2
-6
-2
-5
-3
-8
-9
-3
-10
-5
0
-2
-2
0
-4
-6
-5
-10
-4
-9
-15
-11
-6
-6
-8
-11
-19
-19
-19
-20
-17
-17
-14
-19
-22
-23
-26
-20
-24
-23
-22
-20
-16
-15
-17
-16
-11
-20
-22
-19
-22
-23
-24
-24
-22
-22
-19
-11
-12
-10
-14
-16
-11
-8
-4
-7
-4
-10
-10
-7
-9
-7
-11
-10
-12
-12
-5
-5
-1
3
0
8
15
11
13
14
15
12
13
14
12
11
13
12
13
10
6
9
9
13
15
5
2
7
3
1
2
1
-3
-2
3
-3
1
-5
-6
-3
-1
1
-1
6
9
10
11
17
15
17
17
11
11
12
13
14
17
12
17
15
13
16
15
21
18
20
17
13
16
10
13
11
8
13
8
7
10
9
11
11
7
5
9
6
4
8
1
4
10
9
9
8
8
10
10
12
9
6
5
7
0
-2
5
4
1
-2
-3
2
-7
-7
-2
-10
-7
-6
-9
-6
-9
-9
-9
-7
-3
-4
-6
-9
-12
-15
-8
-9
-7
-10
-7
-1
-5
-5
-2
-3
-10
-7
-3
-1
-4
3
1
-4
0
0
3
2
1
3
4
4
2
7
6
-1
1
-5
-2
3
-5
-6
-5
-1
-2
-1
1
-1
-2
5
7
4
11
11
7
7
9
9
10
7
9
11
10
13
14
17
17
15
12
13
10
4
6
-1
-4
1
-2
-1
3
2
0
-1
-3
-6
-6
-3
-2
0
-3
-2
-3
-6
-3
-6
-10
-5
0
0
4
0
-2
2
2
8
4
9
13
13
12
15
19
15
14
16
13
17
18
16
22
24
25
26
17
17
15
13
16
4
5
3
5
10
4
8
7
9
5
5
2
0
4
-3
2
0
-1
6
1
0
-5
-8
-8
-13
-15
-9
-10
-11
-10
-19
-13
-9
-11
-9
-18
-16
-16
-22
-20
-20
-25
-28
-25
-26
-22
-15
-18
-17
-16
-14
-13
-19
-14
-18
-25
-17
-17
-18
-11
-11
-16
-17
-15
-15
-15
-19
-25
-22
-28
-27
-29
-34
-34
-34
-33
-31
-33
-30
-36
-42
-32
-35
-33
-27
-24
-23
-23
-26
-27
-25
-29
-30
-27
-20
-18
-16
-13
-13
-11
-10
-10
-17
-2
-4
-12
-2
-2
-1
-2
3
3
0
0
-1
-2
-10
-5
-2
-1
4
-2
-1
0
-1
1
-4
-1
1
-6
-8
-4
-7
-6
-6
-11
-6
-3
0
-3
1
4
4
2
-1
5
-4
5
3
-8
-3
-2
-2
-4
-6
-5
-5
-8
-7
-4
-6
-13
-11
-11
-8
-8
-14
-12
-21
-21
-13
-15
-7
-10
-9
-5
-16
-10
-6
-1
3
1
-5
-5
1
1
0
-4
-5
0
1
1
3
2
5
5
1
4
-3
-2
-5
-7
-1
-6
-3
2
-4
-3
-10
-6
-5
-10
-2
-8
-5
-3
-2
-4
-4
1
-2
-1
1
4
0
-2
5
11
13
18
20
15
21
14
12
20
17
21
20
18
19
15
16
16
18
20
21
20
17
17
15
18
17
11
16
8
9
13
11
17
17
12
17
13
10
12
10
16
16
18
20
22
21
18
17
18
24
15
15
14
13
19
26
26
26
24
22
19
15
18
17
21
17
12
14
16
14
13
17
16
13
15
17
16
17
13
16
20
19
21
20
20
26
27
24
22
25
26
25
33
30
26
29
30
33
30
24
21
22
25
23
17
16
9
13
17
12
17
17
16
18
15
12
11
12
7
5
4
-1
3
0
1
2
4
7
5
9
10
7
4
7
3
2
8
6
4
6
3
5
13
9
6
6
7
5
11
9
7
7
5
6
1
7
3
0
3
-1
-4
-4
-2
-6
-6
-9
-10
-6
-10
-10
-2
-4
-4
-3
-7
-8
-4
-2
-6
-3
-1
-2
2
5
1
6
3
4
10
6
11
4
8
7
5
7
6
7
6
5
4
7
6
13
11
6
8
4
4
-1
-1
2
1
2
-1
1
2
4
3
4
5
4
7
1
-2
-4
0
-4
0
0
-5
0
-2
-3
-7
-9
-4
-6
-9
-3
-6
-4
-3
-10
-11
-12
-8
-12
-12
-6
-11
-13
-17
-18
-13
-12
-12
-13
-16
-17
-16
-14
-14
-17
-15
-18
-16
-13
-15
-17
-14
-15
-17
-12
-13
-13
-14
-10
-11
-11
-8
-9
-5
-6
-9
-8
-5
-4
0
-1
-1
-6
-5
-1
-3
-1
-4
-3
-8
-7
-6
-10
-9
-8
-5
-4
-5
-5
-8
-10
-14
-12
-13
-13
-11
-14
-11
-11
-10
-9
-9
-6
-8
-8
-9
-8
-7
-10
-11
-12
-14
-21
-16
-12
-17
-14
-12
-8
-10
-8
-11
-13
-13
-15
-15
-15
-11
-12
-9
-8
-10
-11
-15
-12
-9
-9
-9
-12
-12
-3
-1
2
3
-1
-2
-4
-7
-6
-5
-3
-4
-5
-2
-4
-1
-3
-7
-6
-7
-5
-4
-6
-4
-7
-6
-9
-8
-8
-12
-6
-9
-10
-11
-14
-11
-10
-8
-12
-5
-4
-9
-7
-7
-3
-8
-9
-5
-9
-10
-11
-8
-5
-3
-5
-5
-1
0
5
4
3
2
2
7
4
2
8
8
5
2
7
12
10
10
7
8
3
-1
3
3
2
-3
0
2
2
5
-2
0
-4
-4
2
4
4
3
4
-1
1
0
-3
0
0
-2
-5
-8
-2
0
4
9
4
8
6
6
9
10
10
13
19
14
11
13
14
16
13
14
17
8
5
11
7
5
7
-1
0
2
3
5
2
8
9
9
11
11
6
7
9
12
11
5
9
11
10
13
13
11
13
14
16
17
15
13
14
11
11
13
8
8
6
-2
-3
-2
-7
-2
-5
-6
-7
-8
-5
-3
-7
-8
-2
-13
-14
-10
-10
-11
-10
-10
-9
-8
-8
-7
-9
-7
-8
-14
-8
-3
-2
1
4
3
-1
5
2
7
9
2
4
4
1
2
9
5
12
10
6
11
8
11
10
9
7
0
6
7
8
9
7
5
6
10
5
8
7
3
6
10
9
13
23
21
22
17
21
14
16
15
10
15
14
8
10
14
6
9
8
4
7
8
3
5
5
9
10
4
9
4
6
11
9
9
17
12
9
19
15
15
22
24
25
28
29
27
30
30
31
33
27
26
27
29
27
26
24
24
24
22
19
18
20
18
15
14
16
15
15
15
11
16
14
11
11
10
7
7
14
11
16
20
21
19
15
16
15
15
12
9
12
10
7
4
1
0
-4
4
2
1
-3
-9
-4
-7
-10
-11
-9
-9
-9
-9
-11
-14
-13
-11
-13
-7
-8
-9
-6
-3
-6
-6
-6
-4
-10
-2
3
2
7
6
8
10
17
13
13
21
14
10
14
14
9
12
10
7
12
10
7
6
1
-4
2
1
-4
-4
-14
-10
-12
-12
-9
-17
-17
-23
-17
-13
-17
-9
-11
-12
-11
-8
-8
-9
-6
-5
-7
-4
-8
-16
-11
-14
-11
-14
-12
-12
-14
-13
-18
-19
-21
-21
-18
-15
-23
-22
-26
-22
-23
-32
-24
-24
-25
-26
-21
-23
-19
-19
-20
-19
-21
-18
-19
-21
-20
-14
-17
-14
-10
-15
-18
-17
-14
-10
-14
-9
-11
-13
-9
-11
-8
-5
-7
-10
-9
-9
-12
-13
-17
-14
-11
-13
-13
-9
-11
-12
-11
-11
-14
-15
-17
-16
-11
-8
-8
-12
-14
-8
-10
-8
-4
-5
-7
-6
7
4
7
10
6
10
12
12
6
6
6
-1
0
2
1
4
3
5
2
-3
-1
1
-5
-9
-13
-11
-13
-21
-15
-15
-21
-16
-11
-14
-13
-14
-13
-9
-9
-8
-8
-8
-12
-11
-8
-11
-10
-8
-10
-8
-6
-8
-12
-4
-5
0
6
6
2
0
-2
-1
6
2
5
6
3
-1
-1
3
6
8
9
7
4
7
5
3
4
4
6
8
6
4
7
6
6
6
1
7
9
8
15
15
13
19
20
13
15
14
12
8
11
18
14
18
12
16
21
11
10
16
10
10
15
18
15
17
22
18
20
21
21
22
27
23
24
35
28
30
34
28
28
29
26
23
27
29
24
22
19
20
17
17
19
17
15
15
18
14
9
15
13
4
3
6
5
2
-2
-6
-2
-4
-7
0
-4
-7
-5
-2
-8
-9
-10
-10
-9
-14
-9
-5
-10
-15
-11
-10
-12
-13
-13
-19
-18
-15
-17
-8
-8
-8
-4
0
2
-5
-8
-4
-2
-1
-6
-1
-5
-9
-7
-6
-1
-1
0
-1
-5
-3
2
4
5
1
-1
4
4
-3
-2
6
5
4
11
10
8
10
8
3
9
5
3
0
1
-2
-5
-6
-11
-13
-8
1
-12
-26
-24
-14
-16
-16
-13
-29
-33
-24
-21
-7
-15
-32
-17
-15
-20
-14
-11
-12
-22
-25
-12
-1
-1
-5
-8
-6
-12
-8
3
3
-7
-15
-3
-1
-4
5
7
0
-11
-10
1
13
3
-11
4
-8
-9
17
9
-1
-2
2
2
3
-3
-3
11
-8
-10
2
-11
-14
1
-8
-4
9
-5
-9
-11
-13
-1
8
0
-8
-11
-9
-4
4
1
2
-8
-2
7
6
16
13
2
13
25
-5
-4
16
-1
-7
10
-3
1
7
-11
20
30
-10
-8
31
12
5
21
5
10
15
-16
12
41
19
8
-11
-8
31
54
18
18
7
7
25
-2
10
47
42
9
1
-10
17
46
9
25
72
6
-18
-39
-85
13
158
182
2
-329
-467
63
612
367
-161
-526
-454
179
597
394
-122
-540
-548
85
588
273
-137
-364
-321
-5
220
164
83
-37
-268
-203
5
107
157
24
-186
-177
-69
33
98
67
-87
-104
-53
-12
68
11
-47
-55
-45
-30
35
21
-28
-13
-63
-64
54
48
2
-51
-87
-4
38
6
-31
6
-54
-45
9
6
38
5
-53
-39
22
25
18
3
-34
-8
38
-4
3
3
-13
-14
17
15
-27
-18
-8
21
3
-4
-13
5
10
-22
-21
3
-5
-1
-11
-23
-5
0
-21
-38
21
3
1
-14
-22
7
3
-28
-4
36
-20
-7
16
-21
-8
30
6
34
18
-27
-9
25
6
15
33
-18
7
1
-27
-9
24
6
5
-6
-23
4
-3
-31
15
27
-29
-14
-37
-23
33
23
-23
-12
-30
-47
22
30
-5
10
-8
-19
26
-9
-22
10
15
-3
14
-22
-31
35
19
25
19
-3
10
17
-16
0
43
-3
-20
16
-19
0
26
-18
-6
7
-3
8
54
-12
-40
-1
-15
15
19
-17
-20
0
-14
-21
10
16
7
3
-40
-7
9
7
38
13
-22
-34
-2
-13
15
27
-6
-7
-40
-46
13
43
12
-12
-19
-49
-31
16
29
53
-8
-42
-32
6
26
35
27
-14
-3
-11
27
65
23
-31
-2
9
17
48
32
1
17
8
8
70
55
-1
-13
6
4
47
40
-3
-14
9
14
11
23
5
2
-5
-8
-18
10
11
4
-4
-12
-24
-5
6
2
22
5
-7
-22
-12
-10
17
22
5
5
-8
-19
13
29
7
12
14
4
4
8
-12
22
24
2
-4
10
11
11
25
13
12
12
8
11
37
26
11
2
21
21
7
14
21
29
29
15
-7
11
26
29
34
29
-12
4
29
27
23
19
1
10
48
28
19
10
0
4
26
25
16
23
1
-22
6
25
30
7
-25
-8
11
13
5
15
5
3
2
11
24
19
10
15
18
5
9
27
41
19
1
3
17
22
35
26
14
16
14
10
22
31
21
33
21
5
9
26
19
11
13
3
9
22
8
-2
4
-1
0
5
2
-12
-10
-10
-1
-4
-3
-3
-7
-1
-18
-12
-1
-6
-15
-11
4
0
-1
-1
-9
-7
-11
-6
1
-1
3
-5
-10
-4
3
1
2
-1
-12
-15
-6
-1
-6
-15
-13
-15
-8
-11
-13
-12
-19
-14
-10
-4
-6
-10
-19
-20
-13
-16
-16
-18
-17
-11
-14
-20
-13
-15
-24
-18
-15
-18
-9
-11
-14
-12
-18
-22
-17
-13
-14
-17
-23
-28
-25
-14
-10
-11
-22
-24
-29
-39
-32
-26
-27
-26
-36
-46
-39
-30
-21
-23
-31
-43
-36
-28
-24
-23
-35
-42
-41
-33
-26
-15
-15
-27
-35
-28
-21
-14
-19
-27
-22
-15
-10
-8
-12
-20
-18
-9
-5
-11
-13
-13
-14
-20
-17
-7
-9
-22
-23
-14
-15
-14
-13
-16
-20
-17
-7
-4
-2
-2
-10
-3
-4
-8
-6
-8
-12
-22
-13
-5
-8
-6
-11
-7
-11
-8
-2
-12
-5
-8
-8
-3
-11
-15
-18
-7
-4
-6
-5
-12
-16
-16
-5
-1
-7
-10
-11
-9
-5
-6
-13
-5
-4
-2
4
-7
-4
-9
-8
-4
1
1
-4
-4
-4
-1
0
-5
-8
-3
-2
-1
-1
2
1
-8
-8
-8
-6
-2
0
-1
0
-1
3
9
14
9
5
6
7
12
8
8
14
21
24
19
20
25
21
23
23
22
23
20
21
28
27
20
26
23
18
17
23
23
20
26
26
25
22
24
20
25
22
16
15
21
23
21
25
20
18
20
20
23
33
32
31
28
23
29
29
26
24
23
22
27
28
28
25
23
23
26
29
26
27
26
22
13
19
18
13
16
10
15
13
15
17
14
12
8
10
8
6
6
3
6
5
5
-1
-1
4
-4
2
-2
-1
4
1
1
1
3
4
6
0
2
5
1
0
4
4
3
7
3
3
3
-2
-2
-6
-4
-3
-2
-3
-7
-4
-7
-3
-5
-6
-7
-11
-6
-9
-9
-10
-7
-5
-3
1
-1
-1
-5
-5
-4
-3
-1
2
2
2
3
2
1
-7
-1
-1
-1
-1
0
-5
-10
-2
-3
0
-6
-3
1
-6
-3
-6
-4
-4
1
-4
-6
4
4
4
6
1
-1
2
4
2
2
5
2
4
1
1
3
0
3
3
9
12
8
9
16
13
9
11
11
13
12
10
8
10
10
11
13
12
13
15
14
12
9
4
8
7
6
15
12
9
6
7
13
11
11
10
10
10
10
14
13
14
12
10
12
11
7
8
10
10
11
8
6
7
6
5
5
5
5
8
9
11
11
10
9
14
12
12
13
13
14
17
20
14
15
13
7
13
11
12
13
18
18
16
19
11
16
20
19
18
15
17
19
15
13
14
18
16
15
12
9
13
12
13
11
6
9
7
8
6
5
4
3
0
3
4
1
-1
4
8
0
0
-2
-3
-1
-5
-6
-5
-2
-1
-2
-2
-8
-5
-3
-6
-1
-3
-3
-3
-3
-5
-5
-4
-5
-4
-4
-4
1
-1
0
5
2
4
1
2
5
-2
-2
3
2
-1
1
-4
-2
0
-1
0
-4
-7
-2
2
0
-3
-4
-8
-7
-5
-5
-3
-6
-3
-4
-5
-8
-3
-8
-9
-7
-9
-1
-5
-4
-12
-9
-9
-13
-11
-6
-3
-4
1
-1
1
0
-1
-3
-4
-3
-5
-5
-5
-6
-2
-12
-11
-6
-11
-10
-14
-10
-12
-15
-14
-13
-10
-11
-13
-16
-14
-12
-13
-10
-5
-4
-5
-6
-3
0
-5
-7
-1
-1
1
3
3
1
-4
-2
-6
0
-1
-4
0
-2
1
-2
-2
-4
-2
-1
-9
-8
-8
-6
-3
2
3
-4
-3
1
3
4
2
5
5
4
5
7
4
1
3
0
5
6
5
6
4
7
3
5
9
6
3
3
2
2
-6
-5
2
0
5
0
0
4
-2
-1
3
-8
-7
-6
-4
-5
-12
-8
-5
-2
-4
1
-1
-3
-1
-1
3
6
2
6
7
7
8
6
11
14
13
16
19
12
10
17
16
11
15
11
5
10
10
9
1
4
10
6
6
7
7
7
3
6
8
6
10
10
8
11
11
6
17
17
18
22
23
31
25
26
29
24
27
27
24
26
26
20
18
28
22
14
18
21
21
10
8
8
14
16
15
14
8
7
13
4
2
10
4
3
2
-3
-7
-4
8
22
9
-6
-1
14
12
0
2
0
5
7
4
3
-5
-9
-6
2
-3
-6
0
-6
-3
0
-12
-14
-7
-4
-4
-16
-19
3
2
-18
-21
-20
-17
-9
-10
-13
-2
-5
-9
2
-8
-6
4
-3
6
16
-3
-7
16
15
-2
4
16
18
9
9
14
11
9
17
28
16
15
22
8
1
17
3
-13
10
21
18
-3
-14
17
20
-15
-17
8
-1
1
16
0
2
-8
-7
22
8
-14
-1
12
11
20
-6
-15
7
11
14
1
-16
-5
10
-5
-22
-14
5
23
1
-38
-34
-4
16
-12
-45
-40
-8
15
13
-12
-30
-19
-15
-8
-19
-53
-33
14
28
20
-16
-37
18
14
-65
-65
-24
14
67
19
-14
78
34
-78
-50
-78
-74
68
23
-12
164
125
-74
-98
-30
46
-191
-473
182
747
-60
-498
309
524
-269
-735
-127
551
-92
-630
452
966
-210
-604
174
283
-345
-707
-52
739
195
-411
235
564
-119
-541
-347
78
131
-301
-58
619
345
-237
-124
79
-87
-384
-380
130
375
14
-37
274
186
-143
-290
-244
-79
-52
-107
106
292
144
4
-33
-100
-140
-205
-211
-2
122
63
121
157
20
-111
-181
-167
-114
-124
-29
150
129
29
46
13
-117
-192
-184
-83
2
-12
54
154
79
-55
-98
-88
-81
-117
-90
60
103
21
37
62
-18
-92
-92
-63
-25
-13
29
102
67
-1
-8
-5
-3
-19
-56
-17
60
55
42
51
26
4
-3
-21
-14
15
31
38
41
49
44
4
-16
6
6
-14
18
72
66
32
2
-7
-2
-27
-57
-6
75
76
47
37
35
5
-61
-52
-27
-60
8
158
127
16
29
23
-48
-105
-75
11
-7
-23
120
188
41
-21
24
-27
-90
-93
-21
72
39
24
138
133
-12
-28
5
-55
-93
-43
63
92
44
71
130
39
-77
-24
-10
-95
-68
56
99
62
59
101
70
-50
-87
-32
-32
-53
8
83
91
58
36
21
-3
-26
-40
-45
-15
39
55
39
39
59
49
-5
-11
25
22
-11
-5
17
30
54
54
59
45
10
-6
8
14
3
9
35
67
67
64
63
34
-14
-12
12
4
27
63
73
50
43
43
39
12
-12
23
37
12
31
49
38
36
13
17
48
21
-22
13
25
-18
-23
23
49
10
-9
18
28
-27
-51
-23
-24
-18
10
28
25
25
15
-23
-43
-33
-39
-32
5
24
22
32
29
6
-28
-48
-25
-32
-42
14
42
14
4
17
-1
-42
-58
-31
-13
-32
-17
31
46
17
-10
-21
-28
-38
-58
-50
-14
16
16
11
17
13
-7
-52
-47
-5
-12
-27
12
42
29
2
-12
11
-5
-49
-15
34
13
3
29
30
24
9
-9
8
2
-26
-3
13
-3
5
13
-3
-5
-7
-21
-5
-5
-24
-3
8
-9
-3
-11
-23
-4
-15
-26
13
12
-21
-4
13
-1
-20
-22
5
20
-12
-21
26
20
-23
-21
-11
-4
-4
-18
-2
17
-5
-12
8
-1
-32
-40
-31
-18
-20
-33
-11
0
-15
-6
-3
-23
-23
-19
-34
-32
-12
-6
-2
1
6
19
6
-14
1
-4
-22
-2
21
35
37
20
21
43
27
-10
-2
16
17
5
13
52
61
20
1
20
14
-11
-21
-13
8
7
-2
21
33
22
0
-14
-11
-13
-18
-24
-6
20
13
1
8
15
-1
-43
-41
4
2
-23
1
42
26
-14
-6
9
-3
-35
-46
-7
2
-23
-26
9
17
-27
-40
-15
4
-28
-44
-11
-4
-27
-32
-11
-6
-25
-19
-20
-22
-26
-28
-18
-23
-13
-8
-15
-23
-10
-6
-22
-23
-18
-17
-27
-30
-16
-3
-21
-25
-5
-7
-21
-30
-24
-27
-45
-48
-21
-9
-23
-16
0
-9
-33
-34
-32
-32
-30
-27
-6
-7
-8
0
-11
-22
-26
-19
-23
-19
-19
-6
4
-7
-11
-8
-1
-14
-13
-10
-1
5
-4
2
5
-8
-13
-5
-12
-18
-11
-4
-6
-2
-4
-2
-4
-18
-15
-10
-13
-11
-2
1
-1
-15
-6
-8
-25
-21
1
9
-2
10
17
9
-15
-9
4
-6
-13
2
30
25
17
21
23
3
-7
3
8
6
1
17
35
32
18
25
8
-22
-23
-11
3
4
18
31
34
31
15
6
-19
-31
-27
-18
2
16
30
37
36
21
4
-8
-24
-21
-17
1
15
27
34
25
20
1
-15
-29
-31
-25
-11
7
16
41
39
24
13
-4
-22
-36
-30
-24
-2
23
38
41
28
6
-23
-39
-43
-40
-11
27
45
53
61
37
-1
-34
-48
-52
-47
-22
19
53
59
49
28
9
-23
-46
-35
-27
-12
11
41
59
54
35
13
0
-25
-44
-30
-7
21
40
60
74
49
21
-1
-20
-37
-29
11
36
59
77
72
58
22
-10
-18
-23
-15
10
50
73
70
68
54
26
-5
-15
-12
-11
2
23
40
46
52
45
22
0
-24
-39
-37
-23
4
26
42
45
32
6
-26
-43
-55
-51
-30
-8
13
34
24
14
-7
-25
-35
-42
-19
-8
5
13
18
12
-3
-8
-6
-8
-14
-10
-8
-11
-8
1
-2
3
0
-4
-7
-16
-17
-21
-12
-7
1
5
7
4
-11
-17
-21
-15
-2
6
12
3
5
-8
-24
-24
-24
-12
-6
15
13
9
4
-6
-10
-11
-9
-2
13
13
12
14
12
-1
-9
-10
-9
-9
-11
0
7
8
18
34
29
19
2
-4
-15
-13
-5
23
45
45
54
39
20
-21
-37
-40
-28
-6
23
64
80
78
43
27
-8
-27
-31
-18
3
16
49
52
55
29
17
-1
-13
-20
-24
-8
-7
19
23
34
34
8
-1
-25
-25
-24
-17
-5
8
36
33
36
12
-9
-16
-36
-24
-14
9
21
33
31
12
-8
-20
-19
-29
-6
4
21
26
23
29
13
4
-8
-3
-13
-17
-15
-22
-14
-19
-15
-17
-5
-3
-8
-9
-22
-22
-39
-23
-27
-19
-16
-19
0
-19
-3
-20
-7
-23
-37
-27
-43
-26
-39
-13
-14
-4
-3
-5
3
-26
-28
-46
-42
-36
-18
3
11
23
10
1
-25
-41
-41
-43
-24
-15
3
15
17
14
-7
-10
-22
-19
-21
-14
-3
1
2
-3
-12
-18
-19
-20
-18
-24
-1
4
20
7
6
-10
-33
-27
-51
-17
-20
16
23
37
50
12
12
-35
-39
-51
-51
-15
-3
37
36
30
18
-29
-39
-71
-55
-55
-37
4
4
44
27
46
21
-6
-34
-56
-50
-64
-32
-21
6
16
15
8
17
-2
4
-20
-17
-7
-25
-8
-40
-6
-41
-20
-22
-4
36
18
71
18
25
-32
-60
-71
-93
-39
-35
41
43
69
60
27
9
-49
-53
-96
-77
-60
-18
37
74
96
75
62
-1
-36
-80
-75
-76
-40
-2
29
75
62
79
18
3
-59
-63
-51
-26
44
59
107
59
41
-37
-73
-91
-96
-54
-26
58
87
132
128
83
23
-52
-119
-158
-146
-93
-25
65
113
150
139
98
68
-8
-41
-101
-105
-95
-48
13
74
114
134
104
63
16
-31
-20
-60
16
-7
71
65
74
98
14
52
-73
-21
-103
-47
4
39
154
115
183
58
42
-64
-106
-110
-107
-30
4
116
150
203
149
139
17
-45
-113
-134
-62
-64
58
50
125
101
91
88
36
54
12
11
11
-13
13
19
18
67
1
74
6
26
37
-27
70
-59
33
-56
-32
15
-66
77
-57
47
-12
-20
65
-59
85
-33
31
-5
-105
-32
-200
-108
-177
-126
2
-24
188
135
234
184
17
20
-250
-174
-288
-165
-8
20
248
106
207
-8
-115
-228
-370
-282
-282
-27
132
327
387
346
196
28
-204
-310
-347
-310
-112
-45
219
212
263
155
-31
-96
-355
-269
-323
-136
63
154
376
277
303
110
-35
-112
-258
-165
-197
-102
-5
-16
90
14
23
-12
-95
-12
-130
12
-35
-2
50
-61
73
-67
54
22
43
140
-6
85
-100
-81
-147
-208
-81
-169
44
-30
136
143
125
156
-27
35
-187
-82
-196
-52
-24
72
209
206
351
154
196
-83
-100
-280
-255
-181
-124
53
38
195
78
139
7
29
-32
-35
13
13
153
99
208
83
73
-44
-149
-105
-191
-2
-49
92
45
-9
18
-125
14
-95
26
-29
-11
12
-20
88
86
128
108
22
-41
-111
-162
-61
-143
14
-140
-22
-86
-47
127
51
272
-16
60
-166
-191
-108
-155
133
49
212
182
124
239
-54
44
-278
-287
-291
-353
66
-59
385
124
219
58
-114
12
-175
165
61
256
213
151
122
-68
-155
-209
-326
-159
-247
8
2
4
56
-233
-40
-334
6
-1
294
445
421
513
228
187
-69
-171
-263
-351
-357
-319
-287
-71
-81
142
20
58
-45
-88
-27
-38
137
94
249
165
330
230
350
120
38
-258
-437
-452
-485
-135
-144
153
15
89
-38
-60
-35
-28
13
47
51
189
229
251
251
9
16
-366
-201
-351
-91
-26
11
144
-54
65
-195
-73
-168
-103
-76
-43
54
86
125
172
177
163
146
56
80
-55
-83
-216
-288
-308
-393
-247
-198
14
144
153
298
83
235
44
203
178
144
195
-97
67
-267
-24
-244
-73
-147
-130
-14
-78
161
-30
112
-193
-93
-205
25
143
360
457
450
387
197
94
-202
-259
-626
-477
-594
-121
22
441
539
406
309
-178
-126
-548
-309
-444
-82
106
305
537
418
435
35
-55
-245
-183
-91
-28
95
49
9
-74
-209
-163
-324
-147
-152
115
271
303
449
196
301
-80
4
-189
-128
-82
-125
70
-45
119
-86
-35
-183
-163
-172
-115
-16
5
167
144
361
292
391
196
13
-116
-364
-178
-305
43
59
144
186
-79
79
-306
-132
-318
-226
-19
-27
486
385
645
299
13
-202
-580
-317
-380
109
228
389
464
213
263
-179
-217
-572
-538
-492
-320
24
103
381
180
336
150
277
174
162
142
-27
61
-173
-22
-267
-174
-265
-126
18
68
183
-5
-11
-239
-126
-153
20
39
72
82
-6
82
18
139
53
131
119
144
126
-4
-134
-344
-464
-513
-385
-196
85
242
429
400
399
221
40
-102
-267
-204
-274
-122
-139
-49
-82
-43
30
109
229
224
273
149
151
-18
-4
-121
-151
-202
-222
-32
49
251
159
123
-98
-246
-284
-181
109
279
406
375
329
154
-26
-246
-344
-442
-417
-212
78
393
364
295
-34
-297
-523
-575
-317
-93
256
377
599
589
469
242
-78
-227
-456
-413
-391
-131
-51
-14
-6
-47
46
-80
65
30
206
153
190
217
89
28
-227
-75
-141
142
116
337
242
95
-45
-287
-107
-408
-110
-341
38
-49
72
156
-25
165
-250
34
-242
67
-33
59
112
67
219
125
324
172
216
-98
-107
-340
-291
-393
-322
-55
-12
339
205
410
161
-43
-121
-320
25
-134
189
128
161
304
73
459
147
381
-3
-9
-73
-173
-2
-204
12
-270
-89
-201
145
96
224
-26
-157
-374
-618
-522
-677
-232
-325
307
404
961
965
918
535
-130
-546
-1136
-1060
-1213
-575
-351
314
371
567
443
94
-112
-574
-332
-494
-74
23
382
503
400
402
139
10
-387
-426
-294
-44
167
297
458
434
318
136
64
-112
-325
-562
-570
-353
-68
329
492
653
431
343
166
151
59
-148
-246
-417
-242
-164
218
345
522
399
302
231
153
241
106
155
-54
-2
-73
-74
-26
-48
138
142
299
365
323
291
-50
-140
-349
-369
-317
-261
213
395
765
643
529
184
-314
-554
-845
-676
-736
-589
-586
-447
-294
-226
-128
-263
-369
-723
-843
-901
-642
-427
-118
181
536
817
819
667
261
-113
-797
-1071
-1341
-980
-945
-632
-409
-177
237
58
537
89
354
-83
91
367
369
937
484
935
460
560
530
272
556
-98
58
-310
-210
201
-15
590
135
553
457
505
970
577
1074
302
508
225
346
696
542
933
498
568
319
374
482
422
351
130
-90
-120
-101
77
183
114
48
-244
-358
-453
-423
-395
-478
-539
-441
-394
-122
-55
-15
-212
-816
-1022
-1432
-1224
-1102
-990
-598
-918
-540
-839
-502
-372
-549
-339
-1085
-769
-1246
-872
-894
-831
-600
-930
-649
-954
-489
-471
-116
-58
50
46
-116
-98
-241
-130
-376
-447
-544
-393
-71
263
832
1246
1378
1379
1053
1103
862
836
663
453
448
224
531
738
1166
1417
1423
1481
1374
1316
1351
1169
1330
903
891
641
692
1066
1036
1676
1441
1930
1599
1650
1525
1196
1267
609
674
188
312
284
362
608
423
366
-169
-566
-830
-1084
-1059
-1190
-1180
-1260
-1474
-1394
-1409
-1177
-1298
-1442
-1612
-1803
-1728
-1633
-1243
-1053
-1008
-1159
-1312
-1304
-1336
-1332
-1588
-1817
-2137
-2326
-2175
-1872
-1227
-1012
-739
-848
-991
-1028
-1374
-1285
-1641
-1568
-1801
-1794
-1359
-940
-49
247
862
1113
1319
1379
1509
1832
1755
1492
1040
813
490
419
425
924
1011
1073
1003
1072
1121
753
763
427
603
293
661
1037
1505
1974
2156
2922
3030
3662
3740
4100
3995
3340
2802
1815
1335
503
167
54
113
528
755
1324
1622
1749
1854
1658
1613
1176
891
536
81
-119
-574
-622
-1042
-1217
-1383
-1586
-1602
-1903
-1878
-2200
-2259
-2351
-2349
-2202
-2306
-2223
-2296
-2117
-1948
-1709
-1504
-1533
-1710
-2121
-2236
-2271
-2187
-2414
-2570
-2759
-3023
-3087
-3284
-2898
-2973
-2714
-2722
-2477
-2048
-1816
-866
-440
535
884
1600
2104
2503
2894
2731
2718
2009
1625
773
402
269
816
1423
1494
1653
1358
1385
917
622
396
-154
-383
-697
-55
685
1424
2280
2235
2384
1592
1313
905
475
199
-705
-887
-1447
-1112
-779
-161
428
811
1561
2164
2927
3432
4344
4882
4969
4495
3989
3433
2422
1653
815
582
-169
-569
-550
-386
37
-71
544
419
699
347
477
818
849
1145
696
972
307
272
-346
-612
-1082
-2006
-2601
-3480
-3604
-3967
-3929
-3958
-3829
-3571
-3216
-2786
-2171
-2071
-2103
-2741
-3181
-3424
-3392
-2860
-2504
-2007
-2166
-2094
-2205
-2151
-2588
-3138
-4103
-4782
-4997
-4579
-3089
-1581
405
1697
2979
4108
4512
5255
4788
4508
3309
2019
2153
1461
2580
1656
2162
1350
378
203
-1146
-28
-1335
-421
-1167
-687
-70
307
1904
1942
3098
2602
2788
2426
2245
1994
1340
661
-10
-698
-1031
-1394
-1321
-1142
-1081
-480
13
1693
2655
3813
4425
4954
5418
4905
4482
3419
2489
1455
312
390
-13
436
344
502
1004
673
1289
416
798
-187
-310
-363
-305
550
333
1093
590
938
241
-186
-844
-1596
-2108
-2953
-3348
-3834
-3818
-3809
-3460
-3177
-2783
-2535
-2129
-2259
-2171
-2495
-2694
-3030
-3489
-3600
-3794
-3184
-3082
-2736
-2852
-2804
-2698
-3017
-3209
-3387
-3454
-3615
-3479
-2649
-1593
-587
680
1724
3110
3471
4032
4412
4689
4693
3878
3852
3104
2773
1630
1106
608
-158
-692
-1091
-750
-653
-170
-96
244
65
470
484
1072
1305
1749
2043
1795
2301
1913
2268
1413
1458
757
222
-291
-869
-625
-968
-577
-233
1200
2542
3581
4397
5358
6231
6282
5264
4261
2781
1490
123
-342
-215
-224
159
213
1236
1159
1395
747
327
-360
-1093
-1051
-872
200
403
887
942
1101
936
306
-466
-1441
-2508
-3564
-4386
-4579
-4542
-4143
-3805
-3535
-3168
-3049
-2808
-2863
-2895
-3124
-3112
-3443
-3433
-3352
-2941
-2857
-2881
-2993
-3068
-2954
-3255
-3174
-3388
-3739
-4361
-4353
-4058
-3190
-2340
-824
760
2458
3624
4563
5597
6123
6813
6097
5298
4037
3222
1928
842
-66
-619
-1174
-1558
-1148
-380
403
305
838
408
526
103
499
928
1227
1550
1394
2279
2437
3115
3013
2890
2308
1535
688
-148
-553
-1163
-1445
-1516
-990
-161
1131
2592
4465
5811
6427
6782
6779
6054
4587
3008
1294
-50
-1015
-1301
-785
-228
357
875
1218
1042
797
285
-488
-789
-1114
-918
-503
264
728
1130
1121
575
95
-823
-1480
-2414
-3278
-3998
-4127
-4262
-4159
-3821
-3698
-3618
-3538
-3281
-3160
-2854
-3252
-3282
-3366
-3418
-3387
-3238
-2849
-2835
-2750
-3104
-3044
-3332
-3707
-3881
-4238
-5015
-5498
-5279
-4926
-3854
-2467
-325
1660
3545
5076
6171
7253
7773
8368
7145
5422
3984
2400
1305
-160
-565
-1421
-1909
-1926
-1457
49
287
872
567
166
-37
-141
778
1366
2361
2611
2989
3839
4307
4956
4626
3867
2684
1014
-255
-1567
-2029
-2686
-3002
-2829
-2526
-980
696
3035
5031
6453
7413
7683
7555
6268
4863
3104
1043
-226
-1276
-1197
-782
-102
555
819
1054
401
370
-422
-738
-1032
-1200
-735
-297
564
867
1756
1676
1485
669
-369
-1437
-2613
-3536
-4433
-4695
-5119
-4786
-4535
-3906
-3350
-2776
-2507
-2465
-2434
-2828
-3007
-3537
-4116
-4565
-4587
-4379
-3872
-3147
-2444
-2169
-2387
-3040
-3464
-4272
-5310
-6056
-6317
-6093
-5587
-4126
-2028
552
2224
3852
5252
6430
6741
6988
7400
7227
6366
4569
3825
2651
1777
498
-181
-857
-1476
-1373
-1160
-125
54
431
285
456
756
1380
2191
2882
3499
3768
4098
4365
4662
4426
3751
2444
1233
-236
-1127
-1852
-2220
-2476
-2602
-2371
-2071
-1044
421
2694
4343
5643
6755
8191
9238
8860
7528
5202
2660
-82
-1935
-2757
-3116
-2904
-2926
-1986
-1169
-369
155
88
138
-723
-629
-680
548
1299
1749
2027
1595
1632
698
332
-863
-1702
-3301
-4610
-5377
-5713
-5352
-5234
-4816
-4681
-4252
-4129
-3428
-2765
-2065
-2171
-2453
-2835
-3028
-3005
-3173
-3210
-3885
-4059
-4445
-4250
-4387
-4810
-5558
-6969
-7955
-8358
-7387
-6335
-4798
-2566
98
2711
4668
7064
9641
11961
12576
11435
9687
7630
5061
2212
-37
-1846
-3308
-4169
-3585
-1952
-293
311
754
828
542
422
539
1323
1791
2324
2486
3528
5097
6501
7300
7005
6236
4428
2229
-105
-2066
-3594
-5087
-6005
-6154
-5447
-3959
-1996
616
3438
6037
7209
7872
8649
8473
7577
5805
3883
1843
22
-1270
-1512
-1107
-1528
-1734
-1916
-1946
-1502
-1213
-924
-862
-568
-583
126
1294
2476
3488
3528
3347
2596
1933
999
106
-1008
-2159
-3345
-4425
-4956
-5182
-5161
-5156
-4970
-4654
-3987
-3489
-2546
-1913
-1682
-1949
-2087
-2115
-2229
-2243
-2719
-2977
-3295
-3182
-3260
-3395
-3765
-4288
-5126
-6069
-6824
-7307
-7788
-8171
-7535
-6130
-3444
-697
2410
5044
7578
9929
11986
14041
13597
11567
8394
5530
2634
-342
-2296
-3969
-4708
-5072
-3836
-1405
228
1291
1360
1146
539
356
950
1174
1803
1978
2788
4128
5607
7031
7122
6490
4614
2418
104
-1954
-3631
-5083
-6078
-6558
-5996
-4409
-2569
-484
1290
2978
5633
7746
9267
10535
11092
9659
7683
4917
2121
-449
-2931
-4632
-4644
-4135
-3921
-1922
-1604
-416
-266
210
280
1003
1668
1232
2972
2452
3884
3367
3338
2614
1745
860
-1037
-1445
-3654
-4008
-5464
-5858
-6095
-5969
-5528
-5350
-4589
-4166
-3293
-2850
-2115
-1791
-1798
-1813
-1962
-2883
-3164
-3681
-3921
-4606
-5281
-5724
-5844
-6098
-7414
-7813
-8628
-8545
-7792
-6430
-4809
-2897
-557
1875
5248
8949
12884
16020
16114
14541
12540
9674
5982
1801
-1645
-5090
-7048
-7400
-5361
-2467
-950
116
109
36
-154
351
1152
1489
1779
1803
3180
5518
7991
9872
10002
8923
6383
3518
492
-2391
-4961
-7834
-9645
-10258
-9212
-6874
-4020
-1111
1010
2390
3145
3748
4604
5695
7133
7566
7585
7982
7855
7773
6479
4321
1275
-2294
-5245
-6742
-5999
-5568
-3821
-2426
-1013
1176
2662
4570
5392
6183
4911
4345
3820
3518
3861
2632
1888
187
-747
-2153
-2615
-3273
-4225
-5011
-6312
-6143
-5780
-4954
-4486
-3714
-3223
-2880
-2255
-1551
-769
-921
-1727
-2358
-2879
-3353
-3514
-3294
-3515
-3445
-3706
-4702
-5251
-6272
-7699
-9394
-10105
-10523
-9458
-8074
-6163
-3074
-285
2442
4786
6917
8233
10236
11463
11749
10522
8279
5699
3131
343
-2026
-3262
-4361
-4149
-3235
-1029
769
2264
2853
2875
2480
1828
1874
1704
1930
1919
2084
2535
3455
4393
4990
4844
3866
2145
374
-1381
-2672
-3595
-4538
-5031
-5330
-4717
-3725
-2015
-133
2069
4594
6987
9517
11029
11452
10534
8356
5396
2009
-795
-3206
-4390
-4737
-4076
-2697
-1578
-172
440
1134
1166
1478
1591
1877
2488
2843
3945
4312
4998
4731
4345
3365
2097
785
-1054
-2364
-4062
-5122
-6327
-6841
-7051
-7107
-6563
-5955
-4805
-3864
-2965
-2309
-1707
-1470
-1699
-1367
-1139
-1315
-1904
-2366
-2193
-2369
-3143
-4538
-5766
-6886
-8305
-9908
-11462
-11892
-12262
-11979
-10472
-8126
-5114
-2093
1859
5296
8587
12365
16661
18899
16679
13701
10305
6476
1593
-2350
-4850
-7311
-7982
-6872
-2957
342
2441
3618
3429
2885
1713
1715
1502
1534
1321
1106
2534
4648
7354
8720
9003
8043
5731
2880
-289
-2565
-4977
-7300
-9001
-9471
-8276
-6344
-3608
-1015
1074
2675
4255
6562
8672
10006
10767
11274
10826
9155
7144
4506
1736
-1068
-3876
-5611
-6263
-6073
-5012
-3093
-1543
25
1603
2876
4250
5291
5841
6063
5982
5100
4454
3669
2659
1511
271
-1052
-2417
-3464
-4595
-5414
-6281
-6879
-7499
-7724
-7497
-7134
-6465
-5440
-4281
-3263
-2231
-1429
-549
6
126
-237
-1071
-2525
-3973
-4952
-5867
-7016
-8429
-9614
-10315
-10750
-10819
-10446
-9900
-9298
-8239
-6099
-3695
-885
2284
5070
7469
11166
16108
18751
17659
14965
11873
7631
2081
-2085
-4487
-6961
-8434
-7463
-3378
196
3132
4937
5566
4983
3262
2720
1915
1709
361
-491
81
1858
4374
6015
7582
7475
6094
3654
1144
-775
-3060
-5416
-7651
-8692
-8187
-6836
-4230
-1469
1328
3307
4835
7205
10201
12429
12365
11900
10766
8804
6299
3563
1044
-1452
-4157
-6106
-6012
-4883
-3505
-1814
-350
989
2629
3891
5152
6241
6467
5878
5025
3927
3128
2489
1327
-122
-1446
-2780
-3922
-4782
-5570
-6176
-7185
-8147
-8952
-8869
-8223
-7235
-6109
-4990
-3763
-2602
-920
408
1398
1640
986
-95
-1410
-2619
-3642
-4847
-6739
-8454
-9566
-10545
-10779
-10718
-10623
-10127
-9472
-8556
-7189
-4818
-2133
616
2975
4914
7544
11018
15182
17566
16614
13585
9915
6426
2278
-1354
-4023
-6093
-7276
-6525
-2975
821
3919
5233
5062
4177
2809
1979
1472
1175
295
-646
-618
818
3524
5480
6290
6140
4842
3025
834
-736
-2327
-4100
-6177
-7547
-7166
-5853
-3705
-1452
1129
3407
5253
6990
9179
11303
11945
11036
9353
7357
5005
2755
740
-792
-2332
-3827
-4346
-3521
-1976
-650
672
1618
2460
3323
4002
5041
5442
5425
4534
3691
2973
2368
1950
771
-260
-1791
-2852
-4147
-5233
-6214
-7407
-8358
-9286
-9489
-9297
-8293
-6994
-5520
-4075
-2807
-1538
-200
905
1727
1868
1509
560
-748
-2000
-3446
-5241
-7589
-9829
-11628
-12471
-12492
-11765
-10727
-9650
-8368
-6282
-4336
-2230
-620
182
1162
2160
4235
7497
12790
16335
16472
14506
12256
10336
6087
1497
-2535
-5743
-8093
-8240
-4408
-258
2975
4211
4528
4570
3707
3815
3110
2462
306
-1846
-2261
-1174
1807
3846
5639
6025
5815
5147
3819
2889
933
-1729
-5062
-7498
-7754
-6938
-4585
-2129
833
3844
5976
8145
9804
11230
10529
8623
5862
3453
1989
302
-298
-420
-893
-1422
-1319
-568
377
1171
1389
1460
1835
1720
2263
2696
2981
3023
2455
1840
1472
1816
1548
1185
303
-927
-2222
-3516
-4558
-5654
-6709
-7938
-8792
-8919
-8582
-7739
-6723
-5627
-4591
-3369
-1956
-325
1487
2154
2012
914
-504
-2118
-3539
-4812
-5994
-6663
-7601
-8517
-9043
-8605
-8072
-8043
-7955
-7244
-6123
-5248
-4649
-3527
-2697
-2116
-1002
594
2706
6684
12261
16050
16710
15494
13732
10806
6532
2195
-826
-4192
-6774
-6783
-3663
-277
2195
4278
4668
4561
3261
2842
2124
1256
-405
-2161
-2044
-845
2280
5008
7095
8006
7760
6666
4908
3451
1079
-2076
-5226
-7693
-8129
-7485
-5359
-2900
-528
1451
2729
4450
5632
7010
8081
9011
8452
7469
6999
5866
4804
3182
994
-1289
-3115
-4085
-3368
-1742
-787
305
1093
1378
1983
2372
2718
2863
2484
1234
1132
1334
1526
1749
1235
216
-1529
-3059
-4943
-5958
-7441
-8825
-10001
-10579
-10118
-9129
-7243
-5442
-3469
-1822
31
1732
3036
3575
2886
1137
-562
-2287
-3859
-5286
-6211
-6815
-7414
-7921
-8262
-7824
-7859
-7154
-6565
-6496
-6137
-5194
-4998
-4688
-3329
-2251
-797
522
2840
7454
13354
16662
17329
16517
14195
11206
6654
2340
-1182
-4863
-7935
-8020
-4725
-1463
1937
3924
4788
4894
3801
3261
2230
1192
-1262
-2928
-3029
-1530
1539
4227
6905
8202
8458
7641
6123
4367
1620
-1780
-5550
-8531
-9423
-9205
-7408
-4744
-1279
2106
4554
6808
8413
9597
8934
7542
6029
4770
4030
3260
3294
3708
2983
1499
20
-1017
-2021
-2653
-2794
-2611
-1386
-715
790
2565
4196
5100
4931
4370
3396
2668
941
-458
-1799
-3383
-4741
-5867
-6551
-7197
-7857
-8847
-9418
-9185
-8586
-7356
-5711
-3781
-1919
-116
1755
3388
4503
4431
3817
2686
874
-1377
-3610
-5822
-7932
-9461
-10264
-10361
-10026
-10071
-9898
-8941
-7535
-6152
-5573
-5094
-4761
-3768
-2855
-1704
-218
1417
4442
9397
15577
19018
19210
17750
15264
10878
4849
-747
-5055
-8607
-10673
-9565
-5362
-1035
2300
5013
6432
6885
6009
5062
3626
1784
-737
-2489
-2045
-168
2989
5710
7912
8923
8813
7320
4936
2203
-1437
-5631
-9491
-11810
-12040
-10515
-7629
-3838
66
3811
7453
11239
13633
14283
12915
10237
7244
4393
2316
504
-498
-1424
-1987
-2104
-1931
-1654
-1957
-2205
-2457
-2115
-1192
323
2210
3657
4824
5244
5219
4598
3557
2126
228
-1739
-3664
-4889
-5845
-6317
-6855
-7298
-7716
-8015
-7816
-7111
-5794
-4693
-3364
-2228
-721
532
1226
1830
2055
1718
868
56
-1147
-2319
-3960
-5822
-7214
-8503
-9659
-10148
-10358
-10419
-9453
-8267
-6724
-5229
-4769
-4073
-2992
-1780
-1486
-801
78
1920
6096
10745
16062
17544
17230
15454
12818
8644
2905
-734
-5517
-7812
-9041
-6386
-2696
243
3450
4463
5740
4674
4602
3623
2059
-73
-2299
-2323
-1399
1342
4246
6832
8590
8784
7902
6252
3838
790
-3687
-7474
-10598
-11720
-11204
-9308
-5802
-2470
1362
4394
8038
10981
12395
12367
11179
9960
8061
5935
3953
2171
583
-1552
-3103
-4018
-4474
-4288
-4140
-2874
-1712
38
1427
3184
4836
5730
6289
5498
4679
2986
1439
-432
-1941
-3441
-4627
-5259
-5915
-6115
-6534
-6849
-7312
-7442
-7395
-6546
-5226
-3472
-1559
132
1596
2752
3394
3280
2655
1357
-56
-1712
-3147
-4500
-5859
-7132
-8409
-9763
-10634
-10747
-10523
-9691
-8412
-6884
-5488
-4852
-4704
-3739
-2880
-2560
-2307
-1290
2222
8301
14499
17859
18955
18188
15820
11806
6365
1420
-3469
-7838
-10166
-8632
-4661
-1214
1779
3711
4803
4232
3458
3313
2678
1215
-1398
-2381
-1598
814
3731
6376
8564
9255
8842
6924
4749
1965
-1965
-6490
-10423
-12419
-12692
-11173
-8103
-4078
346
4342
7921
11166
13270
13405
11770
9544
6898
4491
2409
1078
872
624
-233
-1103
-1680
-2384
-3091
-3563
-3448
-2382
-679
1076
3480
5723
7513
8246
7847
6656
4828
2728
-106
-2504
-4711
-6349
-7574
-8219
-8116
-7795
-7386
-7233
-6874
-6236
-5440
-4449
-3354
-2214
-1151
-243
1048
2325
3423
3531
3016
1851
150
-1762
-3641
-5575
-7909
-9772
-11148
-11362
-10930
-9679
-8665
-7634
-6480
-5467
-4449
-4314
-3851
-3425
-3138
-2504
-1248
1999
6289
12101
16855
18343
18366
16040
14051
9040
3940
-1195
-5704
-7989
-9719
-6026
-3257
409
1638
2545
3449
2386
3011
1491
1478
-542
-1731
-1319
85
3673
6105
8485
9137
8838
7973
5261
2775
-880
-4945
-8816
-12201
-12426
-11856
-8933
-5911
-2383
1429
4037
7421
9686
12129
12932
12423
11343
8985
7269
5013
2816
824
-1944
-3857
-6023
-6139
-5521
-4190
-2196
-1276
1236
2580
4783
6070
7137
7645
6467
5681
3377
2268
341
-1386
-3149
-5072
-6178
-7442
-7430
-7503
-7050
-6922
-6935
-6423
-5686
-4403
-3145
-1943
-1102
-476
272
1262
2168
2555
2277
1474
7
-1834
-3735
-5742
-7363
-8830
-9669
-9719
-9445
-8628
-7619
-6636
-6319
-5722
-5680
-5892
-5365
-4982
-4214
-3282
-1203
1196
5256
10293
15647
19070
18802
17594
15198
11458
5374
523
-4032
-7809
-9822
-9015
-5263
-2237
549
2010
3743
3850
3902
3860
2855
1327
-884
-1528
-1170
1157
3830
6341
7722
8018
7691
6325
4260
1492
-1903
-5835
-9250
-11225
-11223
-9827
-7266
-3838
149
3695
6942
9900
11979
12766
11837
9896
8051
5997
3860
2197
898
-496
-2129
-3309
-4359
-4170
-4130
-3367
-2004
-584
1276
2844
4913
5982
7230
7022
6260
5157
3273
1584
-689
-2342
-4519
-6132
-7479
-8034
-7967
-8095
-7782
-7681
-7200
-6602
-5570
-4249
-2840
-1564
-709
161
1120
2014
2662
2806
2373
1258
-611
-2144
-3311
-4851
-7340
-9616
-10645
-11278
-11391
-11308
-9665
-8048
-6712
-5246
-3932
-2411
-2258
-1305
-1189
-346
433
2093
5881
10033
14885
16368
16947
15710
13642
9848
4369
200
-4419
-7547
-9390
-7944
-4685
-2282
309
1884
3504
4098
3948
4251
2998
1980
-78
-531
264
1682
4157
5176
6891
6879
6706
5353
3254
1112
-2407
-5649
-8894
-10332
-10274
-9205
-6236
-2608
1448
4906
7863
11233
12914
13324
11196
8832
5946
3074
1177
-415
-811
-1787
-2194
-2593
-1967
-1431
-876
-547
-87
544
1358
2503
3759
5271
5430
5425
4354
3675
2289
732
-1210
-3336
-5010
-6858
-7502
-7980
-7786
-7973
-8111
-8057
-7519
-6520
-5269
-3873
-2555
-1328
-231
1003
2095
3030
2930
2221
714
-672
-1774
-3060
-4490
-6545
-8365
-9849
-10488
-10615
-10388
-9399
-8891
-7882
-6379
-4631
-3328
-3230
-2654
-2488
-1170
371
3551
9039
14726
19552
19727
19290
17198
14093
8179
954
-3818
-8874
-10823
-11459
-7046
-3042
-422
1929
3106
5088
3919
4129
2892
2030
-61
-1911
-945
756
4127
5907
7773
8539
8394
7141
4715
2182
-1224
-5329
-9072
-11593
-11755
-10770
-8438
-4871
-534
4079
7124
10075
11981
13191
12436
10564
8208
5782
3709
1781
851
315
-506
-2149
-3195
-3727
-3141
-2654
-1671
-621
722
1926
3010
5009
6198
6972
6131
4980
3552
2236
762
-1304
-3068
-5221
-7001
-8610
-9334
-9209
-9040
-8940
-8972
-8408
-7377
-5750
-3897
-2198
-715
212
1057
2080
3327
3930
3299
1601
-413
-2481
-4106
-5069
-5908
-7841
-10252
-11555
-11541
-10186
-8465
-6952
-6725
-6362
-5460
-3956
-2067
-720
-197
-841
-124
4047
11516
17543
19567
19366
17804
14911
10568
6064
1493
-4008
-9446
-12301
-10159
-5924
-1933
1198
2941
3376
2390
2524
3005
3100
1139
-1694
-3015
-2543
224
3323
6634
8550
8727
7621
5911
4633
2650
-477
-4848
-8969
-11299
-11981
-10382
-7207
-2920
1192
3854
6617
9815
12821
13114
11535
9202
6385
4035
1947
1749
2078
1895
635
-602
-1057
-1676
-1814
-2455
-2519
-2379
-1861
-677
1275
3958
5438
6151
5549
4983
4147
3055
1703
-163
-1983
-4682
-6655
-8084
-8570
-8784
-8971
-9055
-9243
-8465
-7544
-5808
-3884
-2504
-1548
-832
291
1425
2644
3205
3155
2576
1037
-548
-2083
-3340
-4752
-7212
-9962
-11486
-11607
-11526
-11009
-9860
-8629
-7352
-6331
-4853
-2856
-1131
276
2028
5282
10258
15826
18836
19243
18623
16625
12833
7672
2797
-2252
-6725
-9382
-8952
-6135
-3898
-1697
-225
1104
1370
1435
2284
2261
1961
231
-94
355
2074
4341
5952
7776
7728
7367
5725
4190
2112
-1233
-4813
-8314
-10084
-10805
-10172
-8003
-5136
-1765
937
3713
6974
9969
13066
13913
13159
11117
8996
6663
4056
2577
470
-1470
-3425
-4406
-3729
-3181
-2655
-2535
-2218
-1646
-828
1458
3076
5211
5715
5286
4925
4381
4579
3028
1790
-744
-2789
-5178
-7205
-7955
-8993
-9445
-10551
-10639
-10215
-8889
-7133
-5339
-3257
-1661
-399
719
1643
2541
2576
2008
964
67
-936
-2380
-3072
-4227
-5562
-7601
-9309
-10753
-11350
-11095
-10733
-9285
-8314
-7051
-5588
-3946
-2235
-1014
808
3997
10764
17395
20386
20876
19759
18209
13619
8116
2753
-2358
-7266
-10895
-9406
-6417
-3402
-1500
-206
733
169
617
1171
1844
1376
-385
-758
-99
2848
5594
8007
9813
9504
8618
6204
4499
1968
-1472
-5443
-9637
-11632
-12491
-11180
-8598
-5233
-1286
1518
4472
7455
10524
12021
11118
10235
8552
7347
6151
5428
5074
3783
2199
-304
-1714
-2892
-4118
-4744
-5313
-4667
-3536
-1826
599
3222
5722
6562
7077
6721
6168
5623
3949
2516
560
-1201
-3497
-5432
-7042
-8626
-9701
-11134
-11683
-11591
-10700
-9160
-7317
-5232
-3258
-1463
-135
1095
2357
3020
3008
2435
1567
524
-611
-1845
-3405
-5451
-7627
-9484
-10629
-11167
-11342
-10969
-10595
-9752
-8230
-6131
-4330
-2794
-1307
136
3672
10302
17667
21491
21568
20472
18592
14549
8794
3707
-1207
-6710
-10525
-10048
-6383
-3254
-1065
127
464
-319
-830
-12
662
680
-832
-1274
-323
2503
5903
8714
10625
10248
8834
6232
4255
1932
-1257
-5253
-9288
-11607
-12364
-10973
-8363
-5085
-1499
1743
4854
7879
11115
13032
12511
10831
8502
6518
4638
3631
3431
3117
2006
281
-599
-1178
-2002
-3022
-4044
-4381
-3787
-2561
-230
2509
5227
6312
6764
6694
6296
5798
4190
2672
461
-1211
-3277
-5021
-6405
-7833
-9030
-10608
-11335
-11470
-10689
-9579
-8228
-6242
-4177
-2017
-16
1804
3215
3528
2931
1509
676
-457
-1977
-3571
-4962
-6222
-7988
-8978
-9947
-10188
-10538
-10501
-9862
-9110
-7864
-6601
-4673
-3227
-1761
712
4307
10384
16574
20495
21000
19723
17572
13175
8224
2494
-2053
-6254
-8901
-8419
-5371
-2104
-399
967
1262
1038
318
292
60
-17
-1155
-1212
17
2444
5292
7374
9469
9330
8614
6088
4066
1442
-1648
-4827
-8244
-10077
-10801
-9535
-7366
-4597
-1586
1328
3992
6257
8817
11591
11891
10768
8884
7143
5283
3552
2559
1566
649
-1060
-1809
-1302
-1165
-1273
-1396
-1822
-1578
-1292
185
1478
3561
4237
4333
4797
4427
5087
4032
3362
1410
165
-1724
-3627
-4879
-6816
-8218
-10555
-11665
-12139
-11357
-10177
-8556
-6552
-4393
-2200
-229
1673
3121
3197
2561
1357
3
-1102
-2427
-3535
-4671
-5545
-7229
-7978
-8817
-9288
-9239
-9145
-9483
-9332
-7933
-6286
-4057
-2771
-1275
28
2425
6227
12809
18204
19499
19182
17311
15076
10396
5678
1094
-3114
-6389
-8663
-6043
-3101
-352
1037
1058
1320
-248
310
-77
790
212
-1290
-606
64
3647
5597
8273
9025
8192
7058
4607
3446
770
-1843
-5372
-8729
-10001
-10378
-8482
-6199
-3635
-500
1813
5024
7761
11044
11673
10311
8908
6341
4952
2786
2024
1248
663
-291
-1172
-297
-577
-405
-806
-1172
-1297
-1277
-475
425
2047
2590
3162
3893
4192
4794
4705
4184
2775
1434
-375
-2439
-4388
-6600
-8444
-10384
-11573
-11865
-10970
-9611
-8136
-6416
-4797
-3134
-1599
-161
736
1182
1295
1165
1272
1163
598
-478
-2121
-4553
-7062
-9113
-10748
-11536
-11659
-10923
-9863
-8329
-6664
-4452
-2536
-1807
-1115
-536
1079
4325
9966
15457
17869
18379
17324
16108
12779
7962
3498
-1237
-4656
-7534
-6031
-3614
-1397
181
45
804
-369
309
190
815
332
-1128
-591
-207
2531
4441
6785
7864
7675
7300
5789
4711
2560
-252
-3560
-7326
-9309
-10204
-9221
-7450
-5493
-2577
-354
3310
6653
10335
12105
11436
9942
7276
5640
3222
1857
756
-165
-582
-1034
258
1017
1557
1089
209
-145
-793
-19
598
1946
2520
2817
3389
3587
4561
4411
3896
2195
827
-674
-2389
-4054
-5957
-7681
-9917
-11709
-12667
-12235
-11322
-9680
-7843
-5547
-3068
-816
807
1912
2510
1919
1025
66
-529
-1156
-2015
-3433
-4793
-6861
-8643
-9626
-10389
-10953
-10875
-9663
-8942
-7228
-5943
-4516
-3069
-2399
-1114
832
5423
11196
17180
19962
19748
19091
16448
12714
7496
2418
-2442
-6424
-7871
-6534
-2766
-123
1497
2082
1639
796
-122
-366
-773
-1635
-2726
-2525
-650
2365
5611
8381
9705
9512
8231
6631
5131
2661
-318
-4011
-7252
-9637
-10107
-9013
-7301
-4980
-3277
-1289
715
3541
6893
9933
11431
11052
10780
9420
7912
6282
4222
2014
-859
-2539
-3531
-2043
-967
-9
1126
920
1644
1373
2606
2674
3432
2797
1766
2211
2025
3487
3004
3188
1790
656
-1275
-3479
-4852
-7245
-8886
-11476
-12532
-13056
-12174
-10805
-8915
-6539
-4308
-1818
341
2602
3644
3339
1794
-69
-1771
-2823
-3152
-3077
-3436
-4714
-6368
-7663
-8872
-9873
-10245
-10390
-10266
-9401
-7357
-4728
-2115
-440
-2
9
1579
6211
12471
16771
17679
17387
16173
13862
10268
6613
2674
-2233
-5806
-7217
-4580
-1996
374
1594
1554
938
-883
-221
-480
-69
-1622
-2614
-2071
-542
3003
5441
8434
8862
8515
7259
5934
4756
2474
-382
-4112
-7402
-9211
-9792
-8436
-6087
-3321
-309
1742
4836
7427
10108
10154
9208
7707
5273
3781
2100
2248
1951
1706
663
140
461
294
666
392
238
-119
-366
27
1040
2456
2859
3035
2936
2844
3111
3148
3007
2155
1049
-925
-2969
-5167
-7200
-9079
-10946
-12306
-12945
-12268
-10925
-8632
-6085
-3529
-1391
327
1813
2727
2732
2052
802
-511
-1749
-2747
-3825
-4778
-5294
-6187
-7055
-8498
-9243
-9314
-9539
-10263
-9852
-8490
-7398
-5817
-3628
-1309
148
2359
6833
13961
18765
19681
19161
17679
14922
10240
6062
2026
-2076
-5948
-7634
-4740
-1616
801
2045
2207
1537
-554
-899
-1333
-1101
-2412
-3969
-3227
-1570
2528
5754
9223
10914
10890
9914
7558
6113
3169
-154
-4536
-8588
-10489
-11255
-9842
-7888
-4998
-2248
-136
2680
5902
9818
11136
10895
10428
9001
7332
5177
4030
2760
1363
-653
-2119
-1471
-1232
-517
-102
164
127
72
523
1124
2778
2847
2859
2711
2828
3334
3723
3893
2942
2216
112
-1851
-4167
-6195
-8282
-10758
-12695
-13938
-13330
-12221
-9942
-7415
-4732
-2402
-545
1455
2829
3351
2750
1150
-367
-1714
-2589
-3621
-4559
-5209
-6237
-7125
-9000
-9436
-9833
-10373
-11144
-11156
-10241
-9232
-6466
-4009
-1187
-99
2194
6976
13676
18569
19695
19452
16983
14427
10053
6323
2404
-1688
-5238
-6948
-4363
-1625
1200
2248
2325
1335
-722
-1219
-1630
-1401
-2556
-3628
-3071
-1413
2267
5363
8613
10075
9892
9005
7231
5987
3574
784
-3185
-6932
-9235
-10415
-9578
-8012
-5635
-2857
-118
3195
6499
9488
10780
10671
9749
7909
6561
4788
3708
2938
2006
953
-154
-479
-884
-743
-900
-728
-353
-164
446
1388
2484
3188
3664
3543
3509
3628
3711
3409
2822
2058
624
-1368
-3841
-6062
-8391
-10636
-12544
-13638
-13408
-12380
-10528
-8114
-5413
-2728
-330
1558
2868
3681
3460
2334
1067
-491
-1816
-3051
-4145
-5388
-6723
-7847
-8192
-8031
-8649
-8940
-9492
-9684
-9693
-8805
-7257
-5180
-3168
-2303
60
4223
10795
17183
20486
20585
18979
16474
12642
8495
4513
-568
-4906
-7623
-6737
-3135
-86
2787
3126
2845
344
-847
-1032
-1578
-2126
-4397
-4364
-3803
-690
3241
7102
10053
10490
10161
8570
7143
5299
2131
-1459
-5988
-9494
-11248
-11429
-9524
-7586
-4752
-2820
334
4292
8128
11938
13351
13239
10794
8494
6073
3845
2375
383
-1124
-2522
-2643
-1480
-179
790
632
656
-39
-20
1004
2211
3471
3732
3819
3598
4367
4810
4892
3970
2351
347
-1971
-4117
-6118
-7890
-10473
-12505
-14158
-14190
-13208
-11154
-8604
-5962
-3092
-962
1186
2544
3546
3482
2176
577
-754
-1272
-2138
-3301
-4536
-6005
-7368
-8451
-8855
-9600
-9999
-10515
-10936
-10705
-9147
-6801
-4840
-2513
-739
2650
6770
12977
18829
21163
20604
17862
15954
11420
7179
3057
-1217
-4513
-7201
-4987
-2211
1282
3051
3190
3017
430
-30
-1144
-1065
-1987
-3651
-3423
-3146
152
2988
6446
8658
8795
8583
6638
5741
3740
1137
-2056
-6203
-8757
-10672
-10245
-9007
-7095
-4509
-2965
-294
2938
7121
10507
11779
11891
10954
9644
7508
5232
3784
1181
-1207
-3180
-3902
-2812
-2425
-1072
-651
579
669
1141
2758
3316
4711
4013
4287
4072
4593
4905
4288
3948
1991
539
-1978
-4157
-6316
-8577
-10539
-12570
-13421
-13412
-12367
-10456
-8326
-5862
-3781
-1807
16
1358
2495
2464
2150
1408
458
-708
-1940
-2622
-4062
-5959
-7772
-9205
-9617
-10372
-10170
-9610
-8772
-8531
-8465
-5780
-4184
-1815
-889
978
3906
8172
14343
17117
19211
17181
15584
12486
8239
5433
1375
-1153
-4820
-4636
-2927
-974
1996
2516
3483
1606
484
294
-432
-98
-2237
-2169
-2785
-1591
837
3009
6735
7235
8117
6983
6301
5439
3027
974
-2844
-5746
-8676
-10037
-9075
-8035
-5313
-2722
685
4303
6703
9405
9922
10434
8849
6766
5038
2923
2599
1449
1213
501
-16
16
-682
-249
-605
-386
-112
-108
1139
1495
3065
3595
4409
4811
4524
5085
4147
4004
2322
1077
-1004
-3532
-5645
-8254
-9819
-11881
-12839
-13402
-12874
-11409
-9592
-6815
-4326
-1838
-211
908
1780
2142
2167
957
-264
-1764
-2519
-3243
-4260
-5732
-7537
-8825
-10046
-10132
-9928
-8837
-8316
-7456
-6455
-5323
-4406
-3562
-1786
-511
1934
5518
11349
16487
18702
18896
17220
14953
10397
6101
2189
-1629
-3807
-5347
-3408
-1639
1032
2705
3205
3306
1204
939
-809
-1162
-2586
-3422
-3312
-2914
-167
2214
5560
7399
8561
8698
7670
6345
4236
1572
-1620
-5564
-8211
-10064
-10015
-8934
-6744
-3311
-628
2961
5583
8859
10738
11593
11124
9250
7425
4900
3540
2141
913
-241
-1361
-1556
-1513
-633
-13
303
704
396
1236
1802
3353
4349
5138
5419
5016
5232
4340
4076
2557
1064
-1350
-3961
-6350
-8395
-9635
-11331
-12436
-13221
-12893
-11843
-9889
-7355
-4475
-2012
-192
1142
2122
2566
2083
786
-884
-2366
-3620
-4859
-6193
-7179
-7803
-8317
-8995
-9005
-8906
-9017
-9335
-9512
-8680
-7398
-5867
-4396
-2523
294
4721
11587
17591
20694
20563
18661
16143
12125
7690
3043
-724
-4294
-6039
-4386
-912
2402
4135
4421
3555
1773
266
-548
-1321
-2472
-4304
-4610
-3866
-985
2345
5356
7602
8146
8500
7583
6812
4996
2745
-435
-4283
-7108
-8844
-8694
-7980
-6777
-5034
-2889
-243
2717
6103
8510
9406
9076
8134
7336
6315
5592
4738
4057
2575
1453
518
99
-83
-789
-985
-1581
-895
-585
946
2295
3566
4592
4490
5084
4855
5374
4771
4065
2828
1083
-562
-3023
-4946
-7288
-9420
-11373
-12996
-13429
-13117
-11608
-9650
-7435
-5035
-3148
-1076
226
1681
2494
2394
1573
145
-1180
-2919
-4120
-5300
-6506
-8386
-10144
-10779
-10303
-9583
-8936
-8316
-7488
-6435
-5215
-3603
-2054
-815
-415
766
3371
8539
13959
17279
17874
16917
15179
11839
8173
4123
726
-2905
-5185
-4647
-1801
1141
2951
4083
3944
2706
1242
370
-279
-1310
-3161
-4121
-4094
-2199
298
3274
5797
7257
8095
7427
7013
5600
3709
414
-3363
-6417
-8830
-9430
-8887
-6567
-3606
-928
1918
4409
7318
9125
9741
9127
7324
5926
3873
3214
2545
2422
1739
635
221
-301
291
-27
357
157
92
150
814
2430
3624
4696
4693
4860
4869
4845
4407
3412
2020
-87
-2697
-5353
-7486
-9001
-10671
-12121
-12989
-12863
-11839
-10190
-7824
-5569
-3383
-1694
124
1879
3061
3166
2285
967
-236
-1527
-3320
-5398
-7177
-8738
-10114
-10632
-10852
-10167
-8850
-7448
-6660
-5804
-4703
-3700
-3000
-2919
-2851
-1968
285
5211
12231
17276
19129
18869
18058
15399
11457
6614
1667
-2760
-6578
-7062
-4441
-611
2142
3820
4313
3611
2659
1844
967
-374
-2943
-4942
-5403
-3915
-866
2488
5823
7668
8761
8495
8101
7112
4827
1493
-2948
-6845
-9479
-10217
-9508
-7819
-5478
-3013
-107
3271
6465
9285
10132
9561
7773
6046
4769
3820
3607
2891
2356
1211
586
292
111
-117
-910
-1293
-1477
-734
673
2361
4045
4855
5231
5065
4952
4892
4242
3244
1371
-344
-2350
-4198
-5806
-7520
-9146
-11085
-12273
-12796
-12149
-10723
-9027
-6856
-4634
-2489
-666
723
1741
2176
2002
908
-285
-1199
-2483
-3954
-5716
-7518
-9190
-10209
-10569
-10270
-9448
-8447
-7437
-6204
-4910
-3656
-2443
-1931
-1545
-939
1280
5289
10295
14529
16204
16595
15700
14050
11301
7671
3864
-393
-3171
-4191
-2605
83
2068
3447
3302
2811
1609
875
462
-582
-1839
-3597
-3751
-2673
-281
2553
4654
6314
6671
6803
6338
5607
4305
1855
-1223
-4791
-7220
-8440
-8503
-7469
-5889
-3945
-1830
1139
4900
8318
10267
10177
9199
7680
6047
4730
3797
2997
1867
933
320
530
510
331
-267
-797
-1210
-1042
219
1508
3119
3661
4305
4488
4927
5182
4788
4164
2391
860
-1375
-3288
-5428
-7422
-9342
-11460
-12674
-13299
-12731
-11479
-9540
-7166
-4666
-2249
-251
1331
2197
2272
2120
1210
-401
-2123
-3467
-4344
-5067
-5925
-7222
-8382
-9096
-9134
-8547
-7872
-7317
-6596
-6215
-5629
-4685
-3279
-2439
-1925
-1532
-165
4052
9671
14891
16715
17305
16349
14748
11557
7868
5035
703
-2313
-4583
-2689
-730
1523
3213
2932
2512
73
150
-762
-1025
-2365
-4014
-4005
-3877
-704
2112
5592
7764
8549
8950
7709
7038
4926
1991
-1896
-6315
-8780
-10707
-10366
-8931
-6456
-3073
-657
2340
4867
8096
10044
10436
10840
9299
7805
5805
4378
3648
2006
855
-1239
-1349
-1812
-1677
-369
-490
632
245
1570
2240
4011
5535
5544
6493
5167
5499
4299
3752
2229
-64
-2334
-5857
-7508
-9777
-10494
-11607
-12091
-11693
-11186
-9365
-7561
-4925
-2803
-1206
-94
589
1525
1764
1741
1163
-215
-1819
-3822
-5190
-6213
-7286
-8775
-10027
-10262
-9533
-7801
-6345
-5101
-4252
-3906
-3627
-3088
-2542
-2549
-2258
-2395
-1884
276
4215
9680
13128
14751
14597
14838
13835
11077
8420
4070
697
-3034
-3575
-2125
-165
1749
1564
2024
624
315
-82
-618
-1158
-3366
-4316
-4637
-2619
525
3561
6646
8007
9161
8760
7677
6496
3349
-252
-4979
-8451
-10741
-11403
-10114
-8221
-4543
-1298
2505
6844
10022
11803
11583
10490
8441
6175
4387
2204
1641
943
689
850
370
229
-673
-815
-1656
-1159
-257
627
2397
3673
5400
6449
7284
7195
6503
5092
2934
837
-1354
-3629
-5668
-7814
-9195
-10131
-10725
-10513
-10047
-8887
-7780
-5755
-3925
-1702
163
1304
2072
1754
1306
463
-405
-1889
-2838
-3960
-5221
-5989
-6261
-6385
-7085
-8035
-8727
-8261
-7548
-6336
-4435
-2874
-1976
-1645
-1728
-1828
-2205
-2792
-3650
-3773
-3250
-368
5416
10909
14703
16123
16930
16206
13827
10191
6208
2205
-2403
-5086
-4986
-3138
-1197
99
649
528
-193
-438
-700
-986
-2040
-3101
-3368
-2531
431
3448
6539
8301
9058
8708
7186
5208
2315
-938
-5174
-8941
-11223
-11903
-10674
-8159
-4546
-556
2792
6026
9121
12049
13300
12873
10896
7895
5321
2756
1405
489
-171
-1225
-2010
-2187
-1974
-1057
-609
78
668
1600
3017
5055
6988
7842
7514
5902
3905
1710
-548
-2823
-5064
-7043
-8477
-9234
-9112
-8475
-7960
-7720
-7412
-6773
-5553
-3704
-1953
-524
488
869
870
628
126
-444
-1204
-2347
-3524
-4503
-5314
-5777
-6023
-6701
-7436
-7409
-6850
-5676
-4271
-2750
-1739
-1548
-1581
-1941
-2871
-4526
-5634
-6031
-6267
-5920
-3466
1883
8916
13977
16962
18549
18794
17024
12698
8667
3669
-399
-4691
-5880
-4184
-2815
-745
-288
1156
223
-62
-474
-1082
-1135
-2952
-2776
-2520
-139
2618
5527
8418
9446
9727
8036
6083
3645
155
-3449
-7531
-10144
-11357
-11210
-9189
-6347
-1993
1919
5532
8459
10835
12502
11559
9846
7370
4820
2557
696
558
599
807
336
-65
-152
-1053
-877
-929
168
1077
2388
4205
5734
7412
7195
6609
4282
2033
-684
-3381
-5440
-7394
-8455
-9415
-9130
-8413
-7265
-6402
-5769
-4982
-4105
-2986
-1619
-485
441
700
449
-14
-449
-715
-1615
-2720
-4250
-5022
-5314
-5226
-5121
-5285
-5447
-5921
-5980
-5454
-4395
-3459
-2892
-2380
-2091
-1769
-1768
-2121
-2280
-3225
-4273
-5617
-5849
-5210
-3249
768
5735
11506
14312
16156
16734
16083
13448
8801
4968
-231
-3812
-6354
-5625
-3457
-2434
-838
-652
517
281
1022
1848
1699
1600
93
419
656
2369
4158
5148
5784
5068
4677
3299
2028
332
-2186
-4562
-7043
-7929
-7598
-6315
-3689
-861
2512
5245
8309
10819
12217
12554
10437
8150
5050
2418
-11
-1669
-2392
-3065
-2691
-2639
-1237
-72
950
2182
3129
4401
5111
6277
6118
5670
4364
2263
251
-2386
-4338
-6533
-7766
-8650
-8319
-7439
-6450
-4921
-4082
-2956
-2487
-1872
-1552
-1227
-1104
-1208
-1043
-1153
-826
-1002
-1466
-1829
-2211
-2614
-3050
-3524
-4144
-4672
-5348
-5820
-5511
-4817
-4073
-3346
-2973
-2500
-1568
-1305
-975
-1056
-1706
-3192
-4539
-4796
-5295
-5509
-6407
-5691
-4480
-1984
3002
8521
12625
13494
13679
12917
11326
8298
4741
1056
-2765
-5582
-5670
-4037
-1769
334
1252
2156
1932
2524
2419
2649
1825
182
-619
-1391
102
1316
2876
3649
3633
3297
2356
2113
1235
-24
-1506
-3670
-4747
-5143
-3982
-1673
600
3372
4903
7254
8618
10079
10559
9042
7005
3784
1819
-549
-1574
-2244
-2460
-2072
-1781
-335
1108
2947
4091
4988
5430
5191
4759
3966
2834
1270
-661
-2709
-4703
-6028
-6845
-7124
-6676
-5869
-4633
-3579
-2426
-1691
-959
-694
-839
-1197
-1684
-1903
-2010
-1548
-1139
-500
-520
-765
-1202
-1554
-2082
-2893
-3587
-4656
-5117
-5186
-4450
-3844
-3174
-2475
-2356
-2067
-1667
-897
-972
-2020
-3203
-4252
-4378
-4748
-4390
-4196
-4843
-5195
-5019
-3084
-1539
1068
3433
6260
8397
9000
10127
9923
8896
5173
2080
-899
-2697
-3272
-2964
-1094
-47
1193
1855
3286
3774
3888
3222
2125
878
-276
-782
-809
-47
360
1209
1320
1959
2106
2346
2101
1344
525
-772
-1396
-2256
-2146
-1506
-116
1853
3665
5416
7126
8362
8951
8196
6800
4263
1959
68
-1426
-1641
-2142
-1371
-788
719
1569
2627
3287
2955
2856
1938
1933
1321
1231
142
-862
-2231
-3548
-4314
-5072
-4969
-4998
-4320
-3869
-2626
-1579
-582
-183
-359
-828
-1499
-1810
-2060
-1835
-1674
-1189
-922
-453
-72
51
-75
-534
-1400
-2505
-3344
-3921
-4240
-3964
-3502
-2913
-2333
-2290
-2186
-2320
-1958
-1893
-2311
-3199
-3785
-3759
-4247
-3915
-3463
-3417
-3771
-3987
-3664
-3470
-2831
-2062
-693
664
2470
4862
6404
7053
6740
6130
4151
2633
718
-463
-976
-1111
-122
220
1907
2346
3680
3621
3562
3584
2221
1951
336
280
-593
-501
-261
-13
1354
1672
2854
3085
3248
3020
1788
927
-577
-1456
-1887
-1312
754
2425
4921
6211
7696
8179
7322
6191
4019
2527
369
-310
-732
-342
100
92
426
436
693
607
1022
1107
1328
1146
960
558
204
-579
-1514
-2152
-2995
-3265
-3672
-3323
-3217
-2639
-2341
-2120
-1764
-1784
-1462
-1549
-1121
-1010
-681
-453
-289
3
-70
-100
-440
-665
-1092
-1596
-1748
-1963
-2139
-2348
-2666
-3070
-3598
-3828
-4432
-4292
-3889
-3503
-2771
-2194
-1672
-1919
-2139
-2857
-3035
-3250
-3840
-4192
-4531
-4972
-5062
-4631
-4741
-4211
-3264
-1026
1831
5382
7580
8653
9109
7730
6531
4022
2240
-117
-1650
-2318
-2047
224
1383
3348
3770
4068
3772
3161
3089
1816
1247
-421
-1255
-1478
-873
757
1819
3302
3746
4080
4023
3365
2586
1003
-635
-2645
-3843
-3763
-2586
363
3816
6926
8941
9726
9304
8008
6053
3376
474
-1859
-3490
-3772
-2627
-1489
396
1083
1283
788
549
600
153
732
-195
-71
-783
-889
-794
-1081
-911
-2117
-2188
-3123
-2773
-2525
-2152
-1443
-1466
-905
-964
-374
-33
329
500
240
98
-188
13
202
249
148
-360
-751
-1144
-1530
-2279
-2639
-3131
-3982
-4503
-4567
-4009
-3717
-3106
-2610
-1799
-1437
-1289
-1033
-1560
-2576
-3885
-4964
-5994
-6253
-6242
-5972
-5283
-4481
-3726
-2847
-1239
-17
981
1747
2907
4663
5306
6079
5813
5356
3843
2203
1403
-253
-279
-1144
-516
138
1480
3213
3694
4878
4195
4048
2685
1776
1145
-47
-468
-999
-369
294
1451
2747
3297
3496
2682
1592
557
-651
-1171
-1831
-1433
-314
1795
4560
7152
9596
9759
8770
6498
4124
1667
-1037
-2889
-4328
-4333
-3862
-2229
-229
1155
1900
1531
1347
754
686
441
247
-194
-1093
-1527
-1874
-1437
-1477
-1326
-1690
-1839
-1755
-1478
-738
-387
89
37
321
601
1209
1739
1885
1688
1096
533
-20
-394
-651
-904
-1316
-1803
-2225
-2509
-2867
-3110
-3414
-3443
-3569
-3644
-3627
-3260
-2374
-1687
-1349
-1780
-2534
-3665
-4915
-5780
-6580
-7142
-7368
-7114
-6441
-5667
-4158
-2568
-1460
-1141
-1025
-390
452
1923
3942
5407
5777
5181
4712
4488
3559
2600
956
314
-240
148
1670
3137
4908
4612
4702
3891
3404
2922
2124
2085
703
132
-587
-148
749
1202
2196
1993
1994
1522
1155
948
-19
-352
-1346
-1207
-352
1286
3713
5289
6468
6054
5348
3983
2429
916
-812
-2009
-2656
-2511
-1436
-32
993
1431
1126
822
51
-204
-767
-1038
-1182
-1519
-1156
-994
-227
-126
0
-264
-599
-548
-594
-44
266
726
1041
1348
1647
1789
1838
1611
1201
807
285
48
-193
-465
-772
-1255
-1541
-2063
-2166
-2310
-2070
-2211
-2585
-2745
-2775
-2512
-2506
-2348
-2557
-2756
-3356
-4011
-4611
-5126
-5902
-6233
-6099
-5724
-5379
-5180
-4431
-4047
-3394
-3418
-2804
-2080
-1583
-474
324
1899
3010
4236
5091
4806
5069
3770
3312
2251
1168
893
13
1615
1718
4006
4691
5414
5809
4340
4475
2198
1980
-69
-377
-1020
-1531
-428
-277
1407
1681
2556
2334
2156
1764
889
204
-772
-1654
-1890
-1934
-882
720
2625
4236
4697
5037
4101
3881
2098
779
-822
-1885
-2165
-2018
-345
315
1784
1275
1238
514
-180
-615
-1477
-1220
-2154
-1634
-1820
-842
-9
204
646
76
486
-87
666
916
1488
2074
1821
2129
1679
2008
1345
1090
412
-153
-359
-890
-748
-990
-862
-1211
-1504
-1974
-2247
-2277
-2648
-2784
-2785
-2679
-2655
-2505
-2288
-2235
-2697
-3374
-3813
-4198
-4975
-5864
-6186
-6153
-5589
-4975
-4454
-3757
-3418
-2996
-2664
-2001
-1543
-1119
-384
149
1577
3080
4576
5445
5395
4983
3922
3198
2258
1794
1418
820
1154
1733
2873
3621
4134
4004
3346
2627
1617
1122
620
101
-244
-272
95
940
1834
2611
2910
2914
2184
1405
560
-523
-1299
-2274
-2790
-2611
-1183
742
2703
4174
4715
4684
4199
3038
2158
742
-408
-1370
-1350
-529
126
1516
1274
1881
749
161
-633
-996
-786
-1677
-988
-1869
-681
-675
153
608
650
1008
227
1131
1027
2222
2433
2676
2627
2051
1682
935
849
234
-187
-769
-1351
-1449
-1414
-1306
-1261
-1378
-1634
-2207
-2440
-2865
-2932
-3313
-3451
-3366
-3271
-3021
-3094
-2878
-3427
-3620
-4398
-5076
-5662
-5988
-5678
-5370
-4617
-4074
-3273
-2742
-2595
-2238
-1889
-1329
-522
118
1292
1887
2880
3437
4107
4326
3463
3151
2048
2193
1892
2327
2631
2506
2593
1928
2354
2133
2259
1974
1477
1361
1043
1426
1673
1868
1865
1435
1531
1241
1367
1305
799
392
-784
-1152
-1802
-1660
-1641
-1605
-895
-356
1355
2451
3737
4357
4140
3819
2645
2115
1074
575
302
-31
837
905
1710
1539
1358
854
-255
-398
-1312
-769
-1212
-908
-675
-614
32
-190
411
-18
529
728
1249
2009
2246
2698
2431
2410
1840
1426
577
-309
-934
-1404
-1558
-1525
-1320
-1349
-1280
-1415
-1350
-1226
-1158
-1346
-1758
-2281
-3040
-3562
-3836
-3911
-3661
-3577
-3505
-3628
-3791
-3887
-3971
-3777
-4171
-4364
-4787
-4899
-4581
-4035
-3231
-2832
-2118
-1559
-372
1128
2534
3606
3852
3534
2860
2241
1911
1615
1429
1062
982
1407
1778
2561
2802
2988
2368
1731
1159
748
965
924
1563
1749
2227
2486
2906
3148
2735
2117
922
203
-764
-1328
-1730
-1870
-1922
-1881
-1420
-1021
-358
120
779
1522
2241
2892
3539
3830
3720
3150
2468
1638
1034
580
-51
90
-93
507
601
937
751
285
143
-712
-243
-712
-132
-325
-177
-186
-499
-45
-496
345
123
788
917
1277
1586
1411
1556
745
485
-503
-923
-1285
-1189
-823
-680
-461
-629
-631
-893
-1083
-1347
-1772
-2153
-2585
-2790
-2918
-3028
-3163
-3296
-3354
-3428
-3111
-2743
-2396
-2287
-2410
-2726
-3071
-3428
-3760
-3871
-3992
-3942
-3483
-2600
-1418
73
1523
2644
3327
3539
3283
2986
2262
1501
597
68
-41
380
1170
1598
2200
1996
1853
1310
1226
1031
879
840
689
1253
1559
2515
2953
3545
3268
2836
2086
1112
380
-797
-1308
-2272
-2386
-2596
-1972
-1266
-664
78
145
701
833
1831
2556
3163
3450
3278
3293
2571
2231
1629
1108
562
-50
117
238
818
957
977
893
306
236
-70
299
315
398
359
12
-29
-680
-774
-1201
-1225
-1295
-1148
-556
-16
840
1037
1171
881
494
56
-253
-272
-409
-456
-637
-724
-712
-666
-631
-774
-1181
-1800
-2331
-2724
-2930
-2996
-2888
-2910
-2797
-2620
-2279
-1714
-1486
-1305
-1681
-1888
-2438
-2652
-2591
-2809
-2721
-3132
-2691
-2251
-1235
-73
780
1972
2213
2932
2886
2857
2695
1815
1505
408
472
-65
-57
56
-241
144
-474
127
-34
665
986
1453
2169
2427
3250
3215
3607
3094
2824
1906
1371
581
29
-552
-1231
-1498
-2100
-1700
-1970
-1192
-1078
-195
472
1092
2112
2245
2792
2050
2096
1484
1263
1004
721
1032
892
1313
1151
1449
1192
1004
714
495
610
638
1111
1266
1698
1438
1249
622
-3
-709
-1498
-1938
-2528
-2434
-2599
-2109
-1709
-970
-409
-44
458
685
1222
1276
1542
1359
1108
595
40
-330
-743
-920
-1220
-1294
-1411
-1521
-1692
-1970
-2458
-3114
-3703
-3938
-3785
-3297
-2568
-1766
-976
-514
-211
-186
-425
-745
-1322
-1695
-2118
-2264
-2203
-2025
-1470
-1193
-399
131
1000
1719
2226
2810
2693
2840
2073
1665
769
117
-378
-1079
-1104
-1516
-1057
-1059
-422
5
516
1124
1334
1936
2116
2705
2868
3190
3087
2722
2128
1419
693
-88
-954
-1726
-2197
-2449
-2216
-2048
-1380
-1074
-297
105
805
1475
1833
2171
1896
2105
1756
1930
1620
1530
1353
1094
1209
1163
1606
1479
1616
1394
1431
1542
1503
1700
1515
1517
918
563
35
-546
-1037
-1899
-2246
-2825
-2663
-2597
-2093
-1520
-1154
-467
-253
505
747
1229
1249
1164
1103
783
852
599
583
251
-108
-485
-867
-1139
-1632
-2163
-2649
-3073
-3189
-3219
-2953
-2653
-2349
-1895
-1491
-864
-484
-66
68
161
126
-104
-305
-722
-992
-1329
-1374
-1314
-1144
-844
-559
-45
257
639
875
933
878
616
536
195
-50
-526
-1040
-1448
-1841
-1715
-1359
-464
455
1363
2153
2648
2952
2710
2311
1708
1067
697
581
769
925
960
792
308
-204
-905
-1392
-1787
-2047
-1820
-1444
-659
142
1055
1612
1962
2117
1991
2058
1806
1590
1214
1139
955
1081
1321
1381
1721
1625
1896
1944
2276
2334
2326
2475
1807
1739
970
331
-264
-1098
-1530
-2346
-2174
-2557
-2285
-2039
-2218
-1605
-1700
-1143
-871
-175
335
721
1488
1511
1960
1854
1406
1102
425
-123
-674
-1009
-1349
-1736
-1675
-2178
-2194
-2364
-2600
-2436
-2417
-1967
-1589
-911
-475
142
739
819
884
726
184
-241
-818
-1251
-1389
-1452
-1256
-1095
-492
-271
133
408
282
378
-49
-366
-810
-1187
-1419
-1658
-1459
-1570
-1267
-1071
-904
-444
-142
189
180
215
199
343
453
630
884
1237
1267
1549
1538
1494
1255
751
410
-265
-407
-1110
-943
-1096
-749
-538
-279
296
497
1178
1092
1667
1409
1546
1298
1368
1469
1452
1668
1365
1650
1374
1597
1436
1613
1648
1670
1947
2017
2404
2360
2269
1878
1188
541
-383
-1008
-1677
-2120
-2330
-2639
-2384
-2316
-1806
-1670
-1298
-1036
-826
-449
-167
447
870
1440
1668
2026
2013
1948
1456
979
235
-533
-1237
-1978
-2285
-2718
-2649
-2637
-2172
-1828
-1296
-778
-399
38
218
330
246
210
57
-41
-127
-173
-230
-200
-237
-120
-11
31
24
-67
-159
-250
-317
-491
-717
-941
-1227
-1349
-1334
-1385
-1265
-1334
-1172
-1182
-885
-623
-440
-164
-357
-156
-385
-164
-82
81
338
235
614
516
868
799
723
624
268
320
18
194
57
20
-58
-217
56
217
764
1172
1656
2010
2095
2189
1953
1789
1393
941
636
360
531
722
1300
1862
2406
2797
2773
2823
2414
2096
1479
1002
548
133
-29
-294
-324
-688
-1097
-1663
-2110
-2421
-2549
-2430
-2180
-1848
-1559
-1279
-1004
-647
-356
87
486
1001
1453
1844
2045
1922
1576
832
1
-896
-1627
-2134
-2413
-2411
-2245
-1853
-1425
-998
-494
-134
193
370
558
701
752
728
480
297
-61
-299
-413
-437
-351
-270
-76
-13
128
97
-32
-155
-450
-655
-940
-1063
-1275
-1267
-1247
-1183
-978
-973
-780
-860
-759
-978
-963
-1087
-1173
-1017
-1006
-649
-658
-364
-485
-241
-163
-10
211
186
323
110
243
48
264
219
311
483
652
1018
1154
1364
1174
1129
955
937
1126
1285
1470
1465
1436
1390
1375
1411
1342
1493
1554
1746
1969
2148
2205
1964
1624
1088
825
444
300
112
4
-241
-492
-802
-1191
-1438
-1845
-1973
-2141
-1998
-1954
-1671
-1516
-1237
-932
-671
-254
93
606
884
1311
1420
1483
1201
699
89
-531
-1035
-1448
-1559
-1578
-1311
-956
-384
153
664
932
988
947
749
635
500
435
415
386
430
390
367
219
-34
-199
-508
-536
-658
-622
-583
-563
-350
-338
-101
-192
-226
-452
-750
-927
-1236
-1325
-1504
-1466
-1420
-1190
-969
-773
-752
-822
-996
-1135
-1129
-1189
-893
-838
-399
-232
96
340
394
654
499
792
691
819
784
666
710
508
594
459
478
477
458
696
900
1237
1471
1541
1591
1415
1366
1250
1230
1220
1089
1120
1071
1167
1234
1209
1172
969
850
710
645
661
521
386
19
-268
-612
-931
-1166
-1460
-1598
-1765
-1760
-1682
-1512
-1269
-1055
-780
-479
-183
91
226
337
318
277
194
102
15
-197
-335
-552
-589
-602
-503
-366
-217
-27
90
303
419
544
542
431
302
150
122
128
216
286
279
289
174
156
39
-16
-146
-271
-323
-387
-227
-180
29
5
-16
-208
-415
-590
-853
-923
-1139
-1087
-1183
-1117
-1134
-1170
-1166
-1331
-1339
-1527
-1495
-1450
-1216
-838
-482
-34
155
305
270
220
227
193
331
408
635
786
922
970
806
576
154
-93
-315
-239
-63
288
716
1098
1479
1612
1694
1508
1346
1076
957
858
804
809
758
853
886
1046
1070
1118
1039
890
729
476
246
-96
-458
-814
-1095
-1197
-1198
-1040
-827
-597
-379
-302
-197
-226
-195
-229
-206
-147
-115
-48
-45
34
65
116
64
30
-45
-24
8
121
222
284
326
249
285
246
310
270
262
196
116
83
15
68
99
135
102
62
10
-16
-5
93
221
378
479
541
556
511
433
244
63
-198
-422
-645
-814
-904
-986
-1020
-1089
-1095
-1108
-1052
-973
-890
-775
-729
-701
-745
-718
-714
-591
-443
-224
76
304
583
680
815
724
611
346
40
-204
-500
-543
-589
-339
-123
173
393
530
647
649
702
671
683
585
507
395
339
303
287
267
239
212
197
267
353
502
539
512
315
82
-190
-438
-587
-697
-699
-729
-712
-664
-582
-453
-389
-340
-362
-416
-437
-441
-332
-284
-198
-193
-138
-66
36
200
335
590
694
862
873
868
738
535
352
121
50
-79
-57
-22
135
313
505
626
623
534
349
184
63
50
51
170
257
464
593
744
801
786
736
509
362
40
-117
-368
-498
-591
-667
-638
-739
-691
-755
-680
-672
-632
-615
-658
-700
-796
-799
-806
-675
-584
-398
-261
-84
56
198
339
376
376
182
27
-202
-266
-302
-245
-158
-121
-24
22
191
291
393
340
226
99
-18
-29
-23
53
82
99
89
112
171
250
351
452
548
597
570
465
287
63
-201
-439
-632
-725
-710
-614
-424
-218
-35
27
9
-102
-264
-450
-612
-696
-682
-577
-400
-132
145
444
656
789
780
687
492
289
154
61
80
90
166
206
288
309
313
278
192
150
63
90
76
131
120
140
166
160
219
203
279
294
385
432
488
503
436
379
246
214
107
103
17
-53
-143
-285
-396
-557
-610
-700
-662
-674
-599
-550
-519
-491
-523
-509
-552
-459
-381
-152
82
301
426
419
317
103
-87
-340
-503
-638
-664
-622
-467
-285
-94
51
124
161
135
103
18
-23
-126
-151
-204
-209
-183
-116
21
189
377
488
586
551
488
384
297
166
86
-8
-61
-46
-54
-8
-24
-16
-84
-72
-66
-9
85
134
174
172
115
13
-48
-111
-105
-57
19
98
254
339
443
490
432
336
183
74
-24
21
-3
38
44
-5
-20
-69
-122
-180
-206
-270
-233
-145
-49
94
228
272
345
370
359
382
364
307
231
168
60
92
126
176
290
325
302
256
143
-41
-202
-407
-607
-675
-658
-550
-287
-84
77
164
140
61
9
-71
-152
-133
-188
-168
-120
-85
-87
-23
-91
-156
-141
-269
-260
-274
-282
-327
-281
-336
-349
-232
-251
-98
-7
45
57
70
-24
-102
-80
-212
-182
-163
-174
-86
-7
25
73
123
48
50
36
-30
34
68
63
124
149
93
117
105
30
33
-5
-72
-36
22
41
183
230
260
340
362
382
438
452
368
400
340
325
370
328
293
256
179
66
32
-99
-204
-249
-321
-345
-275
-216
-132
5
39
91
123
93
68
81
44
66
139
149
190
194
130
70
9
-66
-69
-48
-58
-20
14
5
62
83
55
51
16
-28
-27
-9
-39
-35
-102
-189
-203
-187
-103
41
172
248
306
281
217
130
13
-124
-215
-286
-312
-271
-246
-207
-171
-172
-176
-159
-164
-150
-133
-111
-98
-78
-96
-105
-111
-133
-86
-55
8
25
27
-19
-79
-147
-222
-230
-240
-183
-98
41
193
339
453
487
467
359
204
41
-124
-229
-291
-301
-245
-153
-18
138
296
421
544
594
632
633
580
502
394
277
145
64
-58
-129
-201
-246
-262
-272
-294
-357
-397
-479
-468
-412
-303
-150
-1
122
218
298
315
339
304
230
146
46
-46
-92
-133
-175
-190
-232
-259
-229
-155
-40
120
252
326
367
323
238
159
39
-82
-178
-247
-269
-198
-99
35
188
281
367
400
385
330
251
102
-61
-230
-418
-540
-607
-612
-550
-415
-306
-173
-76
-43
-29
-79
-148
-213
-223
-223
-145
-41
45
145
182
179
141
57
-74
-210
-340
-463
-497
-495
-449
-333
-219
-73
76
231
362
488
533
493
424
285
155
37
-54
-123
-148
-176
-173
-116
-45
54
149
221
247
264
247
251
258
261
276
269
241
204
177
118
47
-56
-193
-336
-472
-571
-602
-574
-498
-372
-243
-118
12
117
207
271
292
284
236
182
113
57
7
-27
-55
-89
-102
-112
-107
-76
-35
16
80
126
175
202
219
223
210
177
127
82
16
-17
-35
-13
47
123
189
240
261
257
248
198
135
38
-73
-204
-306
-356
-382
-356
-315
-277
-257
-244
-242
-231
-206
-183
-161
-138
-103
-42
50
146
229
255
205
107
-39
-193
-314
-402
-443
-457
-438
-376
-267
-145
-6
125
218
289
324
341
350
362
339
300
226
135
51
-12
-38
-50
-41
-60
-64
-81
-67
-24
45
126
192
266
299
330
322
307
257
169
60
-57
-173
-280
-355
-441
-506
-556
-585
-558
-482
-375
-232
-76
65
192
296
343
339
285
187
83
-17
-90
-139
-163
-167
-146
-110
-52
10
70
113
143
163
169
197
208
221
207
177
125
77
47
29
51
57
81
98
117
138
158
151
124
79
0
-55
-110
-132
-142
-147
-175
-215
-246
-277
-279
-276
-269
-263
-248
-215
-150
-68
32
134
211
278
310
312
270
191
63
-101
-256
-391
-471
-489
-436
-343
-213
-80
51
164
218
257
256
239
219
211
222
232
250
228
200
161
103
54
5
-48
-87
-104
-92
-44
26
102
170
225
263
288
299
292
270
212
129
42
-49
-126
-190
-265
-327
-374
-412
-396
-346
-261
-148
-38
63
147
215
253
261
232
158
74
-19
-92
-128
-132
-109
-62
-1
67
141
204
245
259
245
200
148
107
88
96
111
125
135
139
130
117
93
56
18
-5
-11
-7
9
21
21
11
-2
-25
-54
-87
-129
-176
-230
-280
-335
-377
-405
-426
-417
-378
-309
-210
-107
-7
72
129
159
160
138
96
35
-53
-147
-221
-268
-280
-260
-227
-188
-135
-75
-14
42
96
136
162
180
193
210
237
263
273
259
228
180
125
85
39
3
-28
-60
-77
-63
-31
16
74
122
162
182
185
171
151
115
64
12
-40
-77
-111
-135
-151
-170
-182
-204
-213
-202
-166
-103
-32
44
112
164
184
183
161
122
76
38
8
-12
0
34
86
154
220
267
289
286
271
245
212
186
158
136
121
116
116
129
136
129
105
56
0
-50
-84
-93
-82
-67
-40
-14
12
30
24
-10
-69
-148
-244
-332
-401
-436
-437
-412
-363
-303
-237
-182
-143
-112
-111
-124
-139
-151
-150
-127
-93
-54
-9
16
24
16
-7
-29
-51
-64
-65
-56
-32
6
51
98
155
212
246
262
254
221
180
126
76
32
-3
-17
-21
1
29
58
84
90
83
62
39
5
-9
-13
-15
-12
-29
-56
-82
-111
-131
-146
-160
-171
-178
-177
-170
-158
-149
-132
-117
-109
-86
-67
-34
8
51
86
101
118
116
117
119
121
126
129
142
156
182
207
240
263
271
261
243
225
195
169
148
124
92
59
21
-10
-35
-51
-56
-53
-45
-35
-21
-17
-24
-35
-62
-110
-163
-210
-251
-280
-299
-304
-305
-295
-280
-261
-235
-210
-184
-165
-155
-158
-162
-171
-167
-145
-100
-43
16
89
139
172
176
162
127
72
17
-27
-46
-35
8
62
120
164
196
204
197
183
155
130
92
51
21
-3
-21
-34
-37
-33
-24
-7
14
40
55
66
64
40
7
-32
-75
-119
-147
-165
-175
-182
-179
-176
-170
-161
-159
-156
-163
-172
-190
-200
-200
-190
-171
-141
-100
-44
17
76
129
171
195
188
170
138
112
99
91
113
154
196
241
275
296
289
260
213
157
102
52
27
8
4
1
-1
-7
-17
-34
-48
-60
-73
-70
-80
-94
-105
-119
-134
-146
-162
-174
-184
-196
-210
-227
-235
-254
-272
-281
-277
-265
-237
-196
-148
-103
-57
-8
39
88
136
182
222
256
275
275
259
221
175
131
87
61
57
64
91
126
150
156
154
131
98
70
39
18
6
2
18
32
48
67
76
81
83
83
80
81
69
61
45
22
-3
-28
-48
-74
-93
-119
-135
-145
-156
-159
-160
-152
-153
-149
-151
-165
-163
-164
-161
-152
-126
-86
-38
28
97
170
224
256
258
231
181
128
88
64
58
68
97
128
164
193
205
196
168
135
83
34
4
-7
-8
3
22
48
65
84
96
92
81
49
16
-27
-63
-92
-107
-109
-105
-103
-115
-131
-162
-193
-222
-244
-253
-255
-235
-204
-158
-107
-47
9
49
77
105
132
159
187
212
231
232
224
200
170
134
95
56
22
0
-22
-25
-19
-11
-11
-15
-24
-43
-66
-88
-103
-109
-105
-100
-82
-51
-4
47
94
126
140
134
106
63
11
-34
-72
-91
-100
-101
-84
-62
-46
-36
-47
-75
-111
-161
-203
-226
-235
-224
-202
-169
-135
-97
-53
-8
37
68
96
121
127
125
121
111
96
82
62
39
28
25
24
34
33
24
11
-3
-24
-37
-38
-41
-41
-42
-50
-61
-62
-66
-57
-41
-25
-4
16
40
55
60
52
34
4
-28
-66
-99
-112
-122
-126
-127
-127
-135
-140
-135
-128
-114
-92
-65
-38
3
45
88
129
168
202
226
240
247
250
234
211
175
130
78
30
-11
-55
-75
-92
-95
-93
-93
-86
-84
-89
-87
-81
-76
-68
-58
-42
-29
-13
0
7
7
6
11
12
14
16
23
23
18
15
11
4
5
0
-3
-4
-16
-21
-36
-43
-49
-64
-81
-95
-103
-104
-96
-73
-47
-13
33
82
128
167
199
209
210
192
162
120
76
43
16
-3
-20
-20
-16
-14
-23
-35
-44
-59
-75
-94
-113
-129
-141
-145
-143
-139
-130
-112
-83
-52
-16
8
31
32
23
2
-31
-61
-97
-115
-126
-135
-133
-116
-96
-80
-62
-51
-43
-29
-20
-5
22
35
62
91
104
122
142
163
185
209
223
232
221
194
159
105
47
-14
-56
-84
-96
-89
-75
-49
-36
-30
-34
-49
-67
-83
-96
-103
-96
-89
-87
-75
-65
-53
-46
-41
-25
-13
4
16
34
49
52
53
45
39
22
10
8
3
3
2
-3
-12
-21
-31
-35
-40
-35
-20
4
28
57
95
117
137
155
155
153
148
133
120
98
77
56
34
19
-4
-19
-24
-20
-14
-14
-7
-14
-29
-41
-60
-85
-108
-120
-125
-126
-109
-80
-48
-16
14
38
43
46
33
10
-10
-32
-46
-57
-61
-53
-47
-36
-30
-29
-28
-30
-29
-26
-16
-13
1
19
35
59
85
111
135
155
178
195
201
207
195
165
133
97
53
18
-4
-25
-29
-26
-19
-8
-7
-11
-19
-32
-54
-74
-85
-91
-85
-81
-67
-54
-42
-28
-21
-6
3
17
35
47
59
67
63
57
49
31
17
11
5
9
12
10
3
-8
-24
-39
-54
-61
-52
-39
-14
17
51
76
92
98
92
80
53
33
19
3
-3
-1
1
6
4
-3
-13
-23
-26
-32
-34
-46
-56
-71
-87
-103
-121
-127
-129
-125
-105
-88
-63
-26
-6
11
23
19
10
8
5
-3
-1
0
1
6
4
-2
-13
-35
-47
-66
-73
-83
-87
-72
-58
-39
-26
-4
14
36
52
69
82
91
101
98
97
84
67
52
39
22
13
16
13
20
18
10
5
-6
-25
-45
-52
-64
-63
-63
-59
-45
-42
-37
-31
-28
-35
-30
-24
-8
14
41
64
78
94
99
95
84
69
54
43
33
20
10
1
-8
-19
-30
-31
-29
-21
-3
14
31
51
63
65
62
57
46
30
23
20
12
17
21
18
17
10
4
-5
-14
-13
-21
-25
-30
-37
-43
-53
-65
-75
-81
-85
-83
-87
-76
-62
-54
-49
-36
-33
-29
-15
-8
12
30
51
67
74
80
70
57
38
14
-5
-26
-36
-41
-40
-34
-38
-30
-24
-17
-11
-6
-2
6
10
15
18
18
23
11
11
5
-1
3
5
5
3
8
-5
-7
-14
-29
-39
-53
-58
-65
-65
-67
-71
-75
-76
-77
-79
-75
-71
-58
-40
-16
3
17
32
45
51
57
59
59
55
49
41
29
24
16
2
-9
-17
-27
-23
-20
-15
-7
-3
8
5
6
2
-1
-4
-4
0
-3
3
9
11
11
7
8
13
14
17
15
16
24
22
17
3
-1
-9
-20
-17
-22
-25
-17
-22
-29
-27
-27
-22
-11
-7
6
21
33
56
69
77
89
88
80
76
70
50
39
36
24
22
22
23
24
20
25
19
20
21
15
16
20
26
21
16
16
15
17
20
24
27
37
41
41
45
45
43
36
31
26
19
14
9
7
0
-5
-3
-6
-8
-14
-17
-22
-21
-15
-12
-4
6
17
24
24
28
30
35
41
44
51
52
45
36
29
19
19
10
2
6
9
17
14
12
13
4
-5
-10
-23
-34
-33
-33
-31
-35
-31
-31
-28
-24
-20
-13
-9
1
12
16
24
30
24
18
7
7
-1
-7
-12
-23
-25
-28
-24
-33
-37
-39
-37
-32
-24
-11
0
10
14
23
28
31
34
33
32
29
24
26
30
27
18
8
1
-12
-13
-16
-22
-20
-11
-11
-16
-13
-8
-2
3
8
12
14
17
27
27
32
43
35
29
28
22
14
10
9
7
5
0
-1
1
-3
1
-1
7
9
9
12
6
11
6
8
4
3
6
2
7
10
18
20
23
17
12
16
16
16
17
14
13
18
23
30
32
36
36
25
21
15
5
-1
-8
-17
-23
-29
-39
-42
-40
-37
-38
-29
-23
-18
-6
-4
3
4
3
3
2
2
-2
2
1
4
-3
-12
-17
-23
-24
-27
-28
-30
-29
-22
-18
-12
1
12
19
28
39
44
44
49
46
42
39
31
18
5
-9
-22
-24
-34
-34
-30
-30
-28
-25
-17
-18
-18
-18
-14
-16
-18
-13
-15
-6
-4
-7
-15
-12
-12
-10
-11
-18
-16
-29
-19
-15
-17
-14
-5
-1
3
14
13
9
2
-2
-11
-14
-19
-19
-14
-12
-8
-2
1
7
15
18
25
20
13
3
3
-7
-13
-8
-6
-2
-1
1
2
9
3
4
-4
-7
-15
-26
-32
-42
-51
-56
-60
-67
-62
-63
-58
-56
-43
-41
-34
-25
-25
-16
-15
-3
-5
-1
-9
-13
-17
-22
-24
-35
-34
-42
-40
-40
-37
-35
-30
-17
-9
12
23
31
47
61
75
73
72
64
58
44
22
17
-2
-8
-23
-27
-24
-28
-18
-17
-8
-8
-7
-3
-5
-14
-18
-26
-29
-37
-40
-35
-38
-36
-31
-28
-28
-24
-25
-24
-27
-23
-25
-25
-20
-18
-6
-6
8
20
21
20
16
11
7
7
2
9
18
26
29
37
44
47
47
47
47
33
30
27
15
15
10
5
5
10
16
20
25
25
22
15
12
4
-5
-8
-17
-26
-36
-40
-48
-60
-66
-71
-69
-70
-63
-54
-42
-33
-31
-17
-8
5
12
9
7
3
-9
-19
-16
-24
-24
-22
-29
-32
-27
-25
-19
-13
-10
1
3
19
37
48
58
64
64
60
63
50
35
21
5
-11
-23
-29
-40
-30
-21
-16
2
11
23
29
29
25
13
0
-13
-23
-32
-40
-35
-29
-24
-24
-25
-29
-31
-32
-34
-35
-32
-27
-21
-17
-8
8
22
24
25
25
12
13
6
3
-2
-8
4
10
21
29
40
44
45
43
30
23
16
6
-3
-2
-3
4
9
17
26
31
43
43
44
40
32
36
30
24
25
20
19
13
5
-2
-12
-29
-36
-38
-38
-35
-32
-19
-5
7
18
30
29
32
31
19
14
4
1
-4
-6
-1
-1
0
5
13
18
17
20
15
15
31
40
49
57
57
64
67
64
54
45
28
11
-3
-16
-23
-24
-20
-16
-9
-4
7
11
14
8
4
1
-11
-16
-25
-28
-32
-28
-23
-19
-11
-9
-2
0
-5
-11
-12
-13
-9
-11
-12
-6
-3
3
14
15
19
21
15
9
-1
1
0
-4
1
3
11
20
23
19
14
8
0
-12
-25
-30
-30
-34
-35
-32
-28
-25
-21
-15
-22
-26
-22
-21
-15
-10
-15
-11
-7
-3
-1
-6
-11
-25
-32
-37
-39
-42
-43
-34
-27
-19
-5
3
8
17
21
17
14
10
6
8
5
9
11
11
12
15
14
16
21
17
15
5
7
7
6
11
22
27
28
35
31
26
19
11
-3
-15
-26
-30
-27
-31
-29
-27
-21
-20
-23
-23
-26
-30
-32
-42
-43
-38
-37
-27
-25
-21
-20
-20
-11
-10
-9
-10
-11
-10
-9
-3
3
4
12
17
17
19
19
24
23
18
23
22
24
26
27
39
45
50
54
47
47
46
45
45
35
26
30
29
18
20
17
14
14
15
9
11
11
12
19
16
20
25
30
31
26
32
28
16
16
2
-4
-1
-8
-7
-4
-7
2
8
9
16
16
19
28
29
26
25
33
33
27
32
28
21
20
16
8
6
6
5
3
1
5
1
13
21
28
33
30
35
30
30
16
16
9
3
-1
-10
-10
-6
-5
-11
-3
-7
-9
-19
-26
-21
-28
-29
-28
-29
-29
-29
-29
-32
-34
-37
-45
-38
-30
-30
-31
-33
-31
-28
-26
-22
-22
-24
-23
-25
-21
-17
-19
-24
-21
-16
-14
-7
-4
-1
-1
2
10
11
7
9
5
-1
4
-2
-7
-7
-8
-12
-15
-13
-18
-24
-25
-19
-23
-20
-17
-16
-15
-16
-13
-15
-20
-23
-21
-18
-18
-17
-21
-23
-20
-20
-25
-17
-14
-15
-8
-5
-4
4
7
6
11
18
20
23
24
25
25
32
32
29
24
13
20
17
15
14
20
28
25
22
19
27
29
31
26
25
24
15
6
0
1
-1
-2
-4
-6
-7
-8
-9
-11
-15
-15
-9
-7
-6
1
4
9
13
14
8
11
11
6
9
5
6
7
1
-2
2
5
10
10
9
10
3
4
8
5
6
10
8
9
9
5
8
13
5
3
5
-1
6
1
-3
-2
-5
1
2
1
1
-3
-10
-11
-9
-7
-11
-14
-10
-13
-19
-13
-8
-1
2
0
0
6
3
-4
-4
-2
-5
-5
-5
-9
-7
-4
2
4
7
6
12
20
20
21
23
33
34
41
35
32
33
33
30
26
26
23
20
20
23
26
23
21
29
22
23
30
26
23
17
15
13
21
13
11
12
7
8
3
6
11
9
11
12
11
19
21
14
20
24
22
32
34
31
32
27
35
33
33
29
27
29
26
21
13
13
20
20
19
15
14
14
13
17
15
9
11
2
4
4
-1
-2
-4
-5
-12
-11
-17
-18
-16
-16
-14
-21
-25
-26
-22
-19
-18
-19
-26
-24
-27
-32
-33
-36
-33
-26
-25
-21
-17
-17
-22
-20
-24
-25
-17
-22
-20
-18
-20
-17
-19
-18
-14
-9
-14
-15
-21
-22
-13
-18
-13
-15
-15
-12
-16
-13
-22
-23
-22
-24
-23
-22
-20
-22
-13
-18
-26
-19
-17
-17
-23
-22
-19
-11
-8
-7
-4
-7
-3
-7
-6
-6
-2
3
-2
1
2
9
9
6
7
9
10
6
6
11
13
16
17
17
21
17
18
24
16
20
20
16
19
16
13
11
10
11
7
3
0
0
6
6
4
10
12
9
6
8
1
0
2
0
7
2
1
4
-1
-2
-1
0
-5
-1
-6
-12
-3
1
1
1
1
3
4
3
11
12
6
7
8
13
11
8
9
9
11
9
12
15
15
18
23
25
19
19
19
25
28
24
18
5
13
12
13
15
6
8
10
16
12
16
15
12
10
9
11
3
2
1
-3
-4
-2
-1
0
1
-9
-8
-9
-15
-12
-14
-13
-17
-17
-11
-13
-13
-21
-18
-13
-16
-13
-17
-16
-20
-20
-19
-23
-23
-26
-25
-25
-22
-25
-24
-21
-24
-25
-25
-26
-24
-26
-25
-26
-22
-20
-19
-10
-13
-9
-9
-7
-9
-9
-8
-10
-10
-12
-9
-9
0
6
5
2
-2
1
-2
-3
-5
-5
-6
-5
-5
-3
4
6
10
13
17
13
15
14
9
6
1
0
-4
-8
-9
-6
-4
-2
-1
-1
-5
-2
-3
-5
6
3
4
9
8
9
7
5
4
-2
-7
-8
-9
-8
-11
-7
-6
-13
-12
-13
-14
-16
-17
-14
-10
-12
-14
-13
-15
-19
-19
-22
-18
-21
-27
-21
-19
-19
-15
-12
-12
-11
-7
-6
-1
-2
-5
0
-1
-7
-12
-8
-5
-6
0
-3
-10
-5
-5
-5
-6
-8
-8
-7
-11
-11
-16
-12
-4
-10
-6
-8
-4
-2
-1
-7
-5
2
-8
2
1
6
10
6
7
5
12
11
10
8
10
15
11
9
13
7
9
12
8
11
16
15
11
13
16
15
16
16
15
12
11
10
10
11
3
4
10
6
1
10
6
3
4
0
8
8
6
12
13
15
15
20
20
17
23
17
11
17
16
16
11
13
13
16
24
22
20
22
19
18
27
29
25
19
17
15
14
12
10
6
-1
4
-3
-1
2
6
7
5
9
5
10
1
6
5
-5
-7
-8
-13
-21
-20
-19
-18
-17
-16
-25
-22
-21
-20
-19
-16
-12
-15
-17
-19
-20
-21
-20
-22
-22
-25
-21
-22
-24
-15
-16
-14
-14
-18
-20
-19
-22
-19
-19
-19
-21
-18
-18
-23
-15
-10
-2
-1
0
4
5
9
9
9
7
5
5
4
7
12
6
6
5
1
-3
-4
-6
-7
-10
-9
-10
-12
-9
-12
-15
-17
-16
-20
-15
-19
-21
-23
-30
-23
-29
-29
-25
-22
-21
-20
-18
-16
-14
-8
-5
-3
0
-6
-5
-7
-2
6
6
6
6
6
10
8
13
13
17
14
8
14
11
16
23
25
19
21
21
22
22
15
15
3
9
13
13
12
10
11
5
6
3
7
9
8
11
8
13
14
11
10
10
13
9
7
5
7
10
9
8
3
8
10
10
8
4
1
6
5
4
1
-4
-4
-7
-6
-9
-3
-2
-8
-5
-5
4
9
9
11
12
12
14
11
13
17
15
15
19
18
18
13
12
24
27
27
25
32
30
33
33
27
32
28
38
31
30
27
28
34
29
32
23
24
26
26
28
22
19
21
18
19
21
25
26
20
20
22
15
10
11
6
2
0
4
-3
-4
1
2
2
1
5
7
4
8
13
6
6
3
0
1
1
-3
-5
-1
-3
-11
-13
-12
-6
-3
-9
-14
-12
-5
-10
-13
-14
-11
-7
-11
-14
-11
-5
-11
-7
-11
-8
-5
-13
-12
-7
-12
-17
-13
-15
-14
-12
-13
-16
-18
-15
-15
-19
-22
-19
-21
-27
-28
-32
-30
-29
-29
-34
-32
-27
-28
-36
-33
-31
-34
-31
-38
-36
-35
-34
-33
-40
-38
-29
-31
-32
-26
-29
-23
-23
-24
-22
-21
-22
-27
-27
-25
-26
-28
-23
-17
-12
-6
-6
-1
0
-5
-5
-4
-8
-10
-4
-5
-8
-7
-10
-7
-1
-3
-5
-5
0
1
0
3
-2
2
-4
-7
-4
-3
3
0
7
9
8
14
8
8
8
4
7
3
8
12
10
11
6
3
7
9
10
9
7
0
7
10
7
13
11
6
5
9
7
8
16
12
10
2
5
4
2
3
3
7
6
9
11
10
9
5
9
6
6
13
9
7
7
9
1
-1
3
-3
3
5
0
-3
-2
-7
-10
-3
0
4
6
-1
-3
-3
-9
-9
-7
-7
-15
-18
-13
-11
-11
-9
-11
-20
-16
-13
-20
-19
-14
-13
-12
-14
-12
-11
-8
-9
-6
-5
-6
-8
-10
-10
-7
-7
-4
-6
-1
3
-5
-4
-7
-6
-4
0
1
-3
3
0
-3
-3
-1
3
4
2
-1
-1
-6
-5
-9
-14
-10
-9
-9
-9
-2
-3
-6
-3
-6
-4
-1
-2
-4
-5
-7
-10
-5
-7
-4
-3
1
0
6
1
0
1
-4
3
3
9
6
5
3
2
4
0
5
10
10
4
1
-4
-6
-3
-1
-1
4
3
-2
3
5
1
1
-2
-4
-1
-2
0
-2
-8
-2
-3
-8
-10
-6
-7
-10
-9
-14
-12
-13
-11
-9
-8
-5
-15
-19
-21
-14
-17
-17
-15
-13
-10
-17
-18
-17
-15
-17
-18
-11
-11
-11
-10
-12
-7
-6
-7
-10
-8
-1
-1
3
7
13
8
5
12
15
16
20
10
12
15
16
20
15
16
14
17
20
19
25
18
11
15
15
10
5
7
9
6
8
9
9
12
8
3
1
2
2
4
6
-1
-6
-3
3
5
3
4
0
3
5
6
6
6
1
8
9
6
8
2
-3
-4
6
2
5
7
7
5
6
12
12
16
12
13
12
7
9
15
10
15
17
13
18
13
13
8
2
10
12
9
13
10
13
16
14
15
16
20
20
20
14
15
16
10
10
5
-3
-7
-7
-2
-3
-3
-11
-18
-16
-14
-18
-18
-18
-15
-19
-22
-22
-30
-28
-29
-28
-29
-32
-31
-31
-22
-18
-23
-27
-32
-30
-30
-32
-36
-40
-35
-27
-24
-24
-26
-26
-20
-19
-17
-17
-22
-24
-28
-31
-31
-28
-29
-28
-23
-27
-29
-29
-27
-23
-22
-20
-25
-26
-19
-16
-18
-19
-18
-16
-22
-20
-10
-11
-11
-7
0
1
2
1
-3
-7
-13
-10
-8
-3
2
2
-1
3
4
4
8
4
5
6
1
-3
-6
-9
-14
-13
-12
-13
-8
-6
-5
-4
-8
-9
-4
2
1
-1
-1
-6
-7
-2
2
1
4
2
5
9
12
15
8
10
7
6
1
-2
-2
-2
3
-1
2
3
0
3
4
-3
1
-2
-7
-3
-9
-7
-5
4
2
-1
3
5
9
6
5
2
1
7
7
-1
-3
-2
-2
-1
4
4
0
4
0
-3
1
1
-1
1
-2
-7
-9
-6
-7
-11
-10
-17
-10
-10
-10
-11
-15
-11
-16
-11
-19
-25
-26
-22
-18
-22
-26
-30
-28
-21
-19
-17
-10
-14
-13
-14
-10
-5
-11
-8
-8
-3
-1
1
-5
-5
3
2
0
-2
-1
0
-1
-5
-10
-7
-4
-1
-4
-6
-1
1
5
7
7
7
9
6
3
10
15
17
14
10
11
14
11
8
10
13
19
16
16
15
16
17
12
17
19
15
12
11
13
14
12
7
11
9
7
6
3
6
5
4
2
4
2
-2
-1
0
-1
-1
-7
-6
-4
-10
-9
-10
-6
1
4
12
12
6
3
0
2
5
2
0
4
4
2
4
0
-2
0
-3
-3
0
1
2
7
5
1
-1
-8
-12
-5
6
3
1
3
-5
-2
-2
-1
0
-4
3
8
9
10
13
17
14
16
13
9
11
12
16
14
14
13
8
10
9
12
15
15
15
15
19
11
0
2
8
7
7
10
2
4
6
4
9
5
1
5
3
2
4
3
-5
-4
-5
-6
2
2
1
5
7
-1
-4
-7
-5
-7
-3
-2
-1
2
0
2
0
2
-1
2
-1
1
2
-3
3
3
3
-1
-4
-3
-8
-11
-9
-10
-10
-10
-13
-14
-10
-12
-10
-6
-13
-13
-4
-2
-6
-6
-6
-4
0
5
3
3
5
4
8
6
3
5
13
12
15
18
17
20
12
7
9
12
15
13
11
12
16
14
15
19
18
18
21
26
27
26
29
27
30
29
27
26
24
26
25
32
24
26
26
19
27
22
25
23
22
25
27
24
20
21
19
19
17
20
20
26
23
17
16
19
17
12
14
12
7
9
20
19
21
20
14
14
15
11
10
10
5
10
6
-1
6
12
10
5
7
4
0
4
1
-1
4
2
-5
-5
-9
-9
0
-1
-2
-8
-11
-12
-13
-13
-15
-12
-16
-20
-13
-15
-16
-14
-14
-11
-16
-11
-13
-10
-12
-14
-14
-21
-16
-21
-24
-20
-17
-15
-14
-14
-13
-16
-16
-17
-16
-9
-13
-12
-13
-17
-13
-10
-7
-2
-2
1
4
11
13
8
7
3
3
3
2
4
2
4
7
1
1
4
13
15
8
10
1
0
-2
-4
-3
-7
-5
-5
-4
-1
-3
1
-4
-8
-7
-15
-11
-10
-10
-13
-13
-11
-11
-9
-8
-6
-9
-8
-7
-8
-8
-3
-3
-9
-10
-15
-6
-5
-6
-6
0
6
-1
2
1
-3
-7
-2
4
4
7
2
1
-4
0
5
10
14
11
14
12
13
13
13
10
10
18
16
16
20
20
26
35
28
24
20
22
19
16
18
14
11
6
10
3
-3
0
6
6
-2
0
3
0
-2
-2
-4
-10
-9
-6
-6
-2
0
1
-4
-5
-12
-13
1
-6
-7
-4
1
-1
-4
-2
4
4
8
18
13
19
18
14
16
19
14
7
10
4
9
12
8
9
12
12
17
15
9
11
10
10
5
10
12
11
8
2
5
5
10
15
15
12
7
8
14
13
14
14
9
6
2
6
7
7
9
12
10
8
6
3
-1
0
1
0
0
-2
1
3
1
2
4
4
4
8
11
9
7
5
13
10
6
14
16
22
24
27
28
29
30
30
34
28
25
28
24
19
18
21
22
24
30
30
28
28
28
30
24
15
16
8
11
15
11
12
11
7
6
5
8
8
5
1
6
7
4
9
11
19
16
14
20
14
10
17
15
1
0
2
0
-3
-4
1
-4
-3
-2
1
4
0
0
-1
-1
-8
-15
-11
-18
-15
-11
-15
-13
-14
-11
-13
-13
-12
-11
-8
-7
-7
-4
-2
1
3
-1
-2
-8
-6
-7
-3
0
-4
-5
-7
-5
-4
1
3
5
6
4
-2
-6
-4
-3
-1
-4
-8
-9
-12
-9
-5
-9
-7
-6
-4
-2
1
0
6
9
4
3
5
7
8
6
0
3
-1
0
6
5
4
0
0
3
8
12
12
17
14
8
13
7
4
8
1
-2
-3
-7
-9
-4
-7
-6
-6
-10
-3
-5
-9
-10
-13
-20
-15
-7
-15
-16
-20
-20
-15
-16
-21
-22
-19
-18
-13
-12
-11
-9
-11
-8
-13
-17
-15
-13
-12
-10
-11
-12
-17
-19
-18
-20
-23
-26
-24
-25
-23
-16
-13
-14
-17
-15
-14
-7
-14
-18
-17
-17
-18
-15
-10
-20
-15
-12
-11
-9
-12
-7
-1
2
10
5
4
5
2
5
-2
0
-3
-8
-1
3
2
-2
-5
-8
-10
-11
-9
-7
-7
-7
-6
-17
-18
-17
-21
-20
-25
-31
-30
-31
-28
-23
-25
-19
-15
-19
-16
-12
-15
-14
-13
-12
-9
-12
-16
-16
-17
-13
-10
-12
-3
-3
-6
-2
0
0
2
10
12
12
8
4
4
8
11
9
10
7
2
0
0
1
3
0
-1
1
2
0
2
3
3
1
-1
0
-3
-1
-5
-4
2
-4
-8
-12
-9
-5
-4
-7
-8
-9
-11
-14
-17
-14
-16
-17
-17
-21
-25
-22
-17
-19
-19
-16
-14
-13
-10
-11
-13
-13
-13
-8
-4
-4
-9
-9
-2
-7
-11
-11
-12
-7
-9
-3
-3
2
9
6
6
5
8
8
9
7
12
9
15
29
24
23
24
19
15
17
24
19
16
19
18
22
19
19
13
8
9
0
3
-1
5
11
7
11
2
-4
1
3
3
6
16
12
15
11
9
13
4
8
6
12
10
9
10
9
12
3
9
7
9
14
12
14
6
14
20
13
16
21
17
11
10
15
17
17
19
23
20
23
23
21
26
23
27
27
