1
0
-2
-8
-9
-9
-3
-1
4
3
-2
-10
-10
-5
-7
-4
-2
3
1
-1
3
-7
-10
-3
-1
3
6
11
11
10
9
5
6
4
8
7
9
11
6
6
3
9
12
5
-1
5
8
11
12
14
9
6
7
4
8
4
6
3
2
3
-2
0
1
1
-1
-2
-12
-15
-14
-16
-15
-12
-10
-12
-22
-24
-22
-26
-25
-32
-29
-27
-29
-32
-33
-34
-35
-34
-36
-31
-35
-33
-35
-32
-31
-29
-25
-26
-21
-23
-24
-23
-17
-19
-17
-14
-17
-22
-20
-14
-9
-6
-13
-10
-10
-11
-9
-7
-8
-4
5
7
-3
-8
-6
-7
0
5
11
11
10
12
12
13
14
15
12
13
14
12
6
13
15
12
15
15
5
2
7
6
8
5
1
1
0
1
4
-2
-4
-2
-5
-4
-2
-1
-1
-5
-13
-9
-14
-14
-12
-21
-16
-14
-17
-11
-8
-13
-12
-13
-16
-17
-15
-15
-12
-12
-21
-22
-27
-28
-26
-22
-21
-21
-15
-16
-14
-18
-23
-24
-27
-28
-25
-22
-21
-19
-13
-19
-21
-14
-14
-9
-12
-15
-17
-18
-19
-18
-12
-5
-10
-14
-16
-16
-7
-10
-7
-15
-18
-12
-9
-4
-7
-11
-16
-16
-13
-15
-15
-22
-27
-24
-23
-18
-16
-21
-24
-21
-18
-27
-31
-30
-28
-27
-28
-22
-27
-27
-21
-16
-11
-6
-3
-6
-7
-10
-14
-21
-21
-25
-26
-26
-31
-20
-12
-10
-1
1
-3
-2
-2
-10
-8
-6
-9
-10
-12
-10
-5
-7
-3
-1
0
5
6
11
11
17
15
14
9
4
3
3
3
-4
-1
-6
-7
-4
-5
-3
4
3
8
9
3
-2
-6
-8
-4
-1
-1
2
0
4
0
-5
-6
-3
11
11
10
10
5
6
10
8
6
4
10
8
6
11
3
8
11
14
18
13
17
23
19
21
24
26
23
19
32
31
27
25
22
31
32
34
29
24
23
22
23
24
25
26
25
19
21
23
24
23
18
13
15
11
11
12
8
7
2
-3
-1
-1
3
11
9
16
7
13
6
1
2
3
4
-2
3
-5
-2
-12
-4
-4
6
10
10
11
8
14
6
11
6
9
4
7
4
11
10
9
18
15
23
20
18
14
22
19
20
21
18
15
16
20
22
23
26
27
24
27
24
24
24
24
21
22
18
15
20
19
20
20
18
15
19
14
16
16
16
11
10
9
11
15
20
18
11
12
11
8
9
14
12
13
10
6
3
4
6
5
1
-1
-3
0
7
8
5
4
3
-1
2
0
-3
2
2
-4
-3
-12
-19
-21
-20
-20
-23
-20
-21
-16
-18
-16
-20
-23
-22
-31
-33
-36
-38
-45
-45
-45
-46
-44
-42
-45
-47
-46
-46
-46
-44
-42
-40
-39
-38
-37
-36
-35
-36
-34
-32
-27
-22
-23
-16
-16
-18
-15
-11
-8
-3
2
0
4
6
7
14
14
16
20
26
26
26
29
33
34
30
32
28
28
36
29
29
27
23
29
28
28
24
26
23
17
20
20
18
26
21
12
11
2
1
2
4
4
0
4
3
1
4
0
5
5
5
7
4
4
6
8
6
8
8
9
5
10
7
8
9
8
13
9
14
13
13
9
11
9
3
6
6
7
9
12
13
10
9
10
4
7
6
1
5
5
6
8
5
6
5
3
-1
-3
-1
-2
1
3
8
5
1
-1
-6
0
-2
-3
-4
-7
-8
-3
-1
-7
-4
-5
-8
-8
-4
-2
-3
-4
-6
-7
-10
-13
-15
-12
-15
-16
-21
-21
-23
-24
-21
-24
-21
-20
-21
-20
-24
-28
-26
-31
-32
-32
-36
-37
-34
-31
-30
-29
-27
-29
-31
-29
-31
-30
-32
-34
-30
-32
-29
-27
-28
-21
-20
-15
-11
-11
-6
-8
-5
-1
-4
1
7
1
5
11
12
13
11
13
19
18
8
12
9
10
17
16
18
14
10
6
5
2
-2
-7
-5
-5
-4
-4
0
-4
-6
-7
-14
-6
-6
-9
-3
-6
-7
-6
-7
-8
-8
-1
-1
1
7
14
15
14
11
9
15
15
16
21
30
30
29
25
26
31
34
36
27
29
28
30
21
20
23
18
25
24
27
27
26
25
29
28
22
25
23
23
27
25
26
26
25
29
24
30
30
33
35
33
33
26
31
31
30
33
29
27
23
15
17
14
7
4
8
16
13
14
11
12
12
10
8
7
10
6
10
8
4
5
3
5
4
6
9
5
10
14
14
15
17
17
16
18
18
22
21
19
17
15
19
18
15
11
16
15
14
16
19
16
19
17
16
16
12
11
13
15
12
10
7
13
11
13
11
9
9
6
8
13
11
2
7
7
6
5
7
7
10
10
10
16
14
16
16
18
18
20
21
21
21
20
22
24
24
27
28
19
23
19
20
19
12
16
9
6
4
9
7
1
3
-2
0
-1
-6
-4
-6
-11
-16
-17
-9
-12
-17
-18
-20
-24
-24
-27
-29
-27
-28
-27
-31
-32
-32
-31
-32
-27
-28
-30
-31
-30
-29
-31
-28
-28
-25
-25
-24
-23
-22
-20
-17
-12
-15
-18
-18
-19
-18
-10
-6
-5
-7
-7
-9
-5
-1
-3
1
-6
-2
-4
-5
-5
0
3
-2
1
-2
-7
-4
-2
-2
1
-1
-2
1
0
-1
-3
-8
-3
2
6
8
-4
-1
-3
-3
2
1
3
6
5
3
-1
-3
-1
-3
-4
-5
-6
-3
-4
-6
-6
-9
-14
-17
-10
-7
-11
-15
-17
-18
-23
-17
-14
-18
-19
-17
-18
-16
-19
-16
-18
-18
-16
-17
-12
-15
-14
-10
-13
-11
-5
-7
-8
-12
-9
-4
-7
-5
-8
-6
-4
-2
-7
-6
-4
1
-2
-4
-8
-11
-1
5
7
6
5
-1
2
2
-1
0
0
2
0
5
1
3
-4
-14
-7
-8
-4
-4
-9
-7
-7
-8
-8
-8
-7
-2
3
3
2
2
5
3
0
4
1
0
3
0
4
6
7
10
4
-1
4
7
1
-1
-1
3
2
2
3
6
-3
1
8
4
8
2
2
4
5
8
3
2
4
8
11
9
10
13
10
13
12
9
10
12
9
8
6
5
13
12
13
9
6
10
13
14
12
12
5
0
-1
-1
2
1
1
2
2
0
3
3
-1
4
4
3
5
5
-1
-2
-5
-6
-6
-6
-4
-6
-14
-11
-7
-11
-8
-3
-5
-2
-1
-2
6
9
6
6
5
5
5
9
9
6
6
6
12
16
15
17
15
16
13
11
15
15
15
11
6
8
6
9
9
4
4
5
0
-2
4
4
5
1
2
8
9
10
0
-2
0
2
1
-4
-2
-1
4
7
10
11
10
11
10
14
18
19
20
20
18
19
19
19
23
20
26
23
23
22
22
22
20
19
20
26
21
26
26
29
23
19
26
23
23
21
20
17
16
14
16
12
13
9
8
7
8
17
12
15
15
15
13
11
9
8
8
6
2
-1
3
4
7
5
1
3
6
5
5
3
-9
-10
-7
-5
-6
-10
-14
-13
-11
-13
-7
-14
-13
-18
-18
-14
-20
-19
-17
-16
-24
-24
-27
-30
-30
-32
-33
-30
-32
-32
-28
-32
-36
-34
-32
-32
-29
-34
-35
-38
-38
-38
-41
-39
-41
-35
-38
-39
-36
-32
-28
-28
-29
-30
-28
-30
-29
-28
-30
-27
-29
-22
-20
-25
-19
-20
-18
-15
-18
-16
-15
-15
-16
-17
-16
-16
-15
-9
-11
-5
0
1
3
2
2
4
4
10
11
10
12
9
13
13
10
11
9
14
15
13
20
23
22
21
20
24
24
25
22
17
23
26
24
22
22
23
20
17
17
13
15
19
9
3
3
7
3
6
10
9
8
5
12
12
5
2
1
1
7
11
6
1
-1
-1
2
-1
-6
-4
-10
-6
-5
3
2
-12
-7
-17
-13
-4
-7
-5
-13
-14
-14
-20
-19
-16
-20
-24
-15
-12
-10
-10
-17
-23
-19
-18
-16
-8
-7
-14
-13
-14
-23
-19
-18
-10
-5
-4
-7
-11
-9
-12
-11
-6
-3
-8
-10
-7
-3
-2
-4
-4
-12
-15
-6
-9
-14
-13
-9
-12
-9
-7
-13
-12
-15
-8
-12
-7
-8
-19
-21
-16
-15
-22
-25
-23
-14
-12
-7
-17
-18
-12
-10
-9
-13
-3
-5
0
2
1
0
2
1
0
6
8
9
11
17
9
9
16
15
17
23
26
23
21
22
20
19
27
30
37
41
38
38
41
46
37
31
34
27
29
34
31
34
34
27
30
31
33
36
33
29
34
35
31
31
19
18
22
19
22
21
18
12
20
18
11
15
7
7
11
12
11
14
18
14
13
12
15
21
19
18
22
26
23
23
17
14
17
18
27
29
28
31
30
32
36
38
38
43
44
37
37
34
27
31
28
22
28
25
26
29
21
22
21
14
17
18
14
13
8
4
1
-2
-7
-11
-13
-13
-13
-12
-17
-19
-16
-12
-12
-18
-19
-22
-17
-17
-20
-24
-21
-18
-23
-19
-18
-17
-17
-14
-14
-11
-8
-9
-8
-6
-1
-5
-6
-1
-4
0
1
1
10
16
21
17
24
25
21
27
26
27
25
20
20
23
21
17
17
14
11
7
7
12
12
12
8
5
1
0
0
-2
-1
-6
-9
-10
-8
-10
-6
-3
-2
3
-2
-2
-4
0
3
-2
2
1
2
12
11
19
22
20
19
17
19
19
23
20
17
19
20
19
18
18
17
17
21
12
10
7
-1
-6
-9
-8
-14
-20
-30
-34
-39
-38
-44
-49
-50
-57
-56
-55
-54
-61
-62
-61
-59
-61
-60
-56
-57
-55
-55
-56
-56
-53
-46
-43
-34
-29
-32
-24
-20
-16
-15
-14
-10
-3
6
13
16
18
23
23
30
26
33
39
41
42
37
38
39
39
32
32
30
33
35
39
36
32
32
27
24
25
18
12
13
6
8
3
1
-1
-5
-5
-5
-1
0
1
1
10
7
9
14
14
15
17
20
18
18
24
31
34
37
33
39
42
47
53
55
55
59
64
59
60
55
54
52
52
58
51
50
53
49
44
42
36
33
36
36
36
32
25
24
22
18
22
16
13
11
9
5
-3
-9
-16
-16
-18
-14
-18
-20
-19
-18
-22
-22
-22
-25
-22
-22
-20
-25
-18
-12
-16
-16
-9
-12
-10
-7
-7
-1
0
4
2
6
13
21
21
27
23
24
31
26
30
34
30
31
33
30
30
24
26
25
26
31
35
38
30
30
29
24
23
18
18
17
18
20
16
13
7
4
1
-6
-7
-16
-23
-19
-21
-25
-26
-28
-29
-24
-25
-21
-21
-19
-15
-14
-8
-6
-2
-5
-1
7
9
12
12
16
19
29
32
36
46
50
53
56
62
62
64
71
65
67
68
60
59
53
53
49
42
36
30
30
26
22
20
14
11
10
11
9
7
9
6
14
14
15
14
10
14
15
18
16
17
14
13
9
0
1
-3
-6
-16
-29
-41
-53
-71
-81
-101
-119
-128
-139
-152
-170
-174
-189
-197
-197
-203
-203
-206
-201
-199
-195
-181
-171
-154
-136
-116
-86
-65
-41
-17
3
32
49
66
81
89
99
107
115
115
119
118
108
106
105
103
103
100
87
73
63
54
46
38
35
37
38
45
54
75
99
123
158
188
223
258
290
312
334
351
355
360
359
354
344
341
317
284
258
228
192
154
103
36
-29
-97
-178
-258
-332
-409
-478
-539
-595
-637
-663
-682
-693
-691
-682
-663
-631
-596
-569
-527
-479
-434
-381
-330
-266
-198
-129
-64
2
65
124
169
212
245
254
259
258
252
240
218
190
172
167
158
157
161
166
176
195
210
225
251
268
277
295
315
342
376
422
465
516
585
648
710
772
811
845
865
868
862
838
812
761
706
653
584
527
463
387
317
237
144
53
-48
-159
-301
-441
-575
-708
-831
-950
-1054
-1148
-1207
-1254
-1274
-1265
-1249
-1223
-1196
-1160
-1110
-1051
-1001
-960
-903
-826
-751
-656
-555
-450
-329
-201
-74
33
151
251
322
374
390
393
393
362
311
261
226
199
178
183
182
203
236
267
311
341
380
390
384
387
376
380
388
385
395
409
443
495
546
615
663
703
726
738
757
724
679
617
538
456
364
302
241
179
147
119
107
118
122
130
118
120
117
99
86
34
-13
-73
-141
-195
-249
-300
-354
-398
-437
-464
-475
-496
-535
-561
-590
-634
-670
-712
-759
-811
-859
-889
-918
-919
-909
-883
-827
-772
-694
-605
-506
-410
-311
-224
-151
-74
-13
22
41
62
72
94
120
135
157
201
254
324
394
467
536
584
630
642
651
658
639
585
522
457
430
413
381
360
348
375
390
421
441
443
453
417
358
308
252
200
108
16
-42
-95
-89
-105
-102
-55
-26
39
82
135
189
208
231
188
152
145
91
58
-20
-74
-96
-132
-123
-168
-188
-185
-225
-223
-269
-316
-350
-434
-487
-583
-646
-686
-754
-771
-815
-810
-754
-734
-669
-629
-563
-478
-442
-373
-345
-301
-238
-218
-174
-153
-119
-65
-64
-19
23
67
135
142
169
187
206
238
223
202
198
176
169
156
146
164
166
197
214
246
330
385
453
504
541
642
696
773
825
836
901
903
932
946
944
987
955
946
930
898
924
861
817
747
647
594
449
329
176
0
-147
-359
-518
-681
-839
-950
-1117
-1205
-1290
-1354
-1383
-1465
-1473
-1514
-1519
-1516
-1550
-1518
-1511
-1461
-1413
-1382
-1266
-1178
-1022
-880
-746
-546
-412
-208
-75
56
206
278
413
455
510
582
598
685
688
733
788
785
872
847
884
905
847
864
760
718
667
567
547
418
391
359
310
371
345
423
479
532
637
666
785
853
886
934
920
968
976
981
1021
993
1042
1056
1072
1099
1086
1101
1054
996
912
782
643
442
212
-48
-313
-564
-829
-1080
-1349
-1548
-1754
-1925
-2047
-2188
-2243
-2333
-2380
-2403
-2456
-2418
-2425
-2389
-2325
-2304
-2156
-2073
-1916
-1724
-1575
-1291
-1109
-851
-603
-408
-110
51
264
443
540
723
769
877
959
979
1080
1047
1105
1124
1117
1183
1133
1144
1118
1074
1080
999
968
916
846
829
756
752
760
768
813
826
884
954
1038
1122
1177
1228
1287
1327
1363
1405
1395
1405
1396
1367
1375
1341
1342
1314
1246
1230
1137
1090
996
831
714
491
319
89
-203
-411
-735
-972
-1243
-1550
-1725
-2002
-2160
-2338
-2521
-2566
-2712
-2713
-2747
-2794
-2715
-2745
-2644
-2584
-2538
-2369
-2302
-2098
-1951
-1806
-1553
-1427
-1159
-975
-783
-504
-367
-117
41
209
419
500
687
761
847
977
992
1099
1110
1139
1182
1138
1179
1151
1148
1156
1100
1106
1063
1042
1050
1012
1016
983
974
981
964
971
954
953
955
934
944
959
977
1004
1000
1001
1021
1049
1087
1111
1136
1173
1184
1215
1219
1214
1231
1181
1152
1092
1018
962
836
719
558
385
227
-11
-206
-456
-708
-902
-1178
-1382
-1631
-1843
-1998
-2209
-2304
-2442
-2524
-2544
-2631
-2595
-2618
-2590
-2515
-2520
-2408
-2364
-2256
-2132
-2069
-1889
-1801
-1617
-1418
-1288
-1025
-874
-656
-453
-319
-80
24
217
353
410
573
602
714
786
801
913
916
1037
1113
1155
1308
1320
1430
1485
1498
1596
1557
1593
1566
1486
1479
1360
1324
1243
1129
1116
998
959
890
792
786
677
640
579
480
468
373
349
314
262
318
289
333
414
460
621
717
822
942
991
1120
1144
1162
1202
1121
1130
1044
945
890
726
646
497
341
259
66
-34
-205
-401
-537
-815
-983
-1235
-1487
-1640
-1925
-2072
-2266
-2454
-2517
-2678
-2693
-2740
-2776
-2672
-2703
-2596
-2550
-2526
-2395
-2402
-2278
-2221
-2158
-1993
-1949
-1766
-1618
-1474
-1210
-1045
-777
-524
-283
37
226
502
711
877
1130
1253
1448
1597
1724
1904
1981
2127
2234
2309
2433
2463
2506
2521
2481
2446
2303
2155
1984
1757
1572
1349
1134
940
730
560
399
243
159
57
10
-10
-50
-3
-19
6
46
68
169
233
367
512
607
800
923
1063
1224
1299
1453
1482
1523
1548
1453
1434
1258
1099
943
709
559
310
116
-78
-338
-488
-748
-940
-1126
-1366
-1513
-1765
-1929
-2137
-2375
-2511
-2762
-2886
-3028
-3141
-3155
-3254
-3204
-3244
-3231
-3154
-3160
-3023
-2968
-2844
-2704
-2631
-2407
-2305
-2121
-1895
-1723
-1383
-1152
-764
-429
-124
325
582
1002
1337
1647
2049
2277
2623
2813
2978
3216
3213
3378
3371
3332
3357
3168
3144
2897
2698
2494
2112
1926
1558
1262
991
601
397
19
-206
-407
-678
-694
-855
-823
-809
-773
-588
-564
-315
-135
44
364
542
867
1059
1287
1554
1625
1912
1999
2145
2283
2298
2423
2328
2333
2215
1991
1902
1592
1386
1094
752
531
63
-159
-556
-922
-1128
-1536
-1690
-2023
-2249
-2441
-2794
-2870
-3169
-3345
-3426
-3682
-3661
-3860
-3873
-3923
-4072
-3919
-4076
-3964
-3863
-3880
-3652
-3636
-3397
-3254
-3119
-2681
-2554
-2071
-1696
-1346
-810
-488
87
418
849
1341
1597
2068
2396
2649
3002
3124
3435
3500
3638
3831
3719
3888
3743
3708
3544
3304
3147
2770
2540
2207
1800
1536
1121
802
492
108
-73
-469
-538
-754
-913
-881
-1023
-916
-930
-767
-596
-500
-152
25
266
614
764
1128
1266
1578
1830
1923
2296
2322
2505
2635
2623
2729
2597
2614
2521
2241
2243
1847
1632
1335
920
698
181
-8
-403
-786
-985
-1454
-1713
-2017
-2414
-2588
-3013
-3149
-3455
-3747
-3762
-4153
-4140
-4295
-4364
-4319
-4404
-4235
-4266
-4223
-4054
-4174
-3997
-3961
-3915
-3711
-3700
-3339
-3265
-2902
-2543
-2296
-1720
-1346
-803
-279
216
830
1184
1741
2175
2462
2968
3175
3589
3777
4042
4301
4319
4566
4548
4565
4578
4425
4394
4131
3907
3656
3152
2921
2314
1945
1483
934
601
7
-278
-742
-1113
-1287
-1607
-1666
-1689
-1722
-1496
-1478
-1124
-947
-699
-241
-98
412
684
1031
1369
1607
2002
2174
2390
2745
2806
3064
3170
3241
3310
3114
3152
2825
2598
2340
1913
1586
1115
665
265
-292
-663
-1157
-1569
-1866
-2387
-2582
-3004
-3322
-3620
-3981
-4169
-4511
-4696
-4777
-5006
-4978
-5056
-5076
-4993
-5042
-4822
-4846
-4653
-4491
-4468
-4199
-4134
-3989
-3754
-3619
-3210
-3054
-2604
-2121
-1846
-1148
-791
-147
379
878
1585
1984
2620
3141
3460
4056
4242
4611
4912
4974
5358
5223
5474
5397
5195
5259
4880
4721
4387
3945
3723
3050
2677
2177
1435
1104
257
-103
-683
-1255
-1480
-2030
-2132
-2383
-2537
-2303
-2421
-2107
-1761
-1530
-899
-721
-29
355
724
1412
1621
2225
2592
2920
3416
3534
3954
4117
4174
4507
4302
4453
4288
4062
3885
3340
3104
2483
1915
1472
750
280
-389
-974
-1434
-2141
-2473
-3066
-3432
-3800
-4246
-4422
-4835
-5023
-5264
-5468
-5543
-5756
-5691
-5703
-5733
-5545
-5580
-5327
-5330
-5161
-4960
-4955
-4627
-4614
-4389
-4193
-4090
-3721
-3597
-3209
-2792
-2526
-1797
-1492
-796
-199
281
1087
1440
2230
2761
3202
3880
4142
4635
4970
5091
5538
5455
5749
5793
5640
5835
5470
5451
5105
4685
4463
3792
3381
2819
2074
1633
767
215
-389
-1107
-1411
-2016
-2233
-2470
-2716
-2553
-2611
-2391
-2070
-1848
-1273
-950
-380
183
591
1257
1677
2203
2805
3166
3706
4061
4412
4806
4856
5209
5175
5165
5130
4867
4656
4205
3785
3306
2614
2029
1401
648
90
-687
-1170
-1842
-2417
-2910
-3471
-3841
-4338
-4677
-5033
-5336
-5622
-5808
-6010
-6124
-6240
-6207
-6202
-6103
-5971
-5807
-5631
-5508
-5263
-5168
-4949
-4877
-4754
-4620
-4540
-4391
-4295
-4091
-3768
-3553
-3073
-2619
-2062
-1405
-841
-41
516
1243
1947
2521
3156
3649
4124
4610
4829
5232
5440
5653
5888
5859
6124
6061
6047
5959
5721
5498
5091
4602
4167
3447
2856
2152
1343
732
-115
-608
-1232
-1732
-2009
-2339
-2400
-2402
-2377
-2026
-1878
-1481
-1022
-696
-12
305
891
1392
1787
2455
2774
3296
3834
4082
4665
4820
5165
5382
5304
5550
5199
5073
4746
4216
3820
3024
2409
1718
810
278
-612
-1182
-1790
-2509
-2827
-3539
-3810
-4302
-4692
-4956
-5412
-5576
-5889
-6161
-6244
-6470
-6458
-6529
-6503
-6265
-6244
-5826
-5734
-5444
-5181
-5033
-4752
-4755
-4550
-4512
-4536
-4376
-4411
-4249
-4032
-3858
-3373
-3089
-2368
-1768
-1115
-238
382
1283
1978
2658
3381
3877
4499
4897
5162
5613
5725
6053
6158
6273
6498
6467
6593
6457
6360
6205
5784
5384
4853
4196
3568
2718
1986
1114
346
-350
-1112
-1602
-2112
-2355
-2565
-2590
-2484
-2298
-1948
-1670
-1309
-798
-359
132
516
1010
1505
1844
2428
2700
3229
3665
3992
4451
4632
5047
5172
5173
5278
4958
4808
4419
3785
3338
2472
1932
1044
208
-300
-1194
-1642
-2322
-2834
-3133
-3697
-3926
-4416
-4757
-4908
-5437
-5552
-5952
-6222
-6311
-6647
-6579
-6786
-6636
-6450
-6450
-6031
-5862
-5559
-5302
-5222
-4930
-4963
-4813
-4821
-4963
-4739
-4809
-4610
-4407
-4101
-3571
-3123
-2294
-1554
-728
356
1187
2095
2885
3673
4428
4856
5418
5707
6008
6331
6430
6614
6781
6926
7032
7055
7158
7123
6939
6751
6276
5807
5193
4436
3563
2666
1773
819
-66
-857
-1524
-2096
-2407
-2704
-2737
-2564
-2377
-2128
-1807
-1386
-957
-590
-152
216
544
1074
1357
1795
2241
2647
3123
3473
4026
4399
4723
5118
5144
5196
5138
4791
4419
3764
3223
2477
1606
982
67
-581
-1217
-1918
-2325
-2862
-3175
-3603
-4039
-4209
-4743
-5093
-5482
-6000
-6294
-6800
-7075
-7355
-7577
-7489
-7631
-7394
-7111
-6901
-6446
-6254
-5896
-5683
-5572
-5387
-5556
-5459
-5482
-5581
-5394
-5252
-4861
-4443
-3837
-2888
-1948
-806
251
1318
2618
3631
4509
5232
5910
6460
6732
7025
7261
7473
7656
7778
7882
8101
8234
8277
8265
8171
7938
7480
6896
6170
5238
4233
3114
1874
815
-291
-1195
-2043
-2733
-3072
-3344
-3323
-3279
-3122
-2647
-2284
-1855
-1405
-1015
-458
-167
277
686
1063
1675
2018
2534
3121
3617
4281
4659
5151
5520
5626
5848
5530
5310
4889
4167
3485
2520
1770
920
-52
-725
-1569
-2074
-2542
-3145
-3412
-3926
-4122
-4521
-4976
-5320
-5944
-6312
-6835
-7407
-7759
-8152
-8257
-8393
-8383
-8039
-7843
-7301
-7026
-6588
-6087
-5849
-5604
-5652
-5491
-5470
-5608
-5562
-5613
-5301
-4844
-4403
-3580
-2703
-1285
-177
919
2319
3500
4809
5538
6200
6903
7289
7702
7656
7830
8184
8025
8204
8189
8490
8631
8410
8512
8187
7984
7484
6579
5871
4719
3594
2404
1012
28
-1313
-2109
-2899
-3636
-3779
-4000
-3836
-3748
-3457
-2866
-2487
-1903
-1391
-1037
-429
-180
336
701
1148
1645
1910
2563
3039
3641
4234
4728
5148
5441
5692
5787
5477
5211
4634
3949
3126
2183
1372
328
-453
-1361
-2017
-2527
-3030
-3405
-3747
-4013
-4275
-4639
-4891
-5344
-5896
-6325
-6969
-7393
-7954
-8226
-8441
-8649
-8468
-8273
-7883
-7441
-7057
-6546
-6215
-5920
-5642
-5604
-5433
-5548
-5586
-5378
-5188
-4789
-4361
-3513
-2324
-1247
27
1360
2796
4294
5366
6357
7250
7980
8597
8734
9010
9272
9234
9294
9207
9366
9439
9240
9173
8972
8768
8348
7471
6810
5836
4624
3406
1951
820
-590
-1791
-2775
-3790
-4271
-4669
-4910
-4855
-4746
-4223
-3771
-3319
-2585
-2123
-1390
-916
-488
137
565
1102
1469
1962
2584
2990
3556
4181
4640
5054
5288
5543
5603
5341
5020
4440
3740
2929
1978
1105
185
-789
-1623
-2264
-2816
-3300
-3801
-3997
-4295
-4654
-4839
-5251
-5581
-6130
-6627
-7134
-7712
-8059
-8366
-8681
-8697
-8675
-8432
-8050
-7680
-7118
-6856
-6374
-6116
-5972
-5807
-5819
-5895
-5874
-5699
-5427
-5146
-4483
-3377
-2366
-1161
58
1633
3192
4615
5694
6726
7730
8559
8987
9269
9703
9736
9861
9766
9923
9959
9916
9733
9538
9385
9075
8385
7637
6876
5674
4536
3086
1912
346
-908
-2069
-3278
-4097
-4731
-5026
-5317
-5315
-5045
-4571
-4127
-3472
-2961
-2056
-1412
-872
-283
349
1101
1409
1979
2527
3110
3660
4225
4772
5315
5669
6026
6204
6310
6152
5678
5252
4535
3723
2784
1896
882
-88
-978
-1686
-2380
-2883
-3360
-3880
-4165
-4421
-4695
-5142
-5536
-5891
-6342
-6948
-7400
-7807
-8056
-8469
-8749
-8610
-8492
-8326
-8201
-7769
-7346
-7207
-6995
-6815
-6622
-6548
-6688
-6491
-6234
-5963
-5665
-4926
-3634
-2728
-1847
-491
1141
2737
3761
4877
6075
7116
8029
8313
9046
9602
9765
9823
9928
10425
10352
10096
10081
9854
9658
9077
8233
7689
6605
5564
4092
2832
1746
49
-1061
-2211
-3250
-4089
-4805
-5021
-5317
-5363
-4985
-4926
-4317
-3745
-3208
-2417
-1879
-1077
-657
123
1014
1396
2044
2683
3351
4078
4602
5254
5646
6141
6577
6464
6555
6419
5989
5281
4536
3897
2958
1920
924
37
-650
-1448
-2249
-2704
-3057
-3599
-4153
-4339
-4571
-5116
-5677
-5982
-6416
-7022
-7506
-7908
-8162
-8461
-8645
-8643
-8448
-8144
-7983
-7668
-7256
-7116
-7047
-6981
-6812
-6883
-7109
-6967
-6848
-6485
-6079
-5252
-4031
-3063
-1849
-584
1133
2808
3820
4909
5966
7172
8026
8211
8930
9452
9804
9939
9879
10594
10660
10610
10533
10333
10501
9715
8958
8311
7253
6222
4487
3182
1955
341
-753
-2243
-3152
-3819
-4546
-4740
-5108
-4819
-4625
-4607
-3873
-3420
-2746
-2243
-1815
-1019
-673
164
612
1085
1900
2373
3125
3772
4611
5177
5443
6124
6551
6498
6338
5932
5641
4789
3819
2960
1955
1133
-221
-990
-1646
-2260
-2964
-3564
-3688
-4134
-4453
-4807
-5117
-5490
-5966
-6508
-7046
-7628
-7914
-8459
-8734
-8819
-8944
-8623
-8512
-7926
-7659
-7331
-6963
-6918
-6740
-6770
-6904
-6970
-7132
-7006
-6851
-6433
-5466
-4679
-3579
-2459
-893
666
2051
3306
4527
5611
6622
7317
7947
8683
9008
9480
9630
10279
10512
10796
10989
11218
11266
11025
10716
10115
9525
8284
7229
5642
4450
2772
1348
36
-1348
-2445
-3460
-3849
-4485
-4779
-4908
-4542
-4521
-4148
-3810
-3168
-2632
-2273
-1686
-1299
-472
-79
418
982
1750
2393
2997
3757
4550
5034
5485
5917
6184
6139
5791
5414
4837
4114
3093
2193
1209
204
-859
-1610
-2269
-2899
-3556
-3904
-4256
-4488
-4716
-5112
-5303
-5814
-6042
-6767
-7197
-7574
-8049
-8401
-8761
-8716
-8630
-8536
-8283
-8005
-7727
-7414
-7526
-7213
-7205
-7171
-7188
-7209
-6772
-6599
-5797
-4829
-3993
-2893
-1700
-102
1429
2591
3942
4998
6318
7320
7835
8765
9441
9979
10209
10506
11239
11422
11502
11653
11556
11700
11124
10500
9941
9016
8001
6307
5082
3864
2191
821
-595
-1778
-2754
-3735
-4256
-4937
-5221
-5132
-5329
-4904
-4675
-4245
-3698
-3222
-2389
-1956
-1282
-539
-1
811
1427
2049
2915
3485
4199
4689
5346
5897
5873
6161
6172
5926
5482
4884
4299
3491
2538
1593
495
-302
-1179
-2205
-2894
-3542
-4151
-4806
-5199
-5493
-5939
-6463
-6801
-7251
-7554
-7977
-8473
-8669
-8886
-8985
-9107
-8908
-8611
-8470
-8288
-7950
-7874
-7704
-7601
-7513
-7318
-7251
-6908
-6669
-5984
-4952
-4037
-3066
-1932
-580
915
2176
3412
4567
5588
6730
7482
8315
9065
9568
10101
10435
10915
11297
11485
11742
11668
11594
11400
10852
10272
9383
8364
7125
5664
4386
2857
1446
186
-1257
-2329
-3308
-3901
-4526
-5181
-5250
-5302
-5083
-4902
-4646
-4024
-3549
-2959
-2382
-1722
-843
-403
314
1160
1881
2723
3263
4158
4784
5332
6012
6201
6622
6633
6396
6199
5684
5248
4311
3438
2743
1536
604
-403
-1273
-2006
-2972
-3563
-4354
-4863
-5308
-6093
-6449
-6967
-7492
-8009
-8471
-8612
-9150
-9402
-9491
-9608
-9355
-9362
-9117
-8907
-8715
-8482
-8642
-8323
-8193
-8224
-7944
-7724
-7135
-6650
-5759
-4387
-3432
-2137
-904
600
2324
3271
4433
5478
6630
7639
7959
8999
9727
10109
10514
10717
11516
11719
11699
11901
11773
11836
11236
10486
9996
8859
7708
6156
4748
3580
1813
442
-946
-2066
-2890
-3818
-4246
-4763
-5038
-4945
-4907
-4637
-4393
-3964
-3399
-2945
-2335
-1841
-1232
-457
186
844
1631
2647
3456
4122
4956
5685
6290
6590
6906
6981
6786
6522
5791
5199
4476
3649
2660
1496
796
-166
-1206
-2052
-2872
-3393
-4228
-5002
-5509
-6220
-6700
-7590
-8329
-8769
-9519
-9895
-10377
-10490
-10513
-10744
-10270
-10018
-9706
-9343
-9143
-8699
-8779
-8576
-8323
-8392
-8039
-7833
-7325
-6516
-5601
-4292
-3344
-1924
-255
1095
2780
4018
5306
6383
7291
8369
8851
9619
10254
10517
10962
11245
11702
11939
11898
12082
11886
11761
11388
10600
9989
8882
7693
6335
4864
3553
1915
490
-869
-2230
-3047
-3788
-4416
-4951
-5213
-4870
-4748
-4708
-4393
-3846
-3194
-2864
-2410
-1584
-911
-363
183
956
2030
2815
3518
4404
5384
6229
6589
6995
7565
7611
7311
6918
6491
5956
4943
4022
3122
2121
1223
59
-794
-1584
-2582
-3379
-4208
-4768
-5527
-6455
-7076
-7914
-8680
-9537
-10453
-10953
-11509
-11881
-12130
-12135
-11626
-11524
-11218
-10734
-10277
-9860
-9851
-9414
-9122
-9038
-8797
-8492
-7617
-6703
-5791
-4554
-3292
-1620
-154
1350
3164
4471
5765
6840
8082
9134
9581
10269
10770
11143
11445
11481
11892
12078
11990
11848
11601
11710
11127
10291
9625
8662
7522
6014
4582
3231
1639
193
-1287
-2493
-3152
-4131
-4971
-5382
-5285
-5134
-5258
-4945
-4422
-3978
-3472
-3003
-2359
-1505
-941
-379
301
1274
2188
2738
3686
4727
5490
6212
6822
7537
7898
7854
7877
7603
7293
6606
5704
5076
4077
2963
1937
971
184
-1040
-1968
-2664
-3583
-4335
-5365
-6032
-6765
-7717
-8500
-9400
-10030
-10770
-11567
-11955
-12187
-12095
-12034
-11990
-11496
-11174
-10823
-10621
-10182
-9622
-9570
-9251
-8838
-8156
-7314
-6429
-5195
-4100
-2678
-1078
394
2201
3611
4928
6147
7425
8822
9469
10284
11061
11473
11862
11952
12318
12560
12381
12382
11999
11923
11498
10530
9924
8884
7895
6452
4988
3804
2079
520
-955
-2318
-3180
-4219
-5120
-5780
-6118
-5880
-6139
-5973
-5453
-5054
-4537
-4106
-3257
-2578
-2017
-1217
-506
390
1352
2127
2991
3882
4765
5417
6051
6884
7402
7574
7705
7761
7525
7058
6488
5851
5108
4130
3164
2242
1298
296
-895
-1645
-2475
-3415
-4260
-5173
-5897
-6913
-7840
-8631
-9517
-10258
-11103
-11936
-12361
-12772
-12871
-13019
-12993
-12554
-12425
-12065
-11753
-11248
-10866
-10709
-10128
-9376
-8519
-7483
-6299
-4980
-3576
-2089
-406
1268
2933
4402
5661
7094
8549
9621
10593
11551
12399
12902
13230
13678
13857
13747
13504
13154
12843
12335
11395
10535
9447
8335
6855
5409
4232
2607
1205
-302
-1563
-2697
-3745
-4549
-5396
-5827
-5976
-6164
-6080
-5821
-5479
-4984
-4490
-3666
-2972
-2110
-1230
-569
449
1368
2343
3232
4063
5010
5572
6288
6882
7239
7634
7673
7750
7592
7374
7004
6344
5709
4862
3956
3112
2171
1131
106
-917
-1856
-2946
-3846
-4752
-5764
-6740
-7765
-8590
-9542
-10429
-11186
-11879
-12415
-12838
-13084
-13319
-13537
-13473
-13427
-13243
-12903
-12599
-12265
-11761
-10915
-10053
-9001
-7637
-6264
-4931
-3164
-1496
196
1761
3274
4774
5914
7524
8642
9816
11004
11895
12768
13441
14258
14737
14898
14988
14719
14118
13608
12541
11483
10170
8781
7363
5633
4331
2644
1117
-245
-1511
-2632
-3678
-4492
-5190
-5816
-6131
-6209
-6345
-6342
-6230
-5801
-5397
-4856
-4205
-3291
-2417
-1423
-302
755
2114
3080
4145
4971
5787
6666
7023
7522
7838
7850
7831
7531
7405
7066
6417
6061
5218
4663
4046
3069
2343
1186
446
-625
-1935
-2794
-4217
-5258
-6465
-7645
-8471
-9586
-10215
-11124
-11852
-12072
-12629
-12949
-13246
-13493
-13613
-14102
-13898
-13920
-14043
-13612
-13364
-12441
-11478
-9947
-8315
-7122
-5058
-3245
-1461
433
1870
3577
4635
6060
7400
8226
9739
10550
11477
12451
13345
14414
14878
15439
15884
15558
15633
14918
13911
12893
11004
9557
7267
5639
3834
1720
290
-1341
-2503
-3506
-4376
-4960
-5560
-5995
-5927
-6336
-6122
-6171
-6078
-5786
-5716
-4985
-4570
-3864
-3110
-2126
-962
293
1515
2993
4219
5355
6535
7341
8097
8406
8625
8536
8324
8084
7653
6950
6522
5961
5278
4828
4245
3746
2921
2199
1487
332
-551
-1754
-3146
-4269
-5715
-6951
-8255
-9271
-10228
-11354
-11795
-12154
-12753
-12939
-13228
-13484
-13701
-13920
-13846
-14353
-14160
-13883
-13581
-12686
-11615
-10240
-8987
-7326
-5372
-3572
-1665
233
1762
3351
4798
6237
7465
8657
9791
10567
11399
12211
12969
13747
14402
14815
15023
15101
15041
14396
13684
12482
11008
9304
7480
5575
3491
1646
-233
-1957
-3492
-4559
-5597
-6197
-6821
-6992
-6940
-6970
-6761
-6670
-6124
-5905
-5604
-5039
-4533
-3959
-3134
-2314
-1231
-60
1311
2584
3635
5191
6261
7210
8120
8644
8992
9030
9043
8809
8196
7867
7217
6487
5958
5343
4791
4142
3464
2782
1965
1171
226
-984
-1885
-3222
-4567
-5935
-7206
-8298
-9547
-10498
-11307
-12014
-12565
-12956
-13346
-13577
-13837
-13825
-14142
-14294
-14053
-13646
-13082
-12304
-11009
-9844
-8484
-6851
-5085
-3317
-1562
80
1613
3131
4936
6157
7467
8734
9779
10794
11470
12491
13087
13771
14203
14333
14430
14474
13992
13452
12567
11503
10168
8502
7080
5057
3433
1589
-121
-1766
-3159
-4481
-5598
-6565
-7257
-7518
-7851
-7801
-7911
-7444
-7126
-6788
-6206
-5542
-5022
-4138
-3310
-2233
-1176
-98
1335
2037
3565
4678
5764
6737
7428
8215
8572
8858
9128
8828
8665
8436
7679
7381
6438
6030
5109
4231
3700
2547
1967
1022
83
-786
-2002
-3029
-4417
-5804
-6688
-8181
-9104
-10031
-10926
-11511
-12396
-12571
-13313
-13811
-13765
-14339
-14503
-14528
-14050
-13264
-12740
-11285
-10325
-9113
-7232
-5902
-4054
-2688
-1054
451
1612
3630
4811
6260
7726
8727
9999
10915
11962
12799
13298
14164
14312
14328
14566
13874
13554
12402
11333
10026
8379
7302
5387
3960
2471
956
-394
-1747
-3013
-3998
-5134
-5795
-6384
-6888
-7050
-7544
-7288
-7333
-7108
-6621
-6158
-5580
-4799
-3852
-2772
-1834
-578
718
1615
3006
4019
5084
5900
6610
7178
7594
7993
8295
8166
8210
8174
7732
7598
6969
6629
5955
5311
4653
3676
2955
2003
890
-102
-1304
-2554
-3747
-5069
-6042
-7318
-8267
-9152
-10144
-10800
-11594
-12135
-12724
-13301
-13516
-13974
-14271
-14257
-13966
-13257
-12523
-11405
-10341
-9052
-7422
-5841
-4253
-2790
-1274
78
1556
3064
4391
5734
7000
8178
9199
10265
11279
12124
12825
13429
13668
13808
13709
13193
12646
11619
10584
9127
7806
6455
4747
3314
1797
407
-941
-2016
-3095
-4028
-4853
-5253
-5785
-6222
-6409
-6829
-6768
-6890
-6831
-6685
-6493
-5906
-5450
-4655
-3608
-2677
-1396
-272
964
2296
3430
4574
5362
6053
6700
7040
7362
7507
7363
7423
7205
7068
6814
6528
6335
5829
5291
4787
4028
3228
2323
1176
271
-1049
-2150
-3474
-4723
-5692
-6968
-7793
-8612
-9515
-10059
-10682
-11172
-11610
-12072
-12132
-12931
-13098
-13099
-13035
-12347
-11787
-10691
-9845
-8477
-6773
-5459
-3761
-2243
-907
480
1836
3526
4663
5941
7270
8139
9292
10251
11227
12043
12611
13261
13377
13583
13672
13071
12673
11658
10622
9334
7942
6647
4840
3416
1994
498
-640
-1708
-2748
-3508
-4444
-4709
-5182
-5480
-5630
-5990
-5780
-5961
-5863
-5760
-5751
-5480
-5075
-4668
-3910
-3169
-2093
-1141
-221
1219
2184
3340
4257
5013
5693
6181
6604
6753
6590
6638
6477
6064
5966
5589
5456
5066
4630
4341
3734
3331
2580
1577
778
-367
-1526
-2770
-4182
-5223
-6503
-7424
-8271
-9264
-9751
-10507
-10990
-11500
-11942
-12081
-12678
-12948
-12952
-12697
-12095
-11525
-10644
-9830
-8708
-7213
-5946
-4424
-3059
-1561
-294
1104
2746
4033
5449
6530
7624
8601
9625
10577
11301
11863
12383
12512
12732
12657
12214
11836
10801
9999
8630
7654
6294
4759
3526
2023
894
-351
-1310
-2433
-3247
-3971
-4483
-4889
-4886
-5154
-5290
-5151
-5184
-5007
-5066
-4601
-4780
-4357
-3795
-3344
-2578
-1886
-827
-231
818
1993
2810
3722
4600
5200
5852
6348
6803
6819
6770
6965
6528
6466
6232
5859
5500
4900
4559
3912
3450
2864
1873
1107
117
-903
-2049
-3295
-4423
-5677
-6667
-7674
-8552
-9263
-10053
-10584
-11164
-11582
-11854
-12203
-12466
-12663
-12387
-11874
-11376
-10444
-9542
-8562
-7172
-5879
-4273
-3025
-1693
-309
647
2276
3490
4796
6002
6879
8121
8924
9902
10809
11234
11857
12025
12048
12192
11688
11425
10447
9434
8461
6986
6008
4422
3143
1839
528
-383
-1536
-2409
-3149
-3876
-4412
-4854
-4894
-4981
-5322
-5139
-5231
-5099
-4951
-4568
-4390
-4315
-3464
-3070
-2362
-1562
-564
232
1054
2258
3069
3872
4775
5324
5761
6310
6671
6850
6742
6941
6679
6559
6454
6086
5780
5305
4953
4277
3803
3220
2351
1385
392
-720
-1808
-3061
-4201
-5443
-6595
-7416
-8348
-8843
-9573
-10012
-10328
-10942
-11200
-11492
-11825
-12121
-12388
-12003
-11694
-11118
-9943
-9281
-8130
-6665
-5257
-3543
-2429
-786
477
1403
3285
4019
5396
6334
7079
8260
8639
9847
10417
10851
11599
11526
11733
11844
11194
11033
9684
8878
7669
6010
5194
3194
2221
703
-497
-1355
-2654
-3274
-4080
-4867
-5149
-5512
-5412
-5480
-5630
-5086
-5398
-4816
-4621
-4258
-3902
-3721
-2796
-2519
-1554
-620
220
1214
2138
3276
4227
5015
6025
6382
6947
7350
7499
7723
7320
7377
6856
6552
6198
5524
5210
4477
4037
3491
2811
2401
1494
694
-299
-1537
-2433
-3902
-5002
-6262
-7559
-8233
-9188
-9653
-10180
-10623
-10615
-11261
-11297
-11276
-11591
-11415
-11704
-11340
-10961
-10316
-9067
-8585
-7604
-6110
-4883
-3175
-1876
-510
1038
1826
3761
4627
5807
7254
7690
8928
9312
10327
11130
11249
11973
11934
11786
12087
11259
10998
9963
8742
7845
5780
5197
3443
2027
934
-700
-1423
-2720
-3516
-4253
-5371
-5482
-5927
-6362
-6099
-6475
-5937
-6197
-5968
-5372
-5392
-4364
-4185
-3435
-2651
-1943
-519
156
1328
2415
3246
4560
5212
6210
6739
7082
7704
7694
7985
7824
7615
7430
6883
6611
5951
5448
4974
4160
3556
2648
2084
1216
233
-687
-2027
-2953
-4100
-5224
-6442
-7736
-8437
-9350
-10055
-10427
-10959
-11063
-11475
-11551
-11547
-11758
-11526
-11739
-11701
-11304
-10686
-9740
-9027
-8147
-6736
-5339
-3635
-1938
-541
1153
2309
3707
5071
5968
7405
8004
8869
9646
10253
11328
11550
12094
12438
12403
12541
12178
11681
11138
9830
8810
7141
5749
4612
2653
1454
-253
-1263
-2303
-3404
-4050
-5066
-5482
-5735
-6235
-6405
-6417
-6377
-6314
-6489
-5942
-5769
-5296
-4559
-4136
-3271
-2396
-1101
-17
921
2206
3145
4153
5216
6029
6796
7239
7796
8099
8168
8160
7852
7541
7183
6670
6228
5656
5090
4362
3513
2715
1721
1051
33
-959
-2046
-3067
-3996
-5211
-6289
-7523
-8559
-9223
-9954
-10483
-10808
-11215
-11288
-11685
-11560
-11549
-11590
-11221
-11375
-10968
-10296
-9468
-8543
-8001
-6898
-5448
-4224
-2302
-1047
405
1893
2925
4591
5353
6729
7849
8359
9392
9891
10793
11432
11570
12111
11892
11898
11952
11283
11053
9948
8924
7780
6162
5245
3419
2017
711
-827
-1647
-2948
-3765
-4650
-5495
-5778
-6534
-6679
-6629
-6809
-6678
-6808
-6464
-6150
-5757
-4973
-4658
-3732
-2738
-1653
-452
582
1843
2797
3904
5012
5843
6715
7279
7674
7954
8032
8091
7732
7576
7097
6664
6347
5817
5389
4486
3916
3029
2248
1525
498
-403
-1490
-2586
-3654
-4897
-6023
-7122
-8215
-8868
-9738
-9938
-10253
-10492
-10463
-10695
-10626
-10779
-10598
-10688
-10996
-10941
-10591
-10023
-9249
-8383
-7403
-6167
-4457
-2793
-1252
370
1905
3289
4362
5766
6794
7822
8689
9198
9807
10444
11177
11629
11885
12236
12331
12203
12251
11683
11148
10134
8971
7707
6093
4753
2998
1380
-134
-1517
-2655
-3701
-4709
-5404
-6203
-6733
-7080
-7313
-7424
-7580
-7268
-7223
-6996
-6544
-5945
-5582
-4897
-3983
-3160
-2069
-796
602
1591
3083
4347
5308
6303
7232
7779
7986
8353
8436
8257
7941
7635
6918
6597
6171
5489
4796
4114
3624
2623
1930
1085
78
-841
-1964
-3231
-4443
-5505
-6581
-7854
-8937
-9542
-10199
-10460
-10790
-10932
-10940
-11064
-11048
-11155
-11135
-11173
-11228
-11183
-10956
-10428
-9531
-8722
-7814
-6650
-5132
-3507
-1802
-42
1410
2854
4219
5759
6795
7847
8825
9479
10190
10858
11574
12036
12468
12885
13071
12999
13180
12684
12120
11293
10106
8848
7179
5993
4124
2413
923
-663
-2012
-3200
-4263
-5418
-6236
-6606
-7057
-7619
-7545
-7724
-7768
-7741
-7456
-7116
-6792
-5794
-5157
-4257
-3056
-1736
-462
663
2135
3413
4507
5718
6606
7418
8063
8539
8895
8820
8910
8721
8282
7863
7228
6702
6026
5287
4583
3613
2926
2139
1178
203
-917
-1905
-3107
-4168
-5187
-6328
-7315
-8149
-8967
-9771
-10358
-10594
-10893
-11134
-11194
-11331
-11333
-11375
-11171
-11294
-11519
-11504
-11451
-10923
-10185
-9208
-8130
-7100
-5377
-3534
-1856
-38
1316
2891
4064
5266
6631
7454
8623
9334
9915
10800
11430
12258
12631
12870
13371
13223
13399
12962
12279
11684
10340
9149
7465
5903
4299
2349
775
-877
-2316
-3322
-4566
-5532
-6374
-6976
-7330
-7850
-7894
-8269
-8241
-7876
-7619
-7162
-6583
-5552
-4853
-3871
-2588
-1522
-248
1070
2458
3452
4679
6092
6826
7611
8297
8702
8843
8872
9029
8751
8360
8110
7383
6954
6294
5422
4529
3430
2836
1606
673
-301
-1282
-2075
-3258
-4186
-5241
-6060
-6904
-7948
-8856
-9506
-10024
-10332
-10893
-11000
-11136
-11330
-11302
-11515
-11225
-11402
-11292
-11272
-11259
-10467
-9669
-8700
-7754
-6694
-5102
-3660
-1986
-235
1007
2582
3747
5127
6427
7434
8646
9298
9996
10830
11538
12361
12819
13203
13615
13568
13735
13344
12726
11915
10705
9457
7898
6404
4718
2893
1256
-309
-1863
-3139
-4420
-5523
-6529
-7153
-7733
-8294
-8383
-8482
-8425
-8421
-7927
-7373
-6850
-6034
-5330
-4366
-3192
-1917
-574
550
1947
3280
4355
5614
6497
7453
8074
8461
8897
8987
9189
8968
8545
8187
7532
7103
6404
5665
4908
3899
3159
2014
1102
61
-1061
-2079
-3309
-4156
-5112
-6019
-6808
-7739
-8424
-9110
-9833
-10188
-10771
-10886
-11203
-11573
-11529
-11804
-11538
-11569
-11597
-11498
-11552
-10999
-10402
-9548
-8255
-7332
-6058
-4511
-2783
-944
466
2013
3286
4440
5899
7146
8197
9335
10065
10961
11697
12628
13489
13745
14300
14453
14587
14433
13970
13268
12236
10809
9286
7510
5749
3934
1843
200
-1627
-3004
-4456
-5681
-6733
-7705
-8370
-9005
-9405
-9645
-9604
-9576
-9273
-8812
-8004
-7207
-6204
-5150
-3942
-2668
-1309
101
1329
2734
3849
5209
6245
7346
8182
8717
9244
9515
9867
9840
9652
9339
8839
8226
7564
6683
5810
4596
3602
2531
1392
465
-704
-1517
-2618
-3552
-4439
-5427
-6260
-7274
-8224
-9073
-9993
-10633
-11184
-11633
-11790
-12116
-12106
-12287
-12241
-12000
-11985
-11885
-11897
-11563
-11028
-10202
-9198
-8139
-7074
-5743
-4114
-2423
-668
828
2388
3888
5264
6763
8088
9302
10380
11180
12176
13038
13884
14609
14815
15199
15238
15141
14763
13967
13273
11982
10462
8815
6978
5303
3191
1141
-624
-2397
-3754
-5253
-6409
-7349
-8287
-8752
-9430
-9739
-9781
-9691
-9366
-9159
-8455
-7612
-6829
-5758
-4709
-3438
-2135
-842
634
1907
3377
4686
5775
6916
7868
8745
9317
9712
10019
10115
10050
9717
9131
8491
7721
6815
5818
4738
3685
2647
1678
731
-202
-1099
-1951
-2947
-4033
-5028
-6124
-7272
-8524
-9654
-10550
-11445
-12054
-12474
-12646
-12557
-12580
-12489
-12401
-12197
-11859
-11826
-11802
-11725
-11465
-10833
-10161
-9159
-7928
-6752
-5207
-3518
-1578
399
2066
3858
5277
6730
8257
9413
10643
11459
12230
12988
13573
14348
14706
14982
15203
15071
14966
14477
13746
12857
11458
10003
8175
6324
4492
2290
401
-1559
-3328
-4908
-6458
-7537
-8610
-9280
-9639
-9954
-9926
-9828
-9439
-8940
-8438
-7693
-6999
-6100
-5029
-3920
-2560
-1242
204
1688
3117
4602
5867
7216
8362
9308
10170
10718
11114
11167
11069
10701
10107
9414
8484
7528
6596
5643
4641
3538
2496
1463
395
-613
-1807
-2844
-3937
-5119
-6277
-7499
-8506
-9566
-10473
-11278
-12066
-12462
-12694
-12817
-12792
-12795
-12592
-12563
-12393
-12087
-11931
-11651
-11606
-11288
-10671
-9767
-8669
-7577
-6312
-4771
-3085
-1194
612
2269
4071
5521
7055
8419
9840
11047
11829
12633
13273
13960
14490
14830
14947
15039
14892
14605
13944
13156
12169
10736
9247
7387
5566
3626
1571
-430
-2430
-4178
-5717
-7207
-8299
-9249
-9938
-10295
-10562
-10475
-10409
-10028
-9441
-8821
-7948
-6979
-5940
-4728
-3580
-2134
-717
772
2427
3809
5372
6732
8190
9323
10134
10771
11219
11409
11288
11036
10587
10090
9263
8456
7508
6631
5720
4656
3494
2405
1311
229
-924
-2167
-3235
-4550
-5642
-6881
-7964
-8885
-9848
-10571
-11251
-11734
-11979
-12239
-12261
-12169
-12132
-11876
-11908
-11669
-11518
-11281
-10993
-11006
-10764
-10426
-9795
-8981
-7938
-6619
-5164
-3512
-1581
411
2368
4176
5795
7223
8539
9722
10780
11626
12280
12923
13394
13870
14291
14601
14770
14739
14607
14292
13608
12833
11625
10173
8431
6422
4454
2311
347
-1754
-3623
-5208
-6545
-7660
-8549
-9197
-9642
-9860
-9888
-9737
-9549
-9111
-8648
-7963
-7219
-6150
-5006
-3860
-2538
-1103
609
2086
3730
5230
6605
7997
9152
10168
10745
11229
11467
11227
11013
10619
10019
9242
8349
7555
6571
5606
4650
3442
2339
1154
-31
-1190
-2506
-3663
-5015
-6234
-7356
-8486
-9380
-10251
-10913
-11461
-11909
-12037
-12167
-12267
-12149
-12060
-11786
-11633
-11368
-11192
-11174
-10922
-10788
-10681
-10531
-10161
-9624
-8851
-7765
-6345
-4932
-3299
-1446
313
2231
3951
5551
6817
7877
9073
9867
10586
11147
11551
12037
12372
12841
13159
13417
13591
13493
13214
12793
11999
10947
9520
7825
6100
4104
2316
322
-1405
-3025
-4469
-5557
-6574
-7181
-7735
-8133
-8417
-8443
-8267
-7935
-7545
-7008
-6486
-5642
-4549
-3421
-2256
-1130
310
1683
3242
4782
6159
7386
8494
9531
10384
10981
11430
11464
11260
11033
10604
10072
9167
8311
7253
6236
5278
4194
3030
1818
694
-499
-1658
-2773
-3941
-5222
-6338
-7479
-8444
-9305
-10002
-10698
-11224
-11367
-11491
-11399
-11317
-11168
-11045
-10857
-10562
-10390
-10206
-10008
-9960
-9763
-9561
-9294
-8971
-8674
-8166
-7590
-6556
-5349
-4060
-2630
-1140
381
1935
3451
4753
5845
6741
7548
8115
8749
9311
9706
10011
10267
10579
10821
11076
11141
11043
10748
10349
9712
8841
7859
6507
5096
3528
1987
484
-990
-2297
-3582
-4553
-5248
-5773
-6153
-6376
-6491
-6355
-6071
-5681
-5295
-4846
-4153
-3486
-2620
-1694
-756
178
1183
2265
3367
4564
5725
6774
7650
8569
9248
9765
10110
10096
9856
9371
8859
8132
7241
6355
5312
4251
3292
2322
1376
425
-504
-1397
-2389
-3165
-4080
-5076
-5908
-6834
-7556
-8325
-8885
-9362
-9857
-9979
-10094
-10016
-9807
-9596
-9283
-9028
-8622
-8178
-7905
-7555
-7430
-7349
-7230
-7182
-6965
-6961
-6821
-6527
-6144
-5342
-4432
-3280
-2071
-974
407
1615
2903
4021
4664
5365
5675
6210
6521
6726
7117
7217
7611
7888
8287
8785
9047
9259
9314
9123
8949
8329
7600
6655
5345
4297
2818
1642
432
-728
-1594
-2470
-2852
-3187
-3442
-3462
-3530
-3448
-3152
-2958
-2671
-2580
-2261
-1834
-1410
-701
-87
518
1286
2162
3117
4084
4947
5893
6443
7146
7713
7972
8147
7879
7481
6804
6129
5396
4452
3553
2768
1836
1109
438
-233
-910
-1702
-2353
-3123
-3717
-4298
-5024
-5681
-6254
-6798
-7280
-7725
-8062
-8337
-8427
-8283
-8083
-7781
-7427
-7103
-6840
-6530
-6348
-6150
-6057
-6064
-6136
-6275
-6214
-6229
-6327
-6365
-6404
-6212
-5750
-5130
-4248
-3400
-2434
-1393
-407
832
1761
2480
3119
3499
4116
4504
5013
5580
5924
6580
6992
7629
8375
8863
9392
9489
9550
9528
9108
8762
7915
6999
5984
4685
3717
2527
1562
662
-151
-617
-1141
-1452
-1681
-2007
-2093
-2265
-2348
-2327
-2326
-1975
-1828
-1315
-892
-438
125
650
1397
1873
2669
3311
3981
4573
5078
5537
5741
5937
5854
5555
5171
4696
4044
3396
2611
1962
1135
465
-79
-722
-1069
-1636
-2001
-2446
-2859
-3219
-3766
-4164
-4662
-5180
-5639
-6071
-6445
-6732
-6960
-6973
-6992
-6886
-6673
-6571
-6370
-6237
-6063
-5994
-5970
-6004
-6180
-6415
-6546
-6714
-7027
-7228
-7510
-7460
-7267
-6689
-5904
-5229
-4240
-3251
-2031
-780
352
1339
2098
2857
3668
4274
4981
5611
6136
6794
7396
8299
9024
9781
10407
10770
11078
11149
11040
10693
10073
9231
8146
6899
5825
4537
3345
2075
1048
183
-563
-937
-1533
-1951
-2380
-2525
-2763
-2900
-2837
-2901
-2841
-2534
-2097
-1802
-1318
-868
-377
-49
830
1502
2074
2874
3370
4028
4293
4953
5034
4854
4797
4383
4003
3515
3106
2463
1763
1281
889
369
221
-251
-605
-1008
-1378
-1636
-2308
-2589
-3343
-3890
-4440
-5010
-5426
-5961
-6277
-6627
-6864
-6844
-6818
-6745
-6589
-6690
-6466
-6468
-6408
-6549
-6905
-7123
-7664
-7840
-8149
-8571
-8763
-8934
-8815
-8410
-7747
-6748
-5981
-4762
-3443
-2264
-703
553
1773
2656
3548
4495
5140
6061
6877
7376
8110
8858
9722
10582
11285
11953
12063
12328
12394
12019
11560
10595
9536
8185
6883
5638
4133
2925
1611
484
-385
-1158
-1672
-2278
-2658
-3060
-3314
-3252
-3370
-3388
-3384
-3432
-3253
-2986
-2461
-2116
-1804
-964
-495
479
1414
2160
2986
3352
4377
4572
4986
5342
5011
5049
4533
4427
3920
3385
3169
2467
2108
1858
1469
1390
929
637
214
-469
-619
-1556
-2034
-2910
-3806
-4348
-5321
-5586
-6330
-6709
-6918
-7222
-7005
-7052
-6878
-6736
-6877
-6641
-6818
-6919
-7205
-7756
-8022
-8795
-9052
-9417
-9804
-9832
-9833
-9346
-8685
-7682
-6301
-5239
-3873
-2353
-1073
518
1555
2763
3480
4221
5265
5813
6773
7367
8099
8851
9605
10507
11214
11754
12198
12287
12264
12035
11306
10602
9305
8064
6621
5240
4001
2563
1428
289
-626
-1335
-1866
-2473
-2960
-3407
-3685
-3939
-4083
-4093
-4323
-4412
-4326
-4129
-3771
-3247
-2704
-2022
-1382
-297
639
1557
2516
3129
3824
4300
4869
5130
5195
5181
5030
4678
4518
4189
3804
3490
3002
2836
2397
2314
1933
1410
966
313
-272
-1024
-1728
-2610
-3465
-4275
-4865
-5542
-5994
-6415
-6805
-6942
-7072
-6904
-6926
-6871
-6855
-6895
-6875
-7019
-7127
-7395
-7846
-8163
-8479
-8657
-8861
-8897
-8767
-8636
-7929
-6979
-5807
-4572
-3225
-1783
-411
1067
2538
3505
4510
5335
5992
6783
7302
8202
8568
9287
9907
10356
11182
11646
12184
12288
12346
12147
11621
10999
10112
8713
7449
6032
4676
3370
2007
950
-305
-1027
-1819
-2469
-3083
-3601
-3953
-4233
-4369
-4535
-4585
-4617
-4567
-4508
-4215
-3978
-3502
-2965
-2263
-1592
-704
364
1218
2163
2897
3623
4119
4628
4949
4944
4845
4649
4330
4012
3602
3151
2727
2316
2063
1634
1386
995
487
29
-614
-1266
-2113
-2901
-3706
-4650
-5278
-5909
-6445
-6806
-7091
-7124
-7263
-7096
-6916
-6924
-6814
-6858
-6842
-6914
-7080
-7220
-7597
-7889
-8110
-8335
-8317
-8396
-8361
-8102
-7684
-6908
-6061
-4962
-3840
-2774
-1440
-227
861
1980
2952
3733
4404
5075
5937
6524
7338
8104
8628
9450
10077
10891
11307
11661
11870
11732
11610
11141
10401
9471
8435
7266
6121
4918
3855
2635
1707
784
-111
-824
-1529
-2108
-2924
-3358
-3843
-4194
-4442
-4497
-4483
-4629
-4349
-3892
-3404
-2799
-2174
-1486
-790
83
1194
1804
2589
3228
3747
4207
4447
4828
4754
4755
4728
4490
4341
4137
3882
3592
3128
2776
2225
1832
1417
679
45
-761
-1414
-2223
-2916
-3616
-4361
-4853
-5207
-5463
-5711
-5828
-5893
-5960
-6078
-6105
-6264
-6404
-6597
-6696
-6811
-7086
-7191
-7322
-7462
-7671
-7737
-7739
-7795
-7667
-7467
-7272
-6938
-6302
-5551
-4835
-3943
-2963
-1885
-806
361
1455
2377
3398
4232
5082
5865
6644
7380
8003
8659
9186
9658
10178
10519
10651
10729
10601
10417
9927
9388
8654
7649
6719
5636
4531
3353
2260
1259
203
-741
-1513
-2306
-2981
-3563
-3977
-4281
-4527
-4523
-4557
-4468
-4271
-3951
-3642
-3278
-2788
-2275
-1672
-1036
-259
431
1197
1949
2572
3217
3697
4086
4310
4443
4514
4353
4201
3954
3583
3256
2873
2512
2085
1694
1371
913
519
134
-360
-834
-1420
-1951
-2531
-3108
-3531
-4085
-4474
-4852
-5136
-5327
-5574
-5680
-5839
-5915
-5969
-6067
-6119
-6182
-6244
-6325
-6518
-6697
-6886
-7076
-7226
-7398
-7443
-7412
-7202
-6823
-6313
-5594
-4719
-3742
-2688
-1589
-424
694
1730
2722
3546
4371
5129
5876
6522
7149
7832
8426
9050
9593
10120
10564
10874
11028
10973
10729
10360
9739
8932
7979
6891
5791
4635
3577
2467
1416
462
-393
-1155
-1828
-2390
-2929
-3392
-3758
-4041
-4347
-4495
-4555
-4639
-4706
-4581
-4321
-3937
-3473
-2919
-2306
-1616
-650
186
1011
1742
2408
2990
3414
3811
3941
3914
3890
3789
3618
3470
3242
3081
2828
2644
2399
2096
1963
1585
1144
614
76
-470
-1126
-1788
-2533
-3272
-3820
-4311
-4753
-5122
-5478
-5707
-5901
-5971
-6028
-6103
-6157
-6233
-6255
-6285
-6352
-6405
-6513
-6707
-6905
-7028
-7052
-7058
-6947
-6804
-6559
-6143
-5503
-4699
-3920
-2988
-2101
-1147
-119
864
1812
2547
3335
4045
4717
5486
6148
6848
7530
8187
8873
9428
10023
10455
10658
10840
10705
10481
10052
9420
8702
7677
6763
5729
4672
3698
2610
1692
808
4
-689
-1455
-2124
-2779
-3407
-3888
-4494
-4933
-5349
-5705
-5813
-5883
-5713
-5504
-5046
-4369
-3700
-2844
-1911
-962
1
861
1639
2273
2836
3342
3593
3795
3929
4012
4111
4195
4258
4260
4308
4341
4252
4120
3924
3580
3112
2548
1851
1016
193
-677
-1575
-2455
-3212
-3860
-4437
-4829
-5171
-5419
-5588
-5732
-5806
-5886
-5973
-6048
-6194
-6295
-6462
-6570
-6615
-6719
-6692
-6666
-6592
-6446
-6255
-5983
-5690
-5412
-5050
-4772
-4309
-3727
-3201
-2498
-1895
-1130
-319
550
1525
2336
3248
4172
4907
5792
6539
7283
7964
8397
8969
9204
9562
9846
9904
9958
9779
9585
9290
8799
8320
7612
6754
5953
4857
3955
2780
1688
603
-627
-1573
-2705
-3601
-4473
-5256
-5893
-6457
-6840
-7058
-7183
-7008
-6776
-6483
-5923
-5301
-4473
-3719
-2818
-1913
-1040
-17
925
1727
2526
3258
3928
4405
4850
5215
5409
5656
5710
5733
5618
5570
5308
4930
4487
3921
3347
2613
1888
919
62
-788
-1657
-2520
-3306
-4026
-4654
-5142
-5519
-5789
-6066
-6148
-6351
-6435
-6468
-6483
-6416
-6444
-6417
-6314
-6176
-5896
-5690
-5456
-5167
-5075
-4776
-4663
-4522
-4395
-4367
-4264
-4263
-4016
-3580
-3141
-2486
-1736
-1008
90
1049
2217
3189
4064
5072
5597
6461
6984
7473
7973
8194
8576
8773
9080
9428
9479
9631
9640
9448
9347
8769
8246
7345
6300
5281
3866
2734
1327
15
-1193
-2465
-3404
-4320
-5135
-5758
-6418
-6708
-7008
-7190
-7091
-7158
-6841
-6577
-6095
-5533
-4881
-3934
-3117
-2130
-1006
122
1265
2408
3387
4299
5035
5807
6218
6482
6736
6737
6699
6487
6292
5857
5493
5091
4551
3949
3400
2801
2006
1264
435
-432
-1313
-2140
-3069
-3929
-4687
-5259
-5838
-6247
-6483
-6731
-6716
-6732
-6589
-6452
-6236
-5909
-5697
-5420
-5141
-4909
-4631
-4437
-4276
-4129
-4091
-4029
-4052
-4097
-4082
-4094
-4066
-3978
-3901
-3546
-3212
-2648
-1951
-1329
-510
204
1124
1960
2730
3529
4094
4625
5234
5689
6202
6602
6958
7344
7545
7973
8120
8231
8314
8148
7905
7447
6914
6219
5256
4286
3120
1948
936
-210
-1242
-2328
-3147
-3889
-4501
-4956
-5398
-5703
-5865
-5841
-5787
-5513
-5200
-4757
-4333
-3681
-2952
-2106
-1185
-253
710
1623
2724
3588
4527
5198
5825
6245
6494
6777
6743
6709
6435
6100
5697
5283
4852
4361
3752
3224
2639
2061
1494
747
115
-702
-1376
-2109
-2870
-3450
-4077
-4565
-4984
-5290
-5381
-5452
-5375
-5256
-5178
-4854
-4612
-4275
-3979
-3741
-3453
-3315
-3092
-2954
-2877
-2797
-2822
-2953
-3070
-3279
-3495
-3740
-3971
-4105
-4322
-4267
-4181
-3938
-3458
-2980
-2389
-1815
-1102
-375
293
959
1516
1975
2514
2983
3389
3802
4186
4661
4994
5455
5812
6113
6433
6525
6534
6311
6068
5596
4933
4162
3269
2389
1528
686
-183
-961
-1623
-2127
-2585
-2886
-3155
-3314
-3384
-3444
-3341
-3269
-3078
-2923
-2724
-2418
-2048
-1484
-931
-342
344
1067
1827
2554
3230
3810
4214
4580
4779
4820
4830
4678
4387
4028
3720
3409
3041
2742
2381
2003
1769
1525
1202
786
407
-85
-634
-1102
-1646
-2186
-2706
-3073
-3457
-3651
-3622
-3583
-3444
-3256
-2917
-2618
-2251
-1907
-1743
-1599
-1466
-1426
-1497
-1597
-1738
-1924
-2140
-2283
-2528
-2742
-2961
-3230
-3470
-3754
-3919
-4213
-4453
-4620
-4771
-4689
-4574
-4266
-3946
-3552
-2880
-2262
-1444
-723
-35
710
1277
2024
2586
3138
3713
4109
4561
4927
5294
5667
5775
5954
5998
5846
5808
5435
5166
4646
4065
3590
2843
2363
1693
1043
512
-47
-413
-796
-1149
-1407
-1787
-1945
-2038
-2212
-2188
-2261
-2123
-1949
-1690
-1287
-966
-463
24
487
999
1506
1979
2417
2739
2995
3194
3305
3425
3330
3232
3101
2872
2820
2586
2405
2204
1934
1835
1531
1307
976
520
258
-236
-635
-1038
-1505
-1720
-2103
-2226
-2332
-2452
-2269
-2279
-2108
-1962
-1879
-1665
-1665
-1587
-1623
-1779
-1763
-1959
-2060
-2208
-2388
-2441
-2647
-2713
-2943
-3170
-3410
-3779
-4118
-4600
-5009
-5468
-5815
-6010
-6184
-6102
-5966
-5567
-5017
-4464
-3686
-2991
-2159
-1344
-720
65
630
1183
1746
2029
2593
2851
3264
3754
3918
4491
4703
5116
5445
5555
5789
5620
5583
5473
5007
4632
4139
3587
3138
2483
2102
1481
1007
697
126
-176
-468
-752
-1044
-1237
-1355
-1481
-1543
-1271
-1223
-1176
-759
-422
-1
509
954
1413
1761
2372
2773
2770
3316
3264
3319
3308
3249
3270
2844
2993
2693
2446
2455
2265
2093
1958
1767
1581
1232
1162
866
283
124
-418
-710
-1139
-1381
-1677
-1976
-1911
-1984
-1899
-1784
-1647
-1604
-1452
-1437
-1479
-1641
-1761
-1994
-2261
-2515
-2810
-3000
-3251
-3490
-3839
-4014
-4332
-4661
-4992
-5397
-5806
-6162
-6408
-6627
-6790
-6698
-6502
-6165
-5476
-4946
-4166
-3347
-2441
-1598
-967
-141
380
883
1417
1672
2034
2391
2798
3244
3558
4182
4603
5035
5578
5834
6097
6200
6228
6114
5695
5383
4914
4316
3791
3057
2515
1895
1395
982
482
218
-53
-275
-422
-537
-618
-705
-779
-721
-792
-690
-523
-390
-151
103
504
748
1190
1592
1864
2181
2438
2686
2689
2824
2823
2618
2534
2376
2225
1997
1891
1817
1646
1696
1683
1597
1591
1475
1340
1086
816
493
19
-270
-703
-1078
-1313
-1540
-1648
-1758
-1720
-1737
-1729
-1598
-1660
-1753
-1845
-2039
-2241
-2573
-2865
-3294
-3622
-3885
-4308
-4610
-4887
-5116
-5403
-5561
-5790
-6050
-6199
-6275
-6441
-6533
-6403
-6339
-6121
-5699
-5162
-4697
-4042
-3283
-2590
-1930
-1146
-457
67
756
1308
1828
2349
2867
3368
3761
4283
4738
5067
5575
5847
6094
6246
6302
6335
6104
5921
5513
5094
4710
4221
3716
3289
2833
2490
2115
1773
1516
1206
1035
707
534
303
51
-20
-57
-216
-316
-179
-41
83
262
573
690
1015
1434
1560
1737
1966
2104
2072
2072
2152
1901
1825
1817
1587
1497
1462
1528
1413
1480
1566
1504
1625
1690
1527
1390
1307
1117
802
517
284
-219
-458
-745
-1061
-1321
-1575
-1745
-2032
-2161
-2423
-2751
-3041
-3363
-3762
-4118
-4497
-4863
-5171
-5422
-5635
-5858
-5925
-6096
-6224
-6277
-6439
-6650
-6830
-6905
-7051
-7177
-7089
-7015
-6768
-6333
-5792
-5119
-4401
-3492
-2652
-1770
-833
-89
656
1314
1881
2399
2772
3237
3567
3942
4368
4695
5163
5575
5974
6317
6622
6884
6992
6982
6969
6731
6449
6117
5661
5228
4664
4187
3625
3131
2670
2124
1667
1264
841
458
101
-279
-574
-801
-911
-1148
-1238
-1144
-1118
-904
-647
-380
-165
169
616
739
979
1194
1286
1351
1429
1526
1461
1605
1712
1777
1915
2203
2400
2586
2884
3068
3212
3319
3419
3265
3127
2860
2477
1997
1546
993
321
-151
-696
-1147
-1631
-1953
-2277
-2608
-2803
-3092
-3337
-3636
-3972
-4273
-4668
-5077
-5492
-5918
-6251
-6629
-6877
-7142
-7339
-7354
-7412
-7444
-7464
-7423
-7410
-7418
-7311
-7248
-7150
-6847
-6484
-5977
-5365
-4586
-3686
-2724
-1648
-739
188
1140
1940
2638
3180
3739
4181
4580
5000
5308
5714
6097
6517
6907
7317
7724
8027
8237
8322
8262
8026
7664
7109
6503
5662
4841
4021
3197
2369
1586
966
256
-246
-690
-1104
-1519
-1819
-2085
-2364
-2514
-2663
-2858
-2935
-2864
-2841
-2717
-2474
-2116
-1797
-1301
-786
-306
259
779
1190
1512
1928
2212
2415
2647
2880
3016
3263
3545
3804
4016
4257
4475
4545
4694
4631
4497
4237
3899
3456
2855
2282
1574
853
141
-565
-1200
-1759
-2281
-2708
-3080
-3397
-3688
-3965
-4208
-4545
-4866
-5163
-5514
-5799
-6103
-6381
-6591
-6734
-6793
-6862
-6769
-6655
-6529
-6327
-6090
-5895
-5719
-5516
-5402
-5243
-5087
-4873
-4699
-4360
-3839
-3360
-2643
-1876
-1009
-139
729
1660
2375
3130
3766
4251
4747
5145
5512
5818
6121
6480
6754
7080
7429
7617
7914
8007
8063
7985
7693
7409
6754
6145
5277
4353
3509
2504
1643
724
-19
-655
-1250
-1710
-2203
-2567
-2820
-3175
-3406
-3617
-3809
-3929
-4030
-3972
-3952
-3703
-3321
-3050
-2513
-1905
-1224
-518
202
942
1427
2133
2673
3017
3354
3579
3820
3905
4174
4327
4421
4631
4798
4851
4918
4926
4765
4478
4114
3630
2893
2252
1367
457
-497
-1447
-2329
-3221
-3887
-4600
-5114
-5480
-5726
-5884
-5956
-5995
-5981
-5941
-5901
-5890
-5880
-5849
-5884
-5788
-5714
-5608
-5479
-5209
-4999
-4716
-4362
-4064
-3718
-3404
-3011
-2864
-2602
-2374
-2258
-2092
-1964
-1784
-1634
-1308
-915
-542
-47
575
1113
1752
2311
2822
3305
3677
4113
4240
4502
4694
4790
4976
5009
5167
5219
5339
5457
5481
5548
5549
5485
5363
5089
4762
4345
3763
3206
2479
1792
1072
405
-198
-844
-1289
-1701
-1977
-2166
-2259
-2296
-2282
-2137
-1979
-1800
-1601
-1396
-1201
-999
-755
-534
-285
45
377
778
1201
1692
2198
2649
3101
3460
3758
4006
4099
4157
4073
3942
3795
3510
3281
2942
2612
2246
1849
1501
1024
579
119
-457
-985
-1580
-2202
-2821
-3469
-4001
-4601
-5015
-5368
-5665
-5783
-5828
-5782
-5679
-5476
-5250
-5025
-4805
-4529
-4377
-4116
-3928
-3748
-3546
-3352
-3055
-2857
-2471
-2173
-1800
-1422
-1040
-705
-445
-205
-108
-38
-84
-151
-338
-431
-572
-635
-643
-563
-396
-214
119
366
744
1032
1350
1609
1811
2011
2100
2202
2238
2246
2272
2305
2324
2434
2502
2678
2802
2982
3144
3215
3357
3306
3264
3111
2906
2622
2266
1910
1497
1100
748
409
102
-97
-267
-355
-433
-408
-383
-344
-266
-225
-170
-144
-51
-6
83
249
431
672
951
1304
1639
1980
2382
2648
2889
3075
3172
3175
3076
2983
2716
2454
2176
1833
1500
1183
878
538
255
-16
-339
-674
-999
-1415
-1835
-2258
-2704
-3181
-3616
-3977
-4331
-4546
-4680
-4723
-4653
-4473
-4231
-3963
-3597
-3229
-2879
-2515
-2208
-1910
-1655
-1412
-1218
-1059
-844
-720
-545
-402
-307
-210
-181
-163
-268
-380
-550
-789
-1011
-1241
-1493
-1686
-1812
-1886
-1909
-1874
-1737
-1627
-1398
-1193
-983
-747
-547
-298
-133
110
278
455
672
881
1110
1347
1651
1935
2249
2557
2853
3094
3354
3508
3609
3651
3622
3550
3375
3199
2920
2629
2307
1974
1625
1291
974
667
388
154
-46
-237
-331
-431
-470
-486
-438
-358
-274
-119
33
205
412
620
816
1014
1193
1385
1527
1694
1826
1919
2036
2096
2143
2153
2150
2120
2025
1930
1780
1568
1364
1077
761
422
42
-343
-761
-1155
-1564
-1944
-2256
-2554
-2772
-2926
-3025
-3045
-3020
-2907
-2788
-2600
-2377
-2170
-1925
-1675
-1446
-1249
-1043
-879
-741
-613
-482
-415
-314
-237
-206
-175
-165
-150
-224
-243
-334
-464
-590
-764
-954
-1178
-1369
-1609
-1858
-2055
-2252
-2455
-2580
-2701
-2771
-2788
-2746
-2629
-2515
-2287
-2066
-1818
-1488
-1172
-808
-442
-59
353
743
1175
1554
1937
2329
2647
2978
3259
3487
3655
3743
3778
3717
3578
3419
3138
2837
2503
2119
1775
1402
1093
774
500
296
83
-73
-195
-322
-418
-510
-574
-612
-659
-631
-618
-541
-393
-241
1
288
608
961
1297
1650
1952
2203
2433
2510
2568
2527
2407
2268
2032
1819
1551
1302
1084
852
682
508
331
180
6
-160
-347
-550
-762
-1038
-1277
-1538
-1765
-1975
-2145
-2241
-2321
-2279
-2229
-2110
-1964
-1815
-1640
-1478
-1286
-1141
-1025
-904
-828
-752
-660
-591
-481
-421
-317
-236
-177
-91
-97
-98
-195
-325
-505
-769
-1035
-1372
-1713
-2025
-2331
-2551
-2711
-2786
-2780
-2707
-2531
-2332
-2059
-1764
-1464
-1165
-894
-646
-429
-235
-52
95
257
424
620
859
1090
1388
1638
1953
2226
2461
2662
2764
2831
2770
2672
2475
2240
1958
1669
1361
1091
856
660
525
405
361
303
296
278
267
235
209
150
113
79
56
92
108
234
341
527
760
969
1226
1425
1610
1772
1825
1905
1857
1786
1721
1534
1463
1274
1178
1063
924
902
768
746
662
535
437
237
62
-166
-449
-669
-1001
-1228
-1458
-1679
-1759
-1893
-1856
-1873
-1789
-1631
-1547
-1342
-1236
-1088
-967
-886
-779
-778
-723
-714
-741
-708
-731
-704
-694
-675
-632
-636
-578
-566
-582
-588
-678
-752
-885
-1026
-1168
-1387
-1517
-1717
-1854
-1944
-2040
-2042
-2066
-1975
-1892
-1758
-1569
-1410
-1203
-1007
-822
-638
-459
-289
-118
26
218
363
548
755
931
1152
1329
1528
1684
1828
1947
1990
2005
1990
1895
1797
1667
1492
1340
1133
994
815
683
595
459
423
372
342
354
335
364
359
380
443
425
515
548
612
707
772
918
966
1105
1195
1242
1356
1364
1387
1376
1315
1259
1111
1021
877
693
601
404
299
162
65
16
-99
-83
-178
-203
-232
-337
-372
-499
-574
-703
-833
-887
-1030
-1070
-1103
-1130
-1061
-1018
-883
-775
-634
-449
-372
-214
-138
-98
-64
-127
-126
-242
-306
-372
-504
-505
-592
-603
-609
-633
-605
-670
-672
-724
-830
-889
-1050
-1185
-1317
-1479
-1569
-1697
-1723
-1740
-1733
-1598
-1513
-1331
-1141
-953
-746
-577
-390
-254
-132
13
93
202
338
439
591
729
899
1051
1208
1373
1468
1550
1596
1572
1498
1405
1246
1086
893
725
547
405
330
234
224
219
243
271
318
347
349
364
354
317
278
262
215
214
222
265
329
431
558
669
824
944
1050
1121
1171
1162
1109
1048
926
798
670
533
398
282
192
95
24
-6
-58
-91
-108
-158
-211
-274
-343
-433
-530
-602
-698
-756
-787
-811
-800
-765
-701
-637
-533
-436
-350
-253
-169
-107
-52
11
33
53
74
75
59
54
31
-13
-55
-103
-187
-277
-367
-511
-633
-770
-910
-1068
-1214
-1325
-1467
-1553
-1630
-1692
-1705
-1704
-1667
-1616
-1517
-1384
-1274
-1096
-944
-780
-591
-441
-246
-120
62
197
309
471
549
677
754
853
940
986
1080
1104
1139
1171
1131
1120
1048
970
873
725
650
470
359
254
119
87
10
34
47
89
213
268
406
518
598
715
759
825
831
838
863
802
819
801
782
809
803
847
866
908
952
936
960
938
891
841
753
666
546
442
321
195
107
-3
-95
-176
-251
-328
-398
-445
-516
-560
-584
-618
-626
-603
-563
-504
-414
-298
-184
-45
101
211
334
420
480
509
500
473
387
304
206
63
-58
-194
-339
-467
-608
-734
-864
-993
-1115
-1262
-1374
-1495
-1616
-1694
-1788
-1842
-1880
-1904
-1880
-1859
-1789
-1724
-1649
-1539
-1457
-1351
-1241
-1142
-1013
-903
-781
-658
-532
-371
-250
-93
51
174
307
394
508
585
645
703
721
762
784
795
821
848
885
914
965
1008
1025
1052
1055
1046
1025
994
954
883
835
776
718
689
643
626
613
613
630
626
667
668
676
702
680
691
673
668
670
648
669
647
646
664
636
651
639
621
593
532
516
440
384
349
270
245
193
167
155
144
181
192
234
280
300
345
368
389
390
371
358
303
270
221
155
101
29
-23
-97
-161
-238
-324
-388
-482
-575
-684
-794
-907
-1044
-1148
-1280
-1407
-1500
-1620
-1697
-1790
-1865
-1921
-1988
-2010
-2064
-2085
-2084
-2092
-2059
-2020
-1951
-1859
-1759
-1624
-1491
-1337
-1165
-1021
-848
-694
-548
-396
-265
-132
-14
96
210
305
402
504
578
672
740
796
863
892
929
935
933
934
906
890
858
818
804
758
738
707
672
648
598
575
527
485
461
424
409
391
388
405
413
456
489
536
590
635
701
744
809
848
901
952
982
1048
1091
1153
1209
1263
1341
1380
1443
1483
1493
1537
1509
1511
1479
1421
1391
1299
1258
1169
1087
1038
936
890
802
722
660
544
477
353
234
121
-44
-165
-331
-470
-609
-774
-898
-1054
-1174
-1302
-1442
-1541
-1673
-1770
-1881
-1987
-2058
-2160
-2213
-2278
-2315
-2318
-2326
-2280
-2235
-2150
-2047
-1940
-1791
-1678
-1523
-1380
-1241
-1083
-966
-809
-686
-545
-398
-288
-158
-62
36
129
193
273
319
362
396
403
421
395
387
357
321
287
237
207
172
155
135
112
113
107
111
126
136
151
159
186
189
204
210
216
239
227
266
283
319
379
426
509
574
658
744
799
901
955
1025
1109
1148
1237
1284
1367
1429
1480
1563
1603
1675
1717
1737
1760
1735
1718
1662
1584
1503
1366
1262
1121
994
859
726
613
473
366
237
114
-16
-158
-295
-454
-601
-738
-893
-1012
-1138
-1244
-1342
-1425
-1474
-1544
-1563
-1601
-1630
-1648
-1681
-1692
-1725
-1746
-1753
-1768
-1750
-1739
-1703
-1647
-1582
-1482
-1400
-1288
-1197
-1091
-986
-896
-777
-675
-559
-455
-332
-208
-97
38
140
244
336
401
475
487
522
518
484
474
407
388
318
266
235
162
152
111
79
71
40
55
41
61
88
90
148
183
259
325
395
485
547
637
690
760
822
862
924
945
999
1021
1051
1115
1120
1190
1217
1265
1323
1325
1398
1397
1421
1443
1401
1415
1352
1326
1283
1184
1164
1048
989
906
780
715
562
467
339
186
82
-93
-209
-339
-480
-567
-703
-766
-860
-932
-962
-1038
-1052
-1108
-1137
-1162
-1204
-1207
-1243
-1260
-1263
-1282
-1260
-1266
-1252
-1225
-1228
-1196
-1207
-1178
-1172
-1166
-1148
-1152
-1116
-1104
-1081
-1029
-1006
-938
-871
-814
-707
-653
-542
-463
-376
-253
-185
-71
5
68
162
199
262
302
295
341
304
313
289
252
253
195
192
158
120
131
95
95
103
78
125
102
139
150
160
222
237
310
360
420
488
562
632
712
771
846
889
952
1002
1038
1075
1104
1147
1161
1218
1237
1285
1292
1323
1330
1312
1321
1269
1219
1161
1058
974
860
733
646
489
434
314
231
169
72
34
-54
-107
-177
-268
-330
-416
-510
-566
-678
-712
-795
-818
-839
-873
-845
-868
-835
-836
-815
-808
-794
-780
-767
-781
-772
-777
-765
-764
-731
-719
-710
-654
-663
-596
-596
-548
-532
-520
-475
-487
-473
-446
-478
-449
-463
-473
-432
-475
-397
-424
-367
-322
-300
-220
-190
-126
-86
-53
-14
-9
-12
13
-38
-25
-77
-75
-105
-105
-83
-95
-46
-39
15
28
62
77
71
61
49
-2
0
-53
-47
-47
-28
52
66
204
264
385
496
578
691
734
786
840
811
850
809
795
820
759
825
783
839
854
841
892
855
846
816
725
689
572
482
406
249
227
92
65
27
-16
3
-37
-13
-27
-62
-60
-128
-181
-227
-330
-357
-450
-452
-483
-494
-444
-431
-362
-306
-228
-165
-108
-44
-6
9
51
40
56
44
65
63
66
104
97
131
143
164
168
174
163
140
101
75
3
-41
-112
-166
-205
-266
-274
-330
-324
-342
-340
-342
-338
-321
-320
-313
-306
-317
-314
-329
-350
-360
-405
-405
-463
-461
-481
-497
-494
-502
-473
-469
-448
-418
-399
-369
-348
-344
-308
-312
-276
-274
-235
-194
-171
-89
-45
44
121
196
284
334
398
438
426
457
426
406
374
327
321
274
285
279
271
300
298
308
322
302
303
250
218
160
77
33
-53
-103
-153
-190
-207
-224
-217
-199
-202
-162
-156
-150
-143
-159
-151
-177
-178
-172
-179
-155
-119
-84
-9
46
132
205
276
371
413
481
525
539
561
557
562
556
529
538
501
502
489
461
462
426
412
383
348
318
254
196
141
55
0
-88
-143
-215
-272
-308
-371
-374
-408
-406
-404
-400
-387
-388
-380
-376
-393
-395
-422
-438
-451
-478
-467
-494
-469
-451
-419
-364
-318
-261
-202
-142
-88
-62
-26
-3
-20
-2
-23
-13
-12
3
38
71
139
203
252
323
362
394
427
400
393
333
295
238
159
124
81
57
56
61
75
93
115
147
131
142
105
64
23
-47
-94
-157
-204
-239
-275
-280
-274
-270
-226
-217
-170
-159
-147
-132
-155
-149
-173
-183
-194
-205
-197
-175
-149
-83
-31
56
131
206
290
340
401
423
447
452
446
429
407
376
358
330
315
294
276
259
230
215
167
140
86
40
-21
-81
-138
-210
-269
-326
-370
-406
-433
-451
-439
-440
-408
-386
-358
-330
-306
-279
-269
-263
-258
-263
-267
-259
-272
-253
-250
-229
-196
-164
-120
-86
-46
-8
18
40
61
59
57
41
40
22
17
22
29
46
73
112
152
195
234
271
295
326
327
337
328
307
300
281
266
260
255
264
275
282
309
303
317
307
297
268
218
177
110
52
-13
-80
-131
-172
-215
-228
-249
-244
-249
-241
-236
-247
-223
-227
-214
-211
-212
-189
-177
-160
-131
-104
-52
-18
36
90
131
201
232
283
305
317
335
323
316
292
253
234
190
159
133
97
84
40
33
10
-15
-21
-61
-87
-121
-161
-196
-243
-270
-314
-343
-353
-377
-368
-364
-340
-305
-288
-251
-226
-208
-184
-191
-178
-187
-199
-189
-216
-198
-200
-192
-164
-149
-101
-80
-52
-13
-8
22
34
34
47
31
55
49
75
114
130
188
223
274
327
364
417
446
461
486
484
491
479
475
462
439
435
390
379
349
310
285
238
196
151
100
59
-1
-47
-91
-140
-170
-223
-242
-277
-308
-321
-351
-352
-358
-364
-349
-345
-319
-293
-270
-216
-190
-147
-114
-82
-39
-20
13
28
54
86
109
150
175
211
252
275
312
322
334
337
316
310
276
244
210
169
135
102
77
56
33
19
-1
-33
-62
-101
-132
-176
-218
-260
-307
-344
-369
-384
-402
-406
-403
-403
-393
-388
-385
-380
-372
-359
-359
-350
-338
-317
-287
-269
-228
-197
-150
-99
-59
-2
38
82
122
155
198
227
263
310
335
380
409
432
461
460
484
483
488
490
469
470
447
436
426
398
384
349
319
282
237
209
148
105
61
5
-28
-89
-121
-169
-210
-229
-283
-302
-329
-363
-380
-427
-439
-460
-484
-472
-492
-467
-455
-445
-399
-384
-324
-287
-248
-184
-163
-105
-66
-33
27
50
104
140
173
231
249
298
331
352
386
391
411
409
398
398
361
348
322
290
275
230
215
185
150
135
85
62
14
-34
-72
-131
-161
-209
-244
-272
-300
-311
-326
-326
-321
-322
-308
-302
-295
-281
-273
-256
-250
-225
-201
-181
-147
-114
-72
-35
9
56
85
117
151
162
190
200
212
232
239
256
261
280
288
300
315
315
313
307
293
276
251
229
203
179
153
129
116
84
64
41
11
-11
-42
-81
-111
-145
-180
-218
-256
-281
-302
-316
-336
-341
-348
-348
-338
-336
-328
-325
-325
-307
-308
-301
-269
-251
-222
-187
-153
-113
-73
-28
4
29
63
89
115
143
157
181
215
241
265
293
309
325
333
343
342
327
313
284
258
236
200
168
141
108
87
59
37
17
-15
-33
-68
-98
-126
-163
-186
-219
-240
-248
-255
-249
-242
-238
-222
-215
-205
-190
-189
-177
-172
-164
-148
-126
-105
-86
-58
-29
1
31
61
81
100
110
120
129
137
139
140
137
139
145
145
156
159
160
153
141
123
103
79
54
32
2
-14
-33
-44
-50
-59
-66
-72
-75
-80
-94
-100
-119
-132
-141
-156
-156
-163
-162
-154
-152
-136
-127
-115
-96
-91
-79
-70
-66
-54
-55
-47
-35
-20
0
18
46
62
89
112
124
142
155
173
179
179
189
191
193
201
206
211
217
222
219
212
213
198
192
178
153
142
113
98
82
59
48
27
14
-3
-23
-41
-61
-87
-106
-128
-151
-174
-198
-212
-221
-217
-217
-212
-209
-196
-183
-175
-156
-142
-135
-127
-116
-101
-79
-59
-34
-12
10
40
57
74
86
92
91
90
91
78
69
62
49
44
25
21
15
2
6
-8
-13
-28
-46
-61
-78
-89
-104
-118
-118
-123
-126
-119
-109
-95
-88
-82
-79
-76
-74
-72
-63
-62
-61
-56
-52
-38
-22
-10
0
12
24
30
39
40
41
44
42
40
39
39
39
48
52
57
58
63
64
69
69
64
69
66
68
72
83
96
104
109
117
117
119
120
112
112
103
97
85
74
63
58
54
47
33
16
5
-9
-27
-48
-63
-87
-106
-121
-142
-149
-157
-167
-174
-170
-169
-158
-150
-151
-146
-147
-140
-136
-125
-113
-105
-96
-95
-76
-56
-44
-31
-22
-5
12
17
34
45
43
49
49
56
62
61
60
52
58
60
45
42
30
25
21
7
1
-2
-10
-14
-17
-16
-21
-27
-24
-27
-25
-21
-16
-7
5
19
32
36
47
61
67
69
70
76
71
72
72
65
68
67
54
49
56
46
39
44
43
32
26
19
9
7
3
-6
-13
-3
-11
-3
13
8
19
14
16
26
24
42
39
44
55
37
45
49
49
63
51
62
48
31
44
21
26
26
-3
-18
-43
-41
-47
-67
-69
-95
-109
-102
-137
-133
-126
-150
-158
-174
-170
-166
-157
-139
-141
-118
-100
-107
-75
-53
-43
-25
-4
14
14
52
62
61
114
130
126
119
122
138
136
160
129
101
119
80
80
103
86
47
-3
10
37
27
22
-21
-48
-42
-64
-20
-16
-47
-60
-84
-16
10
-20
-1
8
32
42
46
60
39
83
101
55
77
50
50
104
83
62
59
80
32
-40
13
-12
-6
74
-38
-119
-155
-227
-97
137
155
-199
-456
-285
-85
183
256
-177
-321
-221
-207
53
305
183
-149
-218
-60
-28
206
335
45
47
31
-180
-9
249
220
103
48
-128
-258
49
252
8
-47
-96
-237
-116
-40
-142
-117
-8
-154
-254
-95
-86
-205
-79
13
-69
-56
-67
-151
-41
142
54
25
109
37
17
128
161
150
183
183
87
83
156
83
123
165
58
49
42
-7
3
29
48
-17
-93
-109
-142
-86
-68
-122
-112
-144
-164
-130
-94
-52
-68
-81
-63
-35
8
1
30
48
29
64
97
116
115
112
133
126
161
168
96
114
77
46
80
53
25
-46
-50
-29
-92
-47
-72
-169
-131
-147
-165
-148
-168
-165
-179
-141
-131
-159
-81
-67
-85
-27
-36
-51
-13
31
58
54
64
61
68
123
129
109
122
130
117
102
84
45
43
47
18
-10
-44
-69
-69
-68
-57
-86
-114
-116
-135
-121
-127
-120
-107
-121
-107
-111
-110
-47
-21
-16
1
15
42
60
110
117
118
148
130
132
151
131
135
163
136
97
75
80
60
44
26
-13
-31
-61
-74
-79
-103
-129
-136
-136
-135
-148
-148
-125
-115
-137
-149
-96
-71
-48
-32
-30
10
27
60
91
106
125
111
120
143
129
139
133
110
109
82
82
75
44
63
34
-15
-41
-80
-63
-77
-113
-132
-161
-158
-176
-189
-158
-140
-141
-164
-175
-126
-94
-87
-47
-35
-43
-38
-13
40
87
103
82
83
116
142
167
189
155
113
119
125
124
117
96
63
28
14
13
-1
-17
-43
-71
-77
-81
-88
-105
-104
-111
-110
-74
-65
-79
-69
-46
-28
1
20
25
35
59
79
111
135
123
129
154
160
164
181
170
158
141
118
115
97
73
62
53
26
-9
-21
-16
-31
-53
-61
-72
-82
-89
-94
-80
-68
-67
-68
-67
-43
-32
-16
15
9
15
47
69
82
93
90
94
122
128
123
127
118
103
89
86
79
69
54
36
26
5
-28
-31
-33
-53
-70
-90
-102
-98
-106
-113
-107
-116
-124
-120
-110
-97
-87
-77
-64
-44
-36
-38
-13
10
2
20
43
36
34
39
48
54
48
35
19
13
16
-2
-7
-10
-47
-60
-58
-72
-87
-96
-108
-124
-118
-119
-135
-133
-125
-126
-105
-92
-102
-86
-67
-52
-30
-21
-18
-6
10
23
38
54
57
72
85
80
87
99
96
87
83
76
68
61
52
40
37
15
5
9
0
1
-11
-30
-36
-29
-38
-40
-30
-25
-33
-31
-20
-13
12
12
2
18
39
44
60
71
76
76
90
98
93
109
108
100
96
97
88
84
82
71
61
57
47
20
21
15
-1
-2
-14
-28
-25
-33
-48
-43
-46
-53
-59
-53
-42
-30
-17
-23
-15
4
1
3
13
20
29
26
26
33
35
32
27
25
25
16
13
12
6
0
-14
-31
-45
-48
-52
-60
-71
-80
-80
-83
-93
-95
-90
-86
-80
-79
-73
-59
-55
-52
-45
-32
-16
-16
-8
7
10
17
19
19
27
28
25
32
35
30
28
17
11
10
1
-7
-16
-21
-31
-39
-44
-47
-46
-42
-42
-43
-46
-42
-32
-31
-23
-19
-8
5
8
16
25
36
41
46
58
67
68
71
73
74
76
73
71
70
63
54
44
37
30
18
4
-5
-12
-19
-26
-39
-40
-41
-48
-51
-55
-59
-63
-64
-63
-60
-55
-51
-45
-39
-28
-19
-8
-4
1
13
15
19
23
24
29
35
34
37
38
33
28
20
21
20
17
6
-5
-7
-17
-26
-24
-24
-25
-29
-37
-38
-42
-43
-40
-34
-25
-24
-23
-12
-2
7
17
23
30
32
36
41
45
48
53
49
46
45
43
46
41
35
34
27
21
11
8
4
-6
-12
-23
-25
-24
-25
-23
-23
-21
-25
-24
-22
-20
-15
-13
-11
-5
0
6
11
19
27
27
28
36
45
45
49
53
51
52
46
47
44
37
36
37
32
29
29
24
13
8
-2
-17
-24
-30
-37
-39
-39
-45
-50
-46
-42
-42
-38
-34
-35
-37
-35
-30
-28
-21
-18
-19
-10
-5
3
8
4
6
5
9
7
3
6
-1
0
-4
-5
-8
-8
-9
-17
-21
-26
-25
-28
-31
-33
-36
-33
-37
-29
-16
-13
-4
2
6
9
13
17
24
34
34
44
48
50
54
57
65
63
67
72
69
72
68
67
70
71
68
65
57
52
49
50
48
38
39
28
22
17
12
12
8
-2
-5
-1
-5
-2
-6
-2
-4
-4
0
0
6
5
9
8
14
16
14
13
17
22
18
17
13
7
8
9
2
-3
-6
-12
-17
-23
-21
-26
-30
-30
-30
-29
-33
-34
-30
-32
-32
-29
-23
-26
-25
-20
-20
-13
-15
-13
-13
-8
-7
-11
-6
-6
-6
-7
-9
-7
-5
-10
-8
-11
-13
-16
-16
-18
-21
-26
-34
-30
-35
-33
-34
-38
-43
-40
-39
-42
-37
-32
-30
-29
-20
-20
-24
-18
-17
-12
-3
1
8
12
18
24
23
28
25
24
23
23
26
20
29
29
27
29
26
24
20
27
20
15
17
10
13
10
10
9
9
13
5
4
6
4
5
6
7
7
6
6
3
2
3
2
0
2
5
-2
1
-3
3
4
0
1
-1
3
2
7
3
-7
-9
-10
-11
-9
-12
-12
-9
-8
-9
-9
-7
-8
-9
-8
-14
-19
-15
-10
-4
-6
-10
-2
0
-1
6
9
11
20
17
19
24
16
21
21
24
21
20
25
24
28
22
25
25
20
23
25
21
19
13
14
10
12
11
1
3
-1
1
-2
0
1
3
2
1
8
4
8
11
13
12
16
16
16
19
15
17
24
22
27
27
25
26
27
27
26
29
26
25
18
18
18
12
6
-2
-2
-7
-4
-8
-10
-13
-13
-16
-22
-19
-22
-29
-25
-24
-30
-23
-25
-28
-27
-26
-25
-27
-26
-17
-14
-14
-10
-11
-5
-13
-18
-12
-13
-15
-17
-11
-12
-14
-12
-14
-10
-3
-1
0
0
-1
2
4
1
1
5
8
6
13
20
22
19
23
29
30
35
38
33
34
38
32
28
25
30
25
19
26
18
15
13
12
6
1
1
-1
-6
-7
-10
-17
-12
-12
-13
-17
-15
-15
-13
-14
-12
-9
-8
-7
-4
0
-2
7
5
0
6
5
1
6
8
11
16
13
18
19
23
19
21
17
9
7
-1
1
-1
-1
-3
-6
-7
-11
-16
-17
-16
-20
-16
-23
-24
-22
-23
-22
-22
-26
-27
-25
-25
-18
-23
-21
-19
-20
-19
-16
-14
-13
-9
-7
1
2
8
4
5
6
-1
9
8
5
8
3
6
7
5
11
9
15
12
9
10
9
13
8
6
3
3
0
-3
-1
5
9
10
7
13
12
5
15
15
13
15
11
4
2
1
-2
-6
-4
-1
-5
-7
-2
2
-8
-5
-6
-7
-10
-11
-6
0
7
2
2
1
2
3
4
10
13
13
14
19
25
30
30
32
34
29
29
37
32
31
28
29
28
29
30
30
29
29
34
32
33
29
29
22
21
19
13
11
4
5
2
5
6
6
3
3
6
3
6
12
7
7
11
9
10
12
11
8
17
15
18
19
17
25
25
28
28
31
27
24
24
21
29
23
20
17
10
6
3
0
1
-2
-7
-4
-6
-4
-5
-9
-9
-13
-16
-19
-19
-18
-16
-18
-18
-16
-14
-7
-11
-14
-8
-12
-16
-15
-20
-19
-26
-25
-28
-27
-27
-31
-30
-32
-35
-37
-36
-44
-44
-45
-47
-46
-47
-43
-45
-45
-41
-36
-35
-33
-35
-25
-22
-22
-17
-20
-14
-14
-8
0
0
1
4
3
6
7
7
8
6
5
2
1
0
4
0
-1
2
3
3
-2
3
3
1
0
0
-3
-3
-4
-5
-3
1
2
5
8
-2
5
3
-2
9
8
5
5
8
7
11
15
18
18
22
24
19
21
18
9
8
10
3
3
-1
0
1
0
-3
-10
-6
-13
-15
-13
-21
-25
-26
-25
-19
-23
-21
-21
-22
-20
-17
-17
-14
-17
-21
-14
-17
-13
-10
-17
-16
-12
-11
-8
-9
-15
-16
-14
-12
-8
-6
-8
-10
-9
-8
-9
-4
-3
-3
-1
1
6
7
9
15
18
21
22
21
28
30
37
40
37
38
38
37
36
37
39
41
40
43
40
36
38
34
28
30
34
32
32
29
27
29
28
30
29
33
31
28
30
23
20
16
15
15
17
18
15
19
13
14
13
10
10
11
14
8
6
2
0
0
-2
-7
-10
-17
-16
-15
-19
-22
-24
-25
-29
-29
-31
-36
-36
-38
-45
-45
-46
-47
-47
-45
-51
-53
-51
-50
-48
-51
-47
-49
-48
-45
-48
-42
-46
-45
-40
-39
-37
-33
-30
-36
-32
-26
-29
-27
-28
-26
-26
-26
-21
-20
-20
-12
-10
-14
-10
-12
-11
-4
-5
0
2
5
9
6
6
10
14
9
16
16
14
17
18
14
15
18
16
19
21
23
22
23
19
17
15
13
12
11
18
10
14
14
13
10
8
10
7
8
1
-4
-2
1
-4
0
2
2
6
4
8
9
14
13
13
13
12
13
13
22
26
27
30
27
29
30
30
38
36
37
41
34
36
33
30
35
29
28
26
15
16
18
13
14
13
11
12
17
14
8
8
3
-6
-5
-4
-7
-9
-7
-6
-6
0
3
7
0
0
5
6
13
6
6
10
5
7
14
18
10
12
14
13
9
2
8
1
6
10
2
4
2
5
-1
2
8
5
6
9
11
10
9
15
14
14
18
13
14
11
15
13
11
17
13
13
10
8
4
0
4
2
-5
-3
-3
-13
-15
-11
-16
-14
-12
-12
-14
-17
-11
-16
-14
-11
-15
-12
-12
-9
-4
3
3
4
5
7
5
3
9
8
6
3
6
6
7
10
13
10
5
5
2
-2
-3
-5
-3
-1
-5
-6
-2
-2
-2
-2
-4
-3
0
1
-2
-3
-3
-3
1
5
2
1
5
8
14
16
14
16
15
19
18
21
17
19
22
16
18
12
9
9
12
9
9
5
-1
1
-8
-3
-3
-8
-6
-8
-17
-19
-16
-22
-21
-24
-29
-29
-27
-25
-26
-25
-29
-26
-23
-20
-20
-23
-26
-31
-32
-33
-38
-36
-33
-34
-27
-29
-29
-32
-34
-33
-31
-31
-35
-37
-34
-34
-33
-32
-28
-26
-29
-26
-27
-20
-21
-20
-13
-18
-15
-14
-5
-7
-8
2
0
3
6
8
10
14
13
15
17
17
17
19
21
23
25
28
25
24
24
24
21
20
25
23
20
26
27
26
25
22
23
20
20
21
20
17
19
23
22
18
20
24
20
21
23
28
28
24
24
21
21
22
16
14
17
17
18
17
15
12
9
11
12
8
10
13
10
11
5
12
6
2
8
3
4
4
5
2
8
7
7
10
7
8
5
10
11
10
9
11
15
10
15
17
17
15
10
9
9
13
11
7
8
8
10
8
8
11
8
0
0
3
-4
2
2
-2
0
-2
-4
-11
-9
-8
-8
-9
-5
-5
-5
-1
-1
-7
-9
-5
-10
-14
-13
-13
-16
-9
-10
-10
-13
-20
-19
-25
-26
-28
-27
-29
-26
-28
-31
-33
-37
-42
-45
-47
-47
-46
-47
-38
-38
-40
-34
-34
-35
-38
-40
-38
-37
-32
-29
-26
-27
-27
-24
-27
-22
-27
-31
-28
-26
-24
-25
-23
-19
-20
-17
-19
-22
-17
-18
-20
-13
-12
-15
-11
-10
-8
-9
-2
4
4
7
11
12
10
12
12
12
15
16
17
20
21
22
24
30
29
34
39
39
43
42
39
45
43
44
43
41
45
39
44
38
31
39
36
37
36
33
33
34
32
25
26
23
23
18
15
12
9
9
8
5
2
3
-1
0
2
-5
-1
0
-1
-2
-7
-10
-17
-20
-18
-23
-22
-25
-23
-19
-23
-17
-20
-20
-20
-26
-26
-31
-31
-31
-32
-33
-31
-31
-32
-33
-34
-29
-32
-34
-35
-38
-39
-40
-39
-41
-43
-43
-48
-49
-47
-43
-46
-48
-43
-49
-47
-46
-46
-42
-46
-44
-41
-38
-38
-29
-25
-27
-26
-24
-21
-20
-16
-15
-16
-6
-5
-3
4
-1
1
4
7
10
5
6
6
6
5
1
-1
-1
-1
0
3
3
7
4
9
13
7
7
4
-1
-4
-4
-4
-1
2
-3
-1
1
-4
-2
-6
-14
-6
-13
-12
-15
-15
-7
-11
-6
-4
-2
-4
-3
0
0
-3
-3
-1
-4
-2
-5
-4
-3
-5
0
-1
-1
3
-2
3
1
1
9
7
7
10
5
9
16
13
16
17
16
11
11
12
12
17
11
15
23
16
21
22
20
26
24
22
20
21
17
17
20
17
23
20
19
17
18
22
17
19
15
18
21
13
13
13
15
9
8
10
12
14
15
20
20
12
10
11
9
6
6
9
12
12
11
14
11
10
8
10
11
8
11
3
-1
3
1
-1
-5
-3
-5
-4
-3
-9
-10
-18
-23
-26
-30
-30
-32
-32
-35
-34
-35
-32
-34
-36
-33
-45
-44
-39
-39
-40
-37
-36
-36
-36
-33
-31
-31
-31
-26
-23
-20
-16
-21
-15
-13
-13
-6
0
2
3
12
15
20
20
27
26
22
29
30
34
33
35
43
44
46
48
48
48
47
44
45
39
44
46
45
46
45
49
47
48
48
47
42
39
35
34
31
28
28
22
22
24
21
19
21
14
13
11
11
17
10
14
5
1
5
2
-1
0
1
3
2
2
0
-2
0
-6
-5
-5
-5
-8
-7
-2
-4
-1
0
3
4
-2
-7
-7
-8
-6
-7
-7
-6
-3
-2
-13
-9
-4
0
-5
-10
-3
-8
-8
-11
-10
-3
-6
-1
-2
-3
-2
-2
5
4
4
5
3
11
13
15
17
16
18
17
15
11
16
22
24
27
26
33
36
33
36
37
38
37
35
39
39
39
37
39
44
42
34
32
31
27
32
36
35
32
36
31
30
33
29
25
22
28
24
21
22
14
15
14
13
9
4
11
11
10
8
3
2
-2
-2
-1
-7
-7
-6
-12
-8
-10
-8
-7
-5
-5
-12
-12
-19
-24
-23
-25
-30
-28
-21
-27
-27
-24
-26
-27
-23
-25
-26
-23
-27
-25
-22
-19
-21
-22
-21
-22
-19
-19
-20
-25
-25
-24
-21
-17
-13
-13
-7
-7
-14
-8
-12
-7
-13
-8
-3
-7
-5
-4
6
2
5
9
9
12
13
10
9
11
6
-3
-3
-1
2
7
5
5
9
3
-1
7
5
5
7
5
5
8
3
1
2
-2
0
-6
-8
-1
-6
-8
-9
-13
-10
-12
-13
-14
-13
-9
-17
-17
-20
-23
-23
-18
-21
-24
-17
-20
-21
-22
-24
-24
-20
-22
-20
-20
-22
-22
-22
-22
-22
-20
-20
-20
-22
-23
-23
-21
-20
-25
-21
-23
-20
-16
-17
-19
-17
-22
-23
-17
-19
-9
-10
-11
-10
-8
-6
-3
-2
-1
3
3
3
-4
1
-1
2
7
4
7
6
3
6
5
7
7
4
6
4
9
4
7
4
4
4
2
6
7
10
13
18
11
10
14
16
12
16
14
13
13
11
17
17
23
20
23
17
15
15
12
12
13
14
14
18
18
15
16
15
8
9
10
11
16
8
9
10
6
14
12
13
15
15
15
11
15
12
12
15
12
12
13
9
4
10
10
11
15
7
1
1
0
9
7
2
3
-5
-5
-5
-8
-10
-15
-17
-12
-12
-17
-7
-11
-13
-7
-14
-15
-16
-14
-15
-13
-16
-16
-18
-15
-12
-11
-7
-16
-13
-11
-10
-7
-9
-14
-11
-10
-5
-5
-13
-8
-8
-9
-11
-7
-4
-5
-4
-5
-4
-5
-2
-2
-4
-9
-7
-10
-8
-7
-10
-5
-11
-11
-8
-9
-5
-7
-6
1
-2
-7
-6
-6
-6
-4
-4
-9
-8
-11
-12
-12
-10
-7
-4
-1
-3
1
1
2
-4
-8
-5
-4
-1
-1
3
0
-2
0
5
11
14
11
11
9
6
9
6
6
7
9
10
13
14
9
9
11
7
14
14
13
17
12
12
11
9
9
9
7
3
1
0
0
6
4
4
2
-7
-13
-13
-10
-9
-8
-9
-4
-4
-5
-4
-11
-9
-10
-10
-10
-7
-8
-11
-4
-7
-2
-1
-7
0
-1
-4
-2
-3
-4
-9
-11
-15
-14
-11
-15
-18
-17
-25
-25
-16
-20
-23
-18
-23
-21
-23
-26
-23
-30
-25
-25
-31
-30
-37
-40
-35
-35
-35
-31
-28
-27
-29
-22
-21
-19
-17
-20
-23
-23
-23
-21
-12
-14
-6
-4
-4
3
1
5
7
9
11
14
19
16
14
24
23
20
20
13
19
25
23
24
24
26
22
26
28
26
26
22
25
25
22
18
14
11
12
9
7
8
2
8
3
3
4
-1
5
-4
-4
-5
-12
-11
-15
-17
-21
-19
-24
-20
-15
-17
-16
-17
-18
-18
-22
-21
-21
-24
-23
-24
-28
-28
-29
-26
-22
-20
-19
-18
-18
-21
-22
-20
-14
-10
-9
-9
-9
-8
-6
-4
-1
1
1
5
6
6
8
1
2
4
3
2
4
8
7
8
9
2
1
-4
-3
3
-2
-3
-2
2
3
7
3
-1
-1
-2
0
1
-1
-4
-8
-12
-5
-1
1
10
5
2
2
4
7
7
10
11
14
12
5
3
0
3
12
13
16
10
9
13
11
10
5
6
4
1
4
-1
-4
-2
-1
-1
-1
-4
-9
-12
-16
-13
-17
-20
-15
-19
-16
-16
-19
-20
-21
-22
-23
-24
-26
-22
-21
-24
-20
-24
-25
-23
-20
-18
-17
-17
-17
-18
-24
-20
-22
-21
-16
-18
-15
-15
-14
-13
-12
-7
-3
-3
0
6
3
4
7
16
23
21
13
7
10
11
17
19
29
29
20
27
27
23
22
25
29
28
28
27
28
22
26
28
27
28
26
23
22
28
26
24
22
26
28
24
18
12
7
7
11
12
13
7
1
2
2
2
3
11
5
1
-2
-2
-7
-10
-9
-13
-10
-9
-10
-16
-15
-17
-25
-26
-25
-22
-21
-21
-23
-25
-25
-25
-22
-19
-15
-19
-21
-17
-18
-14
-13
-15
-7
-1
-8
-5
-7
-3
-1
-3
2
3
6
1
-3
-5
-4
1
-1
7
12
8
10
8
12
13
11
22
20
16
9
8
5
3
10
12
22
20
14
21
21
19
22
19
22
19
17
18
7
10
16
18
22
21
20
16
15
11
9
13
8
8
16
8
5
7
9
4
2
6
6
11
5
1
-4
-9
-1
1
4
5
-1
0
3
5
8
5
10
6
4
2
-6
-5
-11
-8
-7
-2
-4
-7
-8
-11
-12
-13
-9
-9
-11
-11
-12
-12
-13
-16
-11
-10
-3
0
-10
-10
-8
-11
-6
-4
-6
-3
-5
-5
-5
-6
-4
4
5
4
4
-5
-7
-13
-12
-13
-7
4
7
6
1
1
-3
-3
3
11
10
5
5
5
5
3
9
7
15
16
12
17
9
1
-6
-1
1
-3
-5
-2
4
5
1
6
12
6
1
-6
-7
-10
-9
-15
-11
-5
-3
-3
-10
-3
-8
-6
-5
0
3
-1
-5
-8
-4
-10
-9
-7
-1
0
0
2
1
3
-3
-9
-4
-4
-9
-7
-8
0
-8
-8
-1
1
-1
-8
-12
-4
-1
-9
-5
-12
-11
-8
-11
-6
0
-8
-11
-3
-4
-2
-10
-11
-11
-12
-19
-19
-14
-13
-11
-10
-7
-4
-10
-14
-14
-12
-8
-14
-11
-6
-12
-17
-18
-9
-6
-8
-7
-3
-3
-4
-4
2
4
5
0
-1
5
4
1
4
11
10
2
2
13
11
3
4
7
12
9
11
14
14
9
4
5
12
8
-3
0
5
12
5
-4
1
4
2
0
5
0
0
-2
-4
1
0
-5
-6
-2
-2
-9
-8
5
4
7
7
12
17
13
13
20
23
19
15
16
21
20
11
11
10
11
11
1
7
10
2
2
1
4
5
-3
-5
-3
-7
-15
-13
-6
-5
-7
-14
-12
-12
-20
-25
-19
-13
-19
-21
-28
-24
-23
-32
-31
-29
-26
-30
-31
-32
-29
-28
-26
-21
-14
-14
-15
-12
-9
-11
-21
-25
-20
-14
-18
-17
-11
-12
-17
-18
-14
-17
-17
-14
-8
-8
-10
-12
-22
-18
-19
-20
-16
-19
-15
-17
-15
-7
-7
-3
-7
-3
-1
-13
-16
-9
-4
-4
-5
-6
-1
-4
-9
-5
2
9
8
6
12
14
10
4
12
22
16
12
12
24
22
20
24
23
29
27
25
33
39
31
24
30
28
24
