6
10
7
2
-1
-1
-2
2
4
3
-1
3
2
3
7
1
4
-1
-2
-3
-8
-7
-9
-6
-12
-15
-12
-9
-5
-8
-5
-2
-2
-5
-6
-10
-14
-15
-18
-14
-13
-15
-14
-13
-14
-15
-11
-13
-10
-7
-9
-10
-15
-17
-12
-11
-13
-17
-18
-22
-24
-24
-18
-17
-15
-15
-18
-16
-14
-16
-18
-21
-25
-22
-21
-23
-22
-22
-19
-19
-23
-19
-13
-11
-9
-10
-10
-12
-10
-10
-12
-10
-8
-5
-8
-8
-9
-12
-11
-9
-10
-10
-11
-9
-9
-3
-1
-1
2
3
9
4
1
0
-1
0
4
3
1
0
-3
-2
-3
-1
-1
0
-6
-5
-2
-5
-6
-7
-2
-5
-10
-7
-5
-6
-7
-5
-4
-5
-3
-3
0
-1
2
2
3
2
-4
1
2
2
-1
-1
-2
-7
-4
1
1
0
0
3
7
8
11
7
0
1
0
1
3
4
9
8
6
5
3
-1
-2
4
-1
-1
-2
-2
-5
-5
-5
-6
-6
-7
-5
-4
0
-4
-6
-4
-8
-10
-5
-5
-2
-3
-8
-5
-7
-3
-3
-8
-14
-15
-16
-11
-10
-15
-12
-15
-16
-13
-10
-14
-16
-11
-14
-15
-15
-15
-10
-11
-10
-7
-7
-4
-7
0
4
1
2
-3
-5
-5
-5
-5
-7
-6
-6
-1
3
1
-4
-5
-6
-4
-1
0
1
-2
-3
-1
-4
-8
-5
-7
-9
-5
-3
-5
-9
-9
-10
-10
-7
-4
2
-7
-7
-8
-10
-10
-15
-15
-14
-10
-9
-6
-5
-6
-5
0
1
0
0
-3
-4
-1
-1
-4
-10
-9
-7
-3
0
-4
0
0
-5
-7
-2
-1
0
-1
0
-2
0
4
3
3
-4
-5
2
0
0
3
3
1
-2
1
0
-5
-5
-1
1
0
-1
-2
1
-6
-3
3
-2
2
-1
-1
0
0
4
3
0
0
-1
-5
-8
-7
-7
-7
-1
-3
-4
-5
-6
-5
-6
-7
-8
-5
-6
-8
-6
-7
-5
-6
-4
-3
-4
-11
-8
-6
-7
-9
-15
-11
-10
-15
-15
-14
-15
-16
-15
-16
-18
-21
-19
-20
-22
-22
-21
-22
-22
-21
-16
-15
-15
-19
-17
-15
-19
-15
-17
-16
-18
-19
-15
-16
-15
-19
-13
-11
-14
-13
-16
-10
-12
-9
-2
-4
-4
-3
3
1
3
4
2
7
12
15
15
13
14
11
14
16
15
16
16
17
19
21
16
18
20
15
15
11
13
10
9
15
14
13
8
11
8
3
5
6
10
12
11
10
4
9
5
0
6
0
5
5
0
4
6
11
7
4
2
5
4
2
7
8
6
7
9
6
11
6
4
3
2
2
1
6
6
14
13
12
12
9
2
2
3
2
1
3
5
4
-1
-4
-1
-2
-3
2
4
-2
2
0
0
2
-1
-3
-8
-7
-9
-10
-14
-14
-17
-15
-11
-12
-13
-9
-11
-13
-9
-13
-8
-10
-6
-1
-1
-5
-6
-8
-14
-10
-7
-6
-6
1
-3
-6
-5
-5
-8
-15
-14
-10
-9
-10
-11
-11
-17
-10
-6
-11
-10
-12
-10
-13
-8
-7
-11
-15
-12
-9
-11
-10
-15
-8
-7
-8
-7
-11
-13
-10
-8
-7
-8
-13
-16
-16
-19
-21
-18
-20
-22
-18
-22
-26
-23
-14
-19
-21
-20
-21
-14
-12
-18
-19
-19
-13
-15
-14
-16
-22
-15
-15
-16
-11
-11
-13
-16
-14
-10
-15
-14
-13
-9
-6
-12
-14
-13
-10
-8
-2
0
-4
0
0
2
7
3
0
1
1
5
1
1
2
-2
1
1
3
8
4
8
12
9
12
11
7
6
1
-4
0
2
-3
-1
3
0
-1
5
4
2
5
16
16
14
18
17
14
17
18
20
18
10
18
17
19
17
14
19
18
20
18
15
15
24
20
19
16
15
17
14
10
6
9
8
9
9
12
13
13
16
16
19
19
15
14
14
9
11
12
16
15
18
19
16
20
24
27
24
19
21
20
21
27
23
20
25
17
16
19
16
17
19
20
19
22
29
26
30
25
25
28
26
21
16
21
17
16
16
17
13
16
20
17
19
11
12
14
14
16
18
12
8
10
12
13
12
12
5
10
7
6
4
4
2
4
10
8
9
2
4
0
0
1
4
3
1
3
3
-2
-1
2
1
2
-3
-2
-7
-5
-1
-1
-3
1
3
-5
-2
-3
-2
-1
0
4
3
1
1
0
5
5
1
5
1
2
8
7
5
4
3
4
1
3
5
2
6
2
6
7
4
-3
-7
-8
-6
-3
-7
-2
-2
-4
4
6
-2
-4
-6
-4
-3
-2
-9
-7
-1
0
0
-2
2
-5
-7
-3
-7
-5
-5
-6
-4
-7
-2
-3
-8
-12
-11
-7
-8
-5
-7
-4
-4
-9
-12
-12
-14
-13
-12
-15
-14
-15
-16
-13
-16
-16
-16
-18
-19
-19
-18
-11
-9
-13
-15
-13
-11
-11
-15
-13
-11
-16
-12
-14
-13
-9
-9
-7
-3
2
2
0
1
0
-1
-3
4
3
1
4
4
5
8
9
8
11
7
8
10
9
13
12
13
12
9
6
4
7
8
9
11
12
6
8
10
7
5
3
1
3
3
5
3
0
8
4
3
4
-1
0
2
2
1
4
-1
-3
3
-3
-3
-2
-5
-4
-4
-2
-2
-2
-4
-2
-2
1
8
5
-1
-3
-1
1
7
4
-1
4
7
2
10
10
-1
2
2
8
13
13
14
17
15
17
18
17
19
20
18
20
19
16
21
20
18
17
18
22
25
22
23
29
26
29
23
18
19
20
16
17
16
22
29
26
24
23
20
16
19
14
17
14
14
12
10
17
19
16
12
12
7
10
11
12
13
10
10
6
10
8
8
5
4
4
-3
1
-1
-3
1
5
2
-4
-2
-5
-9
1
-1
-4
2
-1
-7
-2
-4
-9
-6
-8
-6
-7
-7
-1
-3
-2
-7
-11
-5
-5
-8
-8
-12
-17
-15
-13
-17
-16
-19
-16
-13
-7
-7
-9
-14
-12
-8
-13
-12
-17
-13
-13
-12
-8
-16
-16
-18
-19
-19
-16
-19
-18
-16
-13
-13
-11
-6
-9
-6
-11
-10
-5
-7
-11
-14
-9
-11
-10
-9
-10
-10
-12
-7
-2
-1
-2
0
-4
-3
-6
-8
-7
-8
-11
-12
-8
-12
-9
-8
-11
-12
-11
-14
-17
-11
-13
-6
-5
-9
-9
-11
-12
-15
-18
-14
-14
-15
-16
-13
-11
-17
-16
-17
-14
-12
-10
-5
-7
-10
-11
-9
-9
-8
-11
-11
-11
-13
-15
-17
-14
-16
-14
-10
-15
-9
-6
-8
-7
-5
-5
-5
-5
-3
1
-4
-6
-9
-9
-3
-6
-7
-6
-4
-5
-2
1
1
0
0
0
3
2
1
5
-1
-1
-1
-2
1
-4
-3
4
-1
1
0
-1
6
2
-1
-6
1
4
6
7
2
2
-5
-2
3
0
0
-1
-1
0
0
-1
-1
3
1
11
8
6
11
6
6
5
-1
-4
-1
-5
3
-2
-4
2
2
9
4
6
4
2
5
5
10
10
8
5
-1
1
7
2
-3
1
-3
-8
1
0
-6
-7
-11
-14
-9
-8
-7
-4
-1
-2
-6
-7
-14
-6
-7
-10
-8
-5
-10
-15
-11
-10
-12
-14
-6
0
-1
-1
-4
-6
-4
-3
-5
-5
-11
-15
-11
-9
-8
-6
-1
-4
-3
-3
1
2
-2
-4
-3
5
5
4
4
1
5
8
4
6
5
2
9
11
12
15
13
15
12
15
21
20
20
20
25
23
25
28
24
21
23
23
27
29
25
21
21
22
19
20
19
15
12
16
21
22
17
11
13
7
11
14
9
14
13
13
15
10
10
5
5
7
3
5
6
4
5
3
3
8
10
12
13
12
8
5
10
14
16
14
10
11
12
12
9
9
8
8
16
21
18
22
18
18
16
11
12
9
11
14
11
14
12
10
10
10
11
6
5
7
9
7
5
4
3
5
6
2
3
1
-1
6
0
3
3
2
4
-5
-2
1
-3
0
4
3
4
1
-2
-2
-6
-9
-8
-6
-8
-7
-6
-1
-3
-9
-2
-2
-2
-2
-7
-8
-3
0
-6
-6
-6
-7
-7
-12
-16
-8
-8
-4
-3
-5
-7
-8
-7
-5
-6
-8
-10
-11
-11
-10
-5
-9
-10
-9
-11
-9
-13
-16
-19
-17
-11
-15
-11
-17
-22
-19
-19
-21
-24
-21
-23
-23
-21
-20
-28
-27
-16
-26
-28
-23
-22
-20
-24
-22
-20
-20
-19
-20
-20
-19
-16
-11
-15
-9
-13
-20
-14
-14
-14
-14
-14
-16
-18
-18
-17
-17
-18
-14
-21
-20
-19
-15
-11
-8
-8
-10
-5
-10
-6
-9
-13
-9
-11
-8
-9
-9
-11
-13
-10
0
-7
-8
-9
-10
-8
-7
-9
-16
-9
-11
-10
-4
-7
-8
-8
-3
-3
-2
-2
-4
-9
-6
-10
-8
-4
-10
-3
-4
-8
-6
-7
-4
-9
-11
-8
-12
-12
-9
-5
-5
-12
-11
-13
-10
-10
-6
-6
-7
-3
-3
-2
0
4
3
0
4
6
7
9
5
5
7
6
8
5
9
7
7
5
8
8
7
11
1
13
12
7
7
6
6
7
12
13
10
7
8
7
4
2
6
7
4
6
15
18
6
6
5
-2
-1
2
3
4
7
3
3
-2
0
6
10
9
7
8
6
8
10
10
9
6
6
1
1
3
-1
0
1
1
5
3
3
6
3
0
3
3
-4
-3
-3
-14
-11
-8
-6
-7
-11
-4
-3
0
-3
-3
-2
-3
0
5
-4
-2
-6
-8
-7
-15
-11
-13
-16
-10
-10
-15
-8
-7
-5
-3
-2
-7
-12
-7
-10
-12
-11
-10
-10
-16
-12
-9
-8
-5
-8
-8
0
-6
-9
-7
-6
-5
-15
-19
-18
-17
-13
-13
-13
-13
-12
-12
-12
-14
-10
-11
-12
-13
-7
-8
-15
-15
-19
-18
-19
-18
-24
-28
-26
-23
-19
-15
-7
-13
-13
-13
-15
-13
-14
-15
-21
-25
-21
-23
-20
-21
-24
-14
-14
-8
-13
-12
-6
-7
-3
-4
-1
-4
-9
-8
-10
-14
-15
-18
-17
-6
-5
-2
4
-2
2
7
6
9
9
6
7
2
-8
-1
-3
-9
-12
-13
-5
-2
2
3
4
2
4
3
1
3
-1
-7
-11
-7
-11
-13
-20
-16
-12
-16
-11
-12
-4
-1
2
4
0
-4
-10
-15
-13
-12
-15
-12
-15
-9
-7
-6
0
-7
-2
-1
0
-4
-8
-3
-7
-9
-9
-4
-11
-16
-10
-13
-9
-4
-6
1
6
4
12
12
7
6
-1
-10
-8
-12
-8
-5
-8
-3
-5
-2
9
10
13
18
13
12
8
6
3
-3
-1
-7
-6
-3
-5
1
4
5
10
9
11
9
10
14
14
18
14
9
5
6
-2
-5
-2
-8
-6
0
1
8
17
13
24
28
27
23
9
5
-3
-6
-11
-14
-10
-10
-4
1
8
17
19
23
22
16
16
13
12
8
5
1
-7
-2
-9
-5
-1
-4
8
4
12
18
24
29
23
30
19
15
15
5
5
-4
-7
-6
-9
-3
-10
-2
13
10
26
24
19
21
14
19
9
4
1
-13
-11
-19
-12
-14
-17
-6
-13
9
8
15
23
8
11
-3
3
-1
-18
-15
-25
-24
-21
-20
-7
-8
2
9
10
24
15
29
25
18
22
11
16
8
3
5
0
0
4
8
13
11
19
23
23
30
33
35
30
22
17
9
3
-1
-9
-4
-5
-1
9
8
19
20
32
38
29
36
27
16
7
-9
-13
-23
-24
-25
-32
-13
-16
-7
6
2
13
8
9
5
-2
-7
-15
-23
-25
-28
-24
-23
-28
-12
-15
-12
-2
-11
-2
-3
4
10
-1
11
-4
-4
0
-16
-4
-25
-20
-21
-29
-5
-16
3
2
-1
26
5
32
28
12
25
-9
5
-12
-21
-9
-34
-8
-18
-4
14
1
35
25
30
34
9
26
-3
-5
-10
-37
-20
-33
-22
-16
-16
8
1
9
17
9
10
-1
-9
-12
-19
-14
-25
-19
-19
-24
-14
-20
-12
-6
-10
-9
-12
-20
-14
-18
-16
-22
-27
-15
-21
-15
-17
-23
-23
-35
-35
-40
-38
-33
-31
-9
-10
-2
10
0
2
-6
-12
-20
-33
-37
-36
-30
-24
-20
-13
-5
-1
10
13
10
9
3
-7
-14
-25
-28
-33
-31
-22
-22
-1
0
12
20
16
24
12
11
2
-11
-16
-28
-23
-20
-17
-9
-6
-1
4
12
9
11
11
2
6
-3
3
-3
-6
4
-9
5
3
0
9
-2
9
4
9
16
-5
10
-4
1
11
-9
10
-6
7
10
-8
16
-6
7
7
-15
14
-6
10
17
9
34
15
29
18
3
16
-7
15
6
-4
16
3
19
17
16
31
10
23
17
5
14
-5
0
-2
-1
10
-3
12
18
11
29
14
23
28
5
31
12
11
21
1
27
9
19
23
5
29
-2
7
15
-6
32
17
28
34
17
51
20
32
27
-5
21
-12
7
13
4
42
18
43
45
34
57
28
43
18
4
12
-12
20
10
20
39
23
61
40
47
45
18
33
-4
14
0
7
33
7
41
20
25
43
15
40
7
11
11
-22
27
-4
19
31
9
49
13
31
19
0
19
-31
-5
-10
-23
25
-13
29
21
9
45
9
42
16
-1
13
-35
-15
-29
-31
1
-32
16
5
22
45
2
35
-21
-9
-8
-40
-2
-42
-19
-11
-26
22
-8
21
8
-3
29
-22
12
-20
-28
-16
-51
-16
-31
-14
2
-9
30
7
23
24
-4
17
-20
-9
-34
-39
-23
-29
9
8
34
46
43
57
32
30
9
-26
-19
-54
-29
-28
-25
16
-1
47
53
58
80
25
35
-7
-27
-22
-74
-39
-74
-52
-22
-24
40
30
44
32
7
18
-18
-28
-47
-63
-51
-62
-31
-20
7
17
31
32
17
33
-16
-5
-47
-47
-29
-67
-4
-40
8
36
-1
58
-29
10
-29
-64
-16
-107
-27
-64
-33
35
-13
80
16
42
44
-20
45
-66
-30
-73
-87
-13
-66
38
-11
34
53
17
90
-5
34
-26
-76
-27
-117
-24
-66
-44
20
-43
82
7
52
54
-28
46
-65
-14
-35
-74
8
-61
30
24
11
78
-6
42
-3
-40
-22
-97
-60
-63
-54
16
0
53
70
45
94
18
14
-24
-104
-67
-132
-84
-67
-89
17
-16
84
103
69
126
-7
24
-50
-118
-89
-218
-138
-168
-125
-4
-43
100
46
74
127
18
95
-48
-58
-73
-164
-41
-105
-11
16
-3
115
46
123
90
34
47
-65
-42
-91
-93
-46
-66
8
7
34
64
33
53
11
-9
-43
-86
-92
-86
-51
1
32
75
105
111
154
125
117
56
-20
-54
-115
-90
-91
-87
-27
-50
39
67
91
147
39
75
-41
-63
-61
-155
-78
-159
-99
-30
-44
112
71
130
166
80
180
26
57
4
-86
1
-127
-29
-50
-51
43
-14
74
43
0
36
-79
-37
-57
-105
-35
-100
-41
11
-4
111
63
81
104
-7
105
-23
5
14
-96
62
-62
60
83
18
178
14
143
70
-31
49
-195
-40
-171
-153
-67
-212
23
-68
114
193
136
274
87
156
93
7
69
-121
-52
-124
-103
42
3
188
116
160
169
85
155
6
1
-99
-182
-157
-214
-121
-97
-34
37
59
139
118
147
84
71
17
-49
-32
-132
-16
-60
41
115
61
220
67
184
107
10
76
-201
-69
-217
-191
-45
-206
70
-78
55
161
3
227
-35
17
-34
-204
-1
-211
-69
-53
-113
158
19
222
207
104
245
6
89
-11
-145
-46
-226
-112
-69
-128
91
-51
105
136
28
197
-54
37
-71
-142
-11
-146
-14
-45
-46
111
58
214
205
120
209
7
104
3
-32
9
-131
-24
-91
-19
45
27
121
56
65
69
-42
42
-98
-37
-81
-142
-30
-157
45
-24
77
121
28
148
1
90
62
-2
43
-129
-62
-106
-81
39
-63
52
-53
-7
43
10
88
-36
-55
-137
-141
-108
-82
-76
-75
-83
-64
13
30
111
42
33
-24
-63
-19
-85
-16
-65
-59
-2
-10
106
77
132
125
38
97
-63
-1
-78
-119
-7
-158
49
-59
48
161
64
297
86
174
92
-38
120
-90
50
-26
-98
105
-50
212
179
155
280
7
204
17
39
54
-156
10
-167
4
23
22
139
28
129
65
70
56
-51
-64
-139
-118
-83
-92
-18
-54
18
40
31
84
-65
-37
-183
-202
-181
-272
-147
-245
-160
-89
-106
68
-17
6
4
-164
-21
-219
-154
-184
-311
-91
-249
21
-2
39
170
15
177
58
62
50
-91
-34
-113
-73
10
-17
130
98
208
239
243
280
188
204
114
149
92
122
88
148
196
250
365
327
418
334
380
347
295
300
144
180
94
130
226
147
327
154
282
247
189
331
19
183
-131
-84
-109
-254
-64
-308
-153
-230
-249
-118
-283
-207
-333
-463
-393
-622
-497
-645
-627
-569
-623
-433
-488
-342
-388
-312
-354
-306
-372
-393
-423
-515
-390
-475
-295
-314
-244
-140
-165
-15
-22
-34
-1
-154
-77
-172
-119
-46
-80
82
70
281
325
501
486
572
540
536
615
453
628
431
581
584
552
795
592
807
709
616
818
445
694
391
342
472
116
543
197
423
453
291
675
388
639
589
428
691
388
642
594
469
739
374
690
498
496
579
215
355
-2
-78
-195
-519
-544
-877
-1031
-1113
-1428
-1299
-1587
-1537
-1558
-1725
-1470
-1735
-1475
-1613
-1585
-1447
-1651
-1370
-1530
-1356
-1230
-1268
-911
-978
-686
-559
-545
-234
-396
-198
-282
-408
-285
-554
-418
-478
-552
-302
-459
-135
-53
-31
333
105
398
323
246
531
239
589
543
581
1024
843
1425
1384
1491
1792
1412
1800
1409
1428
1391
973
1205
827
973
1016
898
1225
1017
1232
1262
1177
1420
1182
1372
1271
1283
1430
1375
1621
1613
1751
1804
1829
1859
1833
1740
1633
1450
1274
1108
827
695
372
195
-89
-412
-624
-1055
-1256
-1661
-1957
-2174
-2555
-2594
-2904
-2927
-2978
-3111
-2938
-3150
-2982
-3065
-3067
-2895
-3041
-2784
-2875
-2713
-2528
-2472
-2110
-2063
-1815
-1665
-1602
-1360
-1313
-1137
-1013
-985
-715
-594
-273
66
276
712
842
1188
1440
1545
1867
1761
1953
1964
1934
2267
2045
2378
2239
2242
2458
2030
2366
1782
1727
1450
878
1034
282
418
46
-198
33
-421
-10
-282
-282
-125
-533
-145
-515
-375
-344
-535
-57
-169
383
587
860
1315
1390
1867
1947
2118
2156
2002
2052
1870
1931
1813
1757
1733
1557
1641
1419
1439
1141
860
580
117
-14
-428
-588
-827
-1059
-1005
-1098
-961
-933
-1025
-927
-1172
-1092
-1289
-1442
-1534
-1902
-1842
-2098
-1958
-1992
-2022
-1936
-2069
-1931
-2013
-2082
-2181
-2520
-2617
-2879
-2999
-2998
-3251
-3052
-3261
-2981
-2811
-2577
-2110
-2025
-1512
-1255
-684
-183
286
694
1140
1465
1959
2309
2540
2922
2803
3207
3085
3290
3410
3155
3322
2843
2799
2559
2069
1926
1125
825
350
-172
-184
-844
-749
-1092
-1164
-945
-1176
-758
-947
-735
-570
-522
-29
55
472
767
1066
1709
2003
2584
2854
3107
3406
3413
3633
3464
3402
3160
2850
2640
2293
2098
1737
1350
978
498
234
-228
-593
-993
-1461
-1618
-2016
-2027
-2266
-2316
-2349
-2476
-2349
-2470
-2356
-2419
-2453
-2442
-2463
-2365
-2290
-2273
-2140
-2203
-2052
-2109
-2137
-2180
-2429
-2410
-2747
-2722
-2985
-2992
-3062
-3168
-3021
-3055
-2727
-2566
-2235
-1845
-1491
-921
-459
20
649
931
1614
1858
2334
2785
2958
3590
3542
4019
4030
4138
4275
3980
3939
3494
3089
2680
2044
1636
1105
578
291
-298
-384
-734
-841
-944
-1177
-1149
-1305
-1247
-1227
-1154
-1001
-733
-502
26
347
963
1407
1899
2446
2765
3232
3366
3584
3547
3611
3472
3440
3157
2966
2654
2319
2048
1528
1232
584
188
-400
-793
-1164
-1442
-1699
-1907
-2042
-2114
-2076
-2144
-2105
-2270
-2240
-2373
-2342
-2412
-2397
-2421
-2377
-2332
-2271
-2110
-2130
-2015
-2164
-2118
-2277
-2363
-2562
-2841
-3015
-3243
-3387
-3525
-3682
-3724
-3694
-3593
-3267
-3046
-2473
-2147
-1511
-973
-393
402
814
1534
1844
2425
2942
3329
3870
3985
4341
4508
4595
4796
4564
4562
4197
3849
3522
2908
2585
1811
1287
608
29
-333
-832
-1139
-1570
-1760
-1917
-1967
-2026
-2130
-2165
-2158
-2044
-1826
-1572
-1184
-810
-274
405
1130
2137
2781
3520
4003
4410
4955
5007
5189
4846
4526
4383
3853
3857
3320
2944
2664
1919
1895
1162
922
375
-498
-711
-1650
-1661
-2161
-2595
-2667
-3215
-2882
-3018
-2850
-2702
-2965
-2679
-2908
-2776
-2719
-2965
-2853
-3184
-3099
-3059
-3004
-2831
-3056
-3024
-3170
-3156
-3157
-3372
-3582
-3897
-4058
-4197
-4132
-4131
-4033
-3778
-3500
-2847
-2259
-1458
-781
-192
611
1100
1992
2537
3022
3618
3781
4408
4622
5015
5267
5151
5391
5075
5105
4912
4399
4117
3277
2763
2077
1309
792
-148
-572
-1216
-1640
-1786
-2247
-2220
-2445
-2466
-2365
-2375
-2135
-2062
-1831
-1527
-1225
-625
-130
566
1413
2246
3248
4122
4819
5378
5776
5939
5988
5683
5389
4855
4448
4056
3541
3324
2792
2475
2070
1612
1208
644
40
-621
-1309
-1846
-2425
-2877
-3243
-3600
-3619
-3672
-3572
-3478
-3431
-3414
-3355
-3378
-3345
-3413
-3473
-3529
-3686
-3549
-3652
-3548
-3563
-3733
-3641
-3800
-3753
-3809
-4003
-3990
-4341
-4259
-4340
-4294
-3879
-3776
-3092
-2571
-1847
-895
-282
681
1237
1878
2641
2881
3736
3874
4370
4794
4834
5469
5256
5655
5445
5303
5317
4688
4583
3785
3070
2424
1331
788
-245
-922
-1541
-2336
-2431
-3088
-2969
-3149
-3170
-2976
-3057
-2732
-2660
-2337
-2122
-1817
-1361
-809
-135
805
1739
2974
4108
5223
6001
6705
7079
7265
7286
6656
6380
5413
5154
4320
3907
3469
2688
2698
1772
1719
1005
477
42
-952
-1269
-2282
-2661
-3170
-3829
-3642
-4167
-3669
-3710
-3511
-3093
-3342
-2680
-3184
-2844
-3164
-3418
-3232
-3776
-3496
-3800
-3765
-3629
-3902
-3649
-4028
-4123
-4172
-4790
-4551
-5326
-5276
-5492
-5533
-4904
-4724
-3647
-3168
-2097
-1153
-210
848
1665
2364
3089
3540
4128
4665
5071
5538
5669
6030
6007
6283
6190
6130
5770
5382
4746
4058
3259
2156
1289
77
-761
-1716
-2313
-2953
-3329
-3631
-3758
-3739
-3559
-3418
-3255
-2977
-2869
-2381
-2163
-1640
-1218
-575
109
996
2152
3379
4712
5857
6649
7283
7849
8028
8082
7453
6750
5922
5312
4748
4094
3583
2855
2433
2049
1544
1141
482
-221
-995
-1771
-2400
-3068
-3480
-4075
-4276
-4326
-4152
-3883
-3696
-3547
-3540
-3243
-3283
-3235
-3340
-3620
-3598
-3763
-3696
-3706
-3802
-3583
-3986
-3757
-4089
-4267
-4145
-4860
-4715
-5433
-5382
-5404
-5420
-4695
-4624
-3530
-2782
-1898
-609
115
1322
2120
2733
3494
3805
4571
4890
5272
5703
5698
6190
6272
6370
6453
6174
5982
5455
4833
4072
3065
2142
850
-186
-1183
-2102
-2687
-3359
-3743
-4070
-4002
-3921
-3754
-3447
-3359
-2982
-2714
-2432
-1891
-1545
-894
-443
348
1469
2671
4446
5450
6460
7257
7823
8551
8530
7977
7218
6072
5612
4803
4203
3669
2451
2523
1534
1635
1201
434
118
-1319
-1457
-2496
-2796
-3426
-4388
-4455
-4919
-4395
-4094
-3908
-3631
-3744
-3173
-3095
-2765
-2804
-3348
-3360
-3871
-3439
-3535
-3527
-3678
-4151
-3763
-4001
-3709
-3980
-4632
-4728
-5395
-5216
-5587
-5752
-5483
-5526
-4503
-4059
-2844
-1825
-751
482
1464
2568
3444
4328
4841
5401
5591
6186
6349
6614
6653
6590
6728
6688
6582
6383
5736
5085
4181
3077
2174
628
-201
-1736
-2539
-3384
-3977
-4145
-4610
-4384
-4440
-3975
-3751
-3432
-3038
-2747
-2334
-1899
-1580
-944
-366
740
1657
2951
4312
5445
6895
7527
8370
8561
8626
8303
7647
6834
5944
5031
4448
3507
2998
2465
1743
1619
685
508
-370
-908
-1681
-2643
-3099
-4002
-4264
-4638
-4963
-4722
-4708
-4277
-3988
-3817
-3323
-3502
-2938
-3313
-3199
-3276
-3628
-3364
-3723
-3461
-3586
-3587
-3517
-3750
-3663
-3830
-4304
-4328
-5084
-5149
-5450
-5796
-5539
-5715
-4926
-4415
-3607
-2501
-1733
-325
858
1748
3198
3528
4659
5228
5576
6434
6104
6961
6683
6910
7196
6733
7270
6634
6435
5996
4803
4420
2850
1973
584
-941
-1545
-3169
-3405
-4364
-4630
-4600
-4916
-4244
-4324
-3639
-3291
-3010
-2305
-2284
-1570
-1182
-738
202
716
2210
3229
4860
6477
7528
8893
9223
9866
9879
9368
8656
7272
6155
5015
3944
3294
2123
1561
930
348
277
-543
-810
-1772
-2534
-3160
-4061
-4394
-5353
-5706
-5965
-6153
-5591
-5543
-4969
-4729
-4396
-3799
-3750
-3230
-3589
-3489
-3664
-3860
-3657
-4023
-3966
-4290
-4322
-4260
-4527
-4449
-4894
-5031
-5011
-5502
-5058
-5586
-5193
-4991
-4618
-3365
-3190
-1565
-1156
345
1773
2657
4312
4496
5551
6045
6503
7205
6895
7232
6946
6782
7197
6700
7004
6257
5743
5295
4210
3824
2262
1243
-230
-1606
-2282
-3493
-3950
-4613
-5026
-4857
-4906
-4046
-3731
-3159
-2614
-2466
-1523
-1417
-638
-326
6
741
1348
2905
4159
5809
7257
8055
9203
9794
10400
10409
9363
8464
6876
6090
4937
3933
3127
1697
1321
574
452
134
-495
-1023
-2076
-2563
-3203
-3860
-4432
-5538
-5934
-6225
-6144
-5652
-5542
-5083
-4995
-4354
-3848
-3494
-3252
-3586
-3755
-3956
-3916
-3894
-3935
-4245
-4465
-4509
-4479
-4304
-4468
-4738
-5113
-5383
-5271
-5558
-5368
-5399
-5081
-4251
-3798
-2497
-1653
-7
1541
2646
3990
4545
5776
6499
6801
7145
6725
6987
6915
6976
7225
6719
7101
6564
6471
6056
5119
4578
2912
1871
308
-936
-1997
-3461
-4134
-5065
-5364
-5203
-5227
-4594
-4419
-3764
-3181
-2775
-1866
-1697
-967
-859
-422
523
1344
2817
3896
5181
6440
7690
9142
9703
10025
9751
9061
8620
7356
6451
5034
3856
2895
1902
1470
504
240
-441
-1048
-1470
-2182
-2623
-3504
-4246
-4939
-5462
-5638
-5948
-5808
-5755
-5491
-4897
-4445
-3864
-3525
-3152
-3211
-3231
-3300
-3380
-3486
-3902
-4280
-4507
-4584
-4578
-4657
-4824
-5004
-5185
-4909
-5270
-5244
-5711
-5795
-5486
-5425
-4475
-4249
-3084
-2181
-649
1289
2550
4177
4885
5900
6733
7218
7731
7393
7169
6907
6723
7078
6829
6962
6643
6315
6214
5540
5149
3873
2558
1075
-541
-1661
-3093
-4092
-5072
-5786
-5636
-5537
-4763
-4286
-3687
-2872
-2303
-1307
-969
-479
-370
-132
525
1210
2353
3422
4593
5942
7258
8734
9683
10160
10207
9538
9008
7769
6787
5317
3948
2760
1582
1102
238
31
-618
-985
-1474
-1914
-2331
-3162
-3788
-4697
-5198
-5686
-5952
-6038
-6039
-5709
-5277
-4659
-4024
-3712
-3167
-3138
-3047
-3079
-3246
-3290
-3724
-3782
-4161
-4232
-4248
-4409
-4369
-4529
-4889
-4897
-5204
-5165
-5393
-5648
-5546
-5668
-4637
-4272
-3259
-2396
-1426
454
1873
3497
4320
5138
6105
6651
7385
7319
7111
7165
6759
7175
7019
7165
7009
6625
6496
5664
5402
4343
3122
1635
-74
-1326
-2605
-3706
-4718
-5579
-5794
-5908
-5371
-4792
-4266
-3431
-2987
-2179
-1696
-887
-447
-130
288
763
2011
3311
4721
5878
6967
8239
9334
10264
10366
9865
9204
7976
7077
5779
4655
3297
2010
1126
190
-5
-591
-1021
-1737
-2403
-2807
-3284
-3815
-4694
-5410
-5912
-6222
-6146
-6046
-5811
-5409
-4909
-4267
-3732
-3067
-2806
-2625
-2869
-2988
-3054
-3155
-3265
-3748
-4012
-4529
-4556
-4528
-4652
-4826
-5395
-5547
-5601
-5609
-5391
-5751
-5567
-5407
-4798
-3689
-3135
-1752
-819
816
2414
3407
4889
5396
6445
7030
7171
7662
7221
7595
7350
7258
7445
6900
7209
6499
6147
5468
4458
3754
2193
1000
-616
-2008
-3103
-4387
-5055
-5699
-5908
-5713
-5511
-4701
-4106
-3146
-2430
-1781
-976
-562
156
404
1026
1731
2676
3883
4904
6366
7826
9241
10299
10580
10817
10555
9981
8994
7183
5813
4037
2979
1825
610
-55
-1091
-1127
-1680
-1843
-2111
-2804
-3139
-4093
-4445
-5054
-5576
-5991
-6518
-6358
-6177
-5474
-4861
-4324
-3652
-3051
-2333
-2112
-1968
-2202
-2488
-2769
-3271
-3551
-4158
-4530
-4923
-5231
-5237
-5526
-5439
-5586
-5799
-5874
-6152
-6010
-5965
-5663
-5193
-4807
-3923
-2785
-1112
769
2162
3320
4387
5501
6750
7401
7615
7401
7156
7399
7385
7592
7436
7048
6974
6536
6321
5800
4904
3742
2053
738
-763
-2085
-3316
-4889
-5705
-6307
-6264
-5855
-5401
-4663
-4022
-2988
-2137
-1272
-421
-111
258
593
1178
2190
3264
4420
5351
6843
8334
9753
10768
10911
10912
10345
9716
8371
7048
5353
3668
2411
1040
177
-676
-1081
-1755
-2121
-2457
-2761
-2971
-3646
-4338
-5020
-5466
-5887
-6154
-6202
-6195
-5738
-5005
-4502
-3613
-3033
-2355
-2130
-2083
-2052
-2353
-2266
-2912
-3234
-3665
-4096
-4300
-4535
-4779
-5091
-5205
-5373
-5450
-5729
-5765
-6133
-5919
-5781
-5710
-4903
-4689
-3486
-2358
-787
988
2072
3743
4461
5840
6827
7115
7741
7330
7452
7424
7390
7613
7187
7278
6826
6462
6311
5287
4802
3353
1939
580
-1038
-2061
-3646
-4519
-5552
-6016
-5784
-5652
-4894
-4316
-3552
-2604
-1724
-859
-301
149
515
920
1715
2432
3396
4518
5822
7340
8751
9787
10349
10913
10609
10269
8975
7565
6075
4280
3208
1193
584
-928
-1437
-1762
-2585
-2165
-3180
-2795
-3821
-3980
-4448
-5372
-5346
-6611
-6322
-6699
-6264
-5723
-5439
-4336
-4013
-2754
-2222
-2062
-1549
-2242
-1914
-2543
-2847
-3227
-4273
-4051
-5130
-4633
-5020
-5377
-5018
-5899
-5337
-5892
-5777
-5610
-6036
-5108
-5452
-4279
-3366
-2565
-457
348
2393
3256
4581
5939
6508
7623
7331
7696
7741
7612
7978
7715
7694
7485
7284
7237
6541
6142
4969
3856
2499
898
-371
-1966
-3250
-4607
-5281
-5833
-5868
-5544
-5138
-4462
-3652
-2746
-1834
-1086
-384
110
685
1338
1957
3088
3865
5141
6386
7684
8860
9686
10309
10453
10242
9658
8542
7325
5977
4302
3117
1415
439
-651
-1496
-2042
-2832
-2933
-3620
-3817
-4278
-4943
-5174
-5893
-6132
-6541
-6824
-6593
-6553
-5745
-5476
-4616
-3786
-3257
-2339
-2291
-1895
-2007
-1975
-2209
-2770
-3256
-3909
-4222
-4430
-4921
-5311
-5525
-5916
-5582
-5816
-5758
-5907
-5914
-5297
-5246
-4370
-4114
-3330
-2042
-1126
676
1787
2988
4234
5125
6560
7002
7647
7879
7630
8107
7725
7991
7752
7276
7134
6401
6192
5337
4579
3599
2034
947
-541
-1686
-2755
-3964
-4673
-5476
-5437
-5300
-4791
-4115
-3656
-2680
-2047
-1046
-353
308
867
1344
2212
3071
4296
5668
6957
8171
9075
9928
10689
10764
10543
9282
8135
6755
5445
4247
2456
1201
-258
-871
-1464
-1930
-2208
-2828
-3235
-3685
-4044
-4409
-5008
-5754
-6387
-6973
-6955
-6864
-6461
-6010
-5624
-4729
-3948
-3103
-2389
-2146
-1950
-2131
-2381
-2483
-3111
-3359
-4151
-4645
-4792
-5368
-5158
-5784
-5776
-5908
-6068
-5559
-5823
-5053
-4964
-4368
-3625
-3106
-1702
-810
686
1566
2510
3695
4681
5915
6436
6796
7135
7283
7756
7771
7814
7615
7151
7075
6300
6083
5217
4371
3330
1885
1035
-268
-1164
-2491
-3618
-4309
-4967
-5009
-5034
-4971
-4488
-4168
-3240
-2528
-1583
-564
29
1023
1569
2900
4149
5269
6256
7025
7972
8937
9601
9920
9592
9065
8556
7661
7067
5707
4690
3313
2094
1189
293
-311
-1324
-2105
-2894
-3383
-3765
-4188
-4910
-5471
-6060
-6173
-6315
-6346
-6398
-6361
-5924
-5666
-4834
-4393
-3769
-3521
-3235
-2849
-2646
-2356
-2701
-3103
-3546
-3948
-4168
-4462
-4930
-5374
-5786
-5911
-5916
-5758
-5618
-5476
-5220
-4805
-4339
-3448
-2690
-1928
-784
109
1634
2585
3789
4768
5515
6589
6761
7501
7548
7611
7853
7407
7521
6989
6773
6320
5401
5017
3898
3388
2349
1123
270
-1182
-1965
-3129
-3923
-4496
-5153
-5064
-5274
-4850
-4259
-3765
-2787
-2318
-1286
-428
434
1386
1950
3248
4294
5827
7067
8036
9053
9705
10449
10514
10269
9470
8502
7406
6244
5068
3791
2519
1246
316
-507
-1034
-1694
-2377
-3020
-3667
-3989
-4552
-5144
-5838
-6520
-6759
-7098
-6983
-6918
-6653
-6072
-5645
-4690
-4105
-3431
-3107
-2947
-2781
-2757
-2776
-3226
-3629
-4158
-4227
-4465
-4470
-4759
-5061
-5030
-5379
-5114
-5263
-5166
-4938
-4966
-4402
-4059
-3127
-2087
-1224
283
1152
2644
3737
4659
5837
6120
6966
6905
7289
7347
7264
7516
6975
7080
6686
6527
6171
5357
4719
3686
2879
1858
583
-441
-1902
-2743
-3652
-4372
-4582
-5040
-4737
-4816
-4245
-3722
-3052
-2137
-1692
-716
-47
882
1855
2799
4012
5300
6596
7756
8603
9518
10051
10326
10155
9333
8697
7673
6704
5528
4230
3063
1914
1062
116
-634
-1283
-2046
-2621
-3307
-3869
-4415
-5045
-5737
-6454
-6738
-7075
-7081
-7122
-7021
-6556
-6026
-5267
-4745
-4075
-3617
-3259
-2905
-2891
-2781
-2976
-3293
-3679
-4095
-4233
-4554
-4707
-5013
-5267
-5234
-5346
-5308
-5343
-5174
-4834
-4511
-4073
-3704
-2940
-1881
-746
513
1548
2674
3661
4800
5695
6355
6904
6966
7208
7133
7244
7207
7020
6746
6150
5902
5381
4823
4117
3051
2170
1144
198
-803
-1906
-2713
-3673
-4089
-4518
-4663
-4435
-4377
-3863
-3398
-2591
-1801
-1097
-331
307
1224
2151
3015
4299
5620
7194
8630
9521
10389
10997
11408
11234
10403
9120
7757
6412
5252
3715
2474
1106
-19
-487
-1388
-1503
-2223
-2650
-3325
-3988
-4283
-5190
-5556
-6728
-7295
-7627
-7812
-7412
-7347
-6781
-6352
-5415
-4397
-3725
-2822
-2802
-2581
-2555
-2695
-2631
-3140
-3547
-4380
-4631
-4600
-4656
-4450
-5087
-5309
-5384
-5351
-5014
-5198
-4899
-5141
-4586
-4048
-3283
-1774
-934
590
1300
2708
3853
5217
6253
6362
6873
6783
7313
7394
7405
7138
6772
6593
6335
6146
5792
4914
4094
2974
1996
1211
4
-1011
-2560
-3402
-4213
-4444
-4589
-4797
-4669
-4522
-3898
-3173
-2250
-1487
-767
-246
494
1409
2629
3751
4875
5861
7121
8481
9714
10627
10857
10890
10426
9978
9083
7987
6708
5182
3804
2525
1434
666
-326
-1160
-2075
-2616
-2967
-3523
-4031
-5078
-5664
-6420
-6744
-7153
-7422
-7497
-7532
-7065
-6678
-5880
-5199
-4551
-3984
-3566
-3067
-2725
-2658
-2575
-2892
-2959
-3336
-3780
-4005
-4421
-4349
-4689
-4950
-5159
-5448
-5324
-5510
-5563
-5362
-5283
-4605
-4278
-3436
-2339
-1020
693
1771
3051
4033
5264
6332
6969
7218
7241
7306
7350
7410
7307
7174
6942
6719
6480
6085
5596
4863
3755
2729
1387
413
-871
-2131
-3244
-4262
-4563
-5035
-4931
-4886
-4506
-3881
-3225
-2376
-1649
-866
-216
385
1054
1840
2718
3814
4927
6491
8104
9629
10668
11391
11877
11905
11590
10330
8835
7031
5497
3954
2386
1046
-391
-1088
-1781
-2203
-2448
-2940
-3242
-3887
-4395
-4990
-5792
-6421
-7437
-7925
-8196
-8192
-7729
-7409
-6725
-5993
-5003
-4097
-3349
-2852
-2654
-2621
-2658
-2797
-3135
-3378
-4056
-4347
-4669
-4772
-4743
-5109
-5200
-5527
-5397
-5513
-5695
-5668
-5727
-5210
-4856
-4318
-3491
-2324
-591
940
2268
3311
4482
5877
6779
7361
7416
7410
7512
7569
7695
7630
7539
7206
6989
6656
6278
5760
4834
3619
2220
1097
-150
-1329
-2690
-3935
-4643
-5113
-5223
-5066
-4736
-4198
-3590
-2735
-1898
-964
20
458
1132
1612
2596
3878
5112
6292
7221
8688
9873
11034
11646
11440
11080
10336
9281
8161
6632
5147
3430
2063
834
-302
-746
-1863
-2447
-3246
-3727
-3929
-4521
-5158
-6188
-6658
-7089
-7352
-7405
-7558
-7455
-6963
-6512
-5680
-4904
-4172
-3527
-3151
-2875
-2735
-2501
-2550
-2864
-3352
-3702
-4221
-4231
-4596
-4812
-4906
-5458
-5286
-5627
-5586
-5740
-6159
-5863
-6131
-5549
-5068
-4779
-3524
-2978
-1086
480
1785
3509
4016
5744
6482
7310
8014
7480
7998
7458
7637
7741
7150
7462
6680
6672
6152
5427
5152
3655
2810
1184
-100
-1080
-2617
-3429
-4714
-5130
-5361
-5346
-4596
-4399
-3427
-2751
-1846
-747
-115
832
1111
1795
2401
3313
4823
5868
7423
8730
9998
11019
11660
11944
11498
10883
9293
7896
6185
4634
2983
1510
254
-1216
-1354
-2384
-2409
-3032
-3478
-3707
-4456
-4563
-5856
-6008
-7114
-7579
-7589
-7887
-7225
-7037
-6101
-5451
-4335
-3124
-2698
-1785
-2021
-1912
-1779
-2248
-2297
-3322
-3582
-4452
-4700
-4729
-5348
-5031
-5694
-5774
-5678
-5782
-5446
-5815
-5914
-5854
-5729
-4747
-4554
-3558
-2514
-1263
881
2000
3540
4668
5801
7059
7455
7995
8058
7983
8327
7831
8023
7744
7395
7380
6479
6260
5317
4583
3459
1893
841
-741
-1809
-3087
-4336
-4880
-5564
-5496
-5345
-4837
-4044
-3419
-2299
-1743
-637
171
773
1496
1772
2782
3713
5135
6370
7581
9167
9940
11127
11415
11409
11113
10000
8838
6999
5606
3820
2398
957
-647
-1541
-2284
-2829
-3267
-3679
-4180
-4483
-4967
-5526
-6156
-6640
-7291
-7599
-7649
-7537
-6997
-6271
-5617
-4735
-3683
-2894
-2055
-1895
-1750
-1872
-1857
-2183
-2767
-3240
-4052
-4410
-4686
-4840
-5071
-5290
-5550
-5544
-5512
-5691
-5835
-6121
-6071
-5812
-5493
-4784
-4259
-2697
-1102
567
2308
3103
5096
5969
7298
7903
7786
8469
7922
8616
8315
8241
8346
7728
8092
7337
7085
6558
5303
4398
2487
1326
-219
-1841
-3026
-4711
-5162
-5962
-5859
-5524
-5205
-4194
-3712
-2420
-1809
-819
79
450
1212
1345
2307
3094
4053
5361
6501
8432
9600
10674
11366
11421
11655
10837
9686
7883
5892
4425
2596
1239
-378
-1692
-2259
-3068
-3200
-3610
-3736
-4004
-4618
-4906
-5707
-5919
-6738
-7378
-7806
-8003
-7491
-7030
-6127
-5517
-4381
-3321
-2385
-1722
-1501
-1438
-1693
-2078
-2770
-3387
-4142
-4893
-5473
-5779
-5978
-5951
-6128
-6017
-6072
-5843
-5655
-5736
-5333
-5625
-4905
-4725
-3912
-2774
-1765
144
979
2701
3874
5345
6823
7319
8110
8154
8536
8832
8722
8729
8256
8034
7834
7314
7044
6187
5457
4288
2932
1751
266
-974
-2624
-3864
-4897
-5509
-5715
-5855
-5483
-4959
-4068
-3072
-2143
-1073
-279
590
1132
1606
2464
3079
4022
4725
5871
7423
8904
10161
10630
11035
11107
10888
10231
8644
6897
5065
3366
1900
355
-817
-2056
-2608
-3292
-3480
-3465
-3779
-3963
-4715
-4913
-5569
-5758
-6485
-7175
-7319
-7508
-6785
-6289
-5465
-4778
-3795
-2800
-2203
-1479
-1361
-1481
-1846
-2676
-3198
-3849
-4487
-5359
-6011
-6193
-6473
-6112
-6338
-6578
-6518
-6518
-6071
-5859
-5705
-5465
-5095
-4135
-3113
-1406
254
1201
2563
3702
5286
6905
7635
8156
8133
8408
8956
9071
9416
8616
8439
8231
7624
7729
6679
6022
4463
2978
1785
240
-792
-2689
-4100
-5198
-6036
-5825
-5831
-5563
-5287
-4666
-3519
-2592
-1223
-619
211
693
1294
2369
3254
4410
5041
6274
7511
8965
10441
10824
11044
10823
10287
9949
8378
7031
4962
3285
1965
180
-326
-1997
-2412
-3300
-3926
-3824
-4355
-4221
-5122
-5515
-6077
-6463
-6473
-7041
-7073
-7040
-6676
-5774
-5064
-4053
-3444
-2535
-2085
-1712
-1307
-1702
-1791
-2746
-3190
-3922
-4385
-4911
-5601
-5747
-6295
-6263
-6400
-6461
-6609
-6625
-6674
-6453
-6161
-5788
-5202
-4546
-3308
-1902
-126
1385
2605
4104
5448
6788
7987
8283
8817
8741
9037
9299
9033
9276
8489
8599
8052
7595
7304
6018
5293
3515
2222
754
-973
-2136
-3984
-4925
-5852
-6300
-6077
-6203
-5309
-4817
-3694
-2531
-1745
-375
48
1007
1417
2055
2948
3437
4743
5658
7412
9021
10047
10953
11218
11529
11348
10400
8810
6801
4950
3366
1633
384
-1260
-2346
-2901
-3619
-3413
-3838
-3862
-4360
-4852
-5030
-5631
-5726
-6708
-7221
-7537
-7553
-6825
-6246
-5364
-4662
-3637
-2498
-1646
-758
-860
-1066
-1705
-2470
-2822
-3749
-4295
-5575
-6184
-6527
-6794
-6413
-6960
-7013
-7361
-7280
-6697
-6509
-6038
-6025
-5614
-4721
-3673
-1876
-423
862
2061
3334
5182
6856
8020
8503
8649
8917
9474
9748
9910
9324
8792
8460
8001
7982
7203
6412
4981
3465
2277
944
-204
-1965
-3626
-4930
-5768
-5932
-5968
-5853
-5563
-5018
-3918
-2809
-1443
-465
300
925
1369
2419
3156
4119
4639
5598
7061
8536
10159
10824
11260
11318
11092
10570
9388
7559
5697
3499
1974
324
-892
-1831
-3263
-3381
-4223
-3789
-3928
-4183
-4318
-5318
-5198
-6060
-6047
-6687
-7235
-7033
-7089
-6124
-5419
-4383
-3469
-2754
-1786
-1328
-745
-772
-1321
-1844
-2838
-3371
-4082
-4796
-5640
-6341
-6573
-6966
-6902
-7159
-7329
-7436
-7617
-7405
-7203
-6681
-6545
-6018
-5139
-3754
-1537
56
1554
2765
4554
6318
7764
8585
8772
9101
9253
9532
9614
9743
9190
8994
8477
8181
7983
7260
6364
4655
3343
1808
439
-1145
-3099
-4579
-5770
-6564
-6593
-6603
-6056
-5517
-4608
-3367
-2308
-704
31
942
1243
1813
2666
3394
4237
4943
6376
7906
9505
10656
11424
11792
11989
11479
10393
8676
6827
4905
2922
1145
-623
-1751
-2890
-3586
-4127
-4221
-4222
-4326
-4496
-4946
-5164
-5544
-6044
-6727
-7147
-7218
-6975
-6541
-5963
-5115
-3917
-2870
-1964
-1258
-903
-676
-965
-1437
-2345
-2978
-3734
-4655
-5295
-6044
-6207
-6528
-6752
-7070
-7418
-7465
-7672
-7404
-7271
-7171
-6731
-6288
-5168
-3546
-1659
194
1294
2816
4455
6350
7896
8205
8707
8612
9063
9433
9453
9553
8823
8794
8437
8264
8131
7288
6433
4740
3294
1963
395
-1173
-3374
-4871
-6051
-6656
-6547
-6675
-6231
-5821
-4654
-3365
-2127
-755
17
938
1385
2075
3011
3545
4150
4590
5880
7614
9273
10812
11110
11861
11917
11999
11224
9248
7451
4797
3299
1068
-203
-1686
-3115
-3718
-4540
-4056
-4176
-3805
-4273
-4645
-4808
-5204
-5311
-6226
-6852
-7317
-7303
-6732
-6216
-5097
-4409
-3317
-2151
-1525
-346
-532
-353
-1370
-2134
-2769
-3875
-4170
-5807
-6237
-6840
-7099
-6756
-7093
-7245
-7500
-7678
-7041
-7185
-6639
-6548
-6555
-5012
-4530
-1756
-419
983
2634
3638
6372
7290
8759
9025
8734
9530
9216
9777
9687
8791
8912
7867
8095
7680
7109
6674
4437
3854
1919
901
-583
-2817
-4013
-5941
-6205
-6730
-6656
-6254
-6249
-4954
-4094
-2629
-1110
-290
924
1059
2126
2746
3453
4267
4255
5574
6501
8555
9923
10701
11278
11250
11635
11003
9857
7973
5802
3738
1880
228
-1145
-2549
-3607
-4383
-4678
-4343
-4206
-4164
-4461
-4805
-4865
-5055
-5482
-6079
-6697
-6736
-6606
-5871
-5206
-4433
-3390
-2629
-1612
-967
-422
-451
-864
-1610
-2460
-3188
-4039
-4849
-5830
-6617
-7150
-7258
-7236
-7365
-7573
-7697
-7771
-7454
-7069
-6695
-6307
-6067
-4999
-3739
-1646
237
1679
3325
4539
6634
8195
9299
9718
9622
9805
9739
9943
9863
9336
8808
8180
7759
7634
6931
6164
4703
3217
1733
285
-998
-2917
-4413
-5946
-6757
-7003
-6848
-6363
-5886
-4944
-3809
-2295
-669
401
1313
1740
2186
2938
3504
4127
4304
5288
6553
8191
9835
10662
11350
11660
11664
11149
9928
7975
5785
3465
1488
-453
-1826
-3149
-4428
-4773
-5133
-4641
-4337
-4357
-4300
-4740
-4597
-5114
-5478
-5979
-6761
-6468
-6647
-5868
-5238
-4433
-3367
-2763
-1583
-1163
-690
-786
-1375
-1982
-2754
-3464
-4255
-5232
-6113
-6698
-6912
-7016
-7327
-7527
-7819
-7852
-7772
-7474
-7351
-6854
-6439
-5708
-4383
-2872
-640
936
2533
3827
5496
7307
8412
9143
9252
9358
9603
9870
9876
9801
9285
8996
8571
8222
7816
6883
5796
4068
2515
1069
-523
-2118
-3934
-5454
-6379
-6842
-6618
-6450
-5846
-5156
-4041
-2641
-1485
-32
658
1382
1697
2215
2902
3348
3902
4116
5034
6474
8015
9777
10634
11144
11604
11486
11198
9815
7974
5511
3115
1080
-912
-2282
-3589
-4843
-5346
-5553
-5209
-4512
-4505
-4377
-4766
-4583
-4860
-4998
-5384
-6167
-6103
-6259
-5486
-4900
-3895
-3169
-2507
-1695
-1183
-520
-543
-1189
-2039
-2885
-3512
-4057
-4979
-5839
-6931
-7167
-7234
-7200
-7201
-7660
-7842
-8034
-7666
-7397
-6854
-6700
-6400
-5522
-4245
-1940
-205
1967
3094
4566
6703
7964
9891
9707
9992
9798
9638
10395
9696
10038
9052
8549
8566
7760
7952
6679
5421
3724
1631
760
-1335
-2569
-4613
-6269
-6673
-7281
-6304
-6087
-5126
-4294
-3183
-1420
-312
1123
1574
1792
2112
2304
3125
3385
3810
4262
4943
6708
8107
10059
10566
10969
10975
10556
10375
8529
6804
4015
1706
-178
-1887
-2852
-4387
-5136
-5738
-5815
-5064
-4811
-4399
-4709
-4899
-4869
-4834
-4654
-5188
-5306
-5653
-5148
-4392
-3441
-2646
-2319
-1555
-1330
-497
-454
-691
-1290
-2482
-2946
-3923
-4231
-5126
-6008
-6549
-7393
-7188
-7466
-7319
-7786
-8276
-8462
-8621
-8006
-7816
-7338
-7112
-6393
-4921
-2949
-566
1333
3165
4776
6440
8483
9646
10667
10454
10305
10321
10061
10643
9882
9919
8964
8598
8548
7715
7499
5501
4142
2180
377
-816
-2922
-4209
-5947
-6804
-6774
-6808
-5590
-5129
-3915
-2813
-1754
-16
639
1730
1717
1884
2212
2338
3076
3132
3741
4540
5861
7760
8922
10341
10774
11034
10961
10025
8970
6820
4729
2094
32
-1751
-3172
-4114
-5060
-5535
-5526
-4990
-4562
-4026
-4128
-4121
-4165
-4155
-4282
-4511
-4799
-4912
-4661
-4050
-3322
-2464
-1630
-1354
-696
-647
-323
-622
-1365
-2341
-3334
-3921
-4488
-5090
-5758
-6315
-6782
-6568
-7177
-7062
-7886
-8236
-8447
-8986
-8418
-8817
-7987
-7668
-6758
-5068
-3658
-1227
759
2716
4798
6023
7895
8905
9708
10383
9810
10337
9795
10224
10283
9829
9995
9036
9144
8290
7408
6348
4200
2815
652
-902
-2454
-4311
-5148
-6483
-6296
-6275
-5669
-4542
-4010
-2541
-1807
-493
221
839
1213
1092
1439
1402
1823
2265
2874
3874
5123
6735
8159
9646
10472
10496
10595
9501
8643
6790
4607
2440
-5
-1195
-3061
-3492
-4441
-4934
-4566
-4755
-3882
-3750
-3363
-3457
-3650
-3616
-4046
-3908
-4294
-4445
-4222
-3976
-3080
-2419
-1530
-1233
-676
-340
-493
-308
-1344
-1850
-2981
-3809
-4602
-5685
-6053
-7014
-7051
-7493
-7784
-7701
-7973
-7881
-8092
-8230
-8208
-7983
-7452
-6993
-6180
-5029
-3356
-1282
884
2938
4764
6602
7953
9557
10316
10809
10882
10539
10594
10132
10302
9777
9412
8948
8206
7856
6755
5738
4218
2505
884
-993
-2428
-4047
-5297
-5993
-6640
-6309
-6075
-5056
-4125
-3247
-1993
-1384
-173
199
706
865
858
1208
1337
2022
2499
3498
4830
6256
7667
9022
9771
10128
10046
9079
8050
6173
4257
2006
-49
-1607
-3222
-3596
-4505
-4649
-4383
-4347
-3467
-3278
-2739
-2796
-2834
-2947
-3552
-3507
-4140
-4229
-4056
-3879
-3191
-2583
-1742
-1262
-566
-389
-481
-723
-1505
-2195
-3394
-4144
-5480
-6042
-6732
-7416
-7371
-7791
-7465
-7742
-7608
-7922
-8042
-7895
-7892
-7617
-7143
-6713
-5581
-3854
-2098
519
2211
4605
5970
8050
9518
10310
11346
10669
11086
10535
10644
10387
9933
9677
8826
8702
8022
7188
6283
4618
3161
1502
-205
-1651
-3494
-4552
-6008
-6290
-6409
-6160
-5244
-4752
-3720
-2919
-1733
-969
-303
22
44
316
637
834
1406
1819
2621
3787
5276
6814
8074
9429
9392
9949
9241
8434
7237
4990
3238
622
-493
-2301
-3036
-3505
-4562
-3873
-4169
-3235
-2849
-2601
-2331
-2762
-2297
-3141
-2939
-3503
-3982
-3777
-3928
-3150
-2849
-1787
-1593
-992
-560
-795
-476
-1386
-2100
-3237
-4268
-5158
-6242
-6631
-7627
-7821
-7875
-8133
-7683
-7857
-7747
-7866
-7890
-7759
-7633
-6942
-6718
-5879
-4693
-3187
-928
1346
3519
5350
7167
8785
10279
11445
11669
11605
11276
10917
10716
10416
9982
9136
8611
7838
7174
6588
5308
4025
2203
597
-952
-2352
-3673
-5204
-6028
-6630
-6561
-5961
-5356
-4568
-3799
-2855
-1962
-1150
-425
-184
164
256
517
1016
1575
2414
3228
4485
5626
7059
8517
9170
9576
9144
8401
7605
6076
4616
2265
586
-1068
-2236
-2489
-3513
-3243
-3671
-3192
-2760
-2376
-1746
-2158
-1962
-2733
-2792
-3022
-3354
-3375
-3797
-3465
-3140
-2228
-1535
-1263
-876
-1216
-1046
-1482
-2111
-2985
-4364
-5048
-6177
-6550
-7276
-7708
-7818
-8117
-7802
-8028
-7895
-8000
-8054
-7865
-7935
-7520
-7142
-6375
-5353
-4042
-2125
-132
2255
4404
6448
8259
9785
11060
11856
12111
11930
11614
11182
10725
10225
9667
8944
8314
7564
6872
5838
4776
3280
1772
188
-1470
-2747
-4248
-5245
-6216
-6415
-6441
-6086
-5373
-4721
-3842
-2975
-2097
-1456
-743
-385
43
387
692
1147
1821
2556
3439
4719
6027
7131
8349
9034
9085
9255
8183
7357
5779
4019
2365
358
-577
-2428
-2453
-3231
-3465
-2914
-3295
-2320
-2556
-1792
-2093
-2066
-2155
-2902
-2593
-3236
-3146
-3165
-3028
-2719
-2257
-1639
-1473
-1225
-1293
-1807
-2041
-2951
-3604
-4681
-5384
-6185
-6873
-6890
-7737
-7223
-7699
-7388
-7626
-7659
-7680
-8027
-7596
-7881
-7345
-7189
-6317
-5691
-3850
-2468
-284
1891
3692
6263
7637
9869
10474
11649
11983
11665
11966
10993
10808
10195
9484
9186
8195
7917
6972
6109
5259
3489
2716
781
-488
-2016
-3569
-4464
-5736
-5851
-6382
-6114
-5687
-5292
-4289
-3718
-2633
-1836
-1266
-441
-304
593
755
1222
1781
1982
3193
3664
5313
6003
7174
8222
8479
8972
8296
7827
6586
5229
3391
1679
45
-1117
-2278
-2683
-3283
-3452
-2955
-3088
-2213
-2323
-1682
-1858
-1810
-1953
-2371
-2281
-2844
-2803
-2971
-2705
-2610
-2061
-1880
-1722
-1667
-1845
-2173
-2708
-3457
-4429
-5333
-6070
-6546
-7077
-7230
-8011
-7862
-7847
-7752
-7523
-8016
-8037
-8215
-7716
-7295
-7132
-6389
-5956
-4474
-2762
-1056
1132
3036
5244
6947
8956
10033
11335
11825
11901
11722
11065
11085
9998
10112
8927
8443
8079
7000
6841
5372
4634
3127
1625
538
-1482
-2287
-3992
-5176
-5663
-6556
-5969
-6250
-5458
-5077
-4329
-2905
-2449
-1057
-783
-91
544
859
1478
1503
2146
2462
3138
4240
4832
6154
6910
7686
7990
7985
7663
6798
5892
4141
2652
1051
-275
-1472
-2077
-2819
-3028
-3028
-2897
-2453
-2074
-1551
-1607
-1237
-1574
-1509
-1655
-1949
-2199
-2394
-2350
-2379
-2049
-1978
-1870
-1854
-2006
-2369
-2686
-3432
-4087
-5085
-5767
-6563
-6850
-6992
-7608
-7504
-7989
-7503
-7390
-7290
-7226
-7715
-7330
-7335
-6838
-6290
-6136
-5023
-4044
-2559
-535
969
3446
4961
6853
8591
9416
11044
10817
11276
10786
10082
10157
9040
9110
8015
7641
7322
6503
6486
5315
4669
3410
2006
973
-748
-1837
-3439
-4590
-5326
-6087
-5739
-5863
-5161
-4615
-3773
-2576
-1897
-689
-379
294
516
638
1015
802
1163
1255
1760
2562
3303
4755
5564
6792
7466
7612
7884
7045
6490
5024
3470
1930
284
-600
-1679
-2175
-2437
-2786
-2241
-1966
-1381
-816
-784
-463
-818
-732
-1220
-1502
-1965
-2643
-2764
-3088
-2894
-2892
-2691
-2845
-2815
-2792
-3104
-3314
-3937
-4583
-5222
-5812
-6190
-6495
-6683
-7001
-7084
-7044
-6841
-6676
-6434
-6454
-6476
-5936
-6013
-5297
-5257
-4464
-3622
-2773
-1263
-383
1680
3089
4947
6515
7628
8719
9525
10016
10238
9982
9689
9256
8619
8409
7610
7465
6726
6219
5643
4920
4202
3216
2077
725
-568
-1769
-2810
-4021
-4572
-5322
-5217
-5153
-4700
-4014
-3366
-2462
-1829
-1126
-634
-247
0
99
-70
169
182
778
1252
2233
3364
4552
5916
6800
7633
7844
7759
6990
6036
4544
3145
1623
340
-816
-1471
-1866
-1973
-1719
-1487
-987
-720
-239
-452
-279
-770
-1219
-1773
-2559
-2919
-3410
-3395
-3636
-3445
-3275
-3036
-2658
-2647
-2892
-3140
-3661
-4106
-4795
-5357
-5833
-6179
-6040
-6345
-5929
-6022
-5785
-5418
-5643
-5259
-5722
-5446
-5632
-5715
-5175
-5286
-4133
-3708
-2489
-1088
75
2027
3153
4840
5940
6974
8027
8216
8693
8547
8523
8547
8105
8191
7649
7648
7308
6973
6741
5869
5459
4225
3331
2007
794
-335
-1694
-2597
-3629
-4112
-4391
-4515
-4337
-4097
-3604
-3070
-2504
-1928
-1740
-1261
-1268
-1065
-901
-863
-542
-361
338
990
2230
3539
4666
6030
6900
7444
7933
7563
7070
6107
4674
3499
1921
1177
-48
-527
-767
-1442
-697
-1043
-408
-380
-491
-348
-1101
-906
-2098
-2223
-3126
-3762
-3779
-4257
-3821
-4036
-3406
-3431
-3030
-2803
-3064
-3001
-3615
-3857
-4352
-4749
-4972
-5238
-4911
-4984
-4825
-4682
-4775
-4454
-4586
-4558
-5014
-5278
-5407
-5405
-5140
-4873
-4379
-3630
-2512
-1442
200
1339
2689
3803
4793
5954
6520
7339
7328
7487
7755
7706
8156
7892
7765
7659
7386
7412
6813
6414
5456
4411
3490
2122
1187
-109
-1182
-2283
-3238
-3690
-4138
-4043
-4271
-4173
-3998
-3705
-3143
-3029
-2604
-2717
-2405
-2115
-1895
-1268
-1002
-229
486
1584
2897
4111
5521
6273
6888
7366
7302
7303
6538
5477
4363
3162
2457
1518
1080
353
-98
-139
-468
-291
-550
-786
-1261
-1746
-2131
-2576
-2833
-3454
-3742
-3912
-3859
-3533
-3289
-3023
-2959
-2712
-2623
-2708
-2672
-3217
-3400
-3892
-4193
-4187
-4356
-4000
-4117
-3684
-3642
-3532
-3450
-3721
-3969
-4445
-4990
-5425
-5711
-5928
-5558
-5571
-4564
-4124
-2764
-1595
-554
1108
1658
3273
3720
4947
5563
6000
6551
6511
7127
7311
7704
7757
7870
7802
8028
7822
7647
6976
6229
5371
4131
3211
1626
561
-829
-1941
-2848
-3667
-4036
-4553
-4586
-4754
-4642
-4280
-4251
-3737
-3660
-3413
-3023
-2888
-2286
-2129
-1382
-973
-309
780
1555
3146
4347
5493
6615
7375
7948
8405
8191
7555
6684
5460
4604
3187
2536
1214
463
195
-852
-200
-1087
-838
-1114
-1577
-1352
-2243
-1859
-3071
-3109
-3618
-4080
-3729
-4221
-3798
-3975
-3451
-3324
-3056
-2716
-3010
-2697
-2986
-2984
-3088
-3252
-3164
-3373
-2912
-3213
-3182
-3399
-3932
-3902
-4445
-4556
-5264
-5262
-5391
-5197
-4445
-4430
-3442
-2940
-1955
-1175
-287
834
1233
2642
2907
3900
4901
5353
6400
6481
7368
7570
8256
8553
8205
8635
7974
7889
7389
6481
5697
4392
3395
1892
866
-239
-1570
-2257
-3536
-4040
-4508
-4753
-4965
-5199
-5011
-5173
-4579
-4385
-4114
-3649
-3406
-2844
-2398
-1709
-953
-179
973
1712
3098
4298
5510
6776
7232
7841
7790
8004
7536
6913
5932
4801
3914
3015
2327
1489
890
148
-204
-693
-864
-1284
-1675
-2195
-2769
-3054
-3338
-3589
-3842
-4008
-4066
-3821
-3577
-3166
-3058
-2638
-2657
-2355
-2261
-2223
-2099
-2363
-2362
-2629
-2533
-2682
-2683
-2957
-3172
-3499
-3750
-3976
-4290
-4477
-4908
-4923
-5081
-4807
-4492
-4502
-4111
-3893
-3353
-2526
-2183
-1369
-879
89
1159
1992
3368
3974
5266
6183
6728
7859
8009
8591
8636
8329
8427
7688
7656
6598
5866
5106
3762
3329
1822
1013
-233
-1265
-2067
-3245
-3657
-4680
-4974
-5472
-5843
-5628
-5739
-5143
-4932
-4351
-3678
-3117
-2027
-1613
-834
-278
274
1207
1748
2738
3476
4527
5778
6763
7926
8315
8844
8729
8582
7902
6789
5705
3989
3114
1534
959
-210
-820
-1216
-1925
-1504
-2174
-1749
-2367
-2512
-2749
-3252
-3141
-3838
-3799
-4203
-4175
-3821
-3615
-2884
-2563
-2018
-1623
-1457
-990
-1241
-1072
-1696
-1989
-2436
-2841
-2825
-3408
-3430
-4102
-4076
-4313
-4205
-4268
-4422
-4416
-4468
-4201
-4104
-3887
-3974
-3607
-3505
-2961
-2437
-1702
-723
370
1621
2919
4183
5617
6617
7520
8148
8204
8764
8195
8305
7480
6987
6391
5405
5126
3850
3421
2277
1359
511
-662
-1411
-2620
-3587
-4427
-5376
-5581
-6273
-6231
-6217
-6055
-5226
-4916
-3722
-3422
-2286
-1782
-1136
-284
8
1010
1367
2443
3211
4427
5590
6530
7630
8142
8613
8800
8386
7869
6872
5736
4602
3255
2335
995
337
-588
-1213
-1417
-2036
-1977
-2441
-2616
-2898
-3218
-3269
-3739
-3721
-4006
-3909
-3572
-3342
-2690
-2363
-1710
-1317
-872
-672
-773
-812
-1210
-1483
-1948
-2271
-2628
-2746
-2886
-2921
-3030
-3135
-3126
-3311
-3277
-3813
-3976
-4356
-4548
-4511
-4740
-4590
-4648
-4098
-3547
-2833
-1978
-1184
-204
956
2055
3269
4338
5071
6001
6408
7216
7384
7689
7595
7139
7162
6437
6318
5430
4744
3901
2846
2185
950
274
-915
-1919
-2732
-3738
-4111
-4790
-5011
-5330
-5507
-5127
-5025
-4289
-4004
-3423
-2885
-2405
-1578
-1185
-412
12
670
1574
2393
3568
4503
5547
6515
7275
8125
8162
8399
7887
7293
6606
5400
4656
3278
2550
1343
734
111
-564
-789
-1512
-1665
-2101
-2248
-2587
-2950
-3099
-3354
-3297
-3270
-3257
-2876
-2734
-2245
-2008
-1691
-1374
-1403
-1167
-1587
-1528
-1844
-1893
-2106
-2314
-2261
-2394
-2149
-2299
-2298
-2457
-2541
-2738
-2931
-3283
-3618
-3895
-3992
-4214
-4302
-4295
-4403
-3921
-3701
-3131
-2702
-2031
-1242
-391
662
1431
2447
3319
4081
4813
5477
5819
6212
6235
6061
5869
5545
5240
4588
4047
3269
2681
2257
1442
853
62
-662
-1257
-1949
-2497
-3271
-3586
-4137
-4433
-4421
-4572
-4181
-4163
-3653
-3322
-2621
-1812
-1418
-508
-184
632
1472
2157
2984
3506
4317
5039
5848
6846
7102
7559
7566
7313
7379
6624
5966
4758
3691
2642
1747
1186
280
-317
-772
-1217
-1263
-1226
-1560
-1590
-2052
-2171
-2310
-2351
-2459
-2782
-2698
-3002
-2755
-2475
-2368
-2070
-1964
-1918
-1677
-1564
-1296
-1484
-1543
-1852
-2106
-1848
-2181
-2025
-2265
-2370
-2381
-2422
-2395
-2606
-2779
-3064
-3596
-3802
-4012
-4314
-4122
-4629
-4355
-4180
-3639
-2753
-2307
-1136
-709
579
1549
2235
3360
3486
4176
4243
4483
4670
4484
4693
4122
4286
4051
3934
3969
3465
3221
2485
2117
1316
582
-149
-1320
-1910
-2861
-3347
-3723
-4081
-4050
-4243
-3753
-3592
-3001
-2356
-2134
-1404
-1203
-606
-166
235
875
1177
2049
2568
3444
4455
5131
6166
6595
7090
7269
7379
7210
6697
5958
5082
4251
3478
2820
1843
1444
488
360
-115
-398
-531
-1184
-1155
-1953
-1825
-2283
-2456
-2649
-3090
-2925
-3015
-2590
-2484
-2252
-2049
-1880
-1469
-1340
-1200
-1237
-1395
-1442
-1653
-1520
-1763
-1774
-2026
-2204
-2156
-2297
-2119
-2515
-2601
-2955
-3032
-3062
-3346
-3496
-3866
-3933
-3998
-3922
-3698
-3639
-3151
-2851
-2235
-1560
-911
0
350
1265
1451
2333
2697
2989
3404
3207
3802
3541
4027
3761
3738
3854
3412
3494
2887
2552
2010
1166
602
-476
-923
-1654
-2326
-2501
-3205
-2775
-2896
-2422
-2208
-1926
-1255
-1170
-404
-411
-14
205
273
588
782
1362
1816
2374
2975
3492
4620
5293
5957
6237
6301
6504
6215
6120
5107
4572
3639
2885
2372
1520
1212
556
283
-208
-505
-540
-998
-1198
-1710
-2147
-2157
-2478
-2432
-2800
-2717
-2631
-2425
-1959
-2023
-1497
-1472
-1111
-1002
-895
-793
-975
-894
-1263
-1263
-1472
-1676
-1884
-2220
-2283
-2423
-2397
-2613
-2735
-2789
-2843
-2778
-2916
-3104
-3411
-3576
-3777
-3884
-4020
-4112
-4148
-3951
-3606
-2988
-2263
-1675
-828
-196
748
1439
2142
2604
2766
3058
3052
3236
3274
3184
3187
2962
2925
2909
2765
2662
2110
1745
1112
647
192
-455
-923
-1536
-1750
-1860
-1797
-1593
-1453
-1186
-879
-462
62
300
649
621
854
1022
1267
1638
1658
2029
2213
2948
3560
4275
4854
5110
5544
5896
6169
6194
5731
5061
4362
3664
3078
2189
1395
285
-350
-791
-1107
-1264
-1581
-1833
-2017
-1871
-1783
-1601
-1698
-1829
-1953
-1784
-1606
-1386
-1170
-1310
-1168
-949
-638
-350
-285
-469
-763
-858
-885
-1088
-1272
-1899
-2329
-2447
-2626
-2404
-2583
-2668
-2940
-2995
-2798
-3027
-2852
-3555
-4120
-4518
-4920
-4813
-5134
-5325
-5550
-5307
-4561
-3763
-2847
-1989
-1422
-172
729
1680
2622
2779
3302
3055
3444
3480
3464
3563
2906
3036
2810
2956
3082
2675
2404
1801
1578
1179
678
261
-603
-1006
-1490
-1562
-1458
-1407
-1199
-1165
-619
-186
569
1039
1156
1367
1359
1740
1838
2004
2119
2053
2500
2880
3734
4481
4984
5592
5633
6121
6211
6006
5546
4220
3429
2251
1527
629
-482
-1006
-1937
-1772
-1976
-1830
-1689
-1847
-1613
-1760
-1346
-1365
-1198
-1298
-1456
-1140
-855
-354
-119
25
151
306
660
586
482
125
-373
-588
-1026
-1052
-1476
-1653
-2093
-2322
-2225
-2326
-2277
-2746
-3103
-3611
-3678
-4012
-4339
-4949
-5466
-5845
-6069
-5877
-6115
-5750
-5934
-5527
-4842
-4042
-2874
-2260
-1285
-624
471
1665
2258
2941
3101
3256
3658
3601
3789
3564
3343
3169
2737
2945
2565
2620
2310
1725
1627
1158
1193
666
292
-150
-558
-437
-716
-576
-562
-445
-77
184
728
990
1509
1801
1875
2360
2402
2722
2719
2615
2742
2915
3423
3455
3752
3996
4370
5232
5445
5349
5034
4522
4074
3428
2378
1035
-289
-1259
-2097
-2443
-2575
-3051
-2669
-2711
-2006
-1151
-660
-67
-383
101
-154
305
184
-359
-467
-1026
-688
-686
-283
-287
-155
48
31
309
232
-44
-596
-1352
-1918
-2511
-2852
-3429
-4099
-4308
-4776
-4482
-4614
-4635
-4695
-4955
-4807
-5285
-5270
-5605
-5905
-5805
-6153
-5845
-5546
-4928
-3962
-3237
-2042
-1163
130
1192
1974
2807
3137
3501
3646
3646
3647
3590
3473
3377
3260
3322
3330
3402
3259
3021
2786
2487
2089
1667
1111
627
246
-161
-226
-400
-162
-77
213
528
889
1417
1711
1999
2060
2215
2242
2304
2261
2190
2127
2201
2359
2642
3034
3409
3657
3923
3974
3971
3908
3339
2817
1939
1240
501
-65
-554
-1107
-1219
-1493
-1338
-1107
-948
-694
-582
-444
-328
-65
-34
2
-6
-57
95
264
505
557
839
822
939
1030
817
672
143
-353
-1019
-1547
-2059
-2703
-3147
-3694
-4089
-4204
-4524
-4644
-4934
-5162
-5358
-5606
-5631
-5943
-5972
-6181
-6329
-6245
-6098
-5831
-5475
-5135
-4600
-3823
-2854
-1923
-1163
-238
388
1333
1985
2460
2891
3075
3365
3509
3795
3903
3955
3984
3761
3719
3693
3454
3266
2749
2358
1981
1710
1402
923
704
260
213
134
160
369
466
747
884
1309
1680
1965
2247
2142
2238
2229
2212
2203
1905
1878
1635
1705
1792
1860
2250
2335
2603
2661
2795
2877
2793
2498
1922
1364
864
432
-80
-456
-970
-1000
-987
-819
-486
-357
29
205
519
764
885
1064
893
865
852
761
964
705
674
483
375
373
60
-117
-722
-1065
-1654
-2087
-2607
-3072
-3623
-4133
-4555
-4952
-4893
-5237
-5131
-5558
-5512
-5508
-5452
-5145
-5455
-5217
-5486
-5239
-5037
-4849
-4359
-4205
-3618
-3154
-2405
-1438
-738
127
619
1275
1948
2488
3129
3198
3506
3457
3611
3785
3727
3799
3481
3402
3145
3049
2886
2558
2251
1764
1404
1167
914
795
584
530
586
766
1147
1290
1663
1689
1936
1999
2014
2027
1685
1576
1109
951
674
472
323
96
140
270
617
998
1178
1416
1682
1906
2265
2105
1952
1533
1263
1128
815
744
260
209
175
314
743
869
1178
1204
1451
1710
1881
2092
1803
1709
1424
1292
1212
929
691
212
-4
-380
-597
-872
-1315
-1736
-2313
-2739
-3182
-3473
-3862
-4296
-4661
-4929
-5019
-4994
-5039
-5071
-5080
-4959
-4766
-4575
-4335
-4342
-4095
-4011
-3757
-3569
-3409
-3255
-3151
-2758
-2579
-2054
-1776
-1289
-794
-125
506
1076
1685
2051
2653
2946
3341
3372
3564
3471
3472
3467
3251
3293
3036
3032
2804
2777
2695
2538
2540
2285
2205
2122
1919
1945
1655
1659
1408
1301
1270
939
1061
585
559
169
-7
-184
-545
-581
-979
-862
-873
-738
-465
-273
141
516
913
1324
1499
1889
1894
2047
2089
1957
2070
1848
1899
1703
1732
1740
1686
1802
1673
1698
1710
1602
1630
1390
1275
1036
827
715
370
295
-66
-184
-448
-646
-932
-1252
-1537
-1949
-2234
-2643
-2904
-3314
-3476
-3805
-3859
-3915
-4005
-3958
-4056
-3863
-3845
-3639
-3647
-3644
-3515
-3538
-3398
-3389
-3334
-3312
-3236
-3228
-3094
-2932
-2688
-2525
-2412
-2064
-1874
-1126
-916
-371
-39
404
1143
1407
2212
2189
2842
2964
3244
3621
3539
3928
3579
3789
3560
3571
3604
3192
3201
2772
2745
2573
2253
2144
1605
1604
1167
958
770
288
293
-222
-247
-591
-720
-786
-1102
-979
-1250
-1074
-1022
-946
-674
-611
-157
28
505
869
1184
1697
1895
2401
2517
2860
2913
3031
3100
2949
3035
2807
2864
2656
2590
2412
2234
2115
1864
1639
1396
1052
817
498
167
-2
-370
-440
-859
-968
-1247
-1454
-1551
-1958
-2064
-2443
-2565
-2803
-3006
-3147
-3334
-3382
-3458
-3485
-3445
-3446
-3465
-3474
-3554
-3540
-3603
-3646
-3725
-3747
-3676
-3534
-3420
-3222
-3089
-2885
-2665
-2620
-2348
-2384
-2093
-2004
-1773
-1328
-1109
-331
-64
693
1223
1743
2498
2685
3366
3377
3725
3807
3713
3960
3571
3708
3331
3264
3166
2871
2884
2341
2277
1824
1570
1262
735
502
-29
-173
-518
-659
-766
-942
-890
-1023
-924
-888
-807
-696
-647
-427
-255
67
365
632
1004
1274
1675
1974
2288
2542
2721
2966
3013
3218
3228
3246
3218
3061
3026
2747
2630
2272
1996
1714
1295
1071
617
363
14
-217
-416
-666
-766
-937
-972
-1014
-1078
-1115
-1179
-1256
-1304
-1428
-1537
-1708
-1855
-2037
-2224
-2389
-2559
-2719
-2832
-2987
-3152
-3211
-3384
-3371
-3535
-3595
-3681
-3770
-3655
-3730
-3564
-3547
-3405
-3114
-2981
-2575
-2391
-2083
-1734
-1549
-1038
-908
-464
-233
29
518
719
1344
1563
2080
2467
2832
3306
3446
3761
3722
3728
3552
3279
3039
2599
2233
1703
1288
918
616
390
42
-129
-386
-420
-496
-559
-601
-756
-701
-765
-586
-510
-364
-200
-40
270
532
877
1064
1289
1416
1578
1729
1847
1959
2027
2170
2237
2404
2549
2647
2711
2657
2560
2460
2278
2077
1731
1403
1115
791
668
321
173
-52
-251
-266
-494
-442
-703
-727
-844
-956
-820
-1021
-883
-1052
-995
-971
-1025
-936
-1211
-1203
-1548
-1697
-1922
-2214
-2363
-2789
-2885
-3218
-3166
-3244
-3272
-3242
-3372
-3155
-3161
-2817
-2786
-2568
-2432
-2286
-1923
-1787
-1405
-1392
-1155
-1139
-986
-795
-743
-513
-540
-248
-82
304
690
1022
1470
1713
2142
2391
2698
2830
2788
2697
2457
2308
2020
1763
1382
1089
849
709
685
589
608
501
565
585
624
690
555
565
455
484
571
578
698
651
782
846
989
1169
1176
1254
1163
1191
1218
1312
1323
1316
1279
1296
1416
1515
1674
1564
1631
1480
1508
1512
1365
1343
1020
951
708
664
559
326
192
-144
-240
-398
-472
-583
-701
-798
-858
-772
-712
-624
-682
-728
-902
-962
-1079
-1306
-1516
-1948
-2184
-2462
-2607
-2704
-2864
-2856
-2961
-2826
-2711
-2607
-2396
-2406
-2268
-2231
-2126
-1990
-1953
-1817
-1818
-1692
-1574
-1456
-1306
-1220
-1177
-1076
-1027
-874
-713
-605
-359
-255
133
409
795
1151
1316
1652
1712
1889
1886
1794
1722
1436
1324
1096
979
924
762
829
730
829
887
904
1018
903
965
848
839
851
769
855
781
904
1023
1108
1303
1301
1471
1498
1581
1615
1521
1592
1476
1549
1518
1564
1588
1609
1650
1651
1702
1659
1628
1489
1395
1210
1111
924
759
580
391
206
62
-85
-236
-331
-497
-543
-684
-621
-735
-702
-744
-812
-752
-901
-906
-1076
-1129
-1259
-1372
-1503
-1658
-1789
-1864
-1955
-2007
-2015
-2142
-2062
-2136
-2030
-1970
-1917
-1779
-1835
-1670
-1730
-1647
-1577
-1658
-1614
-1797
-1815
-1863
-1878
-1780
-1811
-1704
-1631
-1503
-1214
-1034
-732
-519
-342
-92
65
338
491
695
859
983
1166
1287
1446
1586
1665
1726
1711
1702
1672
1629
1556
1423
1354
1201
1185
1023
996
923
924
977
941
1054
998
1136
1130
1228
1239
1229
1191
1133
1106
1058
1081
1037
1082
1059
1153
1188
1284
1336
1358
1336
1260
1119
1018
883
805
710
604
603
548
694
669
777
729
669
554
323
106
-181
-435
-702
-952
-1157
-1263
-1337
-1239
-1266
-1119
-1151
-1084
-1117
-1177
-1246
-1455
-1536
-1810
-1858
-2069
-2060
-2121
-2059
-1915
-1869
-1629
-1615
-1443
-1395
-1373
-1325
-1452
-1457
-1604
-1683
-1719
-1821
-1710
-1702
-1583
-1480
-1385
-1214
-1050
-877
-753
-668
-595
-526
-441
-281
-174
13
165
359
617
905
1172
1463
1639
1801
1897
1909
1969
1867
1876
1719
1621
1553
1427
1462
1381
1379
1364
1323
1354
1270
1276
1183
1125
1106
1039
1054
1012
1053
1064
1175
1231
1325
1369
1372
1387
1320
1311
1205
1113
976
798
724
627
580
592
515
569
500
538
509
442
402
157
24
-226
-396
-581
-771
-937
-1059
-1139
-1168
-1190
-1230
-1247
-1316
-1321
-1389
-1431
-1465
-1529
-1538
-1505
-1471
-1336
-1284
-1191
-1138
-1138
-1052
-1118
-1080
-1191
-1288
-1326
-1413
-1337
-1349
-1263
-1240
-1165
-1093
-1030
-966
-1054
-1027
-1224
-1189
-1335
-1335
-1312
-1430
-1179
-1263
-916
-864
-702
-465
-465
-101
-108
207
320
460
758
860
1275
1443
1733
1895
1967
2149
2121
2275
2169
2117
2008
1859
1909
1796
1888
1786
1742
1725
1587
1669
1480
1423
1232
1000
957
727
786
656
662
697
672
832
818
893
825
727
622
464
281
107
-115
-226
-327
-333
-229
-202
-49
-20
104
170
190
151
-18
-205
-416
-579
-716
-845
-986
-1059
-1120
-1080
-1034
-995
-991
-1021
-1082
-1107
-1139
-1169
-1173
-1239
-1176
-1156
-1014
-889
-811
-656
-649
-550
-526
-573
-583
-732
-807
-888
-979
-935
-1002
-969
-915
-894
-721
-724
-641
-655
-727
-694
-800
-793
-844
-905
-881
-897
-786
-654
-546
-330
-245
-23
151
351
559
673
853
939
1143
1231
1439
1492
1645
1739
1841
2025
1999
2168
2035
2095
2013
1925
1880
1639
1541
1290
1174
1058
918
837
688
609
584
554
586
558
487
442
361
319
266
120
29
-179
-257
-350
-445
-427
-563
-501
-582
-499
-452
-401
-332
-363
-275
-289
-159
-205
-153
-235
-231
-224
-317
-275
-497
-493
-668
-693
-698
-778
-695
-802
-680
-693
-571
-490
-496
-440
-535
-486
-572
-543
-592
-666
-648
-757
-663
-681
-630
-569
-652
-566
-706
-662
-736
-831
-811
-976
-870
-952
-848
-813
-748
-603
-578
-436
-461
-365
-395
-359
-373
-354
-269
-195
-7
89
317
501
754
1004
1151
1321
1350
1440
1451
1436
1457
1356
1374
1287
1317
1336
1350
1421
1334
1336
1164
1086
945
782
627
367
216
56
10
-19
-31
-32
-6
15
72
44
14
-57
-174
-248
-397
-436
-537
-534
-524
-478
-373
-293
-170
-96
-12
31
81
97
111
66
27
-11
-10
1
5
-16
-26
-50
-56
-58
-149
-152
-286
-315
-425
-513
-520
-593
-529
-583
-579
-544
-542
-433
-406
-419
-395
-490
-453
-532
-575
-616
-794
-763
-903
-871
-872
-920
-769
-766
-557
-452
-359
-188
-216
-51
-79
-50
-17
-151
-95
-229
-143
-121
-67
114
103
376
443
691
834
881
1024
905
1065
951
993
927
804
851
760
893
854
905
903
926
991
979
949
826
731
574
497
365
225
111
-104
-144
-237
-192
-163
-221
-160
-265
-138
-132
-99
-96
-187
-202
-246
-229
-238
-255
-315
-290
-336
-186
-169
-105
-49
-91
24
29
137
139
138
137
126
162
190
146
112
37
-35
-10
-63
-85
-190
-304
-333
-353
-276
-305
-340
-371
-450
-389
-408
-436
-509
-602
-669
-724
-749
-741
-778
-755
-732
-690
-492
-450
-310
-302
-299
-208
-237
-147
-236
-263
-217
-314
-134
-140
-71
101
57
315
328
472
575
429
603
406
492
603
399
645
415
539
623
563
857
614
832
696
626
768
528
616
465
354
355
262
323
251
194
177
45
68
42
-72
-116
-244
-397
-358
-471
-449
-502
-565
-482
-523
-300
-298
-246
-134
-182
-15
60
35
99
-7
44
-5
31
89
-19
82
20
87
193
273
308
397
354
390
389
352
327
122
118
-109
-110
-134
-321
-256
-409
-382
-322
-388
-239
-449
-326
-450
-508
-371
-622
-458
-632
-558
-521
-480
-326
-370
-272
-237
-224
-114
-124
-190
-155
-274
-208
-219
-160
-110
-91
37
81
172
286
234
307
301
250
344
263
332
253
314
343
388
490
476
487
508
478
422
424
310
300
198
189
158
169
198
155
205
213
194
201
116
31
-46
-170
-243
-368
-398
-499
-488
-489
-499
-480
-440
-390
-363
-288
-315
-238
-200
-151
-74
-24
46
81
133
211
191
268
219
205
249
190
271
233
287
321
358
469
476
538
555
483
506
384
310
220
94
46
-122
-153
-253
-253
-246
-307
-295
-324
-347
-366
-416
-428
-487
-518
-518
-547
-434
-463
-357
-340
-316
-246
-279
-184
-251
-221
-251
-276
-196
-220
-131
-88
-43
69
104
242
264
275
277
223
278
243
252
214
215
190
205
262
306
367
330
343
302
336
303
242
188
82
39
4
-13
-46
-68
-109
-108
-99
-57
-25
-29
-55
-121
-152
-155
-225
-275
-383
-490
-509
-551
-477
-492
-427
-383
-316
-132
-39
94
100
113
127
142
174
128
120
68
74
174
252
397
426
503
547
590
677
629
648
508
427
361
341
360
328
343
298
323
330
335
308
178
78
-77
-144
-203
-329
-308
-460
-390
-357
-304
-132
-217
-125
-243
-242
-191
-310
-273
-433
-478
-418
-438
-249
-226
-152
-101
-118
38
27
57
1
-73
-76
-77
-49
25
46
53
103
170
299
340
316
258
171
150
155
86
125
6
-5
23
6
152
98
155
117
75
154
73
104
48
-53
-39
-107
-53
-92
-178
-210
-312
-321
-371
-407
-422
-495
-522
-468
-426
-327
-293
-255
-201
-189
-119
-97
-53
-53
-79
-36
16
107
199
274
383
449
553
606
653
655
588
580
556
569
545
507
494
499
537
585
589
585
497
390
296
152
39
-130
-291
-375
-472
-496
-497
-497
-393
-430
-342
-316
-315
-253
-370
-312
-368
-355
-308
-317
-219
-207
-134
-62
-4
46
51
27
-4
-37
-87
-61
-67
-28
19
24
133
127
197
212
173
198
30
-16
-128
-224
-227
-277
-195
-160
-81
9
84
182
206
213
207
160
85
25
-40
-61
-70
-74
-26
-8
14
-32
-85
-129
-243
-311
-454
-552
-664
-759
-709
-687
-542
-496
-413
-298
-245
-111
-101
-27
-11
-22
38
71
213
281
371
511
632
811
879
898
859
786
719
648
600
538
472
392
371
361
401
418
356
293
139
25
-107
-278
-394
-539
-572
-593
-558
-475
-426
-309
-263
-157
-78
-49
-55
-163
-187
-228
-193
-142
-118
-52
-61
18
95
188
257
186
153
44
-13
-67
-129
-134
-196
-172
-136
-60
14
-12
-20
-48
-55
-55
-106
-151
-228
-262
-247
-145
-22
54
93
91
134
143
148
128
50
-8
-103
-134
-135
-132
-86
-98
-60
-48
-34
-62
-189
-301
-436
-498
-561
-635
-685
-708
-662
-571
-413
-253
-117
-51
-39
-4
37
102
101
116
163
193
303
391
537
674
772
870
900
936
888
812
713
597
553
473
428
353
263
248
205
236
203
142
58
-107
-210
-332
-367
-394
-446
-457
-475
-405
-343
-290
-223
-176
-116
-108
-108
-115
-109
-98
-60
-6
51
120
123
140
132
156
201
186
157
76
11
-45
-109
-119
-143
-126
-141
-216
-254
-289
-267
-286
-306
-302
-293
-286
-300
-261
-194
-114
-46
-16
34
59
45
45
23
67
87
85
64
29
27
11
34
52
42
17
-66
-136
-192
-234
-216
-239
-243
-279
-310
-300
-304
-253
-203
-135
-87
-55
-6
65
154
246
342
441
521
562
564
555
572
608
623
621
605
560
522
475
469
480
473
427
330
219
100
17
-62
-121
-173
-217
-260
-309
-321
-289
-220
-164
-148
-125
-125
-145
-169
-189
-141
-89
-43
-35
-29
14
52
115
178
237
248
190
117
40
1
-23
-50
-56
-80
-95
-121
-151
-155
-184
-167
-191
-250
-332
-456
-500
-528
-480
-414
-359
-270
-239
-178
-114
-40
60
78
74
17
-65
-107
-146
-105
-61
2
70
99
138
150
184
222
219
199
121
27
-74
-165
-171
-134
-64
-14
-5
13
31
66
115
146
171
143
82
54
34
59
97
172
272
323
347
323
317
323
314
339
334
301
215
127
115
108
155
169
168
142
49
-5
-59
-40
-46
-75
-73
-118
-118
-136
-115
-68
-47
-3
-28
-36
-87
-138
-144
-140
-66
-33
1
0
-29
-23
-9
52
72
38
-19
-103
-137
-160
-132
-78
-52
-32
-68
-88
-108
-121
-143
-188
-196
-233
-297
-331
-331
-296
-242
-168
-86
-40
-45
-74
-92
-84
-64
-45
-9
-18
-36
-22
44
152
205
260
265
246
196
118
104
91
106
92
76
102
101
134
157
203
260
212
153
50
-36
-89
-119
-75
-56
-11
10
29
85
98
136
152
146
106
11
-42
-83
-71
-42
-1
94
142
166
142
136
140
100
67
15
-36
-113
-182
-184
-131
-49
13
55
68
34
6
-30
-53
-88
-140
-161
-187
-191
-183
-119
-21
48
93
104
106
58
-19
-64
-79
-60
-70
-77
-49
-18
44
87
143
174
152
91
-13
-72
-139
-190
-197
-184
-149
-137
-110
-66
-36
-27
-55
-75
-120
-195
-267
-307
-294
-262
-190
-96
-1
67
95
130
159
172
136
87
36
-18
-34
-19
52
119
179
253
291
328
309
280
249
160
80
-8
-42
-66
-88
-64
-29
44
78
92
82
37
-4
-79
-112
-136
-170
-189
-215
-176
-119
-58
3
33
53
25
-2
-32
-69
-100
-140
-133
-110
-72
-26
22
92
114
122
131
110
61
-9
-48
-75
-86
-83
-60
-2
39
80
123
164
190
170
139
90
58
32
0
-5
1
20
52
91
130
151
158
149
134
105
55
15
-34
-70
-91
-93
-72
-73
-78
-79
-65
-60
-82
-106
-118
-134
-161
-176
-158
-117
-91
-78
-57
-14
18
33
52
74
77
69
80
100
112
124
145
170
184
188
197
196
184
172
159
155
131
91
57
40
23
3
-9
-14
-32
-67
-101
-115
-109
-121
-137
-154
-151
-137
-141
-141
-145
-141
-147
-165
-170
-172
-165
-157
-139
-103
-64
-19
17
43
57
62
74
73
54
21
1
-2
-7
7
31
79
106
105
118
135
145
123
104
84
60
39
13
11
20
39
74
92
105
101
82
78
70
52
37
30
16
-7
-16
-9
25
30
8
-22
-60
-94
-150
-198
-213
-207
-199
-192
-160
-115
-82
-56
-34
-14
-14
-36
-62
-98
-126
-128
-92
-31
27
71
116
184
238
267
269
275
254
191
131
96
88
65
61
80
107
125
121
121
111
79
32
-8
-34
-77
-122
-148
-158
-150
-147
-128
-120
-134
-155
-168
-157
-165
-170
-165
-140
-106
-81
-42
2
35
49
44
42
26
-7
-36
-53
-24
3
24
46
81
112
126
140
140
117
58
-5
-54
-78
-88
-80
-48
-5
29
60
104
130
130
103
79
46
1
-42
-62
-49
-37
-17
36
102
137
129
112
88
65
27
-34
-89
-134
-160
-177
-150
-108
-76
-42
-33
-18
-15
-32
-48
-68
-95
-128
-134
-113
-89
-62
-25
36
80
94
104
116
116
99
81
91
108
86
75
80
97
109
100
90
66
33
-9
-40
-47
-46
-59
-59
-51
-43
-31
-32
-50
-85
-112
-138
-154
-164
-191
-181
-130
-96
-46
16
62
100
108
91
70
68
46
-12
-41
-35
-16
16
45
75
112
142
141
121
88
19
-54
-90
-125
-150
-137
-151
-156
-119
-72
-10
22
8
-34
-64
-69
-107
-127
-120
-136
-113
-78
-35
29
55
88
108
119
136
98
67
36
3
18
23
43
48
29
40
27
34
64
51
39
-20
-74
-93
-94
-39
-28
-22
-18
-58
-27
-11
1
21
-3
-3
-19
-14
6
9
41
47
38
49
28
4
4
-20
-21
-16
-25
-26
-30
-22
-18
-22
-18
-12
-3
-53
-107
-99
-112
-89
-74
-108
-66
-37
-56
-22
37
87
95
101
66
-24
43
72
85
220
170
63
35
6
61
226
408
230
-62
-111
-229
34
383
154
36
-165
-431
-261
83
314
144
-31
-256
-466
-31
184
117
227
-96
-400
-281
-53
72
143
184
-134
-215
52
20
184
392
123
66
149
20
24
176
189
66
124
65
-109
43
84
11
188
133
-108
-122
-84
-83
24
91
-55
-119
-77
-129
-39
129
54
6
-4
-131
-104
25
53
48
35
-8
-15
47
88
94
168
132
26
25
-3
-2
65
74
42
9
-7
-1
70
93
5
5
-20
-53
-37
-89
-101
-67
-36
-32
-27
-9
-14
35
91
62
51
54
43
18
22
36
22
63
42
-4
60
57
49
70
32
18
6
10
-5
-8
-2
-51
-37
-26
-39
-17
-26
-19
-20
-42
-42
-57
-28
-4
-39
-50
-46
-42
2
11
1
52
70
41
39
41
67
118
92
62
35
-3
16
21
19
21
-1
-2
-33
-53
-36
-23
16
6
-10
-19
-71
-79
-58
-14
29
-14
-81
-94
-68
-30
5
22
9
-22
-16
20
50
88
63
25
32
5
-2
21
11
-2
-21
-24
-19
9
58
32
31
16
-28
9
11
-34
-70
-88
-104
-119
-91
-80
-36
20
-11
12
66
65
70
66
18
2
21
5
2
-21
-38
-10
43
79
63
50
54
25
20
32
10
16
-15
-59
-74
-77
-32
-6
17
1
-64
-47
-27
-11
3
-41
-40
-40
-45
-16
-12
6
34
21
15
16
3
9
31
34
19
18
7
7
30
28
22
13
-1
-20
-14
-2
-38
-41
-43
-63
-52
-49
-31
-30
-57
-65
-65
-36
-25
-45
-51
-49
-30
-27
-14
-8
-1
28
15
10
2
-17
17
6
-11
11
-21
-4
-1
-29
15
28
18
2
-19
-22
-54
-37
-22
-43
-29
-72
-103
-69
-55
-23
3
-2
-19
-34
-11
-5
11
39
11
-11
-17
-29
-18
18
22
8
26
20
3
14
25
30
22
10
-5
-22
-23
-53
-63
-43
-54
-46
-43
-63
-54
-40
-28
-19
-21
-24
-34
-37
-31
-26
-15
-21
-28
-24
-11
8
9
13
8
3
10
11
30
31
16
6
-7
-12
-10
-7
-2
3
-21
-53
-53
-44
-19
1
-26
-58
-69
-65
-45
-31
-24
-27
-30
-35
-52
-32
-7
9
25
-7
-15
-7
3
33
27
23
9
-9
-4
-13
7
38
27
16
3
-17
1
10
8
10
-14
-38
-48
-48
-29
-4
10
6
-2
-2
5
8
25
35
35
26
-5
-8
3
24
29
29
38
41
44
34
36
50
45
27
12
-1
-9
-16
-15
-15
-25
-23
-29
-20
-15
-26
-17
-13
-7
-2
-2
-5
-19
-13
-4
-4
-1
-11
0
9
-2
4
22
31
36
32
25
31
33
21
14
8
8
14
1
-4
-1
-9
-3
-1
-4
-1
-3
6
-12
-25
-2
-14
-17
-18
-23
-11
-5
-2
0
16
23
20
32
32
24
22
18
21
25
28
18
24
20
5
26
42
34
29
22
11
15
19
23
22
17
1
-13
-2
1
14
47
39
31
30
21
27
41
45
47
43
25
26
32
43
53
57
63
52
37
29
24
30
31
30
37
29
11
5
7
11
25
27
26
19
1
-10
-9
3
15
24
28
16
-4
0
13
25
44
35
30
28
-1
-1
11
21
37
38
29
13
5
9
26
32
26
13
6
-8
-25
-14
-11
-8
-3
-15
-23
-18
-26
-23
-5
2
-6
-21
-23
-21
-11
0
0
9
9
-3
2
2
4
10
15
15
9
13
11
9
10
10
7
-3
-8
-10
-2
-1
-19
-14
-14
-15
3
3
6
6
-5
-8
-7
0
9
8
4
-5
-17
-2
21
32
35
26
24
16
6
15
27
22
0
-13
-14
-6
-3
11
21
15
8
1
7
5
11
6
-6
-13
-25
-22
-21
-9
-9
-10
1
0
6
12
17
13
6
12
11
-4
-5
-7
-4
1
-6
-8
-7
-5
-5
-6
2
5
-2
-12
-17
-19
-19
-17
-20
-23
-25
-26
-23
-25
-24
-16
-9
-13
-18
-14
0
1
-11
-13
-18
-14
-7
-16
-11
-9
-6
-6
-9
6
9
8
2
-10
-11
-2
-6
-21
-24
-29
-26
-21
-13
-8
-6
-6
-16
-15
-4
-1
-1
3
-3
-10
-17
-19
-11
-1
16
16
6
7
1
4
2
-4
5
-2
-10
-20
-24
-18
-13
-4
-2
1
-4
-12
-12
-6
-1
0
-3
-18
-21
-15
-14
-11
-8
-3
4
6
2
2
2
3
-3
-3
-6
-12
-10
-14
-14
-7
3
10
6
-3
-3
-16
-18
-10
-8
-2
-12
-17
-23
-20
-11
-1
4
-1
-5
-10
-15
-13
-8
-4
-3
-10
-15
-15
-15
-11
-16
-11
2
-7
-15
-7
4
6
5
1
7
14
11
-7
-15
-12
-12
-7
-10
-8
-10
-11
-14
-15
0
13
11
0
-7
-11
-8
1
0
-3
3
-1
-5
-11
-8
10
17
16
13
7
0
-11
-13
-14
-17
-15
-21
-24
-26
-22
-14
-8
-1
2
-8
-18
-23
-33
-22
-12
-17
-23
-29
-20
-14
-19
-10
-3
0
-6
-19
-17
-11
-5
-12
-13
-14
-16
-17
-19
-15
-17
-13
-13
-13
-7
-7
-13
-24
-28
-20
-13
-11
-20
-21
-18
-19
-15
-11
-4
-10
-21
-26
-25
-20
-12
-9
-18
-20
-12
-19
-25
-21
-21
-14
-12
-18
-18
-5
-6
-20
-19
-14
-5
-7
-17
-20
-12
-6
-7
-2
-5
-1
-9
-16
-7
-2
11
10
1
-6
1
3
6
9
4
10
12
10
14
19
14
16
15
20
25
19
6
-2
3
6
10
17
21
16
13
8
6
8
17
20
9
10
11
12
19
21
19
17
6
8
12
17
16
18
16
10
20
18
19
21
18
20
14
3
6
11
11
3
-2
3
5
7
8
7
9
6
4
10
11
11
13
13
9
5
17
16
7
11
10
14
19
18
17
16
13
15
8
11
16
11
11
12
19
20
24
18
19
23
18
20
20
18
16
22
18
21
33
31
23
15
18
19
26
25
17
16
25
25
22
27
30
26
15
25
29
17
24
13
5
16
17
10
13
11
9
12
4
9
17
23
16
10
8
7
11
16
14
4
5
8
12
16
21
17
8
9
18
22
18
20
18
14
18
15
16
16
10
6
3
2
7
9
6
8
1
-3
-3
-5
-3
-3
-1
-8
-15
-8
-4
-4
-6
-12
-11
-10
-17
-17
-13
-11
-11
-12
-13
-20
-19
-20
-21
-18
-15
-10
-3
-8
-19
-20
-13
-8
-14
-11
-14
-17
-15
-18
-9
-8
-17
-22
-15
-12
-7
-12
-16
-11
-9
-9
-17
-15
-7
-5
-2
-3
-4
-3
0
2
-1
-5
-5
2
7
4
-6
-8
-9
-7
1
-2
-2
-5
-9
-10
-5
1
2
-8
-10
-1
5
9
7
6
2
-3
-8
-4
3
0
2
1
3
8
7
11
12
10
3
-3
-1
8
12
4
2
1
0
6
12
7
-2
0
0
2
-4
-3
0
-5
-5
-9
1
2
-7
-2
-11
-14
0
-4
-8
-7
-10
-8
-5
3
-1
4
0
-9
-3
-7
-2
-1
-6
-6
-4
0
5
6
-1
0
-1
1
2
0
4
3
0
-9
-7
-7
-9
-9
-8
-2
-7
-12
-5
-12
-14
-12
-14
-9
-11
-10
-12
-19
-19
-23
-18
-13
-22
-24
-28
-19
-15
-22
-20
-23
-26
-29
-27
-23
-21
-21
-24
-23
-30
-27
-21
-26
-33
-25
-22
-28
-21
-23
-27
-26
-23
-29
-22
-18
-23
-29
-41
-37
-31
-23
-28
-27
-23
-22
-25
-27
-18
-21
-22
-23
-22
-20
-18
-15
-23
-33
-24
-16
-26
-20
-19
-22
-18
-19
-21
-11
-7
-10
-10
-14
-14
-13
-4
-1
-4
1
-6
-3
3
1
2
-2
-3
3
9
12
4
11
16
17
21
14
14
11
16
16
15
13
19
24
20
21
20
27
25
19
12
11
13
14
17
13
16
9
1
3
12
18
12
9
7
4
16
18
12
13
10
14
14
14
16
7
6
0
-3
3
0
4
3
1
7
9
10
7
11
9
14
16
7
11
13
10
6
7
18
9
9
13
9
11
9
11
8
6
10
7
8
10
6
8
6
6
1
1
8
6
6
4
3
0
0
1
-7
-4
-4
-3
-5
-9
-14
-10
-4
-1
0
-3
-8
-7
-2
-2
4
3
3
7
1
3
8
2
5
9
3
2
-2
-5
-1
-3
-4
1
1
-2
0
1
1
3
0
1
5
3
6
13
14
13
14
11
13
19
16
14
14
11
14
16
13
17
18
15
15
18
15
15
14
10
11
13
13
9
7
12
11
14
22
17
13
12
13
13
9
10
3
4
10
7
9
13
13
13
11
11
9
11
12
7
2
3
7
2
0
2
-3
5
9
6
5
3
-5
-4
2
-3
-1
1
4
2
1
1
-6
-12
-7
-7
-4
3
-3
-3
-7
-4
-6
-7
6
5
-1
3
4
3
2
5
3
-4
-3
-1
1
-2
-6
-5
-4
0
-5
-6
-9
-11
-9
-1
0
2
5
3
-3
-7
4
3
4
6
6
7
5
7
9
12
10
12
13
10
7
2
6
7
7
4
1
-2
-6
-5
1
2
0
-4
-9
-7
-6
-4
-5
-4
-7
-8
-4
-10
-8
-5
-9
-5
-5
-8
-2
-7
-11
-6
-9
-1
2
-4
-1
-3
-1
-1
1
-6
-7
-5
-13
-13
-14
-13
-14
-10
-13
-18
-22
-16
-14
-13
-7
-8
-15
-18
-18
-14
-5
-7
-9
-14
-16
-13
-12
-12
-15
-14
-10
-7
-10
-14
-19
-15
-18
-22
-20
-19
-13
-14
-16
-16
-13
-15
-13
-17
-19
-15
-12
-3
-6
-5
-1
-9
-7
-7
-6
-5
-11
-9
-5
0
3
5
4
9
9
7
5
4
6
1
3
0
2
-3
-9
-9
-12
-10
-11
-14
-13
-12
-11
-8
-15
-18
-17
-16
-14
-14
-9
-8
-9
-7
-11
-12
-14
-12
-12
-18
-11
-8
-13
-12
-7
-7
-6
-9
-12
-16
-12
-10
-18
-13
-22
-22
-19
-21
-13
-14
-15
-17
-16
-19
-21
-22
-24
-21
-17
-14
-16
-20
-16
-13
-8
-11
-12
-15
-10
0
-4
-4
-10
-6
-7
-9
-6
-13
-14
-16
-12
-11
-9
-10
-11
-12
-9
-5
-6
-6
-5
-4
-10
0
7
5
6
0
0
4
7
3
3
8
4
3
5
5
8
10
13
9
6
7
12
11
5
3
2
-1
2
3
0
3
-1
-6
-2
-3
0
5
2
2
-1
0
-2
1
6
2
5
5
6
6
8
13
12
11
11
5
4
5
-3
4
11
7
5
5
9
10
8
10
11
8
8
11
13
12
11
9
8
8
10
14
9
9
15
13
23
21
17
16
16
23
14
17
11
11
12
9
11
5
9
3
7
3
0
6
6
7
7
8
4
8
5
4
7
6
5
1
5
8
9
13
12
9
12
17
12
13
12
10
4
1
2
3
11
1
-4
-3
1
5
1
5
0
0
1
-3
-4
-8
-8
-9
-13
-12
-8
-4
-7
-12
-11
-9
-9
-7
-5
-7
-6
-10
-9
1
1
1
5
-5
-10
-3
-6
-8
-5
-3
-2
-1
0
0
2
2
7
2
-4
-3
2
-1
-2
