5
7
13
10
3
-1
-3
-7
-9
1
-3
-3
-5
-11
-9
-8
-4
-8
-9
-9
-7
-6
-6
-5
-8
-7
-3
-1
-4
-7
-6
-8
-5
-1
-1
3
0
-1
-10
-6
-5
-15
-4
-3
-10
-11
-12
-11
-8
-8
-3
-3
-4
-1
-4
-4
-4
-4
-9
-9
-5
1
0
-4
-1
-6
-4
-2
-10
-8
-8
-6
-3
-10
-10
-9
-9
-9
-15
-5
3
2
-1
2
-1
3
10
8
11
13
12
5
9
10
8
11
12
9
9
9
17
16
14
16
8
16
17
17
21
17
10
9
13
6
15
19
15
19
24
15
13
19
15
18
12
12
12
11
16
13
16
16
12
3
8
12
11
12
6
0
0
6
8
2
6
8
4
2
4
3
1
6
7
4
7
5
8
6
5
3
-7
-2
0
-5
-6
-1
-4
-5
2
-5
-9
0
-9
-7
-2
-9
-15
-8
-1
-8
0
-3
-10
-7
-10
-6
-10
-13
-8
-8
-8
0
4
-2
-1
-4
0
-1
-8
-3
-9
-13
-9
-8
-10
-9
-14
-11
-3
-9
-5
-6
-5
-4
-2
-2
-1
-5
-1
-1
-14
-6
-14
-17
-5
-8
-5
-5
-12
-5
-10
-11
-2
-9
-10
-5
-12
-13
-9
-18
-13
-12
-14
-12
-14
-16
-13
-11
-15
-10
-10
-7
-7
-4
2
1
-4
-3
-8
-12
-11
-12
-5
-8
-12
-11
-2
-3
-4
1
-3
-2
4
-2
-1
4
6
4
1
12
10
6
4
5
6
12
20
17
14
10
16
12
9
17
10
7
14
7
7
14
11
6
8
12
6
7
8
10
12
3
5
8
9
14
3
5
-1
-5
1
-5
5
6
-4
-2
1
-8
-3
-1
-4
-1
-3
-9
-3
2
0
8
4
0
1
-2
-2
1
9
11
10
12
5
6
7
4
5
10
9
5
11
11
15
21
16
14
17
13
18
22
15
22
18
11
18
15
16
21
22
20
14
17
16
16
20
16
15
18
15
10
13
14
6
9
15
7
14
4
-2
6
-4
-3
0
-5
-11
-14
-13
-17
-18
-15
-17
-16
-21
-20
-22
-30
-25
-20
-19
-16
-16
-17
-14
-17
-19
-20
-18
-17
-21
-22
-20
-20
-19
-23
-23
-20
-20
-17
-26
-29
-25
-19
-15
-14
-14
-21
-10
-5
-10
-4
-2
-2
3
4
-1
1
5
5
11
10
10
12
10
9
9
5
2
4
5
12
16
14
19
18
19
21
23
25
21
21
19
19
21
16
15
15
14
10
11
11
9
13
10
5
4
0
4
4
-5
-7
-3
-7
-5
-8
-10
-4
-7
-2
-4
-7
-12
-7
-4
-6
-5
-11
-9
-9
-14
-12
-19
-21
-11
-19
-14
-10
-11
-4
-9
-7
-4
-2
1
-2
-3
-4
-7
-7
-6
-10
-14
-9
-2
-4
-4
-5
-3
4
4
0
2
6
6
10
13
17
13
10
13
9
6
15
16
18
20
16
15
18
18
17
22
20
17
10
11
14
12
15
13
14
13
15
15
10
9
18
17
21
28
17
21
16
14
15
14
5
2
7
0
-3
1
3
-1
1
2
4
4
0
3
2
6
6
-1
1
3
2
5
5
3
4
0
0
2
-1
2
4
1
-3
-5
-11
-10
-7
-4
-1
-6
-10
-10
-10
-7
-6
-5
-8
-9
-11
-6
-6
-9
-2
-9
-7
-8
-8
-4
-11
-11
-10
-11
-7
-1
-3
-6
-5
-4
-11
-11
-8
-9
-7
-10
-11
-8
-5
-5
-10
-9
-5
-7
-10
-2
-2
-3
-5
-9
-5
-15
-8
-9
-11
1
-5
-6
-7
-6
-3
-1
2
0
0
-1
-2
3
7
2
2
0
0
0
1
1
-6
-7
-10
-13
-4
2
1
4
1
-1
3
4
5
4
1
3
3
1
3
3
3
-2
0
5
9
8
7
4
-2
-1
2
0
1
5
7
4
-3
-4
-2
-6
-6
2
2
2
5
6
11
8
8
10
8
8
4
-2
2
0
3
-3
-7
-2
-5
-8
-4
-1
-2
-5
-9
-12
-14
-8
-9
-8
-3
-8
-5
-7
-8
-7
-8
2
-2
-4
-5
-6
-3
-4
-5
-10
-11
-10
-6
-4
-6
-1
-7
1
4
-3
3
2
-1
2
6
2
4
6
5
2
1
3
1
0
2
2
1
5
3
0
2
4
2
-5
0
2
0
4
4
2
-1
-1
-3
-7
0
2
1
0
0
1
-3
2
2
-3
-4
-9
-11
-13
-12
-8
-3
2
-2
-4
-9
-13
-5
-9
-12
-8
-6
-7
-8
-9
-6
-6
-6
-8
-5
0
-5
-8
-2
-5
-8
-4
-5
-2
-8
-8
-9
-8
0
-7
-7
-9
-5
-9
-10
-4
-7
-2
2
1
2
0
0
3
3
-1
-3
1
0
-3
-1
3
5
3
7
3
2
5
6
4
5
9
11
14
15
10
8
15
14
9
8
8
3
5
9
3
9
13
12
14
9
11
0
-3
9
10
3
3
6
3
1
4
2
-2
0
0
-6
-2
-1
-6
-4
-5
-5
-5
2
-2
-7
-3
-3
-3
-5
-6
-8
-6
-9
-7
-2
-7
-3
1
0
1
1
-4
-6
-8
-5
-1
-3
0
-4
-6
0
2
2
-2
0
0
1
2
-2
3
8
5
6
8
5
5
-5
1
-3
-10
-6
0
0
-2
-1
-8
-6
-5
-6
-5
-1
-3
-2
-3
-3
-3
-1
-4
3
0
-4
7
3
7
11
12
13
15
12
7
7
4
9
4
7
6
2
1
10
9
5
10
8
11
7
11
14
13
12
8
7
5
7
3
5
2
-4
-2
4
3
0
4
-1
0
0
-4
-5
0
-3
-5
-9
-13
-7
-6
0
-4
-4
-3
-4
3
-2
-4
0
-3
-5
-2
-4
-4
-7
-5
-3
-3
-2
-2
-4
-2
0
-5
1
-1
-3
-7
-14
-5
0
-1
-3
-5
-4
-7
-6
-6
-9
-7
-11
-10
-7
-7
-7
-10
-13
-8
-7
-8
-3
-8
-8
-7
-7
-6
-6
-1
-2
-3
-6
-2
4
1
-1
1
3
-2
-2
-5
-9
-1
-4
1
0
-2
4
-1
2
2
0
2
0
-5
-1
0
2
8
1
1
1
0
1
1
0
-1
-4
-1
-4
-9
-11
-13
-6
-6
-4
-5
-5
-9
-12
-13
-17
-12
-11
-13
-11
-10
-16
-9
-8
-13
-4
-4
-8
-11
-10
-7
0
1
-1
-2
2
2
2
7
5
4
0
0
-1
5
5
1
7
6
6
0
10
12
9
18
17
11
10
15
19
18
22
16
12
19
17
18
18
19
20
18
15
9
11
11
15
13
9
9
8
8
6
7
0
-4
1
1
8
5
2
1
-2
0
-9
-4
1
-1
-5
-3
-6
-7
7
-1
-3
-4
-7
-4
-5
-5
-6
-8
-8
-5
-8
-9
-5
-6
-6
-6
-5
-5
-4
0
-1
0
-4
-6
-5
-7
-7
-7
-6
-9
-5
-2
-9
-7
-10
-10
-3
-9
-7
-9
-14
-11
-6
-7
-10
-7
-7
-6
-13
-4
-2
1
2
-1
-3
-9
-6
-11
-5
-11
-5
-8
-8
0
-3
2
-1
4
-3
1
8
1
0
6
9
-2
-1
3
3
-2
-12
-14
-7
-3
-6
-8
-10
-15
-12
-9
-12
-9
-12
-12
-18
-22
-21
-19
-16
-11
-14
-11
-5
-11
-10
-14
-5
-6
-13
-10
-10
-11
-14
-13
-11
-6
-6
-3
-12
-9
-4
-7
2
1
-3
-10
-5
-8
-7
5
-2
-3
-4
-2
1
-3
-1
0
1
3
5
0
-1
3
3
2
-4
-7
-3
2
0
-1
1
0
0
0
-6
-9
-5
-5
-4
-7
-7
-5
-7
-8
-2
-4
-7
-4
-4
-7
-9
-9
-11
-9
-9
-12
-9
-10
-12
-12
-13
-11
-8
-2
-2
-3
0
1
2
-3
2
7
5
8
6
6
7
7
9
17
14
8
3
7
5
5
11
5
4
1
-3
-1
3
4
7
3
7
9
9
7
7
5
3
8
9
9
2
2
5
5
2
3
6
4
2
6
6
3
1
4
3
-1
1
-4
-1
-7
2
5
-1
9
3
2
3
1
0
0
-6
-7
-5
-8
-6
3
1
-4
-8
-11
-7
-7
-7
-10
-7
-4
-6
-5
-9
-3
-2
-3
0
-9
-7
-3
-7
-2
-2
-5
-1
-4
-2
4
-4
0
-1
-1
-6
-6
-1
-2
4
-1
4
4
0
5
5
4
3
3
6
6
8
5
5
6
1
3
-2
0
2
5
2
3
3
-1
2
6
10
7
9
2
1
-3
-6
0
2
0
-6
-5
-2
0
-1
-4
2
1
-3
0
-6
-3
-3
-4
-1
-2
3
-1
6
4
4
6
6
6
9
16
7
15
11
8
5
6
16
14
11
10
6
8
16
14
20
13
8
9
12
14
14
16
13
14
16
16
16
14
12
15
22
24
24
19
13
13
13
15
16
15
14
6
6
10
9
11
6
7
12
6
8
14
13
15
15
9
11
10
3
3
1
4
-1
0
-2
-2
-3
-2
-5
-1
3
3
7
-3
-1
4
1
0
1
-6
-11
-9
-11
-6
-5
-9
-11
-7
-3
5
0
-3
-2
-2
3
-3
3
-4
0
-4
-13
-7
-10
-8
-12
-13
-8
-3
-6
-6
-13
-15
-15
-17
-9
-10
-9
-15
-16
-14
-9
-8
-11
-14
-19
-20
-18
-16
-15
-17
-25
-21
-15
-18
-27
-26
-23
-27
-30
-30
-25
-31
-25
-21
-32
-34
-32
-32
-27
-23
-30
-29
-30
-29
-19
-19
-17
-21
-28
-27
-28
-25
-23
-23
-24
-23
-25
-22
-19
-26
-27
-22
-21
-25
-23
-24
-24
-21
-17
-14
-15
-10
-13
-17
-15
-4
-6
-5
-2
-7
-4
-15
-18
-10
-9
-13
-15
-8
-10
-9
-3
-9
-13
-8
-1
-7
-8
-8
-9
-8
-9
-3
-2
-6
-2
-5
-12
-10
-6
-3
-5
-4
-3
-4
-7
-5
-5
-1
-1
-9
-4
2
5
6
-2
-9
-5
-4
-4
-13
-3
3
-4
3
-2
-3
6
10
6
6
5
3
3
4
5
1
2
1
1
5
9
3
10
11
11
14
9
15
11
6
3
3
6
3
1
0
-1
0
4
1
3
0
-3
-1
2
3
2
4
4
0
-4
-5
-6
-11
-11
-12
-8
0
0
-5
-5
-5
-11
-2
-1
-8
-2
1
-7
-5
-4
-4
3
-2
1
2
0
2
7
6
10
12
10
15
10
9
7
11
11
14
14
7
12
14
13
15
18
17
17
19
14
20
19
17
18
15
19
14
14
19
17
15
13
16
17
21
21
21
15
15
15
18
24
14
6
9
7
4
7
2
4
8
3
4
3
-2
4
-4
-6
-4
-7
-3
2
-2
-12
-6
-2
-9
-7
-6
-5
-3
-4
-1
-3
-4
1
-3
-2
-5
-4
1
1
-4
-3
4
-6
-5
5
5
2
-3
6
9
9
8
4
5
9
13
10
7
4
10
8
11
16
14
13
4
9
14
16
5
6
14
10
14
11
9
13
10
10
8
5
4
-1
8
1
-1
8
7
13
5
11
8
3
8
3
9
9
10
14
9
14
9
3
5
6
6
5
1
0
1
-2
2
-3
-2
-2
-7
-3
-7
-5
-2
-5
0
-2
-3
-3
-7
-5
-7
-7
-6
3
8
-3
4
2
5
10
4
2
-1
3
8
6
4
11
8
8
9
8
4
12
15
9
15
20
24
20
19
18
15
21
20
24
16
12
16
21
23
21
21
17
23
25
28
27
23
24
20
18
15
21
16
16
13
13
18
11
15
16
11
7
7
7
2
1
-3
-3
1
4
8
-4
-2
-1
-6
-2
-9
-7
-5
-7
-9
-9
-9
-7
-10
-13
-9
-15
-13
-18
-18
-14
-17
-15
-15
-14
-14
-10
-10
-14
-8
-9
-12
-12
-15
-5
-2
-4
3
-3
-3
-2
-5
0
0
4
-2
0
-4
-2
-2
-8
-9
-6
-2
-14
-10
-12
-10
-10
-20
-19
-14
-4
-12
-12
-16
-17
-11
-13
-16
-15
-16
-23
-20
-19
-18
-14
-9
-16
-15
-13
-14
-16
-17
-10
-13
-15
-9
-12
-11
-11
-17
-14
-16
-10
-8
-14
-13
-12
-15
-9
0
-3
-4
-15
-9
-6
-6
3
0
-2
0
0
-1
2
3
7
6
3
10
9
9
6
4
0
1
3
0
7
4
6
8
4
5
6
5
8
6
5
12
12
10
10
11
16
12
6
5
9
11
10
8
3
1
4
3
-5
-3
2
-2
0
-3
-2
3
0
2
-3
-6
-6
-8
-8
-6
-10
-9
-10
-14
-7
-4
-1
-1
-4
-2
-2
0
1
2
4
5
6
4
3
-1
0
-1
-1
1
-2
-5
-6
2
-1
-4
-7
-9
0
3
2
0
-8
-3
2
-7
-6
-5
-4
-1
1
1
-5
3
2
-4
-6
-5
1
2
1
-2
-3
-4
-7
-2
-2
-6
-12
-7
-8
-9
-8
-18
-14
-11
-8
-9
-10
-13
-16
-11
-6
-5
-9
-7
-10
-6
-3
-5
-2
-1
-2
1
1
1
12
10
7
10
5
0
4
9
9
6
1
4
7
5
4
2
-1
-1
0
7
3
9
9
4
9
6
12
15
10
6
8
8
9
12
6
8
16
15
16
21
22
17
14
15
12
8
10
8
0
6
7
2
3
2
2
8
10
7
9
5
5
5
1
2
6
6
2
8
10
2
3
4
3
0
-4
-7
-8
-4
-3
2
2
3
3
-1
2
6
10
12
7
5
8
8
9
10
2
4
10
3
3
0
2
4
5
6
7
11
9
7
9
15
19
17
11
13
12
10
7
10
15
15
16
9
7
12
17
24
21
16
23
20
18
20
17
20
18
13
17
21
17
17
13
18
18
16
16
8
10
10
7
13
14
7
6
8
9
12
16
13
13
4
13
16
11
13
12
21
19
17
10
8
6
10
10
5
5
2
9
5
4
1
0
-3
2
5
6
3
-4
-4
-6
-5
-9
-12
-14
-11
-13
-13
-14
-22
-18
-21
-19
-16
-21
-23
-25
-23
-23
-25
-21
-27
-26
-26
-30
-27
-25
-24
-24
-25
-26
-27
-27
-26
-23
-23
-25
-25
-29
-23
-19
-20
-20
-27
-22
-23
-23
-24
-26
-24
-19
-13
-16
-14
-16
-17
-15
-11
-7
-13
-9
-10
-13
-16
-7
-3
-5
7
3
0
-3
-3
-2
3
1
-4
-2
-11
-11
-10
-6
-10
-9
-9
-7
-6
-5
-7
-14
-5
-8
-7
-4
-13
-9
-9
-6
-8
-7
-10
-9
-5
-9
-3
-5
-6
-7
-9
-8
-5
-1
-5
-5
0
-6
-4
2
-3
-6
-5
-7
-9
-4
-5
-5
-5
-10
-7
-1
-7
-3
-3
-14
-8
-13
-11
-1
0
-5
-9
-8
-6
-1
0
2
-3
0
5
0
1
-2
-6
-2
0
0
2
-1
-1
3
4
7
8
4
5
4
6
12
13
6
2
8
12
10
8
2
6
11
9
7
1
8
8
8
4
4
5
5
7
5
10
5
5
-1
-1
8
-2
-4
-5
-3
-3
-8
2
0
1
-2
-10
-7
-3
-3
-15
-16
-21
-10
0
1
8
-1
-5
-3
0
3
6
1
7
6
10
12
7
15
7
9
12
5
8
9
8
14
13
13
10
11
11
10
20
23
20
14
11
16
21
24
25
14
12
17
21
23
14
16
19
12
14
16
12
13
7
10
11
13
17
11
7
5
11
12
8
4
3
4
8
12
12
0
-7
-8
1
2
-2
2
-9
-7
-9
-9
-7
-14
-12
-18
-18
-8
-6
-4
-8
-14
-4
-6
-6
-5
-12
-7
0
-1
-1
-9
-12
-10
-9
2
0
-2
-4
-8
4
5
3
-3
-4
-4
-7
4
-4
0
4
-5
-1
-3
7
6
2
0
4
8
5
8
0
7
11
16
18
6
4
0
8
13
14
13
2
7
9
15
21
5
1
4
7
11
-1
3
8
9
17
8
8
3
-4
5
7
9
-3
-12
-4
1
6
12
5
-5
-9
-13
-3
10
8
-9
-12
-9
1
11
1
-6
-5
-5
1
9
-3
-13
-3
12
14
4
-6
-7
-7
13
19
12
1
-16
1
12
26
21
-6
-3
1
18
19
5
8
2
4
14
12
5
3
12
22
16
1
10
-3
1
16
18
23
-13
-10
1
16
36
12
-4
-8
0
12
18
14
7
0
-3
7
10
9
6
2
20
14
5
-3
-5
28
19
7
-4
1
4
2
14
14
22
6
-3
-3
0
21
9
0
4
-18
-9
8
20
20
-5
-16
-15
11
23
11
-20
-6
25
2
-17
-15
4
25
0
-8
-13
-13
18
13
-8
-13
18
8
-2
-5
4
39
2
28
5
-39
8
19
51
36
-33
-40
-43
54
165
-50
-145
8
74
124
-90
-74
86
-57
64
27
-52
-34
-76
101
65
-73
-67
-76
5
156
29
-114
-129
-56
189
20
-77
-22
-126
52
38
-6
-30
-141
59
46
-68
-13
-57
-26
43
43
29
-122
-136
91
81
21
-45
-117
-3
-3
47
29
-84
-3
-11
-25
-13
-30
16
-1
-1
22
-48
-61
2
28
55
1
-66
-46
-24
42
42
-33
-6
-13
-26
7
4
40
16
14
36
-31
-25
3
38
72
19
-11
-51
-36
40
63
56
15
-20
-43
4
68
64
26
-18
12
9
-11
22
40
42
1
-6
5
1
8
22
40
30
10
-37
-22
26
71
70
-16
-26
-13
33
25
28
61
-6
-11
-31
54
87
28
25
-16
42
21
32
41
11
30
-10
13
12
49
19
-17
8
13
53
-12
5
25
22
52
-2
5
-17
8
70
50
5
-45
-14
29
65
59
2
-44
-41
56
73
59
-17
-46
28
21
63
4
-12
29
-12
48
-26
-15
24
-16
79
-13
-23
-27
-54
81
21
21
-18
-77
19
0
36
52
-23
-26
-23
-6
58
3
-9
27
-25
39
-23
-38
25
3
84
-13
-55
-23
-34
41
48
55
-29
-100
-60
51
87
-7
-35
-54
13
16
-22
18
-2
45
13
-49
-16
-44
7
46
34
14
-96
-85
6
65
51
-30
-71
-51
-9
9
14
-26
-11
-9
-39
-32
-55
3
22
3
-7
-85
-77
-21
31
71
6
-85
-82
-48
41
74
-23
-14
-73
-58
35
-2
59
-38
-67
17
-29
40
-7
-20
32
-27
26
-19
-51
20
17
69
28
-39
-39
-28
85
98
27
-46
-69
6
54
104
44
-37
-33
-10
62
43
13
18
-18
8
24
15
27
27
50
28
-17
-17
25
57
50
29
-32
0
44
41
37
-30
38
38
2
50
-46
20
18
31
101
-87
-30
-2
44
101
-54
-32
-67
6
126
22
-62
-110
-43
80
66
-18
-83
-130
-12
98
33
-32
-116
-62
36
18
11
-59
-76
48
64
-18
-101
-95
67
119
46
-17
-133
-102
63
122
156
-23
-152
-23
-4
132
81
-12
62
-56
-1
-58
-43
122
70
105
-75
-168
-106
-16
239
117
-27
-197
-197
71
55
151
5
-89
-22
-135
38
-1
27
109
5
28
-157
-140
34
153
231
21
-160
-166
-56
176
239
99
-56
-159
-36
69
109
123
20
30
-55
-72
12
7
156
72
-12
-77
-230
-30
53
202
81
-227
-182
-144
120
81
-34
-64
-196
-72
-60
48
14
-133
-99
-66
77
-5
-121
-105
-1
115
33
-79
-107
-15
26
95
64
-11
-43
-77
99
98
54
-13
-81
90
80
49
-66
-92
83
58
55
-100
-93
10
-28
77
-87
-80
-86
-115
98
-49
-110
-201
-184
155
90
-98
-303
-323
101
186
38
-109
-348
-125
10
119
256
-100
-178
-176
-14
293
75
-31
-2
1
168
-40
-34
202
162
205
-44
-75
58
93
220
180
62
-38
-54
49
192
100
16
-44
23
105
3
-82
-90
51
97
74
-103
-187
-114
-23
177
88
-22
-130
-192
-30
34
175
122
-47
-134
-167
70
132
183
120
-73
29
-133
81
195
112
270
-182
-5
-54
-14
291
-40
163
-158
-193
10
-77
176
-88
-165
-146
-212
-21
-152
-131
-169
-226
-100
-223
-165
-256
-245
-114
-112
-81
-208
-331
-193
-41
36
81
-230
-156
-101
-12
291
-19
76
-3
-77
278
33
257
207
27
286
41
217
229
108
366
190
105
113
10
335
326
89
92
-71
188
263
20
144
-9
107
155
-26
200
-26
41
164
128
231
-116
-65
178
315
316
-57
-81
121
249
314
96
100
81
38
114
157
201
39
-70
-44
62
-64
-129
-100
-48
-53
-386
-362
-234
-222
-175
-515
-432
-350
-558
-371
-607
-387
-374
-650
-319
-616
-558
-543
-564
110
-273
-577
-732
-700
308
118
-79
-417
-740
71
36
361
228
-310
6
-176
403
452
77
241
41
482
370
85
199
304
695
583
199
52
238
615
779
526
289
254
369
630
679
608
526
412
579
622
621
567
566
796
710
646
355
511
776
775
775
330
449
463
488
665
432
428
191
78
258
217
177
3
-199
-124
-193
-322
-398
-542
-499
-578
-688
-778
-911
-1034
-1045
-959
-914
-1066
-1421
-1468
-1363
-1131
-1148
-1351
-1493
-1536
-1399
-1334
-1262
-1261
-1285
-1269
-1273
-1241
-1063
-1161
-922
-893
-799
-604
-1055
-756
-689
-229
134
-402
-332
-421
-47
511
325
572
433
230
623
614
1256
1307
987
1160
997
1501
1596
1532
1835
1750
1858
1760
1658
2074
2157
2176
2093
1876
2060
1992
2043
2150
2066
2007
1773
1667
1787
1731
1592
1502
1298
1309
1068
845
833
679
619
356
76
-52
-246
-382
-456
-713
-921
-1213
-1385
-1349
-1534
-1742
-2049
-2218
-2149
-2161
-2266
-2520
-2742
-2722
-2669
-2499
-2525
-2666
-2730
-2864
-2561
-2398
-2321
-2189
-2322
-2025
-2101
-2201
-1727
-1525
-945
-1172
-1683
-1291
-1208
-385
-100
-339
-101
-720
-380
222
596
1223
612
418
496
611
1466
1693
1770
1562
1081
1333
1677
2064
2328
2078
1833
1678
1651
1915
2068
2005
1982
1672
1426
1308
1162
1416
1452
1319
1056
527
394
518
653
842
643
360
210
-109
172
480
722
867
355
212
228
515
1192
1278
1157
846
524
1018
1262
1515
1505
1089
1164
853
914
994
919
1047
668
318
-68
-338
-122
-106
-342
-808
-1436
-1500
-1579
-1659
-1692
-2139
-2306
-2608
-2848
-2726
-3021
-3037
-2919
-3152
-3118
-3596
-3708
-3114
-3289
-2850
-3200
-3493
-3029
-3439
-2542
-2439
-2510
-2064
-2491
-1869
-1646
-1607
-651
-796
-393
-115
-309
648
459
1332
1913
1731
1960
1654
2535
3239
3332
3276
3108
3168
3563
3595
3774
3611
3273
3228
3050
3039
2751
2476
2132
2066
1649
1389
893
503
647
265
60
-567
-814
-511
-608
-790
-1128
-1373
-952
-819
-686
-600
-970
-573
-370
156
519
206
494
621
1139
1488
1415
1614
1693
1892
2066
1947
1929
1970
1992
2156
1836
1495
1210
1085
1221
1025
543
51
-368
-497
-496
-927
-1203
-1871
-2144
-2173
-2542
-2559
-3182
-3367
-3454
-3800
-3700
-4009
-4021
-4123
-4443
-4346
-4429
-4175
-4002
-4074
-4177
-4455
-4003
-3238
-2638
-2769
-3368
-3034
-2296
-1147
-815
-930
-621
-564
292
834
1545
2106
1987
2420
2825
3399
3696
3714
4332
4840
4872
4458
4118
4583
5025
5192
4687
4087
3679
3419
3546
3344
3035
2387
1719
1370
1007
698
400
28
-92
-333
-792
-1205
-1658
-1437
-872
-745
-964
-1703
-1812
-1137
-540
163
11
-200
-250
-63
858
1352
1621
1560
1404
1637
1728
1947
2236
2371
2442
2064
1599
1395
1501
1716
1639
1004
393
-65
-306
-175
-562
-833
-1480
-2083
-2145
-2684
-2764
-3227
-3518
-3339
-4119
-4474
-5058
-4819
-4104
-4807
-5180
-5904
-5518
-4794
-5052
-4808
-5475
-5375
-4753
-4201
-3299
-4040
-4271
-3573
-2399
-1029
-1462
-1736
-1318
-256
1341
1684
1746
1798
2343
3631
4443
4801
4702
4868
5511
6210
6288
6029
5944
6137
6526
6176
5585
5021
4850
4953
4593
3722
2820
2133
1926
1690
990
325
-644
-995
-1231
-1606
-1797
-2287
-2351
-2604
-3052
-2802
-2645
-2239
-2082
-2387
-1907
-1822
-1098
-365
-169
392
264
823
1415
1855
2568
2657
2792
2875
3053
3408
3616
3639
3612
3335
2908
2849
2720
2633
2268
1490
1204
624
264
-33
-839
-948
-1723
-2147
-2676
-3551
-3516
-4088
-4221
-4714
-5542
-5599
-5963
-5906
-5929
-6630
-6475
-6782
-6522
-6210
-6809
-6389
-6455
-5884
-5255
-5277
-4736
-4738
-4611
-3154
-2298
-1629
-1975
-1945
90
647
1285
1574
2586
3695
3445
4087
5172
5957
6196
6396
7002
7223
6809
7023
7517
7888
7330
6709
6111
5923
5936
5458
4894
3741
3184
2550
1850
1245
720
96
-615
-1400
-1909
-2139
-2504
-2393
-2761
-3336
-3566
-3539
-2841
-2514
-2765
-2512
-2604
-1793
-1019
-690
11
-223
521
1116
1615
2311
2217
2796
3116
3332
3533
3368
3723
3950
3807
3558
3055
2858
2731
2483
2246
1501
796
261
36
-317
-1039
-1827
-2294
-2562
-3182
-3814
-4559
-4653
-4989
-5398
-5845
-6452
-6555
-6826
-6653
-6599
-7047
-7367
-7407
-6937
-6450
-6857
-6755
-6351
-5587
-4808
-5204
-4912
-4459
-3133
-1631
-1664
-1575
-1433
-342
1342
2089
2960
3123
3128
4080
5171
6515
6843
6602
7111
7446
7724
7820
7857
8231
8130
7600
6964
6232
5997
6135
5692
4889
3564
2490
2020
1517
1322
621
-506
-1452
-2165
-2387
-2387
-2515
-2609
-3159
-3886
-3948
-3462
-2580
-2224
-2508
-2580
-2314
-1558
-696
-19
561
794
957
1410
2116
2819
3279
3554
3843
3871
3780
3892
4184
4490
4415
3838
3269
2775
2707
2753
2239
1628
537
-26
-449
-914
-1155
-2089
-2735
-3383
-3999
-4377
-5162
-5466
-5654
-6136
-6467
-7187
-7436
-7523
-7525
-7251
-7508
-7823
-8023
-7885
-7539
-7256
-6940
-6592
-6106
-5811
-5701
-5680
-4890
-2483
-852
-1605
-3578
-3101
532
3271
3048
1721
1699
2990
4600
6126
7443
7084
6149
6378
7833
8909
8506
8021
8316
8664
7968
6748
5989
6623
7258
6625
4624
2706
2323
2610
2681
1810
382
-991
-1803
-1888
-1938
-2356
-2647
-2599
-2541
-3467
-4608
-4190
-2636
-1003
-1263
-2727
-3161
-2463
-293
1359
1774
1333
393
898
2234
3806
4700
4519
4069
3711
3836
4457
5033
5430
5361
4466
3267
2463
2898
3544
3474
2139
388
-538
-902
-562
-793
-1617
-2740
-4083
-4685
-4953
-5127
-5182
-5755
-6485
-7119
-8145
-8016
-7759
-7394
-6979
-7931
-8664
-9199
-8559
-7083
-6781
-7470
-7481
-7455
-6388
-5837
-5512
-4218
-4067
-2097
-1742
-2946
-3224
-1376
2800
4070
1778
831
1948
4282
6723
7355
8017
6301
5605
7359
9243
10130
9186
8556
8626
8309
7445
7396
7238
8060
7575
5618
3579
2441
3325
3954
3132
1305
-770
-1959
-1449
-1221
-1086
-1904
-2596
-2851
-4023
-4354
-3563
-2286
-1347
-2087
-3247
-3411
-2784
-521
1108
1349
535
-549
262
1901
3484
4367
3756
3163
2922
3197
4260
4870
5216
4788
3492
2759
2568
3011
3480
2832
1733
190
-744
-686
-759
-1009
-1865
-3070
-3965
-5118
-5377
-5291
-5225
-5586
-7169
-7838
-8548
-7998
-7515
-7630
-7548
-8640
-9137
-9146
-8540
-7301
-7367
-7747
-7772
-8029
-6669
-6239
-5308
-4504
-3705
-1592
-2752
-4428
-3328
709
4329
2843
-125
969
2976
5710
7138
7698
7930
5524
6282
8717
10561
10749
9354
9188
9458
8543
8289
8156
8625
9417
7671
5363
3288
3594
5008
4822
2977
828
-1151
-1411
-709
-699
-774
-2376
-2917
-3304
-4183
-4049
-3526
-2369
-1579
-2810
-3857
-4033
-2723
233
1047
892
-596
-1242
619
2246
3958
4085
2961
2726
2437
3373
4822
4952
5055
3888
3158
3001
2524
3200
3276
2790
1643
-190
-801
-752
-505
-529
-1939
-3473
-4511
-4988
-4656
-4889
-5343
-5905
-7050
-7612
-8188
-7758
-7114
-7397
-7451
-8442
-9011
-8870
-8331
-6704
-7063
-7979
-8390
-8406
-5769
-5438
-5482
-5207
-4489
-955
-2375
-4857
-3662
85
4835
2651
-738
853
2416
5874
7098
7587
7854
4391
5908
9210
11257
11075
8327
8657
9646
9002
8707
7919
8591
9475
7603
5347
3249
3745
5301
4880
2914
493
-1427
-1305
-385
-174
-736
-2670
-3418
-3697
-3850
-3493
-3292
-2754
-2384
-2995
-3760
-3997
-2470
-11
866
79
-1083
-1017
381
2345
3493
3765
2636
1895
2356
3211
4748
4942
4176
3427
2427
2548
2585
2790
3518
2241
977
-580
-1188
-237
-490
-822
-2290
-4078
-4314
-5020
-4601
-4380
-5448
-5919
-7734
-7812
-7179
-7524
-6910
-7457
-7730
-7983
-9617
-8453
-7632
-7092
-6476
-8806
-8045
-7432
-6221
-4202
-4329
-2275
-3577
-6595
-4148
-240
3792
1830
-2274
787
2352
4728
5840
6349
8278
5446
5768
8658
10211
11099
9944
9972
10507
8727
8856
9203
9977
10824
8595
6185
4467
4861
6187
5669
3525
1907
-141
-597
-410
-823
-321
-1826
-2622
-3608
-4969
-4078
-3623
-2795
-2219
-3904
-4268
-4823
-3543
-358
-199
-196
-1765
-1889
109
1155
2869
2939
2276
2316
1966
2764
4011
4341
4741
3498
2645
2619
2276
3180
3323
2798
1763
-70
-565
-94
-236
-252
-1838
-3182
-3740
-4745
-4149
-4717
-5160
-5760
-7173
-7480
-7994
-7838
-7429
-7825
-8105
-8848
-9110
-8955
-9098
-8140
-8344
-7830
-8062
-8511
-6797
-5288
-2505
-4156
-7312
-5704
-1764
2287
596
-2248
-226
1604
4125
5528
5943
7001
5004
6401
9495
10622
10770
9392
10549
11628
10570
9992
9624
10549
11564
9835
7578
5837
6027
7100
6354
4542
2390
675
342
654
-51
-863
-2251
-2884
-2993
-4109
-4295
-4389
-3985
-3211
-4146
-4686
-4805
-4146
-1750
-1268
-1390
-1976
-2290
-550
474
1859
2183
1474
1855
2041
3266
3974
3839
4055
3432
3556
3304
2859
3352
3232
3152
2047
798
597
148
451
-223
-1384
-2404
-3664
-3518
-3917
-4245
-5210
-6531
-6942
-7591
-7207
-7408
-8282
-8658
-9468
-8834
-8901
-9502
-9000
-10077
-8989
-8669
-8720
-7369
-6840
-3878
-5270
-8641
-6882
-2704
1660
-542
-4304
-1770
613
3317
4574
5102
6395
4013
5276
9020
10980
11149
9456
10405
11907
11130
10752
10738
11714
12850
11083
8698
6943
7509
8822
8048
5776
3338
1874
1369
1524
909
120
-1259
-2538
-3296
-4038
-4215
-3770
-3666
-3789
-4585
-5756
-5200
-4422
-2283
-1541
-2549
-2989
-3108
-1105
294
972
1518
962
1133
1571
2231
3934
4018
3966
3517
2793
3408
2985
3683
3885
3091
2348
795
907
1095
841
440
-971
-1813
-2742
-3312
-3074
-3443
-4182
-5562
-6722
-6908
-7222
-7107
-7373
-7817
-8618
-9581
-9573
-9467
-8511
-9346
-9446
-9281
-9493
-8292
-7431
-4330
-4612
-8762
-8913
-4688
469
281
-4612
-3324
-547
1847
3731
3551
6044
4188
4090
7617
9795
10929
9523
9720
11909
11277
10668
10749
11271
13535
11901
9661
7540
7618
9510
9019
6991
4482
2881
2235
2218
1363
959
-523
-1870
-2811
-3596
-3776
-3797
-3611
-3689
-4485
-5578
-5434
-4711
-2628
-2097
-2732
-3373
-3421
-1758
-420
721
1020
509
507
1267
2332
3513
3794
3516
3125
2911
3286
3394
3595
3664
3182
2313
1382
1011
1178
1215
440
-774
-1829
-2260
-2429
-2671
-3388
-4241
-5196
-6203
-6489
-6818
-6579
-7218
-8331
-8713
-8988
-8862
-9267
-9688
-9378
-9407
-9744
-9367
-7909
-4876
-5091
-9080
-10304
-6335
-624
-461
-4686
-5177
-2474
327
2313
3160
4452
3220
2475
5582
8711
10001
8853
9111
11111
10939
9954
9875
11413
13566
13108
10417
7879
7762
9855
10418
8621
6152
3841
3215
3278
2933
2215
616
-518
-1455
-2621
-3427
-3927
-3217
-2149
-3207
-5414
-6792
-5516
-2509
-1142
-2102
-4072
-4509
-2688
-582
784
1137
250
-12
617
1964
3518
3897
3994
3482
3011
3425
3266
3782
4300
4004
2997
1028
920
1532
1893
1300
-560
-1850
-2488
-2629
-2484
-2839
-3784
-5016
-6405
-6840
-6732
-6431
-6807
-7837
-8961
-8966
-9004
-9381
-8955
-9346
-9156
-9908
-10605
-9315
-7506
-4399
-3710
-8634
-11138
-7723
-1102
1986
-3405
-5653
-3717
-711
2874
3340
4925
4103
1768
4577
7837
9899
9692
8722
11262
10905
9170
9319
10532
13922
13841
10789
7953
6722
9037
10826
9641
7276
3949
2582
3266
3210
3102
1548
15
-829
-2261
-3220
-3475
-2573
-1203
-2250
-5079
-6497
-5587
-2311
-299
-1292
-3308
-4457
-3169
-611
1095
1951
1121
-205
469
1682
3541
4425
4184
3946
3061
2775
3168
3796
4573
4233
2445
984
276
893
1764
930
-592
-2161
-3829
-3766
-3596
-3481
-3785
-6334
-7144
-7860
-8001
-7133
-8225
-8300
-8936
-10199
-9713
-10418
-9608
-9028
-10197
-9227
-10309
-9743
-7662
-5781
-3169
-6703
-10157
-7316
-2106
1885
-1551
-5122
-2161
-24
3157
4083
4369
5497
3171
5237
8466
9642
9885
8788
10774
12009
9671
9226
10075
12494
13697
10684
8009
6493
7897
9858
8886
6310
3859
2313
2453
2597
1869
1183
-492
-1456
-2240
-3176
-3449
-3059
-2178
-2300
-4434
-5878
-4958
-2733
-468
-1082
-2703
-3383
-2618
-161
1352
2046
1910
803
1297
2501
3804
5036
4736
4453
3756
3296
3798
4000
4920
4635
2951
1333
273
1090
1695
1191
-771
-2933
-3666
-3966
-3821
-4244
-5237
-6321
-8019
-8740
-8853
-8960
-8522
-9567
-10178
-10503
-11273
-11163
-11373
-10448
-9360
-9893
-9917
-8961
-6770
-5331
-7917
-8484
-5045
-1227
-823
-4379
-4048
-406
2504
4112
3867
4032
3986
4387
7918
10592
10671
9134
8723
11066
11832
11232
10940
11472
12404
11670
9663
8212
8270
9575
9428
7069
4449
2684
2774
3265
2707
1056
-905
-2015
-2335
-2676
-3024
-3531
-3710
-3525
-4528
-5540
-5543
-4154
-2113
-1687
-2732
-3889
-3577
-1289
848
1592
1294
477
871
2351
3928
5019
5125
4815
4288
4135
4672
5434
5677
5475
4556
3081
2393
2373
2646
2528
944
-692
-1700
-2759
-2862
-3682
-4010
-5110
-7631
-7901
-8936
-8875
-8720
-10514
-10407
-11712
-12172
-11231
-13118
-11852
-11855
-12337
-10028
-10144
-6979
-8179
-12210
-9343
-5144
-365
-2558
-7999
-4565
-1051
2154
4193
2877
4672
3136
4048
8981
10356
11376
9776
9815
12641
11413
11176
12352
13086
14842
11921
9213
8830
9277
11870
10490
7213
4970
2937
3303
3866
2612
1574
-1095
-2529
-2245
-3565
-3673
-4234
-4281
-3467
-5656
-7104
-6640
-5403
-2376
-2749
-4013
-4731
-5278
-1935
-225
992
939
-841
256
1473
3541
5297
4767
4816
4276
4341
5466
5341
6451
6306
5516
4594
2864
3462
3704
3640
2894
675
-506
-1588
-2016
-1857
-3250
-3992
-5807
-7400
-7834
-9042
-8501
-9608
-10460
-10857
-12576
-12620
-13343
-12950
-11921
-12595
-11576
-10216
-8803
-10235
-13870
-10500
-4417
-1726
-5146
-9329
-5986
-1675
1587
3275
3013
2871
1401
3890
9216
11270
10972
9411
10670
12552
11606
12039
13112
15016
15591
12511
9883
9192
11412
13543
11727
8356
5130
3852
4929
5038
4193
1856
-870
-1991
-2470
-2467
-3337
-4276
-4152
-4300
-5811
-7256
-7282
-5395
-3251
-3418
-5177
-6462
-5412
-2638
-638
17
-542
-1738
-732
1213
3455
4635
4191
4081
3816
4920
5640
5831
6593
6546
6116
4872
3966
4612
4927
5114
3600
1482
686
-353
135
-279
-1450
-3040
-5678
-6057
-6671
-6963
-7088
-9340
-10412
-11577
-12069
-11655
-13194
-13077
-12917
-13146
-12511
-13099
-10458
-9349
-12654
-12736
-9591
-4688
-4995
-9023
-6988
-3612
-1086
327
566
2963
2423
2515
6533
9385
11144
9505
9535
12454
12767
12807
12961
13879
15351
14250
12253
11031
11256
13141
12447
9921
7507
5674
5635
5436
4533
3063
737
-1114
-1713
-2094
-2852
-3979
-4432
-4376
-5421
-6960
-7101
-6069
-4778
-4188
-5487
-6299
-6143
-4315
-1850
-1378
-1044
-2007
-1745
206
1715
3537
3795
3728
3655
3718
5002
5708
6214
6807
6126
5421
4204
4470
5750
5595
4703
2466
1623
1210
735
564
-463
-1469
-3030
-5179
-5965
-6023
-5977
-7037
-9806
-10465
-11093
-11348
-11826
-13062
-12545
-13343
-13859
-12812
-10802
-8852
-12233
-15873
-12316
-6487
-3658
-7729
-10531
-6833
-3695
-660
170
1270
2188
500
3080
7386
9853
10193
8947
10949
12586
11565
11987
13004
15856
16418
13160
10894
10223
12730
14345
12350
9528
6698
5523
5994
5511
5089
3277
289
-1240
-2038
-1816
-2637
-3627
-3417
-4247
-6099
-7386
-6980
-4560
-3274
-4390
-6113
-7037
-5227
-2764
-1485
-972
-1657
-2075
-1171
342
2579
3796
3809
3502
2916
4024
4893
5395
6756
6353
5679
3851
3311
5421
5842
5552
3012
1203
1561
997
1189
368
-1279
-1901
-4123
-4528
-5054
-6390
-6089
-8083
-8599
-9641
-11626
-11358
-11636
-11608
-12086
-14329
-12992
-11634
-9636
-9013
-14376
-14416
-10628
-5135
-4457
-9798
-9690
-6458
-2775
283
17
666
289
533
5306
7958
9306
8109
8581
11695
11949
11120
11513
13395
15640
15121
11950
10414
10553
13273
13773
11309
8333
5782
5724
6495
5687
4083
1815
-343
-877
-1698
-1785
-2939
-3890
-3739
-4839
-6124
-6568
-6206
-4327
-3714
-4703
-5745
-6395
-3757
-2196
-1289
-897
-1841
-1091
-79
1847
3329
3349
3908
3674
3895
5143
5206
5896
5986
5978
5938
4520
4477
4774
5287
4978
3120
1616
826
796
907
295
-1224
-3004
-4441
-4948
-5172
-5298
-6625
-8267
-10147
-10435
-10338
-10939
-10486
-12744
-13369
-13780
-12824
-10175
-9501
-9533
-13829
-15525
-9970
-4901
-4067
-8439
-10482
-6155
-3445
82
1111
1093
1308
288
4110
7935
9490
9081
8846
10758
11663
10502
11719
13463
15279
15088
11530
10005
10196
12711
13654
11311
8246
5711
5007
5829
5349
4165
2142
-378
-1295
-1919
-2220
-3007
-3687
-3630
-4597
-6530
-6451
-6142
-4705
-3412
-4473
-5189
-6171
-4400
-1990
-1307
-289
-1076
-847
436
1178
3532
4103
4554
4216
3619
4957
5075
6093
6604
6178
5558
4062
4131
4622
4996
4943
2656
1638
371
154
729
-806
-1223
-3479
-4429
-4935
-6358
-5589
-7302
-8732
-9067
-10900
-10244
-11437
-12040
-11459
-13695
-11585
-10430
-9095
-9632
-15268
-14284
-8766
-4109
-4645
-10700
-10501
-6372
-3151
884
237
294
-772
-1067
4796
8241
9266
7758
7034
10204
10704
10176
11595
13067
15273
13403
10317
9485
10558
13851
13562
10664
7459
5104
5738
7090
6649
4651
1282
-594
-888
-233
-714
-3192
-3664
-3585
-4124
-5747
-7196
-5471
-3791
-3569
-4580
-6829
-5886
-4241
-2082
-715
-1792
-2003
-2399
-403
2483
3112
3477
2810
2610
4319
4581
5523
5675
5730
6150
4629
4466
4375
4886
5529
4311
3000
1776
851
1649
965
-32
-1680
-3318
-3075
-3986
-4554
-5937
-7061
-7642
-8742
-9264
-10213
-11046
-10516
-11406
-12378
-11625
-8692
-6818
-12071
-16046
-12805
-5546
-3154
-8403
-11159
-9044
-5667
-2149
-511
423
-855
-2802
723
5313
8217
7243
5849
8256
9741
9557
9105
10306
13603
14531
11780
8966
8031
11209
13788
12477
9381
5625
4904
6229
6796
6317
3659
613
-411
-1111
-609
-1247
-2652
-2460
-4078
-5497
-6338
-6258
-3880
-3434
-4486
-5921
-7455
-4940
-2938
-1893
-1080
-3112
-2667
-2007
29
2967
2596
3037
2415
2520
4404
4388
5669
6276
5895
5829
3730
4184
5455
6054
6495
3775
2312
1578
1823
3257
2165
321
-2298
-3443
-2494
-2814
-3415
-5040
-7094
-7675
-8692
-8567
-9290
-10366
-10058
-11050
-11183
-11047
-8856
-7567
-11697
-14179
-11039
-6069
-5009
-9233
-10113
-7051
-4936
-2308
-1952
-1038
-886
-1386
1896
4970
6750
6306
5939
8630
9831
8887
9110
10180
12779
13135
10859
9297
8955
11063
12209
10743
8424
6330
5583
6356
5998
4853
3131
878
190
-526
-1133
-1514
-2187
-2157
-3726
-6360
-5619
-4283
-3430
-3750
-6296
-6375
-5700
-3972
-2226
-3118
-2878
-3188
-2804
-571
220
1376
1592
1565
2624
2180
3402
4655
4819
5525
4546
4046
4201
4625
5751
5295
4123
3315
2352
2744
2880
2119
1359
-378
-1460
-1600
-1870
-2516
-3841
-5464
-6226
-7150
-7403
-7699
-9337
-9706
-10257
-10569
-9492
-7667
-6620
-11262
-15184
-11139
-5353
-3394
-8522
-12047
-8816
-5296
-2152
-1716
-1829
-2039
-2938
128
4343
6125
5872
4981
7215
9137
8324
8355
9278
12627
13776
10844
8368
7930
10899
13099
11629
8882
5799
5408
6855
6709
6459
3790
1334
559
-299
-324
-1794
-1573
-997
-3000
-4846
-6830
-6176
-3149
-2654
-3225
-6619
-8618
-5810
-3545
-795
-1932
-4357
-4385
-3931
-672
1191
1720
1925
329
994
2091
3015
5008
4695
5018
4189
2623
3394
4314
6456
6223
3705
2330
1289
2355
3609
2883
1870
-545
-1709
-1822
-2018
-1465
-2766
-4474
-6040
-7306
-7437
-7645
-7694
-7904
-9221
-10297
-10667
-8452
-5692
-8360
-12876
-12112
-6951
-3857
-6858
-10404
-8455
-5207
-2525
-1962
-2165
-1486
-1758
595
4118
5838
5515
4377
6659
10030
9580
8450
8166
10770
13552
11941
9664
7995
9731
12122
11096
9159
6633
5502
6495
6051
5614
3726
1026
693
-150
-39
-1675
-3002
-1903
-2992
-4437
-5962
-6108
-3920
-3740
-4374
-5721
-7335
-5369
-4063
-2450
-2386
-4393
-3973
-3326
-786
811
557
1070
607
1098
2550
2963
4271
4306
4159
4333
3160
4102
4683
5379
5626
3726
2944
2633
2824
3685
2688
1505
382
-1004
-743
-1524
-1476
-1860
-4382
-5141
-6182
-6677
-6784
-8242
-7787
-8440
-10054
-10203
-9475
-5523
-6474
-12512
-13256
-9025
-3820
-5238
-10004
-9052
-6806
-4150
-2286
-2035
-712
-2061
-1984
2201
5379
6346
4446
5075
8900
9094
8082
7767
9957
13283
12533
9668
7779
9025
11876
12134
9770
7292
5673
5865
6371
6255
4926
2613
383
-311
107
-1264
-2401
-2739
-827
-2113
-6938
-7637
-5881
-1705
-418
-5740
-8670
-8228
-4701
-320
-1370
-2236
-5507
-6147
-1745
892
3318
1036
-480
608
1416
3791
4038
3872
5357
4470
3480
2329
3077
6431
6871
5731
1875
392
2450
3884
4353
2664
112
-1815
-2079
-855
-556
-1837
-3637
-5785
-6037
-6928
-7331
-7307
-8005
-7794
-9731
-11241
-11190
-9261
-5163
-5976
-11989
-14575
-10686
-4276
-4008
-7717
-8924
-8155
-4941
-2529
-791
358
-1062
-1147
1679
4721
6324
5674
6783
9374
9112
7833
7851
10549
13690
13523
10607
8176
8269
11012
12366
11162
8619
5610
4975
5774
6112
5519
3241
477
-418
-1045
-1364
-2002
-1386
-852
-4640
-7193
-6819
-4434
-1657
-3248
-6091
-7420
-7241
-3637
-2330
-1944
-2680
-5089
-3709
-1966
958
1879
925
1311
812
1742
3038
3495
5193
5205
4047
2961
2353
4628
5852
5998
4201
1828
1739
2505
3348
3418
2119
-446
-1919
-1606
-420
-657
-2701
-4859
-5188
-5511
-5772
-7162
-8459
-7326
-8383
-9305
-10322
-10977
-9066
-7045
-5548
-9131
-14723
-11977
-6202
-2222
-4581
-10243
-9011
-6381
-1695
918
-245
-497
-2041
387
5190
6762
6897
5857
7478
9941
8654
8462
9229
12052
14329
11736
8370
7366
9460
12596
12220
8891
5552
3753
5384
6494
5674
3596
477
-1311
-974
-1239
-2040
-3055
-2785
-1783
-5814
-8128
-7084
-4323
-532
-3411
-7641
-8212
-6921
-1837
-692
-1500
-2399
-5823
-2677
135
2776
3747
794
1881
1780
3057
5137
4321
6159
5750
3911
4044
2820
5444
6452
5816
4502
591
1458
2805
3801
3340
33
-1512
-1789
-1357
-881
-2538
-3639
-5037
-6284
-5987
-6846
-7540
-8767
-8685
-8669
-9604
-10756
-11385
-8845
-5968
-6734
-11944
-14130
-9001
-3872
-3603
-7166
-9855
-7019
-3704
-798
566
-535
-562
-552
2922
6404
6399
6186
6676
9218
10133
8264
8663
10325
13218
13635
9883
8122
8311
11006
12206
10118
7532
4625
4494
5471
5259
4615
1539
-755
-1129
-1538
-1694
-3387
-2402
-2183
-5313
-6942
-7536
-4469
-2160
-4258
-5782
-7831
-6292
-3060
-2708
-987
-3047
-3889
-2330
-1031
2433
1847
1864
2325
1626
3743
3605
4319
5962
4768
5303
3610
3398
5273
5044
6164
3839
1849
2153
1751
3151
2721
648
-529
-2526
-1466
-1029
-2833
-3138
-5255
-5490
-5530
-6976
-7063
-8249
-8950
-8732
-9730
-9546
-10390
-10996
-7984
-6499
-7722
-11666
-12729
-7449
-3239
-4038
-7061
-8644
-5822
-2187
-392
1259
582
113
698
3122
7097
7861
7305
7952
8731
9957
9340
9312
11963
13327
13007
9723
7897
9377
11278
11982
9602
6339
4392
4046
5214
5134
3346
1255
-1373
-1870
-2302
-2782
-3000
-2633
-2656
-6103
-8109
-7064
-4451
-2253
-3944
-6730
-7503
-6574
-2863
-1247
-1049
-2168
-4127
-2111
242
2758
3105
2215
2779
2588
3328
4595
4963
6229
5939
4843
4127
3255
4915
5875
6096
4388
1482
930
1658
2828
2811
729
-1767
-2880
-2800
-2030
-2629
-3779
-5157
-6864
-7459
-7282
-7442
-8447
-9647
-9965
-9576
-10332
-11420
-11390
-8109
-5336
-8589
-13201
-12687
-6725
-2269
-4169
-7678
-8092
-5786
-2098
674
1935
1292
-645
670
4672
8117
8414
6911
8385
10002
10088
9519
9715
12647
14428
12692
9754
8070
9527
11820
11929
9779
5818
3769
4008
5164
5221
3107
218
-2036
-2560
-2673
-3058
-3543
-2503
-3704
-7097
-8590
-7472
-4019
-2260
-4459
-7148
-7995
-5900
-2350
-887
-322
-2682
-3627
-1895
1106
4103
3513
3097
2695
3260
4654
5124
5804
6908
6282
5402
4018
4383
5867
6063
6499
3480
1732
1279
1851
3349
1789
-378
-2177
-3216
-2398
-3131
-3945
-4634
-6730
-6233
-8010
-8673
-8837
-9902
-9022
-10716
-11193
-11410
-12777
-11861
-9859
-6372
-6592
-13150
-14581
-9813
-2830
-1642
-7152
-8512
-7040
-3302
607
2092
2916
939
-290
3405
7555
10179
9070
8331
10614
10792
10472
10506
12671
15533
14659
11480
8764
8978
12002
13135
11267
7462
4017
3682
4898
5417
4226
1318
-2043
-3202
-2995
-2896
-3844
-4028
-3323
-5808
-8682
-8507
-6181
-2675
-3168
-6538
-7908
-7376
-3295
-1062
-726
-975
-2863
-2117
121
2946
4801
4007
3576
3701
4330
5901
5853
7095
7475
6266
5230
3690
5405
7011
6882
5153
1719
848
1660
2353
2715
209
-1988
-3596
-4069
-3199
-3915
-4016
-6538
-8376
-8477
-9444
-8999
-9745
-10331
-10879
-12735
-12669
-12946
-12155
-10708
-9650
-7082
-10171
-14190
-13209
-7099
-1000
-3847
-8359
-9203
-5971
-267
2345
2897
1937
75
1653
5598
9856
11153
9407
9884
10964
11232
11413
12508
15350
16297
13932
10157
8408
11097
13866
13457
9843
5093
3268
4003
5755
5474
2432
-660
-3739
-3969
-3198
-3795
-4249
-4609
-4056
-7675
-10675
-8189
-5447
-1942
-3955
-8793
-8846
-7162
-2088
182
-512
-1027
-4210
-2207
1458
4523
6328
3650
3528
3558
4672
7303
6841
8129
7942
5667
5048
4046
6612
8119
6665
4641
598
796
2228
2435
3033
-59
-3220
-4561
-4528
-2714
-3639
-5153
-7412
-9602
-8830
-9436
-9469
-9713
-11186
-11554
-12969
-12824
-12237
-12422
-10533
-9542
-8155
-9017
-12871
-12599
-7446
-1661
-2451
-7128
-8015
-5296
-805
3207
3880
3103
1857
2015
5881
10056
12407
11267
9807
11075
12084
12233
13293
14704
15689
14090
10582
9064
9848
12648
12651
9137
5515
2669
2684
4422
4141
1983
-1284
-4273
-4722
-4872
-4065
-4638
-5432
-4959
-8715
-10240
-7918
-5556
-2527
-5096
-7967
-7525
-6948
-1443
85
-218
-579
-3605
-384
2245
5241
6208
3579
5000
4583
5661
7617
6951
8775
7671
6190
5816
4372
6889
7209
6544
4241
186
959
1943
2521
1448
-1429
-3393
-4652
-4456
-3878
-4810
-6393
-8043
-9281
-9503
-10313
-10768
-10455
-10874
-11824
-13319
-14431
-12967
-11891
-10993
-8730
-7864
-9926
-14427
-12910
-5035
-391
-3346
-8781
-8786
-4278
905
3674
4092
2597
1086
2490
6892
11842
12666
10735
10234
11520
12483
12293
13392
15689
15913
13813
9651
8107
10880
13372
13097
8389
3888
2113
3204
4875
4148
1624
-2164
-4748
-5090
-3921
-4027
-5398
-6333
-6260
-6689
-8384
-8549
-6633
-4173
-2829
-5192
-7602
-6209
-3295
525
1459
765
-574
-1367
1831
5061
7113
6835
4994
4978
6185
7638
8367
7993
8363
7464
6056
5293
5094
6635
6537
4817
2006
-310
23
1152
928
-445
-3573
-6101
-5923
-5505
-5005
-6724
-9143
-10413
-11431
-10793
-10681
-11524
-11863
-13192
-13443
-13237
-13710
-12919
-12336
-9856
-7454
-9085
-12854
-13587
-7775
-1486
-1691
-6148
-8023
-5398
-218
3899
5135
4064
1890
2817
7023
11067
12768
11258
10609
12214
12858
12635
12680
14572
16032
14156
10983
8426
9347
12170
12291
9366
4942
2023
2282
3836
4295
2109
-1822
-4504
-5021
-3694
-3177
-4615
-5751
-6207
-6932
-7550
-6822
-5167
-3557
-3800
-5299
-6014
-4709
-1668
659
1077
393
-401
266
3146
5849
6923
5793
5027
5303
6459
8190
8303
8016
7177
6252
5865
6055
6395
6053
5152
3550
1525
915
809
763
98
-2007
-3856
-6102
-6021
-5367
-5693
-7143
-10023
-10840
-10674
-10347
-10489
-11376
-12089
-13273
-13723
-12776
-12677
-12570
-12816
-11638
-9777
-8849
-8772
-11862
-10974
-5755
-1911
-2317
-6207
-6237
-2302
1831
4902
4324
3449
3491
4375
8958
11894
12435
10854
9988
12459
13126
13117
13499
13590
14234
12670
10069
9113
9554
11469
10270
6993
3779
1647
2905
3927
2728
-19
-3138
-4616
-4059
-3466
-3651
-5162
-5555
-5175
-6552
-7097
-5835
-4016
-2324
-3198
-5290
-5074
-3431
576
2451
1702
528
-564
2195
5474
7329
6816
5103
5167
6211
7654
8375
7481
7226
6977
6259
5680
4740
5362
5119
4409
2355
-77
-272
-429
-243
-1399
-3593
-5481
-6782
-6674
-6252
-7585
-8637
-10201
-11116
-10528
-11682
-11605
-11580
-12057
-12305
-13968
-13950
-12473
-12095
-10973
-11381
-9515
-7076
-9510
-10886
-9484
-3600
-505
-3384
-5280
-4310
-877
3335
4793
5264
4694
3226
5922
9299
12866
12514
9848
10789
12280
13167
12893
12323
13229
13654
11731
9401
7865
9652
10654
8910
5858
2408
1996
2257
2859
1411
-979
-2883
-5025
-4085
-3989
-4411
-5359
-4992
-3474
-6514
-7713
-5895
-3363
29
-2226
-5505
-4397
-2887
2364
2946
2508
2364
-455
3330
5299
7783
7865
5604
6511
6141
6965
8067
7091
8391
7799
5504
4806
2826
5163
5188
4622
2324
-1991
-1697
-1430
-822
-1336
-4279
-6329
-7682
-7877
-6769
-8271
-8393
-10600
-11642
-11304
-12432
-11465
-11599
-11605
-12570
-14243
-13990
-12596
-11736
-10232
-10246
-8349
-7687
-9951
-10636
-7527
-1619
-589
-3544
-5804
-3301
343
3950
5148
5061
4537
3306
5956
9644
12688
12213
9907
10499
11915
11844
12255
12537
13549
13092
10128
8121
7623
9966
10694
8123
4820
1880
1682
2780
2925
1834
-1113
-3195
-4172
-4026
-3022
-4151
-4832
-4357
-4154
-5014
-6584
-5190
-2505
-769
-1055
-4086
-4031
-1365
1296
3538
2796
2356
1680
2087
5555
7028
7881
6906
5368
6276
6616
7767
7801
6943
6967
5128
4088
3877
3539
4391
3206
1025
-1152
-2397
-1855
-2138
-2685
-4436
-6754
-8138
-8140
-7399
-8159
-9559
-11277
-11975
-10756
-10893
-11285
-12259
-13600
-12296
-12440
-11748
-11877
-13563
-11244
-9516
-5470
-5082
-11826
-11723
-6943
174
1936
-5129
-5618
-3840
1124
6409
4242
5049
3076
3686
8567
9542
12242
10374
9487
13162
11983
11340
10665
11539
15378
13077
10162
6971
6559
11174
10652
8324
4159
822
2675
3439
3304
1518
-2051
-2807
-3477
-3109
-2954
-4925
-4655
-4387
-4113
-4322
-5700
-5094
-3183
-1243
-753
-2972
-3763
-1549
892
2822
3285
2234
1764
2456
4539
6868
7413
6943
5427
5606
7091
7560
7629
6495
5939
5495
4608
4215
3134
3169
3312
1370
-632
-2369
-2189
-1705
-2690
-4091
-6569
-7568
-7800
-7630
-7040
-9109
-10826
-11325
-10892
-9818
-10909
-11793
-12584
-12488
-11112
-11347
-11865
-12306
-11493
-8931
-6487
-5570
-8838
-11497
-7657
-1862
848
-2352
-5852
-4069
-635
3947
5274
4024
3624
3119
6065
9028
10280
10293
9468
10987
11548
10319
10201
10644
12877
13123
10095
7896
6061
8711
10115
8360
6076
1969
1802
2993
2823
2318
-399
-2111
-2329
-3619
-2565
-4127
-4442
-3370
-3980
-2362
-5634
-6530
-3399
-1351
1767
-1679
-5786
-2529
-384
4255
4284
1268
2074
222
4531
7058
7186
7322
3779
5384
7168
7163
7912
5090
6221
6553
3826
4408
2107
4256
4137
1282
509
-2862
-1513
-832
-2331
-2745
-6335
-7393
-6462
-6875
-5480
-9168
-10531
-9516
-9945
-7796
-10760
-11830
-10899
-11686
-9749
-10575
-11770
-11297
-12646
-9965
-8083
-6926
-4360
-8755
-11558
-8433
-2250
2314
-2146
-6454
-4862
-1697
3443
4747
4059
4081
1753
4184
7636
9978
11432
8823
9551
10918
9582
10274
10482
12656
14147
10317
7597
5930
8432
11531
9372
6684
2904
1778
3592
3633
3562
1585
-1349
-2261
-3065
-2092
-2435
-3864
-3202
-3892
-3940
-4038
-4762
-3782
-2328
-493
-751
-3486
-3380
-1071
1777
3377
2325
1726
1575
2635
4746
6387
6996
5580
4262
5328
6609
6873
5957
5056
5350
4733
3633
2849
2919
3128
2379
615
-1224
-2395
-2470
-1795
-2710
-4641
-6535
-7467
-6861
-6099
-6980
-8995
-10483
-9675
-8647
-9656
-10368
-11227
-11131
-10488
-10836
-10896
-11207
-11316
-10349
-9862
-9286
-8015
-6339
-5292
-8740
-9234
-4726
-1141
166
-3634
-4325
-1709
629
4444
4907
4683
3816
3153
6963
10102
11191
10347
8823
10755
11095
10475
11380
11787
13231
11736
8784
7581
7840
10201
10256
7617
4834
2449
3019
4268
3610
2389
-436
-1858
-2343
-2314
-1943
-3223
-2844
-2427
-2625
-4324
-5555
-3346
-809
768
-1175
-4797
-3819
-245
2983
3872
1599
606
348
2699
5559
6058
5641
3789
3780
4561
5385
5468
4835
4954
4410
2927
1854
1653
2887
3257
1648
-620
-3185
-2457
-2048
-1475
-2117
-5455
-6641
-7607
-6273
-5445
-6549
-7446
-9962
-10351
-8698
-9276
-8385
-9119
-11372
-10577
-11583
-9549
-9410
-10923
-9089
-10874
-9855
-7881
-5873
-2956
-8269
-10607
-5959
-1811
1762
-3295
-4895
-1573
-584
4130
3496
4780
5183
3021
6593
8467
10953
10698
8656
11292
11827
10563
10792
10520
13605
13271
10311
8783
6885
10159
10383
8719
6910
3497
3440
3572
3270
3475
1109
-930
-1276
-2775
-1526
-3067
-3363
-2037
-2901
-1335
-4634
-6234
-2786
-500
1730
-1591
-5671
-2057
-481
3095
3615
760
2189
-989
2538
4845
5416
5901
1459
3673
4241
4151
4530
2822
4753
4243
1464
1499
-24
2715
2538
-27
-552
-4467
-2482
-2594
-2408
-2786
-6480
-6605
-7520
-6529
-5613
-7554
-8350
-9871
-10026
-8181
-10016
-9638
-10853
-10457
-8987
-11102
-10607
-11136
-9692
-8985
-8635
-6741
-5565
-6893
-9372
-7686
-2973
185
-1909
-4555
-3999
-740
2321
4100
4716
4385
3503
4556
7750
10300
11234
9931
10089
10971
10833
11026
11788
12885
13410
10967
8918
8072
9072
11358
9640
7663
4390
2811
4254
3800
4046
2281
-854
-1190
-2688
-1619
-1753
-3314
-2152
-4210
-2106
-3459
-6087
-2883
-2207
738
-812
-5658
-2860
-1564
2158
4086
188
1860
-1453
1393
4970
4388
6640
1424
2453
3801
3862
6154
3310
3659
4162
1657
2449
732
2087
3245
201
393
-3702
-2854
-1791
-2586
-1960
-5300
-6758
-7588
-6623
-4841
-6497
-8524
-9389
-9979
-7881
-8756
-9246
-10168
-10250
-8619
-10525
-9552
-10332
-9345
-8992
-9281
-7775
-7561
-4476
-5347
-8502
-7007
-3890
-171
-431
-3965
-2425
-1557
1925
4531
4115
5815
3005
4383
8009
9903
11624
9120
9368
11382
10731
11597
10811
11492
13156
10687
9674
7737
8453
10373
8714
7696
4648
2962
3823
3566
3503
2190
-258
-1460
-1946
-1581
-1759
-3479
-3395
-3292
-2899
-2098
-4559
-5096
-2578
-291
81
-2726
-4335
-1765
579
2310
2232
517
746
195
2350
4685
4757
3551
1805
3333
4655
4247
3661
3075
3679
4026
1983
1118
491
1999
2146
168
-1449
-4239
-2910
-2112
-2203
-3776
-6451
-7032
-6596
-5958
-5998
-7841
-9099
-8164
-8474
-8640
-10176
-9875
-8596
-8178
-8868
-10640
-11018
-9406
-7559
-7837
-7914
-9070
-5825
-3708
-6567
-7574
-5519
-709
734
-2605
-3510
-2143
572
5327
5276
5607
3348
2463
7500
10348
12914
9963
7458
10225
11435
12442
12016
10340
11978
11147
10061
9049
7355
9942
9181
7934
5966
2459
3107
3913
4096
3059
-283
-2196
-2476
-1412
-606
-2818
-4442
-4654
-4155
-2152
-2029
-4752
-5076
-2716
-514
-435
-3749
-3679
-1307
368
2407
441
362
470
232
3150
3819
4432
2823
1969
3999
3900
3999
3763
3061
4029
2796
1453
479
589
2517
899
-220
-2556
-3950
-2777
-2291
-2148
-4117
-6387
-7106
-6610
-5348
-5275
-7269
-8099
-9017
-8211
-7876
-8463
-8197
-8686
-8406
-8952
-9879
-9191
-7845
-7936
-8041
-8825
-7968
-6117
-4200
-3953
-7052
-6986
-3627
-317
277
-1832
-2556
-743
2107
5677
5817
5143
4431
4952
9126
10985
11069
9663
9837
11823
11645
10818
11001
11395
12471
11499
8913
8242
8082
9495
8983
7119
5217
2711
3231
4037
3097
1976
-294
-1828
-1527
-1829
-1969
-3584
-3918
-3342
-4077
-2456
-2867
-4409
-4017
-2841
-764
-1244
-3562
-3254
-2266
345
1620
-49
486
-690
396
2233
3269
4342
1702
2019
2957
3179
4294
2838
2795
3056
1473
1625
224
1122
1548
-77
-178
-3024
-2771
-1854
-2088
-2274
-4535
-5336
-5460
-5398
-3754
-5176
-6958
-7503
-8433
-6457
-6422
-7227
-7879
-9269
-8625
-8384
-8339
-6824
-8384
-9404
-9428
-9355
-6208
-5426
-3594
-5185
-9494
-7549
-3399
1259
1371
-3480
-3643
-1676
2629
6549
5597
6012
3996
4597
8324
10072
11592
10543
10308
11577
10221
9957
10864
12084
14139
11397
8557
6965
7384
10387
10204
7937
4880
2193
3071
3872
3457
2773
75
-1200
-2177
-2072
-2543
-3267
-3017
-3475
-4336
-4671
-3746
-4431
-4019
-3063
-2657
-2645
-4341
-4464
-2507
-905
614
-1138
-1329
-666
-862
1874
2181
3236
1727
865
2533
2855
4321
3418
2826
3017
2126
2214
1837
2139
2601
954
952
-558
-792
-258
-1120
-668
-2408
-3071
-3825
-4275
-3172
-4368
-5514
-5536
-6489
-6538
-7342
-7584
-6713
-8284
-8074
-8887
-9651
-8051
-9071
-8308
-8625
-10439
-8929
-8336
-6360
-5662
-5867
-4729
-7416
-5968
-1776
63
1024
-2078
-1331
1307
3251
6435
5896
6428
6181
5834
8557
10549
11642
11262
10327
11239
10908
10850
11839
11543
12400
11016
8866
7887
7989
9342
8978
6795
4681
2709
2797
3474
2366
1750
-476
-2124
-2890
-2930
-3111
-4193
-4744
-4993
-5639
-5381
-4545
-6211
-5677
-4709
-3884
-3490
-5457
-5238
-3801
-2354
-269
-1415
-1707
-1367
-1693
1820
2558
3241
1959
1075
3704
3869
5067
4332
3686
4584
3912
3673
3378
3291
4203
2793
2242
1135
-88
1007
205
402
-1650
-3257
-3732
-3644
-2306
-4075
-5828
-6595
-7042
-6772
-6961
-7709
-8125
-9331
-8315
-9136
-9496
-8872
-9392
-7772
-9169
-9286
-9239
-8813
-6354
-6130
-5064
-2930
-4641
-5897
-4999
-746
3631
1186
-372
-922
2054
5979
6698
7847
7376
5800
6546
8779
12198
13066
10515
10787
10279
11219
11538
10926
12266
11818
10575
8254
6621
8359
9136
8291
6242
2380
1843
1714
2399
1956
-577
-2246
-4659
-4554
-3814
-4996
-5638
-7166
-7431
-6933
-6645
-4732
-7100
-7795
-6589
-5631
-3116
-4598
-5689
-4612
-3663
-500
-407
-567
434
-1269
1775
3144
4328
4682
2962
5139
5292
5622
5747
4586
6131
6029
4475
4236
2513
4014
3551
2932
2465
-482
-129
-912
-647
-1072
-3004
-4204
-4591
-4751
-4825
-6427
-7420
-6920
-7406
-7322
-8749
-9318
-8735
-7506
-7532
-8223
-9221
-9130
-8651
-7579
-6047
-7436
-7450
-8174
-5877
-3463
-1744
-1142
-4951
-5166
-1898
2852
4648
1579
-35
1406
3991
7658
7292
7426
6777
5721
8507
9776
11737
10594
9914
11004
10391
9768
9473
9761
11491
10716
7681
5661
4423
7092
7080
5678
2535
-991
-151
334
534
-856
-3428
-4666
-5753
-5315
-4973
-6763
-6357
-7219
-7368
-6901
-6649
-5078
-5803
-5180
-4864
-4708
-3148
-2960
-2194
-1077
-756
383
861
2130
3268
2937
4072
4654
5306
6127
5866
6373
6296
6141
6019
5391
5854
5330
4403
3632
2618
2625
2369
1500
609
-726
-1200
-2217
-2770
-2844
-4117
-4628
-5596
-5950
-6459
-6465
-6511
-7008
-7357
-8298
-7946
-7572
-6520
-6564
-8126
-7326
-7720
-6617
-5001
-6622
-5185
-7316
-6031
-3542
-4531
-1635
-3204
-672
-590
-4228
-487
1368
4442
3544
-615
2462
2687
5610
7814
5845
7494
4413
5560
8926
9449
10651
7395
7231
9093
7517
8521
7304
7219
8528
5274
4459
2583
3440
5058
2822
1627
-1235
-2380
-1036
-1299
-1260
-2909
-5080
-5412
-5757
-4314
-5036
-5796
-5962
-6221
-5319
-4145
-2851
-4156
-4252
-2941
-1385
90
-787
-1302
-46
1120
3195
2979
3103
3223
2333
4963
5873
6180
4866
4296
5458
5552
5437
4324
3969
4149
4056
2558
1406
1184
1471
1211
325
-1596
-2186
-2310
-2369
-2096
-3443
-3874
-5659
-4972
-4274
-4598
-4811
-6023
-6069
-5725
-5147
-5415
-5797
-5726
-4430
-5030
-4838
-5092
-5025
-4261
-4280
-3976
-4994
-4417
-4645
-3231
-1834
34
-406
-4227
-4348
-1378
3150
3593
-464
-1835
-280
2271
5150
4134
4626
2749
1898
5031
6056
8188
5872
5069
6386
5935
5977
5089
5552
7280
5967
3936
1964
1707
4735
4035
3269
363
-1528
-443
-476
845
-318
-2082
-3001
-3560
-2953
-2357
-3671
-3231
-3456
-3621
-3236
-4071
-1177
-311
-175
-1358
-2958
-516
1737
2158
2116
161
357
2013
2878
5462
3170
2921
2165
2643
5486
4580
4897
3137
2881
3636
2996
3050
3106
2093
2290
264
-112
517
280
1323
-1012
-1100
-2621
-2468
-1481
-1512
-1285
-3051
-4010
-3961
-3159
-2248
-2191
-3960
-4057
-5277
-3899
-3526
-3922
-2958
-4292
-3779
-4738
-5555
-4287
-3782
-4300
-4219
-6790
-5375
-4277
-3190
207
-3620
-5540
-6250
-2990
2449
262
-2529
-3138
-2734
2114
2681
2330
2682
-515
2583
3443
4791
5726
3275
5271
5331
4706
4942
3569
5619
7030
5148
4213
1277
3260
5299
4527
4301
666
553
1147
1321
2457
871
-333
-1034
-1976
-784
-1255
-1576
-1056
-2499
-1896
-2697
-2217
-391
-767
-295
-1535
-1445
-115
-434
199
392
320
987
128
790
1689
1813
3306
2164
2517
2138
2001
4040
3751
4074
2707
1919
2866
2981
3433
2916
1527
1941
1121
1478
1626
587
1469
-91
293
-540
-1197
-281
-1047
-797
-1812
-3091
-2542
-2720
-2381
-2079
-4133
-3812
-5183
-4209
-3016
-4687
-4437
-6115
-5725
-5251
-6654
-5825
-5714
-6759
-6285
-7928
-6281
-5255
-5283
-2802
-5592
-6550
-5876
-3716
6
-1601
-3502
-3107
-2979
1018
1850
1626
2414
-357
2147
3592
5006
6057
4130
5490
5671
5213
6364
5659
7141
7983
6040
5884
4064
5878
7050
6056
5760
3117
2942
3457
3303
3819
2498
971
153
-578
511
-322
-891
-1534
-2323
-2236
-2656
-2112
-1799
-877
-1766
-2809
-2575
-1881
-652
-617
-768
-501
-1517
-414
526
1161
2333
774
1821
1777
2404
3390
2996
4149
3556
3135
3166
2894
4201
4443
3532
3102
1814
2979
2795
3150
3089
1411
1481
601
1182
998
223
-162
-795
-1467
-1998
-3010
-2239
-2521
-3435
-3878
-5565
-5185
-5595
-4878
-5457
-6758
-7356
-7451
-6730
-6726
-7612
-8302
-8427
-8733
-7865
-8131
-7095
-7528
-6344
-4986
-6359
-7039
-6698
-3420
-1676
-2470
-4089
-3651
-1690
1369
1825
2041
1701
940
3300
4907
7088
6280
5780
6552
7295
8256
8453
8151
8736
9214
8461
7875
6640
8035
8070
8085
6396
4041
4251
3858
4466
3564
2154
902
-635
-651
-160
-1631
-1563
-3181
-3699
-3305
-4927
-3359
-4088
-1798
-1813
-5483
-4696
-4082
-837
551
-2719
-2559
-3055
-1495
1898
843
2947
322
-287
2538
2858
6072
3922
3943
4923
4244
5936
5121
5632
7108
5581
5292
3900
4175
5903
4614
5325
2399
1481
1486
1003
2600
623
-847
-2884
-3430
-2356
-3107
-4184
-5009
-6667
-6517
-7479
-7421
-7134
-8430
-7401
-9532
-9680
-9541
-9228
-8215
-9571
-9852
-9877
-9912
-9033
-8612
-8334
-7359
-8346
-6417
-5594
-5301
-4837
-5048
-2287
-1411
-1051
-1225
-822
1111
3146
3767
4197
3693
4252
5941
7353
8981
8151
8115
8076
9139
9970
10091
9928
9384
9314
9070
8640
8123
8367
7740
7107
5493
4633
4057
3890
3428
2095
1035
-596
-769
-1030
-1569
-2448
-3771
-4343
-4356
-4974
-4601
-5191
-5135
-4283
-4184
-2763
-4924
-5406
-3372
-1824
472
-2068
-3536
-1286
-328
2932
2745
2025
2768
1133
4494
6027
6707
7116
4675
6638
7075
7015
7962
6333
7691
6813
4982
5141
3711
5382
4719
2905
1759
-763
-284
-337
-832
-1226
-4198
-5563
-5888
-6025
-5355
-7245
-8474
-9151
-9420
-9114
-9783
-10042
-9678
-9587
-9890
-10125
-10694
-9846
-9214
-8682
-8212
-8968
-9246
-8712
-7319
-5194
-5228
-5841
-5140
-4385
-2318
-1952
-1044
-191
-140
889
1356
2757
3842
4352
5175
5728
5980
6881
7427
8821
9326
9245
9475
8955
9999
10376
10445
10052
9143
8913
8556
8193
8026
7028
6261
5410
4383
3839
2592
2174
1040
276
-564
-1833
-2284
-3230
-3618
-4225
-4811
-5112
-5853
-6007
-5838
-5834
-5230
-5203
-4500
-4373
-5046
-4159
-2933
-871
-857
-2211
-1829
-238
2022
2988
2774
2824
2937
4086
5845
6650
6932
6030
6006
7024
7509
7530
6730
6553
6678
5926
4936
4395
4086
4145
3017
1443
281
-695
-685
-1289
-2136
-3501
-5381
-5926
-5644
-6098
-6703
-8333
-8940
-8533
-9059
-8700
-9632
-9512
-9182
-9762
-9028
-8975
-8737
-7923
-8098
-7513
-7586
-7488
-5487
-5700
-4796
-5160
-5192
-3284
-3068
-1461
-1217
-1140
-379
-429
1129
2545
2477
3368
2788
3710
4916
5032
6698
6173
6852
6677
6397
7830
8066
8395
8320
7477
7671
7405
7381
7966
6789
6708
5440
4885
5016
4144
4006
3021
2004
1211
98
-285
-293
-1246
-1381
-2770
-3485
-3411
-3841
-3436
-4037
-4499
-4499
-4978
-4766
-4040
-3982
-2902
-3385
-2773
-1621
-2362
-1420
-882
1018
2433
719
698
1401
2936
5545
4723
4930
4106
3552
5989
6362
7664
6295
4656
5495
5263
6133
5547
4237
4421
3131
2587
1636
718
1396
249
-496
-2425
-3893
-3738
-4014
-3690
-4864
-6452
-7396
-7701
-6649
-6440
-7167
-7997
-8711
-7946
-7614
-7143
-6913
-6894
-6166
-6354
-6051
-5709
-4716
-3456
-3277
-3327
-3724
-3131
-1727
-868
-146
-813
-1068
-419
544
2091
1482
1342
1473
2267
3623
2707
2439
2439
3252
4587
3652
3137
2735
2724
4250
4201
4447
3305
2105
3092
3520
4583
3762
2499
2482
2384
2974
3018
2507
2448
1707
1508
1384
995
1281
792
919
261
-389
-926
-925
-138
-228
-752
-2068
-2118
-1618
-1174
-919
-1480
-2002
-1652
-1808
-815
-653
-1111
-247
-407
1495
613
-728
384
1406
3684
2652
359
1215
1613
3697
4493
2765
3359
1090
2474
4072
3841
4174
1333
1831
2167
1994
2143
694
661
680
-708
-881
-1996
-1370
-1069
-2353
-2658
-4658
-3731
-3629
-3101
-3258
-4924
-4991
-5103
-3673
-2989
-3788
-4265
-4376
-3813
-2437
-2950
-2152
-2765
-2308
-1493
-2148
-702
-1357
-169
-209
-872
-413
-779
81
544
-141
152
-977
-1000
242
-214
888
-1166
-1044
-451
-590
302
-1343
-1111
-577
-468
-172
-1101
-1438
-142
-118
1200
376
-198
393
410
2724
2584
2481
1885
1707
2947
3930
3989
4070
3402
3554
4053
3476
4227
3463
3765
3296
2618
2394
2024
2020
2259
1810
755
257
-725
187
-114
-538
-1131
-2014
-2126
-1713
-1993
-1553
-1768
-2712
-1462
-2087
36
-676
-2092
-731
-1038
1178
789
-899
512
-314
1163
2470
989
2644
-158
1063
2563
2111
3724
656
1528
1728
1669
2699
1049
1347
1521
613
1206
-38
556
868
-104
695
-1215
-491
-879
-672
291
-1040
-1317
-2156
-1898
-1031
-1493
-1775
-2016
-2845
-2047
-2785
-1963
-1942
-2629
-1984
-3134
-2271
-2372
-2526
-1991
-2606
-2417
-2618
-3375
-2760
-3065
-2146
-2310
-3250
-2620
-3475
-2286
-2398
-2011
-1535
-2615
-2224
-2019
-599
147
-831
-872
-541
662
1530
850
1431
1439
2269
2718
2690
3323
2859
3556
3645
4003
4106
3314
3642
3853
3995
3968
2787
2685
2784
2674
2799
1442
1463
1023
648
751
-144
83
-490
-998
-900
-1355
-1270
-1384
-1661
-1183
-1597
-1802
-1708
-1340
-357
-837
-1442
-1581
-775
166
181
-376
-369
-21
250
926
1019
1368
826
658
1365
1983
2351
1866
1739
2114
2394
2306
2261
2241
2624
2305
1942
1611
1767
2049
1615
1233
557
683
416
234
97
-170
-648
-953
-1242
-969
-1051
-1934
-1657
-2330
-1712
-1946
-2779
-2220
-2866
-2368
-2288
-3566
-2638
-3294
-3070
-2271
-3871
-2071
-3708
-3921
-2612
-3575
-1460
-3280
-3934
-2299
-3294
-1483
-1902
-2752
-742
-2852
-1319
-847
-1234
1070
-925
-147
-49
-449
1674
1146
1324
1917
491
1987
1874
2356
3749
2020
2986
2283
2482
3592
2851
3496
3300
2254
2683
1919
2406
3106
1880
2390
952
1179
1410
955
1591
813
467
127
-283
38
54
-216
-130
-822
-849
-1281
-952
-781
-334
-674
-1319
-862
-817
891
-420
-725
-393
-259
1579
91
-175
552
-46
1961
1271
1045
1763
-135
2266
1821
2339
2565
561
2350
1795
2394
2358
934
1835
1611
1480
1721
334
1110
880
746
1009
-504
107
-498
-248
-140
-1075
-963
-1543
-1612
-1444
-1920
-1915
-2434
-2513
-2392
-2997
-2659
-3229
-2628
-2947
-3465
-3044
-3489
-2736
-3474
-3253
-2944
-3441
-2811
-3611
-2699
-2452
-3064
-1943
-2771
-1820
-1842
-2199
-623
-1484
-646
-964
-1087
521
-149
688
299
-54
1275
864
1783
1652
990
1784
1572
2477
2715
1955
2451
2049
2480
3003
2315
2948
2307
2244
2759
2021
2545
2088
1872
2120
1220
1469
1235
1010
1317
457
537
50
-227
262
-237
-150
-639
-939
-735
-778
-534
-338
-448
-861
-1018
-1012
-301
91
-129
-305
-918
-416
152
650
1075
233
346
483
965
1932
1576
1793
1594
1415
2099
1807
2245
2234
2067
2266
1533
1620
1640
1905
2154
1615
971
530
538
900
1022
583
-69
-633
-849
-755
-255
-636
-1000
-1947
-2331
-1853
-2103
-1583
-2187
-2524
-2809
-3783
-3072
-2986
-2857
-2592
-4253
-3871
-4179
-3860
-2383
-3555
-2895
-4142
-4150
-2850
-2974
-1374
-2426
-2796
-2414
-2468
-531
-824
-824
-509
-1204
145
-113
691
1216
625
1546
1015
1718
1833
1761
2746
2450
2526
2202
1903
2786
2934
3007
2565
1860
2236
2283
2483
2355
1872
1788
1427
1240
1465
1257
1234
861
377
371
61
93
75
-63
-327
-834
-925
-741
-482
-635
-1152
-1044
-1175
-628
-906
-1049
-468
-494
822
-377
-958
-431
49
2237
1244
254
356
-127
2293
2927
2753
2271
-103
1630
2650
3890
3521
1382
1736
1599
2804
2823
2192
1885
1432
1408
1386
1077
1277
1112
902
587
-265
-300
-662
-187
-281
-679
-1660
-2111
-2219
-1640
-1580
-2447
-2589
-3678
-2911
-3581
-3240
-2812
-3553
-3178
-4447
-4092
-3309
-3542
-2761
-3641
-4060
-3217
-3662
-2081
-2778
-2650
-2207
-2599
-1214
-1896
-899
-1041
-859
142
-82
313
-8
163
1460
1575
1497
1117
601
1755
1785
2363
2018
1500
1549
1492
2102
2206
2113
1521
1554
1409
1782
1550
1405
1386
1145
1198
627
687
628
833
736
217
-103
-64
-8
103
-188
-402
-517
-826
-571
-538
-253
-658
-901
-652
-120
319
-10
-324
-249
446
810
1003
692
651
939
1152
1597
1717
1766
1590
1538
1808
2093
2308
2123
2051
2156
2020
2099
1871
1981
2082
1830
1695
1314
1287
1297
1356
1228
1012
579
263
203
123
270
-86
-588
-837
-1108
-973
-1122
-1614
-1456
-2049
-1910
-2320
-2629
-2107
-2631
-2134
-2762
-2973
-2973
-3147
-2619
-2562
-2547
-2854
-2989
-3005
-2373
-1799
-1830
-2064
-2267
-2012
-902
-1201
-632
-606
-643
31
-928
461
213
822
615
40
830
119
1095
908
1195
1128
273
563
870
1242
1693
750
721
643
668
1471
724
1227
524
610
582
382
845
551
627
292
134
-142
80
-152
472
75
-293
-503
-889
49
-87
35
-370
-671
-429
-166
146
290
86
147
75
278
500
641
1145
659
1111
731
1144
1442
1254
2149
1458
1751
1437
1548
2396
2056
2392
1911
1564
1841
1671
2150
2007
1479
1402
804
982
1093
1062
1090
235
-152
-305
-46
229
-87
-619
-1072
-1228
-1115
-883
-1103
-1343
-1872
-1970
-1841
-1815
-1803
-2047
-2111
-2252
-2173
-2244
-2035
-2201
-2185
-2042
-2029
-1593
-2126
-2115
-2055
-1609
-715
-1354
-1465
-1625
-1414
-128
-525
77
-272
-1029
37
-361
1150
880
-17
546
-355
856
852
716
1260
152
449
388
425
1261
464
553
299
-106
541
-2
409
299
-210
-11
-458
-323
-205
-433
-162
-384
-813
-665
-902
-368
-287
-585
-616
-1033
-530
-393
-193
-213
-355
-39
-83
167
341
506
889
839
953
1131
1123
1714
1751
1982
1963
1712
2063
2002
2442
2413
2251
2126
1911
2109
2189
2082
1900
1660
1393
1445
1102
1204
1043
711
588
21
154
13
-41
-102
-529
-681
-865
-810
-618
-855
-1016
-1349
-1520
-1173
-1383
-1034
-1535
-1798
-1609
-1906
-1205
-1533
-1493
-1542
-1934
-1493
-1300
-982
-864
-1345
-1316
-943
-739
-358
-593
-335
-173
-348
-297
-12
427
733
436
183
502
169
850
768
1094
1063
-93
204
-41
794
914
180
47
-680
-511
-308
-169
244
-468
-985
-1409
-1259
-470
-591
-587
-1214
-1327
-1264
-1291
-808
-708
-356
-640
-945
-906
-615
82
442
585
355
15
163
687
1490
1720
1449
1081
985
1472
1832
2166
1995
1818
1729
1627
1810
1726
1906
1879
1666
1422
942
955
938
1088
1052
573
156
-275
-94
58
126
-208
-696
-880
-1022
-776
-722
-861
-993
-1399
-1397
-1247
-1294
-951
-1258
-1190
-1269
-1344
-978
-975
-727
-773
-811
-948
-710
-587
-161
-354
-599
-473
-436
100
-177
-122
-94
-97
51
83
151
445
-20
177
248
312
618
-258
296
29
504
378
-142
51
-319
187
111
146
-70
-422
-524
-237
-180
39
-398
-579
-604
-713
-280
-411
-128
-424
-430
-564
-256
-113
142
208
69
241
-100
397
368
902
825
545
515
440
952
1044
1036
979
811
802
974
907
1244
898
916
819
705
948
631
817
585
573
523
405
445
293
252
166
97
127
89
45
-123
-362
-412
-338
-144
-115
-413
-791
-909
-741
-203
-203
-421
-889
-1159
-783
-526
-52
-149
-622
-973
-1131
-505
45
-68
-273
-924
-739
-539
-330
109
-276
-195
-589
-562
-374
-365
-115
-62
-185
-406
-700
-689
-195
-140
66
-289
-476
-528
-602
-150
143
282
76
-430
-518
-191
105
673
417
290
-163
-410
168
540
1147
744
196
-102
95
737
1090
1098
736
373
237
455
823
1095
978
711
368
285
380
645
864
819
529
106
-31
55
403
549
511
96
-347
-482
-302
208
273
163
-329
-648
-549
-343
176
209
12
-406
-732
-463
-43
358
298
-173
-531
-577
-214
210
279
68
-349
-479
-410
-85
112
62
-121
-482
-473
-487
-178
-29
-48
-312
-665
-675
-457
-67
-117
-274
-631
-673
-543
-335
-158
-255
-484
-594
-612
-455
-345
-399
-179
-415
-378
-660
-559
-188
-31
124
-286
-481
-450
10
368
514
26
-130
-128
274
731
572
589
242
392
579
794
861
809
647
791
762
795
880
730
1059
709
745
546
586
758
656
550
337
241
225
396
201
275
-174
-136
-127
-93
44
-279
-262
-467
-400
-362
-249
-218
-265
-500
-527
-466
-189
-3
-68
-171
-483
-332
-292
227
225
104
-225
-454
-42
41
364
111
12
-166
-305
-146
10
235
149
-88
-394
-452
-359
-68
123
34
-341
-713
-781
-391
-57
28
-305
-824
-894
-817
-257
-136
-254
-586
-938
-751
-637
-212
-146
-208
-404
-654
-415
-210
182
280
84
67
-119
181
465
622
852
521
600
519
699
1002
941
1060
870
869
870
875
855
948
899
906
734
489
546
446
624
533
421
204
-29
-111
26
79
40
-142
-464
-439
-572
-297
-312
-353
-525
-744
-663
-589
-372
-398
-390
-567
-499
-439
-248
-154
-193
-114
-75
37
45
65
142
355
354
455
238
227
278
356
627
441
309
72
91
257
333
139
20
-185
-149
-71
-277
-246
-477
-362
-304
-496
-653
-813
-754
-388
-425
-572
-847
-1176
-774
-574
-240
-411
-924
-1046
-921
-465
-94
-256
-577
-739
-832
-215
-26
152
31
-398
-115
-106
372
607
439
539
298
551
787
770
1042
903
1115
1131
923
1064
970
1287
1361
1250
1131
813
760
870
1042
1089
821
328
231
222
429
437
85
-11
-361
-338
-362
-459
-305
-554
-588
-704
-877
-764
-924
-737
-591
-699
-667
-1066
-924
-713
-473
-176
-473
-572
-771
-513
-55
195
107
-170
-322
-131
289
412
600
173
114
177
379
791
463
413
241
292
554
397
385
270
56
260
127
155
49
-256
-40
-190
-144
-280
-450
-415
-425
-464
-392
-557
-709
-610
-705
-267
-516
-618
-714
-786
-313
-323
-181
-392
-590
-513
-249
84
244
-32
-241
-274
11
473
526
466
94
122
228
615
733
733
606
342
516
498
925
842
813
677
532
682
608
813
811
786
612
435
379
510
542
580
453
243
111
-75
73
136
195
-38
-303
-493
-441
-346
-283
-296
-549
-611
-866
-733
-625
-519
-451
-733
-791
-855
-733
-493
-486
-439
-483
-646
-484
-536
-252
-101
-166
-59
-341
-157
-145
-1
225
170
256
11
-70
38
230
477
387
165
91
43
201
305
333
359
149
96
84
117
196
183
207
259
89
-19
-81
-82
245
190
246
-17
-319
-164
-160
273
216
-10
-194
-438
-184
-43
134
105
-128
-251
-350
-208
-45
45
100
-87
-154
-276
-189
27
119
287
74
-64
-222
-109
210
422
418
152
-58
-121
208
419
634
430
106
-14
11
440
616
519
258
-31
53
294
358
491
161
56
16
-21
267
69
117
-45
-126
-90
-202
-190
-131
-164
-199
-297
-519
-338
-437
-240
-289
-467
-456
-674
-453
-398
-339
-358
-482
-522
-457
-409
-276
-260
-278
-234
-337
-249
-264
-86
41
75
18
-101
-81
40
209
343
363
192
109
26
306
515
587
448
188
217
304
505
561
509
389
289
246
339
356
422
354
302
258
90
124
0
164
185
143
2
-269
-286
-231
-57
7
-98
-367
-489
-560
-270
-123
-104
-232
-559
-478
-444
-106
-26
-104
-214
-338
-199
-47
102
92
90
31
149
129
215
259
261
389
304
388
296
278
330
353
423
396
317
266
210
218
263
217
275
122
72
-38
-69
12
-63
5
-166
-223
-279
-337
-257
-319
-300
-306
-372
-405
-520
-522
-398
-349
-264
-368
-510
-555
-519
-266
-117
-103
-287
-452
-408
-181
66
97
59
-109
-127
-49
111
313
326
280
161
157
202
343
422
521
499
348
265
187
415
566
607
463
229
128
198
359
486
442
194
49
-99
83
168
204
143
-135
-174
-306
-154
-54
-52
-106
-367
-433
-432
-288
-159
-216
-326
-445
-468
-380
-316
-247
-250
-277
-314
-355
-331
-242
-113
-41
-51
-153
-208
-179
3
194
250
120
-40
-59
128
358
408
352
128
148
192
370
489
401
343
149
226
284
399
356
261
172
125
182
149
212
86
88
-30
-71
-75
-100
-47
-130
-187
-295
-304
-300
-218
-277
-342
-429
-429
-339
-311
-292
-385
-386
-382
-256
-222
-207
-238
-227
-108
-51
-26
-58
-50
56
191
179
195
69
202
293
376
446
256
319
266
426
467
413
365
287
324
370
396
314
279
173
295
235
239
120
24
125
48
141
-47
-81
-157
-146
-105
-163
-195
-321
-303
-357
-273
-383
-391
-439
-442
-361
-473
-439
-522
-407
-354
-346
-350
-437
-390
-328
-184
-113
-115
-176
-179
-85
60
158
152
140
130
217
297
378
411
386
418
436
499
468
456
478
501
580
503
457
348
330
423
420
417
225
107
67
79
141
64
-14
-156
-228
-270
-256
-249
-282
-342
-475
-485
-530
-432
-417
-434
-450
-537
-487
-504
-370
-317
-279
-284
-301
-240
-176
-47
25
119
64
92
94
231
381
416
423
285
365
403
568
584
508
447
374
477
479
522
405
334
270
266
267
209
173
59
48
-70
-76
-128
-145
-156
-264
-291
-370
-378
-407
-385
-389
-408
-466
-490
-461
-439
-353
-386
-361
-397
-411
-305
-254
-141
-162
-178
-137
-123
-10
27
72
114
118
131
139
164
254
338
334
314
211
267
320
407
464
349
340
265
319
358
366
363
288
252
199
195
172
207
168
132
24
-34
-28
-56
-25
-108
-131
-211
-254
-274
-290
-279
-305
-321
-380
-396
-428
-385
-373
-333
-337
-368
-349
-345
-260
-208
-127
-94
-115
-130
-71
49
153
192
153
136
169
287
374
381
338
300
331
383
418
428
351
324
331
295
275
190
195
178
117
73
-50
-68
-72
-93
-98
-199
-261
-313
-350
-269
-251
-283
-337
-424
-373
-319
-251
-160
-243
-275
-288
-214
-60
-46
-12
-55
-55
15
61
126
162
186
191
153
139
184
217
261
231
198
148
113
132
126
158
133
95
63
14
-2
-23
-3
67
28
-54
-140
-147
-32
1
22
-31
-126
-135
-90
0
65
21
-44
-83
-68
44
61
51
16
-23
-15
-15
13
35
18
-11
-12
-52
-35
-37
-43
-30
-80
-67
-91
-94
-47
-50
-82
-91
-70
-47
-63
-77
-43
-32
-11
-23
-18
7
11
30
5
18
25
26
33
12
39
39
61
42
-13
0
6
40
24
-17
-31
-80
-70
2
0
-32
-64
-111
-63
-59
-17
35
-27
-32
-80
-66
33
112
153
34
-46
-1
103
199
201
142
56
26
65
171
200
172
114
13
27
68
124
108
61
-19
-75
-64
-25
47
-40
-82
-139
-120
-55
-97
-84
-144
-113
-81
-80
-91
-111
-88
-46
-1
-28
-29
-52
-6
33
62
107
64
35
14
100
183
174
81
18
69
131
186
119
51
22
-4
28
52
55
-8
-72
-63
-42
-70
-52
-19
-76
-138
-165
-66
-43
-98
-94
-104
-52
-53
-72
-106
-64
39
41
-13
-52
36
34
15
17
20
84
112
151
13
-172
-193
72
531
643
-86
-1028
-761
606
1464
565
-907
-1259
-464
746
1279
658
-771
-1484
-538
884
1242
310
-755
-1009
-166
829
773
-181
-707
-114
479
371
-93
-312
-157
274
598
268
-325
-486
-14
384
447
286
-147
-415
-236
224
334
131
60
-76
-323
-321
54
326
237
-20
-270
-386
-156
263
299
-11
-208
-164
-83
13
165
117
-62
-51
116
81
-71
-56
59
167
192
99
-144
-229
24
251
189
-9
-124
-182
-129
62
189
67
-161
-233
-164
-33
63
26
-124
-189
-114
-38
-19
-15
-15
-82
-110
-39
40
46
-4
-21
-11
37
46
27
21
62
87
43
34
22
32
36
63
69
-1
-50
-53
8
34
9
-59
-91
-58
-79
-110
-99
-26
-28
-128
-185
-150
-61
-26
-31
-83
-121
-119
-84
-31
-8
15
-25
-50
-43
-32
-8
25
68
50
-10
-45
-30
6
67
85
28
-38
-71
-41
-9
24
28
-17
-62
-69
-60
-61
-38
-36
-45
-76
-93
-87
-97
-56
-37
-39
-40
-63
-91
-98
-40
31
30
-12
-33
-69
-48
25
72
71
11
-12
-40
-30
64
126
75
-15
-34
-21
4
20
62
28
-63
-72
-37
1
-23
-53
-30
-4
-36
-93
-106
-30
67
50
-22
-93
-74
-5
55
109
77
10
-47
-15
103
198
171
39
-32
5
106
160
146
90
-3
-40
5
95
135
69
-38
-83
-52
23
84
43
-13
-56
-53
-27
-16
21
33
5
-48
-43
1
37
51
45
32
8
13
17
43
65
74
70
11
-10
15
57
75
57
15
-21
-11
17
51
41
25
-10
-44
-12
23
32
-3
-32
-34
-24
-7
6
0
-20
-43
-64
-48
18
68
20
-57
-69
-2
60
36
-2
-18
-1
21
30
58
66
50
19
3
18
42
44
38
32
10
1
-1
44
57
13
-19
-30
2
2
-5
-4
-5
-21
-23
-15
-21
-2
3
22
5
-24
-2
36
68
49
10
-7
29
65
67
41
32
65
56
60
61
57
56
20
37
48
46
43
18
9
16
30
26
18
-3
-15
-1
15
30
10
7
10
-7
-2
30
54
42
8
8
35
53
82
71
45
32
23
34
52
61
47
6
1
31
26
9
3
14
19
-13
-32
-25
-3
3
-14
-30
-28
-27
-38
-31
-18
-4
-10
-21
-25
-38
-12
25
35
12
-19
-16
9
30
40
30
6
8
2
-1
9
21
35
15
-2
-12
-8
11
33
25
-12
-32
-24
3
2
-13
-22
-25
-12
-13
-26
-19
0
8
-13
-33
-21
1
13
11
-7
-26
-10
9
20
18
11
13
5
14
26
27
22
10
14
15
11
27
29
19
-6
-21
-12
5
19
2
-24
-40
-28
-8
0
-10
-23
-29
-30
-25
-22
-17
-26
-34
-36
-21
-11
-23
-26
-30
-20
-9
-17
-18
-20
-17
-6
-3
-2
-7
-11
-17
-22
-16
-15
-9
-12
-25
-24
-31
-30
-26
-32
-38
-39
-27
-20
-25
-25
-24
-14
-10
-19
-27
-33
-20
-3
0
0
-24
-16
3
20
22
-4
-7
-4
7
8
3
7
0
-3
-2
3
7
-1
-17
-21
-11
2
1
-10
-14
-21
-26
-27
-24
-9
-14
-20
-21
-22
-10
-8
-3
-25
-31
-19
-23
-13
-12
-12
-5
0
0
0
-5
0
7
8
4
-6
-7
-7
1
-4
-9
-15
-13
-9
-20
-23
-17
-3
5
-15
-42
-41
-30
-6
-2
-18
-29
-36
-25
-13
-7
-8
-19
-19
-18
-19
-7
7
9
1
-8
-8
2
10
10
11
7
4
0
5
13
11
-1
-15
1
4
0
1
9
9
-1
-6
-8
3
-3
-1
-6
-12
-11
-18
1
-2
6
2
-9
2
9
5
-5
3
10
15
9
5
2
5
16
18
18
3
0
12
21
16
11
9
3
4
-1
-4
6
2
-9
-14
-14
-6
0
-2
-9
-20
-26
-15
-8
-7
-7
-7
-5
-11
-15
-3
7
6
-2
-5
-6
1
3
-1
4
5
6
5
3
4
7
10
7
4
0
4
5
-4
-3
-12
-6
5
3
7
-6
1
8
8
5
5
8
3
6
2
12
16
18
4
3
17
15
20
19
17
11
19
32
31
24
12
7
14
19
17
12
7
3
-1
-1
1
3
-7
-5
-9
-4
-2
-2
1
-3
7
2
8
7
6
12
7
9
8
5
4
15
17
19
19
15
27
28
22
22
20
18
11
10
14
20
17
4
-3
5
15
16
12
0
-1
6
7
0
-5
-3
-6
-7
-9
-11
-9
-12
-1
1
-9
-11
-13
-6
-5
-9
-6
5
0
-3
-2
2
8
4
2
-10
-7
7
11
10
5
3
5
9
12
12
5
-5
-1
9
2
-2
-2
-3
-3
-7
-4
5
2
-2
-3
-1
5
8
4
1
1
2
-3
-8
6
10
10
5
4
14
12
13
7
7
15
16
16
13
12
7
6
15
14
8
2
-1
4
3
3
2
4
-1
-1
-9
-15
-2
-2
-3
-10
-6
0
-1
1
-2
0
2
2
0
-2
8
7
6
6
0
3
5
6
10
7
-6
-1
7
7
5
-2
-6
-15
-12
-12
-12
-12
-23
-27
-33
-27
-29
-33
-35
-34
-26
-29
-25
-27
-26
-21
-18
-21
-22
-20
-17
-19
-11
0
-2
3
5
9
5
4
14
16
18
5
7
10
6
8
-3
-1
0
0
1
-6
-6
-6
-12
-16
-17
-19
-19
-23
-25
-20
-20
-18
-23
-24
-20
-23
-19
-13
-15
-18
-11
-10
-10
-9
-15
-11
-7
-7
-9
-4
-6
-6
-12
-13
-7
-14
-18
-26
-31
-38
-38
-37
-42
-39
-33
-34
-37
-43
-48
-44
-40
-29
-35
-36
-37
-34
-20
-16
-8
-14
-11
-8
-5
2
2
-1
-4
-3
-9
3
5
2
-1
-1
-2
-5
1
-5
-2
-4
-11
-17
-25
-24
-16
-17
-24
-22
-22
-12
-4
-11
-11
-9
0
7
15
21
16
26
34
47
51
48
50
53
64
66
68
72
68
70
74
72
72
69
65
60
51
47
46
51
41
29
21
16
14
14
9
-2
-14
-18
-20
-14
-14
-26
-33
-36
-29
-25
-22
-28
-29
-29
-27
-18
-17
-15
-22
-16
-13
-10
-6
-11
-14
-14
-11
-10
-6
-1
0
-1
-8
-9
-5
0
7
7
5
5
6
5
7
3
-5
-1
4
4
8
-7
-4
1
-2
10
0
-2
-8
-4
-5
-5
-3
-15
-14
-29
-25
-24
-23
-28
-39
-46
-55
-47
-49
-45
-50
-62
-63
-60
-52
-45
-48
-53
-54
-42
-31
-19
-12
-16
-13
-7
12
26
34
37
35
44
53
66
67
71
75
66
74
80
81
77
71
64
54
54
47
41
28
11
3
1
3
-7
-26
-42
-51
-50
-53
-59
-74
-90
-91
-87
-80
-77
-79
-84
-84
-68
-58
-48
-43
-39
-35
-20
-10
7
11
9
26
39
52
67
77
76
80
84
90
96
103
102
88
88
86
90
87
73
62
59
56
57
54
45
34
14
6
2
3
-1
-19
-32
-30
-36
-33
-29
-44
-48
-58
-57
-45
-34
-41
-56
-57
-51
-36
-34
-32
-40
-46
-46
-34
-16
-12
-12
-20
-17
-7
9
15
12
12
10
21
39
50
51
41
41
48
54
70
75
67
57
65
74
81
81
68
53
50
59
64
58
41
25
10
9
13
8
-3
-26
-40
-51
-55
-59
-69
-85
-95
-101
-98
-89
-95
-103
-113
-116
-102
-94
-84
-74
-77
-78
-60
-40
-32
-20
-20
-11
6
25
47
53
53
53
60
72
83
84
82
82
73
70
69
63
58
47
39
35
28
17
15
2
-15
-21
-28
-28
-37
-49
-57
-62
-55
-58
-62
-58
-63
-66
-55
-42
-35
-28
-27
-33
-23
-9
4
9
8
0
-2
10
16
22
9
3
0
-2
4
4
-6
-14
-19
-30
-19
-11
-19
-30
-39
-42
-44
-27
-29
-31
-30
-31
-22
-16
-8
-6
0
0
12
22
28
37
36
37
39
48
46
54
49
43
49
42
47
39
25
17
12
11
5
0
-11
-24
-28
-29
-37
-51
-52
-64
-65
-64
-67
-61
-64
-61
-61
-52
-48
-35
-22
-22
-13
-6
10
21
27
28
34
38
45
52
55
54
54
55
53
57
53
47
46
36
36
31
25
24
18
12
7
-4
-9
-12
-20
-19
-26
-28
-30
-37
-32
-37
-33
-27
-30
-24
-23
-24
-27
-25
-19
-14
-17
-19
-20
-25
-17
-10
-15
-14
-18
-22
-19
-25
-27
-28
-37
-44
-47
-44
-42
-48
-49
-50
-55
-54
-48
-39
-37
-26
-22
-20
-13
-9
-1
1
5
12
22
28
34
38
38
43
47
51
49
47
51
49
51
51
40
34
30
22
17
21
10
-4
-3
-10
-12
-21
-31
-25
-25
-30
-25
-25
-25
-22
-22
-16
-13
-14
-4
1
4
7
10
18
21
29
31
32
38
45
53
48
52
51
56
56
49
53
47
41
45
44
41
32
24
26
20
19
24
17
14
10
6
7
-1
1
-2
-7
-5
-4
-5
4
4
0
11
4
11
17
13
19
25
17
19
30
21
23
25
16
18
12
13
12
5
0
-2
4
5
3
-2
-11
-13
-5
-12
-9
-7
-14
-9
-6
-3
-2
6
2
5
3
7
14
13
23
27
27
27
27
29
34
30
32
28
25
28
23
24
19
19
20
19
17
14
10
16
15
8
1
3
2
-1
10
4
3
0
9
14
2
7
3
1
13
17
20
24
21
16
23
21
27
28
27
29
23
28
23
22
18
11
9
8
5
5
7
-5
-8
-11
-10
-13
-25
-23
-18
-21
-22
-20
-20
-23
-27
-31
-29
-21
-19
-18
-19
-15
-8
-11
-7
-10
-5
-1
-4
1
-3
-3
-6
-3
-1
-1
-5
-6
-5
-2
-6
-17
-13
-22
-13
-9
-10
-6
-11
-19
-22
-14
-12
-4
-7
-9
-8
0
0
1
6
2
4
6
10
5
11
7
8
13
12
13
15
14
6
15
13
12
18
9
3
7
4
-2
-1
-7
-1
-6
-17
-16
-17
-13
-14
-20
-25
-28
-14
-16
-27
-24
-31
-34
-32
-35
-28
-28
-35
-36
-35
-29
-29
-29
-28
-27
-24
-35
-27
-26
-33
-31
-43
-43
-33
-33
-35
-36
-41
-39
-36
-38
-28
-29
-33
-33
-35
-32
-29
-32
-29
-24
-26
-27
-15
-16
-15
-12
-14
-3
0
4
-1
3
4
3
3
3
9
5
7
3
7
14
5
3
5
3
0
-4
-2
-4
-4
0
-5
-10
-14
-14
-18
-15
-22
-30
-23
-22
-23
-24
-29
-30
-18
-20
-19
-22
-23
-17
-19
-17
-12
-14
-15
-16
-13
1
-6
-1
4
1
4
2
5
3
4
4
8
7
4
7
5
3
2
11
8
6
3
-4
-3
1
6
3
-1
-1
-2
0
7
6
5
4
12
12
7
11
3
6
15
11
8
5
6
9
6
10
10
17
21
19
21
16
29
20
24
24
22
28
16
31
21
19
27
27
27
26
27
22
25
16
25
27
22
28
26
23
22
21
19
21
15
18
21
16
14
21
20
22
26
10
8
11
10
20
23
16
9
16
16
18
30
19
18
16
10
12
20
22
5
10
6
20
31
14
23
17
19
27
18
17
16
15
16
23
17
16
21
17
18
21
17
19
12
4
8
5
9
5
-1
3
2
-2
-2
0
-4
-1
-3
-11
-7
-12
-16
-11
-13
-13
-13
-15
-6
-11
-16
-14
-20
-16
-13
-13
-6
-5
-7
1
-2
-4
8
2
-3
9
7
11
17
9
9
11
15
18
20
18
21
26
22
24
22
17
19
15
11
18
30
25
30
28
20
25
18
11
22
17
15
20
12
14
4
-3
0
2
11
6
2
3
5
-3
-3
1
-8
-6
-1
-4
-6
-2
-3
-2
1
-2
-1
0
-6
-1
-3
-10
-2
-5
-8
-4
-2
0
0
-4
-2
1
6
5
1
4
5
10
5
3
5
2
5
7
7
4
-1
-2
3
-6
-6
-6
-15
-10
-16
-15
-4
-4
-8
-8
-10
-11
-7
-17
-17
-10
-14
-12
-4
-11
-20
-16
-12
-10
-12
-7
-11
-12
-4
-9
-8
-15
-12
-12
-6
-6
-4
1
-10
-3
-8
-8
-9
-3
4
-14
0
-6
-12
-8
-5
-6
-15
-12
-11
-6
-14
-8
-13
-18
-15
-15
-14
-15
-11
-18
-8
-14
-20
-14
-17
-13
-17
-15
-12
-5
-15
-14
-7
-12
3
3
-3
-1
-1
8
12
10
9
12
14
9
19
27
22
20
26
28
25
35
27
28
30
29
36
28
31
29
32
31
27
30
33
32
23
25
26
29
20
23
22
18
15
5
10
10
3
0
2
-4
2
-3
-13
-10
-15
-14
-10
-8
-17
-16
-16
-24
-24
-23
-21
-23
-25
-24
-21
-21
-22
-17
-22
-23
-14
-16
-12
-11
-21
-9
-8
-8
-9
-14
-9
-13
-14
-12
-12
-13
-15
-15
-18
-16
-15
-15
-16
-15
-18
-18
-14
-13
-15
-9
-6
-9
-7
-8
1
0
-3
-2
-7
-6
0
-2
-1
-1
-8
0
-7
-5
2
0
2
3
2
-1
8
6
1
2
4
3
6
6
5
6
3
5
6
6
4
16
17
6
13
8
5
11
5
14
10
11
11
2
7
-4
-6
-1
0
-6
1
-2
-7
5
-7
-2
-10
-18
-9
-4
-4
-9
-7
-15
-10
-8
-5
-6
-14
-13
-12
-8
-7
-2
-4
-5
-11
-8
0
-6
-3
-2
0
-3
0
-1
-2
0
-10
-4
1
-4
-7
-11
-11
-16
-15
-13
-8
-7
-10
-9
-11
-6
-8
-10
-2
-11
-7
-6
-11
-1
-8
-12
-6
-7
-8
-9
-15
-17
-18
-22
-24
-19
-20
-18
-23
-23
-14
-18
-18
-20
-21
-14
-18
-19
-16
-18
-18
-24
-23
-16
-18
-16
-15
-29
-29
-19
-20
-18
-14
-21
-23
-17
-19
-15
-21
-21
-13
-20
-13
-9
-17
-14
-10
-6
-8
-9
-9
-9
-19
-10
-7
-17
-9
-17
-17
-1
-5
-7
-14
-15
-5
-3
0
-2
-10
-12
-13
-13
-10
-3
-7
-6
-2
-8
-5
-4
-7
-4
-4
-12
2
-5
-4
5
-8
-2
-2
-5
-3
-1
-4
-6
-1
-4
-6
3
0
1
-3
-8
-2
0
-1
-4
2
-2
1
2
-1
5
3
3
3
5
5
12
7
12
18
13
18
17
13
16
22
21
22
20
20
22
24
26
31
30
24
30
28
29
29
26
23
21
21
21
22
20
20
14
21
21
17
17
16
23
23
18
21
16
18
18
17
16
10
16
10
5
11
8
7
6
1
1
0
-1
4
-5
-5
-3
-10
-14
-9
-7
-8
-1
0
-8
-14
-10
-13
-6
-12
-9
-4
-4
1
-5
-2
-3
-4
-6
0
-1
-3
1
-2
-3
-1
7
7
1
-2
3
8
3
2
3
3
7
12
20
15
9
16
15
17
19
20
13
18
24
19
24
22
17
21
13
8
18
13
10
15
6
8
15
16
19
19
9
10
21
13
11
17
16
13
11
7
10
8
2
9
5
9
9
3
7
5
12
18
15
11
9
10
13
9
2
4
-1
3
11
5
11
10
8
10
11
15
13
9
7
10
13
17
21
15
19
13
16
14
9
15
3
8
11
10
12
8
15
12
9
13
17
8
17
19
13
16
10
12
18
18
16
17
13
16
16
8
14
16
10
10
16
16
13
15
11
12
14
1
12
13
4
11
5
2
4
5
9
11
10
6
8
4
2
4
1
2
1
-3
6
6
3
2
-2
-4
-1
0
-3
3
-2
-7
3
5
2
0
-4
-10
-5
-9
-20
-14
-11
-13
-12
-19
-15
-9
-16
-13
-11
-18
-21
-15
-21
-20
-14
-22
-20
-18
-25
-23
-15
-25
-19
-18
-30
-22
-20
-25
-17
-17
-17
-11
-13
-14
-13
-10
-16
-15
-16
-16
-11
-8
-14
-16
-10
-14
-14
-9
-6
-12
-6
-9
-11
-10
-10
-7
-2
-1
-2
0
-5
4
0
0
0
3
0
5
4
0
11
4
4
0
7
0
-1
5
-3
0
-4
4
-1
-1
3
2
4
2
2
-3
2
4
1
5
0
-2
-3
2
-1
-3
-1
-4
1
4
8
7
1
3
7
6
3
3
6
9
7
9
15
5
8
14
8
6
8
11
4
3
2
3
2
1
4
4
4
-3
2
-2
-2
7
2
-1
1
-5
-8
1
-4
-7
-2
-11
-5
0
-1
7
7
0
1
-8
-11
-4
-7
-4
-1
1
4
1
1
-3
-3
1
2
3
1
6
12
6
10
17
14
18
14
12
13
9
8
9
13
13
14
9
10
9
12
16
10
6
8
8
0
10
8
5
6
8
9
9
11
9
8
8
9
2
7
7
3
3
0
-2
0
-1
-3
3
-2
-4
-1
-1
-4
0
-5
1
0
-5
-4
-8
-10
-8
-4
-13
-2
-8
-9
-9
-20
-17
-15
-17
-11
-4
-19
-6
-10
-14
-6
-6
-11
-5
-2
-7
-3
-3
-2
-4
1
-1
-4
-5
-6
-7
-3
-3
0
-1
-6
0
-3
0
3
2
0
-1
-3
7
-1
-4
-2
0
1
3
6
-2
3
6
7
3
5
5
6
5
7
9
4
4
-1
-2
-9
-4
4
2
9
7
6
6
5
5
7
6
5
0
-1
1
-1
-3
-10
-1
-3
0
4
-5
-8
-5
-5
-7
-2
-9
-9
-1
-9
-7
-9
-10
-5
-11
-11
-5
-9
-5
-4
-5
-7
3
2
4
10
6
13
6
5
6
6
9
10
13
9
9
18
12
11
12
6
15
14
17
15
11
8
13
13
13
18
17
21
16
14
16
16
18
25
18
13
14
12
21
18
12
15
19
9
10
6
3
2
0
12
7
6
6
3
-1
8
10
2
8
7
2
3
5
1
2
4
1
1
-1
-6
6
3
1
6
-3
-1
-2
-3
-5
-9
-3
-4
-7
-12
-4
-9
-13
-10
-10
-6
-10
-10
-9
-10
-8
-8
-9
-10
-15
-16
-10
-7
-6
-2
-10
-4
-4
-7
-5
-6
-7
-9
-3
-6
-5
-6
-8
-3
-5
1
1
-4
-3
-1
-3
-5
-5
-4
-2
-3
-8
-10
-6
-10
-9
-15
-16
-11
-18
-16
-12
-17
-15
-15
-21
-14
-17
-20
-13
-23
-20
-16
-16
-15
-18
-23
-22
-21
-17
-12
-22
-18
-21
-27
-22
-24
-22
-22
-26
-24
-22
-24
-23
-25
-24
-18
-17
-18
-18
-14
-15
-11
-14
-9
-8
-8
-6
-12
-4
-1
-1
1
6
1
5
1
7
12
9
13
7
6
6
15
18
15
11
6
7
3
8
6
3
-3
-1
7
8
2
-5
-2
-5
-8
-1
-5
-10
-2
-3
-7
0
-1
-3
0
-5
-3
-2
-3
1
-5
0
-3
-8
-1
0
3
-4
-3
-6
-5
3
-3
3
0
-1
3
0
-3
-1
-1
-7
-4
0
4
1
-4
-2
-5
-6
4
10
2
7
6
0
4
3
6
0
-1
6
-2
-7
-4
-1
-3
-2
-3
-8
-5
-8
-7
-6
-8
-6
-7
-5
-3
-7
-5
-8
-12
-1
2
-3
-5
-5
4
3
1
0
-1
1
7
3
1
4
-1
2
15
15
18
27
17
14
16
19
22
22
23
26
32
30
32
33
31
28
26
24
28
28
24
29
25
23
25
26
23
23
24
22
27
21
20
21
17
18
23
19
16
25
17
17
20
15
13
13
3
1
9
2
2
5
-6
2
3
-2
3
1
3
5
7
4
2
4
3
2
-3
-7
-3
6
3
5
8
9
9
-2
-2
6
-3
-2
0
-6
1
4
-4
-6
-3
-4
0
0
-3
10
14
12
13
13
12
15
10
9
12
11
12
14
15
15
17
18
18
16
13
17
19
19
22
23
22
21
22
22
20
16
8
12
16
19
23
22
11
7
9
9
16
16
8
-4
-3
-5
-9
-7
-9
-9
-18
-19
-20
-22
-16
-20
-20
-17
-21
-22
-19
-18
-21
-20
-14
-18
-16
-18
-20
-21
-24
-20
-22
-17
-15
-23
-24
-24
-22
-14
-12
-12
-9
-20
-17
-17
-22
-15
-13
-7
-7
-12
-8
-7
-9
-9
0
0
-3
3
-5
-8
-8
-9
2
0
0
1
-1
4
-4
-5
-1
-3
4
4
1
9
2
3
8
7
6
1
-1
-4
-3
-5
-1
1
4
1
-1
1
-5
0
-4
2
10
1
-1
-1
-4
0
-1
-3
-1
-2
0
1
4
3
-8
-7
-10
-2
5
-6
-10
-12
-11
-16
-11
-10
-8
-8
-20
-15
-19
-26
-21
-16
-16
-16
-13
-20
-30
-34
-32
-18
-21
-25
-20
-26
-32
-28
-30
-30
-23
-23
-22
-20
-18
-19
-24
-24
-23
-16
-19
-22
-25
-16
-11
-10
-9
-11
-4
-9
-10
-11
-10
-6
-4
-5
-8
-2
-1
-7
-6
-4
4
9
6
11
9
8
3
6
10
6
2
6
14
16
15
13
10
6
10
11
16
16
15
18
20
15
16
13
10
20
20
31
25
23
27
18
19
26
34
31
32
31
33
30
32
35
29
33
29
21
22
23
20
25
28
25
23
10
10
13
13
17
16
16
12
16
7
11
14
5
11
8
8
3
5
-2
0
4
-4
2
-5
-10
-12
-16
1
-4
-6
-1
-7
-6
-15
-15
-7
-9
-15
-10
-6
-10
-12
-15
-6
-6
-7
-9
-13
-18
-19
-17
-12
-9
-15
-19
-29
-24
-20
-18
-17
-25
-17
-12
-8
-6
-14
-15
-19
-20
-15
-17
-19
-18
-15
-19
-21
-16
-12
-10
-11
-6
-13
-14
-9
-4
1
-7
-15
-10
-5
-9
-7
-10
-8
-7
-6
0
-1
2
2
5
0
-5
3
5
6
6
4
5
1
2
2
-5
1
3
-2
1
3
-6
-5
5
-3
13
7
-8
3
-12
-10
-3
0
-5
-4
0
-2
1
-8
-5
-3
-3
-5
1
1
-3
2
-2
3
8
6
7
4
4
16
14
14
13
2
6
6
9
17
15
12
5
-2
0
1
3
7
5
3
0
3
10
9
11
10
-2
0
5
3
2
5
3
-2
1
4
-5
-6
-4
-1
-2
-1
0
-6
-5
-12
-14
-5
-5
-4
-15
-15
-11
-14
-8
-8
-5
-8
-12
-12
-12
-10
-10
-5
-10
-6
-6
-16
-10
-7
-5
-5
4
4
-7
-2
0
0
-6
5
6
-7
-1
-2
-2
-2
0
2
-1
5
4
5
0
-5
-7
-4
2
5
11
14
7
-9
-2
-4
-4
4
1
3
-1
-2
2
8
7
8
9
-4
-3
1
0
5
1
1
1
1
3
0
5
2
1
-1
4
8
3
-2
-1
6
-1
-1
-2
-1
4
-1
-7
-3
3
-5
-4
-5
-8
-9
-11
-9
-6
-1
-7
-8
-8
-11
-10
-9
-10
-11
-10
-12
-22
-22
-15
-11
-7
-7
-2
-4
-3
-3
-12
-4
0
-1
5
-4
-8
-6
-9
-5
-3
-8
-9
-11
-14
-6
1
-8
-8
-5
-10
-5
-7
-11
-11
-10
-7
-11
-3
-3
-6
1
-8
-5
-10
-12
-4
-3
1
-2
-8
-17
-13
-12
-11
-12
-15
-11
-12
-4
-9
-18
-15
-19
-14
-6
-2
-8
-11
-17
-23
-16
-9
2
3
-2
-10
-11
-2
2
2
3
8
3
3
8
14
6
7
9
7
10
5
10
10
7
8
9
6
7
13
14
12
10
9
5
17
14
4
6
20
21
14
22
15
13
12
13
13
19
22
19
18
13
19
16
20
18
12
15
16
21
15
20
24
17
20
18
13
12
13
25
22
24
22
15
19
10
15
11
4
11
12
16
15
11
12
7
8
12
1
4
9
12
13
12
7
4
7
8
6
13
11
7
2
-2
1
1
5
5
3
1
1
-8
-8
-6
-4
-10
-8
-4
-16
-6
-12
-15
-7
-16
-12
-11
-13
-18
-18
-20
-15
-11
-20
-26
-27
-21
-19
-16
-20
-24
-24
-32
-22
-21
-22
-22
-25
-23
-26
-23
-24
-25
-26
-26
-23
-28
-29
-27
-13
-14
-18
-13
-15
-15
-13
-10
-10
-2
-11
-19
-15
-8
-4
-11
-6
-6
-9
-10
-1
3
10
12
13
22
16
11
13
26
22
21
21
19
23
14
9
14
30
28
26
27
22
18
17
18
20
27
27
19
13
3
5
12
15
13
12
13
4
9
6
12
14
15
16
4
12
5
-1
-4
7
12
10
11
5
2
-4
-7
-2
2
0
4
-6
-3
-1
-7
-7
-5
-7
-6
-2
-11
-10
-10
-10
-2
-2
-6
-5
-8
-14
-17
-13
-5
-14
-19
-6
-11
-22
-24
-16
-7
-7
-8
-12
-16
-21
-18
-16
-8
-9
-13
-11
-17
-20
-18
-13
-7
-9
-20
-20
-15
-13
-10
-2
-5
-6
-8
-13
-10
-8
-6
-8
-3
-6
0
-4
-12
-9
-5
3
11
8
2
3
-7
-5
-3
-3
-1
-3
-7
-11
-14
-15
-5
-4
-8
-7
-7
-9
-11
-13
-11
-4
-1
-5
-12
-17
-16
-15
-12
-12
-18
-17
-19
-15
-13
-15
-18
-24
-25
-26
-26
-29
-27
-21
-33
-30
-28
-28
-23
-23
-20
-29
-29
-26
-27
-21
-14
-8
-14
-21
-27
-25
-19
-13
-9
-3
-1
-16
-20
-16
-8
-1
3
0
-7
-2
-3
-3
3
5
2
3
7
4
0
-3
-5
-1
2
7
12
2
0
3
3
7
5
4
5
9
10
3
0
12
20
10
3
4
6
7
15
13
6
7
6
5
6
5
6
11
16
14
9
8
14
20
22
28
26
24
23
20
22
23
24
28
24
19
21
13
20
25
23
28
19
13
