-2
8
10
9
0
4
3
1
-1
-2
3
-5
-4
-2
0
-1
-2
5
3
-4
0
2
3
3
-4
1
2
-5
-2
3
3
4
7
4
2
0
5
4
-2
-1
5
6
5
2
1
-2
-6
-3
-4
-9
-7
-3
-8
-13
-8
-2
-5
-9
-10
-11
-11
-12
-10
-13
-12
-15
-15
-11
-10
-6
0
-4
-10
-10
-11
-7
-7
-8
-5
-5
-5
-9
-8
-5
-8
-6
-7
-8
0
-4
4
7
4
-1
4
5
2
10
3
7
10
11
14
13
11
15
13
14
13
15
19
12
15
11
16
13
10
14
7
9
11
13
12
12
13
15
9
7
11
8
5
1
9
11
10
14
11
11
5
8
8
5
1
2
10
10
9
8
5
1
2
4
6
8
6
3
1
0
1
3
4
8
-2
5
6
3
3
-4
-5
-12
-6
-7
-7
-5
-7
-5
-8
-10
-12
-10
-10
-10
-13
-13
-10
-13
-10
-11
-13
-15
-15
-13
-17
-9
-13
-14
-10
-15
-13
-16
-20
-14
-16
-20
-23
-25
-23
-23
-23
-22
-22
-23
-25
-24
-24
-21
-18
-17
-16
-16
-16
-16
-16
-10
-6
-7
-11
-9
-5
-7
-7
-4
-7
-8
-5
-2
-2
2
6
4
5
3
-1
7
5
3
2
2
4
0
-1
3
6
1
-2
4
4
-3
-4
3
1
-2
2
6
6
9
10
8
11
8
7
8
13
13
10
4
8
9
4
11
11
13
10
8
12
7
6
2
0
1
1
1
1
0
2
-1
-1
-5
-4
0
-3
-2
-2
-1
-5
0
-3
0
4
-2
-2
-6
-1
-3
-4
2
0
-3
-2
4
2
-1
1
1
1
1
0
2
1
2
4
3
0
0
-1
0
0
-3
0
-8
-4
0
-4
-3
-5
-3
-12
-10
-7
-12
-12
-9
-6
-6
-9
-11
-6
-5
-2
-2
-5
-7
-11
-14
-10
-11
-14
-9
-10
-10
-9
-10
-10
-10
-6
-3
-7
-9
-3
-9
-8
-9
-15
-12
-10
-5
-5
-5
1
-1
0
-6
-4
0
-6
-4
-5
-5
-9
-7
-6
-16
-10
-7
-10
-9
-5
-5
-12
-14
-16
-14
-12
-15
-18
-18
-18
-17
-14
-21
-16
-15
-16
-12
-20
-13
-16
-18
-14
-13
-8
-11
-8
-8
-12
-7
-12
-12
-13
-16
-9
-10
-14
-16
-13
-16
-16
-12
-11
-5
-8
-15
-6
-9
-12
-12
-11
-12
-11
-7
-12
-7
-1
-2
-3
3
2
5
9
4
6
8
6
2
0
-2
3
3
-4
2
2
4
3
-2
4
2
-2
-1
-1
1
1
-3
1
2
-1
-1
0
-1
-2
-2
1
8
2
5
7
5
6
2
4
4
1
1
3
4
5
4
4
5
2
3
0
1
5
10
11
6
15
14
8
8
9
9
5
6
10
5
6
13
11
11
3
2
7
3
11
13
11
13
11
11
11
11
14
17
16
19
19
19
21
20
21
27
20
21
23
24
25
24
28
22
26
23
27
31
29
26
24
24
25
29
27
25
24
27
24
22
28
24
28
28
26
25
25
24
20
20
18
17
16
17
16
13
12
12
19
21
14
9
6
4
4
10
12
10
4
-4
-1
-1
-7
-6
-12
-18
-14
-18
-17
-19
-13
-15
-19
-16
-19
-22
-21
-18
-20
-18
-23
-25
-21
-27
-23
-19
-22
-23
-23
-22
-21
-20
-15
-13
-18
-23
-24
-24
-23
-24
-18
-13
-17
-25
-23
-18
-22
-22
-23
-21
-21
-19
-22
-26
-25
-26
-19
-17
-19
-15
-17
-17
-13
-13
-15
-14
-3
2
-3
2
4
1
-4
-3
0
-3
-4
-5
-6
-3
0
6
1
1
0
-5
-4
-5
-3
-2
-1
7
10
6
5
-1
2
7
6
6
6
12
16
13
14
15
16
19
13
11
13
14
13
8
6
9
9
5
6
4
4
11
7
8
15
17
17
12
17
19
14
11
13
16
13
15
17
18
16
18
16
14
12
13
17
13
9
6
2
3
5
5
9
9
8
6
9
10
6
12
8
11
10
12
14
7
11
11
11
10
11
10
10
13
12
15
10
8
9
8
8
11
11
3
-2
-4
0
-1
-3
5
-1
-2
7
6
4
1
5
6
5
3
2
2
-1
0
1
2
0
-1
-3
-5
-8
-7
-3
-6
-2
-5
-8
-9
-9
-8
-8
-11
-10
-4
-7
-13
-6
-5
-13
-9
-12
-7
-6
-8
-6
-7
-4
-9
-8
-10
-6
-4
-9
-7
-3
-8
-9
-8
-6
-3
-9
-5
0
2
4
-1
1
-4
-6
-4
-9
-6
-4
-7
-9
-10
-6
-12
-10
-11
-13
-10
-9
-7
-4
-5
-5
-6
-11
-3
-5
-5
1
2
4
1
8
8
1
2
-2
-3
3
6
1
3
7
7
12
6
8
8
5
4
1
3
3
8
8
3
-1
2
7
5
2
5
7
3
4
4
9
10
7
10
10
9
9
5
7
8
0
7
7
3
3
8
9
7
8
6
9
5
6
7
5
7
5
1
4
5
9
12
7
13
12
4
7
8
10
12
11
12
9
7
2
5
4
1
4
6
8
0
3
8
5
7
2
3
5
1
1
-3
-7
-5
-3
-2
-5
-5
-6
-4
-7
-9
-8
-10
-10
-10
-9
-6
-3
-9
-7
-5
-5
-6
-10
-7
-10
-8
-13
-13
-9
-13
-6
-11
-11
-12
-10
-8
-11
-10
-17
-20
-20
-20
-23
-20
-18
-21
-20
-15
-10
-12
-15
-12
-10
-14
-14
-6
-4
-8
-5
-4
-7
-9
0
2
-3
-3
-2
-8
-5
2
0
5
4
7
6
0
0
1
3
3
6
7
4
1
3
4
1
1
5
3
8
1
0
3
-1
2
2
4
9
8
2
6
2
8
10
5
9
5
6
5
3
1
-3
-4
1
0
-1
-2
-1
1
-3
-3
-2
-2
-8
-4
-2
1
0
0
2
-4
-4
-5
1
-2
-4
2
4
5
5
6
1
-1
2
-2
-5
-2
-3
-2
0
3
9
8
3
3
-3
0
-1
2
9
9
10
5
7
11
10
9
7
5
10
12
11
17
17
15
11
10
13
11
10
14
12
12
7
16
20
16
18
14
17
15
19
18
16
16
16
24
18
23
22
26
27
14
18
21
22
22
23
23
21
21
22
28
30
27
21
19
18
19
26
25
23
13
14
20
20
18
23
21
11
13
17
17
8
15
14
11
10
6
13
9
1
3
-2
3
6
0
1
0
1
-1
-1
3
2
-3
-2
0
-3
-5
-2
-3
-7
-7
-7
0
-2
-2
-1
-5
-7
-1
6
7
6
2
1
3
5
4
9
3
-1
-3
-6
1
4
8
1
-5
-5
0
3
4
0
-1
-3
-5
-5
-1
-1
-2
-7
-6
-5
-3
1
-1
-2
-9
-8
-13
-12
-5
-8
-10
-18
-18
-15
-8
-7
-7
-10
-14
-9
-7
-10
-13
-15
-13
-12
-12
-11
-10
-6
-6
-12
-12
-5
-3
-4
-8
-4
-8
-15
-8
-4
-1
-7
-11
-7
-8
-5
2
1
-2
-3
-4
-1
-2
2
-3
-6
-9
-10
-8
-6
-5
-7
-3
-5
-6
-4
-7
-4
-8
-10
-14
-15
-5
-9
-8
-10
-18
-16
-11
-13
-10
-10
-15
-20
-19
-18
-18
-14
-19
-24
-21
-24
-15
-12
-12
-13
-14
-13
-13
-11
-7
-9
-15
-15
-16
-16
-10
-7
-5
-2
-3
-5
-3
-2
-5
-1
-4
-6
2
-3
-5
0
3
-2
-6
1
1
2
4
5
2
-1
-1
3
-4
1
2
-5
2
1
4
3
-2
-7
-8
-8
-1
1
-1
1
1
3
10
9
8
7
7
7
9
7
8
8
4
6
0
3
10
4
8
5
1
9
5
4
2
-2
1
-3
-1
5
4
-1
-2
-2
2
1
5
2
-1
3
2
4
6
6
1
2
0
-4
-3
-2
2
0
-5
-5
-1
-2
-1
-1
3
4
-4
-4
-2
-2
-8
-16
-13
-6
-9
-7
-1
0
-2
2
7
4
2
6
5
3
2
4
5
5
7
7
3
8
14
12
14
9
7
5
9
13
11
16
12
14
7
9
13
8
9
5
5
7
6
8
7
8
7
4
8
3
0
7
8
7
6
8
9
10
7
6
5
-2
-2
0
-4
-5
-1
3
0
-2
-4
-9
-12
-8
-6
-14
-20
-19
-19
-24
-16
-17
-27
-22
-24
-16
-16
-26
-20
-21
-19
-18
-19
-21
-23
-22
-18
-14
-18
-16
-17
-19
-20
-19
-20
-25
-19
-23
-23
-19
-23
-24
-22
-23
-20
-16
-13
-10
-13
-11
-8
-7
-4
-4
-6
0
4
7
9
6
11
10
13
9
12
11
7
3
3
5
6
8
12
9
8
12
8
14
13
11
8
13
16
6
9
12
17
14
17
13
20
21
18
21
17
19
21
20
17
23
22
13
10
10
8
7
13
12
7
11
9
11
11
9
11
6
12
12
14
13
12
8
11
11
7
10
14
14
4
8
7
9
11
9
3
4
-1
-4
4
2
7
7
0
-9
-9
-1
0
-7
-6
-10
-17
-13
-11
-9
-5
-4
-10
-12
-14
-11
-9
-10
-14
-13
-16
-12
-13
-19
-16
-17
-16
-14
-12
-13
-9
-7
-10
-14
-12
-10
-12
-8
-4
-5
-6
2
7
3
5
11
2
0
6
10
14
4
8
6
6
5
-1
7
7
6
1
6
10
7
6
2
9
9
4
6
7
4
4
4
4
5
5
6
4
2
-1
-4
0
0
7
2
2
6
3
3
1
5
8
5
11
12
4
5
1
3
1
2
7
3
-1
5
12
5
2
5
4
-1
1
6
4
-1
2
1
0
1
0
4
-1
-1
-3
-4
-4
-7
-7
-12
-13
-13
-10
-7
-5
-4
-3
-8
-9
-9
-10
-16
-19
-16
-17
-15
-12
-13
-14
-13
-17
-22
-20
-20
-23
-20
-26
-23
-18
-24
-21
-21
-19
-21
-24
-19
-15
-18
-15
-17
-18
-13
-12
-9
-13
-11
-10
-10
-7
-5
-9
-7
-5
-3
-10
-14
-7
-6
-9
-13
-8
-8
-5
-1
0
-6
-5
-1
-4
1
-1
2
-4
-2
2
-4
0
0
-2
-8
-5
-7
-9
-3
2
-2
-9
-1
1
4
-1
-1
3
-7
-3
4
-2
-1
4
0
-9
3
6
4
5
4
11
8
6
12
10
7
7
9
7
5
13
17
10
9
10
10
10
14
12
8
12
10
5
8
15
12
9
11
13
20
12
11
13
8
12
16
19
12
11
8
10
11
15
17
9
14
8
16
17
16
18
18
17
11
12
12
12
15
18
15
12
22
21
16
16
16
16
16
23
17
18
20
17
25
17
19
20
14
17
18
17
18
20
16
18
16
15
18
19
19
20
17
15
14
19
19
12
10
13
21
13
14
17
19
22
16
18
21
14
7
11
19
17
17
19
18
14
16
19
12
15
14
11
9
13
9
6
13
7
10
10
8
12
12
12
13
14
8
4
6
4
3
7
10
13
9
1
3
5
0
0
-1
6
7
1
6
10
8
5
7
5
0
-1
5
4
2
4
12
6
1
-4
-4
5
0
8
14
10
6
1
5
0
3
8
7
6
3
1
2
5
-1
0
0
-1
-7
-6
4
1
1
-4
-6
-10
-11
-8
-9
-4
-5
-1
6
6
0
0
-2
-3
4
6
10
4
9
11
5
1
5
15
4
5
10
10
6
1
9
6
1
9
6
13
10
4
12
7
13
15
11
16
12
16
20
17
20
14
15
15
12
14
11
14
6
8
16
10
12
10
9
10
15
16
14
15
17
18
19
20
26
21
13
18
17
11
19
21
18
17
10
18
19
21
30
22
26
20
10
14
10
14
16
9
11
11
12
9
13
12
5
7
7
7
6
5
9
13
2
7
2
6
7
6
9
-1
1
-2
-2
-1
2
-2
-5
-6
1
-2
-5
2
3
-1
-13
-2
-4
-7
-4
-2
-7
-14
-6
-5
-2
0
-3
-9
-3
-3
-3
-3
-3
-1
-8
-5
-7
-5
-7
-5
0
-11
-3
3
-4
-3
-12
-11
-12
-15
-3
-3
-5
-8
-11
-9
-11
-4
-6
-5
-7
-10
-10
-7
0
-3
-5
-4
-4
-3
0
-1
3
7
7
5
-1
10
9
4
5
8
15
9
9
12
13
12
9
13
11
7
7
10
14
15
17
15
11
11
13
10
12
16
22
24
21
14
17
20
16
18
16
12
11
13
4
10
7
3
14
6
10
9
15
10
1
14
8
4
-1
0
7
-5
-2
9
1
1
2
5
4
-6
3
-6
2
-6
-14
1
-2
0
-5
4
3
-4
1
5
6
1
3
3
3
3
13
7
5
14
14
21
10
19
21
9
5
7
10
1
1
10
6
2
2
7
11
4
12
14
6
5
10
19
6
-4
9
9
9
4
9
26
3
9
3
14
12
-1
13
-7
6
1
-1
2
-1
5
-3
-3
0
-2
-2
-4
-11
-1
-4
1
7
4
9
4
2
13
11
8
4
3
-1
-20
-3
14
6
-5
6
24
-2
-15
16
22
-5
-25
-11
11
-20
-14
9
12
-2
-6
37
31
1
-6
1
-7
-23
-25
-5
-27
-34
-23
-15
15
4
30
12
11
2
-18
-18
-27
-25
-42
-49
-51
-12
-21
4
11
29
37
10
26
-1
-4
-43
-65
-39
-52
-59
-40
-9
8
-16
32
72
62
36
18
25
-7
-65
-41
-32
-48
-41
-51
49
13
57
90
87
118
38
89
19
-13
-28
-67
-53
-69
-30
23
15
70
102
97
150
127
163
75
23
16
-46
-62
-114
-61
-42
-74
-51
9
78
79
56
92
73
-15
-61
-89
-84
-166
-201
-143
-134
-100
-111
-12
32
-12
4
17
34
-70
-146
-152
-175
-236
-235
-206
-162
-160
-150
-78
-57
14
-17
-41
-55
-131
-109
-185
-181
-154
-186
-127
-149
-32
33
56
127
110
153
92
69
131
55
31
-8
31
91
16
139
183
255
207
209
335
283
280
189
242
222
153
175
231
269
262
244
319
335
335
365
321
353
213
228
191
187
197
129
163
127
150
116
123
161
126
45
-10
-38
-50
-148
-177
-198
-238
-265
-295
-265
-259
-271
-329
-323
-355
-361
-416
-438
-436
-501
-505
-487
-421
-393
-438
-347
-331
-325
-293
-316
-191
-302
-288
-321
-308
-231
-327
-232
-255
-236
-218
-235
-143
-140
-192
-137
-217
-146
-165
-194
-74
-181
0
-54
29
156
125
295
184
355
366
349
478
396
502
418
460
538
497
594
530
550
561
531
610
556
640
591
530
579
548
659
556
655
639
621
681
653
801
714
769
711
688
707
615
620
489
389
256
100
51
-105
-243
-417
-605
-719
-913
-951
-1051
-1158
-1275
-1408
-1408
-1438
-1419
-1386
-1431
-1361
-1399
-1285
-1151
-1082
-882
-951
-747
-745
-623
-500
-523
-344
-450
-356
-336
-316
-191
-223
-168
-165
-202
-101
-209
-95
-145
-209
-189
-287
-117
-170
17
130
266
408
538
786
947
1112
1156
1215
1138
1097
1018
968
922
775
681
577
556
615
585
624
549
445
382
243
236
95
3
-106
-232
-138
-19
196
464
673
976
1178
1523
1854
1968
2114
2030
2018
1882
1738
1719
1506
1337
1102
910
857
667
547
270
-52
-316
-744
-968
-1358
-1692
-2070
-2474
-2618
-2860
-2849
-2881
-2845
-2763
-2731
-2475
-2306
-2065
-1971
-1889
-1765
-1720
-1612
-1592
-1491
-1427
-1389
-1291
-1139
-968
-774
-609
-397
-238
-56
203
307
497
543
655
759
802
942
992
1162
1315
1430
1631
1750
1959
2074
2103
2188
2056
1991
1732
1524
1314
1019
853
516
337
134
24
-39
-189
-218
-362
-446
-512
-601
-622
-781
-802
-824
-776
-609
-420
-165
-10
243
504
770
1029
1193
1258
1310
1276
1337
1347
1379
1411
1288
1355
1272
1348
1304
1143
1040
698
503
249
0
-185
-518
-675
-837
-873
-774
-824
-655
-664
-612
-560
-552
-420
-531
-566
-670
-747
-738
-783
-735
-688
-679
-607
-566
-513
-480
-548
-605
-749
-901
-1081
-1321
-1427
-1592
-1731
-1809
-1918
-1904
-1951
-1906
-1825
-1754
-1720
-1711
-1621
-1517
-1350
-1232
-1035
-975
-813
-559
-287
162
422
775
1077
1387
1836
2100
2429
2577
2601
2625
2465
2491
2373
2115
1805
1422
1213
928
731
571
346
139
-89
-147
-98
-146
-169
-216
-258
-214
-159
76
275
443
648
883
1288
1593
1921
2236
2458
2639
2714
2808
2825
2811
2631
2384
2145
1858
1581
1190
895
498
93
-261
-649
-850
-1209
-1530
-1819
-2163
-2358
-2669
-2784
-2937
-3124
-3228
-3401
-3276
-3256
-3147
-3012
-2878
-2688
-2658
-2409
-2272
-2126
-2083
-2145
-2052
-2088
-2061
-2115
-2134
-2087
-2148
-1990
-1828
-1574
-1248
-1018
-571
-146
281
764
1109
1607
1914
2273
2614
2743
3102
3085
3284
3346
3279
3289
2951
2953
2653
2420
2178
1754
1582
1069
701
418
47
-175
-645
-829
-1012
-1175
-1142
-1266
-1090
-1136
-1030
-794
-550
-234
-116
186
377
663
980
1232
1583
1728
1890
2046
2266
2515
2571
2643
2557
2512
2389
2178
1949
1636
1221
727
357
19
-252
-624
-849
-1055
-1136
-1162
-1160
-1025
-1066
-1071
-1069
-1017
-945
-946
-935
-883
-919
-882
-875
-736
-617
-661
-610
-712
-734
-849
-1066
-1236
-1586
-1816
-2183
-2464
-2592
-2860
-2910
-3195
-3205
-3227
-3324
-3240
-3471
-3363
-3508
-3495
-3237
-3221
-2718
-2462
-1803
-1009
-546
479
1009
2025
2646
2959
3646
3576
4045
3897
3873
3964
3538
3656
3231
3164
3067
2679
2683
2070
1771
1292
673
369
-439
-827
-1463
-1863
-1972
-2227
-1979
-1952
-1634
-1289
-1055
-440
-91
424
651
830
1288
1444
1990
2179
2610
3025
3172
3695
3803
4228
4258
4126
4079
3503
3301
2698
2185
1689
785
462
-220
-464
-720
-1120
-1034
-1437
-1367
-1529
-1663
-1535
-1913
-1924
-2195
-2274
-2112
-2313
-2071
-2110
-1878
-1612
-1619
-1244
-1294
-1151
-1252
-1476
-1555
-1963
-2160
-2569
-2904
-3190
-3579
-3601
-3817
-3882
-3968
-4014
-3858
-3961
-3779
-3740
-3486
-3188
-2888
-2259
-1734
-893
-132
687
1662
2479
3394
3981
4476
4926
5077
5298
5200
5091
4872
4518
4330
3988
3746
3339
2910
2499
1899
1325
701
31
-719
-1515
-2136
-2597
-2954
-3210
-3335
-3220
-2962
-2631
-2143
-1686
-1221
-810
-483
-73
245
636
979
1352
1879
2481
3311
4057
4733
5350
5712
6058
6077
5871
5410
4629
3953
3006
2291
1566
953
610
38
-141
-284
-240
-246
-565
-676
-1081
-1321
-1637
-2085
-2250
-2732
-2838
-2955
-2905
-2615
-2513
-2145
-2180
-2069
-1944
-2012
-1999
-2425
-2742
-3078
-3492
-3675
-4140
-4287
-4529
-4707
-4641
-4917
-4639
-4665
-4541
-4513
-4691
-4343
-4353
-3928
-3697
-3241
-2393
-1810
-644
282
1437
2630
3529
4596
5117
5780
6225
6357
6506
6164
6086
5863
5459
5172
4642
4414
3929
3343
2744
1858
1229
268
-690
-1676
-2698
-3331
-4003
-4355
-4542
-4480
-4102
-3810
-3176
-2562
-1868
-1158
-695
-128
198
714
1223
1719
2305
2744
3596
4440
5235
6071
6634
7150
7168
7024
6776
6079
5392
4172
3181
2238
1317
841
121
-254
-679
-795
-733
-972
-978
-1245
-1467
-1677
-2069
-2122
-2386
-2523
-2563
-2624
-2374
-2248
-1795
-1639
-1659
-1578
-1705
-1730
-2112
-2437
-2822
-3352
-3825
-4397
-4544
-4827
-5086
-5308
-5636
-5699
-5784
-5548
-5612
-5792
-5785
-5788
-5372
-5045
-4510
-3715
-3008
-1931
-851
550
1956
3080
4298
4903
5716
6364
6792
7117
6923
6878
6639
6489
6347
6051
5817
5262
4673
4163
3437
2773
1791
662
-533
-1678
-2518
-3328
-3903
-4476
-4779
-4731
-4462
-4040
-3515
-3027
-2532
-2061
-1592
-1064
-609
-130
262
907
1614
2459
3515
4522
5527
6409
7163
7657
7855
7823
7346
6623
5632
4530
3646
2617
1715
904
291
-158
-539
-643
-917
-1204
-1492
-1913
-2221
-2722
-3090
-3396
-3843
-4067
-4184
-3891
-3685
-3448
-3055
-2845
-2467
-2209
-2098
-2082
-2353
-2551
-2849
-3178
-3458
-3886
-4039
-4490
-4661
-4675
-4855
-4903
-5156
-5105
-5221
-5201
-5095
-5122
-4834
-4489
-3743
-2878
-2129
-1053
95
1399
2583
3652
4712
5380
6165
6670
7084
7401
7373
7404
7183
6990
6711
6407
5965
5138
4449
3697
2821
1877
772
-316
-1406
-2322
-3062
-3711
-4132
-4436
-4422
-4265
-4025
-3474
-2967
-2455
-2032
-1508
-945
-452
88
543
1236
2003
2864
3858
4824
5814
6784
7555
7945
8036
8026
7629
6879
5936
4793
3802
2779
1988
1165
432
-41
-406
-537
-934
-1205
-1490
-1890
-2309
-2791
-3107
-3491
-3863
-4126
-4241
-4092
-3887
-3655
-3385
-3280
-2981
-2678
-2606
-2720
-3014
-3229
-3572
-3881
-4185
-4668
-4992
-5227
-5373
-5366
-5439
-5326
-5370
-5479
-5394
-5358
-5131
-5332
-5419
-5282
-4923
-4087
-3410
-2455
-1522
-217
1421
2973
4385
5420
6491
7306
7899
8321
8460
8364
8077
7741
7355
7010
6806
6378
5816
5103
4403
3784
2808
1751
339
-956
-2211
-3350
-4150
-4991
-5408
-5657
-5537
-5034
-4407
-3542
-2772
-2159
-1473
-832
-118
351
688
1148
1592
2570
3626
4617
5689
6739
7858
8738
9200
9372
9021
8364
7412
6139
5019
3544
2387
1313
319
-222
-851
-976
-1234
-1460
-1629
-1903
-1988
-2428
-2789
-3135
-3555
-3729
-3926
-4042
-3929
-3751
-3434
-3153
-2837
-2615
-2489
-2277
-2343
-2481
-2801
-3238
-3639
-3981
-4401
-4846
-5185
-5578
-5765
-5823
-5774
-5784
-5869
-5966
-5874
-5613
-5524
-5610
-5571
-5422
-4894
-3957
-3174
-2147
-1040
490
2249
3989
5491
6547
7615
8265
8771
9038
8914
8490
7981
7311
6755
6421
5996
5459
4638
3958
3184
2500
1559
274
-874
-2313
-3508
-4381
-5182
-5689
-6044
-5998
-5744
-5134
-4102
-3250
-2239
-1606
-967
-37
548
1119
1431
1975
2762
3792
5050
5877
7082
8220
9097
9830
9833
9661
9012
8092
6881
5452
4223
2688
1629
591
-432
-868
-1289
-1467
-1881
-2171
-2375
-2650
-2805
-3481
-3796
-4137
-4485
-4530
-4614
-4376
-4237
-3726
-3403
-3046
-2519
-2423
-2090
-2168
-2360
-2590
-2855
-3030
-3532
-3817
-4304
-4659
-4629
-5003
-5081
-5270
-5594
-5634
-5861
-5706
-5884
-5953
-6160
-6527
-6030
-5731
-4965
-4158
-3567
-2336
-659
1724
3924
5313
6568
7546
9099
10171
10180
10101
9083
8697
8274
7840
7520
6587
6149
5266
4753
4323
3505
2864
1260
-396
-1675
-2938
-3784
-5114
-6150
-6993
-7205
-6499
-6037
-5013
-4230
-3214
-2063
-1197
-87
685
1293
1390
1553
2294
3152
4368
5286
6059
7118
8297
9656
10215
10120
9426
8566
7725
6283
4813
3165
1534
303
-840
-1377
-1698
-1838
-1964
-2463
-2291
-2292
-2062
-2278
-3032
-3344
-3901
-3841
-3947
-3945
-3817
-3884
-3357
-3002
-2480
-1951
-1933
-1915
-2400
-2662
-2747
-3097
-3498
-4373
-4777
-5067
-5252
-5312
-5622
-5779
-6121
-6325
-6367
-6278
-6146
-6298
-6482
-6512
-6281
-5995
-5756
-5431
-4855
-3960
-2960
-1751
-166
1861
4120
5813
6994
8109
9305
10549
10767
10296
9398
8693
8428
7725
7234
6317
5594
5096
4464
4194
3436
2759
1628
52
-1134
-2357
-3136
-4307
-5568
-6238
-6544
-5911
-5299
-4561
-3690
-2892
-1693
-746
183
937
1385
1873
1948
2516
3620
4921
6028
6618
7547
8582
9743
10346
10034
9173
8127
7159
6034
4517
2966
1556
456
-482
-1251
-1389
-1547
-1605
-2122
-2368
-2315
-2239
-2327
-3027
-3599
-4105
-4086
-4007
-4063
-4075
-3913
-3627
-3097
-2683
-2350
-2194
-2174
-2331
-2755
-2874
-3254
-3606
-4250
-4801
-5135
-5261
-5601
-6079
-6333
-6517
-6257
-6285
-6349
-6697
-6581
-6329
-6229
-6203
-6470
-6059
-5440
-4611
-3713
-2541
-894
1404
3807
5572
6846
8406
10052
11053
11231
10564
10143
9580
9031
8168
7480
6806
6128
5751
4970
4509
3849
3239
1897
339
-1024
-2271
-3374
-4939
-6193
-6875
-7189
-7093
-6615
-5870
-4804
-3681
-2357
-1471
-357
521
1126
1542
1532
2040
2772
3696
4469
5580
7017
8388
9463
10133
10348
10316
9823
8627
7014
5176
3511
2200
768
-510
-1541
-1927
-1949
-2108
-1838
-2046
-1638
-1779
-1995
-2274
-2805
-3059
-3838
-4119
-4687
-4517
-4161
-3925
-3613
-3225
-2627
-2183
-2013
-2167
-2509
-2819
-3363
-4033
-4396
-4886
-5107
-5634
-5801
-6028
-5993
-5988
-6180
-6051
-6228
-6122
-6038
-5910
-5928
-5976
-6032
-5754
-5237
-4447
-3742
-2819
-1352
601
3462
5351
6593
7808
9069
10671
11102
10917
10070
9236
9034
8221
8036
7251
6572
6227
5333
5110
4376
3969
2858
992
-357
-1964
-2955
-4433
-5900
-6720
-7600
-7345
-6919
-6034
-5049
-4264
-2849
-1945
-787
152
680
1155
975
1380
2131
3110
4066
4735
6202
7576
9052
10309
10702
10686
10265
9648
8433
6717
4955
3282
1746
402
-924
-1413
-1768
-2054
-2096
-2275
-1883
-1864
-1743
-2177
-2841
-3290
-3905
-4082
-4797
-5091
-5109
-5041
-4719
-4335
-3636
-3321
-3006
-2988
-3155
-3243
-3582
-3972
-4390
-4810
-5354
-5729
-6023
-6360
-6481
-6577
-6676
-6684
-6671
-6371
-6111
-5906
-5829
-6027
-5784
-5559
-4783
-4316
-3884
-2575
-1067
1731
3741
5216
6632
7963
10111
10892
11213
10862
10122
10256
9537
9345
8744
7819
7599
6362
6189
5424
4840
4134
2148
947
-883
-1779
-3147
-4919
-6045
-7296
-7512
-7468
-7049
-6351
-5881
-4723
-3764
-2601
-1371
-674
207
183
623
1194
2275
3214
3648
4751
5849
7976
9648
10615
11162
10989
11118
10777
9596
7875
5647
4161
2150
768
-216
-1437
-1590
-2615
-2563
-2520
-2163
-1675
-2308
-2442
-3465
-3563
-3821
-4748
-5249
-6266
-6138
-6066
-5672
-4913
-4448
-3746
-3778
-3284
-3083
-3050
-3138
-3711
-4392
-4938
-4883
-5023
-5328
-6101
-6606
-6525
-6225
-6146
-6215
-6292
-6131
-6058
-5586
-5377
-5229
-4540
-4487
-3481
-2534
-44
2437
3739
5053
6029
8535
10225
10964
10838
10125
10252
10409
10268
10068
8956
8334
7614
6733
6400
5346
5029
3121
1257
-70
-1422
-2169
-4122
-5681
-7193
-8020
-7803
-7839
-7372
-7086
-6510
-5184
-4315
-2882
-1989
-1105
-601
-592
259
1015
2193
2730
3328
4427
5773
8047
9817
10645
11068
11239
11674
11432
10476
8645
6601
4826
2985
1693
506
-658
-1588
-2153
-2527
-2083
-1922
-1662
-2203
-2779
-3057
-3378
-3499
-4773
-5309
-6254
-6433
-6324
-6102
-5549
-5265
-4623
-4252
-3630
-3268
-3281
-3497
-3956
-4726
-5073
-5353
-5554
-6123
-6549
-6771
-6496
-6094
-6026
-5983
-6165
-5681
-5582
-5046
-5283
-5115
-4599
-4356
-3115
-2221
304
2468
4028
5558
6945
9532
10916
11629
11369
10701
10859
10707
10536
9904
8784
8180
7490
6834
6384
5426
4940
3113
1437
156
-1265
-2266
-4422
-5903
-7401
-8153
-8206
-8246
-7847
-7649
-6876
-5555
-4495
-3240
-2127
-1375
-613
-333
477
1408
2343
2965
3572
4890
6202
8234
10106
10911
11404
11772
12096
11979
11171
9200
7303
5453
3634
2206
859
-364
-1756
-2105
-2757
-2340
-2099
-2202
-2458
-3224
-3306
-3724
-3726
-4977
-5790
-6531
-6876
-6646
-6487
-5995
-5818
-5207
-4805
-4186
-3529
-3489
-3604
-3868
-4618
-4761
-5175
-5379
-6145
-6732
-6699
-6873
-6316
-6655
-6519
-6196
-6013
-5561
-5574
-5273
-4774
-4276
-3231
-2482
-639
1775
3659
5296
6324
8388
10206
11301
11419
10905
10839
10824
10545
10226
9316
8474
7864
6915
6388
5292
4700
3529
1670
52
-1600
-2622
-4221
-6071
-7421
-8493
-8735
-8635
-8458
-7827
-7358
-6067
-4912
-3863
-2685
-1899
-791
-361
104
937
2016
2906
3535
4541
5924
7634
9676
11097
11585
12171
12398
12461
11971
10150
8137
6319
4428
2628
1087
76
-1321
-1932
-2444
-2670
-1875
-1954
-1821
-2460
-2834
-3037
-3444
-4147
-5634
-6434
-7215
-7433
-7384
-7222
-6767
-6195
-5732
-5169
-4414
-3981
-3815
-3991
-4582
-4994
-5072
-5397
-6214
-6753
-6923
-7032
-6513
-6562
-6534
-6110
-5680
-5239
-4989
-4699
-4377
-3485
-2583
-1609
322
2809
4572
5917
7329
8991
10916
11605
11490
11091
10739
10995
10582
10350
9217
8416
8156
7061
6680
5447
4792
3526
1485
-98
-1804
-2929
-4849
-6698
-7917
-9100
-9066
-8882
-8764
-8179
-7626
-6080
-5014
-3782
-2889
-2191
-1059
-891
-239
637
1641
2474
3288
4454
5929
8161
10180
11233
11894
12268
12721
12782
11782
9914
7865
6077
4086
2496
1014
-235
-1210
-1964
-2235
-2201
-1717
-1539
-1837
-2274
-2874
-2886
-3378
-4465
-5553
-6609
-6981
-7353
-7175
-7107
-6739
-6156
-5935
-5212
-4688
-4295
-4253
-4747
-5377
-5764
-5745
-6119
-7050
-7534
-7794
-7658
-7255
-7140
-6918
-6541
-6078
-5675
-5157
-4321
-3771
-2935
-1967
-881
1590
3954
5700
6933
8282
10102
11588
12320
12137
11614
11395
11146
10854
10489
9332
8760
7833
6929
6130
5135
4548
2775
976
-929
-2400
-3520
-5527
-7019
-8493
-9446
-9359
-9163
-8441
-8043
-7019
-5730
-4674
-3180
-2328
-1246
-669
-572
88
1043
2236
2930
3703
4968
6374
8941
10918
11727
12299
12298
12477
12192
10783
8721
6514
4327
2296
818
29
-1444
-1928
-2480
-2654
-1677
-1568
-856
-1548
-1935
-2580
-2879
-3252
-4865
-5543
-6857
-7049
-7153
-6835
-6357
-6106
-5504
-5513
-4702
-4228
-4109
-4175
-5167
-5815
-6270
-6359
-6778
-7614
-7878
-8575
-7917
-7506
-7459
-6894
-7103
-6404
-6180
-5267
-4459
-3894
-2332
-1414
1455
3775
5434
7442
8684
10953
11956
12723
12805
12159
12413
11614
11468
11014
9830
9609
8527
7900
7053
6082
5325
3236
1841
-283
-1905
-3515
-5807
-7206
-8872
-9654
-10001
-9870
-9378
-8848
-7615
-6419
-5055
-3554
-2629
-1521
-1057
-618
132
881
1857
2175
3265
4414
6341
8784
10088
11394
12017
12717
13090
12389
11158
8868
7026
4844
2663
1097
-687
-1560
-2449
-2819
-2633
-2115
-1328
-1274
-1265
-1433
-1660
-1866
-2824
-3770
-4762
-5543
-5798
-5991
-5729
-5610
-5105
-4655
-4201
-3680
-3607
-3634
-3917
-4446
-5161
-5610
-6434
-7041
-7723
-8217
-8343
-8603
-8277
-8403
-8037
-7653
-7497
-6785
-6661
-6175
-5445
-4631
-3339
-1961
395
3090
4966
6952
8653
10904
12966
13304
13753
13052
12994
12990
12094
11950
10340
9784
8972
7937
7565
5983
5533
3622
1614
180
-1880
-3045
-5634
-7457
-8898
-10118
-10078
-10582
-9957
-9449
-8495
-6760
-5580
-3810
-2765
-1613
-683
-427
607
1212
2228
2782
3384
4869
6360
8794
10411
11558
12201
12578
13028
12554
11263
9030
6723
4406
2298
406
-961
-2384
-3190
-3701
-3684
-2768
-2241
-1486
-1868
-1817
-2037
-2093
-2406
-3675
-4320
-5456
-5408
-5581
-5177
-4784
-4646
-3982
-3871
-3227
-3184
-3202
-3598
-4378
-5012
-5737
-6133
-6636
-7263
-7711
-8095
-8202
-8000
-7882
-7669
-7486
-7281
-7224
-7196
-6920
-6298
-5285
-4613
-3753
-2148
673
3683
5840
7537
9048
11288
13021
13847
13779
13267
12999
12625
12135
11474
10619
9997
9034
7797
7176
6250
5729
3895
1730
-160
-1933
-3290
-5461
-7181
-8961
-9912
-10239
-10109
-9586
-8696
-7611
-6357
-5134
-3711
-2153
-973
-116
-27
598
1291
2545
3543
4596
5563
7003
9368
10918
12264
12566
12402
12301
11246
9637
7578
5165
2978
353
-953
-2663
-3329
-3491
-4433
-3682
-3837
-2464
-2119
-2097
-2224
-3060
-2618
-3843
-4096
-5109
-5614
-5370
-5631
-4689
-4495
-3435
-2937
-2622
-2208
-2654
-2242
-2644
-3260
-4236
-5196
-5450
-5992
-6425
-7163
-7593
-7487
-7254
-7134
-7045
-7109
-7161
-7163
-7457
-7955
-8320
-7969
-7304
-6104
-3891
-960
1784
4266
6776
9639
12380
13629
13949
13656
13405
13402
12714
12114
10824
9762
9431
8777
8702
7854
7558
6664
4898
3598
1741
249
-2359
-4971
-7193
-9093
-9953
-10570
-10687
-10434
-9790
-8257
-6620
-4880
-3437
-2394
-1051
-652
221
851
1519
2147
2718
4327
5388
7525
9642
10858
12082
12384
12810
12909
11664
9941
7203
5215
2771
536
-641
-2971
-3529
-4502
-4495
-3822
-3604
-2459
-2787
-2400
-2919
-2943
-3044
-4349
-4899
-6069
-5963
-5910
-5298
-4582
-4094
-2939
-2445
-1386
-1047
-1015
-1156
-1738
-2350
-3341
-3615
-4451
-5401
-5920
-6893
-7143
-7538
-7672
-7823
-8088
-8048
-8877
-8848
-9217
-9133
-8206
-8247
-7345
-6123
-3072
683
2785
5037
6591
9468
12097
12947
13793
12861
13151
13268
12693
12995
11745
11674
10742
9883
9814
8576
8854
6906
4724
2948
736
-375
-3069
-5250
-7560
-9262
-9516
-10185
-9743
-9383
-8831
-7534
-6709
-4983
-3763
-2500
-1702
-1717
-890
-96
1646
2634
3555
4780
6395
8983
10703
12058
12279
12290
12600
11421
10232
7910
5675
3635
973
-314
-2347
-2550
-3620
-4295
-3929
-4148
-2641
-2833
-2605
-3248
-3563
-3428
-4149
-4447
-5566
-5640
-5435
-5179
-4378
-3583
-2559
-1894
-1295
-956
-668
-217
-862
-1501
-2702
-3408
-3905
-4697
-5412
-6627
-6862
-7605
-7761
-7980
-8633
-8788
-9380
-10082
-10762
-11252
-11117
-10432
-9689
-8344
-5857
-1674
1133
3612
6479
9030
12362
13357
13783
13414
13351
13786
13045
13128
11871
11631
11796
11121
11135
10350
10309
9257
7176
5316
3019
1356
-1573
-4494
-6715
-9005
-9682
-10303
-10501
-10246
-9605
-7961
-6861
-5276
-4018
-3090
-1936
-1871
-1182
-523
249
963
1429
3125
4466
6793
9193
10812
12011
12894
13789
13386
12532
10386
8098
5626
3051
619
-1292
-2500
-4261
-4297
-4739
-4104
-3063
-2594
-1820
-2368
-1982
-2459
-2569
-3434
-4921
-5184
-5977
-5820
-5662
-5129
-4363
-3526
-2482
-1879
-1054
-709
-724
-953
-1634
-2468
-3352
-3999
-5226
-6128
-6762
-7499
-7584
-8109
-8401
-8915
-8932
-9204
-9732
-10041
-10449
-9751
-9087
-7834
-6393
-3447
-421
2048
4528
6653
9685
11401
12685
12774
12699
13144
12853
12945
12321
11671
11482
11108
10804
10170
9509
8983
7387
5715
3570
1678
-200
-3096
-5180
-7475
-8807
-9488
-10018
-9897
-9794
-8688
-7558
-6238
-4961
-4114
-2905
-2185
-1671
-1111
-284
800
1739
3024
4271
5932
8234
9982
11268
11865
11975
12154
11447
10138
7865
5779
3638
1348
43
-1794
-2537
-3278
-3638
-3333
-3045
-2170
-2096
-1911
-2488
-2844
-2939
-3656
-4247
-5199
-5543
-5628
-5243
-4599
-4190
-3242
-2822
-2080
-1514
-1189
-927
-1396
-1729
-2916
-3516
-4134
-5073
-5684
-6645
-7493
-7906
-7956
-8261
-8653
-9161
-9462
-9681
-9323
-9301
-8724
-7635
-6573
-4280
-1658
1052
2992
5269
7469
9682
11424
12008
12513
12405
12777
12523
12588
12213
11308
11433
10447
10235
9574
8861
8062
6097
4803
2573
1165
-878
-3238
-4732
-6850
-7810
-8503
-8736
-8673
-8556
-7639
-6940
-5925
-4643
-4031
-2961
-2579
-1946
-987
-403
684
1216
3267
4823
6648
8764
9793
11298
12080
12485
11867
10607
8826
6879
4772
2717
308
-960
-2328
-3369
-3207
-3874
-2707
-2763
-1949
-1823
-1870
-1455
-2476
-2262
-3944
-4143
-4778
-5171
-5056
-5550
-4627
-4605
-3467
-3142
-2796
-2183
-2554
-2275
-2764
-3016
-3602
-4602
-5048
-5985
-6295
-6639
-7146
-7188
-7475
-7475
-7584
-8098
-8210
-8696
-8954
-9096
-9325
-8263
-7293
-5283
-2829
-45
2893
5011
7807
10041
12068
13067
13249
13241
12879
12766
12254
11869
10923
10320
10058
9662
9422
8604
8141
6872
5253
3633
1578
-174
-2596
-4758
-6528
-8094
-8720
-9050
-8782
-8394
-7843
-6328
-5252
-3879
-2887
-2321
-1483
-1265
-634
-227
313
913
1823
3678
5246
7139
9164
10584
11971
12739
12884
12344
10977
9097
6735
4640
2209
50
-1453
-3001
-3683
-3799
-3559
-3016
-2506
-1881
-1664
-1287
-1569
-1989
-2447
-3564
-4234
-4961
-5096
-5286
-5028
-4756
-4533
-3607
-3035
-2365
-2206
-2431
-2793
-3237
-3668
-4716
-5682
-6727
-7973
-8263
-8804
-8955
-8956
-9076
-8854
-9047
-8396
-8473
-8133
-7840
-8126
-7029
-6209
-3892
-1319
994
2961
4680
7781
10043
12211
12748
12817
12831
12954
13023
12550
12227
10606
10220
9199
8994
8536
7829
6899
4686
3783
1966
893
-1168
-3625
-5491
-7387
-8192
-8850
-8788
-8842
-8736
-7743
-6775
-5247
-3827
-2946
-2069
-1894
-1054
-279
698
1339
1535
2874
4000
6151
8201
9646
10805
11248
12168
12048
11550
10174
7912
5858
3457
1683
123
-1257
-2584
-3389
-3517
-3050
-2263
-1460
-1171
-1074
-885
-1024
-994
-1762
-2564
-3512
-4215
-4568
-4532
-4258
-4162
-3869
-3614
-3262
-2843
-2481
-2853
-3089
-3831
-4418
-4764
-5439
-5948
-6907
-7522
-7857
-7854
-7360
-7768
-7901
-7963
-8321
-7856
-8549
-8452
-8764
-8521
-7256
-6177
-3185
-657
2306
4456
6698
9518
11747
13292
13440
13182
12665
12740
12176
11950
10938
9942
9469
8768
9076
8261
7935
6818
4929
3602
1748
274
-2153
-4630
-6567
-8515
-9085
-9418
-9396
-8922
-8528
-7219
-5818
-4322
-3096
-2394
-1763
-1518
-1191
-610
-279
204
623
1727
3478
5375
7710
9562
10909
11702
12696
12516
12008
10342
7978
5646
3092
1501
-930
-1844
-3499
-4024
-3724
-3519
-2129
-1870
-941
-1124
-870
-871
-1381
-1856
-3187
-4031
-4794
-5063
-5097
-4799
-4511
-4173
-3509
-2954
-2398
-2137
-2361
-2875
-3719
-4358
-5379
-6017
-6885
-8238
-8586
-9265
-8915
-8821
-8768
-8477
-8738
-7854
-8095
-7573
-7324
-7378
-6212
-5790
-3748
-1448
1421
3530
5135
7930
9932
12433
13302
13465
13317
13126
13158
12521
12338
10848
10162
9397
8585
8324
7449
6962
5073
3595
2024
376
-1048
-3630
-5433
-7444
-8858
-9210
-9525
-9215
-9028
-8046
-6705
-5524
-3681
-2743
-1595
-858
-493
422
971
1904
2212
3351
4731
6093
8256
9596
10704
11490
11982
11882
11051
9783
7836
5716
3708
1449
-189
-1546
-2832
-3274
-3675
-3297
-2698
-1865
-1307
-1196
-807
-1158
-1040
-1788
-2584
-3265
-4100
-4298
-4725
-4343
-4433
-3718
-3138
-3015
-2327
-2276
-2266
-2603
-3145
-4001
-4774
-5443
-6173
-7024
-7497
-8200
-8215
-7991
-8392
-8155
-8554
-8322
-8681
-8796
-8516
-8758
-7827
-7472
-5788
-3714
-1049
2274
3869
6406
8377
10766
12645
12651
13079
12039
12188
11915
11149
11256
9788
9611
8854
8692
8685
7448
7236
5051
3430
1813
-218
-1740
-4643
-6237
-8264
-9285
-9182
-9612
-8648
-8505
-7302
-5933
-4756
-3001
-2628
-1524
-1408
-1027
-330
-121
954
980
2125
3702
5412
7575
9112
10665
11228
12142
12118
11244
10131
7726
5713
3221
1517
-490
-1825
-2622
-3742
-3107
-3152
-1921
-1323
-898
-489
-778
-383
-1238
-1518
-2768
-3748
-4313
-4949
-4880
-4887
-4274
-3956
-3142
-2517
-1992
-1307
-1471
-1781
-2624
-3364
-4111
-5043
-5853
-7269
-8105
-8608
-8708
-8445
-8616
-8522
-8553
-8236
-7876
-7673
-7056
-7251
-6670
-5967
-4447
-1853
436
3119
4111
6801
8884
11296
12994
12507
13144
12116
13031
12262
12062
11602
9879
9916
8401
8702
7851
7017
5932
3524
2516
668
-493
-2388
-5067
-6498
-8463
-8679
-8930
-9068
-8542
-8685
-7087
-6353
-4645
-3363
-2878
-1762
-1751
-596
191
1271
2111
2471
4079
5194
7121
8772
9622
10593
10582
10872
10270
9406
8020
5853
4166
1899
622
-565
-1677
-2295
-3036
-2830
-2608
-1820
-1441
-1596
-1495
-2039
-1883
-2421
-2986
-3790
-4625
-4790
-5160
-4590
-4467
-3904
-3439
-3100
-2473
-2182
-1930
-2284
-2913
-3621
-4266
-4488
-4950
-5603
-6224
-6882
-6741
-6647
-6468
-6965
-7367
-7648
-7800
-7943
-8394
-8701
-8906
-8084
-7559
-5554
-3505
-341
2511
4335
7147
8797
11677
12334
12395
12197
10953
11671
10559
10555
9935
8811
9437
8373
9265
8583
8200
7884
5397
4867
2502
1364
-849
-3730
-5244
-7705
-7723
-8489
-8595
-8053
-8161
-6240
-5497
-4000
-2866
-2509
-1343
-1742
-798
-775
-111
647
575
2426
3545
5729
7512
9119
10394
11007
12083
11353
10766
9210
7165
5305
3166
1500
-505
-1148
-2494
-2696
-2529
-2439
-1514
-1559
-923
-1474
-1207
-1808
-2478
-3141
-4650
-4963
-5866
-5850
-5981
-5495
-4911
-4456
-3353
-2923
-2092
-1655
-2107
-2399
-3006
-3349
-4016
-4603
-5238
-6354
-6275
-6811
-6950
-7164
-7539
-7782
-8016
-7837
-8303
-7935
-7557
-6974
-6125
-5331
-4126
-2251
586
2624
3986
5550
7037
9239
10579
10837
10864
10447
10876
10679
10815
10476
9595
9551
8438
8352
7784
7015
6215
4111
2823
1122
158
-1364
-3538
-4782
-6495
-7025
-7236
-7432
-7190
-7127
-6410
-5897
-4881
-3760
-3154
-2225
-1929
-1379
-329
934
2110
3149
4367
5618
7160
8574
9543
10080
10088
9580
8853
7870
6699
5398
3945
2152
1012
127
-257
-478
-1020
-1316
-1566
-1124
-1287
-1280
-1856
-2540
-2994
-3534
-3766
-4340
-4376
-4734
-4622
-4434
-3940
-3306
-2992
-2756
-2775
-2466
-2449
-2557
-3016
-3440
-3701
-4045
-4293
-4643
-4872
-5081
-5428
-5623
-6286
-6737
-6949
-7776
-8168
-9165
-9507
-9473
-9097
-7868
-7410
-5448
-3729
-676
2801
4766
6896
8094
9916
11033
11497
11270
10529
10033
9817
9507
9809
9709
9486
9704
8991
9443
8879
8585
6973
4800
3084
724
-734
-3350
-5226
-7006
-8308
-8660
-8676
-7926
-7443
-6624
-5676
-5045
-3708
-2968
-2406
-2178
-2296
-1831
-1302
16
616
1985
3675
5307
7562
9406
10711
11556
11807
11286
10465
9087
7407
5244
3408
1170
-183
-936
-1888
-1868
-2222
-1922
-1470
-978
-652
-965
-1029
-1980
-2514
-3260
-4396
-4854
-5612
-5720
-5883
-5320
-4792
-4163
-3268
-3047
-2274
-2031
-1837
-2218
-2614
-2863
-3411
-3630
-4357
-4947
-5272
-5628
-5836
-6130
-6598
-6902
-7306
-7519
-7901
-8415
-8460
-8837
-8278
-7656
-6908
-5237
-3660
-753
1933
3935
6099
7576
9601
10941
11191
11676
10625
11022
10776
10342
10949
9478
10359
9418
9604
9614
8338
8731
6027
5275
2967
975
-590
-3702
-4757
-7330
-7965
-8574
-8997
-8095
-8410
-6889
-6266
-5137
-3848
-3582
-2311
-2511
-1699
-1417
-909
373
559
2624
3913
5833
7972
9415
11065
11525
12427
11726
11063
9755
7734
6105
3952
2177
419
-313
-1612
-1654
-2004
-1932
-1506
-1414
-1052
-1681
-1524
-2814
-3087
-4166
-5187
-5633
-6303
-6137
-6354
-5403
-5016
-3915
-2996
-2541
-1958
-1804
-1781
-2076
-2439
-2896
-3340
-3749
-4199
-4661
-4703
-5090
-5379
-5779
-6371
-6594
-6865
-7209
-7529
-7896
-8112
-8082
-7502
-6819
-6061
-4832
-3586
-1588
983
3010
4560
5916
7153
8642
9697
10292
10165
10055
10308
10279
10657
10485
10119
9877
9144
8820
8158
7298
6086
3968
2242
105
-1365
-3051
-4916
-6199
-7758
-8186
-8211
-7848
-7483
-6991
-6305
-5609
-4489
-3412
-2662
-2041
-1627
-1267
-380
726
1887
3202
4394
5646
7449
9175
10625
11221
11185
10784
10142
9322
7822
6234
4285
2351
1271
208
-376
-654
-1130
-1253
-1358
-893
-908
-987
-1631
-2736
-3340
-4194
-4747
-5386
-5779
-6130
-5842
-5251
-4353
-3384
-2683
-2158
-2028
-1643
-1818
-1753
-2279
-2997
-3286
-3930
-4004
-4219
-4495
-4850
-5313
-5380
-5904
-6196
-6337
-7277
-7234
-7871
-8379
-8042
-8236
-7025
-6654
-5082
-3705
-1758
1682
2965
5390
6473
7948
9629
10009
10740
10119
10353
10383
10128
10681
10029
10162
10014
9207
9177
7970
7639
5838
3948
2054
-457
-1683
-4314
-5790
-7517
-8866
-9099
-9380
-8639
-8456
-7496
-6434
-5827
-4245
-3705
-2708
-2151
-1911
-1284
-1010
411
878
2627
3979
5423
7654
9364
11259
11939
12661
12284
11699
10703
8918
7126
5022
2813
1189
-188
-1095
-1686
-2132
-2259
-2393
-1830
-1914
-1868
-2419
-3120
-3723
-4461
-5093
-5816
-5976
-6351
-5980
-5453
-4596
-3715
-2789
-2116
-1776
-1202
-1168
-1159
-1558
-2060
-2727
-3117
-3442
-3906
-4165
-4790
-5353
-5640
-5966
-6142
-6474
-7056
-7324
-7894
-7633
-7805
-7482
-7001
-6976
-5384
-4657
-1916
394
2110
4193
5265
7890
9152
10540
11077
10530
11211
11111
11354
11760
10921
10961
9998
9605
9253
7953
7852
5081
3665
1442
-382
-1560
-4317
-5459
-7990
-8564
-9099
-9191
-8573
-8978
-7804
-7281
-6031
-4675
-3965
-2694
-2627
-1738
-1257
-368
1140
1273
2895
3684
5564
7620
9350
10974
11148
12185
12013
11914
11179
9527
7842
5849
3991
2514
1316
163
-812
-1763
-1990
-2195
-1774
-1993
-2542
-2950
-3737
-3730
-4289
-4816
-5396
-5869
-5819
-5614
-4792
-4270
-3730
-3151
-2780
-2275
-1717
-1545
-1888
-2430
-2994
-3024
-3008
-3279
-3863
-4492
-4679
-4997
-4889
-5399
-6159
-6399
-7114
-6803
-7155
-7213
-7388
-7524
-6699
-6636
-4980
-4313
-2584
-220
1497
3675
4932
7100
8386
9732
10279
10233
10642
10875
11047
11049
10802
10152
10053
9321
8875
7739
6644
5164
3212
1769
-382
-1811
-3994
-5750
-7113
-8254
-8761
-9092
-8869
-8776
-8038
-7150
-6237
-5204
-4178
-3434
-2777
-2163
-1552
-786
225
942
1818
3386
5129
7269
9120
10719
11650
12636
13236
13039
12067
10490
8558
6616
4763
2750
1286
-386
-1156
-2123
-2227
-2243
-2239
-1942
-2600
-2495
-3183
-3275
-3961
-4750
-5436
-6131
-5921
-6000
-5259
-4830
-4105
-3373
-2508
-1721
-1466
-984
-1417
-1906
-2370
-2883
-3152
-3785
-4340
-5025
-5299
-5193
-5410
-5349
-5669
-5894
-5771
-5923
-5922
-6136
-6348
-6368
-6414
-5993
-5217
-4254
-2816
-1208
1046
3106
4755
7033
8332
10100
10965
11212
11781
11219
11878
10935
10744
10005
8763
8802
7076
6813
5161
4122
2824
694
-224
-2502
-3534
-5441
-6907
-7734
-8941
-8760
-9078
-8610
-8139
-7472
-6136
-5448
-3827
-3072
-2194
-1204
-856
321
792
1956
2581
3656
5219
6194
8437
9609
10873
11638
11777
12085
11355
10716
8873
7020
5291
3201
2033
398
-809
-1718
-2492
-2632
-2839
-2599
-2823
-3047
-3270
-3759
-3781
-4263
-4678
-5150
-5404
-5313
-5031
-4373
-4086
-3394
-2877
-2412
-2059
-1944
-1903
-2341
-2671
-3368
-3701
-3921
-4295
-4624
-4962
-5074
-5139
-5019
-5154
-5320
-5287
-5296
-5381
-5348
-5509
-5504
-5402
-5120
-4686
-3973
-2866
-1742
217
1982
3930
5596
7200
8727
9873
10979
11108
11360
10962
10709
10129
9403
8663
7471
6663
5348
4512
3390
2289
1057
-537
-1795
-3211
-4321
-5487
-6628
-7416
-8156
-8292
-8121
-7822
-7083
-6505
-5503
-4586
-3372
-2293
-1571
-523
-2
974
1936
3009
4319
5653
7217
8363
9683
10770
11423
11849
11427
10581
9647
8339
7061
5405
3740
2136
655
-177
-1237
-1556
-2156
-2568
-2642
-3017
-2862
-3268
-3468
-4262
-4639
-4851
-5100
-4831
-4924
-4621
-4403
-3713
-3211
-2640
-2226
-2364
-2323
-2379
-2447
-2622
-2911
-3339
-3667
-3689
-3714
-3756
-3691
-3934
-4064
-4178
-4300
-4473
-4537
-4880
-5247
-5443
-5925
-5922
-5959
-5588
-5395
-4779
-3648
-2233
367
2217
4117
5856
7359
9283
10254
11069
10740
10361
10181
9182
9031
7879
7016
6029
4843
4459
3437
3251
1974
845
-180
-1632
-2171
-3689
-4780
-6143
-7152
-7518
-8007
-7505
-7481
-6872
-6041
-5384
-3997
-3054
-1966
-1356
-735
70
660
1946
2692
3841
5306
6782
8404
9697
11078
11728
12426
12094
11340
10366
8911
7558
5380
3804
1549
397
-757
-1845
-1960
-2882
-2408
-2830
-2384
-2482
-2712
-2628
-3756
-3623
-4487
-4515
-4740
-4878
-4736
-4719
-3905
-3695
-2960
-2719
-2546
-2391
-2266
-2234
-2494
-2514
-3040
-3202
-3358
-3541
-3384
-3511
-3414
-3678
-3616
-3568
-3872
-3834
-4579
-4867
-5292
-5858
-6064
-6470
-6075
-5869
-4982
-3798
-2344
216
2119
4376
5984
7708
9219
10056
10716
9956
9826
8916
8342
7646
6620
6017
4987
4807
4115
3812
3410
2483
1816
547
-529
-1684
-3148
-4364
-5981
-6770
-7543
-7737
-7471
-7515
-6587
-6000
-4672
-3588
-2558
-1581
-1123
-258
132
778
1410
1903
2773
3898
5639
7400
8949
10417
11305
12273
12647
12242
11040
9335
7452
5463
3681
1685
3
-1305
-2087
-2503
-2454
-2216
-2032
-1754
-1779
-1803
-1923
-2376
-2983
-3946
-4832
-5469
-5736
-5715
-5676
-5315
-4910
-4185
-3321
-2620
-2133
-1930
-2065
-2261
-2460
-2539
-2734
-3065
-3280
-3646
-3465
-3265
-3173
-3189
-3560
-3722
-3934
-3969
-3973
-4562
-4839
-5659
-6027
-5880
-6006
-5228
-5183
-4154
-2777
-976
1713
3279
5397
6457
7578
8979
9082
9653
8744
8057
7480
6517
6640
5594
5457
4739
4144
4342
3727
3949
2953
2055
889
-629
-1429
-3064
-4178
-5619
-6793
-7107
-7453
-6722
-6313
-5509
-4659
-3933
-2503
-1699
-466
-60
309
920
1335
2553
3378
4652
5697
6957
8490
9596
11004
11332
11398
10810
9811
8874
7339
5972
3928
2415
958
-42
-557
-1224
-1330
-1748
-1666
-1744
-1621
-1769
-2250
-2745
-3645
-4170
-4738
-5068
-5434
-5613
-5564
-5288
-4561
-3894
-3261
-2854
-2543
-2318
-2084
-1842
-2144
-2364
-2758
-2934
-2859
-2889
-2795
-3062
-2916
-3087
-3037
-2946
-3291
-3431
-3914
-4292
-4652
-4904
-5102
-5476
-5621
-5689
-5348
-4333
-3418
-2207
-952
395
2011
3561
4885
5575
6147
6433
6523
6714
6471
6135
5862
5447
5270
5068
5135
4800
4560
4143
3432
3024
2069
1104
-310
-1590
-2952
-3966
-4733
-5520
-5835
-5943
-5722
-5165
-4297
-3456
-2496
-1740
-894
-368
533
891
1160
1621
1832
2844
3664
4949
5858
7172
8604
9491
10418
10488
10109
9661
8620
7247
5866
4192
2872
1403
599
-439
-921
-992
-1636
-1310
-1666
-1589
-1780
-2197
-2728
-3553
-3860
-4790
-5035
-5463
-5706
-5477
-5147
-4511
-3929
-3052
-2614
-1988
-1543
-1440
-1339
-1577
-1844
-2348
-2550
-2916
-3157
-3156
-3357
-3181
-3117
-2837
-2832
-2637
-2600
-2730
-2696
-3023
-3312
-3918
-4347
-5115
-5295
-5510
-5498
-5015
-4395
-2894
-1324
763
2216
3729
5216
6132
7120
7219
6929
6585
6022
5752
5210
5010
4647
4374
4529
4107
4308
3878
3459
2577
1440
350
-1095
-2140
-3709
-4755
-5666
-6048
-5961
-5583
-4789
-3921
-2698
-1562
-618
344
908
1303
1530
1437
1553
1581
2209
2742
3807
5109
6050
7485
8422
9396
9943
9860
9218
8095
7110
5816
4451
3121
1422
242
-482
-1229
-1356
-1779
-1988
-2182
-2292
-2223
-2581
-2625
-3481
-3959
-4419
-4757
-4663
-4673
-4345
-4270
-3495
-2964
-2154
-1528
-1368
-1225
-1374
-1309
-1608
-1827
-2258
-2785
-3027
-3014
-3018
-2795
-2743
-2751
-2518
-2365
-2052
-2227
-2392
-2884
-3341
-3432
-4075
-4712
-5524
-6380
-6660
-6646
-6459
-5973
-5265
-3898
-2241
-137
1796
3106
4751
5441
6395
6935
6928
6890
6219
6077
5481
5574
5380
5012
4919
4430
4290
3933
3572
2739
1765
659
-627
-1571
-2502
-3367
-3983
-4427
-4379
-3995
-3134
-2413
-1583
-628
-136
751
1035
1372
1483
1446
1598
1583
2351
2959
4126
5516
6549
7962
8912
9760
10281
10066
9530
8184
6909
5420
3719
2405
465
-761
-1946
-2706
-2848
-3318
-3072
-3427
-3108
-3053
-3003
-2824
-3415
-3461
-4086
-3946
-4038
-3755
-3395
-3236
-2442
-2122
-1216
-892
-565
-592
-846
-843
-1243
-1331
-1778
-2193
-2394
-2510
-2380
-2270
-2335
-2417
-2636
-2710
-2857
-3213
-3610
-4504
-5057
-5713
-6240
-6664
-7347
-7789
-7986
-7654
-6973
-5947
-4900
-3458
-1881
165
1875
3454
4798
5450
6470
6625
7048
6881
6628
6348
5717
5650
5089
4982
4494
3985
3584
3007
2628
1795
998
-36
-1077
-1818
-2727
-3193
-3703
-3908
-3778
-3487
-2694
-2157
-1247
-712
-111
557
963
1554
1817
2219
2596
3299
4204
5099
6164
6956
7747
8426
8772
8976
8535
7875
6705
5541
4306
2870
1718
54
-999
-2139
-2756
-3173
-3603
-3735
-4079
-3848
-3883
-3536
-3464
-3372
-3301
-3173
-2765
-2426
-1804
-1522
-959
-588
-33
445
725
915
802
807
688
652
472
204
-118
-414
-670
-998
-1370
-1859
-2525
-3119
-3763
-4470
-5086
-5864
-6529
-7160
-7589
-7909
-8309
-8351
-8615
-8403
-7897
-7520
-6315
-5432
-3949
-2283
-673
1494
2840
4737
5742
6672
7809
7677
8377
7763
7509
7202
6430
6457
5338
5295
4408
3940
3765
2786
2569
1400
678
-363
-1392
-2118
-3313
-3736
-4480
-4695
-4382
-4208
-3288
-2764
-1672
-875
144
1287
1706
2722
2894
3489
4048
4503
5177
5479
6234
6621
7360
8003
7895
8026
7354
6787
5878
4690
3221
1394
83
-1706
-2584
-3759
-4462
-5025
-5133
-4952
-4682
-3853
-3681
-2926
-2697
-2236
-2005
-1671
-1576
-1533
-1303
-1224
-851
-351
94
470
1034
1175
1676
1803
2026
1633
1376
682
-75
-529
-1536
-2219
-3304
-4007
-4909
-5264
-5905
-6487
-6924
-7478
-7798
-8115
-8325
-8867
-8870
-9367
-9295
-9173
-8835
-7922
-7054
-5206
-3843
-1375
704
2746
5209
6270
8048
8437
9114
9147
8640
8623
7346
7326
6460
6060
5975
5229
5340
4618
4471
3834
2913
2318
647
-181
-1715
-2902
-3712
-4702
-4738
-5099
-4390
-3908
-2838
-1423
-547
984
1703
2593
3207
3486
3952
3678
4095
3877
4221
4988
5257
6501
6664
7361
7459
7502
7363
6247
5337
3372
1931
389
-1075
-2309
-3489
-4393
-4768
-4650
-4257
-3625
-3148
-2504
-2080
-1333
-859
-639
-470
-784
-682
-552
-230
260
520
1053
1358
1997
2471
2659
2771
2242
1830
1091
441
-407
-1445
-2483
-3650
-4365
-5123
-5627
-6211
-6773
-7192
-7421
-7580
-7780
-7977
-8388
-8528
-8819
-8837
-9035
-9055
-8975
-8759
-7937
-7233
-5875
-4495
-2901
-985
834
2673
4315
5576
6723
7301
7860
7987
7760
7825
7075
7087
6547
6282
6185
5623
5691
4947
4833
4152
3358
2790
1371
693
-545
-1390
-2055
-2824
-2792
-3135
-2468
-2120
-1385
-433
104
1093
1468
2096
2214
2434
2454
2329
2502
2463
2719
3046
3440
3907
4350
4693
4831
4872
4681
4130
3599
2615
1772
851
41
-694
-1283
-1588
-1908
-1622
-1531
-1066
-696
-283
89
378
749
761
1003
883
929
963
1068
1209
1296
1424
1341
1400
1293
1136
817
373
-271
-876
-1517
-2203
-2933
-3723
-4490
-5251
-5639
-6230
-6478
-6843
-7085
-7148
-7252
-7104
-7290
-7132
-7306
-7361
-7287
-7431
-7298
-7321
-7215
-7025
-6723
-6023
-5301
-4136
-2943
-1713
0
1370
3114
4352
5466
6259
6643
7220
7063
7235
6802
6479
6264
5923
5992
5624
5620
5253
5011
4858
4297
3926
3056
2314
1480
728
213
-487
-724
-1108
-1105
-882
-631
-216
5
272
300
486
484
336
141
-211
-417
-388
-147
143
513
993
1444
2194
2845
3208
3542
3342
3357
3034
2958
2514
1985
1702
1014
1175
898
1106
1071
1152
1334
1366
1801
1640
1777
1497
1279
1091
978
886
697
625
367
297
278
126
-49
-423
-908
-1415
-1896
-2408
-3144
-3679
-4534
-5035
-5504
-5881
-6132
-6339
-6358
-6408
-6111
-6049
-5845
-5688
-5590
-5603
-5523
-5746
-5875
-6064
-6235
-6392
-6540
-6382
-6463
-5699
-5296
-4276
-3233
-2128
-632
488
2215
3047
4339
5083
5455
6191
6034
6450
6241
6286
6301
6074
6542
6247
6627
6536
6232
6213
5575
5310
4518
3810
2981
1968
1504
662
278
-77
-600
-544
-783
-610
-688
-724
-775
-1208
-1241
-1834
-2099
-2391
-2701
-2631
-2618
-2058
-1413
-335
841
1798
2940
3738
4582
5198
5458
5343
4983
4583
4175
3836
3435
2988
2534
2460
2283
2498
2494
2362
2242
1926
1842
1450
1219
590
-12
-508
-978
-1155
-1346
-1537
-1817
-1974
-2089
-2147
-2204
-2568
-3067
-3650
-4138
-4489
-4807
-5110
-5597
-5755
-5801
-5568
-5239
-5053
-4978
-4917
-4808
-4690
-4584
-4722
-4901
-5258
-5331
-5568
-5547
-5553
-5731
-5609
-5619
-5210
-4646
-3903
-3090
-2355
-1408
-433
749
1965
2818
3581
4158
4702
5328
5910
6116
6322
6243
6292
6468
6445
6612
6069
6009
5437
5153
5036
4290
4055
3061
2570
1964
1426
1184
365
7
-715
-1223
-1332
-1870
-1981
-2512
-2918
-3064
-3260
-2887
-2952
-2590
-2334
-1895
-891
-71
1073
1909
2756
3512
4251
4962
5377
5583
5540
5340
5189
5168
4933
4891
4447
4175
3906
3697
3655
3146
2889
2048
1613
1082
579
246
-490
-854
-1434
-1487
-1582
-1642
-1674
-2004
-2098
-2305
-2361
-2550
-2905
-3266
-3747
-3955
-4142
-4184
-4282
-4406
-4474
-4535
-4378
-4363
-4313
-4501
-4614
-4857
-4802
-4872
-4875
-4884
-5077
-4947
-5174
-4873
-5210
-5101
-5255
-5457
-5130
-5267
-4522
-4140
-3177
-2217
-1250
273
1321
2808
3901
4629
5475
5688
6101
6206
6102
6108
5677
5802
5631
5721
5956
5670
5794
5457
5151
4798
3972
3310
2111
1230
219
-805
-1307
-2224
-2473
-2873
-2967
-2820
-2706
-2296
-2279
-1893
-1817
-1622
-1397
-1426
-1382
-1373
-1144
-881
-373
183
833
1849
2962
4083
5153
5922
6588
7017
7337
7041
6624
5899
4965
4387
3411
2867
1933
1600
1040
848
951
499
831
300
415
68
-81
-321
-1001
-1111
-1921
-1932
-2192
-2338
-2252
-2434
-2263
-2344
-2221
-2318
-2696
-2907
-3608
-3929
-4351
-4714
-4988
-5385
-5445
-5630
-5289
-5273
-5139
-5052
-4981
-4663
-4526
-4287
-4392
-4318
-4316
-4471
-4434
-4640
-4656
-4548
-4400
-3955
-3443
-2409
-1398
-176
1120
2208
3577
4682
5546
6228
6457
6689
6600
6499
6235
5740
5617
5006
4888
4466
4215
3956
3512
3147
2440
2055
1266
744
36
-543
-1112
-1502
-1825
-2020
-1945
-1910
-1770
-1715
-1552
-1417
-1132
-1113
-1085
-1220
-1153
-1115
-925
-680
-457
34
493
1142
1847
2735
3569
4306
4800
5306
5738
6295
6429
6144
5673
4946
4506
3888
3128
2233
1223
690
194
142
138
-83
104
-110
259
424
626
542
36
-285
-886
-1054
-1537
-2093
-2762
-3314
-3655
-3689
-3661
-3714
-3818
-4021
-4122
-4161
-4132
-4306
-4702
-5149
-5481
-5549
-5247
-5265
-5106
-5187
-4939
-4475
-4149
-3721
-3982
-3940
-4204
-4311
-4156
-4428
-4251
-4328
-3924
-3052
-2108
-447
565
2162
3412
4635
6085
6526
7230
6888
6735
6242
5536
5178
4185
3766
3115
2702
2777
2597
2840
2661
2553
2497
2088
2057
1274
785
65
-644
-930
-1480
-1486
-1714
-1589
-1465
-1339
-928
-800
-545
-536
-610
-586
-625
-554
-605
-467
-222
240
947
1647
2559
3481
4450
5175
5705
5981
5989
5844
5284
4546
3716
2841
2223
1530
1127
750
564
673
602
1002
1003
1228
1197
966
942
480
372
-253
-724
-1167
-1634
-1689
-2002
-2060
-2205
-2317
-2276
-2427
-2431
-2580
-2810
-3026
-3371
-3585
-3733
-3904
-4062
-4286
-4493
-4442
-4516
-4433
-4499
-4697
-4590
-4865
-4667
-4735
-4784
-4519
-4830
-4327
-4268
-3767
-3130
-3088
-2201
-2081
-1087
-269
276
1403
1613
2681
3200
3709
4392
4175
4502
4072
3889
3826
3332
3370
2712
2495
2279
2120
2287
2012
1915
1636
1587
1533
1514
1266
974
590
130
-38
-482
-508
-892
-1155
-1190
-1355
-840
-769
-518
-381
-433
128
291
792
1020
1007
1354
1297
1660
1860
1892
2142
1936
2239
2586
3056
3793
3856
4146
4157
4225
4444
4017
3607
2803
2074
1780
1228
1210
811
508
539
284
869
789
1036
702
246
200
-330
-222
-1036
-1482
-2143
-2516
-2435
-2620
-2351
-2604
-2498
-2506
-2469
-2270
-2468
-2679
-3306
-3797
-4112
-4327
-4363
-4699
-4868
-4972
-4704
-4333
-3956
-3756
-3684
-3494
-3365
-2916
-2701
-2341
-2281
-2168
-1896
-1551
-986
-748
-623
-518
-266
274
863
1203
1618
1777
2348
2703
3057
3333
3131
3232
2852
2846
2699
2513
2376
1886
1770
1541
1581
1634
1398
1351
1104
1137
1086
941
814
419
312
-17
-10
-14
-18
70
-56
101
153
375
405
204
129
-64
27
138
114
311
346
742
1085
1483
1944
2090
2458
2532
2781
2947
2965
2858
2622
2434
2311
2237
1988
1812
1454
1450
1315
1272
1214
826
817
443
396
261
5
20
-388
-312
-467
-452
-393
-799
-870
-1361
-1494
-1790
-2198
-2543
-3167
-3398
-3791
-3901
-4082
-4279
-4382
-4489
-4354
-4212
-3944
-3833
-3755
-3655
-3486
-3226
-3002
-2897
-2857
-2716
-2439
-2046
-1582
-1250
-916
-599
-225
201
483
730
643
735
739
907
1164
1168
1392
1398
1728
1976
2157
2345
2204
2231
2104
1958
1894
1555
1388
1089
877
899
739
958
867
1037
1208
1321
1621
1527
1607
1388
1287
1082
843
663
396
292
168
228
237
400
487
548
723
786
976
986
970
965
893
1049
1021
1114
1189
1223
1529
1689
1969
2135
2155
2268
2177
2185
2071
1747
1598
1101
1035
874
759
851
530
773
582
840
829
603
630
25
71
-466
-697
-1099
-1760
-1918
-2644
-2606
-3008
-3198
-3269
-3751
-3514
-3867
-3665
-3780
-4031
-3915
-4288
-3966
-4055
-3893
-3694
-3690
-3225
-3013
-2479
-2071
-1734
-1339
-1080
-705
-354
-91
58
153
127
262
319
277
296
25
103
-15
58
247
42
468
296
679
893
879
1378
984
1424
1176
1276
1462
1050
1419
964
1268
1303
1234
1525
1240
1519
1473
1494
1605
1305
1359
1165
1028
1085
797
888
684
649
738
647
845
728
735
720
689
782
713
664
626
558
723
703
873
930
1057
1293
1343
1713
1674
1997
1934
2029
2136
2032
2285
2048
2073
1929
1795
1793
1577
1357
1218
785
830
428
267
196
-343
-109
-764
-630
-950
-1270
-1274
-2025
-1979
-2580
-2811
-3084
-3657
-3698
-4092
-4067
-4049
-4168
-3810
-3786
-3341
-3062
-2833
-2332
-2232
-1782
-1693
-1543
-1319
-1355
-1118
-1151
-1077
-789
-841
-421
-394
-216
118
-109
210
-221
-164
-216
-685
-405
-911
-654
-372
-410
333
283
910
1364
1366
2075
1642
1897
1732
1149
1439
590
743
465
45
631
221
1005
1067
1148
1767
1362
2012
1626
1411
1344
584
665
108
-36
-71
-385
-74
-202
41
371
360
672
511
558
607
509
584
353
348
410
565
904
1162
1464
1810
2031
2378
2570
2650
2684
2335
2148
1749
1585
1336
923
749
319
414
356
429
412
251
325
61
148
-167
-404
-723
-1255
-1447
-1916
-1936
-2195
-2391
-2420
-2671
-2349
-2403
-2238
-2170
-2387
-2079
-2219
-1978
-1842
-1903
-1564
-1706
-1373
-1155
-1068
-611
-864
-683
-707
-764
-414
-750
-594
-791
-805
-464
-549
-209
-250
-173
6
-15
244
327
304
387
276
386
643
670
949
790
893
1061
986
1307
947
954
775
523
733
436
677
577
512
771
671
1067
1070
944
947
484
592
371
124
139
-438
-197
-365
-215
172
-113
428
150
402
682
477
952
479
631
645
549
1132
862
1212
1254
1249
1834
1631
2027
1847
1586
1721
1155
1330
937
664
583
10
277
10
116
188
-218
20
-351
-199
-323
-672
-689
-1235
-1180
-1437
-1493
-1486
-1705
-1635
-1769
-1646
-1596
-1572
-1620
-1782
-1840
-1932
-1889
-1943
-1992
-1990
-1999
-1723
-1637
-1294
-1143
-1046
-753
-843
-509
-600
-542
-537
-784
-595
-742
-545
-424
-460
-151
-164
173
398
423
813
584
901
829
819
1074
705
1060
708
863
942
812
1115
833
1027
949
942
1044
893
859
795
611
675
568
493
583
301
494
373
392
573
339
544
400
381
551
264
476
239
163
343
48
434
250
426
657
561
1094
938
1242
1276
1144
1387
1033
1226
945
857
888
601
875
616
788
716
587
761
461
532
289
27
-47
-397
-429
-624
-834
-772
-1001
-857
-841
-867
-699
-853
-789
-858
-1036
-1040
-1364
-1565
-1717
-2039
-1958
-2134
-2151
-2046
-2104
-1819
-1703
-1605
-1385
-1510
-1372
-1373
-1504
-1315
-1607
-1425
-1488
-1453
-1086
-1115
-692
-595
-424
-92
-77
207
211
140
306
92
330
275
334
562
477
883
852
1145
1242
1200
1339
1095
1139
953
792
737
458
522
473
496
731
627
955
931
1051
1235
1001
1270
944
970
875
600
765
415
531
435
330
526
344
508
477
438
563
405
530
477
498
591
548
677
698
839
894
997
972
999
969
871
890
652
666
488
409
456
294
442
323
331
395
213
366
121
78
-53
-342
-305
-656
-658
-888
-1064
-1068
-1289
-1194
-1320
-1326
-1320
-1451
-1362
-1499
-1508
-1577
-1747
-1704
-1874
-1787
-1813
-1854
-1718
-1796
-1622
-1556
-1549
-1355
-1437
-1238
-1156
-1105
-842
-910
-644
-616
-456
-275
-246
-11
15
276
399
621
755
823
1003
933
1159
1020
1054
1039
782
1059
752
1022
950
831
1169
833
1314
1162
1243
1438
1064
1471
1141
1288
1251
868
1091
598
841
665
546
666
288
561
339
479
455
259
334
113
249
244
212
306
178
324
399
467
664
542
634
559
526
642
464
461
291
110
209
30
160
52
-44
57
-99
102
-20
-67
-184
-431
-523
-699
-856
-1009
-1277
-1417
-1550
-1593
-1581
-1651
-1657
-1739
-1632
-1660
-1462
-1518
-1427
-1387
-1394
-1177
-1222
-1049
-1093
-1076
-1039
-1017
-970
-938
-1026
-1001
-1083
-1000
-931
-901
-777
-803
-579
-486
-235
-67
92
241
372
499
671
731
854
846
871
966
937
1170
1039
1261
1187
1287
1441
1345
1568
1406
1499
1492
1445
1573
1448
1506
1450
1372
1445
1284
1338
1205
1134
1098
994
991
884
806
680
615
497
434
343
237
210
153
121
199
81
228
156
141
288
65
307
78
93
114
-161
68
-258
-189
-206
-455
-143
-475
-230
-297
-456
-195
-625
-356
-667
-729
-700
-1061
-811
-1127
-990
-991
-1170
-886
-1204
-1036
-1164
-1400
-1210
-1667
-1435
-1646
-1717
-1470
-1720
-1286
-1325
-1103
-790
-872
-497
-578
-515
-377
-666
-526
-820
-953
-931
-1218
-1019
-1132
-1072
-880
-908
-645
-498
-445
-159
-232
-61
54
-38
306
84
376
345
410
724
635
1094
1026
1388
1520
1669
1958
1886
2151
1987
2055
2004
1804
1909
1601
1642
1550
1349
1595
1226
1452
1240
1100
1267
820
1084
662
595
549
145
434
62
188
204
-73
388
38
456
396
241
515
-43
332
-75
-11
-55
-435
-177
-521
-238
-211
-290
-73
-408
-257
-363
-510
-365
-820
-720
-1057
-1063
-964
-1112
-830
-1024
-817
-720
-617
-295
-376
-244
-311
-477
-329
-633
-524
-753
-866
-758
-921
-573
-659
-475
-420
-452
-267
-363
-319
-405
-580
-563
-711
-689
-759
-856
-923
-997
-952
-978
-837
-1007
-881
-1009
-884
-698
-736
-466
-619
-443
-277
-143
234
312
422
612
540
913
927
1066
1214
1005
1327
1224
1537
1670
1684
1873
1717
1890
1818
1856
1750
1572
1450
1202
1208
942
935
707
571
591
367
531
339
390
391
307
423
311
263
145
-8
-110
-164
-307
-327
-455
-483
-369
-401
-196
-276
-299
-290
-497
-357
-566
-625
-692
-1006
-863
-1065
-986
-895
-1097
-834
-1011
-794
-623
-689
-320
-578
-305
-367
-396
-151
-452
-130
-329
-210
-30
-167
209
72
244
313
126
307
-2
80
-33
-161
-87
-428
-303
-579
-494
-509
-648
-525
-791
-646
-682
-579
-449
-572
-555
-713
-715
-646
-673
-509
-596
-469
-297
-153
294
343
557
632
577
818
796
951
1030
905
1050
947
1084
1160
1119
1227
1093
1174
1172
1203
1279
1229
1195
1166
983
948
791
651
678
453
456
290
157
186
93
180
165
62
71
-63
56
114
176
215
31
-3
-163
-178
-198
-306
-441
-556
-743
-667
-638
-563
-412
-522
-411
-477
-422
-364
-372
-404
-475
-574
-639
-654
-711
-629
-652
-569
-503
-441
-252
-203
-1
53
101
205
13
101
-116
-133
-159
-296
-184
-317
-172
-228
-97
-40
-54
58
-119
-84
-206
-380
-355
-638
-661
-744
-909
-681
-911
-736
-800
-907
-556
-655
-256
-259
-380
-241
-510
-107
56
165
352
-196
-27
35
306
1024
792
825
469
228
659
807
1233
1036
676
478
304
783
1058
1122
1035
497
339
354
475
801
632
514
116
14
109
191
511
413
481
342
370
364
400
528
421
465
205
3
-158
-196
-80
82
218
30
-26
-187
-135
184
184
255
-96
-351
-513
-552
-326
-422
-377
-636
-812
-727
-633
-374
-192
-232
-223
-295
-256
-111
-82
90
-68
-100
-238
-327
-208
-161
-41
-85
-97
-234
-182
-69
11
177
99
19
-79
-155
-101
-147
-135
-298
-460
-501
-646
-490
-455
-447
-377
-498
-450
-386
-315
-161
-178
-145
-202
-251
-176
-244
-102
-115
-99
-40
-83
33
32
193
227
280
354
271
369
364
421
430
352
265
127
102
23
42
69
40
74
107
106
188
250
222
320
230
237
258
170
263
157
186
139
50
176
78
237
280
223
373
201
311
278
187
282
41
118
42
18
155
-32
42
-48
-135
-1
-115
-51
-105
-200
-118
-227
-130
-179
-231
-169
-290
-176
-176
-152
-61
-105
-20
9
42
99
94
116
96
96
132
111
142
80
65
65
45
123
36
56
-54
-117
-91
-189
-127
-229
-254
-288
-322
-232
-236
-146
-154
-180
-149
-227
-226
-267
-314
-312
-324
-305
-280
-174
-118
26
100
164
209
171
191
115
141
78
14
18
-54
-11
25
21
154
183
323
353
314
342
151
215
84
58
51
-114
-44
-128
-3
123
183
289
184
217
184
177
313
225
260
135
7
14
-52
55
37
41
10
-35
29
36
130
146
107
43
-92
-140
-239
-244
-262
-304
-304
-383
-351
-338
-248
-104
-43
54
32
35
53
11
89
9
-10
-92
-172
-118
-101
123
222
382
431
429
471
397
436
349
242
98
-97
-168
-208
-157
-75
-93
-38
-64
-26
17
21
30
-125
-200
-362
-428
-436
-470
-408
-415
-341
-274
-211
-113
-114
-47
-82
-130
-122
-235
-176
-210
-195
-118
-147
-23
-3
87
176
162
203
125
111
106
84
129
96
118
126
160
224
241
279
214
167
123
110
168
171
206
188
207
255
271
363
337
313
290
186
197
142
111
127
59
106
103
131
178
166
186
130
71
9
-74
-146
-174
-248
-236
-257
-265
-197
-228
-134
-137
-111
-72
-120
-91
-135
-158
-129
-147
-77
-3
44
174
184
261
268
242
254
144
121
37
25
60
65
121
123
102
112
65
44
7
-45
-53
-122
-136
-196
-203
-211
-201
-190
-213
-209
-240
-195
-205
-171
-209
-259
-330
-392
-364
-335
-232
-176
-127
-93
-25
25
84
70
3
-77
-181
-193
-212
-170
-143
-115
-52
9
114
188
245
290
296
296
269
217
193
128
116
101
85
136
136
236
294
386
480
488
533
436
400
336
281
263
175
160
153
174
270
299
355
325
238
181
41
-3
-143
-234
-353
-462
-493
-504
-428
-386
-319
-289
-243
-197
-120
-104
-104
-186
-260
-316
-349
-309
-291
-213
-184
-86
-4
108
203
238
253
221
196
147
122
89
36
10
-28
-20
-16
-5
14
-28
9
-20
-7
-32
-84
-95
-142
-127
-144
-147
-148
-173
-161
-156
-151
-127
-141
-132
-152
-153
-164
-162
-174
-182
-189
-213
-193
-188
-126
-92
-53
-30
-19
-15
-8
-30
-17
-28
-28
-25
-54
-18
-25
36
81
124
190
219
288
362
404
472
443
441
403
353
373
328
371
363
376
402
425
501
550
581
581
514
466
388
309
226
96
-16
-158
-261
-337
-369
-414
-421
-459
-478
-470
-475
-426
-429
-420
-448
-489
-484
-485
-449
-404
-375
-309
-273
-208
-138
-94
-31
-1
15
48
51
98
137
170
216
192
201
185
181
192
183
181
172
137
131
107
75
64
37
16
-3
-36
-32
-23
-42
-4
-59
-36
-80
-109
-87
-128
-79
-101
-97
-101
-131
-117
-112
-124
-113
-140
-137
-132
-109
-56
-40
-1
1
9
14
26
31
40
41
24
41
46
85
141
160
215
215
264
312
327
384
384
403
411
413
447
424
458
482
478
543
518
574
546
530
486
389
318
178
88
-45
-142
-241
-301
-362
-397
-449
-486
-533
-557
-594
-630
-649
-698
-682
-728
-672
-680
-612
-551
-516
-426
-386
-280
-208
-124
-60
-31
9
31
68
110
115
159
162
193
210
246
285
293
311
275
265
235
208
205
159
109
72
14
22
-26
-14
-50
-112
-106
-160
-133
-147
-151
-148
-179
-165
-184
-178
-156
-158
-119
-122
-69
-56
-6
36
34
65
11
23
-35
-39
-63
-81
-46
-54
1
29
81
130
168
207
213
195
184
142
121
99
63
77
56
104
137
204
283
330
417
420
477
468
474
471
414
415
346
331
299
256
236
169
120
50
-47
-111
-215
-284
-355
-407
-434
-449
-442
-437
-405
-410
-391
-425
-422
-459
-474
-475
-482
-442
-421
-358
-295
-210
-147
-57
-25
30
32
49
56
8
44
4
46
71
103
171
194
257
274
284
267
219
164
99
33
-17
-48
-74
-46
-68
-29
-14
7
45
16
35
-12
-12
-45
-56
-35
-44
-15
-7
16
35
42
50
40
23
-11
-40
-43
-63
-37
-56
-9
-3
27
61
52
92
21
32
-33
-50
-77
-98
-83
-81
-25
1
71
94
153
172
214
208
217
225
228
273
258
325
327
386
408
410
424
379
371
293
238
153
78
22
-30
-62
-93
-100
-116
-117
-132
-150
-171
-203
-247
-289
-343
-371
-399
-398
-387
-373
-333
-321
-271
-251
-226
-216
-217
-209
-207
-197
-177
-142
-107
-51
-13
58
79
130
147
149
151
98
95
40
30
-4
-4
-2
9
51
70
132
139
181
181
192
174
140
127
76
69
22
34
14
31
40
53
79
72
110
85
108
66
61
24
-8
-13
-60
-65
-113
-100
-135
-115
-127
-127
-129
-130
-117
-126
-99
-112
-86
-104
-82
-85
-62
-58
-32
-29
-1
25
39
101
100
190
180
251
247
281
285
262
277
210
219
138
138
68
60
25
15
11
1
11
-13
0
-66
-63
-154
-163
-251
-280
-320
-370
-350
-399
-326
-358
-291
-281
-250
-221
-218
-194
-219
-203
-230
-222
-227
-212
-215
-176
-164
-115
-85
-40
7
12
62
45
84
65
73
65
51
66
49
76
71
97
124
131
174
192
223
253
260
291
265
284
256
244
235
189
191
159
167
161
164
180
187
186
192
162
165
109
83
41
-19
-40
-109
-91
-137
-101
-118
-96
-69
-63
-22
-40
-12
-39
-45
-69
-71
-89
-66
-68
-34
-13
34
69
89
142
121
177
138
161
130
129
116
96
103
81
105
83
97
65
77
32
30
-18
-29
-65
-100
-105
-161
-138
-186
-161
-186
-168
-180
-175
-166
-177
-165
-186
-171
-182
-180
-195
-178
-201
-180
-197
-182
-180
-172
-140
-127
-79
-67
-22
-26
13
7
15
5
-4
-24
-34
-37
-54
-29
-35
11
14
68
75
106
116
135
135
124
134
110
127
104
139
123
163
163
188
189
186
181
141
136
80
76
18
25
-8
8
3
15
31
20
41
11
19
-30
-27
-77
-76
-111
-106
-98
-98
-64
-66
-6
-10
29
2
16
-11
-10
-18
-35
-21
-33
9
-11
43
36
71
72
72
70
48
51
7
14
-29
-18
-37
-32
-36
-40
-35
-44
-32
-54
-46
-69
-58
-78
-67
-64
-61
-48
-59
-37
-48
-35
-49
-55
-52
-60
-56
-55
-44
-27
-8
24
42
59
84
91
96
90
96
93
92
93
89
98
106
111
121
115
123
119
114
106
92
96
87
109
94
108
109
120
122
116
124
87
90
37
31
-4
-12
-29
-37
-34
-48
-19
-47
-19
-53
-36
-57
-76
-93
-125
-116
-153
-132
-150
-121
-113
-85
-75
-61
-50
-56
-43
-55
-49
-69
-54
-74
-62
-70
-52
-46
-43
-21
-22
-2
-7
14
-1
20
11
27
30
34
35
27
45
30
48
25
32
7
12
-11
-18
-18
-37
-28
-55
-34
-60
-46
-79
-73
-83
-93
-85
-102
-91
-109
-96
-114
-92
-108
-102
-104
-104
-104
-102
-76
-73
-35
-22
20
41
77
91
112
132
137
133
136
141
126
133
119
138
138
161
165
183
198
205
214
199
195
168
152
118
102
74
57
39
17
8
-2
-17
-22
-41
-47
-53
-75
-84
-110
-113
-133
-122
-146
-129
-138
-129
-125
-119
-106
-122
-94
-119
-78
-118
-89
-110
-104
-94
-113
-92
-125
-81
-124
-81
-113
-89
-95
-89
-66
-82
-36
-56
2
-21
25
16
38
50
47
72
61
94
76
114
81
104
90
91
89
67
74
48
64
40
57
42
53
52
57
56
43
38
8
0
-40
-54
-88
-109
-128
-146
-134
-135
-120
-103
-75
-50
-24
-3
9
24
30
34
29
25
24
20
30
34
52
71
89
107
123
136
143
146
134
140
128
135
116
118
98
97
91
83
92
53
73
22
39
5
4
-11
-39
-19
-53
-22
-57
-10
-28
-9
-12
-6
13
-5
20
-22
-2
-39
-26
-55
-58
-65
-78
-83
-110
-99
-114
-101
-118
-104
-110
-97
-109
-98
-95
-85
-73
-67
-52
-46
-24
-33
2
-9
20
15
27
29
32
46
45
67
46
81
76
100
97
116
120
123
132
128
144
123
133
108
108
82
71
55
23
12
-15
-18
-34
-41
-45
-49
-40
-36
-20
-6
6
18
19
30
20
20
7
8
-8
-18
-14
-32
-12
-20
2
4
23
29
40
52
56
56
45
55
36
36
9
17
-8
-9
-21
-27
-27
-50
-37
-56
-45
-64
-59
-73
-61
-61
-49
-42
-43
-28
-43
-20
-40
-21
-51
-47
-66
-75
-83
-98
-98
-119
-97
-128
-100
-124
-102
-110
-105
-95
-110
-86
-109
-79
-104
-73
-82
-56
-46
-43
-13
-27
5
-18
3
-8
0
6
11
30
21
50
45
65
70
87
99
97
107
101
116
108
117
112
107
113
107
112
100
105
92
85
65
59
44
29
20
-2
-2
-16
-1
-14
6
-1
9
16
1
-1
-25
-20
-42
-38
-54
-50
-64
-53
-44
-47
-27
-23
-1
-9
16
1
22
5
7
11
2
22
8
44
25
50
49
63
63
51
63
41
42
12
19
-15
-16
-28
-39
-45
-56
-30
-44
-31
-38
-20
-22
-27
-28
-48
-47
-62
-64
-89
-81
-92
-95
-92
-99
-81
-84
-55
-52
-35
-25
-20
-5
0
15
1
20
7
17
17
4
10
2
10
3
9
2
11
9
14
20
25
32
33
43
40
48
56
62
64
83
83
94
96
97
98
91
80
67
59
39
36
18
17
3
5
0
-1
-4
-14
-10
-18
-19
-44
-46
-52
-66
-74
-88
-93
-102
-98
-101
-97
-87
-86
-65
-65
-42
-34
-21
-8
7
24
26
49
35
61
58
73
68
67
75
60
80
60
78
62
58
55
47
40
19
18
-4
-6
-26
-32
-42
-49
-45
-51
-46
-44
-35
-37
-37
-42
-52
-45
-60
-55
-62
-63
-55
-49
-44
-37
-15
-13
7
12
11
9
10
5
0
-9
-15
-10
-9
-8
-7
-4
7
18
19
27
18
19
9
15
8
2
5
0
19
19
31
34
46
49
57
60
53
58
45
49
34
24
15
-7
-8
-23
-22
-44
-49
-60
-77
-80
-99
-95
-103
-88
-101
-96
-103
-100
-92
-104
-97
-107
-102
-113
-98
-102
-90
-78
-66
-50
-35
-15
-3
24
37
51
54
59
60
69
69
72
71
74
75
75
66
65
65
48
42
26
14
5
-2
-9
-4
-12
-12
-4
-12
-11
-7
-3
-8
-11
-27
-34
-39
-53
-59
-70
-71
-68
-60
-43
-39
-21
-23
-11
-17
-11
-10
-24
-8
-28
-21
-25
-19
-24
-20
-13
-11
3
0
11
14
23
28
33
36
41
49
56
56
67
66
67
72
67
66
61
54
48
42
35
35
23
26
22
16
12
1
-4
-8
-12
-14
-20
-24
-21
-24
-19
-27
-28
-29
-33
-33
-31
-37
-34
-34
-29
-35
-23
-20
-16
-6
0
11
11
32
21
30
26
31
26
23
21
26
39
28
40
33
40
35
40
33
33
36
31
33
23
18
8
5
4
-1
-3
-5
-4
-5
-5
1
-9
-6
-17
-18
-20
-24
-21
-30
-25
-30
-32
-35
-39
-44
-38
-31
-25
-33
-22
-26
-24
-23
-21
-15
-14
-1
-6
-1
-3
1
-1
7
10
13
14
21
26
29
32
33
39
41
49
43
53
42
51
48
54
52
50
56
42
47
35
36
36
28
26
11
10
14
5
14
2
5
3
9
11
3
6
2
4
-8
2
-7
-8
-10
-5
-6
2
3
7
13
14
24
23
33
28
35
33
40
39
43
39
42
37
43
47
42
51
34
44
36
40
37
37
33
33
28
24
25
17
19
12
9
2
2
-4
-10
-18
-17
-23
-24
-31
-29
-34
-32
-29
-30
-27
-30
-26
-32
-26
-29
-20
-22
-23
-24
-21
-23
-24
-22
-26
-21
-27
-22
-21
-20
-13
-12
-8
-1
-2
0
-1
-3
-7
1
-3
-6
-9
-10
1
-7
-8
-11
-4
-13
-8
-11
-14
-19
-16
-10
-18
-14
-20
-13
-18
-11
-18
-15
-20
-23
-23
-27
-29
-40
-35
-39
-32
-30
-32
-26
-30
-31
-28
-31
-27
-29
-25
-19
-23
-16
-16
-19
-18
-15
-5
-9
-4
0
2
5
10
13
13
10
10
16
9
14
15
13
15
9
4
0
0
-12
-7
-14
-17
-17
-23
-23
-22
-21
-21
-19
-25
-20
-20
-24
-18
-21
-26
-24
-26
-26
-26
-25
-23
-21
-17
-17
-8
-10
-9
-8
-9
-1
1
8
-3
-2
1
-8
2
0
-2
-2
-1
-1
-3
-1
2
8
8
4
0
3
1
5
4
7
3
2
4
-1
-4
-8
-7
-15
-9
-9
-8
-8
-10
-11
-14
-16
-23
-17
-20
-23
-29
-30
-31
-36
-39
-36
-33
-37
-31
-31
-29
-29
-29
-26
-26
-18
-22
-13
-5
-7
3
3
1
4
0
1
0
1
2
-3
-2
-4
3
5
4
5
7
5
-1
7
6
2
-3
1
-5
1
3
-2
2
-7
0
-3
0
-1
3
11
4
12
15
22
21
26
26
22
35
28
23
28
33
35
34
30
32
38
37
41
40
37
42
39
41
43
44
49
40
40
34
39
43
36
41
39
45
38
39
38
35
41
38
39
33
37
45
42
41
37
33
28
31
27
20
23
20
22
15
16
13
10
6
-3
4
-6
-1
-2
0
1
-1
2
-5
0
0
-2
1
4
-2
7
9
12
11
9
14
10
14
7
8
8
14
13
4
4
-4
-9
-6
-3
-9
-8
-6
-8
-11
-15
-11
-12
-15
-16
-15
-14
-12
-8
-9
-9
-6
-8
-2
-2
-3
2
0
3
3
5
7
4
-2
0
4
5
1
1
6
4
2
0
2
-2
-7
-7
-4
-2
0
1
-3
1
4
1
2
9
5
15
10
7
8
4
8
5
9
9
6
7
7
2
10
6
6
3
-2
-3
-7
-2
-10
-13
-19
-23
-22
-23
-26
-29
-24
-23
-29
-27
-26
-28
-24
-29
-26
-26
-24
-20
-18
-18
-16
-15
-13
-6
-12
-2
-3
-5
-6
-12
-12
-15
-14
-19
-17
-17
-23
-13
-11
-4
-3
-14
-6
-13
-9
-5
-12
-10
-12
-9
-10
-6
-12
-9
-5
-13
-8
-7
-7
-7
-5
-12
-7
3
-5
5
-2
1
-1
-7
3
-4
-2
-4
-8
-10
-13
-14
-13
-14
-14
-11
-11
-15
-14
-10
-10
-17
-16
-11
-13
-11
-6
-7
-4
-1
-6
-1
-2
3
1
-6
-2
-8
-9
-7
-5
-11
1
-2
-4
-7
-11
-13
-24
-22
-28
-24
-26
-24
-22
-25
-21
-22
-22
-16
-19
-21
-18
-23
-20
-24
-21
-16
-21
-23
-22
-19
-22
-22
-24
-22
-23
-29
-30
-25
-23
-19
-18
-23
-16
-16
-12
-15
-10
-5
-10
-3
-8
-3
-1
-5
-4
-6
-1
6
2
-3
4
5
8
7
6
11
10
12
12
15
15
15
19
17
11
16
11
8
13
10
18
13
12
15
18
25
22
26
24
30
25
18
20
22
27
22
24
24
26
33
25
25
28
23
24
24
23
15
17
21
23
27
24
20
20
25
16
16
17
11
8
9
4
4
6
-1
4
-1
1
-3
-7
-4
-15
-8
-10
-11
-9
-11
-5
-1
-2
-5
-10
-5
-1
-2
-4
-3
-2
-7
-5
-6
-9
-6
-7
-6
-6
0
3
-6
-2
-1
-4
0
-1
1
1
7
8
6
8
7
11
10
12
10
12
9
14
17
11
11
11
14
5
5
3
4
5
0
7
5
3
8
0
0
6
0
3
-6
-2
-5
-7
-1
3
-1
-4
6
-1
-1
2
4
1
5
5
7
4
-1
12
12
13
9
10
6
8
10
7
11
8
9
13
14
16
18
17
15
13
14
8
10
9
8
8
4
2
2
-6
-2
2
0
1
-1
3
1
4
1
-4
-2
-2
-7
-5
-4
-5
0
-2
3
-5
-4
-3
0
-1
4
9
1
3
3
0
2
5
8
12
16
18
14
15
12
15
13
19
21
20
28
20
32
28
28
28
22
23
23
26
25
24
21
25
19
19
25
18
17
21
13
13
11
14
13
12
9
6
11
6
6
4
4
7
10
14
11
11
13
11
12
8
6
7
1
3
-2
0
3
3
10
13
11
7
12
12
14
14
10
18
14
10
14
15
15
15
13
8
5
6
7
3
6
6
2
2
3
4
-1
-5
-6
-7
-9
-4
-3
-11
-12
-17
-14
-15
-15
-12
-14
-16
-15
-14
-12
-8
-15
-14
-16
-18
-14
-17
-11
-3
-6
-3
-7
-4
-4
-3
2
-3
0
0
9
8
9
8
6
13
11
8
8
17
9
8
12
9
15
7
7
14
9
6
4
6
10
11
6
11
13
12
15
18
14
11
12
10
17
11
15
17
14
19
14
18
15
19
19
21
21
20
20
14
9
13
12
13
14
11
19
16
17
18
12
11
14
14
9
8
9
12
12
8
10
15
13
15
16
15
16
13
14
16
7
11
11
0
6
2
-1
-4
-5
-4
-9
-6
-2
-13
-11
-10
-13
-6
-9
-12
-10
-7
-9
-1
-5
-11
-2
-5
-4
-1
-6
-14
-9
-13
-18
-17
-19
-14
-13
-14
-12
-11
-11
-7
-8
-8
-9
-13
-9
-15
-16
-13
-15
-14
-15
-10
-7
-9
-5
-7
-3
-5
-6
-5
-7
0
-4
-3
3
3
2
3
3
3
2
-2
6
3
1
5
-2
-1
-14
-8
-5
-6
4
-1
-1
-4
-3
-4
-6
2
-1
2
1
-4
0
3
4
4
0
1
-1
-2
3
-1
-3
2
1
0
-5
-3
-2
-1
0
-9
-5
-5
-6
-4
-6
-8
-7
-4
-10
-10
-10
-8
-11
-11
-8
-8
-5
-7
-7
-11
-9
-6
-4
-5
-3
-6
-5
-2
-9
-7
-9
-1
-4
-5
-1
-6
-3
-3
-4
-2
-2
-9
-7
-8
-12
-13
-13
-10
-18
-18
-20
-18
-12
-12
-9
-8
-4
-4
-4
-6
-11
-11
-7
-4
-5
0
0
-3
0
-2
-1
-1
-1
0
3
9
12
11
3
6
8
2
9
6
7
4
3
1
5
9
10
15
7
13
14
9
7
8
11
10
12
9
11
10
8
10
12
10
7
10
3
3
-2
0
2
-3
-3
2
-1
-4
0
-6
-7
-4
-2
-5
-1
-4
-4
2
0
1
-1
-3
-8
1
-1
-3
-2
-3
3
0
3
1
5
10
9
13
13
13
14
11
14
7
9
10
8
9
1
8
11
11
12
12
12
8
12
7
5
9
6
9
12
12
14
12
9
11
7
6
7
6
7
5
6
6
6
7
8
4
5
5
5
5
3
2
-2
3
-1
1
-2
4
6
13
14
9
11
2
11
7
2
7
10
9
7
9
8
5
7
8
4
8
6
3
-3
0
-8
-10
-4
-7
-3
-9
-11
-17
-17
-16
-18
-19
-19
-15
-22
-17
-13
-16
-22
-24
-24
-26
-31
-32
-28
-34
-33
-32
-29
-30
-28
-19
-19
-24
-22
-21
-19
-21
-19
-19
-19
-18
-19
-15
-18
-14
-13
-14
-17
-11
-11
-13
-6
-9
-5
-7
-2
-3
-2
1
-1
-4
1
1
-3
-4
-6
-3
-4
-1
-4
-3
-5
-8
-6
-3
-4
-2
-3
-4
5
-2
3
2
-1
-2
1
2
4
6
1
6
1
9
9
6
7
11
12
6
9
9
9
12
19
16
13
18
23
15
18
18
16
21
17
21
19
16
13
18
14
15
20
17
18
14
14
10
10
7
7
8
12
3
0
3
-3
-1
0
6
-1
-6
-2
-5
-7
-1
-7
-11
-5
-7
-8
-12
-8
-13
-12
-13
-10
-7
-9
-2
-5
-4
-3
-3
-3
1
-3
-1
3
5
6
8
7
7
14
9
8
11
12
11
12
13
5
10
15
16
20
18
18
15
14
15
7
6
2
-5
-3
-1
-1
-3
2
-3
-4
-1
-2
-3
4
7
1
7
7
5
6
10
7
7
14
15
16
10
6
12
7
3
8
9
9
9
12
11
9
4
11
6
-1
6
4
6
8
9
0
3
-2
-2
-1
-1
4
-2
8
7
3
1
0
-3
-2
1
-9
-3
-6
-12
-6
-7
-9
-12
-10
-12
-11
-10
-15
-10
-4
-5
-8
-4
-3
2
8
7
6
5
8
8
10
12
9
7
11
9
12
14
13
20
15
11
11
9
12
7
7
10
11
9
11
8
8
8
1
8
7
8
11
9
9
8
1
-1
2
0
3
-2
2
2
3
0
-4
-4
-3
-6
-11
-6
-9
-5
-6
-2
-3
-6
-7
-8
-9
-9
-5
-6
-5
-11
-13
-9
-12
-15
-10
-8
-10
-9
-9
-7
-5
-9
-10
-13
-15
-14
-9
-5
-6
-9
-17
-14
-17
-20
-19
-24
-21
-19
-20
-23
-23
-22
-25
-23
-20
-23
-19
-15
-17
-18
-20
-21
-19
-25
-21
-19
-20
-15
-20
-17
-18
-14
-11
-12
-15
-13
-14
-13
-10
-14
-8
-8
-10
-10
-5
-8
-7
-8
-10
-6
-10
-8
-7
-11
-15
-12
-18
-13
-5
-8
-6
-9
-8
-8
-6
-10
-3
-1
-7
-1
-3
2
3
4
2
4
1
-5
-2
-1
1
-1
-2
-5
-5
0
-5
-5
-3
-7
-2
0
-1
3
0
1
1
-1
-3
3
4
3
1
1
3
3
0
-1
1
-2
3
-2
3
4
-1
-2
-1
2
-7
-2
-1
1
0
-4
-7
-6
-4
-10
-5
-4
-11
-8
-7
-11
-11
-10
-6
-5
-3
-3
-5
-3
-3
-7
-5
-7
-8
-7
-11
-9
-9
-8
-8
-7
-8
-3
-4
-4
3
-5
3
-6
-6
6
-3
-2
-2
4
9
0
2
4
8
8
4
7
10
8
4
5
0
0
-1
-6
-5
-3
0
-3
-5
-11
-9
-2
-5
0
-3
-2
-1
-3
-1
-4
2
4
-2
-1
-2
-1
3
3
5
11
12
12
10
9
10
11
11
10
12
13
9
13
12
14
19
12
15
15
12
7
15
20
13
12
11
9
9
13
6
11
8
6
5
1
-1
0
2
0
-5
-5
-1
-1
4
-5
-5
-4
-9
-10
-7
-13
-10
-7
-12
-9
-12
-10
-13
-10
-12
-10
-5
-9
-11
-11
-6
-15
-8
-7
-4
-5
-7
1
-6
1
2
-5
0
-4
-1
0
0
6
4
10
4
5
9
5
9
5
3
1
4
-4
3
6
0
0
-3
-2
-5
-1
-6
-3
-3
-3
-2
-6
-8
-10
-7
-9
-4
-5
-6
-10
-11
-9
-10
-12
-5
-4
-8
-1
-1
0
-7
-3
-5
-3
-2
-10
-8
-9
-3
-11
-9
-7
-5
-7
-9
-13
-14
-8
-13
-3
-12
-19
-15
-18
-17
-18
-20
-23
-23
-19
-16
-18
-18
-19
-17
