5
4
7
9
10
9
12
15
11
6
8
7
5
13
10
8
10
9
13
16
16
15
14
19
21
16
17
17
19
19
21
19
19
16
16
17
14
17
19
22
24
22
24
24
20
20
18
21
16
16
15
10
11
14
12
13
17
13
15
12
15
13
14
13
12
15
13
13
6
7
6
8
9
7
6
4
1
4
5
5
2
2
5
-3
0
-2
-3
0
-3
-4
-2
-2
-4
-5
-7
-3
-5
-5
-8
-6
-7
-8
-6
-10
-10
-13
-9
-9
-11
-14
-10
-13
-11
-9
-16
-9
-9
-13
-8
-10
-12
-9
-12
-6
-6
-8
-2
-6
-8
-4
-6
-7
-3
-3
0
-6
-8
-8
-8
-6
-7
-6
-7
-5
-8
-3
0
-1
2
-2
-3
-3
-9
-8
-11
-7
-4
-4
-2
-1
-4
-6
-4
-6
0
-1
-2
-1
-4
-3
-4
-4
-4
-1
0
0
1
0
-1
0
1
3
2
0
3
7
7
4
5
6
4
4
2
1
1
-4
-1
-3
-3
-2
-6
-7
-11
-8
-6
-4
-2
1
-3
-5
1
-2
-5
-2
2
0
2
-1
1
0
-3
0
-4
-2
-2
-7
-5
-4
-4
-3
-6
-8
-5
-6
-8
-7
0
-1
-2
1
-1
-5
-6
-5
-9
-6
-2
-5
-4
-3
-2
2
-1
-6
-8
-5
0
-2
-5
-3
-2
-1
-1
3
3
-2
2
5
7
4
8
12
11
19
16
17
20
17
18
18
21
17
16
21
18
16
17
15
17
15
15
16
15
15
17
16
16
18
12
15
13
14
9
9
14
9
16
11
10
11
8
12
10
12
10
9
8
8
11
10
12
11
5
11
13
6
8
7
10
12
9
8
8
4
3
0
2
-3
0
4
-5
0
1
3
2
2
1
0
1
0
2
1
2
-2
2
2
-5
-3
-4
-5
-7
-4
-5
0
-1
-1
1
1
2
-1
1
-2
-1
3
0
-1
-4
2
4
1
1
5
7
6
8
7
8
12
11
11
17
14
9
11
13
14
15
18
10
15
15
17
19
17
22
19
21
20
20
25
21
21
20
17
19
17
15
16
14
15
19
18
20
19
17
13
11
15
13
13
15
14
12
14
17
9
12
11
7
15
17
17
16
18
19
15
22
19
20
23
19
21
14
18
23
20
18
20
20
21
22
20
23
21
22
22
21
21
14
17
19
19
20
14
15
15
14
19
21
20
16
17
19
16
14
14
14
14
14
16
20
14
17
16
16
20
21
18
16
18
11
11
9
6
6
7
2
-1
-1
2
3
0
5
3
0
1
0
0
-3
-4
-2
-8
-7
-6
-11
-7
-10
-12
-11
-12
-11
-10
-8
-11
-14
-14
-16
-20
-20
-17
-17
-22
-19
-20
-20
-21
-25
-18
-21
-21
-17
-24
-26
-27
-25
-25
-21
-27
-29
-26
-31
-28
-30
-32
-28
-25
-28
-27
-29
-32
-35
-36
-34
-38
-40
-37
-33
-35
-36
-36
-36
-35
-37
-33
-35
-38
-32
-31
-31
-33
-30
-30
-35
-31
-32
-36
-35
-36
-37
-33
-34
-34
-33
-33
-32
-34
-35
-34
-31
-36
-34
-38
-41
-41
-40
-39
-42
-39
-40
-32
-34
-35
-36
-38
-35
-35
-35
-38
-36
-33
-32
-30
-32
-35
-34
-36
-31
-30
-27
-26
-26
-26
-33
-24
-27
-27
-23
-27
-27
-28
-26
-28
-26
-26
-27
-26
-25
-30
-32
-29
-27
-24
-25
-26
-23
-29
-27
-27
-29
-27
-24
-26
-24
-23
-19
-19
-19
-17
-24
-20
-22
-21
-17
-17
-20
-21
-20
-19
-13
-10
-15
-13
-11
-13
-11
-10
-7
-11
-8
-9
-9
-8
-13
-14
-13
-5
-12
-11
-10
-11
-12
-14
-13
-14
-12
-8
-8
-11
-11
-10
-14
-12
-11
-17
-10
-10
-14
-8
-10
-9
-7
-9
-6
-8
-9
-6
-11
-8
-11
-11
-10
-10
-6
-6
-4
-5
-2
-5
-3
-1
-2
-5
-8
-2
-2
-6
-8
-7
-4
-7
-4
-3
-3
-1
3
6
4
2
8
6
2
0
4
6
5
4
1
2
5
2
4
4
5
6
5
5
4
6
6
6
5
4
6
4
6
7
4
4
4
6
7
9
6
7
8
0
2
5
0
-1
-1
-3
-1
-2
-6
-5
-4
-4
-7
-8
-2
-6
-9
-4
-8
-4
-7
-9
-5
-5
-10
-8
-4
-7
1
-1
-3
-1
-3
-1
-5
-7
-5
-1
-5
-8
-7
-5
-5
-6
-7
-7
-8
-7
-6
-8
-3
-4
-3
-2
-5
-1
-3
-3
1
-5
-5
-2
2
2
5
9
8
11
9
10
8
10
10
8
13
13
12
10
14
13
12
13
11
16
15
15
18
21
20
14
15
12
9
7
11
11
14
12
11
14
12
17
15
19
19
17
21
17
13
12
14
13
15
13
10
8
7
12
13
11
13
9
10
15
10
12
10
6
5
6
5
4
9
10
9
4
7
8
6
7
8
11
11
9
12
12
8
9
10
8
5
6
9
7
11
10
6
7
7
4
5
7
3
5
6
7
7
8
12
8
8
5
3
2
5
7
8
11
9
7
9
7
8
9
8
8
11
10
7
7
5
4
3
5
8
9
7
10
9
7
9
7
4
2
6
6
6
8
10
12
10
13
13
9
6
5
6
9
7
9
8
6
6
11
7
5
8
4
9
10
9
6
8
8
2
3
-1
1
4
6
6
5
2
5
2
1
3
-5
-3
-2
0
-1
-3
0
-2
-2
-3
-4
-6
-7
-6
-4
0
-1
-5
-6
-6
-5
-9
-8
-6
-8
-4
-4
-2
-4
-6
-7
-9
-7
-4
0
-3
-6
-8
-8
-11
-9
-4
-9
-9
-13
-16
-12
-14
-13
-11
-14
-9
-8
-10
-7
-9
-9
-9
-13
-12
-8
-8
-5
-3
-4
-4
-1
-1
-1
-1
-1
0
0
1
0
2
0
-1
1
2
0
-1
3
4
3
4
7
5
2
6
7
7
9
6
8
6
5
9
9
5
7
11
8
14
14
11
13
12
12
14
12
11
18
15
16
18
16
12
11
14
16
15
16
13
12
12
10
9
17
21
11
13
13
12
12
12
11
14
12
10
7
6
7
0
1
-1
0
5
4
4
2
8
7
2
5
1
4
4
3
3
1
4
11
10
2
5
6
6
3
3
3
-3
2
-2
-5
-5
-7
-8
-6
-3
-7
-5
-6
-9
-8
-5
-9
-8
-10
-8
-10
-7
-8
-9
-6
-7
-6
-12
-11
-12
-9
-9
-13
-9
-12
-8
-10
-9
-7
-8
-6
-8
-6
-5
-2
-5
-8
-2
0
-1
-3
-5
-8
-1
0
-5
-5
-4
-4
-2
0
0
0
-4
-2
-5
-8
-7
-4
-4
-3
-3
-5
-2
-6
-5
-5
-6
-11
-7
-3
-6
-3
-8
-8
-8
-6
-8
-7
-7
-5
-8
-12
-7
-8
-9
-10
-7
-12
-4
-7
-7
-4
-6
-7
-10
-6
-7
-7
-5
-4
-6
-2
-1
-3
0
-1
0
3
1
2
6
5
6
5
5
6
7
4
6
8
9
8
5
4
11
11
7
8
10
12
9
10
9
7
7
3
6
4
3
5
5
4
4
1
6
3
-1
5
3
1
1
-1
-4
0
-1
-1
-1
-1
0
-2
-2
-3
-2
-5
-4
1
2
4
1
-2
-1
0
1
3
1
2
2
0
6
0
-3
2
1
-1
0
2
3
0
3
4
2
6
4
8
5
0
4
4
1
6
3
3
7
-1
0
-1
0
2
2
3
3
8
5
5
4
10
10
10
11
8
5
6
9
6
9
4
7
9
8
6
3
7
6
4
4
5
5
6
2
3
5
3
4
2
6
6
5
8
4
5
7
4
3
2
2
-3
-1
-1
-4
1
-3
-5
0
4
-1
3
-2
-5
-2
-2
4
3
7
4
9
10
6
12
7
6
5
4
8
10
10
10
13
12
10
10
6
5
6
9
10
6
7
7
9
6
8
13
7
4
3
4
1
6
7
9
8
4
5
3
1
1
1
0
0
-2
1
2
-1
4
6
2
2
-1
-1
-1
-2
0
-3
-1
4
4
4
1
0
-3
0
3
2
1
2
2
0
0
2
3
3
9
9
9
8
3
8
11
9
8
12
13
14
11
11
10
2
5
2
6
11
3
9
9
6
7
9
13
11
11
8
9
15
9
9
6
5
7
5
3
1
3
0
5
5
4
1
-2
1
0
4
2
1
-1
-4
-2
-6
-8
-9
-9
-8
-9
-6
-5
-7
-7
-9
-7
-5
-9
-17
-15
-12
-15
-13
-17
-16
-16
-20
-24
-22
-21
-20
-15
-15
-15
-16
-15
-12
-15
-14
-17
-19
-19
-15
-12
-17
-14
-15
-13
-8
-14
-11
-8
-11
-11
-12
-13
-14
-9
-8
-10
-14
-13
-11
-14
-11
-10
-10
-10
-7
-11
-10
-5
-10
-12
-11
-9
-11
-12
-8
-7
-8
-3
-2
-3
-2
1
2
4
4
5
7
3
5
4
9
9
2
5
5
1
5
4
3
8
9
4
6
10
2
7
4
-2
2
2
2
0
3
0
3
7
6
4
4
7
5
1
0
0
-3
-2
-5
-8
-7
-9
-10
-10
-12
-14
-12
-16
-14
-16
-17
-13
-14
-10
-13
-10
-7
-15
-11
-10
-11
-5
-8
-8
-8
-2
-5
-9
-7
-5
-7
-6
-7
-9
-4
-5
-6
-4
-1
0
-4
-2
1
4
8
4
4
7
5
8
6
5
4
5
7
6
10
3
4
9
6
9
7
8
11
13
17
19
18
22
24
22
16
16
20
21
22
22
24
17
17
18
15
14
13
15
9
12
12
4
6
8
8
6
4
4
7
4
4
0
-2
-6
-4
-5
-10
-5
-8
-9
-9
-10
-5
-6
-11
-14
-10
-10
-7
-4
-9
-5
-6
-5
-12
-10
-3
-7
-7
-6
-5
-5
-7
-3
-4
-2
-3
-4
0
-5
-2
-7
-9
-7
-5
-7
-9
-6
-11
-5
-8
-9
-8
-10
-7
-9
-8
-7
-4
-6
0
-1
-6
-3
-2
-3
-2
0
-1
-3
-2
-2
1
4
0
2
3
3
7
6
1
2
0
0
2
0
0
-1
-1
0
0
0
-2
0
1
-4
-6
-4
-4
-3
-5
-4
-7
-3
-2
-5
-3
-8
-3
-3
-11
-7
-7
-5
-10
-9
-8
-9
-6
-11
-8
-12
-13
-14
-18
-19
-20
-15
-14
-15
-15
-12
-13
-14
-16
-14
-15
-19
-14
-16
-10
-10
-15
-14
-10
-14
-11
-10
-14
-9
-8
-9
-10
-8
-7
-5
-8
-8
-6
-9
-7
-5
-6
-8
-3
-4
-9
-9
-7
-2
-4
3
0
0
6
-3
-1
-1
-3
3
5
3
3
0
1
0
-5
0
-3
1
-3
-3
2
-5
-2
-4
-6
-2
-3
1
2
3
4
0
5
1
-1
3
-2
-3
-5
-2
0
0
-2
-3
-4
-3
-4
-3
1
-3
-1
-4
-1
0
-2
-2
-2
-3
-9
-5
-5
-11
-7
-6
-9
-5
-4
-6
-4
0
-1
-8
-2
2
1
-4
-3
-1
-6
-3
-6
-5
-3
-4
1
-2
-2
6
4
3
7
6
5
6
3
5
7
7
8
7
9
8
7
7
15
10
8
10
3
9
8
11
10
8
8
13
16
11
17
16
16
17
16
16
14
19
17
17
20
16
23
17
21
21
16
17
13
19
17
19
17
16
22
21
21
18
19
17
17
19
15
7
11
12
14
12
11
15
13
17
14
19
16
13
14
9
9
10
7
4
6
2
8
10
10
9
9
11
8
10
8
8
7
10
11
6
6
11
10
9
10
12
9
7
11
11
14
13
13
14
14
13
10
12
14
11
8
12
10
11
13
11
10
10
8
5
10
8
8
12
12
12
9
8
4
6
7
2
2
0
1
0
0
0
-2
2
1
2
-1
-2
-3
-2
-5
-5
-5
-3
-2
-6
-6
-9
-7
-5
-6
-7
-8
-9
-10
-8
-9
-8
-11
-10
-9
-8
-8
-10
-12
-9
-8
-10
-10
-16
-13
-12
-12
-11
-13
-12
-11
-18
-19
-16
-18
-13
-16
-17
-20
-22
-16
-23
-20
-22
-29
-22
-21
-24
-22
-24
-27
-22
-26
-27
-24
-22
-20
-20
-15
-18
-21
-20
-16
-17
-16
-17
-17
-18
-14
-17
-16
-12
-15
-11
-14
-14
-9
-5
-5
-1
-4
-6
-4
-7
-3
-6
-3
-5
-9
-7
-5
-8
-6
-4
-7
-4
-2
-3
-5
1
-4
-4
1
-3
-6
-5
-6
-6
-7
-5
-4
1
0
-2
1
0
4
3
4
3
-1
-1
-3
1
-1
0
-1
1
0
-3
-4
-5
-3
-7
-6
-8
-10
-7
-11
-9
-7
-5
-4
-4
-1
-6
-5
-4
-1
-1
-3
0
0
0
-2
-6
-5
-5
-7
-3
0
4
3
3
10
10
13
15
11
14
12
10
11
11
17
12
16
21
20
21
14
21
20
16
21
16
22
22
22
24
21
24
21
24
27
21
21
23
22
24
22
29
25
23
26
23
29
23
23
22
23
28
22
22
20
18
19
19
18
19
16
17
17
8
13
3
5
8
7
9
0
8
4
3
8
3
0
3
-1
-1
-6
3
-4
-8
1
-10
-4
-8
-5
-9
-7
-3
-11
-10
-10
-12
-15
-15
-20
-15
-20
-12
-22
-14
-17
-20
-15
-25
-15
-25
-10
-11
-12
-10
-19
-18
-21
-17
-16
-16
-13
-19
-24
-12
-24
-9
-19
-14
-12
-27
-7
-29
-10
-13
-20
-10
-16
-7
-14
-8
-9
-11
-1
0
-1
6
-11
3
-4
-7
3
-13
3
-10
-3
0
2
13
1
8
0
0
2
-10
-1
-6
-10
-7
-13
0
-2
6
4
-2
6
2
4
-2
-1
-3
-6
1
0
-1
3
3
6
7
3
11
6
21
17
12
15
3
10
1
11
3
7
10
8
15
6
14
7
11
0
0
5
2
7
6
6
7
14
14
21
15
20
11
19
10
5
13
-4
12
-6
5
3
3
11
-3
8
-8
1
0
-8
9
-1
-1
-2
-4
6
-7
10
10
3
19
1
22
18
15
26
-1
23
6
17
28
10
40
10
31
28
27
51
21
49
25
24
29
10
36
14
27
28
9
35
11
33
28
21
42
13
43
17
19
27
-3
28
4
26
31
11
41
6
28
22
2
34
-11
23
5
-7
27
-31
24
-8
4
15
-20
27
-14
11
7
-15
10
-20
-3
-2
-23
17
-30
2
-11
-24
23
-45
20
-25
-5
1
-40
13
-39
-7
-23
-30
-1
-28
-1
-9
-19
6
-23
6
-5
-7
14
-18
19
-16
-5
5
-10
24
-4
14
18
-4
28
3
26
25
2
24
-18
22
-6
1
7
-32
4
-31
-19
-26
-47
-39
-65
-63
-56
-71
-52
-73
-77
-67
-91
-59
-86
-78
-75
-102
-68
-98
-76
-82
-103
-76
-117
-87
-95
-99
-88
-115
-100
-104
-101
-87
-109
-100
-97
-115
-64
-95
-52
-53
-64
-12
-53
16
-14
1
19
-23
25
-7
11
21
-18
20
-6
14
33
-1
50
12
39
53
31
82
42
62
72
60
120
103
146
162
157
212
191
244
231
234
235
203
222
199
188
166
139
122
114
95
109
79
79
59
64
76
60
71
31
34
-8
4
-8
-30
-27
-75
-64
-74
-76
-45
-95
-86
-119
-152
-127
-219
-184
-288
-319
-332
-414
-348
-425
-390
-392
-421
-337
-348
-285
-245
-292
-195
-254
-179
-130
-180
-44
-154
-24
-27
-20
99
-9
94
25
22
85
-21
41
-19
-58
13
-88
39
-8
2
85
-2
160
94
181
218
181
308
266
370
405
410
486
459
525
545
537
574
524
553
519
524
519
494
483
442
450
405
430
359
348
302
257
277
219
260
220
203
214
162
208
177
115
103
-46
-39
-164
-233
-262
-446
-422
-588
-574
-598
-682
-645
-789
-766
-829
-870
-836
-929
-927
-955
-962
-875
-860
-767
-713
-678
-576
-531
-409
-354
-332
-284
-286
-226
-181
-142
-103
-89
-94
-45
-25
18
69
8
73
22
84
155
124
247
174
277
332
335
495
418
500
503
456
619
517
628
611
530
701
563
734
694
648
780
604
807
757
778
906
756
966
896
979
1097
961
1115
935
988
998
877
963
765
778
713
638
687
521
468
281
77
-49
-329
-482
-807
-1054
-1294
-1517
-1580
-1737
-1720
-1834
-1806
-1792
-1764
-1628
-1675
-1592
-1661
-1680
-1585
-1646
-1480
-1506
-1454
-1290
-1299
-959
-928
-711
-573
-584
-341
-373
-213
-154
-217
-124
-189
-154
-31
-141
54
-55
38
199
137
488
406
674
832
946
1309
1335
1573
1648
1614
1773
1646
1652
1578
1302
1310
1019
1031
949
795
829
582
606
514
412
380
122
-40
-233
-446
-458
-603
-607
-611
-623
-387
-239
75
329
472
724
845
1048
1256
1301
1457
1390
1436
1501
1486
1660
1560
1572
1463
1328
1300
1089
961
681
358
140
-155
-317
-500
-751
-869
-1152
-1247
-1404
-1584
-1643
-1955
-2018
-2231
-2319
-2298
-2419
-2276
-2314
-2165
-1990
-1910
-1681
-1669
-1591
-1553
-1655
-1609
-1750
-1821
-1813
-1939
-1734
-1694
-1487
-1194
-1101
-627
-477
-106
185
225
568
486
730
844
842
1141
1047
1346
1511
1669
2072
2069
2331
2326
2259
2362
2092
2030
1724
1332
1178
715
636
394
128
131
-236
-115
-254
-261
-160
-384
-256
-442
-393
-321
-378
-209
-239
-112
92
199
552
688
936
1182
1289
1609
1673
1897
1930
1938
1959
1843
1834
1661
1531
1302
1064
846
606
413
167
-23
-222
-371
-432
-527
-502
-555
-536
-535
-561
-480
-561
-522
-660
-742
-845
-1028
-1081
-1327
-1403
-1597
-1688
-1739
-1835
-1798
-1911
-1915
-2005
-2107
-2161
-2334
-2455
-2608
-2841
-2855
-3054
-2950
-2950
-2882
-2551
-2470
-1837
-1631
-1003
-619
-221
333
559
1128
1273
1702
1825
2119
2310
2536
2762
2837
3026
2943
3071
2929
2849
2654
2238
1970
1443
1038
673
80
-103
-712
-834
-1070
-1269
-1069
-1367
-1057
-1192
-1006
-764
-727
-361
-307
-76
223
347
833
1025
1343
1716
1836
2355
2464
2822
2949
2928
3000
2821
2719
2550
2167
1935
1456
1080
817
312
216
-305
-431
-731
-922
-912
-1151
-1073
-1282
-1276
-1303
-1345
-1225
-1304
-1197
-1230
-1193
-1056
-1137
-921
-1125
-974
-1114
-1136
-1064
-1359
-1201
-1629
-1574
-1827
-2008
-2036
-2441
-2428
-2763
-2896
-2979
-3257
-3196
-3392
-3368
-3217
-3185
-2724
-2496
-2013
-1490
-1060
-290
202
843
1484
1843
2541
2760
3194
3492
3515
3866
3633
3801
3620
3470
3441
3008
2863
2449
2050
1750
1156
822
308
-187
-435
-1016
-1093
-1465
-1551
-1529
-1695
-1371
-1355
-979
-677
-425
77
271
778
1121
1430
1931
2106
2599
2794
3101
3410
3465
3707
3547
3527
3330
2970
2731
2115
1693
1110
548
183
-456
-631
-1133
-1297
-1451
-1701
-1592
-1869
-1754
-1909
-1950
-1917
-2030
-1905
-1986
-1956
-1825
-1836
-1586
-1510
-1386
-1248
-1284
-1141
-1267
-1308
-1483
-1739
-1943
-2203
-2479
-2629
-2965
-3121
-3347
-3607
-3622
-3888
-3792
-3984
-3920
-3766
-3601
-3069
-2684
-2114
-1441
-741
175
1017
1820
2689
3220
3875
4208
4538
4862
4770
4882
4583
4416
4302
3957
3860
3296
2980
2497
1910
1526
760
287
-454
-1100
-1582
-2147
-2373
-2628
-2739
-2685
-2694
-2266
-1986
-1548
-1097
-847
-310
-67
483
814
1202
1707
2093
2760
3308
3984
4730
5191
5667
5776
5828
5761
5305
4889
3901
3185
2308
1513
856
83
-389
-880
-1193
-1386
-1553
-1572
-1615
-1839
-1865
-2263
-2235
-2485
-2723
-2828
-3151
-2942
-3029
-2722
-2581
-2429
-2100
-2040
-1844
-1852
-1955
-2047
-2363
-2656
-2965
-3257
-3467
-3797
-4044
-4267
-4434
-4360
-4409
-4405
-4325
-4206
-3844
-3482
-2991
-2498
-1872
-1235
-436
308
1272
2075
2864
3559
3909
4688
4960
5461
5524
5469
5509
5270
5303
4945
4563
4195
3515
3059
2365
1651
1142
161
-406
-1342
-1845
-2301
-2792
-2914
-3385
-3348
-3277
-3056
-2679
-2436
-2079
-1659
-1307
-689
-368
222
626
1090
1826
2412
3523
4383
5295
5881
6366
6764
6926
6831
6305
5481
4602
3792
2916
2224
1347
720
139
-356
-539
-817
-799
-1073
-1295
-1478
-1908
-1923
-2417
-2690
-3079
-3402
-3291
-3437
-3096
-3055
-2807
-2488
-2397
-1988
-1984
-2018
-2126
-2531
-2657
-2971
-3152
-3361
-3866
-3905
-4194
-4110
-3993
-4345
-4249
-4628
-4526
-4407
-4528
-4109
-4157
-3392
-2825
-2127
-923
-244
1197
2168
3045
4060
4430
5342
5543
5771
5975
5576
5928
5380
5402
5210
4740
4828
4062
3837
3065
2404
1780
581
-125
-1309
-2150
-2793
-3630
-3822
-4285
-4218
-4068
-3834
-3213
-2913
-2131
-1764
-1294
-762
-484
59
361
732
1236
1920
3073
4165
5312
6123
6710
7530
7830
7981
7522
6583
5670
4572
3731
2703
1736
916
-54
-318
-787
-831
-832
-1134
-1151
-1614
-1710
-2155
-2409
-2826
-3407
-3657
-3944
-3888
-3675
-3494
-3266
-2875
-2544
-2135
-1933
-1779
-1952
-2156
-2514
-2984
-3327
-3748
-4242
-4600
-4930
-5153
-5037
-5186
-5116
-5279
-5106
-5104
-5006
-4666
-4608
-3930
-3563
-2841
-2009
-1032
293
1469
2803
3696
4777
5859
6583
7272
7460
7481
7361
7163
6923
6491
6115
5522
4963
4427
3650
3096
2253
1235
131
-952
-1902
-2908
-3640
-4525
-5114
-5384
-5402
-5169
-4788
-4344
-3638
-2890
-2149
-1370
-649
52
540
1341
1915
2873
3863
4763
5549
6376
7158
7813
8212
8055
7844
7222
6724
5687
4950
3738
2663
1769
695
186
-490
-830
-1379
-1687
-1885
-2039
-2150
-2417
-2880
-2954
-3253
-3247
-3228
-3364
-3204
-3198
-2783
-2716
-2336
-2189
-2068
-1951
-2001
-2184
-2197
-2441
-2859
-3255
-3939
-4117
-4472
-4513
-5003
-5355
-5346
-5549
-5257
-5375
-5512
-5309
-5488
-5056
-4797
-4065
-3222
-2700
-1441
-788
991
2452
3615
4762
5309
6454
7117
7664
7813
7437
7444
6970
6662
6450
5651
5528
4699
4159
3354
2591
2108
807
-88
-1576
-2549
-3273
-4124
-4626
-5284
-5528
-5325
-4934
-4217
-3729
-2938
-2246
-1680
-781
-211
656
1197
1804
2496
3296
4457
5577
6640
7375
7994
8504
8798
8717
8274
7375
6275
5055
3781
2774
1608
649
-240
-1071
-1389
-1702
-1687
-2025
-2293
-2508
-2841
-2814
-3216
-3451
-3734
-4041
-4008
-3899
-3550
-3232
-2967
-2535
-2388
-1815
-1522
-1492
-1510
-2011
-2191
-2565
-2831
-3414
-3957
-4466
-4826
-4925
-4960
-5246
-5328
-5202
-5344
-4997
-5268
-5120
-5250
-5108
-4858
-4618
-3728
-3235
-2076
-1084
195
1839
3416
4627
5704
6607
7503
8070
8345
8328
7768
7690
6950
6670
6090
5402
4990
4141
3565
2632
2015
1079
-168
-1142
-2444
-3446
-4187
-4974
-5341
-5795
-5649
-5363
-4768
-3954
-3316
-2256
-1659
-823
20
805
1558
2316
3118
3914
4964
6243
7304
8142
8760
9095
9474
9250
8807
7786
6597
5233
3933
2744
1377
354
-631
-1398
-2006
-2258
-2430
-2641
-2930
-3196
-3472
-3595
-3838
-4095
-4363
-4580
-4502
-4307
-3842
-3508
-2967
-2559
-2113
-1674
-1318
-1177
-1370
-1642
-2067
-2305
-2655
-3200
-3867
-4407
-4729
-4782
-4742
-5093
-5467
-5506
-5352
-5064
-5167
-5404
-5682
-5553
-5289
-4987
-4322
-3995
-2985
-1930
-593
1050
2866
4734
5751
6991
7863
8842
9529
9373
9103
8335
7800
7280
6892
6255
5356
4806
3890
3126
2545
1826
742
-615
-1898
-2972
-3769
-4513
-5252
-5835
-6173
-5951
-5158
-4445
-3700
-2787
-1839
-1006
6
982
1672
2271
2901
3663
4637
5711
6743
7661
8426
9132
9682
9980
9517
8972
7958
6637
5251
3785
2396
798
-271
-1471
-2200
-2614
-2930
-3028
-3296
-3396
-3439
-3358
-3516
-3827
-3953
-4207
-4234
-4004
-3885
-3590
-3250
-2746
-2405
-1837
-1415
-1241
-1132
-1526
-1865
-2235
-2462
-2979
-3617
-4328
-5066
-5195
-5237
-5290
-5443
-5967
-6249
-6112
-5727
-5732
-5996
-6210
-6725
-6499
-6052
-5478
-4809
-4309
-3498
-2222
42
2567
4793
6006
6786
8251
10015
10882
10787
10131
9039
8548
8122
7861
7112
6146
5325
4247
3815
3164
2865
1808
-144
-1612
-2827
-3461
-4404
-5340
-6329
-7271
-6954
-6155
-5158
-4234
-3587
-2542
-1694
-476
725
1603
2060
1908
2631
3470
4777
6133
6878
7361
8126
9540
10326
10491
9781
8732
7615
6330
4832
3319
1588
-267
-1457
-2539
-2970
-3057
-3019
-3528
-3758
-3411
-3203
-2769
-3087
-3396
-3693
-3715
-3436
-3091
-2730
-2723
-2376
-1916
-1602
-910
-520
-742
-1230
-1857
-2087
-2346
-2542
-3437
-4406
-5012
-5235
-5007
-5136
-5675
-6279
-6423
-6593
-6235
-6307
-6524
-6807
-6774
-6644
-6848
-6336
-6198
-5409
-4756
-3952
-2561
-680
2136
4528
6270
7302
8799
10774
11896
11836
11118
10103
9363
8894
8281
7438
6152
5446
4768
4231
3828
3222
2613
959
-517
-1688
-2663
-3731
-5213
-6188
-7150
-7265
-6499
-5667
-4753
-3960
-2742
-1545
-379
872
1617
2215
2185
2380
3071
3808
4952
6002
6746
7301
8472
9816
10196
10177
9312
8042
6876
5199
3886
2090
438
-1344
-2422
-2937
-3431
-2829
-3186
-3142
-3085
-2544
-2088
-2077
-2042
-2782
-2832
-3053
-2890
-2608
-2604
-2517
-2344
-1934
-1680
-1187
-925
-1498
-1945
-2412
-2753
-2914
-3311
-4043
-4932
-5282
-5707
-5583
-5757
-6415
-6855
-7219
-7302
-7079
-6877
-7072
-7160
-7072
-6991
-6582
-5957
-5840
-5175
-4472
-3469
-1905
399
3282
5304
6886
8067
10086
11969
12496
12156
11134
10091
9369
8864
8113
6714
5710
4938
4166
3986
3462
3212
2084
521
-740
-1830
-2675
-4276
-5423
-6860
-7786
-7437
-6826
-5930
-5273
-4248
-2961
-1686
-162
869
1767
2078
2047
2680
3263
4362
5373
6159
6611
7352
9024
9860
10202
9660
8538
7567
6320
5022
3399
1750
46
-1363
-2017
-2587
-2429
-2274
-2665
-2575
-2222
-1561
-1346
-1453
-2019
-2688
-2720
-2856
-2702
-2739
-2890
-2790
-2484
-2079
-1631
-1001
-1127
-1711
-2214
-2568
-2788
-2904
-3610
-4805
-5535
-6075
-5903
-5746
-6085
-6713
-7117
-7073
-6987
-6606
-6805
-7262
-7441
-7600
-7290
-6688
-6513
-6029
-5536
-4439
-3226
-1192
1927
4234
6185
6937
8911
10937
12280
12339
11149
10459
9391
9358
8924
8146
7014
6285
5690
5203
5027
4706
3925
2107
437
-1045
-1865
-3464
-5051
-6709
-8074
-8361
-7845
-6812
-6215
-5304
-4060
-2698
-1214
316
1233
1742
1652
1977
2562
3467
4271
5095
6065
6599
8112
9575
10353
10351
9878
8795
7782
6476
4925
3129
1404
-345
-1590
-1982
-2658
-2256
-2613
-2705
-2585
-2039
-1549
-1770
-1733
-2663
-2892
-3065
-3088
-3008
-3089
-3015
-2890
-2364
-1916
-1336
-910
-1345
-1854
-2066
-2348
-2693
-3353
-4407
-5403
-5657
-5930
-6057
-6287
-6892
-7260
-7277
-6900
-6713
-6662
-6978
-7280
-7038
-7041
-6766
-6598
-6760
-6391
-5842
-4463
-2943
-163
3100
5009
6680
8203
10839
12831
13144
12517
11216
10722
10093
9763
9209
7473
6928
6347
6009
5719
5230
4900
2998
1531
-230
-1533
-2830
-5143
-6701
-8548
-9262
-8912
-8113
-7166
-6750
-5104
-3594
-2138
-275
608
1423
1417
1666
2062
2609
3619
4160
5439
6201
7377
9390
10392
10957
10912
10243
9205
7889
6609
4466
2780
787
-1035
-1643
-2606
-2541
-2816
-2956
-2905
-2360
-1680
-1971
-1830
-2608
-3123
-3398
-3630
-3761
-3973
-3737
-3650
-2985
-2433
-1888
-1193
-1240
-1673
-2110
-2437
-3020
-3455
-4118
-5207
-5695
-5911
-6003
-5857
-5926
-6183
-6147
-6137
-6016
-5769
-5764
-6193
-6364
-6467
-6743
-6569
-6902
-7024
-6518
-5517
-4395
-2739
-151
3044
5677
7287
9194
11467
13277
13081
12442
11506
10798
10206
9031
8099
6670
6324
6018
5500
5006
4259
4113
2766
1059
-457
-2097
-3588
-5789
-7347
-8806
-9615
-9228
-8779
-7653
-6719
-5041
-3035
-1629
-28
1029
1936
2235
2313
2833
2955
3966
4924
6045
7213
8297
10190
11165
11729
11488
10914
9826
8127
6449
4516
2632
837
-872
-2121
-2732
-2951
-2825
-3220
-3020
-2809
-2402
-2372
-2769
-2928
-3652
-3874
-4221
-4218
-4185
-3864
-3312
-2977
-2381
-1675
-1061
-954
-1396
-1922
-2175
-2611
-3203
-4035
-4655
-4958
-4683
-4513
-4681
-4724
-4662
-4584
-4504
-4546
-5078
-5567
-6183
-6737
-7124
-7315
-7944
-8350
-8539
-8139
-6833
-5518
-3488
-545
3172
5246
7307
9745
11829
13564
13094
12397
11319
10857
10299
9491
8947
7257
7288
7126
6620
6436
5762
5184
3227
1799
-116
-2122
-3877
-6699
-8361
-10045
-10833
-10369
-9760
-8765
-7892
-5687
-3817
-2253
-277
304
1094
1379
1652
2014
2164
2885
3220
4549
6008
8079
10488
11537
12417
13094
13250
12680
11223
9125
6365
4015
2004
-369
-1932
-3349
-4067
-4515
-4788
-4223
-3695
-3113
-3374
-3345
-3399
-3779
-3815
-4273
-4850
-5245
-4891
-4304
-3607
-2792
-2145
-1513
-1032
-611
-496
-643
-1231
-1870
-2405
-3040
-3211
-3433
-3628
-3903
-4034
-4010
-4384
-4149
-4158
-4463
-4937
-5617
-5728
-6080
-6100
-6666
-7465
-7901
-8280
-7661
-7288
-6620
-5670
-4044
-1263
1889
4896
6513
8125
10160
11882
12539
12050
11329
10327
9555
8798
8253
7578
6760
6281
5592
5196
4646
4349
3139
1068
-760
-2696
-4102
-5964
-7422
-8820
-9768
-9529
-8782
-7312
-6055
-4571
-2988
-1717
-76
1252
2156
2435
2189
2573
2872
3851
4830
5818
6957
8094
10234
11561
12532
12802
12331
11438
9962
8367
6300
4033
1636
-657
-2236
-3398
-4092
-4287
-5012
-5127
-4825
-4259
-3888
-3903
-3900
-4421
-4375
-4539
-4471
-4230
-4181
-3781
-3411
-2708
-1870
-894
-254
-107
-42
-121
-169
-257
-752
-1576
-2469
-3027
-3146
-3387
-3918
-4470
-4956
-4963
-4891
-5185
-5363
-5633
-5708
-6024
-6069
-6276
-6859
-7176
-8175
-7949
-7440
-6904
-5660
-3847
-667
2102
4750
6691
8688
11183
12007
12163
11512
10518
10027
9124
8307
6958
6082
5686
4874
4846
4028
3660
3132
1563
220
-1692
-3047
-5068
-6744
-8160
-9759
-9547
-9295
-8217
-6939
-5616
-3544
-1898
114
1340
2547
3382
3279
3814
3887
4528
5452
6297
7513
8510
10250
11471
12192
12557
11873
11103
9493
7509
5464
3067
1041
-1262
-2811
-3909
-4582
-4507
-4989
-4821
-4557
-4050
-3695
-3784
-3780
-4316
-4414
-4662
-4693
-4453
-4189
-3591
-2968
-2003
-976
276
1118
1312
1496
1355
1093
496
-438
-1461
-2457
-2927
-3553
-3988
-4380
-4778
-4626
-4879
-4915
-4978
-5298
-5450
-5998
-6378
-7151
-7827
-8263
-9187
-9503
-9575
-8935
-7564
-5613
-2112
1083
3419
5817
8282
11299
12352
12350
11790
10339
9963
8727
8492
7198
5870
5823
5073
5573
4961
5132
4358
2413
1280
-905
-2302
-4684
-7052
-8797
-10986
-11041
-10880
-9800
-8690
-7648
-4889
-3381
-725
1057
2254
3311
3144
4033
3826
4551
5020
5550
6943
7678
9827
11405
12283
13067
12872
12378
10936
9302
7039
4329
2252
-570
-2329
-3700
-4857
-5091
-5543
-5405
-5050
-4259
-3952
-3759
-3476
-3942
-3885
-3971
-4294
-4301
-3934
-3448
-2865
-1740
-659
694
1674
1965
2110
2211
1963
1167
382
-1056
-1909
-2381
-2999
-3496
-3943
-4005
-4540
-4695
-5200
-5394
-5518
-6464
-7223
-7857
-8029
-8512
-9093
-9904
-10204
-9742
-8811
-7687
-5650
-2249
1309
4026
5392
7943
10563
12648
12458
11116
10443
9557
9773
8939
8339
7031
6517
6798
6194
6270
5588
5032
3156
888
-815
-2823
-4617
-7226
-9540
-11095
-11881
-10849
-9898
-8901
-7670
-5666
-3086
-1465
601
1672
2541
2918
3058
3774
4299
5470
6019
6670
7933
9934
12159
12887
12930
12680
12290
11560
9529
7573
4765
2384
394
-1685
-2896
-4053
-4173
-5200
-5223
-4979
-4461
-3692
-4152
-4158
-4613
-4168
-4108
-3929
-3956
-4042
-2962
-2303
-1249
-300
738
1379
1601
2024
1842
1931
1387
287
-711
-1872
-2106
-2623
-3129
-3896
-4369
-4124
-4531
-4487
-5238
-5728
-6033
-6740
-7022
-7832
-7859
-8019
-8440
-8875
-9430
-9147
-8728
-7928
-6710
-4773
-1704
1177
3208
5450
7548
9970
11228
10969
10730
9834
9899
9237
8773
8024
6877
7043
6178
6026
5433
4906
4165
2115
717
-1304
-2769
-4561
-6967
-8429
-10043
-9997
-9518
-8893
-7684
-6649
-4178
-2756
-807
1012
1892
3199
3111
3936
4394
5350
6323
6474
7525
8133
10347
11894
12082
12063
11428
11084
10246
8817
6525
4032
1782
-157
-1738
-2807
-4115
-4533
-5086
-5699
-4964
-4755
-4071
-4431
-4487
-4570
-4344
-3576
-3840
-3372
-3517
-2753
-1750
-819
190
785
1628
1649
1866
2080
1880
1291
124
-1094
-2187
-2460
-2897
-3458
-3931
-4577
-4583
-4606
-4637
-5238
-5310
-6011
-6638
-6642
-7268
-7492
-8188
-8877
-9879
-10103
-9974
-9454
-8202
-6326
-3635
-288
2048
4336
7254
9187
10908
10607
10789
9730
9549
9300
8098
8006
6391
6785
6202
6174
5900
5336
5204
3091
2151
327
-1550
-3332
-5916
-7641
-9379
-9691
-9359
-8952
-7567
-6742
-4377
-2574
-753
1226
2083
3178
3068
3821
4033
4620
5578
5822
6841
7862
9716
11259
12022
12416
12044
11842
10782
9232
7383
4702
2583
238
-1498
-2954
-3857
-4438
-5237
-5244
-5110
-4494
-4152
-4103
-4262
-4327
-4230
-4089
-3933
-3810
-3443
-2801
-1974
-1039
131
1147
1747
2097
2423
2335
2201
1395
367
-769
-1867
-2524
-3330
-3541
-4115
-4443
-4685
-4980
-4649
-4889
-5285
-5974
-6863
-7407
-7951
-8102
-8683
-9623
-10081
-10827
-10607
-10051
-9211
-7464
-6041
-3108
-193
2642
5343
7211
9675
10281
10792
10758
10073
10060
8920
8554
7688
6796
6927
6251
6246
5374
4737
4364
2580
1808
-377
-2031
-3970
-6243
-7077
-8776
-8642
-8778
-8009
-6684
-5532
-3042
-1749
200
1516
2378
3369
3525
4264
4280
4705
5430
6203
7538
8144
9680
10787
11649
12335
11917
11433
9961
8723
6614
4333
2027
-466
-1832
-3669
-4463
-5218
-5478
-5588
-5596
-4984
-5001
-4045
-4090
-3814
-3776
-3699
-3102
-2908
-2117
-2097
-1140
-499
392
1425
1889
2474
2393
2279
1461
1032
434
-621
-1435
-2527
-3019
-3293
-3563
-4079
-4706
-4993
-5734
-5906
-6487
-7417
-7884
-8740
-9271
-9721
-10071
-10483
-10970
-11086
-11141
-10325
-8846
-7379
-4560
-1785
866
3653
6225
8941
10732
11739
11668
11363
11153
10423
9754
9015
7499
6869
6142
5609
5358
4623
4162
2566
1694
40
-1448
-2879
-5263
-6596
-8131
-8658
-8664
-8112
-7007
-5959
-3926
-2231
-333
1667
2631
3750
4100
4656
5104
5588
6464
6888
8181
8939
10388
11669
12150
12642
12108
11491
10142
8429
6491
4004
1928
-449
-2315
-3750
-5077
-5375
-6131
-6213
-6104
-5807
-5163
-4965
-4375
-4310
-3830
-3556
-3179
-2503
-2091
-1280
-573
300
1115
2023
2623
2865
3026
2706
2318
1604
815
-94
-1024
-1650
-2366
-2684
-3347
-4023
-4530
-5129
-5559
-6295
-6858
-7648
-8412
-8978
-9708
-10081
-10545
-11099
-11505
-11914
-11661
-11054
-9850
-8461
-6343
-3023
103
3081
5526
8099
10411
11975
12476
12162
11620
10884
10163
9336
8321
7155
6715
6045
5654
5194
4726
4034
2594
1267
-692
-2281
-4237
-6307
-7831
-9197
-9481
-9207
-8321
-7081
-5598
-3375
-1662
354
2140
3281
4434
4808
5344
5554
6166
6745
7307
8525
9276
10830
12227
12939
13371
12972
12243
10727
8870
6226
3265
851
-2050
-3946
-5534
-6782
-7306
-7564
-7336
-6938
-5774
-5082
-4275
-3675
-3443
-2911
-2649
-2436
-2329
-1839
-1615
-1098
-134
646
1643
2250
2608
2729
2621
2278
1477
645
-473
-1465
-2122
-2875
-3624
-4309
-5057
-5651
-6056
-6548
-7067
-7802
-8237
-8895
-9209
-9571
-10383
-10577
-11254
-11442
-11566
-11230
-10346
-9367
-7136
-4537
-1079
1832
4153
6966
9310
11374
12183
12142
11705
10821
10372
9383
8567
7586
6655
6343
5631
5567
5120
4687
3681
2022
669
-1233
-2769
-4774
-6705
-8095
-9010
-8719
-8184
-7029
-5554
-3920
-1773
24
2060
3475
4446
5118
5298
5783
6100
6773
7168
7852
8848
10045
11444
12229
12638
12491
11868
10638
8767
6388
3640
971
-1478
-3777
-5259
-6562
-7132
-7380
-7285
-6618
-5919
-4763
-4272
-3464
-3097
-2696
-2347
-2238
-1841
-1665
-999
-591
422
1354
2261
3046
3280
3448
3105
2862
1876
731
-290
-1439
-2042
-2948
-3700
-4471
-5185
-5573
-6173
-6471
-7249
-7892
-8420
-9328
-9668
-10220
-10645
-11119
-11734
-11884
-12177
-11500
-10909
-9684
-7445
-4892
-1286
1181
4037
6705
9348
11513
11831
12222
11353
11014
10518
9523
9045
7664
7369
6810
6388
6432
5553
5409
3706
2254
635
-1549
-2945
-5642
-7105
-8909
-9522
-8999
-8732
-7173
-6081
-3903
-1945
7
2041
3058
4359
4669
5060
5443
5697
6626
7348
8398
9168
10509
11883
12715
13274
12439
11563
9846
7923
5552
2823
328
-2616
-4108
-5909
-6486
-6839
-7119
-6637
-6573
-5196
-4856
-3766
-3582
-3432
-2955
-3093
-2269
-2280
-1379
-1092
-194
875
1851
3189
3636
4081
3747
3562
2982
2079
937
-600
-1756
-2836
-3556
-4132
-4920
-5564
-6308
-6684
-7198
-7745
-8306
-9321
-9991
-10872
-11274
-11618
-12103
-12254
-12685
-12333
-11459
-10013
-7690
-5036
-1542
1082
3690
6554
8958
11448
11952
11946
11408
10710
10670
9769
9464
8164
7333
7299
6565
7025
6030
5624
4350
2518
1361
-1196
-2428
-5233
-7129
-8739
-10101
-9465
-9436
-8009
-7066
-5246
-2892
-1151
1517
2571
3790
4559
4813
5717
5721
6537
6521
7241
8358
9387
11328
11951
12873
12858
12451
11602
9911
7933
4995
2323
-565
-2950
-4671
-6209
-7005
-7488
-7516
-7038
-6025
-5027
-4328
-3674
-3268
-2807
-2358
-2066
-1984
-1785
-1445
-777
99
1031
1860
2626
3203
3390
3450
3094
2542
1398
149
-1171
-2228
-3070
-4049
-4795
-5671
-6151
-6554
-6813
-7328
-8051
-8676
-9518
-10138
-10701
-11012
-11487
-12039
-12612
-12784
-11781
-10330
-8292
-5822
-2791
169
2923
5955
8581
10743
11767
11676
11380
10906
10687
10226
9413
8546
7424
7450
7199
7268
6940
5902
5068
3369
2155
62
-1869
-4293
-6835
-8388
-9854
-9889
-9493
-8766
-7561
-6073
-3848
-1746
457
2044
2787
3974
4329
5072
5416
5784
6402
6674
7866
8826
10433
11427
12263
12934
12523
12134
10895
9028
7005
4211
1598
-1074
-3254
-4836
-6257
-6545
-7394
-6862
-6288
-5624
-4516
-4345
-3436
-3329
-2546
-2357
-2151
-1856
-1921
-1078
-832
59
588
1357
1910
2324
2635
2317
2327
1505
668
-597
-1744
-2655
-3644
-4357
-5267
-6020
-6523
-6987
-7265
-7722
-8248
-8729
-9781
-10151
-10718
-10926
-11136
-11939
-12144
-11907
-10259
-8196
-5519
-2481
76
2746
5577
8042
10299
11230
11172
10893
10089
10286
9680
9531
8677
7627
7768
7095
7832
7179
6442
5252
3334
2340
29
-1528
-4290
-6809
-8384
-10092
-9938
-9910
-8959
-7933
-6584
-4317
-2585
158
1458
2573
3451
3760
4712
4826
5588
5508
5935
6935
8326
10653
11753
12859
13233
13016
13177
11893
10236
7420
4298
1739
-1265
-2572
-5063
-6015
-7058
-7696
-6597
-6472
-4837
-4988
-4080
-4058
-3733
-3012
-3421
-2885
-3770
-3286
-3097
-2090
-1072
-389
626
903
2088
2397
2784
2598
1659
806
-708
-1302
-2379
-3228
-4190
-5471
-5555
-6070
-5743
-6410
-6995
-7490
-8243
-8342
-9218
-9628
-10580
-11058
-11476
-11568
-10770
-9519
-7348
-4566
-1409
1514
4325
7126
9289
10945
11609
11397
11001
10106
9813
8855
8571
7701
7276
7403
6831
7350
6473
6317
4923
3573
2063
-341
-2013
-4913
-6715
-8653
-9952
-10163
-10135
-9045
-7957
-6199
-4199
-2414
-123
1105
2436
3286
3824
4485
4526
5315
5397
6392
7420
8655
10144
11199
12685
13051
13540
12906
11647
10163
7757
5524
2726
186
-2289
-4231
-5357
-6543
-6577
-6577
-6233
-5477
-5192
-4427
-4074
-3832
-3850
-3947
-3845
-4075
-3654
-3471
-3150
-2294
-1690
-711
112
789
1103
1348
1400
1093
716
-142
-1183
-2267
-2925
-3841
-4392
-5118
-5851
-6095
-6683
-6792
-7343
-7728
-8366
-9105
-9370
-10160
-10197
-10336
-10216
-9107
-7936
-5344
-2375
729
3379
5536
8171
9661
11273
11356
10729
10136
9269
9078
8438
8149
7133
7050
6822
6700
6680
5929
5293
3477
2189
7
-1654
-3659
-6131
-7774
-9676
-10032
-10127
-9451
-8544
-7579
-5649
-4060
-2011
-242
800
2016
2567
3273
3795
4545
5261
5633
6981
8040
9817
11482
12724
13568
13934
13848
12857
11746
9373
7026
4355
1750
-674
-2699
-4037
-5533
-5718
-6268
-5836
-5301
-5047
-4575
-4679
-4296
-4697
-4438
-4846
-5114
-4954
-4958
-4290
-3702
-2655
-1976
-916
-260
161
815
936
836
326
-402
-1043
-1669
-2009
-2917
-3516
-4132
-4921
-4897
-5883
-6142
-6935
-7441
-7965
-8786
-8859
-9698
-9391
-9565
-9234
-8096
-6743
-4327
-1634
825
3077
5374
7648
9484
10392
10751
9975
9701
9300
8585
8656
7576
7201
6739
6443
6761
6018
6016
4258
3141
1721
-435
-1457
-4198
-5666
-7790
-8883
-9304
-9637
-8576
-8492
-6997
-5774
-4257
-2225
-977
336
941
1828
2519
3157
4431
4737
5860
7115
8485
10211
11532
13077
13430
14173
13467
12741
11660
9465
7548
4782
2804
341
-817
-2460
-3690
-4114
-4890
-4314
-4544
-4135
-4434
-4370
-4514
-4984
-4728
-5453
-5256
-5491
-5356
-4886
-4263
-3173
-2655
-1760
-1498
-1109
-669
-469
-496
-1005
-1338
-1913
-2028
-2246
-2582
-3047
-3650
-4149
-4711
-5010
-5755
-6330
-6983
-7666
-8008
-8406
-8610
-8536
-8114
-7485
-6518
-5050
-3050
-367
1912
3609
5408
7029
8732
9647
9924
9285
8813
8601
8073
8098
7229
6852
6261
5950
5846
5220
5001
3510
2231
534
-1234
-2480
-4438
-5804
-7532
-8457
-8607
-8642
-7725
-7474
-6294
-5280
-4177
-2566
-1761
-435
-132
690
1207
2002
3494
4036
5450
6446
8296
10205
11747
13157
13366
13854
13403
12684
11491
9304
7358
4901
2886
1053
-617
-1570
-2884
-3411
-3851
-3776
-3488
-3700
-3574
-4229
-4351
-4687
-4974
-5397
-5960
-5957
-6114
-5534
-5108
-4271
-3571
-2922
-2358
-2095
-1572
-1528
-1508
-1901
-2121
-2192
-2220
-2262
-2633
-2851
-3131
-3274
-3703
-4294
-4981
-5641
-6063
-6641
-6974
-7454
-7600
-7478
-7168
-6225
-5228
-3560
-1560
835
2816
4251
6128
7391
8705
9089
8977
8649
8205
8279
7625
7641
6834
6450
6140
5590
5553
4643
4250
2701
1478
-49
-1688
-2892
-4810
-6044
-7431
-8020
-7985
-7795
-7057
-6519
-5475
-4331
-3359
-1989
-1496
-692
-375
57
649
1193
2538
3090
4580
6010
7875
9758
11200
12493
12937
13269
12884
11953
10666
8827
6815
4948
2806
1398
-148
-992
-1849
-2510
-2423
-2725
-2269
-2771
-2848
-3347
-3943
-4104
-4866
-5149
-5783
-5825
-5826
-5529
-4881
-4442
-3730
-3271
-2888
-2612
-2348
-2308
-2523
-2879
-3273
-3413
-3414
-3194
-3127
-3204
-3249
-3415
-3362
-3662
-4044
-4715
-5734
-6142
-6821
-6871
-7276
-7397
-7052
-6550
-4857
-3686
-1197
1108
3207
4936
6315
8035
8910
9674
9113
8533
7962
7814
7508
7331
6736
6040
6055
5524
5571
4786
4221
2925
1431
168
-1635
-2733
-4546
-6052
-7192
-8051
-7805
-7571
-6929
-6235
-5377
-3996
-3108
-1761
-1110
-686
-233
-140
311
640
1605
2237
3158
4880
6622
8807
10483
11882
12658
13137
13247
12189
11202
9028
7126
5106
3211
1601
116
-484
-1648
-1633
-1895
-1506
-1294
-1418
-1683
-2409
-2738
-3642
-4134
-5196
-5897
-6299
-6353
-6159
-5668
-5019
-4463
-3810
-3308
-2966
-2643
-2412
-2783
-3078
-3581
-3654
-3961
-3815
-4118
-4314
-4080
-4164
-3680
-3974
-3894
-4462
-4682
-5011
-5608
-5715
-6473
-6578
-6636
-5967
-5162
-3887
-2151
109
2546
4182
6129
7398
9090
9587
9758
9328
8367
8487
7337
7332
6381
5774
5685
4910
5221
4129
4030
3059
1570
695
-1421
-2305
-4249
-5651
-6874
-8101
-7771
-8198
-7180
-6713
-5651
-4235
-3385
-1783
-1269
-234
-15
211
509
397
1386
1763
2718
3828
5129
7209
8607
10536
11164
11895
12140
11496
11064
9159
7876
5637
4046
2302
796
183
-937
-989
-1517
-1083
-915
-790
-784
-1501
-1854
-2777
-3289
-4181
-5050
-5524
-6084
-5913
-5786
-5213
-4641
-4159
-3511
-3348
-2689
-2602
-2519
-2752
-3274
-3500
-3883
-3775
-4036
-3989
-4245
-4294
-4076
-3980
-3903
-4036
-4191
-4825
-4880
-5398
-5557
-5925
-6195
-6019
-5794
-4477
-3419
-962
1461
3336
5401
6856
8686
10022
10435
10277
9230
8799
8099
7433
7351
5889
5838
5124
4897
5000
4223
4173
2416
1632
-117
-1670
-2684
-5044
-6206
-7980
-8565
-8568
-8404
-7349
-7029
-5366
-4353
-2929
-1330
-777
258
113
548
382
843
1621
1879
3065
3825
5646
7588
9273
10599
11150
11573
11420
10975
9962
8099
6440
4388
2595
1288
126
-564
-1251
-1403
-1453
-898
-509
-392
-647
-1299
-2030
-2795
-3477
-4568
-5280
-6075
-6267
-6156
-5625
-4956
-4409
-3734
-3400
-2918
-2519
-2277
-2464
-2813
-3361
-3647
-3990
-3946
-4174
-4353
-4310
-4508
-3930
-3959
-3614
-3664
-3833
-4216
-4649
-4764
-5449
-5688
-5978
-5853
-5464
-4364
-3083
-833
1748
3678
5662
7241
8924
10087
10661
10310
9450
8814
8104
7310
6965
5877
5436
5178
4707
4820
4169
4053
2712
1692
243
-1504
-2544
-4704
-6129
-7681
-8512
-8650
-8386
-7518
-6877
-5506
-4149
-2902
-1249
-433
308
604
774
951
1098
1982
2215
3295
4218
5679
7556
9062
10523
10955
11461
11039
10561
9376
7710
5817
3704
1940
342
-456
-1376
-1646
-1946
-1767
-1379
-1001
-667
-1101
-1474
-2421
-3104
-3904
-4782
-5545
-6174
-6436
-6336
-5784
-5025
-4286
-3704
-3195
-2964
-2384
-2244
-2288
-2810
-3339
-3870
-4193
-4170
-4550
-4692
-4965
-4818
-4911
-4380
-4323
-4001
-4083
-4584
-4646
-5129
-4987
-5515
-5213
-5500
-4910
-3784
-2216
320
2463
4398
5833
7912
9257
10705
10839
10419
9548
9022
8521
7725
7390
6047
5707
5106
4996
4726
4431
3759
2381
1330
-239
-1460
-2953
-4744
-6431
-7758
-8429
-8448
-7934
-7288
-6588
-5311
-4135
-2498
-1097
-221
331
702
1165
1340
2161
2617
3364
4199
5359
6753
8370
9944
10662
11134
11063
10750
10084
8898
7040
5202
3161
1640
291
-587
-1418
-2011
-1900
-2136
-1396
-1386
-1242
-1583
-2225
-2656
-3509
-3840
-4917
-5487
-6010
-6230
-5792
-5331
-4662
-4203
-3646
-3214
-2652
-2040
-2030
-2356
-2825
-3352
-3679
-3806
-4146
-4701
-4962
-5114
-4888
-4722
-4573
-4527
-4616
-4636
-5054
-5038
-5502
-5819
-5849
-5985
-5321
-4675
-3246
-1377
944
3370
4856
6970
8402
9845
10740
10347
10033
8954
8759
7832
7374
6687
5673
5763
5073
5328
4732
4460
3508
2111
1103
-839
-1959
-3984
-5639
-7117
-8391
-8558
-8702
-7971
-7355
-6314
-4891
-3749
-1962
-961
-91
543
862
1301
1594
2443
2971
3806
4874
6067
7846
9480
10726
11365
11509
11392
10806
9812
8048
6133
4058
2155
701
-502
-1314
-2011
-2179
-2483
-1996
-1735
-1458
-1572
-2106
-2576
-3278
-3526
-4429
-4913
-5677
-5863
-5819
-5325
-4709
-4208
-3484
-3235
-2514
-2193
-1754
-1963
-2331
-2784
-3264
-3445
-3694
-4082
-4391
-4604
-4696
-4462
-4600
-4445
-4742
-4788
-4981
-5221
-5195
-5957
-6072
-6405
-6358
-5698
-5232
-3767
-2186
335
2508
4414
6781
8083
9979
10478
10594
10234
9465
9243
8052
7823
6574
6073
5899
5264
5494
4746
4727
3716
2872
1790
-67
-1115
-3370
-4923
-6611
-7937
-8335
-8839
-8241
-7963
-6808
-5380
-4203
-2200
-1400
-160
510
1073
1743
1830
2669
2459
3496
4479
5901
7661
8775
10157
10851
11947
11916
11494
10334
8601
6942
5067
3277
1457
15
-1322
-2133
-2438
-2492
-2234
-1970
-1980
-2009
-2183
-2322
-2855
-3459
-4377
-5073
-5370
-5660
-5415
-5258
-4837
-4395
-3658
-3046
-2403
-1930
-1842
-1850
-1914
-2088
-2368
-2610
-3307
-3548
-3860
-3731
-3835
-3795
-4064
-4294
-4062
-4527
-4287
-4969
-5137
-5768
-5933
-6040
-6160
-5516
-5620
-4563
-3814
-1917
133
2555
4094
5479
7029
8118
9500
9388
9277
7992
7908
7196
6876
6757
5679
5686
4949
5103
4783
4592
4057
2478
1495
-253
-1540
-2795
-4826
-6128
-7692
-7966
-8167
-7666
-6773
-6232
-4586
-3828
-2141
-931
118
825
1023
1460
1455
2218
2687
3178
4244
5261
6760
8292
9691
10898
11374
11548
10834
10110
8907
7235
5294
3244
1397
180
-844
-1628
-2083
-2491
-2160
-2220
-1605
-1829
-1870
-2344
-3030
-3462
-4318
-4585
-5301
-5524
-5930
-5607
-5158
-4486
-3786
-3302
-2692
-2242
-1546
-1235
-1134
-1286
-1885
-2221
-2736
-2949
-3157
-3769
-3964
-4441
-4164
-4277
-3991
-4372
-4594
-4688
-4737
-4737
-5208
-5420
-6138
-5603
-6055
-5118
-4875
-3542
-1888
47
2369
3396
5908
6524
8323
8412
8639
8201
7608
7452
6287
6398
5295
5335
4897
4683
4543
4287
4073
3207
2284
1054
-643
-1811
-3590
-5171
-6269
-7544
-7472
-7773
-6627
-6147
-4794
-3461
-2461
-517
251
1366
1568
1892
1880
2194
2609
2737
3309
4291
5445
7049
8762
9772
10821
11108
11075
10542
9727
8104
6258
4307
2260
777
-376
-1341
-2203
-2325
-2742
-2137
-1737
-1596
-1568
-2138
-2405
-3315
-3505
-4476
-5127
-5534
-6072
-5623
-5225
-4283
-3622
-2807
-2071
-1371
-601
-119
-262
-429
-996
-1635
-1994
-2677
-2948
-3599
-3708
-4140
-4119
-3872
-3709
-3743
-3855
-4193
-4404
-4234
-5220
-5059
-6365
-6269
-6525
-6344
-5111
-5046
-2172
-1187
1329
3168
4432
6967
7374
8636
8323
7890
8111
7051
7241
6349
5628
5907
4837
5672
4843
4909
4515
3066
2799
498
-127
-2192
-3854
-5332
-7119
-7309
-8031
-7437
-7080
-6242
-4673
-3713
-1805
-765
366
1246
1476
2171
1838
2726
2659
3386
4164
4816
6552
7487
9114
9737
10517
10561
10379
9791
8528
7144
5518
3598
2041
679
-746
-1396
-2323
-2531
-2813
-2546
-2620
-2578
-2731
-3211
-3522
-3936
-4354
-4852
-4855
-5219
-4759
-4442
-3565
-2797
-1941
-1233
-769
59
283
540
256
-113
-838
-1190
-1815
-2483
-2819
-3457
-3785
-3997
-4175
-4287
-4275
-4329
-4692
-4850
-4879
-5429
-5532
-6057
-6860
-6763
-7110
-6607
-5981
-5115
-3283
-1871
851
2104
4244
6084
6658
8361
7878
8435
7903
7554
7326
6277
6607
5568
5686
5466
4767
4931
3990
3459
2100
805
-607
-2640
-3726
-5869
-6758
-7714
-8071
-7717
-7403
-5985
-5224
-3281
-2217
-848
550
1045
2078
2111
2630
2893
3446
4446
4778
6361
7188
8565
9859
10356
11116
10663
10669
9321
8446
6798
4998
3575
1567
422
-1112
-1682
-2709
-2890
-3223
-3504
-3393
-3757
-3820
-4209
-4476
-4845
-5078
-5225
-5203
-4824
-4202
-3621
-2538
-1752
-752
92
815
1368
1519
1650
1158
886
240
-295
-986
-1732
-2332
-2800
-3127
-3516
-3863
-4274
-4509
-4898
-5012
-5508
-5942
-6426
-7121
-7332
-7916
-7836
-7940
-7664
-6694
-5658
-3447
-1605
441
2283
3959
5884
7216
8164
8510
8276
8398
8048
7872
7711
6868
6864
5951
5952
5364
4922
4385
2828
1925
5
-1028
-2693
-4299
-5785
-7226
-7731
-8090
-7669
-7138
-6450
-5237
-4084
-2555
-1246
-18
913
1405
2160
2357
3341
3856
4709
5462
6394
7721
8776
10319
10790
11295
11129
10569
9910
8771
7287
5444
3433
1647
9
-1012
-2159
-3214
-3704
-4397
-4197
-4299
-4232
-4465
-4667
-4782
-5067
-4835
-4986
-4701
-4440
-3989
-3246
-2290
-1057
-309
596
967
1466
1968
1943
1742
826
293
-545
-928
-1446
-2179
-2560
-3099
-3340
-3618
-3797
-4101
-4590
-5210
-5937
-6632
-6729
-7565
-7955
-8834
-9133
-8717
-8284
-6885
-6403
-4271
-2699
-272
2036
3532
5661
6466
7888
8127
8461
8685
8265
8341
7548
7186
6993
6453
6296
5263
4639
3767
2761
1979
113
-937
-2768
-4008
-5188
-6436
-6798
-7432
-6958
-6857
-6057
-4935
-3895
-2408
-1554
-432
472
1228
2058
2247
2894
3376
4152
5179
5812
7134
7986
9504
10380
10957
11066
10659
10170
9031
7856
5792
4156
1790
430
-1346
-2357
-3431
-4520
-4579
-5463
-4565
-5017
-4421
-4641
-4670
-4326
-4507
-3790
-4132
-3428
-3361
-2630
-1916
-1036
-108
549
1192
1313
1716
1861
1857
1466
777
-121
-572
-938
-1168
-1753
-2316
-2905
-3268
-3219
-3730
-4125
-4918
-5877
-6311
-6905
-7173
-7850
-8558
-9166
-9578
-8869
-8564
-7426
-6699
-5339
-3396
-1033
1389
3213
5135
6069
7761
8429
9305
9256
9074
8598
7753
7768
6753
6674
5626
4813
4072
3340
3072
2022
1245
-344
-1615
-2500
-3730
-4258
-5336
-5811
-6135
-5947
-4992
-4443
-2959
-2424
-1306
-235
590
1805
2176
2728
2748
3165
3919
4479
5716
6533
7457
8650
9549
10544
11048
10969
10020
8972
7308
5857
3805
2003
-368
-2285
-3329
-4960
-4622
-5773
-5367
-5559
-5167
-4354
-4258
-3089
-3727
-2963
-3326
-2901
-2440
-2138
-1586
-1467
-599
-184
942
1471
1728
1715
1589
1547
1351
1053
283
-499
-1127
-1666
-1961
-2508
-3056
-3745
-4189
-4512
-4921
-5140
-5793
-6281
-6925
-7398
-7801
-8376
-8882
-9473
-9878
-9519
-9279
-8078
-6882
-5318
-2886
-898
2054
3834
6180
7589
8513
9506
9053
9251
8428
7771
6968
5987
5604
4860
4742
4377
3854
3868
3131
2844
1776
725
-460
-1930
-2755
-4352
-4711
-5509
-5348
-4937
-4407
-3183
-2461
-902
-138
999
1773
2165
2770
2898
3275
3681
4204
4982
5623
6766
7777
8724
9644
9727
9769
9143
8259
6791
5131
3176
1127
-601
-2282
-3610
-4550
-5116
-5564
-5359
-5172
-4547
-3960
-3403
-3128
-2710
-2426
-2264
-1942
-1960
-1585
-1364
-538
-169
692
1156
1484
1967
1847
2057
1655
1491
763
215
-386
-1047
-1588
-2210
-2922
-3498
-3975
-4558
-4660
-5387
-5693
-6518
-7067
-7586
-8150
-8303
-9249
-9494
-10079
-10002
-9494
-9011
-8154
-7081
-5391
-3242
-583
1882
4146
5863
7616
8635
9657
9910
9397
9010
7917
7516
6891
6597
5939
5401
5051
4538
4610
4130
3429
2455
1208
-79
-1145
-2283
-3534
-4575
-5200
-5620
-5092
-4399
-3561
-2453
-1571
-401
676
1886
2492
3009
3281
3416
3848
4356
4719
5327
5885
6469
7332
7741
8327
8236
8057
7163
5955
4944
3260
2122
291
-1366
-2683
-3848
-4077
-4669
-4527
-4650
-4207
-3379
-2818
-1841
-1699
-1148
-1256
-925
-767
-553
-204
-309
135
110
780
982
1245
1200
794
741
409
344
-77
-673
-1314
-2101
-2620
-3133
-3772
-4444
-5301
-6082
-6565
-7086
-7436
-7819
-8444
-8607
-9134
-8613
-8723
-8502
-8227
-8744
-7588
-7559
-5879
-5048
-3859
-1937
-685
2448
3663
5890
7079
7762
9084
8816
9427
8641
8259
7673
6539
6592
5430
5405
4720
3900
3627
2725
2718
1464
880
-486
-1608
-2061
-3311
-3481
-4335
-4244
-4113
-3558
-2484
-1973
-490
109
1132
2126
2559
3612
3657
4213
4277
4713
5489
5456
6366
6096
6553
6593
6362
6234
5120
4640
3102
2330
1062
-38
-776
-1968
-2396
-3170
-2996
-3078
-2831
-2597
-2575
-1955
-1780
-1189
-1058
-891
-675
-603
-75
53
570
888
1083
1482
1489
1801
1694
1559
1155
538
280
-395
-812
-1454
-2200
-2795
-3442
-3997
-4585
-5221
-5882
-6493
-7143
-7461
-7951
-7908
-8198
-8338
-8063
-8230
-7413
-7469
-7071
-7017
-7036
-6244
-6028
-4635
-3950
-2618
-815
708
2984
4604
6200
7396
8026
8704
8666
8629
8334
7349
6958
5854
5384
4951
4236
4048
3195
3108
2536
2201
1739
720
97
-1143
-1875
-2586
-3108
-3313
-3537
-3136
-2672
-1589
-535
441
1550
2226
3107
3498
3926
3990
3938
3915
3425
3431
3394
3855
4229
4354
4533
4559
4821
4888
4503
3758
2714
1695
865
-51
-755
-1681
-2229
-2619
-2673
-2118
-1711
-1076
-815
-415
2
445
765
686
477
157
99
179
389
396
455
381
466
677
745
669
208
-345
-1090
-1631
-2246
-3017
-3835
-4752
-5558
-6085
-6344
-6589
-6796
-7179
-7385
-7305
-6964
-6721
-6767
-6951
-7302
-7340
-7417
-7544
-7829
-7865
-7573
-6679
-5295
-3712
-1588
293
2493
4287
6161
7589
8434
8970
8539
8352
7770
7264
6634
5798
5136
4670
4456
4387
4090
3891
3407
2758
2212
1091
395
-914
-1885
-2911
-3595
-3577
-3602
-2863
-2438
-1394
-366
779
1821
2366
2924
2895
2995
2590
2218
2014
1699
1711
1487
1799
2293
3138
4106
4419
4912
4985
5130
5134
4310
3479
2040
1097
123
-774
-1014
-1887
-1616
-1831
-1252
-548
-109
763
561
1268
1056
1506
1450
1115
1074
577
850
632
902
757
736
644
371
213
-177
-618
-1439
-2312
-3187
-3988
-4614
-5397
-6143
-6768
-7095
-7052
-7118
-6851
-6985
-6673
-6435
-6271
-6053
-6203
-6203
-6627
-6741
-7034
-7164
-7160
-7083
-6786
-5899
-4717
-3178
-1223
519
2641
4373
6169
7278
8149
8641
8386
8246
7421
6794
6165
5588
5005
4528
4248
4038
4034
3894
3540
3079
2624
1808
1113
179
-759
-1499
-2031
-2370
-2365
-1979
-1539
-844
-204
501
1023
1569
1663
1548
1386
938
677
439
252
246
449
840
1467
2325
3374
4062
4769
5066
5105
5303
4788
4190
3212
2128
1352
452
133
-568
-641
-598
-644
103
251
981
1207
1491
1588
1527
1712
1291
1174
621
335
98
-79
-307
-559
-689
-1007
-1149
-1545
-1939
-2370
-2982
-3563
-4394
-4906
-5441
-5875
-6231
-6758
-6708
-6726
-6399
-6363
-6310
-6203
-6106
-5900
-6054
-6216
-6500
-6591
-6795
-6850
-6850
-6561
-6020
-5270
-4227
-2754
-971
968
2691
4341
5815
7005
8056
8157
8219
7643
7247
6661
5950
5525
4815
4768
4359
4292
4206
4062
3982
3414
2938
2156
1571
832
-183
-886
-1660
-1868
-1996
-1944
-1721
-1430
-720
-469
108
335
514
723
397
251
-23
98
163
272
583
761
1536
2309
3079
3985
4448
4829
4943
4955
4813
4385
3697
2561
1648
993
533
365
90
-102
126
501
1098
1541
1847
1898
1848
1844
1566
1474
990
447
-191
-634
-831
-1004
-1066
-1495
-1661
-1851
-1910
-2079
-2469
-3046
-3698
-4266
-4859
-5307
-5780
-6111
-6567
-6628
-6785
-6674
-6445
-6523
-6199
-6297
-6036
-6147
-6196
-6169
-6498
-6257
-6661
-6392
-5991
-5256
-4021
-2986
-1403
-9
1955
3543
4867
5944
6437
6951
7029
6902
6406
5978
5432
4964
4772
4504
4604
4638
4676
4584
4491
4373
3863
3411
2337
1362
448
-468
-1123
-1753
-2013
-2210
-1899
-1574
-1053
-380
41
387
565
644
694
633
372
-39
-114
-25
341
916
1197
1917
2553
3544
4222
4722
4769
4461
4368
3686
3384
2488
1739
1015
540
523
475
930
873
1304
1594
1862
2323
2156
2068
1462
1138
630
232
6
-666
-778
-1178
-1103
-1033
-907
-931
-1248
-1323
-1794
-1858
-2291
-2830
-3474
-4231
-4661
-5179
-5280
-5665
-6026
-6065
-6284
-5916
-5736
-5627
-5601
-5755
-5597
-5727
-5642
-5791
-6184
-6096
-6188
-5984
-5352
-5095
-4127
-3379
-2217
-879
165
1847
2385
3649
4200
4472
5371
4966
5467
5059
5020
5271
4956
5787
5248
5746
5651
5318
5753
4813
4849
3695
3040
2231
1080
829
-457
-627
-1240
-1487
-1197
-1347
-684
-811
-245
-141
-142
310
-269
-23
-595
-701
-882
-1048
-613
-780
137
411
1208
2244
2800
3807
4158
4646
4641
4651
4592
3970
3901
3093
2735
2427
2173
2176
2049
2210
1880
2293
2071
2128
1916
1420
1045
397
202
-560
-660
-1117
-1345
-1243
-1384
-1157
-1159
-1130
-1347
-1690
-1892
-2487
-2841
-3502
-4269
-4670
-5249
-5375
-5738
-5744
-5820
-5737
-5449
-5455
-5174
-5096
-4998
-4952
-5039
-4969
-5016
-4914
-4897
-5037
-4768
-4806
-4336
-4149
-3689
-3122
-2561
-1552
-980
215
982
1979
2780
3345
4116
4565
5210
5417
5543
5708
5676
5896
5719
5556
5264
4880
4734
4153
3926
3242
2765
2119
1495
1031
494
242
-358
-544
-835
-763
-732
-689
-742
-848
-756
-878
-829
-947
-1089
-1167
-1234
-1069
-769
-183
353
808
1490
2030
2939
3530
3929
4028
4061
4212
4183
4292
3935
3724
3456
3233
3103
2896
2658
2247
1874
1470
1141
991
617
254
-95
-349
-318
-265
-230
-313
-331
-404
-439
-578
-768
-1259
-1636
-2265
-2756
-2999
-3428
-3580
-4078
-4200
-4371
-4256
-4139
-4377
-4350
-4582
-4586
-4574
-4760
-4816
-4992
-4944
-5039
-4961
-4847
-4879
-4688
-4885
-4825
-4928
-4698
-4764
-4521
-4253
-3814
-2802
-2154
-757
51
1756
2767
4012
5057
5397
6558
6256
6889
6194
6107
5937
5277
5676
4586
5040
4413
4391
4393
3632
3933
2702
2602
1553
754
498
-757
-810
-1855
-1903
-1962
-2127
-1567
-2073
-1373
-1478
-1240
-819
-1266
-814
-1326
-1166
-1240
-1208
-564
-614
434
867
2093
3499
4354
5559
5940
6618
6642
6756
5983
5311
4268
3300
2475
1478
1224
145
732
-205
513
617
686
1480
623
1398
274
804
-54
-585
-820
-1885
-1523
-2134
-1858
-2098
-1975
-1951
-2026
-1831
-2129
-2269
-2669
-3240
-3643
-4001
-4164
-4525
-4549
-4770
-4606
-4233
-4158
-3932
-4109
-4036
-4240
-4127
-4397
-4616
-4875
-5148
-5420
-5452
-5600
-5608
-5431
-5329
-4702
-4056
-2786
-1944
-545
351
1737
3042
4141
5078
5471
6072
6199
6690
6469
6344
5914
5645
5334
5167
4804
4544
4170
3768
3491
2957
2814
2079
1744
913
471
25
-397
-694
-1297
-1546
-1801
-1869
-1800
-1887
-1952
-1913
-2005
-1777
-1761
-1407
-1341
-1007
-637
-177
755
1408
2219
2777
3393
3953
4643
4948
5071
4936
4660
4522
4213
4021
3353
3040
2459
2077
1979
1428
1361
737
555
198
55
64
-283
-122
-532
-337
-388
-305
-281
-545
-636
-1072
-1130
-1533
-1843
-2223
-2759
-2964
-3308
-3298
-3429
-3484
-3471
-3603
-3359
-3430
-3267
-3475
-3663
-3948
-4214
-4373
-4721
-4958
-5329
-5336
-5392
-5010
-5009
-4681
-4626
-4371
-3980
-3883
-3354
-3432
-2804
-2420
-1604
-563
134
1368
2173
3355
4504
5122
6052
5997
6339
6240
5777
5693
4524
4308
3315
2985
2710
2179
2442
1904
2187
1979
1925
1930
1445
1193
488
64
-425
-937
-1276
-1857
-2018
-2174
-1990
-1726
-1523
-1151
-996
-477
-253
149
314
263
380
214
449
629
885
1265
1528
2248
3078
4119
5110
5536
6029
6029
6072
5806
4946
4001
2678
1718
873
320
11
-273
-199
-53
348
946
1281
1545
1320
1000
602
90
-450
-1405
-2153
-2980
-3270
-3377
-3247
-3038
-2818
-2498
-2306
-1948
-1983
-1978
-2555
-3109
-3795
-4293
-4518
-4984
-5107
-5398
-5267
-4873
-4526
-3998
-3779
-3599
-3340
-3431
-3093
-3226
-3199
-3257
-3520
-3120
-2935
-2201
-1672
-1116
-258
621
1657
2670
3234
3953
4311
4473
4703
4174
4235
3623
3325
2965
2330
2503
2067
2276
2083
1816
1960
1573
1703
1282
1007
735
211
79
-452
-536
-809
-933
-1034
-1139
-977
-942
-662
-739
-613
-656
-626
-541
-685
-546
-631
-410
-236
47
627
1102
1862
2307
2832
3304
3704
4105
4085
4009
3654
3443
3215
2985
2735
2319
2059
1811
1762
1799
1663
1559
1240
1146
1083
1000
926
419
219
-233
-271
-409
-627
-728
-1099
-1097
-1341
-1318
-1543
-1792
-2162
-2589
-2869
-3131
-3255
-3567
-3730
-4018
-3960
-3915
-3807
-3704
-3825
-3741
-3839
-3672
-3579
-3514
-3372
-3411
-3185
-2889
-2469
-2020
-1775
-1568
-1211
-877
-305
-32
180
469
551
1223
1423
1870
2058
1991
2428
2331
2804
2762
2550
2565
1979
2241
1892
1777
1638
969
1233
745
1136
994
870
1008
512
895
522
777
551
258
165
-261
-30
-260
-254
-455
-703
-524
-570
-241
-207
-164
42
-30
431
462
821
910
958
1199
1299
1817
1923
2274
2240
2506
2678
2912
3017
2862
2882
2512
2548
2177
2058
1778
1428
1203
846
795
659
586
386
195
75
140
36
7
-278
-503
-630
-947
-1025
-1443
-1594
-1948
-2181
-2327
-2550
-2487
-2750
-2790
-3029
-3088
-3051
-3208
-3151
-3420
-3376
-3393
-3434
-3232
-3359
-3077
-3030
-2883
-2534
-2461
-1928
-1802
-1521
-1159
-989
-414
-264
63
290
447
832
883
1048
1097
1102
1218
1255
1206
1367
1261
1424
1459
1418
1697
1476
1734
1467
1483
1453
1151
1194
760
733
536
397
379
203
301
281
313
394
295
479
356
420
265
208
250
96
232
-63
134
42
247
342
346
543
507
816
846
1077
1169
1270
1434
1575
1868
2071
2228
2302
2271
2464
2447
2540
2267
1983
1841
1538
1623
1127
1072
680
656
700
491
630
306
418
183
40
-141
-455
-627
-1026
-1336
-1556
-1770
-1813
-2047
-2218
-2296
-2373
-2286
-2503
-2631
-2909
-3030
-3158
-3282
-3437
-3511
-3560
-3569
-3403
-3274
-2827
-2738
-2489
-2438
-2109
-1569
-1240
-991
-1073
-888
-500
-24
142
215
-2
292
407
676
853
616
957
621
1070
1154
1352
1719
1270
1580
1301
1658
1819
1412
1450
773
1032
940
854
924
370
694
347
677
691
608
803
268
534
223
528
486
189
157
-181
292
335
503
468
291
544
599
839
850
709
720
575
779
917
1150
1277
1255
1444
1643
2164
2188
2366
1969
1981
1967
1735
1835
1000
1170
535
676
606
283
679
45
486
31
178
188
-189
-148
-782
-719
-964
-1040
-1135
-1399
-1378
-1406
-1325
-1304
-1364
-1435
-1578
-1745
-1956
-2043
-2289
-2372
-2673
-2755
-2589
-2586
-2176
-2408
-2101
-2013
-1685
-1319
-1433
-1169
-1205
-838
-672
-556
-559
-317
-365
-20
-208
-124
54
-286
245
-471
150
-189
-42
189
-355
418
-126
539
307
373
708
469
973
653
859
822
741
832
584
691
611
628
630
511
751
662
959
839
1019
1161
1158
1478
1154
1506
1240
1359
1276
992
1207
871
1121
943
975
1211
1100
1463
1266
1396
1408
1283
1372
919
953
578
611
440
283
268
93
310
182
402
279
369
321
258
268
103
50
-194
-350
-511
-652
-689
-811
-846
-843
-887
-790
-875
-749
-873
-872
-1064
-1219
-1310
-1461
-1477
-1750
-1776
-1989
-1885
-1951
-1947
-1962
-1996
-1866
-1894
-1754
-1667
-1436
-1188
-1094
-971
-811
-561
-230
-255
-220
-345
-240
-101
-130
-95
-315
-230
-211
-98
58
73
204
142
214
331
402
638
432
474
310
434
674
586
832
446
750
639
828
1023
706
950
452
741
625
748
911
597
836
642
1025
1173
1277
1354
1192
1318
1348
1498
1533
1411
1294
1170
1207
1259
1310
1214
1026
981
837
1041
886
884
621
394
483
264
583
232
305
130
79
375
253
541
208
246
149
132
273
-19
-71
-423
-452
-487
-504
-450
-630
-567
-747
-617
-670
-652
-762
-1079
-1156
-1508
-1312
-1550
-1529
-1703
-1893
-1659
-1814
-1447
-1641
-1589
-1632
-1781
-1547
-1602
-1427
-1462
-1550
-1473
-1298
-1119
-830
-965
-821
-780
-694
-255
-562
-195
-551
-437
-302
-525
-31
-471
-147
-345
-231
188
92
479
213
390
550
713
974
853
955
897
1068
1152
1216
1202
1084
1118
953
1181
1091
1279
1246
1196
1383
1345
1710
1611
1738
1571
1509
1522
1477
1501
1326
1218
995
992
894
925
766
628
453
375
362
340
288
183
108
46
158
90
266
153
237
236
231
394
264
408
164
135
32
-74
10
-205
-180
-348
-297
-286
-318
-298
-524
-522
-741
-757
-960
-1060
-1176
-1379
-1311
-1533
-1333
-1464
-1408
-1455
-1607
-1468
-1665
-1509
-1740
-1793
-1802
-1881
-1637
-1645
-1456
-1363
-1218
-963
-774
-586
-460
-472
-435
-437
-548
-444
-691
-635
-730
-788
-539
-630
-253
-301
-120
76
21
387
231
369
362
268
519
408
684
715
792
1038
992
1363
1342
1480
1485
1354
1474
1331
1462
1282
1260
1219
1149
1368
1317
1528
1501
1537
1651
1535
1734
1511
1477
1318
1003
1084
801
910
762
631
703
509
735
622
573
537
217
252
81
23
20
-194
-135
-252
-141
-37
-54
54
-129
-138
-219
-290
-365
-556
-737
-928
-965
-1023
-941
-981
-914
-886
-807
-620
-664
-520
-775
-878
-1066
-1263
-1306
-1584
-1638
-1882
-1800
-1676
-1518
-1268
-1193
-1054
-890
-786
-643
-667
-746
-826
-1039
-945
-1146
-965
-1039
-1058
-907
-977
-603
-614
-383
-441
-436
-340
-383
-269
-336
-381
-396
-293
-212
89
237
511
742
909
1266
1360
1667
1676
1626
1745
1537
1770
1689
1642
1732
1493
1817
1697
1888
1933
1702
2013
1714
1983
1902
1712
1834
1391
1615
1306
1285
1177
736
842
422
516
325
114
-11
-273
-319
-448
-500
-643
-728
-912
-752
-897
-687
-646
-851
-535
-914
-559
-687
-768
-600
-1132
-690
-1113
-872
-835
-1212
-764
-1234
-730
-819
-720
-498
-749
-313
-542
-258
-380
-541
-598
-837
-756
-942
-838
-1107
-1077
-1019
-949
-605
-725
-589
-761
-641
-503
-567
-473
-780
-839
-817
-838
-666
-706
-806
-732
-834
-546
-534
-444
-425
-687
-491
-650
-462
-430
-528
-447
-437
-176
121
402
690
857
1079
1381
1545
1852
1889
1856
1924
1831
1971
2015
1969
1966
1795
1917
1907
2030
2071
1934
1949
1844
1909
1899
1838
1617
1489
1265
1235
1132
1008
848
556
539
319
361
181
-71
-283
-559
-675
-780
-928
-1060
-1255
-1280
-1253
-1191
-1028
-1102
-1012
-1040
-989
-893
-871
-890
-936
-1023
-984
-989
-919
-874
-959
-781
-861
-620
-571
-539
-470
-577
-468
-520
-469
-498
-584
-528
-475
-370
-202
-235
-187
-188
-220
-163
-316
-434
-652
-836
-851
-947
-859
-898
-910
-767
-715
-457
-362
-302
-321
-414
-418
-490
-548
-659
-822
-919
-923
-890
-698
-608
-451
-233
-99
264
377
642
730
758
1026
922
1271
1176
1337
1480
1415
1790
1588
1883
1770
1787
1982
1728
1981
1734
1738
1774
1492
1704
1344
1388
1265
999
1176
766
932
651
538
564
291
410
161
95
10
-199
-183
-348
-449
-472
-720
-651
-847
-868
-917
-1052
-984
-1122
-1019
-1039
-976
-903
-868
-796
-727
-663
-582
-544
-493
-469
-420
-397
-377
-391
-431
-427
-458
-354
-420
-287
-341
-245
-186
-182
-70
-209
-136
-250
-251
-255
-370
-344
-461
-513
-446
-602
-429
-567
-509
-439
-594
-294
-552
-296
-395
-469
-287
-615
-367
-608
-642
-579
-918
-631
-860
-693
-524
-707
-262
-461
-92
15
8
329
110
401
369
444
626
495
646
647
726
969
964
1125
1132
1119
1259
1202
1261
1134
985
918
813
845
849
811
821
783
835
884
906
859
755
577
435
307
131
61
-221
-268
-419
-423
-344
-417
-273
-373
-278
-254
-243
-188
-287
-312
-415
-460
-483
-532
-523
-562
-495
-471
-361
-298
-314
-216
-354
-222
-333
-312
-285
-441
-249
-415
-223
-229
-242
-79
-222
-11
-72
-9
48
-72
38
-55
10
0
-28
5
-19
17
13
33
-35
15
-76
-28
-53
-117
-40
-170
-35
-119
-92
-61
-204
-103
-235
-197
-225
-334
-283
-417
-351
-361
-368
-273
-332
-216
-213
-167
-119
-145
-73
-68
19
63
127
199
273
388
472
565
564
571
533
501
529
460
429
337
283
319
321
445
448
491
525
496
599
561
559
454
294
202
82
39
9
-66
-109
-131
-127
-39
-32
14
-17
-89
-93
-152
-176
-193
-251
-243
-249
-264
-170
-240
-159
-166
-216
-120
-290
-232
-316
-382
-247
-390
-221
-261
-268
-87
-225
27
-85
-92
-65
-302
-148
-294
-188
-156
-193
-52
-32
141
282
365
427
424
333
350
241
237
158
18
4
-116
-16
4
68
131
78
123
57
48
-28
-144
-252
-435
-462
-554
-494
-477
-457
-330
-323
-117
-84
4
33
-39
24
-17
21
24
-29
21
25
136
254
286
364
301
347
340
371
334
247
161
83
192
201
378
352
386
445
408
580
500
497
376
157
177
22
69
18
-126
-47
-150
56
115
130
195
16
67
-35
-69
-107
-298
-328
-426
-361
-264
-231
-150
-168
-84
-13
66
88
-2
-77
-189
-194
-204
-249
-279
-389
-372
-337
-246
-130
-149
-132
-159
-109
-5
53
75
67
22
141
206
339
440
371
496
381
497
498
402
438
172
214
156
116
254
38
126
17
-31
113
-135
0
-246
-283
-274
-445
-274
-469
-416
-459
-514
-347
-389
-270
-277
-321
-222
-279
-157
-200
-190
-189
-197
-108
-90
32
8
89
28
104
141
160
222
133
186
159
223
301
290
349
332
352
418
386
459
358
338
248
217
215
170
194
54
111
20
112
103
52
90
-59
15
-49
-51
-27
-164
-115
-231
-223
-186
-285
-222
-377
-349
-359
-350
-296
-327
-287
-284
-227
-214
-175
-224
-214
-271
-280
-276
-315
-289
-317
-312
-231
-148
-46
88
106
303
355
481
599
503
632
470
496
481
324
466
221
305
213
100
274
19
192
27
6
101
-78
113
-50
11
-12
-157
-101
-270
-260
-331
-472
-482
-611
-592
-575
-593
-483
-465
-343
-229
-140
2
65
104
116
80
77
46
-21
-56
-154
-127
-111
-65
-1
0
62
113
202
267
315
303
297
262
275
308
290
299
196
182
172
157
213
93
88
25
-13
72
8
108
49
82
133
112
215
105
105
-1
-64
-62
-170
-175
-309
-326
-312
-304
-233
-304
-260
-309
-256
-211
-235
-214
-339
-333
-389
-320
-289
-289
-262
-289
-186
-93
32
95
107
121
173
233
305
344
349
375
389
436
486
470
473
379
372
356
312
312
155
146
55
94
93
28
6
-104
-99
-130
-111
-140
-205
-271
-331
-329
-303
-285
-292
-361
-335
-355
-253
-239
-261
-223
-318
-184
-225
-100
-72
-106
-20
-82
59
86
117
160
48
94
90
119
198
108
172
107
170
225
239
300
237
265
237
268
291
293
240
228
191
227
217
199
177
119
177
117
132
36
-22
-3
6
115
88
3
-100
-228
-145
-80
-15
-142
-498
-664
-784
-557
-326
-304
-402
-677
-745
-533
-195
139
150
-75
-294
-420
-159
91
250
176
-117
-227
-167
114
436
538
505
362
256
380
444
581
540
349
281
129
194
215
223
274
172
168
56
-11
-19
-75
-57
-139
-234
-342
-386
-371
-280
-190
-176
-169
-268
-229
-194
-109
-48
-164
-200
-322
-308
-224
-180
-88
-107
-107
-105
-58
24
101
115
94
21
-30
-14
-16
60
69
79
94
61
121
169
203
241
154
125
78
65
152
120
175
151
159
240
256
356
351
336
304
237
241
165
127
46
-39
-64
-120
-98
-133
-133
-161
-174
-184
-222
-246
-309
-341
-411
-405
-448
-422
-407
-374
-284
-272
-169
-170
-102
-44
-15
68
28
61
58
91
201
225
323
347
376
447
473
558
554
526
489
401
377
333
271
233
134
82
35
2
15
-20
-30
-103
-153
-198
-236
-243
-287
-308
-375
-394
-411
-377
-318
-286
-221
-230
-205
-168
-119
-33
-16
-6
-15
-37
9
35
78
104
77
101
98
132
178
184
193
187
181
199
194
199
184
163
175
145
155
148
136
159
157
163
159
128
131
115
145
165
138
124
35
32
41
87
95
47
-9
-91
-75
-86
-60
-89
-171
-239
-325
-322
-339
-343
-358
-447
-448
-487
-453
-403
-377
-296
-290
-197
-156
-95
-7
57
157
197
233
233
232
245
270
275
262
212
150
134
146
205
234
229
223
207
256
305
316
299
202
129
48
-7
-62
-157
-256
-375
-443
-454
-428
-381
-345
-303
-235
-161
-72
-11
20
23
14
13
-15
-44
-98
-124
-142
-127
-101
-92
-56
-44
19
71
111
138
110
108
83
64
46
-3
-38
-70
-94
-86
-88
-84
-73
-65
-18
2
19
17
-8
21
29
63
72
47
69
64
128
185
219
249
235
265
291
325
331
292
208
134
64
13
-41
-146
-211
-307
-323
-310
-297
-266
-281
-254
-226
-165
-104
-82
-92
-128
-163
-174
-169
-182
-186
-206
-206
-157
-103
3
71
125
180
180
228
218
218
199
129
105
41
18
21
15
54
74
89
112
105
128
115
88
55
-21
-63
-102
-120
-105
-88
-61
-9
24
95
152
194
233
187
170
106
54
19
-48
-72
-122
-130
-120
-111
-54
-32
0
1
-20
-38
-67
-75
-111
-142
-189
-215
-222
-194
-144
-111
-66
-60
-25
11
62
107
112
104
70
66
80
109
124
121
108
112
148
189
232
237
229
218
201
201
175
137
74
6
-44
-103
-146
-199
-240
-261
-266
-254
-240
-224
-207
-175
-150
-122
-124
-134
-149
-146
-120
-98
-78
-83
-68
-36
21
70
94
87
48
33
36
54
68
57
48
45
68
130
170
189
173
145
107
52
9
-68
-132
-187
-219
-209
-190
-141
-85
-4
85
165
225
234
213
170
135
95
39
-12
-77
-100
-88
-41
20
59
89
92
100
90
74
21
-63
-138
-213
-234
-248
-243
-224
-210
-175
-128
-68
-28
-9
-16
-36
-51
-59
-46
-40
-31
-11
17
78
141
201
229
244
244
235
243
225
210
162
126
109
107
136
149
154
137
109
91
68
29
-16
-93
-164
-212
-247
-247
-239
-224
-212
-184
-143
-101
-59
-39
-45
-62
-73
-86
-91
-98
-95
-90
-78
-40
-2
44
93
120
146
171
179
174
154
126
98
66
41
17
0
-12
-21
-7
-7
4
17
22
42
45
50
53
66
73
68
71
72
71
69
70
63
72
71
71
75
73
81
79
85
84
75
60
27
-1
-31
-59
-82
-100
-121
-133
-137
-135
-122
-115
-108
-101
-93
-93
-88
-86
-94
-90
-93
-87
-79
-68
-48
-27
0
29
51
68
94
116
130
149
156
163
171
165
156
156
143
122
99
68
36
8
-6
-24
-35
-42
-44
-40
-31
-21
-22
-38
-59
-70
-93
-109
-125
-135
-138
-132
-108
-84
-54
-35
-12
3
11
16
6
-7
-30
-54
-56
-53
-47
-35
-21
6
31
56
70
70
53
27
11
-10
-28
-46
-56
-57
-42
-9
16
42
50
53
62
58
55
37
12
-13
-19
-9
3
28
47
65
85
115
131
132
107
59
9
-30
-63
-95
-123
-151
-158
-152
-122
-91
-63
-52
-52
-51
-57
-62
-78
-103
-133
-147
-154
-140
-118
-103
-91
-75
-49
-28
1
12
14
18
24
39
45
59
68
67
75
92
104
117
111
95
91
82
80
71
51
34
24
33
37
39
38
26
17
8
5
-6
-24
-39
-53
-60
-60
-52
-51
-50
-48
-43
-32
-25
-26
-39
-53
-57
-51
-40
-40
-31
-21
-10
9
32
54
59
63
62
56
57
53
38
24
14
9
12
15
18
17
26
30
39
49
52
56
45
51
52
51
57
49
38
24
21
15
11
-2
-16
-21
-23
-18
-14
-15
-22
-25
-32
-28
-24
-29
-35
-39
-37
-28
-10
-9
-7
-12
-19
-24
-30
-39
-58
-78
-94
-99
-88
-72
-58
-37
-23
7
34
60
79
77
66
55
50
42
35
23
18
19
26
52
65
70
66
53
46
27
8
-15
-43
-63
-79
-86
-83
-69
-64
-58
-50
-43
-45
-43
-49
-66
-81
-88
-88
-89
-88
-88
-72
-51
-32
-18
-3
0
-1
3
8
17
12
7
5
16
37
53
63
67
63
65
64
58
48
32
18
-4
-11
-11
-8
-7
-6
-10
-4
1
9
15
3
2
-6
-11
-10
-13
-21
-26
-33
-42
-43
-38
-38
-41
-35
-28
-24
-16
-1
14
27
41
49
48
43
29
13
-7
-32
-59
-84
-97
-103
-93
-71
-42
-15
10
38
62
88
104
102
94
79
64
52
47
45
34
31
44
66
84
102
109
105
104
93
80
59
33
2
-31
-54
-71
-76
-73
-75
-71
-67
-59
-50
-40
-36
-43
-44
-48
-51
-50
-53
-52
-52
-48
-43
-38
-28
-16
0
8
19
40
48
57
69
74
79
78
76
72
69
58
43
36
30
15
14
12
8
9
17
29
25
31
33
30
30
25
15
10
-1
-11
-18
-32
-37
-40
-47
-47
-47
-40
-30
-21
-8
4
20
35
43
53
53
45
41
24
13
1
-18
-34
-47
-49
-46
-38
-22
-6
5
21
44
51
58
56
43
25
14
0
-12
-19
-20
-11
-3
14
37
60
74
83
89
93
83
70
48
23
-1
-30
-46
-56
-57
-59
-52
-40
-23
-5
5
10
12
4
-8
-20
-38
-44
-55
-56
-57
-59
-45
-39
-25
-6
10
26
31
31
39
44
42
39
36
27
21
9
2
4
2
3
1
-6
-5
-1
7
12
12
13
18
20
21
20
20
12
5
2
0
-5
-11
-11
-12
-15
-10
-5
4
6
4
14
27
35
40
46
43
41
44
39
35
29
20
13
12
6
5
5
-1
2
4
2
8
1
-3
-7
-10
-9
-17
-19
-20
-24
-25
-21
-17
-13
-9
-4
-3
-1
4
3
7
-2
-2
0
-4
3
-4
-3
-1
5
12
16
21
20
16
15
14
11
9
-4
-8
-13
-21
-18
-19
-22
-25
-24
-24
-20
-12
-14
-13
-16
-18
-9
-2
0
0
-6
-12
-13
-13
-13
-16
-17
-19
-21
-12
-16
-16
-8
-9
-1
3
6
5
2
0
-2
-3
-2
1
4
5
7
11
13
13
14
14
13
13
12
8
5
6
6
12
14
18
23
21
30
30
28
30
24
14
6
3
-6
-10
-12
-15
-17
-20
-19
-10
-11
-8
-4
-11
-10
-15
-15
-14
-18
-22
-26
-28
-28
-28
-26
-23
-24
-26
-26
-18
-10
-3
-4
-5
1
-3
1
1
-6
-3
-8
-12
-6
-7
-8
-3
1
0
3
0
-4
-3
-8
-15
-20
-23
-27
-32
-34
-32
-27
-28
-26
-23
-17
-14
-9
-7
-5
-3
-4
-7
-7
-3
-7
-8
-3
-7
-8
-6
-2
-1
4
10
4
11
11
9
14
12
15
15
11
12
8
8
9
9
10
6
12
12
8
17
17
19
13
6
6
1
-5
-9
-11
-14
-9
-11
-3
2
1
5
9
15
8
9
2
1
-7
-12
-15
-18
-12
-16
-1
3
8
17
16
21
19
18
15
9
2
1
-3
-6
-2
6
9
14
18
13
11
9
4
3
-5
-9
-18
-23
-19
-22
-14
-13
-11
-8
-5
-2
-3
1
-10
-13
-21
-27
-32
-35
-36
-33
-22
-24
-16
-14
-9
5
12
15
16
15
13
12
7
11
2
5
10
14
20
18
25
20
25
24
19
23
16
19
18
10
10
11
15
23
25
29
29
35
41
35
35
36
31
24
18
15
11
7
9
8
7
11
14
16
18
18
16
15
9
9
6
-2
-9
-15
-18
-20
-19
-21
-19
-16
-13
-9
-14
-15
-12
-16
-15
-11
-12
-5
-5
2
3
3
9
6
8
7
1
3
-3
-15
-18
-24
-30
-28
-28
-26
-18
-15
-7
-1
-1
-3
-9
-5
-10
-13
-12
-15
-18
-20
-17
-18
-13
-9
-3
-3
6
11
9
14
15
19
23
22
23
21
17
23
25
28
26
28
23
14
14
10
6
1
-3
-8
-5
-3
1
-2
2
7
9
12
17
22
17
18
20
16
15
22
23
20
16
19
24
23
20
16
15
13
10
3
5
-2
-9
-10
-14
-12
-13
-12
-15
-12
-13
-17
-14
-17
-23
-31
-32
-30
-34
-31
-26
-20
-14
-7
0
2
7
14
16
14
20
11
6
5
-3
-1
-2
0
-4
1
-3
-5
-2
-8
-8
-16
-21
-24
-29
-32
-34
-32
-35
-31
-34
-33
-25
-17
-12
-16
-11
-9
-11
-1
4
3
3
7
11
13
19
24
23
23
28
25
25
23
19
22
14
10
7
2
1
-3
-6
-7
-6
-8
-9
-7
-9
-8
-10
-9
-6
-4
1
-1
6
13
15
25
26
27
28
30
31
27
23
19
17
14
16
14
11
12
4
4
-2
-6
-4
-11
-13
-15
-19
-22
-22
-23
-17
-13
-10
-7
-7
0
2
-1
0
4
2
3
8
12
16
19
27
26
29
25
21
21
19
20
20
15
8
-1
-5
-4
-2
-2
-10
-15
-14
-22
-21
-21
-26
-21
-20
-18
-17
-15
-11
-8
-6
2
1
-1
5
2
9
7
6
7
6
2
-2
2
-3
-3
-10
-16
-12
-18
-23
-24
-29
-33
-33
-33
-37
-40
-42
-48
-50
-47
-47
-45
-39
-35
-29
-25
-22
-22
-17
-14
-11
-8
-2
1
-1
8
3
9
9
7
9
5
6
-1
-4
-9
-10
-18
-26
-30
-32
-36
-37
-35
-31
-32
-32
-33
-27
-19
-20
-16
-16
-15
-15
-9
-3
-2
0
4
9
7
17
19
20
24
19
16
24
23
25
17
13
14
7
11
6
3
8
9
3
4
-3
-2
-6
-10
-14
-14
-6
-7
2
9
14
24
29
33
38
39
46
50
46
49
49
49
45
48
44
43
38
40
39
36
34
27
28
18
19
18
9
5
1
-2
-5
-4
-5
-2
-2
3
3
3
9
4
10
14
13
21
21
32
31
34
37
37
46
48
47
43
44
37
32
27
22
21
12
7
4
-3
0
2
-2
1
-2
-4
1
3
2
1
-2
5
6
6
10
12
16
22
29
31
37
39
44
41
42
41
39
45
40
35
27
26
20
23
22
17
19
16
15
14
13
10
4
0
0
-1
-5
-4
0
2
8
14
23
29
31
38
42
41
43
46
48
52
46
45
46
43
45
42
44
45
45
46
40
30
25
20
10
10
3
2
-7
-6
-5
-11
-4
-9
-1
-1
1
0
-2
8
8
7
8
12
9
14
18
25
26
24
30
26
28
25
22
13
5
3
1
-8
-10
-13
-20
-19
-22
-19
-22
-22
-18
-17
-18
-25
-25
-20
-26
-27
-22
-24
-19
-17
-17
-13
-11
-4
3
7
8
8
4
4
-2
0
-1
-5
-7
-11
-3
-6
-6
-8
-8
-10
-20
-18
-21
-25
-25
-28
-31
-26
-21
-19
-14
-9
-7
-1
-2
2
9
11
10
10
15
14
18
22
19
21
20
22
30
26
23
21
17
12
6
5
-1
0
-6
-12
-13
-16
-17
-17
-16
-22
-22
-23
-18
-21
-25
-21
-22
-20
-19
-16
-13
-5
-3
4
1
0
2
-2
2
1
-2
-7
-5
-8
-10
-13
-15
-16
-14
-17
-18
-16
-18
-14
-13
-13
-15
-18
-16
-15
-19
-19
-15
-15
-16
-15
-10
-12
-10
-8
-7
-7
-5
0
-3
1
2
-1
-2
-1
-5
-10
-12
-11
-11
-12
-14
-17
-16
-18
-16
-17
-19
-19
-15
-12
-17
-15
-12
-11
-8
-5
0
3
8
16
20
16
18
17
15
16
14
16
20
16
15
16
10
9
3
5
3
-3
-9
-13
-13
-20
-19
-29
-24
-27
-27
-28
-30
-29
-32
-31
-33
-29
-35
-35
-32
-30
-32
-29
-31
-25
-27
-32
-22
-23
-28
-33
-36
-34
-35
-34
-34
-36
-33
-35
-31
-30
-29
-27
-23
-16
-17
-16
-14
-11
-10
-4
-5
-6
-3
3
6
2
5
2
2
-4
-3
3
3
3
5
2
7
2
1
6
2
2
0
-1
5
6
-1
7
7
4
6
5
8
7
5
8
10
9
11
11
16
15
18
15
15
17
15
14
13
19
14
10
15
13
12
15
14
7
3
3
10
10
5
6
4
2
7
4
7
4
-4
1
-1
-1
1
-5
-3
-4
-7
-8
-4
-3
-3
-1
-6
-9
-6
-4
-6
-5
-2
-3
-5
-3
-7
-9
-2
-10
-11
-9
-12
-7
-4
-6
-3
-1
-5
-8
-1
-1
0
6
6
6
6
12
8
6
5
8
11
5
8
4
0
5
3
4
5
6
3
9
9
9
15
15
7
7
10
5
9
3
12
12
9
16
15
22
21
21
22
25
29
32
33
35
34
30
32
27
26
26
25
22
22
22
25
25
23
22
20
21
20
21
20
17
20
20
22
21
23
22
23
24
19
22
21
21
22
25
24
26
24
24
21
16
20
15
16
15
15
15
10
12
9
11
6
2
0
-2
4
1
2
-2
-2
0
6
5
3
4
6
9
9
9
3
4
4
0
7
4
2
6
9
7
8
10
12
12
9
8
6
4
1
-1
1
2
0
-1
0
0
-1
5
6
5
6
6
9
6
8
9
7
7
8
5
6
7
10
11
11
12
13
14
18
13
10
15
13
13
8
8
12
11
13
18
13
11
10
11
10
7
9
1
8
5
1
6
5
4
2
6
-1
2
3
0
7
6
2
2
1
0
-3
-1
-6
-5
-4
-1
2
-3
0
0
-3
-9
-3
-6
-6
-4
-9
-4
-10
-12
-10
-8
-11
-11
-9
-11
-11
-10
-11
-8
-5
-9
-9
-6
-2
-1
2
9
8
-1
4
1
-3
2
0
0
0
-2
-7
1
5
0
2
3
5
8
6
5
4
4
1
-4
-5
-6
-10
-9
-5
-4
-3
-5
-6
-8
-6
-5
-4
-3
-4
-1
-4
-4
-7
-8
-8
-11
-5
-12
-11
-11
-10
-9
-8
-7
-16
-13
-14
-12
-9
-11
-10
-7
-13
-15
-12
-15
-10
-7
-6
-5
-13
-20
-16
-21
-19
-15
-17
-17
-12
-12
-21
-23
-19
-19
-19
-14
-19
-18
-18
-17
-19
-23
-21
-19
-18
-15
-13
-14
-15
-14
-14
-22
-17
-20
-13
-13
-17
-13
-10
-8
-11
-6
-12
-8
-5
-4
-5
-4
-2
-6
-4
-6
-9
-7
-8
-9
-2
-5
-3
-3
0
-10
-11
-5
-11
-7
-15
-13
-12
-18
-21
-21
-23
-26
-23
-21
-22
-23
-19
-17
-16
-14
-16
-20
-20
-22
-26
-25
-23
-24
-27
-24
-26
-25
-21
-25
-27
-28
-27
-26
-26
-29
-28
-27
-32
-31
-31
-29
-32
-34
-31
-30
-25
-29
-26
-25
-24
-20
-26
-23
-30
-32
-31
-31
-24
-27
-22
-22
-27
-25
-21
-22
-23
-24
-22
-23
-24
-23
-22
-20
-23
-20
-17
-17
-23
-18
-16
-12
-12
-16
-13
-10
