16
20
17
20
19
16
19
25
24
25
25
20
22
22
24
25
20
21
19
20
13
9
10
6
8
11
7
4
12
12
10
14
12
16
13
12
10
14
18
21
17
10
13
13
14
13
13
17
21
17
17
21
17
15
9
9
9
10
5
1
0
-3
-1
1
8
6
6
5
2
3
7
12
10
11
9
11
9
1
4
1
3
7
0
1
2
2
-3
-7
-4
-1
1
-3
-1
-5
-12
-7
-13
-9
0
-5
-7
-1
-5
-5
0
-4
2
1
0
3
2
6
0
4
7
1
-2
-5
-3
-6
-7
-9
-8
-6
-2
-4
-2
-2
1
0
-5
-6
-14
-2
-2
-9
-7
-10
-7
-4
-2
1
1
1
2
-1
-1
-3
-5
-10
-12
-12
-13
-10
-15
-16
-17
-19
-10
-8
-15
-15
-12
-11
-11
-9
-10
-11
-14
-14
-13
-17
-16
-11
-7
-7
-6
-9
-8
-4
-12
-14
-12
-12
-13
-17
-16
-16
-15
-17
-18
-21
-20
-19
-19
-20
-17
-14
-11
-11
-16
-13
-8
-6
-8
-6
-2
1
-4
-5
-8
-8
-9
-12
-13
-14
-15
-16
-18
-19
-19
-18
-13
-17
-17
-18
-12
-8
-18
-7
-14
-15
-14
-12
-8
-13
-9
-12
-11
-13
-11
-10
-17
-18
-19
-19
-21
-26
-27
-24
-24
-26
-29
-30
-30
-33
-31
-29
-27
-23
-23
-17
-22
-23
-17
-10
-8
-9
-8
-12
-4
-6
-9
-7
-10
-10
-6
-4
-4
-8
-11
-6
-5
-7
-6
-4
2
10
9
9
11
15
12
11
16
10
13
15
15
16
19
20
19
17
11
17
20
13
12
14
13
7
11
13
14
16
12
10
5
8
8
6
14
15
16
17
13
17
16
13
9
19
24
17
19
10
10
5
-1
-3
-2
-7
-9
-5
-11
-11
-14
-11
-9
-12
-14
-9
-9
-7
-1
-2
-2
-3
-4
-1
7
3
2
5
1
-1
-1
-2
-1
-1
-5
-5
0
-4
-6
-5
-1
0
-6
-2
-2
4
3
3
3
-1
1
0
5
4
8
7
5
6
1
7
8
5
4
4
1
-4
-7
-4
-2
3
2
1
3
7
10
8
12
13
17
22
17
24
30
29
25
22
26
28
25
25
24
23
24
22
21
21
21
19
21
19
19
24
22
18
22
22
19
32
24
19
27
16
14
20
22
22
26
24
22
24
28
27
24
22
18
21
17
21
19
17
20
13
20
21
19
22
22
26
27
31
26
25
24
30
31
27
28
23
23
15
21
20
21
18
16
21
12
19
14
12
10
9
12
12
16
11
14
5
1
6
9
7
4
7
9
3
7
6
5
6
-1
4
8
7
8
4
-4
-5
0
5
4
-1
-5
-5
-5
-9
-3
-4
-5
-1
-4
2
4
6
4
4
1
-2
-1
-1
-2
1
3
-1
-1
-8
-7
-12
-17
-11
-10
-10
-13
-15
-13
-11
-15
-19
-22
-23
-16
-18
-17
-17
-22
-27
-25
-22
-28
-27
-31
-34
-34
-34
-32
-32
-31
-32
-34
-33
-30
-32
-28
-25
-31
-32
-26
-33
-30
-25
-30
-29
-27
-28
-28
-25
-30
-26
-27
-26
-24
-29
-25
-26
-24
-23
-25
-21
-21
-19
-16
-20
-18
-13
-13
-8
-8
-7
-7
-6
-4
-3
-2
-5
-6
-5
-2
4
3
4
4
1
1
0
1
4
-2
5
8
0
7
5
6
12
8
13
12
6
2
3
9
12
15
15
15
12
9
8
5
8
7
4
13
16
7
8
9
9
15
5
6
11
10
10
10
9
7
8
8
3
2
3
5
1
-6
-2
-4
2
6
2
-4
-5
-2
-9
-13
-12
-11
-20
-20
-22
-25
-26
-23
-24
-24
-20
-25
-21
-23
-26
-29
-29
-25
-25
-23
-20
-24
-21
-22
-28
-24
-24
-21
-19
-16
-17
-20
-22
-27
-30
-27
-29
-25
-19
-22
-21
-20
-16
-17
-14
-14
-17
-15
-14
-12
-12
-11
-5
-11
-13
-9
-5
-6
-9
-3
-3
-6
-7
-3
-9
-6
-6
-11
-11
-9
-4
-9
-9
-11
-10
-10
-7
-3
-4
-9
-8
4
6
7
-1
3
-2
-11
-1
-3
-3
-5
-8
-12
-16
-15
-18
-14
-11
-9
-7
-9
-9
-8
-7
-9
-4
-8
-10
-7
-9
-7
-10
-14
-7
-4
-12
-10
-4
-10
-7
-4
-7
-2
-3
-2
-5
-10
-13
-15
-17
-19
-17
-12
-15
-18
-12
-13
-7
-7
-8
-5
-4
2
0
3
5
2
-5
0
5
5
12
7
4
-1
-4
-1
1
4
11
13
11
12
14
13
9
16
17
13
10
8
13
17
15
17
17
14
13
13
14
16
17
15
19
20
16
17
12
11
5
5
5
0
3
3
4
4
0
0
-1
-2
1
6
5
4
1
-3
-2
4
3
0
-1
-9
-6
-3
-12
-7
-2
-2
0
4
0
-1
-1
-1
6
-4
2
1
-5
-2
-8
-8
-9
1
-3
-4
1
1
3
6
6
4
12
4
1
8
5
7
3
-1
3
3
7
4
9
0
-5
0
5
9
6
16
9
16
15
11
14
8
15
14
14
11
13
14
15
15
16
24
24
27
22
23
22
21
24
16
15
18
21
10
8
13
11
13
9
12
17
12
12
18
16
15
18
18
20
17
11
10
10
10
7
6
7
9
8
7
4
-1
2
1
-2
0
0
-3
-8
-11
-13
-9
-11
-11
-11
-15
-6
-5
-9
-8
-10
-7
-6
-7
-2
-4
-3
-13
-12
-9
-11
-7
-11
-14
-13
-15
-19
-10
-15
-9
-5
-5
-6
-14
-6
-6
0
2
-2
-1
-1
-1
1
6
2
5
7
6
13
10
8
10
11
12
8
9
8
8
9
5
4
-1
-9
-6
2
10
9
2
6
4
8
10
16
15
12
16
13
16
17
15
15
14
16
16
14
14
18
20
16
17
19
13
12
7
5
6
6
10
7
11
13
9
15
14
17
20
21
22
14
9
11
14
9
12
8
2
6
11
7
3
2
-1
-4
-5
-6
-7
-9
-10
-9
-7
-3
-9
-8
-3
-1
-1
-7
-7
-11
-10
-11
-10
-6
-6
-12
-14
-15
-12
-9
-9
-10
-11
-9
-9
-7
-8
-7
-5
-3
1
-3
-1
2
0
3
4
5
6
3
4
7
10
7
11
9
5
5
2
6
2
4
1
0
1
-3
0
-1
-5
4
-3
-3
1
-7
-5
-7
0
-5
-7
-1
-5
-6
-7
-7
-4
-2
-10
-8
-3
-5
-7
-5
-7
-9
-12
-7
-4
-8
-9
-8
-10
-11
-11
-10
-7
-9
-7
-15
-11
-10
-9
-4
-12
-5
-4
-6
-11
-11
-6
-1
0
-4
-3
-8
-15
-11
-13
-14
-18
-25
-17
-18
-25
-24
-21
-23
-27
-17
-14
-11
-13
-16
-15
-19
-12
-10
-10
-10
-9
-4
-1
-5
-2
1
2
1
1
7
1
0
-2
-3
5
4
-2
0
2
6
3
2
0
-4
1
-4
1
8
15
8
13
18
16
14
10
12
12
20
16
19
17
15
11
6
8
3
4
3
6
10
11
7
7
6
16
20
12
14
12
15
12
4
9
14
17
23
19
19
13
17
14
12
17
13
13
9
14
13
10
8
8
12
11
11
6
4
6
5
10
14
12
12
15
16
10
15
13
12
22
19
19
17
14
12
11
12
6
4
5
2
2
0
-4
-6
-5
-5
-5
-3
1
-1
-1
-1
-5
-3
4
5
3
3
4
5
5
14
10
8
6
-2
-2
1
1
-2
-2
-1
-3
-7
-5
-6
-9
-9
-9
-3
1
1
2
0
5
6
5
12
12
12
11
12
6
3
4
7
0
1
2
-4
1
-6
-8
-12
-6
-6
-8
-4
-3
2
-4
-8
-12
-13
-15
-18
-13
-7
-6
-13
-13
-15
-17
-16
-17
-17
-25
-33
-31
-32
-23
-18
-25
-27
-28
-35
-29
-28
-30
-26
-27
-24
-19
-19
-17
-19
-23
-16
-17
-11
-13
-11
-8
-7
-1
-4
-4
-10
-6
-3
-6
-12
-10
-4
-4
-2
-6
-6
-12
-6
-3
0
6
2
4
3
6
12
14
15
20
15
18
16
12
17
13
12
13
20
21
20
16
13
17
17
19
17
18
17
11
12
14
13
12
11
10
12
14
13
14
18
14
19
16
14
18
9
10
5
5
8
4
6
3
-2
-8
-8
-8
-18
-8
-6
-6
2
-4
-5
-6
-8
-3
-3
-8
-4
-7
-10
-13
-15
-12
-18
-13
-9
-14
-14
-7
-14
-18
-17
-14
-14
-14
-11
-16
-14
-11
-12
-13
-9
-12
-11
-17
-15
-10
-13
-8
-11
-7
-8
-3
-5
-11
-4
-3
-3
-5
3
-3
-5
0
-3
-8
-6
-3
-2
2
4
6
1
2
6
4
3
6
-2
1
8
7
5
4
3
6
11
6
-1
-4
-3
-6
-3
-1
-7
-6
-6
-2
6
7
1
0
-1
1
3
3
0
6
-1
-1
5
0
4
0
4
2
4
9
12
12
9
13
17
14
10
14
10
3
1
2
7
7
5
2
4
4
8
5
1
1
3
4
-4
-6
-4
-9
-12
-14
-13
-13
-14
-15
-13
-11
-9
0
-2
-5
-7
-5
-3
-3
-4
-4
-5
-6
-7
-11
-11
-13
-9
-4
-2
-6
-5
-1
1
2
0
2
4
1
-4
-3
0
5
5
4
3
2
-2
3
5
6
1
-1
3
-11
-6
-2
-11
-4
-1
2
-1
-2
1
-2
1
-4
-6
-2
-1
-1
-2
2
4
3
0
4
1
-1
-4
-9
-5
-5
2
-2
-2
4
6
5
5
1
2
12
5
5
8
8
8
9
6
5
11
6
8
12
14
11
12
9
12
14
15
15
13
12
2
7
10
9
11
10
10
11
12
10
14
16
17
20
15
16
18
14
17
16
14
10
2
1
6
6
6
0
2
7
6
9
8
10
7
2
5
6
8
8
5
3
0
0
2
6
6
8
10
11
14
18
18
16
14
10
15
8
5
5
4
6
11
6
6
10
4
8
10
11
15
23
14
15
21
11
9
6
7
9
13
13
13
15
17
8
9
11
14
18
16
15
11
12
11
10
8
9
4
2
4
8
11
7
12
15
16
17
18
12
13
11
10
20
15
10
8
10
14
4
10
5
-2
-1
-1
3
1
0
-9
-2
-1
-2
-2
-7
-8
-11
-10
-11
-13
-15
-19
-23
-21
-15
-14
-21
-22
-25
-21
-12
-18
-20
-28
-24
-17
-20
-23
-21
-25
-28
-28
-34
-17
-16
-21
-22
-25
-14
-11
-10
-10
-12
-10
-1
-7
-9
1
-6
-3
-7
-7
-8
-9
-6
-11
-12
-10
-12
-11
-10
-8
-6
-9
-8
-5
-6
-3
1
-5
-1
-5
-5
-8
-14
-6
-10
-10
-17
-20
-21
-19
-16
-15
-22
-31
-27
-30
-25
-28
-26
-26
-26
-26
-35
-24
-22
-19
-18
-20
-18
-15
-16
-15
-17
-20
-21
-25
-26
-26
-26
-30
-32
-34
-32
-31
-30
-33
-40
-41
-38
-31
-30
-24
-23
-22
-13
-12
-10
-7
-3
-7
-7
-6
-8
-7
-11
-10
-13
-10
-7
-13
-11
-14
-13
-8
-6
-5
-8
-5
-3
-2
1
4
7
10
20
19
21
19
18
21
22
23
20
21
18
19
14
10
7
8
19
20
11
6
9
11
14
13
12
7
5
11
10
16
17
13
15
16
13
10
13
16
14
9
5
1
-2
-1
4
6
3
2
5
-3
0
1
-5
-2
-6
-7
1
5
4
2
0
-1
3
3
2
6
2
2
0
0
4
2
-3
-1
1
-1
2
0
0
-6
-7
0
-2
1
-5
-7
-7
-9
-5
-5
-5
-8
-5
-2
-4
-2
-5
-10
-7
-6
-5
-2
-4
-14
-17
-14
-14
-18
-18
-18
-20
-15
-10
-9
-5
-6
-5
-2
-4
5
5
5
1
4
7
6
10
6
7
4
3
1
3
9
9
9
11
14
16
14
11
12
11
9
2
10
10
9
12
9
6
7
8
11
15
12
9
8
14
10
9
6
-1
-1
-2
-1
-2
1
2
3
-4
-3
1
-1
-1
-2
5
9
2
-1
-1
1
4
0
-3
-5
-2
-1
0
2
2
0
-2
5
7
3
-4
-2
3
3
3
-3
-2
-2
1
1
-1
1
-4
-9
0
4
4
2
3
3
2
6
4
4
0
1
4
2
7
7
3
1
1
6
9
6
8
3
3
7
5
10
5
7
6
3
6
5
14
10
6
8
8
11
14
16
13
18
11
9
11
9
13
11
10
5
1
4
8
11
12
11
10
9
9
17
14
14
16
10
12
13
14
9
9
11
9
11
7
9
9
9
14
8
4
-4
-1
6
8
8
-4
-7
-10
-2
8
6
4
-3
-4
-4
4
8
3
0
-2
-5
-3
-4
-10
-10
-9
-5
-13
-14
-19
-20
-8
-5
-5
-7
-12
-14
-9
-5
2
-7
-12
-19
-15
-4
3
0
-15
-15
-19
-7
2
-2
-9
-11
-10
-10
-2
-3
-13
-16
-10
-3
5
-5
-8
-14
-8
7
6
14
-5
-13
-11
-5
13
16
7
-11
-21
-14
-7
-1
2
-4
-4
-17
-11
-6
-6
-3
-5
-10
-20
-17
-11
-9
-5
-6
-8
-11
-23
-19
-13
-12
-10
-6
-4
-29
-38
-40
-22
-6
-8
-21
-44
-50
-39
-24
-6
-22
-43
-50
-49
-20
-18
-22
-40
-45
-30
-32
-21
-41
-38
-37
-35
-16
-42
-44
-46
-42
-12
-11
-13
-39
-53
-30
-7
9
-6
-26
-33
-29
-17
5
8
-5
-16
-14
-14
-13
-2
-1
5
2
-10
-26
-24
5
18
18
-7
-24
-9
4
15
9
6
-1
0
24
12
-3
-22
-11
39
59
33
-38
-66
-12
55
81
30
-40
-68
-43
36
82
57
-19
-74
-37
39
83
44
-29
-50
-7
55
49
3
-27
-18
29
49
31
-22
-53
-30
29
76
36
-33
-75
-35
43
65
35
-30
-39
-2
25
44
19
-9
-13
-6
33
29
-1
-26
-22
43
51
20
-32
-52
0
37
58
26
-28
-35
-24
10
54
32
1
-37
-29
27
25
13
-16
-13
5
-9
-11
-10
-14
5
-11
-3
17
-18
-32
-49
2
50
23
-19
-59
-36
4
11
31
28
7
-32
-64
-1
59
69
11
-40
-30
5
22
13
8
13
15
-18
-8
8
18
-6
-16
15
45
16
-53
-50
7
74
43
-23
-43
-29
5
2
8
34
1
-38
-61
-27
46
20
-18
-45
-22
23
-26
-45
-12
26
46
-33
-55
-2
12
28
-21
-5
56
10
-27
-42
13
82
23
-16
-13
-3
39
-15
9
59
28
3
-56
0
78
39
1
-41
6
82
6
-4
-10
19
74
-8
12
15
8
29
-25
39
70
15
1
-57
35
85
22
16
-44
26
44
2
32
22
38
38
-9
53
64
42
33
-30
64
79
69
29
-24
24
47
65
70
39
-3
-20
-17
64
101
77
1
-59
-10
83
92
67
-3
-16
43
38
99
44
30
27
17
85
63
33
8
-11
80
108
66
9
-76
35
80
117
55
-38
-6
18
89
70
28
-10
-5
49
66
41
8
-22
48
70
65
-10
-67
5
34
101
20
-41
-55
-39
31
45
25
10
-60
-60
-24
8
81
-11
-28
-82
-62
12
-3
39
-24
-53
-37
-56
9
-8
-27
-4
-61
16
-47
-63
-46
-63
60
-3
-50
-90
-94
25
5
-18
-16
-58
-9
-67
-66
7
4
56
-52
-93
-55
-27
50
1
-30
-55
-72
-14
21
42
-10
-80
-49
9
66
0
-73
-52
12
82
-21
-57
-51
38
99
-28
-26
-70
14
60
-17
6
-75
-26
15
-19
16
-90
-50
5
15
61
-92
-68
-69
8
91
-10
-15
-97
-48
5
14
61
-1
-26
-69
-113
-22
22
75
22
-97
-96
-73
24
50
-9
-46
-65
-50
5
-14
12
-9
-21
18
-50
-22
-37
23
91
5
-55
-103
-31
115
92
17
-104
-98
30
89
96
-10
-83
-81
21
84
106
-20
-85
-3
75
132
-22
-84
-19
87
145
26
-81
-40
-14
77
30
6
5
-53
4
-30
49
12
-14
-26
3
69
14
-53
-83
6
90
85
-4
-40
-56
9
5
40
62
49
-31
-99
-58
16
109
-20
9
-63
-31
-28
-136
94
118
113
-67
-306
-25
160
243
143
-256
-105
-85
78
268
33
81
-228
-239
49
102
258
-31
-215
-52
-73
85
28
-12
134
-54
-83
-104
-15
157
53
-33
-24
-10
3
-50
-92
83
95
20
-81
-174
-10
48
49
37
-98
-97
-89
-28
135
44
-66
-162
-132
102
130
27
-75
-121
-4
52
-13
43
11
61
12
-143
-44
-28
106
104
-60
-60
-143
-47
60
21
58
-125
-112
29
112
134
-185
-208
-19
275
283
-106
-278
-230
119
281
156
25
-234
-180
-43
153
340
-29
-168
-247
2
291
39
-24
-148
31
155
-12
2
-7
74
96
11
56
28
5
-13
80
167
86
-34
-218
-5
86
162
147
-119
-66
-198
-59
219
183
220
-135
-303
-46
46
352
164
-57
-42
-193
44
110
99
108
-105
-76
46
8
6
-135
-82
100
49
-37
-128
-192
-58
5
28
108
-160
-171
-177
-48
209
19
-121
-220
-192
108
134
-18
-118
-303
-52
47
44
71
-134
-122
-71
-72
79
36
-79
40
-55
174
40
-234
-37
62
409
279
-202
-171
-136
179
422
163
200
-186
-254
60
200
498
183
-123
-87
-7
227
250
115
214
157
114
126
44
158
229
227
335
176
-41
18
23
344
415
171
147
-179
-61
225
158
441
89
-48
24
-215
272
166
136
192
-177
74
-60
-141
176
-44
153
-20
-282
-61
-332
-119
-59
-73
-1
-326
-532
-425
-274
-52
-52
-423
-370
-532
-492
-229
-225
-29
-224
-607
-407
-423
-185
37
-300
-10
-410
-417
-105
-303
186
-24
-85
20
-396
-64
48
122
414
-18
20
32
-52
302
206
390
405
68
151
166
209
387
344
494
437
14
116
164
457
641
340
348
77
80
358
476
609
419
179
209
238
429
604
468
452
272
260
397
454
517
405
305
329
286
267
257
170
334
240
125
-116
-124
11
-123
10
-173
-251
-526
-580
-324
-422
-384
-727
-954
-744
-735
-640
-939
-1219
-1002
-1144
-817
-881
-1150
-1197
-1592
-1154
-769
-611
-920
-1523
-1297
-759
-514
-654
-940
-781
-143
-235
-776
-818
-130
411
97
-3
156
-138
-239
315
961
1062
406
-4
126
731
1179
806
544
749
993
704
437
581
1043
1343
1043
696
533
842
990
972
1296
1351
1082
716
777
1304
1618
1659
1252
1051
1353
1522
1614
1459
1663
1722
1505
1532
1391
1532
1452
1350
1423
1312
1107
677
446
564
577
347
29
-549
-808
-822
-951
-1126
-1466
-1679
-2068
-2444
-2329
-2425
-2830
-2997
-3013
-2829
-3080
-3412
-3474
-3503
-3115
-3048
-2935
-2935
-3139
-3112
-2916
-2323
-2039
-2019
-2047
-1859
-1521
-1170
-1060
-1015
-433
-78
295
196
136
585
687
1333
1601
1893
2488
1710
1263
1541
2606
3941
2979
2405
2053
1817
2814
2736
3423
2987
1868
1681
1252
2132
2278
1708
1338
794
813
618
69
143
350
510
78
-801
-899
-722
-399
-348
-263
-291
-533
-878
-896
-139
531
789
277
-109
59
696
1246
1559
1505
1310
1299
1064
1610
1923
2086
1887
1346
1622
1386
1233
1065
836
1143
849
386
-183
-771
-598
-637
-654
-844
-1630
-2226
-2793
-2557
-2051
-2017
-2555
-3447
-3849
-3664
-3120
-2976
-3029
-3613
-3930
-3668
-3389
-2982
-3247
-3201
-2988
-3011
-2685
-2631
-2367
-2015
-2001
-1486
-1368
-1192
-819
-837
-245
74
613
1086
812
1016
1423
2035
2594
2501
2754
2895
2769
3174
3338
3778
3700
3213
3212
3094
3335
3211
2777
2617
2397
2232
1841
1199
1073
1097
998
573
57
-104
-375
-629
-719
-346
-191
-407
-1053
-1314
-674
-109
326
68
23
163
178
690
1244
1755
1880
1486
1530
1781
2164
2529
2318
2543
2441
2212
1938
1619
1972
1897
1699
1199
620
376
-63
-269
-383
-577
-997
-1942
-2551
-2588
-2540
-2506
-3233
-3769
-4083
-4444
-4095
-4422
-4346
-4703
-5099
-4505
-4842
-4539
-4683
-4862
-4252
-4397
-3687
-3358
-3840
-3122
-3102
-2130
-1463
-1955
-890
-1113
-175
437
467
1838
1707
2016
2253
2591
3840
3929
3923
4447
4376
4720
4586
4699
5218
4822
4633
4352
4037
3899
3646
3256
3045
2386
1827
1249
569
525
299
-208
-756
-1504
-1807
-1806
-2210
-2097
-2254
-2202
-2045
-2588
-2413
-2059
-1743
-909
-863
-501
-257
-516
537
1030
2099
2574
1952
2274
2347
3183
3902
3781
4123
3597
3215
3376
3221
3773
3324
2739
2212
1476
1423
1076
617
139
-580
-1155
-1724
-2415
-2523
-2945
-3490
-4078
-4531
-4692
-5202
-5683
-5756
-5587
-5689
-5961
-6346
-6371
-5966
-5889
-5742
-5484
-5315
-4780
-5090
-4723
-3810
-3149
-2170
-2424
-2522
-1740
-998
594
1158
1082
1974
1554
2605
3252
4170
5712
4915
4983
4939
5739
6770
6454
6397
6616
6108
5909
5402
5406
5943
5055
4403
3395
2875
2672
1908
1243
1071
390
-336
-1415
-2404
-1964
-2304
-2366
-3000
-3636
-3267
-3764
-3801
-3218
-2778
-2292
-2825
-2889
-1677
-1235
-381
-55
284
1229
961
1805
2561
3024
3677
3231
3816
4229
4233
4535
3957
4156
4258
3885
3794
2911
2815
2331
1596
1327
594
367
-656
-1480
-1861
-2313
-2596
-3631
-4374
-4697
-5084
-5336
-6018
-6528
-6591
-6841
-6763
-7103
-7301
-7024
-7175
-6812
-6769
-6630
-6408
-6047
-4796
-4386
-4446
-4575
-3738
-2561
-1299
-100
392
15
-424
1173
3405
5002
4629
4341
4392
5206
6381
7557
8578
7800
7301
6741
7407
7954
8031
7714
6889
6263
5693
4956
4081
3791
3496
3270
1679
229
-869
-1369
-1402
-1811
-2254
-3291
-4623
-5302
-5065
-4255
-3898
-4619
-5120
-5433
-4707
-3853
-3117
-2532
-2265
-1793
-1293
-713
493
1453
2164
2740
2906
3977
3873
4569
5140
5671
6291
5571
5575
5242
5340
5600
5338
4920
4251
3117
2490
1899
1712
1420
229
-736
-1801
-2351
-2924
-3501
-4147
-4883
-5482
-6400
-6912
-7471
-7598
-7255
-7958
-8194
-8918
-9128
-8259
-8296
-7598
-7678
-8258
-7561
-7763
-6486
-4716
-4945
-4139
-5161
-4181
-1962
-1266
1445
1194
52
54
1110
5340
6889
5525
5503
4880
6387
8025
8739
10413
8787
7602
7970
8209
9331
8723
7677
7794
6493
5847
5002
3520
4042
3636
2782
1369
-1048
-1453
-1746
-2450
-2018
-2970
-4066
-5317
-6647
-5039
-4037
-4143
-4630
-6344
-5622
-4243
-3370
-1822
-2405
-2158
-1338
-1023
1173
1755
2358
3031
2846
4504
4981
5040
5720
5710
6735
6804
5989
6159
5449
5916
6083
5284
4782
3081
2392
2102
1731
1442
231
-1383
-2166
-3015
-3019
-3556
-5063
-5785
-7139
-7009
-7146
-7686
-8120
-9262
-9576
-9404
-9226
-8560
-8808
-9636
-9493
-9517
-8165
-7703
-7478
-6403
-6849
-6141
-5380
-4495
-3098
-2366
26
982
-905
-1347
1019
5057
6859
5039
4792
5211
5914
8154
9624
11302
9720
7623
8115
9281
10694
10395
8991
8284
7654
6891
6250
4822
5211
5247
3835
1833
-173
-562
-717
-1567
-1796
-2280
-3876
-5340
-6785
-5378
-3920
-3970
-4910
-6376
-6326
-5380
-4107
-2514
-1901
-2275
-2092
-2029
-375
1364
2735
3416
3183
3553
4107
4884
5971
7117
7289
7067
6227
6122
6367
6657
6977
6447
5618
4289
3132
2439
2389
2305
1605
138
-1471
-2665
-3325
-3609
-3667
-4299
-5776
-7304
-8352
-8180
-7868
-7884
-8602
-9784
-10245
-9929
-9844
-9486
-9220
-9029
-9046
-9760
-9005
-8719
-7750
-6697
-5994
-5242
-5782
-5568
-4026
-727
1542
71
-2682
-1072
3333
6518
5412
4183
5247
5783
7434
8791
11086
10344
8075
8064
9857
11599
10641
8968
8345
8648
8407
7394
5341
5088
5202
4878
2959
794
337
-554
-1366
-2212
-2054
-2768
-4788
-6636
-6290
-4660
-4010
-5144
-6544
-6423
-5524
-4487
-3948
-3201
-2761
-2177
-1851
-930
499
1638
2499
2761
3928
4913
5043
5130
5924
7442
8076
7415
6877
6636
6869
7278
7028
6697
5725
4472
3588
2888
3121
2631
928
-562
-1580
-1800
-2521
-3947
-4477
-5080
-5919
-6804
-8152
-8030
-8312
-8603
-8988
-9966
-9900
-10158
-9922
-9542
-9504
-9594
-9546
-9575
-8641
-8698
-8410
-7712
-7005
-4989
-5260
-5370
-5301
-2204
1573
762
-2372
-2241
2270
6334
5794
4109
5250
5270
7115
8512
11368
11562
8231
7943
9295
12462
12291
10135
8752
8831
9115
8688
6822
6190
6495
5714
4014
1603
1473
1106
-152
-1453
-1418
-1822
-3558
-5795
-6184
-4525
-3746
-4417
-6118
-6869
-6063
-4889
-4030
-2997
-3223
-3291
-3155
-2056
307
1288
1520
1700
2279
4209
4609
4506
5320
5778
7357
6882
6495
6356
5936
6760
6493
6419
5753
4177
3386
2809
3071
2806
1062
-495
-1851
-1857
-2271
-3352
-4401
-5168
-5635
-6599
-7566
-8157
-8302
-8328
-8548
-9397
-9765
-10375
-10144
-9869
-9242
-8745
-9625
-9800
-10000
-8947
-7942
-7652
-7321
-7389
-6711
-5375
-4981
-4339
-3138
-425
1596
-1353
-2783
-363
4836
7201
4522
4439
4961
5828
7598
9628
12302
10487
7505
7875
9936
12340
11396
9365
9003
8562
8434
7266
5842
6237
6377
5292
2789
664
942
763
-416
-883
-1273
-2298
-4434
-5938
-4413
-3029
-2929
-4564
-6290
-5169
-3608
-2297
-2810
-3494
-2612
-971
270
699
826
1359
2204
3351
5408
5834
4882
3574
4704
7083
8232
7364
5613
4885
5071
6069
5948
5520
4115
2854
1738
1281
1507
834
-445
-1960
-2815
-3300
-3859
-5045
-5552
-6168
-6441
-7024
-8083
-8342
-9211
-9057
-8840
-9434
-9123
-9731
-9716
-9749
-10129
-8604
-8641
-8275
-8346
-9243
-8352
-8346
-6654
-4445
-4816
-4799
-4557
-1300
278
-2968
-2205
1615
5624
4583
1621
3525
5633
7334
8870
10482
10781
7908
6697
9716
13237
13807
11125
8693
8533
9332
9839
8959
7627
7437
6793
4376
2049
2208
3286
2292
-71
-1403
-1668
-3166
-4409
-4548
-3244
-2402
-4430
-6586
-7461
-5508
-2877
-2869
-3708
-4450
-4179
-2652
-1878
203
1533
973
817
866
3426
4571
4146
4603
5143
6246
5754
4876
5422
6208
6679
6049
4755
4311
3781
3262
3001
2911
2582
964
-1119
-2105
-1789
-1747
-2514
-3882
-5151
-5962
-6673
-6782
-6665
-7132
-7633
-8693
-9407
-9437
-9541
-8817
-8830
-9145
-9412
-9972
-9452
-9236
-8520
-8021
-8580
-8396
-8242
-6691
-5737
-5938
-5229
-3243
299
-197
-3985
-3761
1006
6403
6016
2928
3391
3961
6491
9029
11572
12506
8331
7003
9065
12885
14464
11594
9824
9805
9706
9841
8139
7628
8356
7311
5786
2583
1909
2467
1493
722
-69
-981
-2923
-5469
-5234
-3303
-2525
-3734
-6425
-6987
-5778
-3910
-3395
-3919
-4315
-3763
-2611
-1685
-559
-2
480
946
2411
3842
3961
2944
3383
5419
7175
6890
5161
4644
5005
6256
6689
6216
4940
3514
2777
2869
3299
2957
1455
-729
-1539
-1640
-1759
-2659
-3883
-4349
-5172
-6138
-6624
-7107
-6829
-7295
-8102
-8642
-9717
-8920
-8808
-8822
-8737
-9615
-9439
-9638
-9346
-7992
-8791
-8849
-8585
-9132
-7037
-6966
-5404
-4882
-4791
-964
-1586
-3637
-3626
22
5935
5040
1433
2659
3706
7541
8990
10167
12057
7806
7728
9376
13062
15197
11992
10179
9869
9880
10972
9658
8426
9171
7719
6715
3340
2520
3931
2896
1636
188
-973
-2384
-4245
-4370
-2455
-2653
-4048
-6106
-6889
-5354
-4378
-3851
-3497
-4328
-4436
-3900
-2813
-523
-61
102
456
593
2316
2802
3165
4255
4546
5693
4927
4483
5063
5389
6115
5974
5330
4438
2992
2787
3628
3455
2974
698
-761
-1627
-1606
-1312
-2147
-3352
-4615
-5498
-6274
-6259
-6619
-6175
-7114
-8036
-9075
-9649
-8843
-8398
-8121
-8629
-9442
-9591
-9329
-9707
-8552
-8554
-7666
-7576
-9357
-8999
-9420
-6835
-3382
-2501
-729
-3404
-6939
-5491
-314
7916
7361
583
-1201
456
6703
11147
11157
11948
7218
5264
8210
11702
16726
13802
10756
10140
8852
10078
9515
9519
11369
9655
7487
3603
877
3756
4390
4518
2729
-860
-2959
-5709
-4479
-787
-389
-2371
-6882
-8708
-6759
-4409
-2501
-2911
-4043
-5413
-5778
-4244
-1357
335
766
-105
-107
677
1670
2865
3910
5891
5744
4844
3355
4281
5904
6913
7384
6164
4806
3086
2969
4032
5308
4660
2481
-251
-1229
-1072
-404
-211
-1839
-3428
-5105
-5634
-5836
-5516
-5583
-6407
-7140
-8358
-9134
-9303
-8848
-7829
-8281
-8663
-9470
-11239
-10130
-9035
-7861
-7381
-9310
-9479
-10267
-9460
-7214
-7714
-5311
-3771
-2688
-1560
-5588
-6134
-2003
4192
8487
2713
-1272
519
3337
10436
12263
12392
9415
3674
6911
11686
16713
16717
11004
9602
9759
9860
11319
10740
11553
11134
7279
5290
2746
3998
5873
4437
3190
660
-2181
-4095
-4588
-1859
311
-2114
-5570
-8462
-7913
-4711
-3520
-3166
-4117
-6186
-6053
-5161
-2791
-231
-446
-384
-911
-378
1493
1664
3239
4744
4969
4948
2923
3682
5435
6338
7441
5912
4816
3699
3114
4208
4820
4577
3022
205
-822
-631
-218
-124
-2127
-3266
-4619
-5479
-5763
-6222
-5748
-6451
-7482
-8601
-9266
-9060
-9134
-9004
-9125
-9705
-9694
-10452
-10627
-9451
-8999
-8378
-9521
-9529
-8970
-9767
-8402
-7911
-5857
-4058
-3083
-896
-3178
-5781
-3630
2022
7885
5755
355
591
2663
8452
11861
12481
11530
5969
6329
10313
15112
16990
13011
10637
10263
10217
11197
10830
10970
11515
9305
6834
3552
3085
5214
5279
3927
1454
-1373
-3654
-4718
-3112
-471
-1306
-4848
-8113
-8934
-5794
-3274
-3763
-5091
-6973
-5795
-4253
-3533
-1929
-1644
-496
37
155
1410
1385
1895
3959
5575
6808
4458
2849
4304
6419
8990
7587
5359
3633
3358
4832
5436
5323
3860
1179
-471
-696
-49
284
-1564
-3081
-4543
-5231
-6090
-6762
-6126
-6286
-7148
-8988
-9884
-9776
-9631
-9010
-8796
-9723
-10601
-11522
-10060
-8578
-8997
-9426
-10820
-9539
-8151
-8564
-8270
-8508
-7055
-4427
-3388
-343
-976
-5112
-5056
-898
7341
7952
1895
385
1927
7296
11116
11356
12229
8387
6470
9455
12940
16844
14053
10821
10776
10396
11584
10690
9607
10959
9960
8162
4712
1963
4301
4679
4041
2158
-1118
-2915
-5344
-4493
-1370
-1282
-3876
-7945
-9186
-6714
-4446
-3569
-4613
-6378
-6519
-5575
-3631
-1124
-668
-692
-1103
-135
1751
2523
3038
3492
5097
5964
5701
4516
4911
6420
7744
7620
6280
4935
3710
4510
5128
5747
4121
1685
-195
-1149
18
72
-932
-3244
-5050
-5712
-6065
-6379
-6498
-6848
-7747
-8875
-9897
-9761
-9922
-9674
-9748
-9189
-9302
-11283
-11632
-11280
-8466
-7830
-9483
-9871
-10925
-9557
-8485
-7200
-4458
-3087
-1199
-2527
-7381
-6191
143
7427
7902
555
-990
735
5726
11617
12848
13218
7413
3728
8389
14217
18567
15058
10362
10841
10253
10929
10882
10877
13133
10869
7080
3444
2064
5484
6083
4318
2376
-1280
-3752
-5989
-4623
-166
-669
-4355
-9331
-10635
-7390
-4729
-3529
-4434
-6542
-7767
-7447
-5102
-984
181
-245
-1802
-1569
670
1682
3542
4623
6093
5717
4237
3911
5505
7856
8723
8184
6632
5193
3860
4413
5644
6897
5674
2322
-436
-1584
-164
561
-164
-2194
-4865
-6268
-6935
-6405
-5904
-6418
-7625
-9394
-10226
-10410
-9674
-9539
-9547
-9967
-10357
-10349
-11332
-10937
-9481
-8776
-8982
-9626
-9910
-8606
-8595
-6705
-4854
-2809
519
-2476
-5980
-6066
831
8637
6754
1956
469
2432
7534
10661
12947
13535
8362
6595
8842
14934
18331
13924
11424
11132
11688
11745
9965
10728
12020
10415
7618
3192
2607
4500
4081
3086
1025
-1006
-3789
-6660
-5652
-2400
-2128
-5193
-9890
-10626
-7881
-5892
-4648
-5636
-7117
-7902
-7238
-4338
-1302
-904
-1642
-1952
-229
2174
2399
2862
3870
5441
6403
5799
5529
6070
7107
8152
8121
7678
6499
4599
4208
5588
6467
5341
2482
-226
-520
-208
59
-1167
-3365
-4659
-6290
-6494
-6125
-6545
-7550
-9191
-9838
-9630
-10087
-10274
-10608
-11090
-10476
-10847
-10792
-11051
-10965
-9956
-10095
-9626
-10620
-10376
-8957
-7584
-6226
-5114
-1694
-672
-4980
-7417
-2073
6043
8217
2177
165
2120
5887
10353
11727
13926
10063
6602
8291
13554
18951
16707
12119
10937
11633
12749
12191
10941
12386
11316
9108
5082
2670
5268
5524
4204
1583
-1076
-2786
-5574
-5363
-2811
-2251
-4067
-8914
-11246
-9968
-7049
-4388
-5250
-7678
-9423
-8996
-6270
-2854
-730
-819
-2880
-3016
-854
2461
4273
4436
5028
4980
5311
5190
6374
8493
9809
9068
7074
6110
6269
7145
7460
7475
6152
4056
1783
610
1415
1959
735
-1813
-4037
-5093
-5652
-5916
-5681
-6362
-7957
-9913
-10950
-10655
-10009
-9463
-10124
-11762
-12327
-12771
-11789
-10201
-10217
-10313
-12371
-12044
-10655
-9684
-8368
-9102
-8437
-6422
-2940
90
-2808
-7530
-4916
2446
8962
6155
501
982
3521
9722
12939
14402
12533
7126
7421
12285
18211
19079
14096
11281
11926
12447
12989
11733
12142
12378
9796
6853
3474
4068
5427
4619
2867
269
-2133
-5169
-6352
-4014
-1777
-3122
-7506
-11012
-10911
-8060
-5497
-5513
-6826
-8030
-8671
-7492
-5127
-2022
-772
-1461
-1535
-1195
951
2197
3613
5728
6642
6576
4511
4733
7304
9676
10142
8605
6907
5966
5807
6420
7599
7609
5764
2317
229
390
1619
1318
-484
-2871
-4855
-5453
-6486
-6004
-6065
-7237
-8277
-10841
-10988
-10571
-10571
-9632
-11420
-10902
-11474
-13141
-11832
-11253
-8977
-10156
-12609
-11652
-11414
-9501
-8129
-8488
-6285
-5398
-1737
-1116
-6685
-5865
-1037
7328
7647
1370
843
2177
7312
11489
13668
14460
8913
5739
9689
16418
20503
15767
11162
11257
12172
13158
11965
11927
12615
10670
7623
3816
3414
5729
5037
3300
581
-1166
-3848
-6419
-4857
-2320
-2058
-6342
-10498
-11417
-8992
-6074
-4588
-5755
-8185
-9654
-8882
-4689
-1323
-236
-2274
-3497
-2115
950
3434
4109
4550
4651
5070
5005
6055
7561
9039
8882
7918
7323
6459
6298
6812
7600
7220
5300
3078
1615
1094
1884
1410
77
-2384
-4222
-4693
-5070
-5120
-6001
-7084
-8460
-9292
-9892
-10135
-10433
-10014
-9818
-10642
-11857
-12123
-11292
-11039
-10076
-9688
-10698
-11760
-12301
-10350
-8669
-7715
-7044
-6539
-1298
-508
-6000
-9396
-2842
7933
9129
1842
-1803
799
5428
11718
13572
15402
9622
4138
6741
14726
22780
17677
11331
9654
11784
13017
12385
12185
13687
12095
8081
3899
2537
6550
6474
4545
1530
-810
-3172
-6420
-5305
-1271
-649
-4533
-10703
-12238
-9687
-6445
-4296
-5220
-7198
-10169
-9618
-6994
-2223
72
-1142
-3325
-3414
-968
1561
3620
4826
6135
4568
4266
3450
6148
9355
10006
9562
6583
6168
5307
5979
8241
8833
7039
3732
649
633
1949
2886
2088
-1542
-3454
-5469
-5815
-4672
-4918
-5287
-7838
-10180
-10450
-10812
-9275
-9292
-10234
-10678
-12603
-12879
-13017
-11030
-9463
-10783
-12367
-12934
-12352
-10395
-9862
-9580
-8010
-6767
-1299
-2075
-7122
-9474
-3850
6836
7995
2689
-1771
-379
4541
10980
14498
15378
9490
4277
7546
15190
21921
17677
12215
10962
12553
13381
12731
12773
14023
12757
8999
5162
3574
6447
6669
5108
2586
274
-2860
-5744
-5064
-1077
-319
-4530
-9124
-11497
-9264
-6635
-5006
-5261
-7068
-9474
-9781
-7326
-2756
-522
-2121
-3388
-3409
-635
1057
2123
3928
4892
5146
3849
3444
5681
7963
8547
8090
7418
6673
5567
4935
6622
8181
7612
4643
1310
799
1767
2463
1847
-130
-2460
-4040
-5593
-4795
-4037
-4827
-6651
-9492
-9460
-9381
-9059
-8989
-10195
-10042
-11165
-12343
-12034
-11697
-9730
-11424
-13102
-12100
-11920
-9866
-10767
-10875
-7676
-4098
-726
-5844
-11363
-6246
1159
7439
4087
-800
389
726
7383
12186
15009
13026
5393
6033
12737
19478
19574
13674
11919
13480
13174
13470
12476
13762
14378
10687
7450
4365
5664
6989
5296
3952
1715
-992
-4728
-5689
-2505
-503
-2788
-7848
-10628
-10457
-7459
-5438
-5522
-7160
-9572
-9879
-8177
-4457
-2140
-2525
-4368
-3923
-1896
596
1353
1856
3492
4077
4530
3268
4228
6471
7811
7732
7017
6215
5774
5520
5980
7425
6959
5322
2462
1552
2366
2517
1751
-44
-1637
-2696
-4208
-4410
-4425
-4755
-6006
-8191
-8620
-9497
-9102
-9248
-9793
-9755
-10986
-10938
-12047
-13231
-11103
-10563
-10879
-13136
-13923
-10882
-9856
-8179
-7756
-6946
-4232
-6278
-7889
-3934
410
4825
633
-977
2493
4014
9375
9118
11580
11276
8833
10472
12942
18025
18291
13961
12700
14295
14697
15038
12974
13752
12848
10647
9070
6180
7132
6850
5151
3238
681
-514
-2574
-3666
-2195
-2729
-4292
-7845
-9383
-8629
-6963
-6203
-7559
-8662
-8954
-7969
-7416
-5042
-4610
-3498
-4022
-3832
-1626
-270
1753
1305
2600
3743
4500
4266
4536
6318
7845
7803
6827
6552
6421
7269
6729
6794
6609
5243
4041
2560
2785
3115
1773
362
-1883
-2177
-2863
-4232
-4293
-5355
-5432
-7954
-9416
-9221
-8531
-8901
-11018
-11456
-10938
-10293
-13011
-13093
-12482
-11350
-11939
-14823
-13491
-12710
-10508
-10532
-8289
-3026
-4440
-12135
-13558
-2867
7010
5913
-3488
-4282
-461
5722
11230
12017
13527
7925
5038
8742
17476
23537
17731
12085
12320
14894
15839
14840
14758
16097
14396
10517
6364
5742
9201
8892
6082
3479
551
-2411
-4995
-3075
396
-519
-5369
-10895
-11922
-9645
-6013
-4780
-6396
-10258
-12676
-10746
-7664
-2890
-2769
-4864
-6375
-6034
-2202
161
2035
2929
2580
2718
2485
3383
5729
7917
9198
7653
6361
5855
5878
7247
9118
9381
7267
4384
2436
3105
4666
5405
3313
188
-2230
-2743
-2636
-2598
-2251
-4119
-6414
-9170
-9414
-7954
-8496
-8627
-10764
-10799
-10980
-12429
-12773
-13466
-11551
-11662
-12613
-15302
-14546
-13317
-11584
-9926
-8891
-4081
-6134
-10829
-13246
-4701
4760
5621
-950
-3892
-770
3188
10059
12211
15352
9797
5415
8097
15243
23278
19627
14384
13236
14707
15856
14861
14933
17196
15286
11781
7065
5773
8445
8670
6856
4276
1242
-1985
-5028
-4665
-118
-428
-3766
-10407
-12509
-10166
-7729
-5069
-6967
-9020
-12072
-12283
-9534
-5078
-2470
-4118
-6350
-6974
-3819
-1200
1188
2414
3184
3164
1656
2637
4408
8188
9195
8046
6879
5722
6488
6690
8916
9828
8794
6156
3272
2939
4332
5552
4933
2207
-670
-2081
-3213
-2115
-1965
-2233
-4573
-8018
-8599
-9570
-7558
-7315
-9425
-10103
-12279
-11531
-11427
-12674
-11749
-12846
-12255
-12873
-15477
-13816
-13865
-11063
-9016
-8191
-3811
-8667
-13096
-10707
-2074
7182
3392
-3849
-4164
-937
7321
11795
12739
13036
5977
6472
10503
18866
23449
16822
13508
13011
15208
16526
15605
15904
16661
13865
11063
6406
6641
9726
8918
7116
2894
203
-3116
-4534
-1799
435
-1176
-6032
-11406
-12455
-9419
-5492
-4894
-7449
-11372
-13003
-11143
-7635
-3676
-3309
-5243
-7230
-6440
-3581
456
1378
2586
2067
2180
2480
2255
6200
7762
9627
7662
5784
5854
6326
7931
9481
9594
7889
4956
2631
3777
4998
6089
3794
609
-1236
-2541
-2402
-1689
-1898
-3251
-6393
-8323
-8366
-8125
-7343
-8315
-10116
-11252
-11882
-11744
-11076
-11986
-11714
-12135
-13410
-13738
-15045
-13983
-11462
-11052
-10607
-11483
-7552
-4007
-8405
-10407
-7252
1134
4166
-453
-2367
31
3174
8524
10667
12848
11422
5967
8810
13976
21980
20144
13651
12902
14310
16800
16235
14853
15372
14978
12097
9106
6329
8868
9460
7063
4189
1289
-275
-2712
-2880
-785
-995
-3821
-8163
-10996
-9259
-7583
-5159
-5777
-8396
-10881
-12231
-8710
-4886
-2050
-3186
-6807
-6662
-4533
-407
2002
2292
2619
1019
1456
2572
5626
8443
8597
7138
5508
5622
6880
7931
8871
9750
7204
5004
3156
3974
5696
5271
3898
735
-881
-1503
-1896
-1737
-1812
-3092
-5167
-7452
-7989
-7801
-7471
-7783
-9005
-10301
-11095
-11180
-11857
-10316
-11163
-11497
-12459
-13870
-12677
-13644
-12708
-12304
-10889
-9238
-6787
-5296
-7504
-12181
-8938
225
4342
3434
-4691
-2965
259
6986
12897
11720
11150
4963
6516
11787
19355
21186
15654
12181
12755
14332
15128
15958
15536
15642
12331
9259
6205
7157
9980
9072
5895
2234
-859
-2568
-2718
-273
677
-2262
-6363
-10825
-10179
-7786
-4196
-4408
-7283
-10580
-12413
-9076
-5670
-2135
-3156
-5914
-6641
-5749
-2091
535
2139
2454
815
426
1055
3744
6724
7466
6905
5465
4684
5292
6224
8107
8821
7419
4856
2569
3212
3859
5062
3935
1516
-583
-2351
-1897
-1892
-1845
-2670
-5314
-6607
-7740
-7389
-6580
-8275
-8197
-10067
-9991
-10138
-11634
-10497
-11110
-10759
-10706
-13308
-13036
-13651
-12730
-9393
-11162
-9475
-9746
-6009
-3486
-9059
-8915
-4842
1666
4142
-888
-1754
665
3028
9942
10340
12555
9524
5455
10074
14635
21220
17494
12360
12703
14416
15430
15413
14327
15260
13798
10449
8352
6605
9640
8733
6140
3703
1604
-383
-2357
-2125
133
-842
-4502
-8137
-9925
-7573
-6058
-4694
-6393
-8162
-10216
-9958
-7044
-3932
-2369
-4657
-5597
-5557
-2632
-591
1200
2046
1820
1525
813
3026
5011
7192
6954
5882
5441
5096
6016
6584
7472
7681
5890
3368
2775
2928
4279
3581
1554
-49
-2306
-1924
-2502
-2192
-2980
-5559
-6637
-7619
-6578
-6860
-8533
-9890
-10006
-9071
-9489
-10724
-12181
-11571
-10702
-11270
-12455
-13794
-13373
-11760
-10642
-9601
-7770
-5473
-6471
-11598
-9776
-2772
2950
2084
-3339
-2516
-528
4630
9048
10745
11123
7074
5658
9525
16968
20634
16394
12065
13105
14792
15920
15245
15286
15977
14024
11010
7315
7777
10420
9864
6730
3513
1436
-838
-2570
-679
701
-698
-5453
-9666
-9682
-8073
-5336
-5379
-6718
-9406
-11873
-10808
-7125
-3273
-2707
-5882
-7920
-6331
-3247
224
932
1552
837
-195
1338
3071
6046
6983
6232
5402
4759
6052
6688
6684
7492
7597
6070
4193
2744
3707
4427
3736
2354
-539
-1090
-2145
-2264
-2216
-2803
-4178
-6879
-8137
-7655
-6706
-7797
-8414
-10412
-10294
-10681
-11418
-11041
-11468
-11429
-12674
-13874
-13642
-12094
-11358
-9610
-9473
-6088
-7288
-11859
-9949
-4995
2388
800
-3722
-3527
-1424
4487
8494
9219
10030
6360
6233
10020
15808
20255
15250
12886
13521
15075
16459
15609
15935
15938
13968
11986
8969
8816
10954
9393
7520
4620
2426
106
-1824
-250
420
-1487
-4695
-8746
-9450
-8011
-6971
-5815
-7276
-9684
-11852
-11871
-7771
-4361
-4172
-6159
-8817
-7428
-4631
-1121
1508
804
72
-1457
93
3980
6434
7366
6042
4815
5409
6018
7461
8303
8508
8291
5754
4801
4731
5306
5879
4702
3210
910
-955
-1197
-1407
-815
-1376
-4209
-6364
-8251
-7629
-7126
-7179
-7353
-10065
-11844
-12264
-11756
-10400
-10765
-12550
-13241
-15342
-14230
-12329
-11465
-9426
-10896
-8419
-7176
-10725
-10725
-7117
-316
2438
-3007
-3883
-2553
1624
8787
8857
11180
8074
5401
9182
13338
20791
19031
14218
14011
14024
16434
17266
16569
17771
15558
13087
9917
7825
11471
11747
9207
5930
2364
949
-1032
-773
1057
-727
-3684
-8260
-10096
-8776
-7218
-6329
-7922
-9159
-11732
-12043
-10346
-7069
-4513
-5757
-7658
-8624
-6959
-3593
-700
678
1004
-749
-163
669
4433
7746
6973
7008
4527
6057
7097
7880
9508
8674
8302
6104
4807
5454
5753
6214
4821
1822
1193
-533
-1022
-1054
-1850
-1861
-4437
-6996
-7956
-8727
-7176
-7641
-9571
-9452
-12639
-11929
-12808
-13244
-9987
-12778
-13629
-15369
-16084
-11366
-12218
-11726
-9678
-9444
-5469
-11998
-12955
-6025
-1931
3994
-2975
-4376
-1575
-93
8561
9404
11517
9766
4795
8627
13244
20271
20300
14414
13829
14782
16079
17082
16244
17439
16852
12834
10191
7709
10735
11727
8808
6329
2712
788
-1401
-1316
739
42
-3459
-7900
-10534
-9105
-7449
-6389
-7706
-9043
-10269
-12213
-11071
-8086
-4801
-4504
-5945
-8158
-7501
-5143
-1253
1565
2096
1402
-1402
-182
2732
7807
9400
7344
5935
4297
6067
8137
9975
10584
8663
6581
4333
4448
6730
6960
6151
3325
341
-422
-1302
-448
-238
-1685
-3382
-7146
-8435
-7650
-7260
-6211
-8898
-10351
-11383
-13736
-11538
-11869
-10705
-10624
-14785
-14968
-15827
-13438
-10715
-11956
-10110
-9038
-8184
-8736
-13815
-8646
-1691
1489
942
-6417
-3361
-585
5398
11126
10054
10176
4966
6109
11914
18651
21240
16094
12518
13701
15685
16713
17500
16768
16778
13876
10726
8954
9342
12186
10482
7208
4012
1027
-143
-1010
1109
1176
-2007
-6136
-9825
-9287
-7430
-4996
-6233
-9136
-11334
-11924
-9882
-7113
-5097
-5859
-7072
-7982
-6451
-4611
-1881
-354
-226
230
-464
716
1956
4615
6796
6543
5932
5077
5297
6993
8257
9074
8320
6692
5741
4668
5675
6113
5492
3955
1540
193
-538
-868
-733
-1394
-2813
-5224
-7428
-7008
-6804
-6810
-8717
-10026
-10393
-11614
-11808
-12092
-11429
-11511
-13011
-14886
-15290
-13178
-11206
-11501
-11636
-10275
-7096
-7888
-11950
-10084
-4556
750
-458
-4153
-2979
-735
3881
7751
9390
10424
6668
6158
10265
16460
20456
15987
13074
13634
15407
16888
16405
16335
16149
13927
11670
9242
9736
11737
9645
7231
4241
2479
644
-744
493
606
-1644
-5285
-8527
-8698
-7239
-5927
-6411
-8570
-9405
-10914
-10152
-8164
-5587
-4639
-6336
-7251
-7130
-4676
-2118
-490
211
281
-568
-399
1135
4677
6969
6268
5311
4304
5289
6425
7773
8852
8346
6994
4850
4098
5571
6199
5686
3792
1302
304
-980
-676
-31
-664
-2209
-5742
-7003
-6696
-6036
-5986
-7746
-9188
-10469
-11146
-11172
-10455
-10196
-10731
-13232
-14085
-13526
-11865
-10872
-11470
-10500
-9998
-6796
-7785
-10559
-9790
-4788
-7
-538
-3184
-3618
-1014
2708
8217
8718
9200
6030
5868
10232
15020
19442
14936
12804
13042
15071
16121
15935
15964
15309
13611
11516
9795
9410
11217
9462
7473
4796
2904
1005
-520
591
856
-1161
-4560
-7682
-7872
-6723
-5895
-6130
-7771
-8073
-10181
-10055
-8216
-5694
-3904
-5221
-6737
-7213
-5352
-2333
-335
715
621
-1249
-862
630
4458
6612
5844
5058
3506
4524
5894
6902
8141
7927
6657
4349
3135
4814
5307
5250
3477
1180
-40
-1435
-1296
-944
-754
-1918
-5025
-7062
-7668
-6916
-5904
-6876
-7621
-10372
-11837
-11512
-10558
-8511
-9920
-12402
-13906
-13718
-11061
-10380
-10603
-9728
-9765
-6228
-7341
-10618
-9114
-5169
548
59
-3248
-3107
-2306
2469
7929
8663
9858
5344
5142
9012
14222
19483
14430
12338
12652
13839
15238
15069
15493
15501
13231
11152
8657
8537
11176
9282
7518
4510
2666
653
-1079
483
960
-815
-4338
-7926
-8117
-6383
-5382
-5795
-7708
-8313
-10247
-9506
-7250
-5081
-4297
-5853
-6453
-6152
-4260
-2221
-1018
24
705
-377
268
945
3649
5534
5535
5745
4220
4640
5491
6437
7599
7840
6437
4895
3349
4405
4825
4443
3565
871
376
-994
-1137
-1196
-1725
-2268
-4704
-6084
-6688
-7046
-6530
-7350
-8167
-9004
-10410
-10422
-10748
-10122
-9676
-11533
-11829
-12320
-11532
-10431
-11105
-9090
-8503
-5468
-5960
-10824
-9639
-5022
904
1253
-2808
-3110
-2201
1988
7670
8448
9959
6402
5209
8516
13343
18741
14943
12424
12759
13856
14869
14622
14694
15513
13880
11791
8657
7752
10776
9285
7994
4895
2892
880
-1165
362
651
-342
-3880
-7336
-7977
-6774
-5480
-5837
-7333
-8053
-8703
-8998
-8239
-6422
-4372
-4433
-5095
-5876
-5486
-3311
-1657
1057
1530
538
-545
-934
2522
5843
7273
5526
3504
3569
4598
6332
7697
7371
6318
4604
3116
3254
3792
4862
3758
1681
-315
-1812
-1692
-1527
-1158
-1872
-4017
-5996
-7449
-7522
-6323
-6156
-7126
-8859
-10641
-10625
-10121
-9363
-9092
-10236
-11241
-12374
-12074
-10213
-9910
-9351
-9241
-8505
-5262
-6649
-9368
-8815
-3904
1497
392
-3076
-3124
-1424
3375
8052
8596
9290
5010
5781
9197
14282
18550
13403
11883
11806
13826
15010
14291
14563
14292
12666
11181
8530
8287
10410
8702
7620
4284
2636
714
-864
817
670
-696
-4073
-7374
-7382
-6101
-4538
-5040
-6887
-7911
-9718
-8519
-6977
-4659
-3748
-5302
-6122
-6605
-4105
-1798
-279
549
49
-659
-860
964
3937
5974
5676
4170
2770
3811
5817
6530
7545
6446
5303
3557
3152
4364
4483
4755
2547
660
-606
-1161
-899
-712
-863
-2035
-4648
-6566
-6362
-5963
-5029
-5971
-7586
-9264
-10352
-9186
-8675
-7723
-8824
-10881
-11709
-12076
-10171
-8898
-8625
-9865
-10810
-9791
-5890
-3858
-5524
-9178
-7482
-1754
503
1262
-2514
-901
529
5145
8657
7818
8296
5427
8306
11216
15602
14897
11671
11492
13393
14675
13578
13348
12204
13359
12045
10470
7879
7740
8834
7313
6027
3643
1616
213
-490
401
-358
-2327
-4618
-6965
-6354
-6003
-5018
-6101
-7005
-8310
-8837
-7533
-6208
-4522
-5258
-5465
-6162
-4579
-3144
-1671
-435
-210
10
-543
784
2248
4217
5216
4578
4076
4186
5093
5980
6401
7037
5940
4696
4417
4315
4608
3914
3420
2158
751
299
-705
-689
-1014
-1895
-2952
-4617
-4963
-5905
-5959
-5990
-6887
-7575
-8460
-8642
-8947
-9309
-9042
-9476
-9972
-10678
-11471
-10881
-10066
-8783
-9436
-9989
-9176
-5959
-3714
-6552
-9191
-6247
-1441
1483
-1
-2095
-501
95
6055
7156
9071
8529
5006
7862
9936
16560
14531
11548
11590
12314
13700
13128
12773
12993
13107
11250
9378
6442
9049
8586
7143
5674
2979
2209
-462
-184
464
-342
-1783
-5322
-7001
-6499
-6138
-5355
-6535
-6848
-7991
-8396
-7947
-7039
-5469
-4764
-4626
-5194
-4965
-4540
-2570
-611
1350
677
-14
-267
1031
3840
5785
6326
4682
4316
4244
5343
6585
7805
7088
5356
4161
3320
3869
4465
4336
2876
974
-310
-1329
-1355
-985
-1432
-2819
-4417
-5563
-6499
-6502
-6589
-6219
-7378
-7902
-9800
-10771
-9581
-9707
-8725
-10127
-11228
-11922
-12248
-10396
-9123
-9051
-8290
-8326
-5901
-5839
-8972
-6735
-3344
1115
706
-2882
-1790
-919
4032
8315
8121
8930
5279
6015
9378
13974
17358
13120
11471
11502
12670
14010
14305
13885
13711
11813
10175
7846
7831
10312
8693
7292
4084
2046
520
15
1498
986
-933
-4365
-7124
-7089
-5786
-4836
-5632
-7464
-8689
-9048
-7934
-7367
-5952
-5209
-5180
-5031
-5909
-4853
-3367
-1240
889
464
0
-860
293
3288
5724
6759
4735
3985
4391
5611
7208
8023
7511
6086
4929
4043
4383
4681
5067
3703
1475
251
-863
-973
-961
-1401
-2224
-3986
-5606
-6197
-6820
-6320
-6227
-7501
-8043
-9834
-10630
-10049
-10166
-9103
-9807
-12062
-11857
-12748
-10374
-9062
-10465
-8933
-10212
-5921
-4189
-7386
-7985
-6791
-1097
2019
-371
-1429
-1651
142
6811
7749
9993
7707
4942
7875
10352
16993
15352
11796
11859
11712
13532
14027
12931
13988
12404
11390
9119
6365
9037
8456
7751
5567
2793
1223
-643
-371
751
-651
-2426
-6193
-8465
-6677
-5987
-4896
-7066
-8225
-9056
-9299
-7820
-6705
-5370
-4943
-5236
-5833
-4856
-3793
-1492
-237
1087
836
-420
797
2140
5373
6659
6186
5231
4236
5823
7107
8172
8438
7067
5678
4685
4830
5279
5189
4348
2506
585
-79
-743
-744
-973
-2226
-3382
-5406
-5836
-6187
-6290
-6200
-7403
-8206
-9188
-9784
-9650
-9626
-9548
-9900
-10965
-11162
-11678
-11048
-9830
-9473
-9384
-9799
-8522
-6176
-3812
-4844
-7969
-5893
-1781
1686
1508
-987
434
581
5664
8404
8714
9654
5846
8452
10088
14738
15542
11665
12130
11841
13087
12609
12512
12487
12395
10745
8785
6455
7060
8181
5912
5222
2728
1087
-664
-2027
-619
-1575
-2779
-5405
-8409
-7156
-6782
-5921
-6946
-8041
-8296
-8826
-7898
-6619
-5232
-4546
-3962
-5387
-3607
-3386
-1086
401
996
2532
284
2308
2533
5211
6994
6479
6210
5034
6250
6832
7443
7881
7402
5823
5105
4039
4143
3946
3577
2656
161
-549
-2114
-2197
-1852
-2591
-3303
-5741
-6834
-6963
-7096
-6239
-7354
-8507
-9334
-10440
-9965
-9252
-8730
-9792
-10950
-11341
-10599
-10030
-9567
-9226
-9266
-7883
-7885
-5364
-3758
-4476
-6810
-5608
-492
1990
2321
-1312
166
1592
6474
9220
7744
8813
6237
8760
10346
14161
15192
11555
11492
11540
12711
12877
12118
11618
11629
10572
8867
6112
6579
7671
6396
4937
2238
500
-1104
-1515
-691
-1303
-3068
-6208
-8647
-7774
-6015
-5296
-7352
-8934
-9768
-8354
-5735
-5825
-5296
-6349
-5083
-3787
-2678
-1097
-2139
-554
489
2201
3269
3034
3459
3774
6042
7630
7354
6229
6209
6696
7666
7933
7226
6251
5293
4977
3836
3514
2993
2057
480
-356
-719
-2337
-2947
-3921
-3862
-4240
-5529
-6270
-8205
-7960
-7646
-8082
-7931
-9511
-9910
-10071
-10414
-8328
-9645
-10096
-9971
-11481
-8661
-9464
-7777
-7950
-8653
-5748
-6579
-3075
-2932
-4717
-4234
-2093
1612
3080
1109
1587
2170
4251
8981
8010
9646
7518
7784
10183
11530
14871
11979
10655
11173
11294
11912
11355
10445
10534
9441
8913
6482
5176
6398
5372
4252
2073
166
-915
-2077
-1945
-2072
-3968
-5138
-7974
-7779
-6584
-5796
-6015
-8565
-8266
-8116
-6073
-4934
-4638
-4439
-4234
-3906
-2336
-507
661
1127
345
2474
2976
4702
4847
5152
6876
6565
7491
6259
7160
7925
7596
7373
6184
6070
5177
4546
3939
3687
2574
1156
-324
-918
-564
-1941
-2754
-3968
-4016
-4998
-6187
-6549
-7059
-6780
-7898
-8435
-9285
-8971
-9065
-9030
-8665
-9226
-9338
-10790
-9968
-9029
-8320
-7602
-8867
-8239
-8622
-6865
-4531
-3783
-1250
-3780
-5584
-4389
-300
4473
3451
1272
409
1445
5838
8709
8896
9129
6565
7537
8484
11337
13873
10897
10751
9798
10115
9933
9185
10193
10105
9277
7233
3791
3770
5170
5007
3746
729
-964
-2883
-3460
-2707
-2238
-3448
-5888
-8306
-8292
-6549
-5764
-5814
-6646
-6713
-6772
-6390
-5424
-3210
-2198
-1735
-2400
-2255
-447
732
2856
3479
4171
3546
3289
4778
6403
8107
7636
6828
6081
6191
6826
6723
6895
6295
5039
3502
2734
2829
2689
1948
614
-779
-1590
-2224
-2622
-3182
-4054
-4003
-5741
-6182
-6867
-7553
-6677
-7715
-7298
-8453
-9166
-8201
-9195
-8368
-7742
-8942
-8303
-9141
-8775
-7703
-8414
-6118
-6713
-7132
-5622
-5787
-2602
-972
-2778
-4202
-3493
1080
3900
2280
1672
1331
2153
6929
7797
8865
7605
5238
7481
8504
13313
12322
8647
8935
9033
10534
10076
9270
9196
8167
7278
6109
4090
5119
4513
2872
1872
114
-734
-2828
-3063
-2249
-2782
-3900
-6476
-6953
-6017
-5443
-5177
-5820
-4684
-5492
-5773
-4984
-3742
-1338
-1226
-1419
-1441
-609
1208
2049
3245
4775
3889
3914
3843
5556
7288
6920
7110
5638
6046
6254
5501
5935
5837
5465
3975
1935
2128
2061
1974
1200
-794
-1361
-2515
-3108
-3361
-3771
-3689
-5291
-6584
-7046
-7240
-6566
-7040
-7271
-8104
-8510
-8777
-8887
-7931
-7603
-7582
-8341
-8973
-8691
-8195
-7468
-6329
-6614
-6407
-7536
-6245
-4035
-1902
165
-3562
-4736
-3115
935
4248
2645
1533
935
1973
5905
6981
8236
7444
5304
6502
7672
11469
10825
8797
9047
8814
9097
8280
7867
8533
8283
7369
5093
2819
3908
3520
3275
1897
17
-1225
-3238
-2733
-2426
-2352
-3271
-5671
-6168
-5651
-4795
-4152
-5082
-4178
-4108
-4460
-3397
-3558
-1100
-33
-164
608
-151
1837
2316
3538
5244
4475
5041
4146
5212
6587
6816
6925
6040
5736
5756
4924
5042
5278
4666
4363
2155
1577
977
869
918
-542
-1413
-2646
-3540
-3852
-3975
-4393
-4930
-6310
-6936
-7389
-7046
-6603
-7138
-7465
-7913
-8339
-7954
-7308
-7213
-6917
-7731
-7953
-7593
-7376
-6464
-6173
-6101
-5633
-6885
-4830
-3293
-1872
-9
-3809
-3623
-2760
1133
4056
1618
1332
296
1653
5291
6721
7412
6352
4221
6115
7369
10397
10549
7816
8598
7829
8255
7823
7423
8538
7564
6556
4765
2575
3751
3430
3188
2394
210
-841
-2931
-2434
-1283
-1531
-2554
-4587
-5703
-4691
-4630
-3541
-3097
-3213
-2847
-4617
-3984
-2319
-350
1290
891
-481
106
598
2956
4637
4782
5275
2302
3730
4322
6457
7752
5506
5861
3867
4868
4856
4478
5298
4241
3198
1522
472
1080
1033
332
-395
-2741
-2843
-4202
-4106
-3452
-4480
-4461
-7123
-7355
-7006
-6793
-5634
-7044
-7381
-7902
-8045
-7462
-7271
-5959
-7009
-7247
-8126
-7685
-6191
-6238
-5625
-6045
-5699
-5769
-5064
-3737
-1066
-633
-2259
-5107
-3094
1005
2843
2996
-486
840
745
4543
6216
6566
6927
3821
5356
6509
10190
10099
8044
7456
7705
8061
7491
7024
7203
7805
6393
4743
2348
2999
3713
2975
2679
449
-941
-2235
-2762
-944
-1186
-1672
-4092
-5745
-4578
-4325
-2839
-2859
-2843
-2781
-3794
-3869
-2221
-207
1801
1354
-517
-100
439
3190
4829
5050
4703
2459
3131
4313
6418
7922
5819
5169
4102
4353
5375
4733
5257
4164
2762
1834
185
893
1163
322
-544
-2942
-3226
-3934
-3936
-3488
-4503
-4815
-6298
-7275
-6967
-6524
-5926
-6216
-7209
-6827
-8116
-8080
-6894
-6011
-5282
-6324
-7525
-7587
-6867
-5826
-4386
-4876
-4067
-6755
-6095
-3911
-1327
1473
-2232
-4129
-5306
-612
2782
3267
1130
-85
371
2061
6021
6020
7177
3936
4544
5929
7812
9804
7165
7657
7751
7709
6507
5575
6628
7559
7013
5352
2480
1977
2881
3381
3122
1651
-383
-2243
-2504
-1370
-251
-1314
-2524
-4595
-4384
-3713
-2916
-2051
-1884
-1902
-3189
-3020
-2344
-98
1305
1815
829
118
973
2286
4260
4901
4982
3475
3412
4199
5420
6538
5973
5783
4443
4408
4025
3992
4511
3991
3453
1058
417
-70
256
247
-904
-1990
-3472
-3964
-4374
-3873
-4412
-4713
-6214
-6681
-6701
-6518
-5856
-6992
-6466
-7129
-6674
-6915
-6845
-6111
-6100
-5325
-6417
-6500
-6615
-5750
-4992
-5055
-5119
-5731
-5143
-3595
-2007
-699
-2563
-5450
-3495
-612
3319
1601
-1373
-968
-648
4632
5373
5309
4319
1993
4311
5603
8853
8994
5907
6061
5952
7008
7208
6289
6628
6030
5954
4641
2524
3100
3928
3420
2782
695
-311
-1107
-1073
366
-403
-735
-2834
-4071
-2959
-2003
-1273
-2072
-2214
-2128
-2073
-1155
-854
-424
1002
1705
1541
1419
1054
2629
4032
5338
5487
3376
4063
3519
5684
6869
6402
5856
3363
4550
4255
4763
4512
3329
2495
1496
769
239
-37
-213
-925
-2719
-2577
-4127
-4083
-4455
-4974
-4575
-5839
-5857
-6800
-6828
-6174
-6392
-6138
-6128
-6713
-6670
-6552
-5761
-4913
-5255
-5641
-6337
-6089
-5199
-4821
-4741
-5111
-5298
-5139
-3545
-3053
-2421
-1524
-3528
-3728
-2936
-34
1966
-159
-294
-1081
409
3730
3828
4860
3402
3018
4017
4769
8074
7431
6021
5613
5501
6184
6418
6134
6280
5708
5326
4311
2335
3671
3702
3722
2486
698
131
-638
156
369
122
-984
-2391
-3331
-2349
-1043
-705
-1629
-2441
-2349
-1566
-16
-57
104
156
1208
1845
2306
2141
2202
3742
4313
5335
3862
3958
3876
4578
6360
5768
5421
3116
3359
3872
4298
4360
2489
1464
878
898
409
-339
-1013
-1631
-2530
-2868
-3818
-4132
-4292
-4597
-4556
-5324
-5551
-6504
-6414
-5622
-5499
-5378
-6095
-6414
-6217
-5832
-4659
-4805
-5182
-5548
-6321
-5533
-4920
-4308
-4706
-5440
-5462
-5190
-4322
-4105
-3087
-2437
-2330
-4160
-4468
-1976
-149
1332
-798
-1066
-999
516
3277
3504
4782
3374
2781
3416
5575
7624
7025
5999
5483
5778
6000
6574
6200
6641
6375
5113
3761
3209
4375
4456
3690
2564
1389
611
305
740
1021
807
-605
-2076
-2453
-1643
302
335
-850
-2094
-2068
-656
706
1136
1339
639
713
1492
1858
3920
3068
3735
3219
3329
4348
2949
4623
4400
5045
4262
2644
2783
2870
3760
3478
1897
964
310
28
628
-533
-562
-1967
-2995
-2898
-3513
-2730
-3706
-4107
-4303
-5016
-4595
-4900
-4861
-4724
-5075
-4899
-5080
-4867
-4698
-4893
-4842
-4281
-4142
-4460
-4634
-5348
-4791
-4539
-4791
-4401
-5389
-5332
-5928
-5968
-3878
-4031
-2776
-3263
-5233
-5165
-4276
-1064
412
-1222
-2080
-2950
-1485
2195
2761
4271
2558
1548
2547
3324
7310
6824
6485
5975
4926
6020
6032
6908
7570
7010
6789
4755
3662
4833
5179
5945
4421
2894
1872
760
1736
2209
2280
1510
-813
-1530
-1195
-376
1026
-288
-673
-1300
-1426
612
-25
335
294
546
1741
1176
896
1029
1757
2944
3429
2285
2190
1087
2391
3732
3586
3984
1036
1712
1580
2246
2812
908
1150
140
190
-179
-882
-405
-812
-1450
-1591
-2787
-2351
-2435
-2509
-1849
-3183
-3039
-3994
-3961
-2952
-3442
-3156
-3791
-4400
-3957
-4472
-3771
-3542
-4369
-4063
-4914
-5427
-5465
-5637
-5530
-5267
-6075
-6529
-7053
-7228
-4979
-4926
-4055
-4127
-6328
-5863
-5427
-2165
-52
-2108
-2242
-3516
-1864
1920
2182
3846
2469
1743
3107
3465
7092
7617
6730
6796
5608
6657
7336
7312
8715
7778
7546
6439
4415
5979
6076
6862
5971
3750
3170
1693
2587
3375
3364
2667
-133
-1224
-926
368
1538
407
-873
-1836
-1720
-869
-687
-62
34
-567
-859
-1260
-259
112
596
1007
601
533
-512
-22
1073
2573
2391
1086
85
128
1117
1941
2464
1462
1033
-155
145
694
1283
1436
105
-370
-779
-726
-344
16
-139
-249
-1470
-1931
-2268
-2057
-1289
-1881
-1884
-2911
-3959
-4207
-3929
-3000
-3331
-4369
-5649
-6316
-5819
-5711
-5674
-6850
-7296
-7341
-7647
-7025
-8034
-7833
-7029
-6121
-4692
-5742
-6634
-6924
-5532
-2400
-1222
-1870
-3210
-3656
-1491
1837
3164
3783
2253
2131
3483
4902
8035
7589
7784
7202
6881
7785
7810
9035
9259
9194
8556
7165
6172
7003
7617
8102
7304
5296
3816
2818
3876
4658
4288
2845
385
-987
-851
100
1155
331
-1265
-3261
-3558
-2030
-1380
-1093
-2158
-2731
-2910
-2956
-2002
-1458
-882
-722
-1334
-1104
-1011
-721
485
1147
2188
1477
422
699
1092
3317
3712
2929
2152
1105
2059
2697
3467
3636
2353
1534
1066
1233
2200
2225
1650
747
-381
-652
-1152
-855
-769
-1698
-2594
-3682
-4193
-4338
-4336
-4457
-4995
-5955
-6935
-7574
-7708
-7044
-7501
-8150
-8734
-9406
-8968
-9186
-8739
-8568
-8472
-7460
-7422
-6963
-6269
-6600
-5612
-4500
-3293
-1960
-3324
-2254
-1408
270
2981
2281
3510
3053
3639
5725
6299
8649
7964
7479
8058
7916
9523
9589
9677
9748
9036
8832
8275
8119
8843
8364
7475
6675
4942
4936
4296
4428
3962
2039
1260
-670
-644
-512
-646
-1156
-2844
-3581
-4119
-3548
-3442
-3430
-3565
-3986
-4228
-4504
-3342
-2483
-1749
-1886
-2168
-1854
-1613
-172
578
1648
1609
966
1453
1888
3607
3933
3980
3811
3311
4050
4157
4753
4889
4602
4103
3462
3232
3256
3125
2785
2492
1349
733
-287
-546
-596
-1441
-2086
-3539
-4090
-4533
-5110
-5336
-5891
-6423
-7247
-8100
-8205
-8252
-8354
-8617
-9072
-9491
-10033
-9853
-9025
-8510
-8852
-9015
-8936
-7499
-6238
-5591
-5158
-6240
-4967
-3833
-1887
-606
-1441
-578
-586
1683
3335
4196
4969
4473
5392
6494
8025
8619
9045
8966
9415
9442
9742
10354
10012
10555
9676
9508
8832
8190
8273
7366
7283
6157
4929
3845
2585
2657
1981
1107
-424
-2045
-2496
-3016
-2388
-2780
-4304
-5633
-6221
-5170
-4277
-4407
-4833
-5839
-5457
-4303
-3471
-2149
-2745
-2487
-2300
-1501
252
388
1486
1676
1853
2695
2879
3834
4592
5073
5568
4870
5062
5403
5658
6310
5661
5470
4647
4041
4006
3677
3766
2717
1585
731
2
-375
-1101
-1781
-2843
-3732
-4665
-5517
-5891
-6443
-6520
-7547
-7928
-8825
-9424
-8848
-9186
-8695
-9687
-10136
-10395
-10296
-8913
-8570
-8822
-8915
-8933
-7907
-6476
-6119
-4573
-4905
-4283
-3720
-3114
-586
-333
782
1288
1601
2792
3504
5337
6637
6885
7500
7207
8056
9271
10040
10714
10538
10222
9813
9819
10103
10511
9885
9505
7735
6846
6649
6322
6122
4584
3662
1938
1112
752
166
-755
-1670
-2793
-3615
-3959
-3959
-4165
-5398
-5529
-5721
-5204
-4901
-5446
-5192
-4874
-4015
-3255
-3228
-2253
-2268
-1538
-281
393
1471
1332
2205
2996
3755
4538
4430
4677
5723
6014
6376
6114
5871
6352
5989
6538
5676
5206
4697
3897
3868
3320
2771
1609
505
13
-843
-1617
-2126
-3266
-3928
-5182
-5853
-6429
-6716
-6929
-8075
-8678
-9106
-9251
-9094
-9095
-9542
-9885
-10207
-9644
-9769
-9507
-9151
-8839
-8552
-8401
-7823
-7243
-6322
-5908
-4101
-3349
-3238
-3944
-2749
130
1641
1748
1269
1710
2759
5041
6126
7731
7040
6926
7045
8291
10768
10383
10506
9490
9666
9750
9870
9899
9636
9146
8416
7081
5917
6243
5753
5369
3953
2738
1432
425
162
-159
-670
-1823
-3368
-4532
-4696
-4450
-4124
-4376
-5463
-6708
-6501
-5424
-4138
-3984
-4403
-4550
-4352
-3064
-1783
-747
-91
-235
-34
944
2310
3624
3872
4359
4618
4750
5433
5775
6581
7049
6860
6335
5711
6030
6225
6171
5687
4842
4042
3144
2715
2295
2036
1276
-84
-1489
-2187
-2620
-3090
-3862
-4823
-5736
-6998
-7275
-7707
-7575
-7836
-8871
-9366
-9937
-9397
-9216
-9119
-9322
-9699
-9648
-9598
-8708
-8289
-7604
-7882
-7993
-6985
-5987
-4854
-4375
-3456
-2592
-2583
-2156
-412
977
2615
1938
2159
3281
4073
6207
5976
7401
7061
6822
7735
8299
9894
9656
9250
8898
8761
8895
8963
8285
8575
7969
6841
5830
4738
5297
4748
3920
2788
1123
810
-283
-755
-711
-1840
-2202
-4188
-4661
-4712
-4693
-3857
-4710
-4841
-5659
-5931
-5112
-3899
-2786
-2556
-3684
-3397
-2607
-973
996
729
1441
703
1491
2668
3660
5482
5135
5083
4749
4882
6019
6671
6915
6812
5759
5506
5128
5210
5873
5057
4519
2973
2122
1903
1247
1254
240
-761
-1899
-3256
-3646
-4066
-4223
-4878
-6149
-7050
-7768
-7752
-7656
-7835
-8265
-8928
-9306
-9181
-8983
-8636
-8564
-8675
-8353
-8260
-7969
-7671
-6936
-6106
-5807
-5371
-4877
-4150
-3393
-2799
-1722
-567
-97
161
254
1476
2779
3442
4324
4032
4456
4762
5597
7173
7141
7535
6609
6817
7947
8098
8505
7369
7360
7180
6935
6847
5846
5685
5108
4620
3945
3148
2490
1705
1263
928
293
-750
-1535
-2289
-2231
-2349
-2963
-3367
-4069
-3666
-3773
-3648
-3108
-3619
-3232
-3225
-2692
-1549
-1620
-1098
-1164
-563
725
672
1826
1908
2160
2842
2937
4317
4320
4619
4762
4522
5303
5215
5238
5144
4910
5000
4322
4090
3731
3352
3195
2393
1826
1112
625
26
-622
-1059
-1761
-2694
-3252
-3918
-4381
-4711
-5544
-5845
-6561
-6729
-7075
-7596
-7077
-7333
-7513
-7817
-8150
-7519
-7387
-6943
-6701
-6842
-6491
-6805
-6218
-5166
-4577
-3902
-4049
-3873
-3760
-2868
-993
-459
191
-516
-253
454
1394
3358
3258
3898
2950
3121
4303
5169
6443
6138
6390
5819
5579
6102
6901
7432
7192
6380
5296
5071
5136
5392
5414
4706
3845
2396
1939
2119
1997
2168
956
82
-1150
-1466
-1329
-1288
-943
-2100
-2751
-3620
-3174
-2671
-2393
-1793
-2358
-2558
-2979
-2819
-1331
-331
181
-400
-1236
-257
298
1844
2577
2413
2577
1663
2538
3296
4474
5012
4018
3705
3462
3824
4253
4351
4401
3844
2908
2469
2170
2589
2475
1720
968
-49
-446
-1064
-1302
-1377
-2123
-2847
-4027
-4811
-4798
-4900
-4880
-5670
-6380
-6696
-7036
-6693
-6537
-6587
-6582
-6944
-6890
-6717
-6410
-5669
-5718
-5243
-5295
-5100
-4684
-4225
-3357
-3299
-2407
-2433
-1869
-1549
-1459
-118
331
1506
1138
711
1606
1849
3673
3981
3977
3832
3067
4534
5024
5976
5913
5046
5116
5031
5571
5746
5552
5236
4981
4486
4277
3623
3568
3866
3290
2842
1793
1246
1201
878
1113
503
-316
-918
-1781
-1289
-1260
-1297
-1707
-2532
-2412
-2483
-2062
-1803
-1625
-1575
-1823
-1767
-1330
-478
-206
79
105
364
856
1000
1862
2124
2483
2570
2638
3314
3395
3659
3676
3932
4146
4023
3650
3446
3649
3609
3450
2778
2408
1942
1396
1251
700
296
-539
-1480
-1780
-2270
-2642
-3427
-4154
-4382
-4930
-5297
-5687
-5932
-6041
-6256
-6460
-6479
-6400
-6352
-6214
-6163
-5610
-5658
-5692
-5356
-4959
-4188
-4154
-3931
-3762
-3472
-2945
-2521
-1731
-1182
-1339
-1377
-984
5
828
992
1610
1453
1355
1470
2053
3615
4043
3480
2666
2379
3691
4496
4821
4930
3730
3528
3230
4045
4967
4554
4113
2809
2813
3053
2943
2878
2859
2720
1886
925
417
1019
1422
1436
412
-701
-974
-1362
-836
-417
-332
-1111
-2294
-2477
-2150
-1136
-724
-624
-683
-1298
-1868
-1993
-57
1782
1615
490
-1075
-138
1425
2983
3892
2749
2274
1238
2223
4161
5116
4954
3478
3026
3095
3565
3876
3996
3697
3213
1873
853
969
1525
1832
738
-621
-1948
-2601
-2376
-2050
-2149
-2885
-4405
-5392
-5454
-4740
-4259
-4693
-5159
-5939
-6129
-5933
-5213
-4409
-4222
-4680
-5325
-5114
-4282
-3454
-3182
-2779
-2882
-3036
-2964
-2373
-1272
-899
-561
-820
-626
-415
-211
500
1152
1848
1393
1000
872
1466
2368
2722
2677
2034
1880
1810
2126
2897
3228
3046
2200
1850
2221
2635
3067
2609
2377
2104
1871
1906
1762
2280
1914
1656
1192
857
901
646
816
479
539
31
-486
-817
-846
-432
-562
-551
-1191
-1432
-1539
-1319
-673
-143
363
-486
-1449
-1278
-107
1692
1714
730
20
-230
1507
2318
3286
2937
1561
1537
1663
3657
3935
3463
2757
2160
2701
2552
2456
2364
2251
1840
1029
167
269
90
129
-290
-1188
-1759
-2736
-2736
-2665
-2502
-2733
-3840
-4429
-4501
-4208
-3804
-3971
-4069
-4354
-4672
-4493
-4163
-3337
-2977
-3297
-3548
-3563
-2945
-2212
-1826
-1562
-1892
-1879
-1502
-1112
-344
-349
-337
-320
-245
491
314
639
669
707
1311
934
1367
1081
1288
1584
1486
1985
1615
1591
1533
1788
2081
2125
2093
2025
1957
2051
2218
2145
2150
1923
1922
1954
1946
1742
1421
1344
1425
1300
1193
757
410
347
325
626
218
-116
-646
-689
-197
-239
-345
-724
-944
-842
-534
105
465
-285
-534
-370
288
1301
913
848
671
689
1604
1723
2289
2206
1626
2004
1844
2513
2641
2322
2408
1833
2124
1726
1437
1565
1288
1232
587
1
-319
-401
-350
-546
-1176
-1762
-2323
-2624
-2380
-2240
-2333
-3115
-3756
-3917
-3533
-3009
-3247
-3386
-3657
-3786
-3671
-3493
-2780
-2461
-2650
-2794
-2973
-2618
-2059
-1742
-1184
-1304
-1456
-1759
-1593
-585
-264
65
-393
-450
-223
-158
522
715
1125
1005
455
654
870
1420
1747
1543
1590
1116
1282
1606
1740
2092
1822
1774
1620
1626
1823
1823
1775
1775
1618
1490
1252
1040
1290
1278
1204
839
562
527
381
448
432
210
81
-201
-303
-180
-284
-157
-329
-461
-452
-535
-99
102
-31
-200
-129
392
885
877
626
456
662
1519
1870
2030
1388
909
1505
1960
2838
2323
1743
1448
1195
1999
2064
1991
1482
750
629
528
555
476
53
-222
-711
-1161
-1353
-1629
-1536
-1747
-2001
-2381
-2948
-3043
-3137
-2940
-2710
-2908
-3264
-3702
-3738
-3225
-2696
-2533
-2757
-3107
-3125
-2619
-2048
-1537
-1544
-1840
-1756
-1478
-884
-516
-419
-370
-308
-135
150
324
608
873
835
1168
994
1068
1180
1271
1890
1727
1496
1231
1137
1716
1877
1691
1632
1145
1339
1362
1409
1637
1103
1205
946
1001
992
584
628
593
714
616
148
-57
-7
186
450
65
-151
-341
-261
-64
-77
118
-73
-170
-250
-143
197
268
280
389
345
533
566
773
1154
1020
1045
947
1199
1429
1388
1366
1376
1516
1453
1317
1221
1354
1337
1288
1043
819
694
547
597
403
170
-264
-624
-745
-704
-795
-1198
-1570
-1874
-1871
-1965
-2209
-2329
-2466
-2526
-2682
-2861
-2863
-2811
-2748
-2647
-2625
-2705
-2680
-2654
-2254
-1972
-1682
-1625
-1794
-1558
-1443
-674
-436
-394
-455
-575
0
263
635
703
685
753
860
1120
1396
1446
1459
1406
1551
1712
1481
1457
1339
1666
1754
1472
1189
887
998
1204
1311
1183
789
342
246
492
829
781
372
-166
-240
13
312
375
110
-58
-199
-113
7
270
302
294
167
125
277
241
513
605
798
682
371
410
667
1069
1197
978
751
722
741
1119
1226
1314
1034
621
664
767
1150
1073
842
492
282
294
419
533
411
41
-359
-474
-487
-321
-563
-724
-1132
-1395
-1469
-1659
-1444
-1689
-1833
-2149
-2494
-2360
-2343
-2249
-2267
-2654
-2715
-2697
-2634
-2208
-2344
-2304
-2278
-2382
-1937
-1880
-1563
-1294
-1340
-1058
-1043
-831
-461
-162
301
332
183
251
541
1334
1592
1529
1369
1221
1720
1889
2259
2296
2058
2025
1697
1986
2149
2132
2059
1632
1619
1456
1230
1240
1127
1239
1000
460
226
146
319
403
121
6
-217
-484
-403
-341
55
106
-333
-530
-526
-115
209
144
103
104
16
155
303
614
919
684
564
592
798
1090
1116
1134
1243
1049
994
1039
1181
1532
1192
1054
860
854
1006
775
897
685
559
265
-15
78
68
36
-303
-664
-876
-997
-974
-1008
-1202
-1451
-1898
-2021
-2012
-2000
-1939
-2374
-2469
-2637
-2797
-2616
-2772
-2560
-2479
-2764
-2749
-2875
-2691
-2119
-2141
-1937
-1930
-2224
-1688
-1594
-993
-467
-793
-500
-703
-301
427
552
1102
1003
920
1171
1304
1910
2303
2249
2280
2033
2074
2503
2492
2800
2485
2188
2199
1923
2211
1986
1810
1571
1242
1228
1067
762
499
266
269
276
-120
-302
-749
-550
-539
-560
-488
-971
-792
-1057
-779
-516
-583
-392
-624
-505
-316
-246
51
247
328
535
342
563
796
993
1409
1244
1412
1282
1271
1525
1573
1918
1757
1551
1315
1156
1416
1447
1449
1142
763
579
419
445
335
100
-124
-381
-711
-931
-1245
-1258
-1230
-1466
-1737
-2352
-2531
-2591
-2434
-2411
-2588
-2945
-3417
-3366
-3312
-2765
-2776
-2972
-3135
-3322
-2978
-2614
-2180
-1864
-1927
-2171
-1801
-1496
-596
-404
-428
-115
-191
651
621
1085
1425
1495
1969
1799
2154
2345
2518
2762
2813
2888
2957
2784
2822
2822
2814
2822
2572
2560
2258
2074
1675
1568
1677
1540
1313
571
300
216
287
310
-59
-316
-623
-889
-868
-827
-652
-634
-990
-1112
-1286
-1130
-775
-633
-462
-629
-892
-774
-597
-90
261
108
147
-155
119
491
696
1065
833
890
800
734
1062
1165
1420
1407
969
890
702
903
1174
975
923
413
166
77
69
219
86
-237
-690
-972
-1096
-1021
-1067
-1166
-1490
-1828
-2199
-2323
-2151
-2017
-1980
-2558
-2904
-2965
-2671
-2388
-2536
-2694
-2649
-2611
-2487
-2358
-2300
-1840
-1916
-1533
-1453
-1356
-1029
-1141
-352
-85
273
242
18
457
903
1371
1658
1644
1592
1727
1624
2178
2454
2736
2666
2152
2147
2168
2674
2792
2738
2249
1962
1863
1865
2148
1890
1865
1392
1067
986
757
904
812
627
504
-15
-225
-242
-219
175
-137
-367
-739
-971
-507
-430
-248
-461
-759
-677
-720
-485
-270
-269
-177
-378
-388
-228
-131
120
137
174
141
110
146
315
421
493
477
331
372
280
366
360
336
311
141
-26
-177
-211
-173
-162
-437
-684
-983
-966
-868
-986
-1178
-1496
-1624
-1651
-1661
-1748
-1765
-1990
-1995
-2042
-2138
-2018
-2205
-2018
-1947
-1965
-1921
-2110
-1974
-1665
-1408
-1212
-1350
-1458
-1224
-880
-433
-236
-212
-192
-112
118
572
987
1161
1160
1024
1244
1585
1948
2197
2184
2150
2145
2227
2465
2734
2810
2821
2568
2498
2607
2656
2816
2644
2515
2376
2117
2076
2005
1967
1907
1521
1214
1046
873
930
643
384
198
-131
-197
-456
-528
-584
-832
-1007
-1211
-1245
-1241
-1330
-1404
-1450
-1485
-1471
-1533
-1486
-1393
-1289
-1219
-1261
-1177
-1123
-961
-798
-703
-512
-517
-510
-435
-282
18
92
52
-26
-22
96
198
199
194
164
-2
-87
-216
-192
-124
-275
-438
-621
-827
-837
-1009
-1021
-918
-1200
-1285
-1666
-1714
-1525
-1593
-1389
-1584
-1771
-1886
-2025
-1642
-1330
-1266
-1321
-1642
-1521
-1229
-912
-506
-505
-480
-489
-350
87
412
646
821
916
1045
1121
1289
1657
2042
2202
2145
2057
2053
2349
2554
2809
2832
2590
2435
2288
2507
2694
2706
2474
2177
1974
1879
1855
1771
1733
1521
1177
859
614
584
585
347
176
-194
-458
-607
-805
-698
-833
-961
-1210
-1532
-1552
-1518
-1402
-1369
-1555
-1700
-1765
-1725
-1521
-1392
-1303
-1335
-1462
-1395
-1186
-936
-758
-812
-797
-676
-535
-372
-301
-154
-3
-41
-65
36
194
379
256
196
268
281
324
192
181
299
187
37
-116
-203
-35
-159
-214
-386
-622
-662
-826
-576
-487
-629
-1009
-1399
-1179
-765
-542
-705
-1144
-1307
-1136
-841
-418
-370
-453
-675
-815
-450
-36
367
415
191
228
337
601
896
1118
1460
1421
1280
1111
1238
1780
2139
2272
1963
1622
1490
1644
2108
2445
2353
1833
1211
1145
1505
1939
1898
1380
880
504
612
689
877
742
298
-125
-522
-388
-270
-216
-427
-808
-1039
-1178
-1186
-1115
-1065
-1079
-1242
-1478
-1582
-1514
-1340
-1202
-1176
-1271
-1352
-1402
-1252
-999
-833
-792
-893
-929
-714
-541
-354
-376
-445
-243
-173
72
-30
-108
-47
44
347
332
236
61
19
146
314
372
275
65
-74
-61
37
110
4
-107
-273
-268
-356
-438
-393
-430
-272
-440
-622
-712
-801
-495
-443
-340
-443
-725
-726
-711
-267
8
-27
-257
-553
-361
18
383
523
326
166
130
334
758
972
1034
804
640
777
1007
1329
1287
1236
1131
1118
1204
1172
1294
1282
1330
1192
1056
988
921
977
925
990
839
601
362
229
421
484
373
69
-249
-273
-240
-220
-248
-424
-567
-713
-829
-760
-792
-813
-882
-970
-915
-1011
-1077
-1150
-1023
-860
-805
-902
-1050
-1009
-948
-676
-584
-474
-511
-662
-599
-543
-203
-10
-2
-47
-209
-136
17
194
413
415
345
178
72
276
499
658
555
306
208
166
337
430
466
355
93
6
-53
145
120
14
-109
-248
-188
-317
-314
-360
-316
-320
-469
-464
-529
-420
-411
-449
-377
-450
-379
-324
-248
-86
-190
-243
-150
21
340
272
131
108
159
529
654
705
632
466
528
637
898
1020
926
749
644
738
849
907
839
790
746
605
493
423
496
594
465
283
71
-70
17
-28
25
-80
-337
-468
-650
-467
-392
-469
-638
-874
-810
-747
-683
-711
-808
-835
-870
-798
-715
-630
-635
-751
-730
-625
-409
-314
-359
-423
-381
-301
-140
-1
80
183
7
26
69
250
521
487
482
327
204
377
503
780
792
495
369
167
477
683
710
616
196
168
116
286
439
295
180
-150
-202
-149
-87
17
-184
-264
-495
-563
-489
-447
-259
-406
-573
-756
-790
-510
-339
-286
-418
-697
-660
-493
-178
74
-71
-214
-392
-225
172
431
522
307
146
191
445
787
906
822
635
535
671
872
1058
1021
836
718
629
743
780
758
691
501
453
292
247
185
107
96
-95
-177
-374
-447
-480
-564
-513
-709
-734
-859
-939
-862
-999
-837
-888
-878
-841
-1015
-859
-864
-683
-493
-550
-445
-572
-464
-219
-93
154
74
112
169
222
428
475
667
741
753
711
582
677
798
1000
1094
894
671
444
494
816
927
859
454
26
58
171
484
449
39
-222
-550
-370
-177
-173
-236
-644
-807
-794
-704
-516
-618
-779
-864
-911
-717
-691
-676
-699
-718
-581
-552
-440
-433
-386
-297
-212
-55
-28
1
57
140
323
367
358
392
411
622
683
653
649
526
674
786
828
879
567
523
547
650
878
615
466
221
159
382
371
383
109
-152
-216
-166
-9
-53
-230
-468
-564
-483
-412
-359
-495
-611
-652
-688
-526
-536
-494
-536
-622
-495
-506
-365
-330
-309
-219
-233
-161
-123
-47
82
162
178
190
184
268
399
461
527
487
450
480
493
586
627
592
547
455
433
465
436
426
389
308
272
149
83
95
50
44
-60
-203
-240
-328
-313
-319
-417
-437
-581
-608
-596
-603
-568
-663
-704
-728
-684
-614
-594
-621
-670
-643
-577
-428
-350
-336
-374
-408
-303
-155
60
137
108
16
4
162
365
593
590
528
391
353
545
718
926
882
670
516
441
644
841
879
804
493
332
283
395
600
531
400
82
-80
-56
7
142
16
-121
-318
-461
-397
-366
-261
-306
-471
-542
-628
-534
-434
-429
-382
-455
-448
-388
-364
-247
-225
-187
-118
-116
-10
19
75
155
185
270
258
294
349
406
451
405
401
401
453
502
456
405
306
267
308
332
338
217
73
-23
-14
31
16
-82
-216
-289
-377
-353
-349
-390
-410
-543
-578
-594
-594
-544
-601
-598
-599
-625
-608
-616
-572
-499
-468
-438
-432
-437
-386
-313
-200
-94
-102
-147
-133
-19
185
311
259
202
167
309
553
644
680
522
438
551
689
904
854
712
596
563
735
824
839
710
546
478
467
526
512
461
339
203
123
52
58
22
-40
-136
-282
-344
-408
-410
-416
-473
-503
-586
-633
-653
-640
-577
-568
-560
-562
-569
-505
-470
-399
-329
-302
-235
-219
-139
-62
-10
80
108
191
233
251
296
314
412
456
451
421
381
427
456
465
409
319
259
234
253
249
196
59
-65
-127
-114
-74
-145
-254
-399
-461
-439
-444
-422
-514
-576
-623
-677
-607
-603
-565
-570
-611
-557
-558
-499
-470
-466
-360
-301
-207
-196
-215
-136
-70
110
202
240
246
191
298
406
584
691
648
627
570
669
806
882
936
836
784
761
765
876
866
865
782
655
620
545
583
552
499
443
269
191
76
52
84
1
-81
-286
-407
-405
-398
-338
-443
-585
-686
-750
-666
-623
-638
-690
-790
-790
-713
-632
-580
-612
-639
-601
-527
-432
-375
-369
-326
-261
-179
-98
-98
-61
-20
47
159
179
206
177
179
256
321
397
352
278
233
237
324
353
336
244
141
129
120
176
167
82
13
-101
-86
-83
-98
-109
-207
-221
-278
-294
-289
-326
-298
-336
-335
-348
-378
-343
-354
-295
-277
-263
-215
-241
-183
-151
-93
-14
-1
66
79
133
192
237
334
365
413
431
455
517
558
620
606
607
622
633
683
640
620
578
544
583
519
493
416
332
328
269
258
155
48
-13
-76
-54
-128
-220
-326
-398
-352
-379
-397
-506
-614
-596
-592
-491
-511
-590
-625
-687
-575
-482
-430
-423
-519
-483
-415
-319
-207
-224
-200
-193
-152
-53
-23
46
84
119
179
196
201
200
228
313
391
402
337
259
249
325
422
438
366
221
150
174
237
293
223
101
-1
-37
12
52
14
-83
-198
-238
-203
-173
-173
-245
-330
-359
-346
-286
-254
-291
-340
-399
-368
-263
-175
-129
-199
-242
-222
-136
5
51
64
64
83
153
191
257
311
371
479
475
425
350
346
544
735
835
646
287
196
383
769
924
681
297
-10
92
423
659
587
179
-182
-288
-95
179
226
8
-328
-516
-498
-354
-211
-252
-421
-613
-695
-625
-528
-462
-513
-605
-630
-632
-590
-556
-520
-447
-423
-401
-420
-441
-366
-259
-132
-107
-157
-180
-148
2
143
197
156
76
99
213
345
416
360
267
212
282
430
504
463
301
205
232
336
430
370
253
123
66
126
181
198
99
-41
-125
-133
-72
-49
-95
-192
-265
-284
-275
-248
-247
-280
-323
-335
-299
-271
-266
-266
-257
-191
-150
-148
-166
-155
-47
38
83
73
41
74
160
271
336
330
284
266
319
417
500
485
418
365
356
415
458
471
413
305
271
271
300
291
207
134
68
45
34
-29
-78
-153
-184
-186
-228
-265
-363
-412
-406
-370
-345
-403
-462
-519
-494
-418
-382
-364
-413
-449
-426
-380
-272
-231
-229
-217
-213
-141
-97
-51
-8
42
129
146
141
139
182
270
335
367
341
301
297
339
402
436
428
374
305
292
308
348
357
315
251
164
137
156
178
160
68
-16
-63
-51
-25
-49
-97
-166
-205
-215
-202
-187
-228
-250
-282
-278
-250
-246
-228
-249
-234
-217
-203
-161
-151
-118
-89
-65
-18
-26
-12
32
96
156
136
115
107
163
240
261
257
204
189
194
216
253
230
205
157
116
120
103
99
72
39
9
-58
-91
-106
-114
-119
-156
-185
-244
-304
-304
-297
-265
-270
-308
-354
-390
-357
-315
-265
-265
-285
-297
-306
-249
-182
-128
-99
-117
-119
-107
-43
51
96
114
90
89
145
214
281
281
255
252
272
310
337
354
346
339
326
301
303
304
324
308
247
200
163
179
184
151
105
17
-27
-36
-26
-14
-57
-119
-187
-209
-193
-180
-177
-223
-274
-311
-299
-258
-243
-244
-274
-287
-257
-236
-208
-192
-160
-133
-140
-125
-108
-50
13
30
41
23
36
94
153
203
186
161
163
204
273
283
264
217
205
237
249
246
210
185
167
145
144
121
92
58
30
27
6
-25
-70
-104
-106
-120
-126
-149
-184
-205
-233
-223
-200
-198
-212
-247
-260
-245
-211
-180
-174
-175
-197
-187
-150
-106
-50
-47
-48
-57
-36
25
66
111
118
122
124
139
185
208
229
230
227
224
221
226
233
258
260
225
180
149
169
191
181
137
77
46
48
58
45
3
-42
-80
-92
-87
-98
-117
-143
-151
-162
-189
-202
-199
-174
-176
-200
-225
-221
-186
-170
-163
-164
-170
-158
-143
-121
-92
-79
-68
-60
-34
-8
-1
19
31
57
84
92
99
106
119
130
161
188
180
154
133
156
187
201
178
135
127
142
149
137
106
75
65
59
51
23
-11
-29
-37
-46
-69
-104
-134
-135
-136
-142
-167
-199
-200
-204
-199
-196
-197
-197
-207
-199
-184
-152
-127
-127
-123
-107
-71
-41
-24
-5
3
30
59
78
102
102
117
134
160
190
184
169
168
185
201
209
204
180
161
153
145
153
145
120
80
52
64
53
37
6
-23
-30
-46
-54
-73
-94
-100
-112
-110
-121
-144
-171
-171
-136
-123
-132
-173
-181
-149
-115
-84
-99
-113
-117
-98
-61
-40
-26
-22
-25
-5
17
37
48
58
90
105
116
106
105
135
163
189
176
162
148
152
182
203
212
180
144
140
157
172
160
135
108
82
78
70
67
56
29
6
-23
-34
-54
-75
-75
-86
-109
-133
-156
-155
-151
-150
-167
-179
-172
-168
-158
-159
-143
-120
-108
-101
-96
-74
-42
-16
-1
17
38
48
68
95
114
127
135
149
167
175
171
173
180
190
189
173
160
146
136
120
116
106
79
42
14
15
10
-2
-31
-67
-85
-95
-103
-115
-124
-134
-147
-162
-164
-161
-159
-153
-148
-147
-154
-156
-148
-124
-102
-94
-100
-105
-88
-73
-55
-33
-18
-12
-17
-9
9
31
52
52
47
46
42
50
55
77
83
65
48
41
61
72
81
72
58
48
39
54
57
56
39
14
5
0
-5
-14
-29
-31
-41
-58
-68
-78
-83
-88
-90
-103
-123
-136
-143
-140
-127
-124
-140
-155
-152
-135
-118
-103
-101
-96
-94
-84
-64
-42
-23
-16
-4
11
35
48
58
77
96
118
122
127
139
148
162
158
162
159
150
145
126
123
122
118
100
80
68
51
38
31
26
1
-27
-46
-54
-57
-63
-80
-105
-108
-106
-112
-115
-120
-114
-107
-101
-98
-92
-91
-85
-61
-50
-44
-49
-41
-19
2
19
19
27
38
44
62
80
91
102
100
98
106
119
126
124
125
118
120
123
116
115
112
106
89
77
71
63
54
46
39
25
6
-14
-21
-23
-30
-40
-54
-66
-78
-88
-91
-91
-94
-107
-124
-136
-127
-123
-119
-116
-125
-128
-123
-110
-95
-73
-61
-62
-55
-43
-21
-2
13
22
30
42
54
67
78
91
99
105
111
121
113
112
121
115
117
100
89
79
73
68
56
41
13
7
-1
-6
-20
-42
-57
-71
-81
-95
-96
-106
-115
-122
-135
-139
-131
-126
-130
-130
-127
-122
-111
-100
-95
-82
-69
-59
-55
-45
-28
-13
5
12
22
34
46
53
61
62
68
75
76
80
84
91
85
81
79
77
81
80
81
71
55
54
52
43
35
24
13
6
0
-1
-13
-21
-26
-37
-38
-48
-52
-55
-62
-63
-67
-71
-75
-69
-67
-70
-77
-72
-71
-63
-55
-58
-52
-44
-29
-22
-18
-10
2
12
19
33
44
51
62
72
79
86
85
94
99
112
111
108
112
110
116
115
113
106
102
90
84
83
74
65
47
35
29
20
11
-3
-11
-17
-29
-40
-52
-59
-62
-61
-68
-76
-78
-81
-86
-80
-72
-71
-73
-75
-71
-68
-53
-45
-39
-36
-36
-28
-19
-4
8
9
8
17
27
30
39
47
47
52
47
54
56
54
64
58
55
54
43
35
40
36
29
21
14
11
3
-4
-17
-22
-27
-33
-42
-48
-55
-66
-68
-76
-84
-86
-87
-91
-95
-92
-89
-89
-96
-99
-96
-93
-90
-86
-83
-76
-68
-64
-52
-46
-44
-32
-19
-13
-12
-3
11
22
22
24
30
36
46
56
57
64
61
59
65
66
64
57
53
47
49
39
34
31
27
21
6
-3
-6
-13
-20
-32
-39
-42
-44
-51
-64
-60
-66
-65
-70
-73
-70
-75
-65
-67
-66
-62
-51
-48
-42
-29
-27
-16
-10
-4
4
16
22
27
35
38
45
58
62
58
59
60
65
64
71
73
74
73
66
63
60
59
58
51
42
30
25
23
20
16
7
0
-1
-2
-14
-27
-21
-22
-27
-34
-42
-41
-51
-45
-44
-48
-43
-41
-42
-41
-38
-36
-23
-17
-15
-9
5
2
7
15
14
20
16
25
30
36
42
50
56
56
57
55
57
60
63
60
57
47
44
41
40
35
23
23
18
16
9
5
1
-2
-12
-22
-25
-30
-29
-37
-39
-42
-46
-44
-49
-49
-46
-51
-45
-38
-32
-34
-29
-20
-18
-24
-20
-11
-10
0
-6
-3
9
12
15
19
31
30
31
38
38
42
42
33
37
34
28
29
28
26
24
21
21
16
10
15
7
0
-4
-14
-16
-22
-27
-30
-38
-42
-46
-47
-48
-58
-60
-64
-64
-61
-64
-62
-61
-62
-61
-58
-57
-50
-56
-56
-40
-37
-38
-34
-28
-24
-17
-12
-6
-5
-2
0
7
11
11
23
25
25
22
25
29
23
21
22
19
19
22
13
15
20
20
15
5
6
1
-4
-4
-12
-15
-18
-21
-21
-22
-26
-29
-21
-28
-25
-22
-24
-31
-36
-33
-28
-26
-31
-23
-27
-27
-20
-19
-13
-10
-12
-10
-2
0
3
10
12
18
23
15
29
38
35
32
36
37
37
38
40
52
45
45
50
41
38
41
36
35
31
25
22
17
11
11
15
8
8
2
4
-1
-6
-4
-8
-11
-17
-13
-12
-11
-11
-12
-9
-5
-10
-16
-14
-9
-2
-5
-6
-2
5
7
5
13
16
14
16
18
21
23
25
27
34
34
34
33
37
38
35
39
35
32
36
36
29
25
27
26
27
22
19
21
19
17
13
8
6
4
7
9
4
-1
2
0
1
0
-9
-8
-13
-11
-12
-13
-14
-18
-22
-18
-11
-20
-23
-19
-15
-9
-13
-15
-13
-15
-8
-8
-15
-8
-10
-11
-11
-9
-1
0
6
1
4
8
10
12
5
10
4
6
1
-2
5
6
2
-3
-5
-6
0
-1
2
2
-5
-5
-5
-7
-13
-17
-19
-20
-19
-23
-27
-25
-23
-18
-28
-28
-20
-21
-21
-26
-24
-18
-19
-18
-15
-11
-4
-4
-8
-7
-3
-3
4
7
3
6
11
16
15
22
16
16
20
19
22
15
15
20
15
4
6
7
6
7
5
2
0
2
5
6
-1
-7
-5
-1
-5
-11
-16
-15
-17
-20
-19
-11
-15
-19
-14
-12
-14
-23
-14
-14
-13
-14
-16
-9
-15
-10
-9
-5
-1
-4
-3
0
5
0
-1
3
3
5
2
6
9
4
7
11
9
10
12
6
7
7
13
13
10
14
10
3
4
10
12
8
6
15
14
18
11
4
15
13
11
9
8
13
6
9
6
1
5
3
5
12
8
8
15
6
14
22
21
19
18
23
25
25
19
20
26
26
26
27
27
33
26
30
25
27
34
25
28
28
29
23
19
23
25
18
22
19
15
16
17
19
13
11
8
9
5
3
4
-4
-6
1
-4
-12
-11
-15
-14
-17
-16
-13
-18
-17
-14
-17
-16
-17
-22
-22
-16
-17
-15
-10
-17
-11
-10
-13
-8
-3
-10
-13
-16
-11
-6
-15
-11
-9
-5
-8
-16
-20
-17
-16
-15
-17
-19
-21
-23
-23
-26
-24
-28
-24
-20
-23
-20
-20
-25
-22
-24
-26
-20
-18
-22
-26
-24
-18
-12
-14
-14
-18
-18
-10
-6
-5
-7
-4
-1
1
-1
-2
1
4
2
3
0
2
12
16
12
8
12
7
13
15
15
13
15
19
13
9
12
13
12
11
4
9
15
17
10
9
7
9
9
3
6
-1
0
4
4
-1
3
1
-7
0
2
0
0
1
8
7
7
4
0
13
12
12
8
2
9
13
14
12
17
20
20
24
20
15
23
22
23
27
24
26
28
26
23
21
20
19
21
22
19
15
12
12
17
19
15
12
9
9
9
4
8
5
6
4
0
1
-2
-2
0
-4
-13
-10
-4
-7
-11
-20
-19
-15
-19
-13
-16
-17
-12
-19
-17
-7
-8
-12
-12
-10
-11
-11
-4
-8
-8
-6
-7
-11
-1
2
-14
-12
-12
-6
-4
-5
-6
-9
-6
-7
-3
-5
-5
-4
-6
-9
-14
-10
-14
-16
-10
-13
-11
-8
-7
-8
-10
-16
-17
-18
-20
-20
-19
-15
-18
-17
-19
-12
-15
-16
-9
-10
-8
-12
-11
-12
0
2
-5
0
3
2
5
0
-2
1
2
3
-2
3
-1
1
2
-1
1
-3
0
-1
-6
-11
-7
-8
-5
-8
-10
-4
-4
-6
-8
-3
-1
-2
-1
-1
-6
-7
-5
-2
-3
-4
-11
-13
-9
-12
-14
-13
-5
-6
-4
-7
-8
-2
-6
-5
-5
-7
-6
-6
-5
-2
-3
-2
4
5
-1
3
5
8
11
-2
8
9
8
9
4
9
4
10
5
4
2
5
14
11
14
5
8
13
12
14
8
15
14
10
13
16
11
11
19
13
13
11
11
19
16
17
18
18
17
19
13
17
23
19
14
14
14
20
16
12
16
15
20
20
19
17
19
20
18
20
20
25
22
15
12
19
17
10
14
16
15
11
7
8
7
3
2
4
0
-1
-2
-5
-4
-4
-6
-7
-2
-4
-5
-9
-10
-11
-13
-12
-5
-10
-18
-18
-14
-10
-14
-15
-17
-15
-13
-12
-9
-9
-13
-12
-8
-9
-7
-5
-4
-6
-6
-10
-13
-14
-8
-5
-12
-12
-12
-10
-9
-13
-16
-20
-19
-19
-18
-18
-19
-19
-20
-18
-17
-16
-15
-17
-14
-11
-13
-13
-12
-11
-8
-12
-11
-9
-6
-6
-5
-2
-3
-7
-7
-5
-5
0
2
6
3
2
2
3
0
5
5
1
7
8
7
6
9
3
5
13
13
14
13
10
7
7
10
13
9
9
6
-3
2
5
6
7
2
5
1
-2
-2
-4
-5
-9
-2
3
0
0
-4
-1
-3
