2
0
3
1
1
-3
1
4
5
8
2
-4
-1
0
1
12
7
2
-3
-6
-6
-2
-6
-8
2
7
9
-3
-2
1
3
8
4
4
2
-4
-2
2
11
7
2
1
-2
1
-3
1
-5
-4
2
1
4
10
16
13
5
3
7
6
5
6
9
13
15
7
8
9
6
11
15
17
10
5
1
0
4
9
7
6
1
-5
-7
-6
1
3
5
5
8
6
3
-3
0
4
2
5
6
3
-6
-7
-5
-1
-1
-6
-7
-12
-8
-8
-6
-3
-8
-10
-19
-15
-11
-11
-4
-8
-14
-16
-19
-21
-14
-14
-13
-7
-9
-12
-7
-7
-9
-5
-5
-4
-3
-6
-1
5
8
4
-4
-1
4
3
7
7
9
5
5
7
8
13
6
6
11
11
8
7
11
13
11
10
16
17
9
4
5
9
11
9
11
12
14
12
7
8
5
8
9
10
5
4
9
9
11
9
8
6
4
5
7
12
12
12
4
6
12
12
11
14
16
11
14
15
19
14
6
17
19
18
16
14
15
11
13
16
16
21
19
15
13
13
12
11
10
15
18
10
16
16
10
3
9
17
15
8
4
10
14
17
14
12
8
9
14
19
18
14
15
18
18
7
7
16
18
15
14
10
10
16
15
15
13
7
4
-1
-6
5
12
5
4
6
-2
-1
-1
1
3
1
7
10
4
1
0
-4
-1
1
-4
-2
4
3
2
3
1
4
-3
-2
7
2
-5
-2
-3
-3
1
2
2
-1
-3
-4
2
0
-3
3
2
-4
-5
4
9
7
-3
-11
-4
-1
-3
-5
-2
-6
-9
-3
-6
-3
-4
-10
-12
-9
-3
-3
-9
-9
-1
0
-4
-13
-14
-13
-8
-6
-4
-3
-6
-4
-8
-8
-8
-11
-11
-7
0
1
-3
-3
-4
-9
-7
-1
-3
-7
-5
-4
-7
-6
-9
-17
-11
-11
-8
-9
-10
-10
-18
-14
-13
-14
-12
-9
-7
-8
-11
-11
-6
-7
-10
-9
-5
-3
-4
-1
-11
-7
-3
-4
-4
-4
0
-4
1
-1
-5
-4
-11
-10
-8
-10
-10
-14
-13
-6
-2
-7
-11
-7
-10
-9
-5
-12
-13
-14
-15
-15
-13
-12
-14
-13
-11
-8
-7
-7
-11
-9
-10
-9
-10
-19
-15
-17
-15
-13
-13
-11
-15
-13
-15
-16
-8
-15
-9
-6
-13
-9
-6
-10
-12
-10
-9
-3
3
2
1
2
2
6
9
5
2
1
8
7
2
1
6
4
3
5
1
5
5
2
2
9
5
6
6
6
5
6
12
6
4
9
8
8
14
13
11
16
22
21
19
15
11
11
13
14
12
11
6
6
1
5
12
3
0
-5
-2
2
1
-1
-3
-3
-2
2
2
-1
-1
1
-1
-2
2
7
5
3
2
3
3
9
5
0
5
-1
4
3
2
3
1
-7
-15
-14
-13
-9
-9
-2
-5
-6
-10
-11
-5
-2
1
-3
-6
-8
-5
-6
-3
-1
-5
-6
-7
-7
-9
-9
-14
-11
-6
-7
-6
-8
-11
-13
-7
-2
-12
-14
-12
-10
-7
-14
-16
-13
-13
-10
-12
-13
-12
-9
-12
-9
-4
-1
-4
-3
1
-7
-3
-5
-10
-5
-3
-2
-2
-3
-7
-2
1
-4
-4
1
0
6
-3
-5
6
4
5
7
9
8
7
5
6
11
9
9
16
13
16
18
14
9
7
21
23
25
16
8
8
11
15
5
12
12
8
10
4
5
6
9
11
3
1
0
6
12
6
3
4
3
3
6
7
7
6
2
-1
-2
-3
0
3
3
1
1
-5
-3
-2
-4
-7
-12
-13
-10
-13
-14
-15
-15
-10
-12
-17
-13
-7
-14
-11
-14
-6
-3
-8
-3
-8
-3
-3
1
-2
-6
-5
-11
-4
-1
-1
-1
-5
-1
0
-2
1
-8
-3
2
1
0
-3
2
2
-2
-7
-3
2
0
0
0
1
6
2
0
2
2
-8
-8
5
3
0
1
9
7
4
6
5
3
1
4
1
1
1
0
-2
0
2
-1
7
9
11
11
7
5
-2
3
5
6
5
3
2
1
4
2
7
2
1
4
5
1
3
7
6
1
0
2
-1
0
3
6
6
4
6
4
-2
-5
1
8
5
-1
-1
0
2
2
1
-2
2
3
-1
-1
-4
-4
-5
-5
-3
1
-2
-9
-10
-9
-2
-5
-14
-18
-14
-16
-15
-9
-10
-15
-19
-21
-24
-16
-16
-17
-16
-16
-12
-23
-23
-18
-19
-15
-16
-11
-16
-20
-13
-6
-5
-10
-7
-7
-12
-14
-10
-11
-9
-5
-2
-8
-9
-7
-11
-1
-3
-2
-3
-8
-1
-6
-9
-10
-10
-14
-11
-2
3
-7
-11
-6
-1
8
-1
3
8
4
-4
-5
1
1
3
4
4
-2
-9
-7
-3
8
1
-8
-6
0
3
0
-2
-9
-6
-3
-1
3
-3
-4
0
-3
-10
0
7
4
-3
-4
-1
2
-1
-6
0
-3
-6
-9
-2
3
-1
-1
-4
-7
-7
-3
0
5
0
-2
1
1
3
7
5
6
0
-4
3
5
2
4
10
6
0
0
6
7
2
-3
-6
-4
0
5
-2
-2
1
-1
-3
-5
0
0
-6
-2
1
1
3
-1
-4
-3
-2
-2
-5
-5
-1
-2
-5
-6
-2
3
0
1
1
0
-2
-1
-5
2
-1
-4
-4
-8
-1
-2
-7
-10
-4
-4
-6
3
5
0
-3
-7
-4
-3
-4
-2
0
-3
-9
-9
-4
-1
1
-1
-5
-9
-8
-5
-7
-5
-6
-6
-4
-4
-8
-15
-15
-13
-8
-11
-10
-5
-5
-7
-8
-8
-3
-2
-5
-7
-10
-9
-5
-7
-2
-3
-4
7
1
-2
2
1
-1
-3
0
-5
-6
-6
-3
6
-1
-8
-2
-5
-2
-3
-4
-1
0
-4
-6
0
0
5
0
-4
-1
0
4
6
7
6
9
8
6
0
0
6
5
5
-6
-1
6
-3
0
3
8
6
2
2
4
3
6
5
6
7
7
8
6
10
11
6
2
7
5
1
5
3
7
9
5
2
7
6
-2
1
4
1
2
3
-1
-3
-1
-3
-9
-6
-4
-7
-3
-3
-2
-3
-3
-3
-7
0
0
-4
0
3
0
-3
-2
3
3
-8
-10
-8
-6
-4
-9
-10
-10
-11
-10
-11
-13
-13
-13
-13
-12
-17
-19
-17
-13
-16
-11
-10
-15
-15
-18
-13
-14
-15
-14
-10
-15
-18
-10
-11
-9
-7
-6
-9
-11
-12
-3
1
-3
-8
-9
-2
-1
-2
-4
1
4
-6
-8
-2
-3
-2
-2
3
1
-1
5
-1
2
4
3
8
14
6
1
4
11
14
7
5
5
9
9
13
14
12
7
4
10
12
10
8
5
3
3
5
4
3
4
8
9
4
5
7
9
10
8
3
3
-1
-5
0
1
-2
0
-5
-6
-3
-3
-3
-5
1
-9
-11
-6
-7
-7
-13
-6
-7
-11
-7
-10
-10
-10
-11
-6
-6
-10
-11
-8
-10
-13
-5
-7
-9
-11
-13
-6
-5
1
-2
-1
-5
-7
-5
-5
-2
-3
0
-4
-3
-2
4
7
1
4
-2
4
5
-1
-7
6
12
6
12
5
7
7
8
5
9
14
12
11
7
9
7
12
12
6
11
11
15
13
9
11
13
18
15
11
12
19
19
20
18
12
15
11
15
16
18
17
10
16
15
14
11
4
9
11
7
12
16
14
9
11
15
12
14
17
14
14
6
2
9
11
10
1
2
6
9
8
4
9
8
11
7
3
5
3
4
8
9
8
9
9
2
1
5
-4
8
8
6
7
1
8
5
10
10
2
2
-6
-3
2
5
6
1
2
-3
3
3
-3
2
1
6
-1
-1
-3
-1
5
4
11
11
10
8
9
10
9
8
6
9
11
8
13
7
7
13
14
16
13
18
18
18
16
17
15
13
14
14
12
13
11
10
12
16
17
8
8
10
11
6
4
12
11
12
16
11
11
8
11
19
19
17
10
9
4
12
11
8
16
7
10
11
10
9
5
12
13
12
7
4
10
9
9
14
9
9
11
9
3
2
7
14
15
5
5
5
9
12
8
16
13
12
16
9
9
14
17
16
14
13
17
15
12
19
19
13
13
14
8
8
14
10
10
5
9
13
9
13
7
11
9
11
18
8
9
11
9
8
12
11
7
11
7
6
6
8
12
6
8
3
1
7
3
1
1
1
0
-2
-5
1
-1
-5
-6
-6
-3
-7
-3
-3
-6
-6
-9
-10
-9
-7
-2
-6
-11
-15
-8
-1
-4
-4
-7
-7
-8
-11
-2
-1
-5
-10
-9
-2
-1
0
0
1
-2
-6
-6
-9
-1
0
-3
-4
-2
-1
-6
-5
-7
-4
-7
-7
-6
-2
2
-7
-9
-4
5
-3
-7
-3
-5
-1
-4
-4
-4
-7
-5
-6
-8
-6
-6
-7
-1
0
-5
-2
-3
-2
-7
-5
-5
-2
-2
-10
-6
-4
-6
-11
-9
-6
-8
-10
-7
-3
-5
-9
-11
-12
-7
-3
1
-8
-13
-6
-13
-10
-4
-7
-11
-11
-17
-17
-11
-12
-10
-15
-13
-11
-9
-11
-10
-6
-10
-9
-8
-8
-12
-6
0
-3
-8
-6
-10
-9
-9
-9
-8
-2
-6
-9
-5
-11
-7
-2
-4
-6
-7
-8
-7
-12
-14
-6
-3
-6
-4
-3
-4
-3
-5
-7
-9
-3
-4
-2
-3
-6
1
-1
-4
-4
-5
1
5
-5
-4
-12
-7
2
-6
-1
-8
-7
-9
-8
-4
-4
-5
-5
-1
-5
-1
1
-3
-6
0
-2
-1
3
1
-1
0
6
10
4
7
13
10
11
9
13
16
11
10
16
17
17
17
16
19
14
18
15
14
16
16
21
16
19
17
11
12
14
18
19
17
19
19
16
20
17
13
12
17
12
8
13
6
6
7
8
2
5
8
4
5
7
8
4
0
1
1
0
3
5
6
8
-2
0
2
0
-6
-5
0
-6
1
-1
1
4
3
7
5
8
2
0
2
1
6
3
3
4
-4
2
1
1
3
-2
-4
-2
3
5
3
3
3
4
5
7
7
3
7
11
14
8
3
8
5
4
0
4
5
3
5
-6
-5
-5
-4
1
-5
-4
-8
-7
-11
-5
-3
-7
-6
-13
-12
-8
-4
-4
1
-2
-2
-4
-7
-3
-2
0
3
7
-5
-5
2
3
4
-2
-3
1
4
1
4
2
2
7
7
6
6
-2
-6
1
7
7
7
4
-1
3
6
7
7
14
11
9
8
6
8
8
13
13
13
11
13
17
16
20
19
21
13
17
20
16
17
18
19
17
19
18
17
17
15
8
7
12
11
13
10
11
12
8
10
16
16
16
13
10
7
6
8
8
7
6
10
8
5
5
8
7
4
5
6
8
4
-1
-3
-2
-1
-1
-4
-5
-8
-7
-6
-9
-5
-3
-5
-3
-4
-6
-10
-6
-1
-7
-3
-8
-8
-6
-9
-10
-19
-13
-15
-14
-13
-16
-16
-15
-17
-19
-20
-13
-8
-11
-15
-16
-12
-9
-11
-8
-8
-6
-8
-9
-3
-4
-5
-12
-6
-4
-4
1
-3
-1
-3
1
-1
-3
-3
-7
-8
-8
-4
-6
-6
-4
-1
-3
-9
-5
-1
2
1
-4
-3
-9
-16
-11
-7
-1
-2
-5
-4
-1
-5
-7
-4
-5
-6
-1
1
-2
-2
4
4
5
8
8
8
6
8
4
4
4
6
11
3
5
9
4
5
6
8
6
10
12
11
14
16
17
16
19
19
25
20
13
20
17
18
16
20
19
18
20
16
13
8
9
7
15
13
12
14
11
9
15
12
10
9
5
8
7
8
0
1
6
4
4
-1
-6
-2
2
3
-1
-12
-6
-7
-9
-11
-8
-8
-11
-6
-13
-13
-18
-15
-13
-20
-19
-19
-14
-13
-12
-13
-15
-17
-15
-12
-15
-14
-12
-13
-13
-13
-12
-8
-11
-14
-8
-9
-12
-11
-12
-6
-5
-9
-8
-8
-10
-9
-7
-10
-9
-5
-3
-5
-4
-6
-2
-7
-7
-2
-3
-2
-4
-1
-6
-1
2
0
1
-1
1
-2
2
-2
-3
1
-6
-1
0
1
2
3
4
-4
-6
-6
-2
-6
-5
-2
-8
-7
-8
-9
-7
-7
-2
-3
-11
-8
-15
-15
-12
-15
-11
-14
-11
-6
-9
-12
-5
-6
-8
-4
-4
-8
-4
-8
-11
-7
-4
-2
-5
-3
-4
-2
-6
3
1
-2
0
1
3
-2
-1
-5
-5
-4
-5
-9
-3
-1
1
-1
-4
0
1
1
1
2
-2
1
2
1
1
1
2
3
3
0
-1
2
0
-3
1
4
3
-2
10
10
7
5
5
6
1
2
7
5
3
7
10
14
8
6
7
12
8
9
12
7
9
6
9
8
7
1
9
9
3
6
3
3
3
2
7
6
6
11
-2
0
0
0
3
1
7
6
4
0
2
3
0
-2
2
-1
-3
3
-2
-3
2
-1
-6
-1
1
2
5
-6
-8
0
0
-2
-2
-4
-6
-2
1
-1
-3
-7
-3
-1
1
-2
-10
-8
-6
-5
-3
2
1
-2
0
-2
-3
2
-2
-5
-1
-6
-9
-7
-2
-1
6
6
0
5
4
3
2
3
1
2
1
6
3
3
3
-2
3
4
1
-1
4
3
4
7
6
5
6
8
6
2
3
6
3
5
7
5
0
-1
3
2
5
2
-1
0
2
1
-4
1
4
-4
-2
-2
-1
0
2
0
-6
-3
-1
4
-1
-2
3
4
7
3
4
3
-1
1
1
1
7
3
-1
1
-3
-1
5
-1
3
-1
1
0
1
9
0
5
5
6
9
8
7
13
9
12
18
14
17
17
15
12
22
20
21
18
15
20
21
25
23
25
21
20
19
23
28
22
17
15
17
23
24
23
18
16
21
21
19
18
23
16
19
13
11
15
13
8
5
10
9
13
8
8
6
2
3
2
2
0
-1
2
-1
-5
-2
-3
3
0
-3
-2
-9
-7
-7
-9
-3
-8
-10
-9
-17
-12
-12
-8
-20
-14
-15
-22
-16
-20
-17
-17
-12
-21
-17
-14
-17
-15
-15
-16
-20
-15
-18
-13
-16
-15
-13
-15
-14
-13
-11
-9
-14
-14
-10
-11
-3
-10
-7
-5
-14
-7
-5
-5
-2
-4
-5
-3
-8
-7
1
5
1
1
-1
-3
6
12
8
4
3
3
7
8
9
11
4
9
11
7
9
7
10
9
7
5
2
5
-1
1
2
1
5
2
-4
-1
1
-2
-2
2
-2
-6
3
-1
0
0
0
3
-3
-4
2
0
1
2
-4
3
1
0
-1
-2
0
-1
1
-3
-9
-8
-6
-8
-11
-12
-4
-11
-11
-8
-13
-15
-15
-10
-17
-15
-13
-16
-16
-21
-22
-16
-12
-22
-19
-18
-22
-17
-16
-18
-15
-17
-21
-15
-12
-12
-8
-11
-15
-12
-8
-8
-12
-15
-8
-8
-6
-9
-14
-8
-6
-4
-5
-4
-6
-6
-2
0
1
-2
2
4
2
-1
-3
-3
1
-1
2
-2
-7
-3
-1
-1
1
0
3
6
-2
-4
-7
-8
-7
-5
-4
-3
-6
-8
-4
-2
-2
-7
-2
-7
-4
-5
-8
-3
-5
-2
-7
-2
-3
-5
-9
-8
-3
-4
2
-3
-2
-6
-8
-7
-8
-7
-10
2
-2
-7
-10
-6
1
-3
-2
-4
-6
-7
-8
-5
-7
-11
-6
-5
-9
-9
-11
-10
-7
-9
-5
-9
-10
-6
-9
-9
-13
-7
-10
-9
-10
-6
-5
-5
2
1
0
-5
-2
-3
2
-1
0
4
3
6
4
7
2
2
9
6
3
-1
4
6
3
3
8
8
4
4
4
6
5
5
2
2
5
6
7
6
6
3
-1
3
1
-5
0
3
6
3
4
1
-1
4
3
1
1
5
2
0
-2
-3
-4
-3
-3
-11
-10
-8
-8
-9
-6
-10
-8
-3
-1
-4
-8
-4
-5
-1
-3
-3
-3
-5
-12
-7
-2
-3
0
-4
-1
-1
1
2
-3
-3
-4
-6
-7
-6
1
3
2
2
-2
3
1
2
1
1
4
-1
0
2
0
-2
3
6
4
0
-5
-1
7
9
4
5
4
1
5
5
-2
7
7
3
8
8
5
1
7
5
8
7
5
5
1
4
1
3
5
3
5
-1
-4
-1
0
2
3
3
-1
-2
-1
4
2
0
7
2
-1
-5
-4
-5
-5
-4
1
2
-2
-2
1
-4
-4
0
-5
-6
-4
-1
-3
-9
-5
1
-4
-2
-3
0
0
-2
3
0
3
5
3
-3
-1
3
1
0
-1
3
-2
-4
-7
-9
-2
-5
-6
-7
-9
-8
-6
1
-3
-2
-4
-9
-6
-6
-4
-6
-10
-12
-17
-16
-15
-16
-15
-22
-17
-14
-16
-15
-16
-17
-15
-11
-16
-11
-10
-16
-14
-12
-13
-16
-11
-13
-22
-16
-17
-13
-10
-13
-14
-16
-13
-15
-13
-11
-10
-7
-7
-12
-13
-8
-10
-6
-3
-6
-5
-4
-3
-9
-7
-9
-6
-1
0
0
-4
0
3
4
2
4
-2
-1
4
0
4
3
7
1
10
6
4
10
8
10
10
10
5
14
11
10
9
8
12
9
9
8
10
11
15
14
11
6
7
15
16
11
12
14
14
14
11
12
6
4
5
3
7
9
1
-4
6
4
0
1
-4
-4
1
0
-2
-2
-2
-1
1
-4
-2
-1
0
-2
2
4
3
0
-4
-3
-5
2
-2
-2
-2
-2
4
0
-2
0
1
1
-2
-2
2
-2
7
8
6
1
-2
0
1
1
0
5
-1
3
3
2
-1
-1
6
12
12
1
0
5
4
4
5
3
3
3
9
9
12
17
17
14
9
8
8
10
12
13
12
11
9
9
6
10
19
15
22
19
12
14
15
16
9
9
11
3
6
12
8
3
7
8
8
8
6
3
2
11
11
7
-2
0
4
5
9
2
4
8
8
3
2
-1
-1
0
-4
5
5
3
6
3
3
4
2
0
0
5
1
-2
6
7
1
1
-3
-1
3
1
-1
1
4
5
10
3
0
3
1
3
4
2
6
5
5
10
10
10
8
9
7
3
2
3
2
-1
3
8
10
6
5
-4
1
-1
-3
1
-4
-1
0
4
1
-2
-5
-2
-3
-7
-7
-2
-2
-2
5
-6
-9
-5
-5
-4
-3
-6
-6
-6
-4
-4
-4
0
-3
-4
-5
-1
2
-1
0
0
-3
-1
1
0
-3
-3
-2
-2
-1
1
-3
-4
-6
-3
-5
-9
-6
-4
-1
-3
-1
-6
-1
-2
-1
5
-1
-3
-10
-7
-9
-5
-5
-4
-3
-5
3
-1
3
-3
-7
-2
3
2
-3
-3
2
2
-1
2
-1
2
-4
-6
-1
-1
3
4
2
-1
-3
4
-6
-9
-9
-7
-2
-8
5
5
5
4
-4
-2
-6
-6
-2
-5
-4
0
1
1
-8
-6
-5
-6
-10
-8
-6
-8
-8
-7
-9
-8
-7
-9
-5
-7
-2
1
1
-2
2
-2
-1
-4
-7
5
0
8
-6
-5
-5
-9
-6
-6
0
-2
6
1
-6
-7
-5
-8
-4
0
-1
1
-1
0
-1
-4
-3
1
-3
-3
2
4
0
-6
-8
-10
-6
2
1
1
-7
-7
-2
-6
3
-2
3
3
5
10
4
7
4
9
11
5
3
1
5
8
7
9
-1
-7
-2
0
5
12
13
4
0
-9
-8
-2
1
4
1
1
-8
2
-3
-14
-4
-8
-5
-8
-10
1
-5
-6
-4
-8
-10
-16
-13
-12
-1
1
-2
-3
-11
-6
-16
-1
-3
-1
2
0
15
-1
2
-9
-5
-4
-7
-4
-9
1
-2
3
-1
-5
-11
-6
-4
1
15
16
14
7
2
-9
-10
-6
-5
-3
10
5
-1
2
-6
-13
-15
-15
-11
1
-2
2
-1
-6
-12
-10
-10
-18
-9
-6
5
7
16
5
-6
-4
-15
-11
-11
-1
7
12
4
-2
2
-8
1
1
-1
6
10
13
6
12
7
3
-2
-4
1
7
12
13
13
6
2
-9
-5
-2
3
6
9
15
6
7
-2
3
1
11
22
16
16
10
10
2
-1
-4
-8
0
5
2
4
-1
-1
-1
-8
-4
-3
8
8
10
15
7
5
-3
-3
-6
-2
0
4
0
1
4
-4
-4
-10
-9
-8
-8
7
11
6
1
-8
-2
-8
-12
-6
-7
4
5
6
-2
-2
-6
-11
-12
-15
-8
-6
3
2
2
1
-12
-7
-4
-8
-2
3
5
8
2
0
-4
-8
-10
-6
-1
-1
6
4
7
6
-2
0
-4
4
5
5
10
7
13
10
17
16
11
17
13
17
20
19
17
18
19
13
14
13
20
21
16
19
17
20
14
13
9
14
20
23
23
11
15
14
15
15
17
15
10
11
10
11
3
8
2
0
-6
-5
1
-9
2
-2
-4
-6
-7
-5
-3
-3
-3
6
-1
-3
-8
-7
-7
-9
-9
-11
-14
-11
-7
-8
-11
-12
-18
-21
-15
-20
-6
-8
-3
0
-2
-4
-8
2
-7
3
-10
-8
-2
3
14
6
9
-7
4
3
0
3
-2
-5
-12
-8
-1
0
11
11
13
10
6
13
17
31
23
31
25
18
14
12
7
-4
-4
-14
0
16
31
29
27
6
-11
-21
-26
-12
-6
21
26
29
10
-14
-25
-31
-4
4
31
32
27
37
1
18
-35
-46
-60
-60
-12
-30
44
7
22
-18
-65
-54
-80
-18
-17
32
7
-10
-26
-39
-30
-32
-13
-16
0
6
14
22
33
-8
-21
-69
-81
-101
-80
-48
-25
13
-40
-31
-94
-72
-61
-6
46
43
70
1
-3
-42
-41
-33
-25
-4
1
17
17
-16
-23
-63
-89
-63
-72
-7
1
26
8
-28
-36
-105
-65
-49
-8
72
85
146
100
81
-2
-78
-58
-119
-13
-22
39
8
-18
-38
-110
-23
-89
17
-1
47
65
38
56
-35
31
-69
-14
-31
-40
23
-25
103
41
129
77
-5
11
-125
-61
-117
-29
-14
33
64
30
53
-12
-11
-65
-16
-53
25
1
24
20
7
43
-33
44
-25
35
4
46
60
58
97
2
38
-42
-60
-52
-37
-16
-22
-37
-73
-45
-30
20
53
56
57
-25
-3
-28
-16
53
27
107
94
109
26
-19
-43
-92
18
-25
30
2
-29
-30
-72
-25
-59
-38
-65
-49
18
57
95
112
140
122
53
-4
-79
-74
-47
-33
37
78
88
60
59
-38
-41
-99
-112
-80
-61
19
0
109
43
85
37
-86
-69
-126
19
124
230
301
202
89
-82
-220
-223
-215
-126
-10
79
152
154
123
60
-26
-88
-174
-71
-22
85
143
89
127
-63
-38
-181
-110
-61
-34
132
83
207
39
-6
-72
-58
38
50
97
32
25
-30
-108
-129
-152
-103
-48
35
133
120
109
-74
-119
-174
-107
-75
1
143
162
283
146
160
79
-48
-114
-205
-188
-127
-84
60
76
64
35
-165
-45
-108
14
8
-29
29
-85
85
53
146
190
74
76
9
12
76
0
67
-34
-128
-148
-377
-173
-107
68
136
79
87
-31
37
2
116
143
99
-26
-29
-51
11
6
-24
6
-65
-35
-193
-38
-38
71
-4
-57
-41
-76
90
-6
151
105
38
-40
-21
19
150
97
4
106
-61
-5
-148
-274
-125
-198
-119
-20
-83
109
-104
29
69
43
267
49
219
207
256
239
115
146
-101
-287
-348
-503
-236
-81
55
180
5
-67
-428
-202
-165
142
356
299
433
142
283
27
94
221
48
84
-140
-205
-105
-82
-95
-191
-329
-401
-439
-300
-17
117
242
239
12
109
-145
-224
-39
171
678
735
578
349
-170
-279
-459
-536
-84
-185
143
-81
20
-50
-228
-4
-358
-33
-376
-251
-249
176
446
568
586
156
271
-145
233
144
353
425
183
23
-329
-541
-515
-381
-161
194
-71
124
-214
4
-45
-216
-317
-618
-276
-177
352
569
899
815
671
431
-105
-283
-639
-399
8
130
201
-261
-499
-488
-494
-256
-252
-219
-127
39
178
256
11
-51
-100
153
342
396
376
-133
-2
-213
-2
84
-132
-17
-75
0
-20
-180
-231
-418
-554
-525
-654
-409
-510
36
294
462
587
-13
-47
-107
102
422
516
286
88
-291
-161
-79
-93
-143
-292
-311
-212
-138
-363
-97
-393
41
181
401
427
-93
-303
-410
54
162
757
557
850
795
533
564
-34
53
-284
-191
3
-244
-139
-348
-408
74
68
522
285
216
360
199
438
-24
120
-89
136
443
600
994
551
251
-162
-496
-324
-564
-452
-280
-323
193
-7
95
-436
-840
-687
-796
-121
24
237
282
24
-75
-217
-291
-432
-403
-246
-97
-95
-453
-520
-687
-582
-464
-791
-538
-906
-624
-227
-255
170
-248
-196
-224
-247
174
-299
64
-122
-204
380
98
709
362
431
573
126
275
-275
-324
30
425
910
1308
1322
1088
557
465
24
158
473
464
1127
904
1445
1165
1203
1005
417
812
171
291
151
280
546
412
630
680
607
468
92
-122
62
-217
-15
64
-15
-17
-215
-352
-518
-480
-295
-2
-80
-263
-734
-978
-1090
-1122
-690
-540
-577
-1097
-1281
-1397
-1422
-1177
-1123
-746
-873
-940
-1233
-1233
-948
-991
-666
-962
-1057
-1161
-1148
-708
-685
-737
-900
-1338
-1336
-921
-673
17
-20
-12
-133
-633
-638
-930
-471
-126
30
165
142
247
806
1206
1477
1705
1182
1446
1131
1439
1630
1415
1807
1476
1988
1920
1941
2012
1836
2036
1940
1897
1956
2082
2176
2469
2321
2132
1712
1422
1396
1441
1567
1687
1900
1987
2147
1871
1680
1135
528
70
-479
-815
-1037
-931
-1041
-1097
-1436
-1787
-1938
-2327
-2217
-2118
-1984
-1857
-2035
-1741
-1723
-1803
-1959
-2242
-2164
-2409
-2589
-2763
-2912
-2623
-2339
-1939
-1658
-1837
-1919
-2394
-2455
-2460
-2504
-1957
-1996
-1682
-1486
-1217
-1331
-1526
-1677
-1686
-1226
-1398
-778
-830
-108
431
476
1324
1097
1374
1171
889
878
773
1136
1632
1929
2521
2644
2194
1833
893
782
677
876
1145
1183
1522
1349
1228
1109
897
533
403
433
1201
2569
3831
4725
4728
4383
4105
3930
4157
4114
3943
4488
4351
4287
3745
2495
1748
552
215
108
216
575
440
717
673
417
-217
-733
-1009
-820
-85
130
208
-220
-754
-1365
-2133
-2674
-3251
-3243
-3146
-3356
-3198
-3683
-4075
-4516
-5183
-5005
-5332
-4662
-3915
-3722
-3334
-3462
-3239
-3161
-3293
-3821
-4002
-3966
-3906
-3383
-2951
-2665
-2990
-2949
-3021
-2865
-2260
-2336
-1266
-113
1020
1872
1640
2314
3419
5827
6892
5904
5290
3638
3227
2730
2613
3197
2139
2139
1301
1086
982
-400
-800
-1161
-686
-693
-552
-76
652
1777
2499
2569
1901
1458
1030
1658
2486
2902
2879
2095
995
-73
-1065
-1387
-1306
-202
1344
1525
2071
2140
2571
2452
2040
2321
2320
3156
3095
3654
4284
3999
3952
3017
2520
2002
1161
1211
1152
1542
1680
1108
550
-290
-828
-1176
-1264
-1128
-1118
-1265
-1560
-2108
-2520
-2962
-3141
-3127
-3046
-2905
-2993
-2986
-3400
-4014
-4594
-4829
-4826
-4725
-5118
-5014
-4764
-4385
-4179
-5116
-5093
-5338
-5061
-4577
-4181
-3684
-3971
-4207
-4398
-4046
-3037
-2332
-1899
16
1357
2390
2535
2228
3879
5008
6159
6204
5384
5222
4067
3448
3361
2795
2433
1457
940
1093
845
516
-134
-421
-135
-383
-408
40
581
1795
2469
2990
2945
2400
2268
2042
2457
2877
2930
2597
1903
1262
855
1093
1704
1488
1221
1099
1284
2237
2770
3307
3207
2658
2296
2291
2741
2941
2989
3149
3177
3113
2733
1852
1572
1207
1261
1256
593
294
-544
-850
-666
-1061
-1338
-2134
-2716
-2774
-3089
-2594
-2771
-3083
-3339
-3989
-4088
-4255
-3835
-3507
-3242
-3293
-3371
-3840
-4451
-4586
-5095
-5185
-5842
-6342
-6030
-5587
-4951
-5028
-5718
-6133
-6569
-6516
-6261
-5348
-3628
-1954
-963
-867
216
680
1939
3143
4987
7456
7629
8208
6498
5885
5357
3816
3805
2419
2599
1914
1343
1292
263
-161
-1577
-2437
-2889
-2297
-1298
-142
1260
2009
2788
2541
2501
2546
2822
3671
3826
4394
4538
3632
3042
1396
728
241
-147
1105
406
797
245
19
1025
1379
3389
3474
3966
4018
4083
4821
4440
4690
4441
4383
4226
3867
3477
2842
2089
1574
1154
727
50
-590
-759
-553
-227
-737
-1299
-2460
-3281
-3703
-3628
-3192
-3130
-3092
-3392
-3288
-3555
-3302
-3600
-3961
-3926
-4463
-4501
-4836
-5154
-5470
-5520
-5594
-5523
-5819
-6249
-6739
-7614
-7050
-6978
-6205
-5507
-5850
-5030
-5551
-4819
-3985
-3301
-1051
-506
1464
2787
3818
6110
7112
8300
7761
7436
6545
4749
4696
3953
4356
3689
2330
1325
-767
-1318
-2631
-2912
-2632
-2727
-2233
-1750
-753
108
1209
1689
2366
2504
3080
3740
4502
5719
5671
5533
4743
3484
2384
1301
400
230
312
1058
367
-236
-345
-380
1380
2502
3777
3954
4116
4032
4510
4773
4656
4957
4126
4825
4271
4490
4089
3068
2970
1924
1844
601
-107
-305
-311
424
236
-407
-1419
-2877
-3343
-3552
-3422
-2619
-2850
-2466
-2743
-3005
-3233
-3966
-4024
-4355
-3922
-4197
-4426
-4088
-4037
-4115
-4698
-5126
-5324
-5713
-6376
-6495
-6414
-5667
-5868
-6246
-6561
-7860
-8109
-9042
-8162
-7644
-7116
-4567
-3689
-1617
-444
649
3047
4319
6527
8698
8857
8327
7035
7173
7914
6460
5718
4268
3165
2054
194
-337
-1165
-2345
-2977
-3414
-2843
-2155
-2331
-844
187
1694
2251
1966
3049
3813
5742
6859
7538
7610
6619
5807
4656
3504
2705
1273
237
-572
-848
-203
-441
-526
-1019
-80
1162
1725
2568
3161
3754
4347
4771
5035
5747
5213
5254
4938
4983
4964
3552
3127
2206
2160
1616
617
50
-735
-879
-1408
-1858
-2164
-3027
-3174
-2725
-2525
-1807
-1957
-2283
-2545
-3140
-2960
-3200
-3220
-3211
-3599
-3545
-3764
-3674
-3374
-3865
-4488
-5361
-6047
-6242
-6896
-6926
-6974
-6495
-5818
-6321
-6531
-7914
-8044
-8794
-9842
-9801
-9543
-6677
-6023
-4328
-3044
-1512
1194
1083
3011
4701
7547
9895
9348
10044
9547
8103
7067
4635
4240
3315
1563
1543
611
928
-629
-2616
-3185
-3763
-3234
-2533
-1550
531
2299
3165
4197
4112
5279
5561
5825
7584
7842
8644
7871
6542
6004
3761
2040
-159
-2005
-2373
-3355
-2901
-2501
-1861
-1425
-1680
-200
877
1558
2906
3994
5745
6874
6967
7516
6924
6916
5857
5124
5022
3707
3290
1984
1368
560
-593
-1529
-2638
-3075
-3026
-3223
-2877
-2226
-2020
-1446
-1818
-1655
-1943
-1790
-1791
-2015
-1344
-1918
-1800
-2128
-2753
-3355
-4476
-4811
-4641
-4794
-4943
-5085
-5639
-6081
-7065
-8151
-8790
-9838
-9979
-8539
-7168
-6105
-6075
-6621
-6156
-6904
-8520
-8194
-7714
-6446
-4769
-3202
100
2057
3388
5418
6806
10325
11552
9408
9532
7592
7668
6829
4520
5834
3525
3294
1701
-385
483
-1905
-2535
-2987
-3228
-1747
-1693
-488
1796
3331
4874
4750
4476
5369
5766
6943
8363
8599
8573
6922
5382
3938
1500
482
-1606
-2700
-3726
-4510
-4049
-4129
-2504
-2481
-2384
-1257
16
2497
4016
6180
7357
7642
8397
7260
7303
6508
5627
5625
4507
4336
2459
1514
410
-756
-1073
-2493
-2986
-3375
-2679
-2312
-1808
-1373
-1722
-1800
-1799
-1865
-2105
-1721
-1871
-1383
-964
-773
-879
-1792
-2407
-4314
-4989
-5047
-5616
-5660
-6097
-5865
-6230
-6608
-7699
-8845
-7993
-7746
-8752
-9596
-8286
-6675
-6091
-6223
-7731
-8393
-9221
-9865
-8510
-7002
-4499
-3971
-2528
1112
4131
10041
13818
15242
13418
10092
8166
6073
6029
6060
7124
6912
5556
2916
310
-883
-3266
-3810
-4581
-4881
-4712
-4132
-1113
1326
3637
4014
2666
2476
2828
4987
8051
10850
12296
11722
10052
7058
4135
2095
575
-574
-1530
-2381
-3875
-5444
-6707
-7222
-5890
-4429
-3285
-2269
695
3464
5654
7716
7169
7962
7653
8002
8575
8801
9182
7224
6183
4404
2894
1120
-308
-1108
-1240
-1000
-2135
-2932
-3346
-3405
-3329
-2507
-2214
-1439
-929
-743
-217
-101
-122
-1076
-1211
-1047
-1124
-975
-955
-1357
-1971
-3814
-5429
-6648
-8143
-8222
-8142
-6554
-5851
-7119
-7930
-9387
-9515
-9502
-9815
-7831
-6750
-6161
-5253
-6438
-7472
-8986
-9755
-7767
-7291
-5057
-2650
-1185
2334
3847
8911
14368
14726
11764
8010
7563
7048
5508
5426
6145
5316
4409
1500
89
-431
-3224
-4243
-5030
-3724
-3601
-3774
-1275
1254
3969
5030
3723
3468
4269
5674
8352
10227
11749
10659
8901
6579
3667
2309
146
-1599
-2768
-3557
-4690
-6308
-6506
-6170
-5838
-4513
-3901
-1743
1273
3042
5865
7139
8215
9104
8635
9337
8837
8533
8068
6084
5443
3818
2417
1045
-175
-734
-1762
-2362
-3529
-3218
-2728
-2472
-2077
-1908
-1472
-1120
-778
-141
779
1166
1223
604
476
-131
-1036
-1673
-2614
-2961
-3814
-4919
-5481
-6221
-7136
-8298
-8705
-7277
-6639
-6655
-7796
-9354
-9142
-9615
-9119
-7947
-7521
-6382
-5912
-5756
-6324
-7943
-8487
-8040
-6953
-4781
-3337
-1801
642
3109
8857
14253
15067
11377
7315
6406
5115
4762
4808
5405
5649
4220
2552
307
-1093
-3543
-4918
-3936
-2826
-2371
-2055
70
2648
5300
5948
4492
3716
4217
5927
8270
10679
11168
9904
7572
4935
2414
446
-866
-2345
-2755
-3364
-4891
-6275
-6774
-6220
-4862
-3529
-1566
-1
1409
3603
5139
7556
8148
8830
9065
8879
9623
8584
8140
6633
5257
3687
2323
865
-598
-1005
-1702
-1763
-2417
-2004
-2219
-2118
-1157
-836
-5
488
554
906
1253
867
536
-196
-290
-835
-1294
-1235
-2713
-3823
-4984
-6719
-7044
-7717
-8656
-8038
-7641
-7529
-8364
-9190
-8986
-9098
-8539
-8098
-8327
-6496
-5125
-6586
-7011
-7446
-9433
-9574
-10102
-8218
-5528
-5582
-2987
-3532
-661
2642
5246
14304
15009
12229
9969
7221
7343
5093
5261
7490
6031
6403
3860
1417
2077
-1850
-3033
-3142
-3458
-2860
-3266
-606
2947
4533
6062
3556
2310
3687
3853
7792
9385
10683
10223
7501
5692
2367
698
-712
-2804
-3004
-3654
-5049
-5652
-6673
-4928
-4504
-3732
-3033
-2133
388
1949
5361
7428
8835
9062
9097
9130
9212
8517
7703
6532
5456
4665
2826
2566
402
-103
-1187
-2128
-2021
-2697
-1742
-1543
-145
941
733
805
483
-6
570
410
832
781
-120
-173
-1945
-3064
-4273
-6409
-6574
-7496
-7388
-6663
-7839
-7570
-8730
-8609
-8333
-8692
-8062
-8681
-8938
-8972
-8963
-8316
-6413
-5159
-4724
-6005
-7591
-9229
-8544
-8063
-7139
-7054
-6493
-3437
-3846
313
2441
10188
17754
15350
12585
7999
7237
5812
4700
7721
9232
7607
6562
2878
2886
2038
-2879
-3377
-4210
-2684
-2711
-1661
2035
4271
5634
5030
1936
1287
1795
2939
7060
8659
9713
7775
4970
3187
561
186
-1166
-2919
-2356
-3543
-3898
-5037
-4893
-3212
-3424
-2002
-2153
-155
1904
4317
7557
8844
9614
9533
8674
9422
9240
8612
8177
5734
6068
3491
3144
1777
491
874
-1050
-658
-2056
-1348
-979
-424
573
644
209
135
-560
-463
56
-749
-644
-2455
-2658
-3443
-4205
-4033
-5292
-6250
-6803
-8016
-8089
-8925
-9356
-8189
-8119
-7817
-9449
-9186
-8427
-8696
-7906
-7256
-6587
-6807
-8179
-7472
-6805
-6699
-7329
-8145
-7437
-7989
-6884
-7079
-5432
-3765
-1510
1844
6059
14174
17566
15443
11600
8967
6776
5592
3801
6441
8123
8147
7734
3803
3465
-1028
-4291
-4471
-4276
-2613
-2139
-318
2999
4756
5378
3545
948
1371
1056
3572
6544
8474
9118
7459
5556
2682
387
-1022
-2321
-2608
-2049
-2469
-2888
-3793
-4160
-3709
-3312
-2341
-1435
158
2881
5410
8818
9743
10207
10324
8954
9486
8181
8583
7784
6626
5902
3866
3159
1262
-383
-1083
-1718
-1886
-1307
-1186
-643
-894
-437
-720
-801
-460
-754
-208
-688
-465
-1692
-2374
-2817
-3492
-3602
-4149
-5094
-6271
-7584
-8782
-8742
-9344
-9174
-9288
-9186
-8735
-9336
-8600
-8994
-9615
-8201
-7300
-6364
-6421
-6326
-5842
-5397
-5558
-7616
-9081
-9310
-8373
-7653
-5286
-3620
-1961
1456
6587
14441
17856
13896
10112
8530
7817
6771
5345
8714
8581
8646
7443
3889
3083
-1472
-3826
-4380
-3148
-2585
-2903
-1234
1834
4113
4294
2108
-771
-160
1006
4101
7477
9286
9313
7708
5702
3572
1437
599
-881
-1429
-879
-1842
-2497
-4413
-3886
-3541
-2968
-1743
-1456
674
2841
5525
8235
8917
9859
9509
9093
10234
9236
9518
7643
6190
5187
3546
2886
911
-97
-1017
-1691
-2173
-2012
-2489
-2052
-2084
-1429
-1320
-1096
-460
-1158
-450
-1242
-1338
-2285
-3210
-3488
-3847
-3817
-4350
-5399
-6534
-8364
-9563
-9750
-10174
-9115
-8824
-8408
-8567
-9375
-10523
-10432
-9500
-8763
-9294
-8533
-6490
-6647
-5691
-7256
-7963
-8347
-9642
-8785
-6852
-4286
-1860
299
5166
12833
18544
17731
11754
9790
8904
7973
6518
8001
9754
9203
8771
4767
3556
111
-4096
-5863
-5415
-3821
-4589
-3228
-158
3172
5148
3425
358
153
1995
5160
8794
12032
12453
10834
8076
5020
2690
945
-200
-1559
-1043
-1806
-3488
-5770
-6933
-5928
-5125
-4148
-2971
-1041
1588
4099
6759
8490
8885
9642
8789
9849
10615
10920
10391
8294
6833
3871
2614
933
-121
-369
-482
-1252
-2035
-2678
-3666
-3676
-3306
-2126
-1862
-702
-970
-817
-350
-507
-605
-1866
-2224
-2709
-2415
-2085
-3087
-4671
-6250
-8438
-9296
-10207
-10684
-10465
-10886
-10266
-10799
-11523
-12057
-12322
-11373
-10844
-10436
-8506
-6872
-6014
-6723
-7451
-8230
-8843
-7525
-6193
-3475
-770
2292
6130
13026
20216
18888
12618
9669
8125
7537
6344
6341
9836
9262
8264
3638
849
-444
-5619
-6032
-5169
-3904
-3803
-3891
-1335
2464
4669
4352
1189
613
2902
5114
9902
13165
14401
12601
9162
5631
2438
760
129
-966
-1020
-1470
-4290
-6852
-8917
-8111
-6954
-5318
-3099
-1646
1015
3490
5568
8268
8894
9393
9546
9766
11662
11783
12098
10402
8156
5792
3013
892
-756
-1238
-1267
-1086
-1752
-2560
-4198
-5005
-4953
-3657
-2373
-1078
-952
-1205
-760
-846
-369
-1791
-1975
-1796
-1242
-728
-1142
-1763
-3425
-5380
-7697
-9878
-11994
-12688
-12646
-11241
-9749
-10189
-11574
-13159
-14955
-14908
-13557
-10699
-7213
-5744
-4817
-6109
-6721
-7445
-8960
-6923
-4216
-1950
1626
4914
13300
22512
22599
16759
9493
6824
4746
3069
6874
10331
11037
9857
5001
2124
-931
-6328
-7532
-6968
-3970
-3802
-3536
104
2525
5526
5142
1950
621
1298
4474
9876
14647
17348
15259
11981
8138
3582
1375
-329
-981
-1235
-1450
-3000
-6292
-8916
-10036
-10340
-9125
-6674
-3596
-292
2727
5522
7640
8899
8781
8477
9246
10946
12397
13109
12430
10398
7619
4628
1773
-138
-1616
-2530
-2780
-2923
-2861
-3924
-4765
-5658
-5379
-4010
-2589
-1481
-754
15
401
531
-756
-1395
-1612
-874
233
96
-367
-2228
-4904
-7066
-8637
-9797
-10821
-11943
-12464
-12360
-11600
-11507
-12998
-13438
-12765
-12498
-11735
-10571
-8973
-6895
-5301
-5684
-7401
-8385
-7666
-6803
-4258
-707
1279
4550
7226
14643
20786
17850
12006
7126
7393
6441
4654
6782
8583
8343
6540
2813
1164
-1589
-5255
-5217
-4289
-2017
-2466
-2309
680
3724
6098
5016
2629
2800
4716
7931
11937
14222
14840
12520
9045
5714
2955
1099
-706
-2227
-2202
-3103
-5472
-8099
-9648
-8427
-7422
-5445
-3288
-799
1340
3620
6310
8107
9280
9709
10265
10849
11656
11609
10717
8285
7014
5012
3342
1482
-1108
-1823
-3090
-3070
-3826
-4201
-4451
-4371
-3467
-2414
-1556
-1255
-924
-825
153
217
24
-661
-527
-207
-233
-354
-2143
-4457
-6120
-7064
-7719
-7956
-8679
-9470
-10055
-10551
-12077
-13284
-13630
-13584
-12743
-11131
-10121
-9266
-7424
-7441
-7601
-7307
-7228
-8144
-8725
-7508
-6044
-5164
-3587
-1369
2982
11944
20257
20725
14315
10198
7218
5460
4000
5271
8476
8421
9024
6394
5349
2894
-2472
-5331
-5684
-4718
-4764
-2881
1207
5850
8155
7320
2749
309
1158
3563
8729
13712
15630
14418
11584
8013
4433
1010
-579
-2469
-2314
-1849
-3536
-5684
-7325
-7161
-7432
-7149
-5411
-3787
-1265
2111
5120
8103
9061
9667
9082
9572
10292
9980
10263
9332
8473
6685
5042
2394
273
-1285
-2352
-3521
-3832
-3694
-3833
-3066
-3043
-2373
-2825
-2184
-2056
-910
784
1165
1251
37
-393
-1147
-1547
-1278
-1370
-2847
-4739
-6866
-7604
-7985
-8500
-9003
-9668
-10344
-12030
-12396
-12707
-12173
-11171
-10442
-9623
-9385
-9771
-10017
-8554
-6421
-6316
-6597
-7228
-8515
-8340
-7967
-7129
-5958
-2410
2692
12790
22731
21322
14505
9855
7593
4362
2584
4816
8115
10280
11403
8761
6861
3187
-4090
-7054
-6561
-4647
-4305
-1421
3323
7586
9400
6162
885
-1613
59
3438
9514
14226
15932
14245
10680
6575
2286
-477
-2204
-2814
-1561
-821
-2662
-5173
-7014
-6729
-6807
-6641
-5377
-3562
-974
2629
5742
8008
9170
8708
8603
8623
10071
10278
9916
9423
8191
6472
4576
1763
-838
-1271
-2187
-2228
-2699
-2537
-2441
-2366
-1721
-1760
-1990
-1580
-914
220
2026
1486
982
-561
-1384
-2009
-2567
-1881
-2550
-3175
-4305
-6249
-8476
-9973
-11589
-10934
-9236
-8532
-8499
-9337
-8595
-8605
-10523
-10805
-11200
-10280
-8066
-8061
-6844
-6848
-6951
-8430
-8685
-7847
-9658
-9953
-9368
-7165
-5627
-2806
661
9984
21771
21142
13691
9194
7578
5860
4246
7244
10995
11488
11324
6791
6453
4576
-1950
-4776
-4100
-2031
-3274
-1742
1154
5246
7681
6185
1455
-1348
323
2139
7339
11998
13455
12391
9433
6197
3320
1350
703
-1206
-979
-1010
-2873
-4369
-5217
-4243
-4597
-4219
-5191
-4800
-2570
841
4768
7260
9174
9155
8700
8511
8428
9081
9250
7967
7514
6029
4840
2543
1390
770
-889
-1384
-2479
-1994
-1497
-917
-1520
-1494
-1901
-2089
-1663
-1138
127
-84
128
-1476
-2761
-3407
-3807
-4144
-4428
-4371
-5148
-6343
-7869
-8565
-9215
-9659
-9817
-10681
-10500
-9774
-10658
-10159
-10725
-11083
-10795
-9892
-8427
-8589
-6738
-7422
-9206
-10758
-12052
-11533
-10477
-9874
-9611
-6751
564
13025
24593
25005
16750
10647
6766
4324
2449
6644
11443
13868
14699
9777
7226
1933
-4205
-7328
-5978
-4362
-5072
-2716
2232
7615
9340
6366
-988
-4045
-2639
1821
9095
15110
17130
15589
12172
7703
3200
375
-278
-1023
879
956
-764
-3775
-6059
-6541
-7367
-7787
-8151
-6736
-3850
1130
5344
8144
8766
8062
7451
8206
10014
11739
12140
11248
9887
7894
6041
3131
1569
733
617
-567
-1207
-1942
-2684
-2536
-2801
-2574
-3332
-3198
-3248
-1402
579
1594
838
-969
-2398
-3908
-3808
-2961
-2046
-2312
-3182
-5125
-7403
-10267
-11477
-12087
-11308
-10104
-10001
-9727
-10939
-10606
-10768
-10310
-9853
-11057
-10507
-9329
-8920
-8298
-7967
-7184
-8442
-10264
-12090
-14079
-11887
-8381
-2177
7392
20940
26728
20207
13029
7904
6002
4193
3901
8084
11628
12747
11179
8294
7350
635
-6243
-8075
-7941
-5625
-3760
788
6003
9457
8121
2107
-3315
-2999
242
5620
12545
16044
16811
13425
9511
6107
2932
1476
-22
-558
1018
391
-1900
-4556
-6156
-6295
-8038
-8297
-7223
-4995
-1359
2892
5688
7881
8516
7995
8859
10194
12190
12357
11354
9916
8198
6457
5078
2678
1693
1241
-223
-627
-2362
-3055
-3837
-4567
-4064
-4153
-4084
-3480
-3015
-777
178
-331
-813
-2901
-2558
-2682
-1755
-1018
-1766
-2463
-4083
-5523
-7747
-9278
-11436
-11649
-11378
-11109
-9917
-10582
-10297
-11258
-12714
-11721
-13054
-11437
-9135
-8697
-5088
-6064
-7149
-9668
-12223
-11677
-12023
-9770
-6999
-2615
6524
19730
25943
22175
14457
8196
5764
3222
3610
8036
11428
13405
11060
8365
5825
-1733
-6807
-9305
-6892
-4835
-3493
394
4802
9574
8528
3637
-2356
-3271
-471
5322
12947
17434
18108
14650
9696
5710
2069
-98
-767
-650
1828
1075
-952
-4864
-7511
-7965
-8703
-8085
-7024
-4720
-1871
2523
5357
8026
8086
8145
8686
9606
12628
13147
12747
11130
8948
6708
4481
1895
205
-1020
-512
-931
-2213
-2895
-4239
-4692
-4723
-4370
-4450
-3163
-2419
-631
120
657
88
-1956
-1666
-1963
-868
17
-273
-1810
-3169
-5507
-8179
-10228
-11912
-12268
-12540
-12488
-12162
-11742
-11234
-12290
-14004
-12987
-13550
-11945
-10456
-9526
-7835
-7398
-6542
-8563
-9873
-11247
-11827
-10933
-6895
-518
11293
25776
28144
20637
13040
8050
4642
1773
3620
10030
12490
13745
9412
7150
5364
-2945
-7316
-9233
-7700
-7154
-4690
1394
7659
11474
9462
2213
-2998
-2705
419
7641
15132
19843
19645
16018
10225
5027
1015
-563
-1407
-346
1133
-364
-2967
-6864
-8417
-10034
-9439
-9209
-7456
-4050
-940
3537
5821
8227
8839
8575
9483
10314
12512
14183
12883
12368
9523
6818
4049
925
-57
-1763
-1257
-1430
-1857
-2748
-4203
-5638
-5785
-5543
-4996
-3509
-1918
517
1075
1399
505
-634
-752
-434
217
981
226
-1372
-3350
-5263
-6667
-9599
-11550
-12846
-13190
-13537
-13700
-14005
-13222
-13061
-14449
-14269
-14693
-14181
-13197
-10629
-7939
-6340
-5892
-8436
-9981
-8611
-8107
-8794
-6628
-896
10065
24579
29149
21241
14323
9778
5907
1745
2898
7862
9537
12258
9838
7447
5367
-2597
-8538
-9222
-7562
-7531
-6339
-510
6420
10754
11160
4493
-1299
-1169
1175
7528
15440
20374
20832
17119
12430
6644
1002
-1258
-3294
-2065
-263
-1310
-4282
-8374
-10091
-11791
-11629
-9924
-7461
-3633
-192
3462
6961
9127
10575
10147
10378
11646
12337
13858
13280
12392
10349
7358
4667
1631
-969
-2808
-3501
-2801
-1913
-2532
-3494
-5394
-5788
-5519
-4687
-3468
-1830
404
1424
2218
1735
687
-438
-852
-579
265
152
-919
-3031
-4695
-5840
-8427
-11025
-13881
-15260
-15209
-14283
-12974
-12004
-12496
-12849
-13773
-14204
-13612
-13256
-10406
-7947
-5862
-5019
-5986
-6952
-7975
-8186
-7527
-7272
-4444
987
11216
24875
27780
20607
12353
7037
3489
508
2037
7557
10789
11990
9322
5915
3538
-3497
-8064
-8784
-6882
-5467
-3648
1628
7542
11450
10242
4430
-438
-336
2374
8743
15604
19436
18561
14419
9079
3385
-637
-2750
-3505
-2620
-1100
-2530
-5252
-8402
-9686
-9836
-8808
-7015
-4857
-1705
1338
5422
8676
10922
11418
10720
9927
10168
11303
12413
12016
10768
8531
5611
2565
-1086
-3103
-4272
-3594
-3342
-3006
-2944
-3938
-4010
-3960
-4022
-3368
-2212
-991
781
1330
2245
1503
398
-42
-1473
-1770
-1379
-1164
-1162
-2730
-5543
-7654
-11093
-13078
-14202
-14211
-12267
-12330
-12210
-12092
-13193
-13063
-13455
-13519
-11581
-10786
-8875
-7921
-6953
-5359
-6531
-7733
-9609
-11473
-9423
-4320
4482
20174
29507
25165
15878
8084
4835
1023
-7
5807
9831
13040
11667
7537
7188
922
-6004
-9601
-10162
-8808
-7634
-1760
5912
11301
11735
6167
-1233
-2870
-381
5490
14417
20751
22423
19193
13300
7247
1680
-1450
-2375
-2413
-118
-190
-2666
-6599
-9938
-12042
-13644
-12431
-9637
-4783
-9
4416
7380
8816
9047
8639
8743
9690
11736
13695
14718
14024
11530
7725
3895
-52
-2550
-4469
-4141
-2811
-1936
-1044
-2348
-4231
-6102
-6717
-6025
-3933
-991
1760
2957
3356
2223
-2
-948
-1593
-1135
95
843
225
-959
-3294
-5549
-7985
-10233
-12022
-13941
-12986
-11601
-10993
-10563
-12111
-14307
-15317
-16224
-15132
-12365
-8683
-6688
-6517
-5863
-8127
-9947
-11042
-12246
-10795
-6781
-657
11340
26612
29765
20385
11935
7329
3023
-716
1749
8255
13110
15730
11256
7532
3760
-4718
-10410
-11342
-8901
-8445
-5385
1003
7340
11391
8947
1360
-3672
-1971
2677
10377
18947
23648
23086
18642
12072
5207
16
-1388
-2266
-1150
482
-1255
-4981
-10262
-12999
-15482
-15865
-13230
-9113
-3789
1770
5814
7396
8594
8000
7808
8992
11139
13886
15392
15769
14371
10502
7174
2697
-998
-2512
-4298
-3735
-2553
-1582
-2049
-3925
-5962
-7410
-7409
-5160
-2335
677
3941
4140
3669
1963
-455
-894
-747
179
1247
1584
1532
502
-1186
-4043
-8460
-12131
-14408
-15869
-14300
-11835
-10649
-9328
-11006
-12904
-15051
-17139
-16129
-14859
-10795
-7587
-6816
-4556
-5523
-7509
-8883
-11472
-10889
-8140
-354
14292
28479
30153
20755
13039
7653
3240
-2121
695
7060
10455
13261
9972
9386
4335
-4763
-10354
-12808
-10878
-10815
-6423
2258
9946
13509
9258
1117
-3828
-2703
2319
10878
19489
23665
23352
18426
11925
5220
-841
-3407
-4959
-3219
-1365
-2540
-5034
-9591
-12401
-14764
-15878
-14101
-9835
-3798
1941
7207
9465
9995
9319
8477
9978
12049
14722
15585
14979
14337
11418
7745
3601
-943
-3704
-5200
-5476
-4037
-2696
-2399
-3615
-5292
-6245
-6511
-5616
-3118
130
3679
5731
4861
3223
1328
505
421
556
1312
1155
-101
-1541
-3658
-5961
-8140
-10749
-11968
-13929
-14987
-14012
-13968
-13054
-13306
-13757
-13271
-13805
-13332
-12717
-11150
-9327
-8349
-7097
-6121
-6480
-7769
-8610
-8318
-3984
1561
11398
23856
25749
18572
11072
6803
4391
917
2436
7450
9093
10518
7450
5928
4093
-2503
-6927
-9398
-9211
-9362
-6337
85
7101
11013
9831
3880
-1259
171
3569
10671
18032
21601
21592
17331
11956
6273
1097
-1153
-3334
-3043
-1661
-3318
-6069
-9665
-12048
-14501
-15759
-14039
-8830
-2643
2328
6697
8736
9450
9014
8418
10124
12349
15066
16494
15811
15004
11598
8005
3777
-193
-3119
-5498
-6141
-5407
-3292
-2211
-3134
-5218
-6304
-7113
-5829
-3441
346
4282
6085
6301
4200
2633
818
-190
136
645
483
-576
-2209
-3731
-6393
-8965
-12100
-15094
-14927
-13950
-10858
-10376
-12784
-15560
-16452
-15884
-16118
-13829
-10964
-8008
-6465
-6703
-6114
-5244
-6099
-9099
-10725
-9246
-6538
-2299
4228
16722
27857
25142
14104
4790
2211
734
-522
5179
11611
13408
10909
6034
4212
1153
-5010
-9135
-9153
-6354
-4894
-2081
3952
9236
10564
7126
720
-1302
1189
6277
13907
19671
22254
19019
13087
6978
1168
-1681
-2735
-2951
-1492
-1147
-3486
-7417
-11097
-13208
-15177
-14323
-10851
-5685
189
4904
8025
9810
9941
9073
9053
10786
13855
15989
17568
16297
13522
9939
5252
749
-3139
-5192
-6307
-5562
-4168
-3118
-3032
-4117
-5461
-6501
-6132
-4392
-1491
2933
5721
6689
6271
3684
1605
-790
-1415
-775
-225
484
-753
-2536
-4658
-8270
-11554
-14114
-15348
-13484
-11696
-11268
-11674
-11911
-12896
-15295
-15698
-14416
-12444
-10034
-8570
-6760
-5011
-4954
-5856
-7126
-7621
-8554
-8851
-5988
-1371
5513
16754
24369
20934
12793
6215
2769
1203
1612
6376
11116
12282
10397
5990
4299
325
-5910
-7494
-6886
-4891
-4254
-1521
4243
8178
9455
6499
1576
193
1824
6691
13585
18260
19575
16097
11180
5560
573
-1698
-2522
-2666
-1593
-1484
-4018
-7316
-10284
-11894
-13877
-13201
-9542
-4631
848
5342
8709
10374
10234
9149
8919
10507
13395
15443
16981
15655
12138
8036
3225
-1279
-4913
-6251
-6331
-5446
-3758
-2327
-2327
-2948
-4433
-5879
-5545
-3583
-247
3994
7118
8139
6951
3584
577
-1990
-2171
-1275
-872
-8
-1180
-3595
-5907
-9409
-12230
-13554
-14534
-14283
-13918
-12497
-11367
-11297
-11619
-13416
-13736
-13195
-12778
-10200
-7619
-5278
-3671
-4453
-5358
-7197
-8313
-8808
-9687
-7722
-3013
4297
15414
22783
20034
13152
6319
2731
1123
1532
6754
11072
12995
12142
8510
6003
795
-5157
-6361
-6051
-4746
-3941
-800
5280
9110
10042
6326
1090
-727
618
5405
12146
16723
17757
14540
9741
4705
101
-2008
-2726
-1877
-652
-872
-3142
-6064
-8568
-11043
-13278
-13322
-10040
-4790
1029
6205
9821
10867
9988
8452
8122
9871
12838
15453
16612
15111
11780
7755
2554
-1742
-4747
-5672
-5440
-4798
-2783
-1467
-1159
-1993
-3679
-5173
-5523
-3850
-630
3884
7370
8203
6469
2770
-754
-3548
-4005
-2711
-1612
-627
-1239
-2782
-5436
-9736
-13226
-15879
-16800
-15870
-14140
-11174
-9426
-9030
-9955
-11743
-12413
-13156
-13012
-11211
-8737
-5828
-3579
-2919
-3611
-5787
-8242
-10150
-11796
-9871
-4555
4909
19091
25799
20713
12195
4850
1223
-489
1257
8077
11965
13839
12747
9343
7461
520
-5833
-7598
-6960
-5144
-3908
876
7260
10566
10296
4617
-1958
-3092
-1072
4929
12674
17603
18021
13838
8626
3829
-162
-1706
-2024
-1530
522
80
-2033
-4974
-8024
-10953
-13714
-12893
-9334
-3924
2250
7038
10275
11101
9443
7725
6727
8838
12086
15042
16054
13643
10685
6185
1766
-2152
-4640
-5296
-4897
-3446
-1617
-305
-242
-1666
-3918
-5300
-5404
-3501
-224
4215
7071
7637
5666
1461
-1954
-4110
-3957
-2665
-1878
-1265
-1349
-3315
-6466
-10400
-13089
-14443
-14960
-14771
-14412
-12013
-9366
-7729
-8542
-11415
-14066
-15212
-13399
-9698
-5259
-2828
-3687
-4691
-6030
-7369
-8657
-10076
-9126
-6718
-1263
6863
16599
22198
17881
11298
6392
2527
-7
918
7123
13068
15468
14003
8570
3488
-2254
-6633
-6258
-4024
-2201
-1217
2141
6294
8450
7418
3242
-1168
-1755
1110
5937
12091
15646
15542
12104
7546
2962
-868
-1884
-1091
-32
1262
181
-3121
-6553
-9571
-11550
-12523
-9997
-5795
-1979
2209
6167
8658
9470
8525
7098
7259
9487
12474
14716
15609
13292
9012
4369
337
-3048
-4160
-3413
-2544
-1038
-106
-121
-1411
-3054
-4381
-4569
-3244
-1122
1215
4213
6020
5813
3653
-139
-3058
-4655
-3621
-1972
-477
465
-1403
-5313
-9518
-12898
-15034
-16056
-15099
-12493
-10452
-8621
-8783
-10287
-11682
-13325
-13597
-12549
-10189
-7549
-5655
-3015
-2169
-4390
-6446
-8494
-9285
-9163
-9626
-8293
-3815
4373
14795
21368
19355
11634
5107
2605
2444
3836
8526
12838
13881
13356
9421
5460
553
-3728
-4015
-3304
-1581
-1397
522
4590
7143
7291
3916
-869
-2862
-960
3883
9854
13400
13914
11326
7574
3915
1018
-51
-159
341
1148
537
-1668
-4895
-7852
-9951
-11322
-9880
-6484
-2361
882
4301
7165
7735
7515
6820
7203
9191
11730
13900
14421
12604
8935
4626
2044
-413
-1685
-1618
-1482
-1028
-723
-148
-1235
-2539
-3650
-3897
-3024
-1129
957
3038
4857
4518
2928
232
-2167
-4014
-3632
-1783
-562
-157
-1828
-5533
-9427
-12000
-13705
-13968
-13177
-12039
-10995
-10704
-10204
-10008
-10971
-11986
-13766
-13023
-9948
-7319
-4553
-3258
-2057
-2647
-4998
-7323
-9725
-10434
-11216
-10973
-6954
-1072
7569
17495
21398
16241
8887
4241
2371
2681
4883
10886
13894
14802
12137
7333
5282
-196
-3015
-3592
-2685
-1547
-1183
2549
5805
7530
6018
739
-3430
-3414
-667
4283
9599
12513
11790
9337
6430
3407
1452
1142
1353
1364
1908
167
-2363
-5302
-7776
-9421
-10849
-9210
-5633
-1348
2793
5407
6703
6976
6073
5972
6932
9140
11979
13150
12918
10879
7134
4027
1406
22
-189
-798
-688
-812
131
511
-577
-1874
-3358
-3631
-2914
-576
1832
3999
4580
3078
827
-2342
-4101
-4492
-3269
-881
-329
-1212
-4176
-8430
-11447
-13537
-13628
-12715
-11437
-9623
-8726
-8700
-9426
-10621
-11643
-11258
-10520
-8750
-6062
-4339
-2307
-2242
-3281
-5468
-8635
-9777
-11399
-10587
-8320
-8063
-6578
-3068
3472
11594
16114
14298
10017
7566
7006
6835
7871
11327
12351
12110
10870
7555
6137
3546
1052
283
43
-34
-2249
-1886
1091
2577
3967
2462
-744
-1732
-1318
1326
4775
8148
9956
9193
7937
6569
4944
3739
2988
1733
1098
-184
-2346
-4696
-6678
-7719
-8836
-8073
-5672
-3094
-701
1925
3695
5111
6485
6731
7375
7881
9107
10115
10450
10118
8362
6748
5382
3785
1839
466
-919
-1216
-277
618
971
-270
-1677
-2460
-2301
-1017
-32
877
1917
1368
653
-617
-2209
-2671
-2911
-2163
-2423
-4284
-6793
-9364
-11274
-11937
-11388
-11106
-9826
-9210
-8346
-7287
-8462
-8819
-10469
-9688
-7983
-8072
-5571
-5188
-4530
-3821
-4084
-4685
-7441
-9595
-10698
-10746
-10455
-10771
-10668
-7887
-3135
3874
14206
20001
15636
11052
8576
8005
7845
7596
12216
13197
14114
12573
9119
8618
3906
220
-1349
-2101
-3308
-5150
-3839
127
2781
3338
137
-4580
-5284
-3708
509
6693
10981
12585
11575
9018
6932
4347
3404
2943
2366
2668
1243
-1439
-4634
-6930
-8629
-10110
-10057
-7806
-4600
-1153
2385
5094
5883
6358
5321
4601
5654
7135
10370
11971
13033
12041
9252
6442
3030
291
-680
-1006
-25
1933
2256
2145
-430
-1567
-2914
-3426
-2049
-1447
578
1946
2939
2450
637
-1957
-4134
-5589
-5962
-6278
-6814
-7020
-7572
-7854
-8217
-9012
-9954
-10107
-9899
-8261
-6891
-5760
-5356
-6212
-6631
-6930
-7148
-6753
-6180
-5758
-5042
-4668
-5409
-7686
-10068
-11543
-11771
-13110
-12176
-10506
-7975
-2657
3478
13838
19574
17345
12474
8902
8603
8973
9477
13341
15499
15115
13653
9682
8084
3709
-1128
-3346
-4298
-4732
-5734
-5351
-2316
432
320
-1251
-4886
-5044
-2721
1307
7423
11542
13001
11797
8955
6779
5308
4403
4235
3517
3013
1140
-1865
-5312
-7864
-10367
-11970
-12275
-10241
-5599
-1863
2785
5937
6043
5508
4392
3389
5329
7341
11017
13722
14786
14041
9476
6797
3003
1006
70
218
772
1474
2809
2289
1267
-720
-2740
-4256
-2876
-1656
359
2050
2660
1643
-902
-3640
-7087
-8463
-8208
-6726
-5352
-3700
-4830
-5810
-7403
-9305
-9715
-10651
-8599
-5891
-3527
-2040
-3030
-3968
-5019
-7669
-8312
-8242
-6913
-5966
-5251
-4585
-5519
-7362
-10348
-12330
-13547
-12502
-12888
-10707
-6587
-3995
-957
1685
6014
12224
15290
15912
15146
13772
15490
12847
13021
12991
10895
9725
6470
5471
3201
691
-2801
-4992
-5936
-6183
-7169
-6233
-3259
-1384
760
775
373
640
2134
4428
7451
9463
11058
10604
9919
8828
6634
5053
2264
221
-1706
-3244
-5275
-6921
-8026
-8963
-9220
-8024
-5806
-3100
-508
2288
3734
5016
6182
6080
8286
8662
10929
12326
12784
12374
9274
7600
4735
2973
1989
1529
1113
1353
1238
1400
771
149
-581
-1334
-863
-1508
-776
-1078
-1059
-2390
-3522
-5075
-7011
-7122
-7241
-5962
-5539
-4332
-4324
-5356
-6299
-7614
-7789
-6997
-6184
-4532
-3221
-2987
-3894
-5924
-6328
-7276
-7622
-7552
-6787
-5407
-6158
-7689
-8816
-9275
-10479
-12298
-11436
-9987
-8797
-7546
-6441
-3732
-2432
168
4162
11383
18140
19062
17755
15707
14173
11234
9402
8444
8241
7363
5976
4699
3200
1037
-3060
-5448
-6443
-6916
-7547
-6196
-3161
800
3195
3406
1823
353
1437
2615
6136
9209
11157
11300
9738
8257
5924
3834
1220
-1152
-2363
-3229
-4343
-5921
-7160
-8136
-9427
-9330
-7152
-3235
-60
2393
4146
5097
6409
6750
7157
8208
9330
10586
11548
11719
10577
7656
5296
3318
2108
1320
780
1313
2316
3993
3553
1934
-640
-2559
-3459
-3388
-2359
-2348
-1932
-2325
-2816
-3680
-5422
-6723
-7247
-6511
-5057
-3931
-2998
-3069
-3976
-4916
-6517
-7281
-7388
-5491
-2518
-1575
-1934
-4086
-6543
-8076
-8904
-8894
-8446
-7678
-7258
-6487
-6456
-7057
-8278
-10140
-11358
-12553
-11444
-8841
-5330
-1536
324
2435
5219
9373
14233
15947
16022
14739
13191
12213
9525
8437
7405
6268
5185
3394
2440
113
-2117
-3497
-4059
-4389
-5779
-6799
-5342
-1598
1686
3244
3203
2123
1598
1914
3705
6260
8196
9374
9110
8518
6777
4372
1825
-184
-1381
-2674
-3634
-4879
-5547
-5785
-6189
-6527
-6429
-5197
-3184
-755
2720
4932
6992
8136
7816
8379
7984
8554
8560
9093
10056
9016
8069
6032
4238
3583
2305
1648
1009
661
963
6
-361
-1381
-2398
-3104
-3816
-4092
-4189
-3756
-3842
-3639
-4135
-4609
-5623
-5889
-5157
-4357
-2519
-1829
-1983
-2590
-3921
-4597
-5519
-5890
-5146
-5264
-4309
-3991
-3915
-5094
-6626
-7560
-9580
-9554
-9128
-7580
-7060
-6550
-5342
-6137
-7369
-9869
-10621
-8463
-6994
-4616
-2348
226
4168
6789
12809
17081
15867
12330
8477
7758
7885
7385
8373
8652
7491
5991
1958
335
-1911
-3988
-3760
-3703
-2737
-3536
-3677
-1869
-51
1026
1375
-568
-573
628
3031
6620
8424
9547
7773
5815
4298
2824
2437
2220
1568
1814
496
-1404
-4103
-6317
-7013
-8897
-8003
-6517
-2980
360
2598
6080
6848
6837
6077
4276
5998
7197
8866
10784
10432
11740
8814
7161
5366
2620
2100
157
403
706
1171
1410
-58
-1511
-2535
-4488
-4887
-5046
-4637
-3254
-2944
-2521
-3098
-3774
-4514
-5104
-4613
-3439
-3114
-1801
-1666
-1458
-1804
-3431
-4427
-6602
-6366
-5875
-4364
-2814
-2659
-3588
-6010
-7798
-8528
-8606
-8076
-7298
-6653
-5576
-5967
-5815
-6568
-7948
-8769
-8864
-7178
-6180
-5873
-4235
-2224
256
4567
9278
15940
15769
12391
10966
9014
9628
6298
6118
7467
6129
6382
3598
3118
2584
-1178
-2798
-4668
-4922
-5452
-6154
-2734
316
2471
2771
447
-850
-595
164
3128
5725
7993
8818
7238
7212
5359
4753
3593
1625
1528
10
-930
-3238
-4768
-5368
-7150
-6894
-5873
-3995
-1087
1685
4806
6450
7269
6759
5937
6317
7038
8588
9259
9485
8682
7828
6772
4775
2717
957
335
-131
455
839
844
58
-2074
-3806
-5650
-6255
-6168
-5503
-2924
-2123
-1399
-1738
-3631
-3690
-5166
-4726
-4092
-3328
-1061
-651
-67
-823
-2379
-4070
-5568
-6336
-5380
-3838
-2565
-1360
-1877
-2346
-4637
-6868
-7885
-8990
-7996
-7326
-6162
-4984
-5554
-6088
-7211
-8261
-10259
-10220
-8101
-6218
-3436
-2307
180
2228
4896
9163
11019
13138
12136
10198
9853
8221
7865
6703
5574
5536
3999
3518
2147
466
-494
-2631
-3945
-5046
-5669
-4762
-2973
-805
1209
1630
954
-355
-697
1010
3026
5875
7785
8656
8647
7123
6198
4416
2865
1622
34
-173
-1526
-2090
-3196
-4807
-5511
-6928
-6217
-4725
-1331
2918
6349
8787
8969
7962
6111
5012
4634
5435
6617
7427
7790
7477
7276
5757
3655
1046
-1379
-1768
-1852
-631
-24
-12
-398
-2848
-4224
-6347
-6926
-5986
-4869
-2343
-1174
-613
-1014
-2042
-2501
-2963
-3201
-2746
-2287
-1188
154
441
436
-585
-2545
-3910
-5121
-4753
-3547
-2419
-543
-531
-1072
-3486
-5515
-6583
-8155
-8114
-8411
-6964
-6612
-6682
-6422
-7855
-7625
-8585
-8490
-6680
-6172
-3521
-2923
-1087
1669
2523
6645
8122
9764
10464
9608
9619
7671
6626
5829
4970
4611
4396
3429
2989
1423
-248
-1597
-3664
-4511
-5292
-4741
-2882
-1368
351
893
305
472
506
2104
3585
5330
6853
7376
7827
7109
6545
5274
4186
2645
1357
245
-747
-2018
-3067
-3945
-5049
-5208
-5232
-3856
-2195
398
2974
4659
5858
5537
4670
4966
5030
6293
7101
7160
7673
6364
6577
4711
3370
1967
-184
-221
-987
-649
-1185
-2292
-2983
-4591
-5375
-5628
-6247
-4968
-4375
-2477
-721
-154
762
-119
47
-158
-152
348
963
1277
1990
1715
1228
265
-1449
-1773
-2880
-2435
-2275
-2545
-2902
-4098
-5215
-6258
-7549
-8074
-8278
-7726
-6685
-6507
-6038
-6422
-6119
-5960
-5779
-6371
-6381
-6059
-5731
-4196
-3076
-2711
-2191
-986
261
3311
4850
6421
6182
6539
7620
5884
5922
5001
4307
4196
2897
2213
1449
77
71
-855
125
150
-1092
-330
-498
408
811
1405
1088
1507
2158
2969
4302
5221
6276
6043
6216
5785
4676
4227
3693
2561
2142
866
-372
-2385
-3587
-4538
-5365
-5032
-5096
-3402
-2325
-58
1264
3436
5403
4938
6248
5975
5699
6390
5368
6100
5582
4170
4249
1889
2624
1346
-41
-384
-2565
-2423
-3573
-3498
-3457
-3540
-3001
-3032
-2642
-1743
-1505
-500
525
1736
3208
3600
4148
3428
3773
3320
2826
2312
1547
1161
319
-390
-1377
-2308
-3693
-4945
-6457
-6499
-6623
-6486
-5782
-4921
-4574
-4786
-4672
-5043
-5051
-5353
-5703
-5948
-4630
-4166
-4328
-4997
-6293
-7308
-7932
-7371
-7088
-6775
-6397
-5292
-3845
-1855
-157
1982
3520
4359
4509
5150
5684
4471
4759
4867
5661
5486
5004
4931
4836
4666
3311
1913
557
-680
-1539
-977
39
1414
1251
975
628
730
1472
2011
3510
4694
5797
5839
5369
4574
3908
2915
2200
1446
806
-89
-1339
-2120
-2905
-3090
-4191
-4715
-4593
-3763
-2455
-61
2809
4097
4300
4624
4299
3917
4029
3372
4026
4231
4387
3585
2674
1910
443
78
-435
-890
-1328
-1186
-933
-407
330
633
87
272
558
1191
2479
3171
4019
4515
5036
4414
3855
3244
2460
1980
1499
787
-234
-1328
-2600
-3469
-4103
-4243
-4524
-4423
-4632
-4584
-4331
-4382
-4666
-5388
-5538
-5732
-5656
-5240
-5505
-5477
-5559
-6118
-5741
-6847
-7633
-9082
-10294
-9200
-8769
-7237
-6824
-6552
-5348
-4210
-1914
-53
1848
3839
4658
5651
6515
6955
6641
6001
6202
6003
5953
5043
4366
4135
3819
3607
2332
1188
-25
-786
-321
887
1809
2046
1711
1464
1675
2235
2879
3363
3882
4117
4050
3780
3258
2490
1980
1394
749
-334
-1449
-2218
-2815
-2866
-2904
-3301
-3849
-4098
-4049
-2903
-1575
-332
979
2635
3885
4010
4913
4839
4516
4280
2952
2889
2597
2227
2317
1582
1956
1352
866
1044
328
732
889
1741
2661
3212
3618
3393
3502
3348
3128
3192
3528
3776
4120
4312
3828
3002
2253
918
134
-764
-1701
-2179
-3095
-3047
-3348
-3588
-4393
-5444
-6061
-6913
-6840
-6532
-6042
-5705
-5460
-5398
-5844
-5931
-6739
-7286
-7289
-7870
-7442
-7479
-6882
-7093
-7974
-7343
-7418
-6455
-6259
-6377
-5022
-3569
-1984
-1158
171
2493
3540
4916
5848
6510
7514
6829
6741
6501
6714
6016
4724
4579
4283
3947
3050
2486
1868
1935
1767
1195
1239
1333
1285
939
584
769
839
912
1422
1363
1893
1812
1433
1602
1384
1258
606
77
170
-557
-1112
-1801
-2689
-2745
-3426
-3503
-3811
-3683
-3048
-2621
-1264
-272
668
2083
3879
5003
5363
5171
4567
4116
4002
3571
3737
3683
3541
3737
3360
3910
3344
3135
3052
2949
3591
3809
4110
4059
4223
3723
3067
2581
2295
2222
2493
2705
2822
2722
1979
999
28
-567
-1405
-2083
-2599
-3246
-4178
-4866
-5858
-5934
-6267
-6897
-7018
-7470
-6581
-6286
-5800
-5526
-6017
-6183
-6262
-5909
-5165
-4945
-4865
-5096
-5465
-5713
-6459
-6666
-7625
-7254
-6459
-5173
-4288
-4145
-2890
-2272
-202
371
474
1613
2781
5244
6310
7197
7843
6595
6132
5005
4447
4668
3804
4292
4535
4809
4021
2134
925
190
-265
-632
-825
-590
266
468
819
505
250
-137
-639
-206
339
1420
2234
2416
2180
1488
352
-458
-1267
-1382
-1210
-1042
-801
-1184
-1633
-2549
-3316
-3749
-3710
-3057
-2176
-1346
47
2078
4429
6055
5817
4773
4819
5389
5741
6097
6128
6866
6601
6012
5325
4522
3905
2932
3113
3833
4407
3913
3332
2999
3141
2617
1599
737
197
676
714
1311
1189
486
-528
-1690
-2002
-2067
-1820
-1836
-2055
-2297
-2960
-3923
-5099
-6164
-6436
-6730
-6587
-6242
-5593
-4877
-4886
-5090
-5659
-5993
-6395
-6660
-5870
-4721
-3542
-2717
-3012
-3388
-4593
-5462
-5737
-5713
-4565
-4084
-3120
-2033
-1445
-1222
-1325
-1262
-838
-347
732
2212
3333
5003
5322
5226
4797
3251
2325
1594
2023
2884
3277
3902
3535
3029
2261
638
-403
-948
-906
-566
51
863
1251
1396
1156
620
162
-301
-332
79
1200
2274
2616
2994
2311
1428
482
-255
-218
-87
371
318
294
-44
-584
-794
-1171
-1141
-887
56
1230
1856
2550
2802
3661
4561
4409
4753
4587
4720
5453
5196
5394
4567
3432
3114
2240
2824
2937
2667
2605
1896
1832
1445
1151
844
890
1144
988
718
138
-414
-861
-1035
-1003
-972
-886
-1047
-1371
-1335
-1791
-2191
-2507
-2920
-2889
-3270
-3385
-3345
-3670
-3707
-4209
-4647
-4684
-5209
-5323
-5290
-5205
-4800
-4337
-3980
-3657
-3554
-3782
-3984
-4239
-3898
-3682
-3333
-3121
-3296
-2827
-2275
-1795
-1600
-1553
-1154
-470
223
874
942
853
531
120
357
456
476
540
678
749
669
287
-142
-234
316
1203
1786
2307
2260
2096
2152
2004
2180
2156
1783
1852
1905
2460
2611
2321
2258
1773
1649
1346
1386
1528
1340
1089
901
967
735
517
530
766
1194
1539
1533
1712
1778
1895
1914
2104
2144
1896
2703
3456
4102
4442
4104
3750
2977
2030
1674
1305
1319
1278
1232
1816
1921
2030
2184
2180
2096
1933
1595
1623
1814
1890
1687
1303
901
195
-299
-741
-966
-1245
-1182
-1335
-1586
-1881
-2403
-2726
-3102
-3247
-3461
-3392
-3544
-3685
-3759
-4025
-4313
-4505
-4630
-4646
-4697
-4822
-4580
-4407
-3955
-3811
-3681
-3396
-3501
-3629
-3851
-4035
-3929
-3887
-3377
-2911
-2894
-2616
-2793
-2341
-1706
-1033
-347
-172
-50
-27
174
371
655
636
940
1699
2182
2355
2460
2265
2229
1890
1697
1888
1609
1938
1658
1787
1930
1553
1406
712
823
972
1072
1376
1389
1641
1653
1452
1312
1144
1210
1113
1157
1373
1557
1914
1758
1500
1265
1183
1313
1035
1101
1108
1074
1160
779
824
672
782
733
658
1864
2248
2710
3219
3296
3759
3122
2850
2973
2796
3147
2600
2516
2695
2104
1754
1153
1169
1118
752
832
856
957
748
488
606
770
832
487
162
4
-90
-192
-648
-758
-1039
-1381
-1555
-2008
-1925
-2016
-2305
-2191
-2466
-2615
-2921
-3588
-3637
-3843
-3650
-3370
-3585
-3512
-3798
-4035
-4033
-4091
-3967
-3781
-3350
-2994
-3016
-2955
-3207
-3371
-3743
-4127
-3955
-3972
-3378
-3101
-2849
-2368
-2247
-1748
-1772
-1613
-1091
-579
534
995
1098
986
385
145
-413
-323
-58
60
755
1448
2459
2872
2613
2225
2039
2328
2639
2870
3230
3415
3447
3266
2962
2459
1701
1076
946
1419
1699
1866
1932
2256
2480
2451
2111
1575
1184
768
727
1022
1448
1434
1177
729
975
1077
788
875
1223
2368
3134
3114
2585
1915
1439
1138
839
712
898
1010
1288
2053
2282
2199
1466
676
755
823
1336
1460
1597
1741
1764
1421
676
-94
-698
-693
-353
321
517
454
13
-446
-806
-998
-1200
-1458
-1606
-1584
-1451
-1633
-1694
-2319
-2915
-3428
-3770
-3732
-3620
-3468
-3175
-2880
-2708
-2679
-3356
-3778
-4052
-4104
-3818
-3661
-3399
-3433
-3724
-3841
-4034
-3976
-3921
-3838
-3246
-2376
-1386
-822
-464
-419
-471
-409
-114
147
396
547
941
1542
1686
1712
862
438
34
-217
157
388
1003
1284
1467
1635
1577
1408
1217
1189
1700
2286
2935
2971
2882
2761
2389
2518
2015
2007
1916
1798
1878
1547
1590
1414
1109
901
511
284
201
-60
17
-62
117
338
334
788
966
1100
1520
1675
2078
2116
1725
1840
1752
2193
2513
2349
2148
1993
1816
1689
1574
1046
938
579
687
921
670
801
540
308
484
365
244
-50
-239
147
469
918
957
824
685
558
431
165
310
234
179
29
-429
-814
-1538
-2140
-2463
-2602
-2378
-2354
-2495
-2693
-2926
-3278
-3525
-3696
-3640
-3482
-3374
-3182
-3058
-2544
-2661
-2604
-2874
-2904
-2264
-2501
-1958
-2005
-1900
-1553
-2116
-1831
-1846
-1846
-1506
-1416
-568
-680
-1273
-1652
-1958
-1282
-1314
-991
-790
-538
-193
-799
-651
-876
-740
-567
-386
615
930
1695
2214
2286
2757
2528
2340
2206
1961
2515
2840
2918
3318
2657
2400
1834
893
1070
522
1025
987
884
1369
932
1175
701
857
1123
1116
1601
1504
2139
2331
2078
2233
1679
1900
1752
1703
3255
4276
4970
4086
2897
2126
1075
313
-257
90
77
441
490
386
389
-730
-1338
-1733
-1360
-826
-356
532
1254
1995
1838
1680
932
257
270
158
891
1226
1414
1329
674
249
-452
-1318
-1939
-2493
-2723
-2674
-2914
-2881
-3007
-3223
-3331
-3615
-3528
-3355
-3120
-2345
-1678
-903
-420
-449
-271
-626
-334
-569
-787
-931
-1761
-1599
-2199
-2144
-2706
-3334
-3177
-3766
-3198
-3248
-2899
-2599
-3186
-2650
-2270
-1649
-862
-1071
-639
-432
-740
-340
-564
-187
77
72
940
1431
1624
1364
1060
839
689
451
710
1072
936
989
863
1270
1181
809
615
621
1301
1588
2222
2425
2367
2189
1768
2059
2302
2620
2752
2673
2741
2831
2714
2621
2404
2109
2043
1925
1978
1865
1561
1080
779
501
202
-46
-123
537
1293
1469
1650
1670
1029
980
162
455
861
483
1298
461
810
653
23
352
-244
50
-290
-412
-119
34
277
283
-96
-663
-932
-1120
-881
-666
-291
-141
-360
-617
-982
-1281
-1334
-1127
-885
-592
-518
-625
-847
-1199
-1493
-1746
-1904
-1969
-2034
-1881
-1444
-1315
-1290
-1420
-1793
-1747
-1988
-1728
-1691
-2072
-2097
-2804
-2824
-2982
-3268
-3007
-3054
-2846
-2530
-2500
-2074
-2042
-2220
-1643
-1464
-621
-248
-336
99
45
119
-295
-808
-526
-368
137
793
792
1139
350
-53
-64
132
1165
1067
1907
2001
2037
2172
1826
2363
1953
2278
2464
2561
3396
3345
3520
3363
3060
2980
2200
2069
2120
2151
2631
2659
2411
1926
1064
615
293
441
969
579
694
341
340
602
503
976
447
685
579
498
672
256
657
378
544
611
150
362
-117
-87
0
-258
-207
-823
-848
-751
-616
-377
-401
-386
-511
-605
-664
-495
-252
131
170
273
123
-15
-69
-119
82
-104
-175
-439
-672
-822
-935
-971
-958
-1146
-1071
-1281
-1204
-1057
-1667
-1642
-2170
-1961
-2007
-2313
-1968
-2374
-2249
-2287
-2720
-2725
-3115
-3164
-2470
-2301
-1116
-1164
-1379
-1063
-2031
-1426
-1883
-1819
-1389
-1616
-568
-763
-703
-628
-1081
-896
-1071
-875
-344
-262
475
775
989
1194
163
403
595
1271
2075
1886
2757
2600
2819
2943
2525
2686
2231
2353
2680
3063
3344
3061
2560
2561
2133
1791
1602
1248
1849
1673
1909
1660
1118
933
228
300
464
903
1092
863
824
1012
710
532
-54
-285
-204
-522
238
92
436
50
-753
-893
-1354
-1050
-1071
-680
-237
38
-107
-205
-646
-1010
-1029
-1122
-500
-457
-54
-11
66
236
113
208
38
327
246
519
451
192
135
-155
114
34
229
186
164
51
-358
-552
-1113
-1106
-1251
-1251
-1180
-1278
-1268
-1317
-1652
-2042
-2499
-2773
-2055
-1864
-1079
-1095
-1269
-1686
-2772
-2559
-2808
-1941
-1421
-1026
-632
-831
-908
-1533
-1936
-1884
-1732
-1771
-1137
-681
399
535
241
-259
-1147
-926
-1101
-269
587
1705
2276
2286
2254
1761
1693
1367
1901
2478
2947
3073
2951
3088
3211
2989
2191
1731
1164
1477
1942
2115
2497
1855
1326
712
370
685
690
817
1124
1124
1084
956
499
765
561
602
358
-155
-65
-544
-366
-493
-340
-586
-957
-1109
-1199
-823
-769
-556
-832
-895
-1243
-1095
-939
-512
-80
-307
-211
-553
-251
2
418
628
760
626
392
348
21
338
-15
-93
-106
-205
94
19
-44
-122
-303
-337
-190
-469
-382
-692
-951
-614
-817
-234
-618
-1047
-1139
-1757
-1012
-1314
-1406
-1372
-2071
-1664
-2054
-2286
-1817
-2322
-1634
-1501
-1798
-1016
-2148
-1499
-1240
-1270
-428
-1376
-825
-824
-601
174
-4
-21
-218
-707
-565
-341
1
664
853
1465
1315
1065
836
823
1206
1546
2031
2182
2456
2427
2424
2176
1879
1469
1075
1292
1500
1847
2000
1888
1840
1337
933
515
255
670
839
1211
1472
1359
1084
570
461
514
379
454
348
533
620
530
404
-145
-173
-698
-609
-491
-458
-268
-752
-507
-438
-305
-214
-443
-440
-172
-173
110
76
-161
18
-237
343
494
521
611
208
282
226
14
-69
-346
-453
-382
-637
-476
-776
-931
-811
-802
-481
-538
-414
-594
-688
-647
-694
-701
-1015
-1073
-1204
-1166
-870
-1005
-1010
-1139
-1267
-1200
-1482
-1358
-1566
-1762
-1416
-1381
-1065
-1164
-1427
-1376
-1595
-1222
-1125
-1156
-749
-788
-473
-250
-110
-36
-361
-298
-27
94
478
575
602
943
793
1034
666
630
774
555
1316
1337
1643
1662
1283
1562
1157
1136
1089
555
1033
1002
1382
1967
1536
1752
1026
815
921
664
1299
1279
1394
1574
1219
1025
674
329
361
349
659
856
823
839
660
335
87
-48
-376
-318
-180
109
341
154
20
-279
-486
-377
-464
-381
-201
-352
-273
-344
-346
-431
-698
-729
-580
-387
-123
7
-135
-225
-668
-829
-841
-751
-571
-521
-474
-505
-532
-758
-818
-1107
-1170
-1145
-1056
-702
-788
-796
-741
-819
-727
-910
-1124
-1055
-1358
-1090
-1060
-1067
-821
-1342
-1147
-1024
-753
-348
-780
-692
-957
-1257
-1090
-1292
-889
-921
-810
-300
-87
458
213
14
-54
45
538
620
1099
1408
1305
1528
1435
1642
1401
923
1189
1187
1896
2069
1931
1837
1336
1120
701
936
1369
1647
1771
1880
1958
1669
1172
697
424
497
659
767
1099
1239
1278
926
593
298
-195
-569
-642
-366
-17
294
-33
-314
-681
-1134
-1245
-1303
-721
-362
-151
249
51
-96
-381
-825
-888
-787
-422
-194
1
348
196
-207
-394
-696
-821
-754
-585
-114
246
563
429
-3
-298
-677
-837
-669
-443
-246
-127
-268
-267
-438
-765
-1024
-1206
-999
-921
-834
-700
-784
-954
-958
-1183
-1300
-1167
-1077
-654
-346
-6
-196
-799
-1261
-1545
-1573
-1084
-440
-280
-105
-323
-217
-89
-139
-19
-251
-76
299
640
1030
1145
975
572
181
233
619
1095
1459
1926
1980
1695
1352
830
874
898
1184
1461
1332
1399
1140
806
778
651
574
446
550
923
1110
1308
1193
1001
465
214
-58
-152
214
156
505
231
10
-393
-984
-804
-639
-152
130
148
157
-107
-323
-320
-525
-554
-679
-595
-228
35
303
129
-92
-339
-450
-639
-471
-261
-151
109
18
72
-393
-879
-1079
-1255
-800
-425
-146
131
55
48
-273
-392
-444
-563
-493
-503
-166
-221
-256
-560
-983
-992
-1249
-1090
-789
-449
234
161
85
-152
-681
-478
-843
-444
-293
-258
1
-434
-163
-404
-408
-500
-625
-313
-4
310
431
317
104
-167
-573
-312
-128
300
523
695
1030
957
954
626
401
520
671
829
947
975
1025
622
407
249
30
150
230
580
806
844
771
227
-145
-236
-320
33
219
638
691
560
581
267
340
51
-29
-127
-93
353
369
300
67
-345
-475
-605
-307
215
234
478
270
201
154
-135
-137
-289
-40
222
192
145
79
-143
-274
-421
-354
-263
-340
-188
-200
-33
117
-87
-351
-710
-827
-657
-471
-43
67
-69
-152
-384
-336
-367
-405
-321
-309
-80
89
179
171
-37
-19
-27
160
143
59
209
154
586
515
400
145
-459
-391
-489
-101
272
148
177
-77
-227
-171
-400
-301
-305
-394
-140
-260
-118
-63
-59
45
-88
113
245
307
325
172
133
15
-26
2
-19
186
223
281
383
331
267
-38
-185
-124
-131
-102
-154
-74
130
128
164
111
100
70
-63
10
56
183
157
66
137
162
138
60
75
196
112
-15
-33
-85
-7
-94
-163
-126
-161
-93
-131
-81
111
123
112
60
-79
-40
-113
-52
50
-55
-28
-230
-222
-158
-163
-4
-48
58
100
-3
-128
-309
-323
-258
-167
-71
-33
-2
55
143
150
86
8
-180
-236
-141
91
383
487
511
360
105
-54
-225
-210
88
396
601
633
511
365
145
-32
10
-24
68
122
6
77
-29
-80
-260
-466
-415
-402
-220
17
217
340
285
69
-217
-447
-475
-321
-25
298
446
305
-2
-234
-408
-446
-471
-394
-188
-3
182
248
216
40
-237
-408
-444
-320
-97
102
203
245
176
-2
-143
-241
-198
-156
35
275
301
339
215
79
-6
-67
50
136
249
411
376
387
299
98
1
-141
-107
-127
-127
-20
-18
16
-50
-122
-149
-236
-215
-139
-75
-35
-127
-190
-214
-254
-287
-368
-319
-151
-4
57
-14
-107
-261
-387
-430
-408
-269
-138
32
137
123
26
-142
-170
-88
65
273
336
387
439
377
371
289
238
272
303
452
528
599
672
582
445
239
48
-2
34
173
276
239
67
-189
-300
-314
-256
-180
-162
-41
40
93
70
-60
-94
-196
-269
-236
-242
-195
-245
-349
-373
-441
-388
-331
-267
-46
25
27
-13
-153
-236
-380
-396
-309
-240
-141
-152
-150
-104
-72
-90
-80
10
142
251
347
408
382
319
179
93
62
77
116
161
276
341
333
276
212
213
207
195
214
181
162
99
21
-29
-133
-215
-264
-237
-163
-136
-75
8
70
70
-36
-121
-218
-257
-248
-220
-138
-152
-204
-269
-307
-261
-241
-151
-24
22
47
-3
-26
-24
-35
27
123
244
287
215
173
181
208
216
193
233
263
318
370
381
406
305
142
36
-18
38
63
67
102
40
25
-34
-118
-119
-170
-119
-16
48
94
23
-53
-107
-180
-185
-198
-167
-116
-155
-207
-271
-280
-257
-224
-205
-210
-163
-128
-86
-85
-128
-155
-207
-220
-206
-175
-54
26
23
22
-55
-65
-56
-26
136
264
404
417
292
195
52
-46
-34
18
154
224
268
311
288
325
259
187
150
116
152
188
256
266
207
141
77
44
10
-82
-154
-127
-20
97
98
15
-116
-199
-173
-169
-163
-178
-209
-213
-226
-197
-159
-87
-76
-136
-177
-186
-151
-123
-60
44
149
232
193
73
9
-54
-64
7
45
88
85
108
149
115
101
3
-114
-112
-127
-45
84
167
205
101
46
9
-55
-33
-25
-6
94
127
98
93
66
30
-24
-18
56
106
170
160
52
11
-6
-62
-78
-81
-78
-16
58
105
105
87
67
-9
-25
3
-1
74
138
153
135
16
-135
-242
-258
-160
-30
91
152
121
34
-77
-146
-200
-258
-281
-244
-114
25
56
5
-44
-71
-96
-150
-176
-105
41
153
193
204
163
30
-117
-185
-193
-116
-43
-73
-56
10
43
56
55
6
-142
-245
-219
-149
-56
-32
-70
-35
19
-4
-30
-24
-1
33
70
120
140
165
163
151
172
46
-65
40
27
-165
-86
146
225
225
138
60
-8
-334
-757
-233
1176
1120
-762
-1688
-650
1105
1677
-18
-1707
-1060
571
840
251
335
238
-336
-307
-42
326
594
-116
-629
205
981
300
-639
-350
212
235
120
-235
-270
220
184
-198
-89
242
-8
-435
-300
-86
-16
227
352
274
187
-147
-524
-318
314
401
-43
-303
-266
-120
-27
-129
-337
-341
-284
-424
-455
-202
-19
-89
-224
-230
-205
-201
-165
-117
43
227
233
118
58
83
45
21
151
185
107
-20
-81
64
141
42
-172
-291
-175
-89
-111
-119
-68
58
58
21
110
129
201
256
234
320
338
294
310
361
404
306
236
238
187
234
237
175
175
98
-4
-46
-69
-81
-119
-154
-189
-227
-191
-176
-169
-128
-103
-84
-107
-84
-15
96
196
162
109
55
-7
-58
-78
-21
3
-2
31
10
4
-14
-89
-95
-98
-134
-179
-176
-87
-36
-26
-9
-44
-45
-17
-5
75
200
297
322
299
234
108
13
-40
-121
-161
-153
-174
-185
-173
-253
-362
-361
-369
-415
-441
-450
-424
-291
-157
-163
-188
-179
-226
-199
-26
104
207
241
191
188
220
228
185
145
128
102
140
168
122
102
62
50
53
31
56
100
130
135
162
185
126
47
34
102
222
281
292
338
370
403
424
435
432
359
285
272
310
277
178
95
19
-34
-65
-113
-154
-110
-56
-67
-139
-267
-353
-291
-194
-214
-273
-246
-151
-87
-41
0
25
31
-7
-36
30
96
68
19
-6
-38
-127
-187
-185
-201
-209
-230
-246
-194
-209
-269
-235
-131
-59
-81
-70
-14
9
16
-37
-65
12
57
26
16
42
56
16
-57
-136
-182
-178
-165
-206
-201
-135
-119
-138
-206
-284
-305
-240
-167
-152
-118
-32
1
25
54
-8
4
99
172
225
272
324
344
361
381
356
326
287
197
165
225
284
279
203
135
89
50
27
-13
-31
23
71
78
83
107
129
159
199
212
227
268
300
320
334
319
286
248
206
182
170
149
99
31
-38
-73
-111
-171
-218
-221
-184
-162
-146
-177
-217
-180
-136
-127
-133
-124
-95
-52
-18
-38
-98
-118
-136
-159
-139
-145
-153
-173
-176
-187
-218
-198
-201
-217
-224
-256
-293
-297
-276
-236
-184
-143
-149
-158
-122
-79
-34
-8
-2
20
58
78
77
93
97
67
26
-1
-5
-2
9
40
61
54
17
-27
-49
-69
-92
-73
-29
22
61
86
119
129
152
184
204
238
261
277
298
326
334
301
238
167
100
56
42
36
40
42
33
-1
-61
-89
-83
-55
-32
-18
-2
28
47
14
-23
-16
20
55
110
178
215
217
211
190
166
138
71
8
-7
35
81
70
7
-82
-144
-144
-151
-166
-146
-101
-58
-38
-39
-70
-96
-87
-81
-75
-51
-35
-24
6
29
-4
-78
-126
-138
-124
-111
-118
-146
-175
-201
-215
-229
-249
-294
-343
-316
-234
-165
-143
-148
-132
-87
-42
-22
-15
10
52
88
101
105
95
83
72
52
25
14
5
-11
-40
-74
-80
-100
-105
-100
-93
-54
-16
20
46
84
116
116
123
138
181
248
290
297
281
262
243
222
206
193
171
146
132
99
69
39
-4
-51
-105
-148
-156
-141
-126
-127
-139
-123
-93
-62
-47
-37
-12
33
77
81
82
73
54
37
19
20
20
13
-4
-35
-42
-48
-61
-76
-89
-88
-90
-92
-113
-120
-102
-70
-55
-50
-38
-8
57
109
136
122
114
117
132
139
118
92
58
40
15
-30
-82
-134
-166
-177
-172
-173
-190
-203
-210
-197
-180
-165
-155
-155
-116
-58
2
44
52
64
92
115
121
117
111
113
119
96
48
-12
-70
-108
-140
-161
-171
-176
-178
-174
-158
-154
-150
-133
-99
-33
34
92
141
176
208
233
255
266
276
284
300
329
328
294
232
163
106
54
8
-23
-39
-57
-70
-95
-119
-144
-163
-153
-132
-91
-49
-16
13
33
35
24
23
21
26
35
38
38
30
18
-15
-57
-92
-114
-135
-144
-128
-112
-102
-118
-140
-141
-125
-89
-41
5
54
106
143
165
177
189
202
214
226
237
252
253
232
196
155
110
69
40
25
19
9
0
-31
-74
-118
-150
-159
-156
-135
-100
-45
-9
5
7
-2
2
20
51
75
94
98
101
92
55
0
-55
-92
-116
-114
-108
-111
-135
-169
-203
-222
-244
-271
-276
-256
-196
-138
-105
-88
-74
-45
-10
27
61
105
159
206
238
236
200
171
148
123
113
102
94
102
102
102
75
34
-2
-27
-24
-12
11
22
24
27
20
17
1
-7
8
43
87
113
113
85
57
26
-9
-41
-65
-73
-76
-69
-79
-109
-147
-186
-198
-192
-165
-132
-101
-66
-33
-9
-1
-9
-10
15
61
118
168
200
214
218
207
174
146
120
104
105
107
103
82
37
-3
-29
-52
-57
-62
-45
-13
22
38
24
-7
-26
-19
-10
7
23
53
88
102
103
80
53
32
24
34
36
29
7
-32
-67
-106
-147
-184
-201
-203
-193
-169
-156
-154
-163
-168
-169
-157
-138
-114
-85
-51
-6
19
19
11
16
34
57
68
74
83
85
82
57
31
1
-22
-12
-2
8
12
19
30
44
49
38
38
41
49
74
87
82
62
47
38
28
18
0
-16
-25
-20
-12
-20
-57
-90
-97
-105
-100
-105
-116
-112
-104
-90
-88
-86
-83
-73
-57
-49
-28
-22
-10
8
28
44
43
53
60
74
85
87
80
69
59
49
47
29
10
-10
-29
-25
-24
-21
-28
-29
-16
-1
13
6
3
13
28
38
43
46
39
45
46
41
34
14
1
-5
-8
-21
-37
-54
-67
-69
-73
-80
-89
-90
-78
-61
-54
-59
-62
-62
-62
-64
-67
-72
-78
-79
-70
-63
-52
-51
-50
-39
-15
4
12
29
42
60
67
71
68
64
69
67
72
73
74
72
73
73
70
65
49
39
35
42
35
30
28
25
26
25
28
19
16
18
26
29
22
10
-11
-19
-33
-46
-65
-82
-76
-65
-55
-46
-46
-49
-41
-43
-38
-36
-34
-21
-8
7
6
5
-8
-10
-9
5
21
25
38
41
47
49
43
39
25
15
19
21
18
13
4
10
0
-15
-25
-26
-17
-15
-3
-2
5
18
23
27
30
48
52
57
62
73
80
81
75
47
39
20
2
-15
-30
-26
-35
-43
-43
-54
-68
-82
-89
-81
-76
-59
-55
-49
-35
-32
-33
-40
-37
-28
-14
-3
13
25
30
33
28
23
14
4
2
16
26
28
24
14
17
12
-7
-7
-5
14
26
33
46
39
45
48
44
49
50
50
61
65
69
61
35
20
-2
-18
-27
-34
-39
-42
-41
-40
-43
-49
-45
-50
-36
-25
-13
-10
-13
4
3
7
-3
-7
-2
4
21
20
19
15
3
8
-3
-17
-10
-15
-10
-4
-4
-11
-18
-17
-16
-11
-8
-6
-2
8
18
29
32
32
42
55
72
81
89
94
91
94
93
87
78
64
50
43
36
12
-4
-21
-31
-38
-49
-42
-46
-42
-48
-45
-43
-49
-40
-50
-38
-25
-24
-20
-29
-23
-15
-14
-22
-33
-39
-41
-35
-30
-30
-41
-52
-55
-47
-33
-28
-14
-6
13
29
35
47
52
57
67
78
80
85
82
77
77
63
60
46
29
25
19
30
33
24
21
20
15
8
9
5
10
20
22
14
8
-3
-17
-23
-35
-48
-54
-57
-51
-45
-44
-40
-47
-45
-38
-25
-23
-22
-17
-16
-9
-15
-25
-38
-46
-53
-56
-60
-62
-54
-47
-39
-34
-26
-19
-3
18
34
52
72
83
96
106
106
96
91
91
88
84
70
67
61
53
36
23
11
3
2
-1
0
-5
3
-8
-16
-28
-35
-32
-43
-41
-55
-55
-59
-59
-68
-77
-79
-84
-85
-86
-80
-88
-88
-90
-94
-91
-86
-79
-76
-65
-55
-52
-43
-31
-17
-1
9
25
36
44
64
72
73
75
69
68
67
67
73
67
62
63
60
65
57
48
55
54
49
46
43
30
21
11
5
5
-8
-9
-10
-17
-17
-27
-28
-27
-35
-33
-38
-38
-31
-32
-31
-35
-42
-52
-56
-64
-68
-74
-78
-74
-78
-84
-86
-82
-73
-63
-60
-54
-34
-14
5
22
33
30
35
37
33
35
38
38
34
31
31
33
30
33
39
33
37
35
39
47
46
42
38
34
32
27
19
18
13
13
3
-4
-13
-23
-35
-44
-47
-63
-65
-70
-79
-88
-97
-102
-110
-116
-119
-118
-112
-103
-93
-77
-68
-59
-52
-46
-34
-20
-4
11
22
29
30
32
32
33
42
37
43
44
46
56
54
64
70
76
68
67
76
79
86
82
75
60
48
47
28
23
16
10
8
-4
-4
-16
-22
-26
-29
-29
-28
-20
-22
-25
-19
-19
-20
-19
-22
-28
-29
-25
-18
-15
-10
-8
-3
4
7
8
11
16
22
33
32
26
27
23
22
21
19
18
20
23
19
17
22
19
15
17
24
31
33
29
32
35
35
31
28
21
15
17
14
12
1
-9
-16
-20
-24
-32
-36
-42
-38
-33
-35
-35
-44
-52
-56
-53
-48
-51
-46
-45
-35
-31
-33
-25
-25
-14
-3
-1
3
9
22
23
25
26
25
27
27
35
32
36
43
45
46
42
42
49
54
48
55
51
49
42
38
39
32
30
21
21
11
-3
-13
-15
-22
-31
-36
-41
-41
-49
-49
-51
-47
-41
-38
-32
-24
-21
-21
-11
-10
-8
-3
5
14
15
19
19
17
20
29
27
27
36
30
24
25
18
12
11
6
0
2
-1
-3
-4
2
2
2
-1
-5
0
3
1
6
3
-3
-6
-7
-2
-4
4
1
-5
-4
-5
-13
-16
-13
-20
-18
-20
-14
-22
-20
-12
-17
-19
-26
-24
-25
-22
-21
-22
-19
-14
-22
-29
-29
-29
-22
-24
-18
-16
-18
-13
-14
-12
-7
-13
-12
-6
-11
-5
-10
-13
-14
-12
-4
-8
-10
-2
6
8
1
0
-2
-6
-3
-6
-2
2
-4
-6
-6
-5
-10
-18
-23
-24
-19
-26
-28
-34
-32
-30
-27
-25
-25
-23
-29
-22
-19
-12
-4
0
3
5
7
3
10
11
10
13
19
18
10
12
16
5
6
9
2
3
-1
0
-5
-6
-9
-10
-6
-9
-4
-9
-6
-1
-1
2
4
6
6
-2
-4
2
-1
1
-1
-1
1
6
6
0
-1
-3
1
0
-8
-8
-9
-12
-9
-14
-22
-21
-22
-24
-27
-28
-26
-23
-23
-25
-25
-26
-27
-23
-21
-24
-27
-31
-23
-18
-17
-12
-14
-21
-21
-19
-20
-17
-22
-22
-19
-19
-20
-14
-7
-8
-11
-9
-10
-8
-2
-13
-12
-8
-8
-12
-16
-11
-15
-18
-17
-13
-13
-18
-17
-17
-16
-14
-16
-10
-14
-18
-5
-6
-11
-11
-8
-1
-1
-10
-7
1
0
7
5
0
6
9
11
6
10
7
3
9
3
10
12
7
9
10
16
12
11
13
12
16
14
11
14
16
13
16
13
13
16
17
18
17
21
18
14
19
18
22
22
18
15
16
13
11
9
1
4
-5
-9
-4
-7
-7
-7
-6
-9
-7
-7
-3
2
-5
-1
-3
-8
-5
-5
-8
-12
-9
-3
-3
0
5
0
1
2
-5
1
8
5
4
-1
8
8
4
6
4
12
13
11
14
11
12
19
15
21
23
20
26
24
33
31
30
35
30
32
31
36
38
34
37
34
31
32
36
40
35
35
35
35
42
38
31
38
41
37
39
37
39
46
40
39
38
39
39
36
39
37
35
30
24
17
15
19
11
7
15
14
9
9
1
0
4
1
4
4
9
7
4
11
10
11
13
6
7
14
15
6
-2
-3
-4
-5
-7
-8
-7
-7
-14
-12
-13
-17
-12
-17
-19
-19
-19
-13
-12
-18
-13
-9
-8
-12
-7
-12
-12
-13
-22
-20
-19
-18
-21
-20
-24
-27
-29
-27
-28
-25
-22
-32
-24
-26
-25
-22
-18
-20
-20
-19
-19
-16
-17
-12
-14
-14
-13
-8
-12
-16
-13
-16
-18
-18
-21
-27
-30
-28
-29
-33
-31
-26
-28
-29
-32
-30
-30
-28
-24
-20
-18
-22
-19
-16
-19
-16
-17
-20
-16
-16
-11
-4
-6
-9
-10
-10
-13
-12
-13
-13
-17
-23
-22
-17
-18
-15
-11
-11
-5
-5
0
3
4
3
6
16
14
17
12
9
7
5
9
5
0
-1
-2
2
0
-7
-8
-11
-10
-3
-7
-7
-5
-1
0
1
2
4
12
5
5
10
9
6
10
6
3
6
5
8
3
5
1
1
-3
0
-7
-12
-4
-5
-6
-10
-7
-8
-2
0
0
8
10
12
9
14
15
17
16
13
15
10
8
14
9
6
7
9
6
1
-1
-3
-5
-7
-5
-6
-6
-9
-7
-10
-18
-10
-5
0
-3
-3
0
-1
-2
0
3
4
6
5
9
5
3
2
-2
0
-4
-8
-9
-3
6
2
-3
-6
-4
-6
-4
4
0
2
6
9
8
12
18
13
21
16
11
10
14
20
7
9
5
7
3
1
6
1
0
-2
-3
-4
-2
-9
-10
-4
-5
-2
0
-1
1
1
-3
1
0
3
-2
3
7
1
2
-1
0
-9
-10
-9
-11
-13
-17
-21
-21
-16
-12
-8
-10
-10
-10
-12
-9
-7
-9
-3
0
-2
-2
2
1
3
2
-3
1
-5
-5
-10
-8
-6
-11
-8
-14
-12
-16
-16
-16
-17
-13
-14
-18
-16
-15
-14
-11
-9
-11
-8
-11
-11
0
-3
-2
-7
-11
-9
-8
-9
-7
-8
-6
-10
-13
-8
-6
-1
-2
2
-7
-3
0
4
12
3
9
12
15
13
14
10
12
17
16
23
24
21
15
13
13
16
18
18
18
14
10
9
13
9
1
0
-2
-5
-1
-2
0
5
4
2
-3
-2
-2
0
3
3
4
0
2
1
4
7
7
10
8
8
11
4
0
-1
-3
-2
-1
3
1
3
3
2
0
3
5
5
14
14
24
15
9
13
11
8
8
11
5
6
-1
1
4
0
2
1
-2
-2
2
6
2
4
2
3
7
3
8
2
4
8
1
-1
3
3
1
4
0
1
1
8
8
9
13
14
16
10
18
19
22
26
23
18
18
21
24
25
25
23
19
21
23
24
17
16
18
15
17
15
13
13
9
8
9
12
13
5
8
10
7
11
6
1
4
2
-2
-3
-6
-9
-9
-8
-8
-6
-10
-8
-9
-6
-7
-8
-5
-4
-4
-7
-4
-6
-6
-5
-2
-3
-4
3
4
5
5
8
6
-1
3
6
10
19
11
6
10
7
10
14
12
11
14
11
11
10
9
10
10
10
9
10
7
8
7
7
7
0
4
2
4
6
5
6
2
7
7
4
-1
0
4
0
3
-3
-1
-2
-7
-4
-4
2
-1
-1
0
-4
2
1
-1
-3
-6
-5
-1
-1
0
3
2
2
1
6
6
8
7
2
5
3
0
2
3
4
-6
2
4
-2
3
5
4
-3
-2
-1
-3
-4
-2
-1
-2
3
-6
-9
-6
-4
-10
-6
-4
-9
-7
-11
-9
-7
-7
-9
-5
-4
-8
-4
-4
-7
-3
-3
-3
0
-4
-4
0
-2
-2
-1
1
3
0
7
5
3
5
8
11
7
11
6
5
7
6
6
5
3
4
4
6
7
7
6
-5
2
-2
-6
1
2
0
0
-1
1
2
1
1
-2
4
-6
-2
2
2
2
-1
-1
-5
-4
-8
-8
-11
-9
-9
-7
-8
-5
-2
-6
3
-2
-7
-3
-3
-3
-2
-2
-6
-10
-2
-4
-6
-4
-8
-6
-12
-7
-9
-9
-10
-15
-13
-21
-15
-13
-8
-7
-12
-12
-14
-11
-11
-13
-13
-11
-12
-9
-7
-10
-7
-8
-6
-11
-9
-12
-13
-12
-18
-15
-23
-19
-18
-19
-18
-15
-18
-21
-19
-20
-13
-18
-19
-18
-9
-8
-12
-10
-7
-8
-8
-6
-8
-6
-7
-5
-8
-9
-10
-8
-6
-6
-4
-12
-8
-9
-18
-18
-19
-20
-16
-19
-24
-21
-22
-20
-14
-14
-16
-8
-5
-5
-6
-10
-6
-4
-2
0
-2
3
0
0
-1
-5
-6
-4
-3
-1
0
2
3
4
9
7
3
4
5
6
11
11
15
12
14
18
13
14
17
20
12
16
16
15
16
16
15
16
15
7
6
11
15
10
12
8
12
13
13
16
17
19
24
33
25
25
23
25
23
22
21
22
21
17
16
10
7
3
12
14
9
7
7
8
10
3
0
11
7
9
6
10
14
10
6
9
13
11
13
8
13
6
5
11
5
0
-1
3
-7
-4
-3
-8
-6
-8
-8
-10
-6
-9
-11
-5
-6
-3
0
-2
-1
2
0
3
7
-1
-5
-7
-3
-2
-9
-6
-10
-6
-8
-11
-6
-11
-4
0
-3
-4
-7
-1
-3
-3
-2
-1
-1
-3
-1
-2
0
3
4
1
-2
-1
-4
-6
-2
-1
-2
0
-4
-6
-2
-4
-3
-2
-2
-3
-3
1
3
5
2
1
0
-1
4
4
6
1
3
7
1
0
4
8
9
8
7
8
10
7
1
6
4
0
5
9
5
8
8
10
12
0
-3
3
4
-3
2
1
1
2
6
1
-5
0
-2
5
9
3
3
2
3
6
4
5
3
2
3
2
1
1
5
-2
1
6
8
7
3
3
4
4
5
10
8
5
6
7
5
10
9
5
9
5
4
4
7
4
0
10
7
4
5
3
3
4
6
6
10
7
0
-1
2
7
2
0
5
2
3
3
3
1
-2
6
4
4
1
3
3
2
9
4
8
4
13
10
11
13
4
0
1
10
7
4
1
1
2
3
6
1
4
3
6
4
6
9
6
6
1
3
6
4
7
10
8
7
3
2
4
7
4
1
3
-5
3
3
-6
-5
-1
-1
-3
-1
2
6
6
2
4
9
3
1
2
3
2
4
2
0
5
5
-1
0
4
-2
0
-3
-5
2
2
1
-1
0
1
-2
-8
1
5
5
1
-3
-3
-7
-1
3
1
1
-2
3
3
2
7
1
0
3
1
-2
1
1
-4
-5
-9
-8
-6
-3
-6
-8
-13
-12
-4
-3
-7
-11
-7
-1
-3
-3
-1
1
-1
0
-5
-1
0
-2
-4
-7
-10
-11
-6
-10
-10
-14
-13
-8
-7
-5
-6
-3
-2
0
-3
-3
-7
-7
-8
-6
-7
-10
-8
-4
-5
-6
-3
-9
-4
-5
-2
-2
-1
-1
-10
-9
-7
-8
-13
-8
-14
-11
-12
-18
-14
-12
-10
-8
-8
-8
-2
-2
3
0
-2
-8
-4
2
-7
1
-5
-4
-3
-5
-4
-8
-7
-13
-13
-8
-7
-10
-12
-19
-18
-11
-14
-8
-7
-10
-5
-8
-8
-5
-8
-8
-9
-6
-11
-13
-9
-7
-9
-12
-11
-8
-6
-7
-6
-7
-10
-9
-5
-1
-1
-3
-5
-6
-4
-8
-6
-3
-9
-9
-6
-5
-6
-7
-8
-15
-12
-8
-10
-10
-12
-9
-8
-7
-9
-11
-11
-16
-12
-13
-15
-13
-16
-14
-17
-18
-16
-18
-11
-13
-11
-11
-17
-10
-13
-8
-9
-11
-8
-12
-5
-10
-3
-6
-12
-8
-11
-12
-14
-7
-8
-12
-7
-7
-6
-7
-9
-7
-11
-12
-3
-5
-2
-9
-9
-3
-6
0
-2
-3
-4
-3
-6
-3
0
-3
-2
-7
-7
-5
-5
-12
-9
-11
-15
-13
-14
-17
-17
-16
-16
-13
-15
-15
-13
-13
-17
-22
-20
-20
-22
-17
-13
-17
-14
-18
-14
-10
-12
-11
-12
-10
-15
-12
-10
-8
-9
-11
-5
-8
-3
-3
2
-2
-5
5
2
5
10
10
10
10
11
15
14
16
16
15
16
17
17
17
19
15
22
24
27
28
25
25
26
30
24
27
28
29
25
26
25
25
29
25
30
30
32
27
26
34
30
32
27
25
29
26
24
24
28
24
26
29
28
29
27
27
25
22
21
20
19
18
20
20
17
19
19
14
19
20
16
15
9
9
8
4
4
8
8
5
9
7
4
2
5
7
2
4
-1
0
3
-1
-2
-5
-2
-4
-1
4
1
1
1
4
5
10
8
12
12
9
11
8
15
9
11
18
10
15
10
14
14
11
17
12
18
17
18
18
21
19
20
21
17
20
20
24
15
16
17
16
17
18
20
18
17
15
14
16
19
13
7
3
5
9
10
17
13
8
11
8
7
8
8
10
3
0
3
3
1
-1
0
0
0
5
0
-3
0
-3
2
-1
2
3
1
1
-1
0
4
1
4
4
-1
-6
-5
-3
3
2
-5
-4
-5
-5
-6
4
0
-4
-6
-11
-11
-9
-9
-19
-16
-16
-14
-12
-15
-11
-10
-16
-13
-15
-13
-13
-10
-15
-18
-12
-18
-15
-13
-11
-16
-12
-8
-13
-11
-10
-14
-16
-12
-15
-10
-15
-17
-13
-10
-12
-8
-6
-4
-4
-9
-11
-7
-1
0
6
2
0
-2
3
11
7
1
-1
-5
-3
-1
-2
0
-3
-3
-2
2
-3
0
-3
-2
1
-5
-2
-5
-3
-5
-5
-4
3
-1
3
5
1
1
-2
-3
-6
0
-2
-1
-2
-5
-3
-1
0
-2
3
-1
0
-1
-3
1
-2
-1
1
3
2
1
1
2
2
2
3
1
4
4
5
9
16
10
7
6
1
6
3
2
0
4
5
1
3
3
4
3
2
3
3
2
3
5
4
-1
5
6
3
8
6
7
11
12
11
10
11
13
13
8
9
10
11
12
4
1
5
3
4
5
12
10
7
7
5
4
1
6
6
1
-1
0
4
7
7
4
3
6
6
3
4
-1
1
-2
-10
-8
-9
-7
-9
-8
-8
-7
-1
-8
-11
-15
-14
-12
-12
-7
-6
-6
-8
-8
-13
-15
-12
-13
-13
-17
-17
-17
-13
-12
-16
-9
-14
-13
-8
-11
-9
-10
-8
-7
-6
-3
-6
-1
-1
-5
0
2
0
1
4
-1
1
0
0
3
-7
-4
-4
-2
-1
0
0
0
-4
-8
-1
-2
5
9
5
1
2
3
3
5
1
-1
0
1
-3
-1
-2
1
1
-2
-5
-3
4
0
-4
-4
-2
-5
-5
-4
-5
-5
-6
-1
-3
-4
-6
-6
-8
-5
-4
-4
-2
-3
-4
-8
-5
-2
0
4
1
-4
-3
-4
-2
-4
-8
-6
-16
-10
-4
-1
-3
-6
-3
-14
-6
-4
-6
-5
-8
-13
-13
-7
-8
-4
-8
-9
-6
-11
-7
-4
-3
-1
-3
-6
-2
2
4
1
-8
-11
-6
-4
-3
-1
-5
-1
-2
-2
-2
-1
-3
-8
-2
-6
-1
-1
-2
4
4
6
0
2
-1
-1
5
2
1
4
8
2
4
0
1
2
2
0
2
6
2
6
3
4
2
0
6
6
4
-2
0
-2
-3
-4
-1
-4
-1
7
6
8
2
4
3
4
10
12
8
2
6
5
5
9
7
8
6
4
10
10
8
4
6
3
0
10
9
11
11
9
12
13
12
10
13
5
6
13
14
16
15
14
11
9
10
14
17
15
7
12
14
7
9
21
17
11
15
12
11
16
17
12
12
10
15
12
11
13
14
15
10
19
17
11
10
7
-2
-3
5
3
2
5
4
3
4
1
0
-1
-7
-7
-4
0
2
1
-1
-3
0
-5
-11
-10
-11
-14
-16
-11
-6
-11
-6
-5
-5
-8
-4
-1
-6
-2
-6
-6
-4
-6
-5
-3
-2
-1
3
3
3
2
6
3
1
4
3
7
9
10
10
6
7
8
7
5
3
2
3
3
0
-3
3
9
7
8
7
5
8
9
15
14
10
6
6
9
2
3
9
9
9
5
12
15
11
15
14
9
9
12
13
15
15
15
17
16
16
13
14
11
10
11
15
11
5
7
3
10
10
9
9
-3
1
1
6
6
-4
2
0
1
-1
6
11
6
5
5
7
0
1
0
-3
1
1
0
0
1
-1
3
0
0
2
-3
6
6
0
2
-1
-2
0
0
0
-6
-7
-9
-8
-4
-3
-5
-12
-17
-17
-16
-10
-9
-16
-18
-21
-20
-17
-18
-16
-16
-19
-17
-7
-8
-15
-12
-9
-12
-11
-16
-13
-13
-15
-17
-17
-12
-15
-16
-17
-17
-14
-15
-12
-6
1
-2
-7
-7
-6
-9
-4
6
2
-4
-7
-12
-5
-3
4
0
-5
-8
-10
-7
-5
3
2
-2
-6
-4
-2
-4
-2
-1
-1
4
-3
-6
-1
-1
4
4
1
0
2
5
7
6
7
1
4
6
-1
0
5
4
1
4
2
4
5
6
9
7
7
7
9
9
9
6
6
9
8
10
0
3
4
-2
5
7
8
2
-3
0
3
6
8
8
2
-1
1
3
6
5
-1
1
-5
-5
1
0
1
-5
-1
-3
2
3
1
5
-3
-6
-5
-2
2
-1
0
0
2
5
1
1
4
9
4
3
5
1
8
4
0
-1
0
1
2
7
3
0
2
0
3
3
1
3
1
9
2
8
12
7
12
8
6
4
8
9
7
2
5
0
-2
4
-2
1
6
0
-5
-3
-2
0
-1
1
3
-1
2
5
4
5
11
9
16
9
9
8
6
14
10
7
10
7
5
6
10
11
8
9
2
6
9
7
5
3
5
2
4
1
3
6
10
15
12
5
6
3
8
6
10
12
3
6
2
8
2
4
5
5
8
2
8
7
7
8
3
6
8
7
7
3
2
1
3
2
-2
-4
-1
2
0
1
0
0
-2
-3
0
-2
-2
0
-3
-1
-5
-10
-11
-10
-3
1
-6
-10
-8
-7
-9
-8
-1
-4
-3
-9
-11
-2
-6
-3
-2
-3
-6
-10
-9
-10
-2
-2
-9
-12
-12
-6
-8
-5
-5
-5
-8
-7
-7
-8
-4
-3
-1
-3
-4
0
0
-2
-3
-3
-3
-9
-9
-7
-8
-6
-4
-7
-5
-3
-7
-1
-8
-7
-7
-2
4
-8
-1
-1
-6
-6
0
5
5
1
-5
-4
2
3
2
0
0
3
-2
2
3
3
5
2
4
2
5
4
1
6
9
0
-2
0
-2
-1
6
9
8
6
6
8
8
9
10
7
6
6
7
2
6
7
6
9
6
1
1
5
5
8
6
4
6
5
11
7
6
5
3
4
0
5
2
2
2
2
7
3
4
0
5
7
0
1
6
9
6
3
3
4
1
3
0
2
-1
-2
4
1
3
2
0
-3
-2
-2
-1
0
-1
-1
-3
-7
-9
-7
-5
-7
-6
-7
-11
-10
-7
-6
-7
-6
-12
-6
-5
-7
-5
-7
-3
-6
-6
-3
-3
-5
-6
-8
-13
-9
-11
-12
-11
-10
-14
-14
-8
-6
-4
-10
-8
-9
-13
-4
-7
-6
-8
-6
-12
-11
-5
-8
-1
-6
-4
-10
-8
-2
4
4
-1
1
-3
-3
-5
2
1
-2
1
-1
2
2
9
8
6
2
4
13
7
14
15
8
11
8
8
7
7
6
2
3
4
7
4
9
5
7
12
9
11
6
8
5
7
5
4
11
6
6
3
1
6
9
11
8
4
5
6
3
6
6
10
4
-7
1
0
4
4
8
6
-2
-1
-9
4
6
8
0
-6
-2
1
9
3
0
-3
2
-1
-5
2
-6
-9
-7
-10
-8
-6
-5
-1
-7
-4
-1
-9
-10
-7
0
3
4
-2
-8
-2
-2
-6
-10
-8
-8
-10
-4
-7
-12
-8
-8
-9
-16
-13
-13
-11
-9
-11
-3
-3
-2
-1
-2
4
1
-1
6
3
0
-2
1
1
3
6
0
1
4
3
4
3
7
9
8
2
-1
8
9
7
7
8
5
6
7
4
3
7
9
2
6
7
9
13
10
9
11
10
12
17
15
14
10
9
7
13
15
13
13
7
9
12
12
11
13
13
11
9
8
7
11
13
9
8
9
5
6
10
5
4
5
0
-3
-6
0
0
-2
-1
-1
-3
-6
2
-4
-4
1
-2
-2
0
5
4
2
-3
3
6
5
5
10
7
2
5
1
3
0
-4
-7
-3
-2
1
3
-4
-7
-15
-8
-2
-7
-12
-10
-13
-13
-10
-5
-2
-7
-12
-14
-14
-13
-14
-8
-10
-14
-15
-15
-14
-15
-12
-17
-14
-11
-20
-21
-15
-15
-13
-18
-16
-17
-20
-19
-20
-17
-20
-21
-20
-22
-21
-15
-18
-21
-19
-18
-18
-16
-19
-20
-19
-20
-17
-19
-17
-16
-18
-18
-16
-20
-19
-15
-13
-18
-19
-13
-12
-10
-9
-14
-13
-10
-8
-4
-6
-6
-12
-12
-11
-9
-4
-3
-3
-7
-5
-8
-5
-11
-17
-8
-11
-10
-8
-6
-11
-10
-7
-5
-2
-2
-6
-9
-10
-3
-3
-4
-5
-9
-8
-5
-4
-9
-9
-11
-10
-12
-9
-8
-9
-8
-11
-3
-5
-6
-11
-8
-8
-12
-7
-10
-12
-16
-13
-15
-14
-12
-15
-17
-16
-12
-15
-10
-6
-9
-10
-13
-11
-13
-17
-12
-14
-9
-5
-5
-7
-11
-11
-8
-7
-6
-8
-11
-8
-7
-3
-1
-2
-2
-5
-5
-7
-9
-7
-9
-8
-16
-12
-5
-6
-6
-11
-11
-6
-3
-6
-6
-7
-11
-8
-9
-5
-6
-9
-6
-6
-6
-5
-3
-6
-7
-5
-8
-8
-3
-5
-7
-4
-3
-6
-8
-5
-9
-8
-8
-10
-6
-7
-1
-1
-6
-1
-4
-2
1
-2
6
1
-1
-2
5
9
6
6
2
6
6
6
11
9
6
10
7
8
11
4
6
7
4
5
9
8
2
5
7
9
13
16
15
10
9
10
9
12
12
9
14
10
10
10
11
15
16
23
20
13
17
20
17
20
24
21
17
17
16
13
16
16
15
12
13
12
11
17
12
14
18
14
13
10
8
14
16
15
14
16
14
10
13
13
9
9
7
8
10
7
12
15
11
10
11
8
6
11
6
9
5
4
5
2
6
1
4
3
0
-1
-4
1
-1
0
-2
-2
-3
-1
-1
-8
-6
-6
-6
-3
-5
-6
-1
-5
-9
-8
-1
2
0
-4
-7
-3
-3
-2
-1
-2
-2
-5
-2
1
1
1
-1
-6
0
0
-2
-2
-6
-6
-5
1
-4
-6
-2
1
0
-4
-1
3
6
7
7
7
8
8
11
6
8
13
12
7
9
8
11
11
9
10
5
11
7
8
7
7
14
9
13
14
15
8
9
12
8
12
14
12
7
11
5
4
7
10
10
6
6
7
9
11
7
8
6
2
3
1
4
0
-1
1
-1
-4
-1
5
1
-4
-4
-5
-5
-7
-7
-3
-8
-4
-8
-10
-7
-11
-5
-12
-9
-4
-8
-5
-8
-5
-9
-9
-9
-10
-4
-7
-12
-15
-15
-12
-11
-16
-15
-16
-18
-14
-22
-16
-18
-24
-20
-17
-12
-15
-17
-24
-21
-18
-17
-12
-23
-16
-21
-24
-15
-22
-20
-15
-13
-17
-19
-17
-13
-10
-11
-13
-17
-16
-10
-13
-9
-9
-14
-14
-15
-9
-7
-6
-8
-7
-11
-12
-5
-6
-4
-2
5
1
-5
-7
-4
-1
1
6
1
1
3
4
5
8
6
-2
1
1
-3
-1
1
-2
-4
0
3
4
2
2
6
5
5
6
9
13
3
8
14
11
18
19
15
16
9
11
16
14
18
13
10
9
8
13
12
12
12
13
3
8
8
6
11
6
10
8
11
10
3
9
6
6
5
7
9
1
5
7
5
4
0
5
4
3
7
1
-2
1
1
-2
-6
-6
-1
-2
-3
0
-2
-10
-10
-10
-11
-5
-4
-6
-8
-10
-14
-9
-7
-10
-9
-11
-5
-11
-3
-7
-14
-7
-10
-8
-14
-9
-10
-14
-13
-15
-11
-5
-9
-7
-11
-15
-10
-14
-9
-8
-8
-13
-14
-12
-10
-4
-5
-4
-4
-1
3
3
-3
0
2
-2
2
-5
-4
3
-1
-1
-2
0
3
6
4
1
2
-5
-6
1
1
-2
3
1
2
1
3
4
2
6
6
9
4
8
10
5
5
3
1
3
8
4
7
5
7
7
4
7
9
9
10
10
5
2
6
0
5
10
5
8
4
8
5
7
10
6
8
9
9
9
7
5
7
10
9
3
7
5
4
6
0
-4
-6
-3
-3
-5
-4
-4
-7
-11
-10
-6
-6
-4
-6
-8
-8
-8
-5
-4
-3
-9
-5
-4
-3
3
2
-2
-3
-1
-3
-2
-2
-1
1
-4
-2
2
-1
-5
-3
1
-1
-4
0
4
5
5
4
-2
-2
2
5
5
6
7
2
0
3
6
6
8
4
-2
1
5
1
1
3
-1
1
-2
-1
3
5
1
-2
0
1
1
2
3
1
3
5
2
0
-5
-3
-1
-6
-5
-1
-2
-2
-5
-9
-2
-3
-3
0
-4
-4
-3
3
5
2
-3
-4
-2
-6
-3
-1
-5
-2
-2
-3
-5
-8
-6
-2
0
-1
-4
-6
-3
-4
-4
-2
-3
-6
-4
-2
-10
-6
-1
-1
-7
-6
1
-2
-3
0
4
8
5
4
1
-3
0
-1
6
5
3
5
-2
-1
1
5
2
3
0
-6
-6
-3
7
0
-1
0
0
4
-3
2
4
-2
1
-1
4
4
6
5
1
-1
-9
-7
-9
-7
-4
-7
-9
-12
-6
-10
-10
-7
-10
-1
-7
-9
-8
-6
-2
-5
-1
-4
-4
-8
-6
-6
-9
-6
-9
-9
-11
-11
-10
-10
-10
-12
-11
-8
-8
