3
7
8
-2
-9
-5
7
9
1
-4
2
15
10
9
4
-3
0
6
16
12
-5
0
14
19
8
-6
3
13
18
10
7
12
10
19
17
9
11
13
15
9
11
15
16
14
9
13
17
14
9
15
15
13
17
16
14
9
12
10
11
10
0
2
10
14
10
3
11
18
14
0
2
12
8
5
1
-1
-4
-2
-6
0
-2
-7
5
-1
0
4
-2
-9
-10
0
5
-6
-9
-1
0
1
-3
-6
-6
-8
-8
-5
-1
0
-5
-16
-10
5
3
-14
-15
5
6
-9
-13
0
-2
-11
-3
6
2
-7
-8
-4
-2
-2
-2
-5
-15
-10
2
2
-12
-17
-2
5
-9
-13
-12
-8
-7
-8
-8
-14
-21
-17
-4
-7
-16
-21
-12
-1
-10
-14
-12
0
-3
-10
-4
-3
-4
-10
-12
-2
0
-5
-4
-3
-7
-11
-11
-17
-17
-17
-10
0
-14
-11
-3
-6
-13
-21
-10
-7
-14
-24
-15
-5
-16
-13
-9
-12
-14
-12
-14
-10
-10
-22
-22
-12
-8
-13
-11
-17
-22
-7
-5
-6
-12
-18
-3
8
6
0
-3
2
7
7
4
-3
-7
-5
-1
8
3
-8
-5
9
8
-1
4
-3
-6
-8
3
10
3
-4
-10
2
10
1
-7
-10
-5
4
8
5
-8
-3
5
-2
-10
-7
0
3
-8
-16
-2
2
-3
-20
-13
1
1
-7
-15
-6
-3
-5
-8
-7
-7
-9
-2
4
3
-6
-8
1
14
7
-14
-20
-7
3
0
-9
-5
1
7
15
7
-19
-22
4
12
3
-11
-4
5
11
13
-3
-15
-14
-4
2
3
-5
-7
-1
5
8
-3
-10
-12
-6
-5
-1
3
2
-4
6
12
9
3
-7
-2
-3
3
0
-8
0
9
13
11
12
9
2
6
14
6
-4
-2
12
9
-2
-1
5
11
7
3
0
-5
-3
8
11
-1
-5
1
12
20
8
-1
4
14
11
5
9
6
6
15
20
9
-2
9
14
8
6
3
3
12
9
9
4
-3
10
15
6
-5
1
6
6
3
1
3
-1
10
3
-6
-7
-4
1
-3
0
-1
0
-2
-1
-3
-5
0
-5
-10
-1
6
-7
-9
-4
-3
-11
-4
2
-5
-8
-13
-8
-14
-10
-5
-11
-20
-15
1
1
-13
-17
-6
0
-8
-15
-18
-11
-10
-8
-3
-5
-11
-15
-4
-6
-10
-13
-13
-7
-5
-6
-3
3
-9
-18
-3
5
-9
-19
-12
-3
6
5
-16
-17
-5
-3
-1
-4
-15
-19
-9
9
6
-16
-22
-10
13
7
-5
-9
-9
0
7
8
-8
-19
-16
6
19
-4
-20
-8
7
9
2
-8
-8
-9
1
10
3
-10
-17
6
15
5
-7
-15
2
12
5
-3
0
7
0
-6
-2
0
-6
-7
3
6
6
8
14
10
-10
-11
6
8
-8
-13
-3
7
8
6
1
-8
-13
-4
5
-6
-18
-21
-8
14
17
-4
-14
-2
8
7
-3
-5
-3
0
7
18
15
0
-5
6
17
9
-5
-6
4
14
8
0
-1
5
12
3
-6
-9
3
8
-6
-4
2
7
3
-1
4
-1
-11
-8
1
2
-9
-9
-4
-2
-7
-6
-6
-6
-10
-3
5
-4
-11
-6
10
2
-11
-5
14
8
-14
-9
5
5
-5
-6
0
0
-9
0
10
1
-8
-3
10
6
1
-4
0
3
-1
-4
8
14
0
-10
-2
16
7
-15
-8
8
4
0
8
11
5
-4
4
11
2
-16
-9
8
4
-2
-1
3
5
4
9
14
8
0
-3
8
11
-1
-1
6
12
4
0
7
6
5
2
4
8
-5
-9
10
14
3
-5
-1
8
12
7
-9
-11
0
13
14
1
-4
2
3
16
13
-7
-12
2
10
7
-1
-7
9
5
6
5
-10
-19
-14
8
2
-8
-3
6
1
-7
-5
4
-4
-14
-12
-8
-4
-5
1
1
-7
-12
-3
4
0
-8
-7
-5
4
17
14
6
-9
-7
12
6
-15
-15
1
8
3
-5
2
3
-10
-8
4
-1
-14
-12
4
8
-10
-15
0
5
-9
-13
-11
-9
-5
-7
-9
-13
-19
-6
4
-12
-22
-19
-7
-3
-15
-17
-15
-10
-9
-9
-12
-11
-4
-7
-15
-15
-3
-6
-15
-11
-8
-13
-22
-11
7
-10
-27
-17
1
1
-9
-14
-14
-10
-7
1
-1
-19
-25
-9
-2
-15
-24
-20
-6
-8
-14
-10
-9
-11
-13
-13
-9
-8
-16
-17
-8
-8
-14
-20
-9
5
-5
-14
-13
-9
-3
-9
-7
-6
-11
-7
-6
6
0
-9
-9
-5
6
-2
-10
-10
-7
3
1
-2
-2
2
4
1
-2
0
-3
-1
1
3
7
6
7
2
3
2
5
6
-2
-7
-10
0
6
1
-8
-5
-3
-7
-5
-7
-8
-9
-3
2
7
6
0
-1
1
-2
-4
-3
1
6
4
2
5
8
7
2
4
6
0
-3
-3
-1
-4
-3
-6
-2
4
1
4
2
4
7
12
5
-4
-4
4
10
8
5
0
4
10
7
0
-1
3
5
3
-2
-9
-2
-2
-5
1
0
-4
-6
-3
-5
-3
-3
-5
-3
-4
-8
-10
-9
-10
-10
-6
-3
-1
0
7
8
6
4
-3
5
5
3
6
12
13
8
8
9
5
7
6
2
11
9
9
6
10
8
9
11
3
4
3
6
6
4
-1
-2
-1
-2
3
4
0
1
5
3
4
0
-4
0
-2
-4
-6
-6
-7
-13
-7
-4
-4
-6
-4
4
6
4
3
-1
-6
1
2
3
1
-1
7
6
5
6
7
10
6
5
8
7
9
12
13
13
10
10
12
15
14
16
13
14
22
17
9
12
18
15
18
16
14
17
14
15
14
17
21
18
19
19
19
19
17
17
12
12
11
9
11
6
11
14
14
16
12
10
13
15
14
9
7
10
10
4
-2
0
4
6
2
-4
0
0
0
-2
-6
-3
-8
-9
-7
-11
-8
-10
-10
-9
-17
-17
-20
-20
-16
-15
-18
-25
-22
-20
-19
-20
-19
-15
-17
-18
-24
-25
-17
-17
-20
-17
-20
-20
-18
-23
-21
-21
-19
-20
-20
-20
-17
-21
-25
-24
-26
-22
-24
-17
-14
-18
-20
-20
-14
-16
-16
-20
-19
-19
-14
-11
-13
-11
-18
-20
-23
-20
-21
-21
-15
-20
-20
-20
-19
-19
-14
-14
-9
-10
-12
-10
-14
-14
-15
-6
-7
-11
-3
-5
-3
-9
-7
0
-5
-6
-7
-3
0
-1
-2
-4
-3
-1
-1
-6
-5
-4
-5
-9
-10
-6
-5
-5
-12
-11
-6
-6
-9
-12
-10
-3
-5
-5
-5
-3
-1
3
2
-5
-4
-5
-5
-7
-11
-14
-13
-10
-12
-15
-16
-9
-12
-12
-14
-18
-13
-17
-8
-4
-6
-7
-9
-6
-11
-9
-6
-3
-5
-5
-6
-5
-9
-11
-4
-10
-8
-7
-7
-9
-10
-3
-3
-4
-6
-1
-2
1
2
-2
1
2
3
-4
-1
2
1
-5
-8
4
1
-1
-1
1
3
0
0
-4
0
1
1
-1
-1
-1
-2
-2
-1
1
-4
-2
-4
-2
2
0
-5
-7
-12
-6
-1
-7
-3
3
4
2
-3
-8
-5
-9
-9
-12
-11
-9
-11
-6
-10
-6
-8
-10
-11
-9
-4
-4
-4
3
5
1
1
1
3
-1
-7
-11
-5
-5
-7
-6
-5
2
3
3
0
3
4
6
4
3
7
5
10
5
4
1
2
2
2
4
-1
4
6
8
0
-1
0
2
2
0
6
3
5
4
4
5
5
4
5
1
2
5
5
7
7
12
14
8
3
11
14
10
11
5
5
12
11
12
9
6
11
9
7
10
6
2
3
4
12
8
7
8
10
15
9
8
3
7
9
12
5
5
13
9
14
5
4
6
13
15
10
9
9
15
11
13
8
6
7
7
9
5
6
11
6
0
2
2
9
4
0
3
3
4
-3
-2
2
0
-2
-2
-6
0
0
-4
-1
3
5
2
-3
-6
-6
-9
-10
-9
-4
-6
-7
-7
-4
-1
-9
-5
-7
-5
-7
-13
-13
-14
-8
-2
-2
-3
-2
-6
-3
-2
-2
6
4
-4
-3
5
9
-2
-1
6
7
9
8
9
7
11
13
6
3
7
14
9
5
6
5
6
4
9
7
4
8
7
6
5
8
9
4
8
10
5
7
1
6
7
5
11
6
3
-2
4
6
3
5
2
2
0
1
-4
-5
-6
-5
-4
0
3
3
6
3
7
1
-4
-6
-4
4
-2
4
1
-3
-3
-3
1
-3
-6
-7
-2
-4
-9
-7
-8
-8
-5
-9
-13
-9
-9
-8
-8
-9
-4
-2
-1
-5
-7
-4
1
-3
-9
-7
-2
-4
-8
-2
-3
-5
-8
-2
0
0
-1
0
3
4
9
8
3
2
10
11
6
4
12
11
6
11
11
16
15
13
13
17
16
14
12
7
11
17
14
10
9
12
19
17
15
13
12
14
13
8
7
12
14
7
6
11
14
10
9
14
12
12
9
11
17
11
5
3
5
7
4
4
1
1
3
2
9
8
7
2
2
7
6
4
7
5
8
7
3
6
6
11
5
7
6
11
10
7
1
-3
11
15
14
7
12
13
12
7
-2
1
-3
1
7
7
1
6
14
12
6
6
13
17
13
10
12
8
7
11
14
14
6
6
15
18
11
1
-2
4
10
14
7
-1
0
1
1
-1
-6
-11
-2
0
-3
-2
-10
-11
-10
-9
-5
-11
-15
-11
-7
-11
-17
-24
-7
-1
-10
-17
-23
-12
-9
-3
-12
-25
-19
-2
11
6
-5
-11
-2
1
6
7
-8
-15
-3
9
7
-7
-11
-1
8
1
-8
1
9
7
-3
5
9
3
6
14
12
-2
-1
13
17
5
-3
0
5
13
12
2
-1
0
14
17
5
-3
2
8
8
15
16
5
-1
11
15
9
-1
3
11
9
-2
1
19
20
5
1
10
10
8
-4
-4
-2
-3
0
2
6
-5
-4
-2
2
-8
-17
-11
-3
0
-4
0
-8
-7
-6
-4
-4
-7
-4
0
1
-7
-1
4
-1
-11
-9
5
3
-4
-7
1
-2
-12
-5
9
12
-12
-18
-4
8
5
-3
-5
0
2
3
7
8
3
-3
2
2
-1
-4
2
7
11
8
4
10
11
6
-7
-4
7
10
4
2
5
7
5
5
8
5
-5
-2
8
5
-2
-2
1
5
-1
-4
6
3
-1
-7
1
6
-11
-7
-1
3
1
0
3
-1
-9
-16
-11
0
-1
-13
-13
-10
-6
-14
-13
-7
-8
-13
-14
-5
-3
-6
-10
-4
-3
-11
-10
-6
-7
-10
-8
-8
-6
-11
-13
-7
-9
-7
-8
-3
-1
-5
-4
-5
-5
-6
-7
-5
-2
-5
-7
-7
-10
-8
-2
1
-5
-5
0
-2
-2
-2
3
5
4
4
9
10
4
9
9
11
8
7
6
10
11
12
10
5
10
11
12
11
10
9
11
3
4
4
4
1
-2
8
4
3
-1
0
1
-5
-3
-2
3
1
-3
-2
0
-2
-1
-3
-5
-3
4
5
-1
-3
-3
-4
-3
-3
-7
-4
-1
-6
0
0
-5
3
5
6
5
2
5
1
4
4
5
9
-1
6
12
11
9
5
10
11
16
12
7
13
12
12
13
8
16
13
10
20
14
13
13
16
19
14
12
11
12
15
16
16
17
11
13
12
7
11
11
7
2
-1
6
13
8
7
12
12
11
13
7
6
8
9
4
8
10
7
6
6
6
5
5
2
3
0
2
-1
-2
-3
-5
-4
0
1
-5
-5
-1
-2
-7
-12
-15
-12
-13
-13
-14
-13
-13
-17
-15
-17
-16
-16
-12
-11
-15
-17
-16
-10
-10
-11
-13
-9
-11
-6
-9
-12
-12
-15
-10
-13
-16
-16
-9
-9
-12
-7
-9
-7
-12
-10
-8
-8
-3
-14
-10
-10
-10
-12
-16
-9
-11
-9
-9
-9
-6
-5
-7
-7
-3
-5
-5
-4
-5
-10
-6
1
-2
-8
-8
-2
-1
-1
0
-1
2
4
5
8
6
2
6
10
12
10
9
11
10
9
6
5
11
11
8
9
9
4
6
10
6
11
9
6
8
11
16
12
11
12
11
12
6
5
5
4
2
0
6
7
2
2
11
17
13
6
4
13
11
3
4
4
-2
-14
-10
3
4
-5
-17
-12
-1
-3
-6
2
-1
-4
-3
-1
1
-9
-13
-11
-6
-9
-19
-18
-14
-11
-7
-8
-9
-13
-17
-15
-4
-2
-13
-12
-5
-7
-16
-11
-9
-11
-2
-5
-1
-5
2
10
2
0
-10
-3
-1
6
8
-1
-5
-6
8
9
5
-1
-3
1
1
5
5
6
1
9
14
14
19
7
4
0
-4
7
5
2
7
5
10
6
6
4
2
-2
-3
8
13
11
15
10
6
9
11
13
4
-3
-2
5
3
7
14
12
8
9
19
13
9
16
17
16
20
17
14
10
6
10
12
10
10
11
5
10
12
13
19
15
8
9
16
19
17
15
14
8
8
12
17
13
8
9
17
14
8
12
11
12
11
8
8
7
9
10
8
6
7
7
7
7
7
7
7
2
1
9
14
14
7
2
5
7
9
9
9
2
-1
6
11
8
-1
-11
2
6
7
9
-1
3
-2
5
7
7
7
-4
6
13
13
3
4
3
0
-2
0
1
-1
1
-3
7
-1
0
4
10
11
-1
5
7
13
10
2
2
-4
-2
9
9
5
5
7
9
8
9
12
11
6
5
5
14
12
9
8
8
4
3
17
15
12
2
8
27
21
15
7
15
17
9
10
9
15
11
6
9
13
11
5
5
10
19
6
7
15
9
11
6
8
14
20
21
9
10
7
6
7
-1
-3
-5
1
0
3
5
6
5
4
6
7
12
6
8
5
13
13
7
3
-6
-2
5
3
-3
4
-3
-4
-5
4
4
-7
-4
-7
3
-2
-11
-10
-4
-3
-14
-15
-5
-8
-11
-6
-5
-4
-14
-13
-7
-12
-10
-12
-9
-8
-12
-14
-21
-25
-25
-13
-14
-22
-21
-18
-15
-18
-18
-16
-11
-13
-14
-16
-15
-15
-20
-19
-18
-22
-17
-11
-11
-9
-21
-17
-18
-22
-15
-17
-12
-12
-14
-23
-27
-20
-17
-15
-9
-10
-14
-7
2
-11
-25
-21
-13
-4
0
0
-7
-17
-23
-17
-1
-5
-12
0
9
3
-12
-11
-8
-19
-20
-13
-2
-4
-9
-9
-10
-8
-19
-13
-9
-1
8
9
12
3
-7
-17
-15
-5
8
8
2
-5
-8
-10
-16
-11
-6
3
-6
-3
6
5
2
-12
-11
-11
4
14
13
14
10
5
-7
1
4
8
10
13
17
11
6
-1
-7
-6
6
5
13
13
11
5
-2
-7
-9
7
7
13
18
20
20
9
-2
7
18
25
21
22
29
22
15
5
10
6
7
5
3
22
22
16
13
14
10
6
20
29
27
18
15
24
19
15
12
11
16
13
19
18
17
11
7
15
13
5
2
2
10
9
8
9
17
13
-4
-3
-9
-3
-1
15
24
17
25
13
10
11
1
4
1
7
13
11
5
-3
-4
-2
2
0
4
10
8
2
2
5
6
-1
6
14
18
18
5
10
7
4
2
6
17
9
10
6
7
6
-1
3
0
-2
-3
0
12
0
-3
-5
-4
-4
-9
2
1
-1
0
-6
-10
-15
-13
-6
-5
12
3
5
-3
-28
-21
-23
-10
-4
-4
3
0
-1
-5
-10
-21
-29
-28
-13
6
1
7
7
2
-1
-24
-12
-7
5
15
17
20
4
-3
-10
-10
2
-1
-7
5
5
9
-7
-7
-9
-19
-6
-5
7
-10
-2
-4
-12
1
-11
2
7
15
16
5
0
-16
-9
-1
5
10
4
5
1
7
3
-4
-7
-13
3
1
4
5
4
3
-11
-8
1
7
10
11
16
11
-4
-4
-5
-2
-2
1
9
0
2
-4
-6
-11
-6
2
0
2
0
0
10
10
-1
-9
-6
-2
-10
6
5
3
3
2
8
-7
-4
-20
-22
-10
9
5
-1
9
3
-6
-11
-4
-9
0
-3
2
1
-1
-9
-12
-3
-14
-14
-21
-7
-9
-11
-5
-10
-2
-1
-3
-5
-14
-10
-18
-12
1
-7
7
-1
5
-5
-5
1
-9
3
3
9
10
13
-1
-8
-1
-6
-9
-6
-6
-1
2
-1
4
1
4
0
2
8
8
6
1
8
14
7
5
1
9
14
11
8
9
15
-3
5
10
9
9
11
19
4
15
18
14
14
17
16
14
15
16
17
16
19
16
14
14
13
10
9
16
14
11
10
4
13
14
7
6
4
4
1
10
6
7
10
6
12
7
14
11
2
5
6
8
8
6
3
7
5
10
6
4
4
1
10
5
1
0
-1
1
4
5
2
5
4
1
2
-1
3
7
6
4
8
6
5
5
3
7
1
3
5
7
6
-3
-14
-11
-5
3
7
-1
-5
-7
-2
-3
-2
0
0
4
4
0
5
-3
-3
3
-3
3
3
5
4
-1
0
5
0
-6
-3
2
3
-3
0
-1
0
1
4
6
7
3
2
4
7
2
-3
1
2
8
9
7
11
4
2
3
2
9
8
6
4
3
4
4
5
9
10
12
11
9
8
11
12
9
8
8
16
17
16
10
1
7
13
13
12
10
12
14
12
10
8
10
7
11
10
11
16
11
7
9
9
8
5
1
7
5
2
-4
-2
2
2
1
2
7
3
-1
4
7
-1
-5
-2
2
2
0
-3
2
3
-4
-2
-5
4
8
9
8
0
7
1
4
6
5
7
1
0
2
5
-4
-4
2
3
-5
-4
3
0
-1
-9
-6
-6
-6
-4
-4
6
1
3
1
5
6
8
11
9
7
2
9
5
6
0
-7
-9
-13
-2
-6
-5
-12
-13
-7
-2
5
-3
2
2
11
12
16
20
12
10
2
10
11
16
18
17
9
-7
-13
-17
-16
-13
-7
-5
-7
-8
-1
0
-4
-4
-7
5
11
13
22
24
19
13
6
2
6
2
5
3
-1
-1
-15
-14
-19
-17
-23
-19
-11
-7
-6
-8
2
-1
-3
5
23
28
30
18
6
8
5
14
12
14
8
3
-5
-13
-4
-12
-13
-17
-16
-9
-1
3
9
14
4
-6
-10
1
19
36
34
24
12
6
6
5
11
8
14
11
9
10
-2
-5
-21
-18
-12
0
15
14
15
-4
-11
-11
1
22
28
34
21
22
8
-1
4
7
12
2
6
5
13
11
2
0
-8
-11
-9
0
4
7
3
-4
-19
-14
-11
0
5
6
12
4
2
-5
1
1
5
5
11
7
3
5
-4
-1
-14
-5
-8
6
8
4
-2
-14
-13
-22
-14
-19
-5
-4
-1
4
-5
0
-7
-1
-1
1
6
12
10
2
-1
-9
-11
-16
-12
-1
2
-5
-20
-20
-26
-25
-8
2
8
6
-9
-9
-17
-17
-8
-2
17
17
16
8
-8
-13
-24
-19
-9
5
9
2
-5
-23
-36
-41
-30
-22
-6
-8
-7
1
-5
-5
-26
-20
-21
-9
6
11
24
14
4
-22
-24
-37
-33
-22
-14
-14
-27
-26
-48
-46
-65
-64
-61
-43
-23
-18
-13
-32
-38
-60
-49
-40
-15
-3
1
1
-14
-16
-40
-28
-38
-14
-7
2
21
17
20
-9
-11
-15
10
24
46
57
56
57
39
64
57
68
58
38
47
40
74
80
80
63
17
-13
-41
-33
-2
14
32
30
5
-12
-42
-58
-64
-70
-35
-24
2
8
-16
-41
-90
-115
-137
-109
-88
-60
-62
-82
-108
-147
-170
-194
-180
-175
-136
-101
-55
-47
-66
-101
-143
-159
-164
-96
-37
51
75
69
28
-36
-58
-74
-5
52
129
174
189
184
143
120
105
116
161
227
285
338
318
295
225
181
161
149
206
210
240
214
177
129
67
23
-17
-8
20
67
90
113
65
2
-81
-143
-147
-134
-75
-58
-67
-125
-202
-282
-357
-405
-422
-425
-431
-425
-428
-431
-448
-466
-478
-466
-430
-363
-278
-202
-147
-118
-92
-82
-56
-24
8
69
109
156
167
156
141
96
109
111
165
233
287
357
365
368
349
343
370
405
460
525
560
592
584
545
518
460
444
409
425
449
446
459
410
380
316
275
255
257
255
227
195
115
56
-63
-152
-253
-334
-402
-495
-576
-682
-768
-874
-939
-972
-927
-905
-843
-805
-766
-704
-687
-539
-480
-345
-278
-232
-146
-148
-79
-103
-90
-105
-138
-155
-148
-153
-161
-206
-223
-180
-128
53
189
381
463
522
577
607
704
764
888
954
1045
1048
1033
947
791
619
404
293
195
185
168
118
36
-102
-211
-245
-224
-114
-6
81
174
200
269
286
333
382
382
415
382
358
308
167
35
-142
-291
-420
-543
-577
-636
-649
-691
-730
-748
-767
-730
-652
-529
-402
-292
-214
-111
-39
79
160
254
290
252
179
70
41
-42
-47
-135
-167
-261
-369
-430
-562
-582
-721
-743
-744
-658
-515
-448
-360
-314
-308
-268
-209
-76
113
164
302
280
363
380
350
406
321
365
283
339
395
428
417
288
210
140
174
250
387
498
569
558
598
649
742
830
903
1023
1099
1194
1182
1137
1006
801
623
508
525
532
421
184
-204
-545
-826
-995
-1011
-1092
-1126
-1274
-1360
-1338
-1338
-1221
-1256
-1253
-1203
-1152
-866
-659
-464
-429
-634
-688
-817
-677
-507
-392
-212
-329
-330
-462
-517
-528
-638
-591
-523
-212
218
650
989
1023
837
626
505
694
1010
1371
1594
1563
1411
1100
882
637
459
258
108
70
46
64
-70
-269
-606
-860
-943
-772
-393
-18
245
319
267
152
134
199
405
585
772
918
985
1011
837
609
281
11
-127
-170
-87
-35
-122
-339
-659
-910
-1041
-1054
-905
-768
-608
-564
-559
-538
-506
-376
-252
-27
169
337
423
413
405
283
197
97
19
17
-101
-166
-316
-492
-657
-937
-1031
-1100
-1015
-858
-744
-543
-526
-491
-475
-415
-148
63
359
610
762
909
856
853
799
734
718
636
684
657
585
427
199
-1
-157
-205
-125
64
230
346
370
426
456
538
649
791
963
1049
1123
1061
981
780
494
200
-80
-232
-337
-378
-400
-481
-644
-895
-1143
-1276
-1344
-1195
-1023
-762
-504
-409
-271
-298
-175
-108
-7
161
211
309
218
145
25
-111
-230
-403
-527
-670
-757
-847
-908
-910
-927
-859
-774
-586
-280
-26
288
457
606
702
685
788
814
928
966
888
845
647
542
364
184
136
-40
-100
-212
-249
-201
-251
-199
-211
-164
-45
89
349
636
872
1059
1081
1145
1202
1209
1230
1112
1025
748
482
251
42
-82
-354
-563
-805
-916
-901
-822
-593
-417
-319
-336
-373
-263
-143
27
181
275
407
316
265
117
-119
-362
-836
-1076
-1274
-1324
-1324
-1453
-1491
-1709
-1887
-2038
-2037
-1824
-1648
-1390
-1037
-585
-58
307
649
996
1258
1623
1871
2214
2409
2247
1928
1453
1172
950
777
674
565
334
-37
-421
-687
-849
-1050
-1145
-1074
-833
-532
-300
-145
-57
-137
-191
-102
192
654
953
1135
1204
1184
1082
901
798
711
542
387
234
221
126
-86
-335
-651
-747
-817
-690
-424
-165
19
3
-56
-32
-34
17
130
257
497
534
555
479
369
183
-34
-148
-154
-45
-69
-28
-150
-228
-415
-645
-681
-679
-594
-610
-616
-577
-614
-682
-671
-596
-415
-417
-425
-446
-427
-339
-375
-255
-251
-268
-395
-412
-194
-1
167
159
166
23
-48
-72
14
243
270
350
317
441
497
419
366
222
210
155
297
513
645
693
583
596
730
928
1214
1360
1484
1385
1208
1088
919
825
522
297
-76
-284
-440
-674
-722
-1042
-1205
-1445
-1600
-1385
-1325
-979
-714
-588
-280
-312
-124
-153
-80
114
183
484
584
770
604
441
179
-136
-289
-518
-613
-684
-764
-834
-899
-1024
-1037
-1232
-1205
-1026
-776
-362
-14
408
706
875
885
932
987
990
1022
1102
1155
1111
802
532
335
-46
-136
-367
-424
-358
-575
-580
-732
-709
-796
-916
-807
-631
-371
-232
290
491
679
730
582
820
797
1030
1194
1236
1349
1102
830
627
380
40
-292
-430
-535
-496
-520
-554
-619
-970
-1089
-1169
-957
-531
-173
107
264
238
149
157
45
294
389
580
764
573
558
194
-150
-343
-637
-598
-543
-625
-548
-658
-651
-759
-876
-713
-584
-462
-337
-19
183
547
578
646
578
407
487
369
765
794
815
424
75
-72
-430
-243
-276
-92
-51
-141
-167
-361
-450
-517
-544
-291
0
508
631
658
578
172
361
115
572
754
859
910
431
459
86
149
-257
-402
-465
-767
-556
-640
-342
-264
-874
-958
-1187
-918
-187
-1
859
785
517
176
-213
123
376
506
626
863
483
480
33
81
115
-588
-532
-783
-555
-346
-529
-290
-447
-735
-786
-907
-370
-94
120
453
451
628
355
304
322
383
548
618
724
735
533
78
-297
-740
-744
-562
-158
236
108
-196
-918
-1222
-1033
-332
450
662
622
332
376
539
722
745
467
-85
-490
-215
460
1013
894
270
-206
-698
-856
-625
-658
-149
-463
-506
-222
-144
501
117
149
-47
-272
-113
-26
613
874
827
466
-101
-167
-49
330
666
554
207
-664
-904
-1131
-735
-273
-365
-99
-445
-118
9
22
208
89
200
264
532
743
770
661
470
335
237
88
-15
-16
328
258
37
-499
-1262
-1287
-1264
-579
-223
-287
-337
-542
-372
-82
286
347
512
534
740
983
871
726
374
411
650
574
531
472
450
621
278
13
-602
-1116
-1243
-1247
-753
-639
-435
-548
-376
-5
-94
-108
-332
-446
-63
262
723
1032
677
532
54
-318
-400
-636
-586
-370
-550
-560
-593
-795
-617
-916
-945
-1085
-1471
-1250
-656
114
412
32
-652
-1302
-1220
-615
464
1453
1356
919
137
-232
-106
100
556
795
849
1037
1421
1841
2074
2095
1813
1361
1155
1380
2025
2395
2398
1712
1069
390
-120
-165
-212
200
-7
-203
-222
-331
-412
-655
-780
-404
-15
223
559
616
735
457
25
-47
66
98
127
12
-14
-446
-1132
-1775
-2200
-2046
-2249
-2179
-2489
-2666
-2841
-3229
-3067
-3026
-2576
-2196
-1958
-1568
-1072
-656
-550
-475
-537
-701
-1315
-1791
-753
902
3214
4669
4451
3785
1872
610
172
627
1835
1905
1861
1732
1451
1056
118
-640
-1275
-1720
-1730
-1249
-336
501
828
283
-340
-1041
-1220
-513
467
1839
2576
2806
2454
1637
1074
513
179
142
436
885
749
43
-1146
-2508
-3389
-3937
-3636
-2743
-1902
-1343
-1041
-766
-676
-739
-559
162
858
1736
2403
3110
3626
3364
3151
3244
3913
4461
4240
3721
3595
2085
108
-1125
-2157
-2133
-2472
-2738
-2006
-1830
-2025
-2093
-2600
-1797
-1483
-1543
-462
906
2386
2529
2600
2487
2192
1730
1635
1943
2395
2443
1736
1037
251
-305
-1509
-2231
-2582
-2666
-2957
-2959
-2944
-3020
-3132
-3192
-2853
-2695
-1115
-440
267
694
464
625
182
-136
365
170
17
5
-1267
-844
-1324
-1724
-1762
-2332
-2688
-3259
-3782
-3758
-3100
-3005
-1720
-1324
-480
359
626
1295
1706
2366
2436
2413
2786
3526
4018
4516
3860
3344
2021
658
-1
-378
205
-415
-903
-1197
-1327
-1762
-2146
-2288
-2077
-1607
-1188
-477
71
880
1174
1170
1410
1780
1813
1954
2312
2959
2661
2199
1760
694
668
-368
-962
-1020
-1392
-1375
-2090
-2323
-2174
-2118
-924
1697
4188
4866
4468
3881
2863
2758
2285
2069
2549
2308
2493
2240
2414
1911
542
-842
-1547
-1007
-1091
-336
103
333
922
163
-286
-698
-507
429
744
1936
2163
1987
1468
-1
-264
-835
-238
-640
-1581
-1405
-2679
-3080
-4457
-5102
-4168
-4248
-3388
-4229
-4813
-5047
-5978
-5630
-4939
-2976
-3227
-3248
-3282
-3105
-1532
-2740
-2557
-3363
-2950
-672
-789
1184
1252
864
1788
2319
5243
4698
4002
3585
2491
3267
2660
3236
2437
1847
1101
143
504
138
117
-1112
-1060
-916
-1667
-1283
-707
770
1484
1218
1373
695
1606
2086
2357
3318
3033
3178
1696
1402
1502
781
437
-708
-1529
-2197
-2849
-3157
-3474
-3966
-3719
-3952
-3191
-1911
-1430
-420
-137
276
1358
1849
2793
3815
5386
9397
12235
11992
9514
5343
1181
-512
-1208
-575
1167
299
220
-841
-1555
-1333
-3384
-4142
-4150
-2602
-701
1237
3613
4479
4703
3514
2272
2271
2345
3189
3710
3803
3596
1547
101
-1528
-3048
-4324
-5615
-5845
-6483
-6740
-7322
-7083
-6644
-6799
-6427
-6650
-5301
-3074
-1713
97
-241
-1241
-1672
-1712
-386
-157
557
-82
-909
-1989
-3933
-3628
-4155
-3496
-2803
-2838
-2134
-3045
-2797
-795
2889
5564
4849
4101
2982
3538
3940
4354
6288
5829
5231
3402
2860
3521
2303
1153
-729
-1106
-1448
-2046
-1888
-1276
-291
-1221
-1882
-2207
-1651
-552
-190
1027
1687
2235
2005
1815
2490
1986
1661
807
574
1095
258
198
-501
-1257
-1992
-2942
-2412
-2023
-1104
-885
-31
2492
5786
8207
7956
6232
2727
124
-1184
-525
2182
3262
3661
2775
1462
1599
500
-242
-921
-1143
-95
642
2208
3103
3440
2306
290
-1337
-2148
-2054
-1585
-573
15
359
-596
-1369
-1748
-2691
-4165
-5280
-5318
-3548
-1611
-2457
-3369
-4509
-6194
-6492
-6133
-4850
-1972
-1669
-2243
-2450
-3775
-3718
-4422
-5988
-6325
-5766
-6182
-4374
-2278
-474
124
-3101
-3668
-2992
765
6421
9967
10700
8522
6608
5060
4658
5098
5791
5260
4017
3580
3655
2878
1110
-1477
-3711
-4699
-4515
-3518
-1743
1082
1476
679
-828
-1406
-364
879
3134
5073
6337
6517
5828
4569
3697
2996
1446
-14
-140
-410
-130
-1153
-3001
-4339
-6626
-7161
-6843
-5096
-2803
-642
1526
5586
10412
11938
10054
5268
2158
1246
1483
3329
5259
6082
4854
2436
1502
826
-129
-2080
-3274
-2282
-1260
-6
3
886
580
-1131
-2918
-4133
-2776
-1198
451
200
124
678
166
-15
-1287
-1182
-1408
-2915
-2595
-3556
-3960
-5658
-7087
-6428
-7411
-6572
-7445
-7243
-5829
-5609
-5479
-6505
-4303
-3435
-3304
-4429
-6047
-4400
-4049
-2453
-1500
-560
860
585
2161
4689
8651
9635
6580
5239
3961
4516
4539
4273
6266
4937
3067
349
-523
195
-1366
-2499
-4140
-3261
-2774
-2629
-1275
-222
1331
182
-499
631
2214
4030
4563
5781
6205
5809
4803
3379
3816
2669
1291
-399
-1720
-1408
-2916
-3900
-4908
-5848
-6069
-6794
-5446
-2636
1587
7051
10136
10620
8678
6295
4587
4182
5600
6710
7681
7139
6431
5798
4107
2558
-51
-1900
-2575
-2304
-991
-407
144
-506
-1600
-2830
-4594
-5132
-5170
-4197
-2963
-1865
52
1618
1749
188
-1893
-2978
-2672
-1406
-650
-535
-1666
-4475
-6702
-7086
-6683
-5846
-6442
-9209
-9033
-7816
-6470
-3906
-3795
-4536
-5217
-7155
-7442
-5813
-4314
-1669
-1207
-966
819
1215
2744
5121
9011
12020
9645
6009
4259
4864
6036
5083
5242
4462
1829
-150
-1176
-162
-1116
-3803
-5770
-5882
-4023
-3150
-2906
-1732
-170
-84
-213
699
2331
3963
4765
5800
6899
7730
7606
6536
5781
4794
3131
770
-1005
-1229
-2563
-4001
-5347
-6975
-7268
-7388
-4303
1257
5567
7076
6226
5308
4776
4738
5624
8836
10695
10097
9225
7651
7181
5665
2502
729
-531
-503
-441
-494
343
-840
-3131
-5440
-6553
-6271
-6061
-5566
-4309
-2689
-1582
-1240
-1517
-1249
-738
-641
-1318
-1584
235
1154
-268
-2061
-4141
-5839
-6353
-6534
-6510
-6264
-5930
-7362
-8606
-6519
-4997
-6458
-7304
-6139
-5192
-4763
-5431
-4349
-2720
-3149
-3448
-4018
-2913
-187
3607
7885
8401
6486
7332
8206
7698
5912
5374
5601
2865
2551
3251
3636
1895
-2002
-4107
-4250
-3485
-3931
-4370
-2429
-668
-1584
-1800
-1011
808
1705
1984
3228
4638
5959
6311
6276
7114
7797
6254
4536
3638
3567
1782
-353
-1550
-3076
-4448
-5752
-5554
-2430
1725
3656
4425
4284
4051
3369
2547
3185
4381
5041
5891
6373
6899
7464
5684
3466
1975
1719
1498
1755
2304
2091
1116
-873
-2952
-5169
-6198
-6656
-6392
-4860
-3708
-3256
-3128
-3393
-2828
-2149
-1972
-2570
-3010
-753
1992
3503
894
-3143
-6701
-9315
-7546
-5541
-4066
-4449
-5910
-5567
-4639
-4387
-6048
-8112
-9384
-9810
-7673
-4258
-1957
-2352
-5904
-6338
-5878
-4339
-2868
-2871
-272
1398
5381
9850
14685
15976
10155
5281
2424
2814
4032
4759
6720
5920
3306
-248
-2941
-3175
-4362
-4794
-4653
-2601
-1496
-1864
-599
853
2279
664
-1028
-648
1778
5574
8150
9722
9581
7485
5279
3734
4447
4594
3403
2402
660
567
-75
99
331
-83
-229
-819
488
1842
2670
2304
1238
1129
1412
2826
4764
6057
6721
6018
5432
4972
4932
4842
3908
3573
2710
1469
-94
-1513
-2875
-4400
-6292
-7618
-7214
-5382
-3985
-3838
-3938
-5045
-5426
-5051
-3801
-1900
-912
-458
705
1565
1410
-136
-2851
-4999
-6595
-6794
-6156
-3405
-2950
-4905
-6952
-9096
-8780
-8663
-7583
-6547
-6417
-8042
-10399
-11311
-10261
-7581
-6188
-4910
-3161
-2558
-2515
-658
3508
9485
13990
16024
14772
12126
10439
8797
7931
6936
5813
3678
1605
780
325
-575
-2509
-5226
-6939
-7433
-6666
-5351
-3212
-450
1006
1402
720
961
1709
3967
6640
9411
11548
11444
10317
8325
7072
5361
3451
1982
1315
955
1074
1853
2479
1290
-1104
-3002
-3344
-1972
-1252
147
743
1333
1685
2590
4673
5318
5840
5685
6547
7494
7747
7700
6881
6007
4459
2931
1568
400
-993
-3454
-5326
-6166
-7053
-7815
-8879
-8833
-7973
-7424
-6437
-5061
-3903
-3756
-3346
-2806
-1193
1005
625
-405
-1727
-3496
-4066
-4768
-3862
-2582
-2221
-3703
-7621
-8983
-10101
-11138
-11446
-10210
-8834
-10295
-12561
-14394
-13712
-12101
-10029
-8767
-6699
-4651
-1715
5896
16108
23634
22635
16814
11307
9409
9966
11834
13338
13171
10149
5142
1876
-290
-2447
-6667
-9018
-8559
-6946
-5820
-5976
-4675
-3286
-3152
-3421
-2996
-740
2764
6303
10023
12705
13571
12220
10868
10666
10556
9285
7327
5612
3519
1384
-1778
-5003
-6995
-7497
-7034
-4889
-1872
-325
-572
-1526
-1768
-261
1751
3770
5899
7461
9582
9653
9668
9476
8417
7264
5653
6054
6243
6397
5310
3196
1441
-981
-3306
-5183
-6052
-6373
-7177
-7816
-8329
-8387
-8072
-8039
-6063
-3881
-2254
-1574
-1483
-967
-1086
-462
-497
-892
-1737
-3234
-4272
-5844
-6541
-7358
-7803
-6730
-7400
-7978
-8403
-9417
-10847
-12554
-11671
-10612
-9772
-10413
-12179
-12468
-12650
-11302
-9103
-5298
-2012
-1973
73
5585
14833
22034
22008
18385
13135
10048
8005
8595
11322
11115
8268
2969
436
-509
-2395
-4968
-7256
-6672
-6006
-5814
-5054
-3054
-973
-520
-724
-97
1918
4695
7506
10910
13383
13724
12580
11312
11485
11032
9479
6341
3291
1485
-869
-2811
-3951
-4129
-4384
-4675
-4405
-3890
-2458
-1974
-1981
-869
742
3288
4881
6918
9184
9938
9753
8358
7755
7492
7404
6909
7033
7737
7303
5329
1857
-1393
-4503
-6558
-7569
-7288
-6452
-6623
-7448
-8323
-8787
-8695
-8056
-6413
-4028
-1404
415
414
-74
-1585
-2336
-2736
-3341
-2906
-2349
-1961
-2996
-4541
-6513
-8897
-10150
-9199
-7267
-7300
-9025
-11239
-12930
-11902
-11876
-13267
-13606
-13972
-14186
-14465
-11706
-7563
-3790
-765
4374
14127
21727
23021
18479
14582
12709
9834
8869
10508
12774
11847
7610
4293
1904
-534
-6542
-11606
-11087
-8880
-6853
-6093
-3133
-535
-976
-3065
-3859
-843
3446
7192
11130
15516
17225
15354
12667
12312
12466
11250
8140
5916
4165
1387
-2114
-6104
-7181
-8348
-8516
-7947
-6241
-3643
-3273
-2580
-1868
186
2282
3750
6145
8670
10901
11483
11131
10740
9691
8852
7836
7877
8719
7396
4781
855
-1991
-4616
-7361
-8113
-7789
-6071
-5986
-6593
-7221
-8181
-8674
-9359
-6845
-2752
-750
101
-117
1052
1670
-25
-1962
-4049
-3460
-2731
-2758
-2797
-2647
-4398
-7390
-8808
-10343
-10426
-10603
-10026
-8981
-9750
-10469
-10634
-12208
-11784
-12731
-13599
-13291
-14355
-11257
-8311
-3496
-502
2857
10245
18783
23624
20348
15378
11384
9873
8793
10413
12836
12787
8428
3444
1377
21
-3577
-8563
-10319
-8663
-5750
-5240
-3053
-1212
36
-1373
-2763
-801
2276
6852
10150
13894
16201
15337
12344
10669
10021
10242
8324
5908
4304
1748
-1235
-5583
-8538
-9867
-9320
-8159
-4733
-1839
-110
-265
-1807
-1333
567
3442
6327
8853
10578
12190
11329
10881
9791
8745
8521
7314
7212
6337
5056
2743
-734
-3736
-6055
-7850
-7542
-6815
-5666
-5457
-6916
-7074
-7997
-7322
-5917
-4207
-2295
-1461
140
1018
1263
-695
-2813
-3615
-4117
-4504
-3708
-2556
-2533
-2672
-4942
-8796
-12307
-14376
-14482
-11570
-8663
-5535
-6644
-9527
-12273
-15240
-14382
-15532
-14899
-14010
-10948
-6940
-3046
1055
5888
13462
19505
21784
18769
15788
12847
11677
10988
11370
11221
9272
5292
2914
1663
-1184
-4559
-9951
-10492
-10636
-8493
-6085
-4187
-1219
-480
-896
-686
557
3128
6749
10327
14762
16315
16857
14364
12242
10124
7713
5470
4013
2957
252
-2300
-6447
-9249
-11471
-11008
-10091
-7167
-3630
-1541
-44
840
2050
3806
6261
8565
11558
12568
13898
13267
13216
13297
11387
9371
7568
6231
4841
3308
812
-744
-3506
-5642
-6937
-7265
-6330
-6418
-6739
-6910
-7113
-6363
-5642
-4906
-3426
-3012
-2536
-1185
769
1952
1132
-579
-2387
-3870
-3716
-3748
-4765
-6165
-8109
-10379
-11428
-11295
-10494
-10105
-10865
-11030
-11173
-10701
-11575
-11455
-10014
-9601
-9047
-10570
-11022
-9946
-9400
-6856
-4040
396
4883
10555
20238
25678
22880
15137
9908
7426
7432
8262
10040
11104
8210
4157
-212
-1413
-4958
-10413
-12491
-9746
-4840
-2243
-873
717
1143
-18
-1022
-499
4152
8266
11263
14114
15515
14434
10490
7266
6210
5873
4506
2665
1629
601
-1969
-5578
-8401
-8922
-8808
-6930
-3458
444
2447
2037
1486
1832
4619
7223
9908
11674
12754
13334
12885
13073
12609
10641
7943
5941
4675
3846
2106
-500
-2810
-5098
-6957
-7689
-7395
-6505
-6964
-8105
-8538
-8351
-7048
-5766
-4616
-3849
-3088
-1996
-872
368
58
-2254
-4154
-4670
-4740
-4510
-5315
-7080
-7766
-7537
-8692
-11578
-12337
-11243
-10245
-9854
-9819
-9873
-11309
-11887
-12010
-10851
-10481
-13108
-14469
-13386
-9102
-4019
816
6530
15308
24529
25453
19415
13631
11228
9975
9668
12204
14388
12682
7642
3233
1596
-162
-5937
-12333
-12937
-9790
-7283
-5602
-3231
-1132
-1377
-3645
-4677
-1810
3426
7978
11485
15379
17213
15717
12537
10187
9819
8699
6500
4829
4431
3437
-461
-4872
-7598
-8582
-8178
-6971
-4163
-1078
46
-251
-486
1113
3231
4570
6831
9574
12287
13603
13686
14139
13804
11429
8051
6967
6921
6306
4315
940
-1366
-4195
-6741
-8007
-8434
-7853
-9206
-10144
-9840
-9367
-8667
-8735
-6604
-4552
-3334
-2759
-3035
-1730
-1396
-1740
-1859
-1713
-1045
-1947
-2577
-4232
-6999
-8702
-9217
-7086
-8461
-11134
-12928
-13535
-11801
-12680
-12200
-12868
-14986
-17050
-18125
-14210
-11119
-9336
-7861
-5316
-179
5431
15694
25912
28278
23534
16669
13541
12524
12623
13611
14094
11869
7116
3188
1391
-874
-6526
-12039
-13697
-12403
-10623
-8575
-5669
-2436
-2094
-3346
-3787
-1254
3481
7653
13391
17226
18758
17507
15143
14339
12976
10849
7201
5255
4662
3008
79
-3940
-7716
-10778
-11699
-10310
-7029
-3083
-1031
-776
-840
337
2209
4317
7000
9759
12825
14460
14839
14676
14499
13233
11024
9424
8598
8137
5884
2681
-1235
-4226
-7077
-9388
-9630
-8900
-8708
-9673
-10375
-10921
-10041
-8995
-7623
-6044
-4154
-2654
-1768
-300
-135
-1404
-2014
-2578
-3089
-2844
-2929
-2887
-4273
-6078
-9455
-12077
-12817
-13077
-13648
-14574
-13820
-13563
-13877
-14510
-14767
-15469
-16615
-18136
-17383
-13429
-7611
-2648
1836
9643
21978
29874
26350
20296
15897
14460
12624
12716
16453
17647
13103
6432
3067
2351
-2452
-10398
-13931
-12765
-10025
-10044
-7839
-4829
-2877
-4535
-7615
-5978
-1441
3633
8492
15222
20255
20914
17768
15389
14827
14825
12431
9306
7574
6230
2262
-2553
-5697
-9160
-11446
-13497
-11833
-8065
-4839
-3293
-2573
-1145
1406
3242
5708
9297
11986
14436
15445
16519
16913
15916
12710
10911
10119
9599
7991
4485
1334
-2651
-6385
-9021
-10274
-10567
-11295
-11787
-10979
-10223
-9665
-10478
-9704
-7632
-5014
-2430
-826
767
1197
1202
233
-1135
-1631
-1860
-1014
699
-374
-4184
-8876
-12367
-13162
-10866
-11015
-12284
-13739
-16542
-16925
-16275
-15008
-15275
-17106
-17872
-16561
-14622
-11087
-7996
-3424
865
4857
14460
25804
29990
24906
19356
16391
13918
11628
12722
14374
14272
9259
3780
1525
-1004
-6370
-12694
-14010
-12853
-11244
-9666
-5512
-2322
-890
-3278
-5406
-2939
2138
7813
13172
18981
20813
20089
17314
16031
14601
12986
10197
7535
6001
3044
-1054
-5285
-8223
-11701
-13303
-13123
-10643
-7307
-3431
-1212
39
360
1389
3732
7294
11308
13176
15401
15115
15121
13793
12960
11906
10136
9683
8011
5987
2848
-1362
-5517
-8717
-11342
-11889
-11992
-10774
-10249
-9863
-9779
-10032
-8894
-7971
-6086
-3717
-571
879
1669
2177
1908
776
-1560
-3560
-3229
-2246
-2312
-3665
-5680
-7903
-12467
-14520
-14176
-12175
-10900
-12217
-14197
-16099
-17672
-20928
-21388
-19171
-16344
-13982
-11910
-7887
-2402
2088
4502
12342
24467
29098
24553
19744
18901
18352
15541
14070
13982
11836
6881
1030
560
1228
-3124
-10400
-13823
-12797
-12419
-11511
-8663
-4148
-1408
-2178
-4130
-2016
3071
7409
11446
16585
20633
20777
18909
17513
17048
14692
10675
6204
4795
3489
-970
-5793
-8796
-10081
-12195
-12959
-11231
-7852
-4793
-3576
-2326
213
3179
5663
7520
11153
13676
14750
14808
15002
16029
14159
12219
9865
10134
9497
6081
2736
-2007
-5434
-9069
-10981
-10622
-10379
-10210
-10977
-11166
-10320
-9571
-8246
-7258
-5409
-3666
-2237
149
1897
3584
3180
2192
-139
-2745
-3921
-5693
-5108
-4811
-5282
-6376
-9409
-11235
-12544
-14240
-16567
-19136
-18051
-16063
-13033
-10937
-11770
-12099
-16146
-18169
-18809
-16142
-8610
-2557
5279
16741
29719
31394
23058
15663
11621
10563
9413
11980
16376
15909
11898
4683
1996
-853
-8286
-13674
-14933
-10000
-8230
-6166
-3511
-1539
-1117
-5402
-7631
-5016
1567
7401
12947
18518
20927
18514
14843
12706
13165
12182
9932
8045
8042
7155
797
-4922
-9801
-12634
-14651
-14113
-9968
-5785
-2567
-2193
-2128
-231
897
2750
5494
9545
13806
14845
15546
14729
13635
11624
9766
8762
8731
9088
6621
4245
318
-4298
-7995
-11336
-11819
-11095
-10155
-8920
-8699
-8712
-9115
-8800
-7953
-6036
-3578
-1964
866
3241
3570
2203
-225
-1198
-1973
-3087
-3680
-3535
-3990
-5937
-8030
-10950
-11468
-12928
-14759
-14552
-14104
-12959
-13015
-13832
-14354
-14101
-14704
-16021
-16296
-14371
-10351
-4848
546
8054
18031
26873
27067
20884
16752
14128
13072
12882
15661
17019
13940
8221
2445
344
-1887
-8245
-12838
-13208
-11085
-9492
-8379
-5123
-3590
-3544
-5649
-5627
-1854
3914
8789
13161
18125
19764
18552
16159
15410
14862
13313
10664
8062
6453
3480
-2340
-7034
-10033
-11894
-12880
-12216
-9075
-6173
-3838
-3419
-2506
-562
1665
4203
6889
10792
13699
14582
15063
14333
13157
11374
9798
9765
10409
9911
6784
3333
-833
-4865
-8673
-11425
-11574
-11143
-10524
-9425
-9383
-9173
-9613
-9644
-7858
-5354
-2648
-727
1677
2683
3339
2454
286
-1322
-2337
-3395
-4526
-5501
-6409
-7152
-8336
-9464
-10246
-10751
-13354
-14541
-14989
-14640
-13670
-13114
-13089
-14780
-15931
-16333
-15048
-11711
-7004
-1930
2901
9096
19358
25770
24564
19632
15636
13836
12529
12788
14742
15171
11068
5300
844
-741
-4627
-9847
-12915
-11958
-9960
-9425
-7643
-5158
-3213
-3930
-5504
-4615
243
5040
9908
14494
18302
19120
16888
16052
16029
15466
13051
10171
7971
6100
1767
-3247
-6071
-7827
-10261
-11731
-10549
-7653
-5238
-4688
-3556
-1520
460
2371
4449
7797
11188
12354
12955
13197
12690
10718
8903
8349
9587
10767
8953
6003
2303
-1356
-5615
-8868
-10277
-10416
-10392
-10256
-9512
-9328
-9563
-10400
-9751
-7468
-5166
-3464
-1781
58
1807
2455
1957
1158
50
-1587
-3082
-3588
-4318
-4853
-6140
-8124
-9592
-11095
-12750
-13338
-13348
-13629
-14300
-16055
-17546
-18479
-18733
-18329
-16717
-13248
-8358
-4137
3054
14292
23296
25025
20492
17195
15529
15507
15807
17611
19547
17005
11183
5854
3706
130
-6271
-11796
-12772
-11618
-10854
-10474
-8448
-6139
-6295
-8223
-8483
-4469
525
5189
10281
15894
18868
18918
17948
18105
18152
16695
13865
11703
10974
7992
2200
-2653
-5743
-9015
-11116
-12220
-10911
-9108
-8199
-8085
-5933
-2327
278
2320
4224
7373
9300
10993
12808
13862
13542
12222
10374
10352
11376
11148
9452
6742
3417
-397
-4352
-7992
-9904
-10937
-11351
-11607
-11185
-10600
-10438
-10925
-10126
-8316
-5928
-4444
-2917
-215
2065
2421
576
291
237
862
272
-908
-2263
-4233
-6361
-8505
-9446
-10118
-11892
-13358
-14167
-15143
-15690
-16915
-17920
-19385
-19848
-20704
-18444
-14137
-9032
-2800
6376
18916
24617
23226
19265
17045
15943
15414
16390
19510
20183
17044
11545
7856
4818
-2212
-9398
-13623
-13416
-13080
-12466
-10902
-8109
-7168
-8775
-10713
-9225
-4693
111
6216
12856
17932
19380
18823
18107
18509
17556
16447
14618
14362
12890
8177
1982
-4796
-8539
-11306
-12514
-12376
-10633
-9510
-8889
-8218
-6911
-3477
-898
848
4151
7738
11304
13689
14574
15246
14340
12395
10590
10325
10802
11526
10303
7733
4700
229
-4083
-7079
-9329
-10460
-11236
-11797
-11242
-10918
-10384
-10529
-10345
-9177
-6915
-4497
-1761
1143
2710
2787
1852
1483
1670
938
-499
-2028
-3940
-4884
-5684
-6704
-8084
-10442
-14157
-15569
-15344
-15024
-14536
-16129
-17216
-18362
-19923
-19936
-17726
-13181
-8148
-3996
4419
16837
24134
22567
18707
16748
15633
14777
15492
19174
20889
17559
10876
6784
4250
-1398
-8602
-12520
-11892
-11448
-11348
-9854
-7422
-5723
-7207
-10058
-8776
-3895
1564
6731
12300
17161
18176
17077
16718
17419
17916
16037
13288
12579
12222
8707
2457
-3712
-8412
-11564
-13001
-11908
-10153
-9150
-9598
-9753
-7649
-4044
-644
1473
4851
8621
11800
14054
14683
14815
13701
11360
9576
9717
10864
11519
10591
7894
4726
538
-3939
-6843
-8489
-9367
-10329
-11439
-11224
-10599
-10579
-11238
-11625
-10180
-7863
-5106
-2166
1211
3105
3246
1887
738
535
-981
-1661
-2402
-2797
-4078
-6941
-8319
-8668
-9304
-11066
-13105
-14019
-14952
-15041
-14779
-15128
-15243
-17122
-18238
-17378
-14747
-10893
-7330
-1966
8952
21220
24575
20311
16383
14509
14143
14057
16444
19700
17375
12460
7091
5909
3407
-4292
-10746
-12856
-10859
-10777
-9921
-7842
-5415
-5156
-7527
-8668
-5897
-426
3792
8718
14565
17964
17378
16172
16302
17374
16199
13394
11621
11698
10337
4763
-1170
-5941
-9473
-11825
-11687
-9506
-8082
-8267
-8711
-7305
-4124
-1374
838
3016
6810
10064
11923
14026
14562
14189
12267
10179
9685
10358
10838
10309
8614
5936
2366
-2117
-5487
-7178
-8490
-9841
-10992
-11475
-10866
-10762
-11180
-11048
-9905
-7790
-5129
-2288
-157
730
853
424
1360
1804
635
-391
-2669
-3982
-5619
-7475
-7203
-7087
-8160
-9444
-11515
-12950
-12993
-13754
-13950
-14025
-16424
-18778
-18305
-15679
-10721
-7290
-5063
-1832
5835
16736
20196
18548
16162
13862
12924
12534
15159
17687
15813
11012
5499
4236
2459
-3437
-8345
-10111
-9451
-9681
-9437
-7406
-4990
-4421
-6095
-7532
-5309
-748
3148
7895
12883
15513
15331
14200
14561
15591
15289
12916
10209
10150
8540
4491
-84
-4131
-7124
-9257
-9419
-8092
-6139
-5882
-6176
-5463
-3089
-768
592
2204
4786
7752
10067
12117
12889
12926
11425
9259
8367
8400
8964
8799
7601
5816
2648
-1150
-4718
-6560
-7231
-8919
-9882
-10684
-10144
-9348
-9651
-9106
-8303
-6849
-5494
-3472
-816
855
1135
523
825
1253
-297
-1753
-2359
-3159
-4378
-6511
-7713
-8730
-9876
-12973
-14140
-13425
-13733
-11956
-12514
-13302
-15701
-17971
-16861
-15211
-11023
-7608
-4168
3805
15199
21929
19164
14796
11252
9461
10725
12798
17820
18318
15058
9455
5166
4210
-2091
-7836
-10492
-9020
-7566
-7321
-5551
-4373
-3994
-6114
-9422
-8797
-4186
827
6496
12134
15768
14796
13274
12255
13034
13848
12783
11915
10894
11191
8026
2689
-2673
-7516
-10425
-11123
-8003
-4877
-4178
-4553
-6178
-5551
-2802
-900
1186
3526
6307
8508
10864
12561
13336
12206
9646
8627
7825
8628
9633
9170
8470
5723
1391
-2596
-5044
-6204
-6788
-7306
-8134
-8654
-8947
-9128
-9103
-9137
-8643
-7254
-4716
-1052
538
682
-264
-696
-160
-254
-388
-993
-1147
-2547
-4389
-6337
-7630
-7905
-8102
-9616
-10571
-11769
-14054
-14499
-14486
-14537
-15998
-17590
-18498
-14995
-10224
-6677
-3963
-2515
752
7245
16270
20829
19542
16047
14137
13353
13661
14763
15181
12166
7840
3551
1219
620
-3600
-6917
-8982
-8623
-9191
-9479
-7582
-5799
-4358
-4733
-4894
-3357
733
4806
8928
12696
14768
13993
13834
14590
15374
14977
12439
9554
6611
4877
1196
-2554
-5337
-6833
-8211
-8710
-7245
-6664
-5866
-5331
-4970
-2537
416
2647
4781
6718
9012
9660
10836
11480
11787
11279
9951
9492
8679
9326
7884
5686
3392
438
-2315
-4354
-5220
-6023
-7205
-8612
-9559
-9713
-9051
-8998
-8619
-7226
-5365
-4077
-2807
-1851
-875
-791
-704
227
1060
1180
-1351
-3866
-5194
-5196
-5100
-5289
-5780
-6877
-8195
-9819
-10847
-11875
-14168
-16224
-17285
-16067
-15694
-16821
-14629
-12120
-8193
-5308
-4231
-111
8924
18929
21477
19022
17076
14117
12217
12051
13726
15350
11768
7356
3432
3908
2162
-4353
-9129
-10581
-9298
-9772
-8119
-5963
-3982
-3910
-5734
-6041
-3165
719
3965
8731
13976
16223
15278
14907
15036
15291
13669
11370
8890
7981
5632
1279
-2534
-5321
-6900
-9162
-9044
-7887
-6797
-5596
-4580
-3732
-1246
581
2092
4135
6927
9449
10301
11648
12137
12192
10684
9845
9183
9588
9595
7850
5797
3150
544
-2979
-4970
-6153
-6887
-7454
-8195
-8649
-8669
-8751
-8831
-8471
-6864
-4834
-3149
-2353
-2003
-1287
-1357
-407
-517
-853
-1414
-2496
-3033
-4380
-4889
-5758
-7172
-7451
-7905
-8544
-9633
-10420
-11600
-13894
-14866
-15972
-15338
-15352
-16559
-15577
-12636
-8442
-6288
-4485
200
9343
18810
20497
17606
15218
12977
12050
11216
13618
14863
11581
7316
3927
4305
2146
-2982
-7633
-8691
-7770
-8629
-7817
-5259
-3427
-3293
-4925
-5329
-2880
351
3989
8169
13058
14907
14137
13723
14440
15075
13339
10670
8054
6962
5412
1510
-2508
-5317
-7540
-8673
-7673
-5932
-5334
-4987
-5138
-4496
-1882
247
2561
4178
6465
8620
9771
11293
11583
11652
10601
9967
9812
9736
9680
7707
5406
2896
-45
-2533
-4318
-5480
-6244
-7875
-8779
-9483
-9517
-8996
-8730
-7546
-6030
-3657
-2632
-1133
-666
-1475
-1311
-1663
-2641
-2719
-2317
-2967
-2546
-2785
-4783
-6887
-8211
-9452
-9385
-9467
-9628
-10041
-10955
-11916
-13330
-14237
-15468
-15072
-14734
-12485
-10183
-7988
-5164
-3481
-630
6180
16709
21555
19615
16263
13530
12195
11644
11407
12910
11405
7814
3482
1996
2992
-865
-5088
-8330
-8411
-8692
-8563
-6484
-3697
-1374
-1914
-2871
-2421
449
3498
7017
11198
14535
14590
13925
13702
13931
12311
9261
6051
4000
3822
722
-2116
-5138
-6579
-7468
-7306
-5866
-5502
-4099
-4052
-3618
-1856
319
3239
4783
6372
9035
9820
11075
11346
11577
11215
10220
9669
8521
8878
7218
5360
2700
-467
-2898
-5228
-6071
-6435
-7324
-8112
-9053
-9501
-8664
-8146
-6732
-5285
-3523
-2739
-1938
-1280
-1158
-624
-1469
-1904
-2377
-2888
-3575
-4157
-4838
-6053
-7119
-7825
-8855
-9754
-10540
-10991
-10714
-11680
-13115
-14457
-14605
-15375
-17003
-16195
-13679
-10306
-7147
-4734
-1475
5043
14708
20540
20235
17708
14013
11514
11123
12846
14917
13919
10377
5595
2947
1822
-1853
-5682
-7801
-8179
-8592
-8318
-6276
-4248
-2356
-2795
-3752
-2972
-626
2843
6872
11523
14618
14735
14278
14024
14004
13414
11301
8802
6465
5298
2165
-1864
-5145
-7431
-8347
-8000
-6111
-5398
-4668
-4107
-4334
-2689
-308
1564
4144
5534
8028
9811
10998
12349
11703
11458
10007
9391
8862
9175
9209
7317
5141
1618
-1938
-4649
-6695
-7670
-8097
-8633
-8432
-8732
-8124
-8474
-8303
-7104
-5944
-3873
-2577
-220
199
-707
-1223
-1726
-1766
-2712
-4143
-4302
-4053
-4309
-5322
-5714
-6560
-9455
-11267
-13069
-12557
-12355
-12644
-11982
-13331
-14454
-16498
-16454
-13615
-10763
-8440
-6821
-4429
-785
6532
17484
22992
20908
16305
12013
10746
11100
13047
14560
13309
9430
4123
1670
993
-1742
-5346
-7446
-7961
-8306
-8061
-5934
-3434
-1675
-2135
-3711
-3130
415
4444
8311
12513
14580
14309
13155
13031
13369
12506
10364
7473
5717
4697
1455
-2553
-5446
-7523
-8508
-7336
-4712
-3926
-3370
-3536
-3780
-1494
161
2601
4951
6176
8428
9163
10906
11865
11297
10591
9181
9081
8177
8776
8261
6775
4941
742
-2275
-5043
-6696
-7412
-8554
-8605
-8880
-9182
-8509
-8792
-7876
-7190
-6271
-4644
-2981
-873
-439
-257
-1399
-2291
-2459
-2741
-3148
-3574
-4268
-5519
-5984
-6108
-7404
-8847
-10854
-12725
-12876
-13259
-11961
-12290
-13577
-14570
-16554
-16475
-14117
-11816
-8995
-6304
-3843
2038
11484
21455
22490
19095
14997
11167
10446
10918
14012
15127
12954
8209
3600
1922
-181
-4728
-7217
-7693
-7202
-7186
-6252
-3547
-1906
-1346
-3654
-4650
-2887
1017
5045
9393
13565
14530
13379
12532
12720
13079
12243
9932
7560
5839
4068
-610
-4079
-7041
-9458
-9180
-6282
-3328
-3364
-3482
-4418
-3683
-683
1275
3946
6566
7696
9802
10800
12418
12283
10372
9116
8205
8814
8965
9928
8729
6893
3705
-875
-3485
-5564
-6986
-7027
-7830
-8289
-8194
-8469
-7850
-8490
-8217
-7594
-5389
-2720
-889
681
666
-459
-2698
-4358
-3369
-1887
-2030
-2482
-4853
-5977
-6844
-7469
-7365
-9005
-11068
-12797
-13349
-12739
-11903
-12367
-13538
-15695
-17851
-17691
-14660
-11037
-6749
-4116
-1958
1120
6767
16571
20764
19693
15914
12185
11875
12468
14437
15130
12662
8605
3200
1367
1170
-1506
-4306
-6930
-7292
-7633
-7332
-5379
-3453
-1815
-2234
-3876
-3333
-59
4048
8761
12282
13901
13410
12455
12770
13067
12598
10480
7181
5017
2979
190
-2978
-6341
-9121
-11019
-9909
-7147
-4891
-3806
-3596
-3011
-1754
1312
4384
6936
9166
10226
11334
11936
12696
11705
9918
9043
7541
7879
7882
7376
6255
3344
544
-2843
-5415
-6327
-7203
-7324
-7120
-7315
-7715
-7640
-7613
-7580
-5741
-4233
-1888
-293
15
-208
-1048
-511
-1642
-2291
-2034
-2786
-3373
-4923
-5756
-7233
-9020
-8305
-9151
-9405
-10477
-12157
-12145
-12842
-12476
-13151
-13884
-15217
-15742
-13488
-10723
-8000
-6546
-4975
-3009
-1452
2145
8695
18087
23014
20008
16457
12978
11611
9831
9226
10877
9402
6934
3339
2630
3394
-80
-5114
-8514
-8497
-7361
-6524
-3462
-350
1244
49
-2227
-1144
2086
5299
8174
11546
13966
14323
13183
12333
11653
9469
5732
1851
198
276
-1285
-4022
-6658
-9767
-11543
-10508
-6169
-2486
-868
-119
-488
1264
4384
6468
8923
10364
10700
11341
11961
12671
11868
9888
8030
6789
5735
5325
4695
3549
2329
-875
-3997
-5884
-6798
-6898
-6786
-6551
-6519
-6719
-5960
-4709
-3714
-2909
-2811
-1806
-911
-400
-647
-1597
-2381
-3987
-5006
-4926
-3650
-2747
-4717
-7969
-10002
-11197
-10562
-9130
-9101
-8699
-9451
-11744
-12360
-12441
-12543
-12463
-12963
-11532
-9902
-8907
-7444
-5723
-3299
-2170
-1467
-253
2258
8789
17438
21793
19426
14433
9885
7066
6084
6759
9131
9134
7445
4917
2818
1980
-2458
-6529
-7943
-6909
-4948
-4195
-1533
926
1854
1624
-59
508
2889
5502
8503
11214
13521
12401
10142
8216
6078
4539
1964
376
108
82
-1333
-4469
-7008
-8698
-8799
-7012
-3319
-81
967
1978
2372
3777
6657
8323
9853
10954
11388
11908
11762
11793
10587
8277
6395
4374
3597
2929
2111
1212
-492
-2426
-4329
-5525
-5471
-5467
-5576
-5006
-4549
-3740
-2840
-2309
-2522
-2718
-2761
-2085
-1201
-1305
-1872
-3371
-4354
-4351
-4723
-4174
-4214
-6597
-8932
-10586
-10625
-10243
-8812
-7695
-7894
-8733
-11196
-11781
-11576
-11207
-11294
-11143
-9573
-8956
-7924
-7045
-6268
-4052
-3319
-3337
-2282
-674
4537
13323
20354
20086
15451
10729
7061
6472
7109
9309
10104
8237
5711
3216
2697
149
-3810
-6826
-7357
-6035
-4983
-2165
678
2701
2663
589
-253
1262
4108
6840
9508
11470
10803
8982
7531
6624
5200
2832
628
-1044
-465
-661
-2577
-4695
-7427
-8932
-7034
-3199
-290
1435
2293
2578
3756
5449
7763
10194
10572
10992
10670
11351
11550
10151
8474
6117
4161
1687
1274
1082
1081
539
-1501
-3316
-4494
-4634
-4377
-3735
-3570
-3824
-3645
-2868
-1962
-1513
-2656
-3218
-3271
-2120
-987
-1519
-2756
-4865
-6163
-7363
-6111
-4458
-5198
-6730
-9457
-10280
-9652
-9846
-9080
-8976
-8806
-9782
-12097
-12506
-10679
-8691
-8714
-7392
-7961
-8180
-7191
-6732
-3702
-1942
-1593
-2342
-1822
2021
10064
18556
19725
16090
11893
8387
6878
6259
7911
9369
7587
5278
3216
3403
1480
-2813
-6485
-7830
-5853
-4964
-2272
1107
3351
3609
1236
382
1163
3221
5417
7319
9394
9716
8272
6644
6148
5550
3038
377
-1882
-1620
-1021
-2108
-3566
-6044
-7285
-6282
-1984
741
1546
2347
1344
3377
6095
7868
10747
10847
10401
10693
10372
10987
9605
6763
4495
2999
1725
1368
1172
665
515
-1562
-3166
-4113
-3745
-3070
-2611
-1988
-3103
-3538
-3540
-2659
-1303
-1722
-2495
-3058
-3259
-2111
-1997
-2775
-3951
-6312
-8469
-8438
-7115
-6447
-6279
-8661
-10923
-11765
-11056
-9762
-8652
-7167
-8500
-8885
-8870
-8538
-6160
-6623
-7160
-7076
-8156
-6745
-4894
-3128
-991
-686
-642
-153
2345
9408
16612
17218
14175
9844
7257
6692
5980
7819
7941
6782
3918
840
1449
58
-2674
-5197
-6432
-4294
-3380
-1590
1171
2127
2579
239
-1121
402
3126
5570
7508
8744
8246
6915
5562
5342
4677
3259
759
-735
-327
-448
-1253
-2915
-5074
-5517
-4344
-858
2127
3021
4198
3064
3551
5282
7215
9894
10689
10964
10771
10005
8838
6945
4404
2978
1971
1234
1659
1978
2102
1191
-1094
-2591
-3412
-2926
-2005
-1875
-1651
-2762
-3563
-3010
-2230
-1401
-1885
-2549
-2340
-2384
-2402
-3331
-4415
-5600
-7066
-7575
-7283
-7018
-7563
-9287
-10131
-10274
-10990
-10363
-10358
-8990
-7274
-8034
-7931
-8021
-8718
-6930
-5471
-4929
-4754
-6078
-6481
-5417
-3666
-2771
-2301
-1919
-698
3067
11482
16977
15973
11830
7147
5252
4061
5025
6922
7982
7056
4164
1702
1864
-44
-3100
-4989
-5075
-3223
-2880
-596
1587
3452
3111
404
-1300
302
3179
5535
7873
9190
8624
6211
4905
4386
4390
3349
1370
14
1157
781
-600
-2355
-4463
-4526
-2792
341
2018
3648
3656
3285
3939
5309
7128
8772
8613
8578
8764
8460
7941
5666
3891
2314
1664
1077
2300
3234
3255
2334
-246
-1469
-2336
-2697
-2124
-1474
-1463
-1956
-3347
-3286
-2814
-2325
-2484
-3063
-3028
-3606
-3407
-3867
-4443
-5607
-7183
-8295
-8986
-7770
-6980
-7563
-9129
-11034
-11281
-11239
-10198
-7776
-6173
-5496
-5723
-6076
-6020
-5472
-6230
-6566
-5832
-6421
-5859
-4967
-3920
-2477
-2462
-3053
-2529
-560
4238
11331
16100
15194
11269
8125
5103
5237
5497
6276
6918
5376
4551
3504
3646
1620
-1727
-4515
-4771
-3587
-1793
944
2929
3912
2432
179
-1134
78
2292
4329
5935
7197
6842
6161
5274
4787
3959
2366
1269
525
1655
1489
-82
-2466
-4094
-4678
-3524
-1433
1666
4090
3649
3403
3557
4635
6699
6890
6956
7981
6622
6251
5413
5409
4758
3141
2043
1759
3314
3138
3436
2259
1357
529
-1190
-1693
-1331
-1174
-1379
-2197
-2879
-3351
-3704
-3687
-4202
-3749
-4781
-4526
-3881
-3434
-3451
-6156
-7900
-9510
-10109
-8921
-7769
-6717
-7336
-8557
-9473
-9846
-8345
-7338
-4999
-3311
-3796
-5146
-6475
-5757
-4838
-3891
-4528
-4839
-5331
-6688
-5114
-3552
-1681
-1543
-3819
-3106
-1160
2985
9179
13855
14501
10661
6512
4062
4203
5621
6700
7715
6845
5280
3916
3298
2852
745
-1343
-2272
-1356
-338
1281
2610
2996
2295
89
-1333
-691
949
2381
3734
4457
5270
5059
5208
4894
4616
3447
1766
1438
1428
1904
797
-757
-2538
-2878
-1257
1034
1916
2152
2212
1565
1980
2925
4303
6127
6157
5735
6104
5803
5485
4167
3528
3438
3735
3482
3636
3932
3439
2794
1289
510
357
-399
-805
-720
-1360
-1707
-3667
-4554
-4960
-4983
-5050
-5991
-5719
-5052
-4266
-4264
-5549
-7371
-8748
-9515
-8485
-6894
-4599
-4936
-4706
-5812
-7037
-6397
-7459
-6298
-5333
-3566
-2699
-3296
-3587
-3898
-4030
-4257
-5001
-5174
-5440
-4304
-6287
-7251
-5789
-6009
-3948
-4641
-3188
-1479
135
3054
7942
12705
12411
8549
5715
5641
6190
6929
7476
8723
7339
6228
4045
4289
4010
1823
-474
-1497
-182
-579
157
430
1379
595
-1645
-3461
-2868
-710
1792
3260
5114
5870
5330
4779
4542
5285
3877
3530
1817
2669
2652
1244
-348
-2524
-2422
-1587
57
365
1050
893
680
1867
2915
4355
5586
4103
4682
4968
5514
6333
5017
4799
4118
3947
3629
4546
4940
4621
3311
830
-94
-225
-710
-406
-887
-1544
-2322
-4475
-5200
-5811
-5608
-5798
-5955
-5242
-4755
-4493
-5232
-6152
-7087
-8202
-8044
-7052
-4774
-3174
-3325
-4238
-5882
-5141
-5023
-4484
-3611
-4036
-3196
-2110
-2305
-2656
-2955
-5607
-8255
-8236
-7981
-7106
-6303
-8067
-8507
-8050
-6801
-5054
-3481
-1292
335
1621
5511
11556
14795
13648
10264
7982
6886
7559
7878
9737
10835
8726
5524
3190
3217
1534
-248
-1909
-2240
-2348
-2879
-2465
-1383
-212
-1146
-3257
-3107
-1211
585
2967
4677
6262
6335
5773
5388
5749
5824
4265
2608
1909
1695
865
-1040
-3076
-4108
-5090
-3358
-949
1333
2056
1431
838
815
2305
3745
5302
6430
6963
6892
7152
6633
6392
5105
4370
3647
3187
3873
3619
3641
2603
1252
47
-703
-947
-969
-1611
-1713
-2921
-3656
-4499
-5328
-5813
-7151
-7212
-7455
-6344
-5587
-4897
-4416
-5463
-6480
-6926
-7001
-4897
-3186
-1817
-1247
-2520
-3197
-3785
-3525
-3572
-2583
-3039
-4196
-4662
-5782
-6010
-6440
-8013
-7974
-7813
-6735
-6029
-7221
-6926
-7133
-5848
-4775
-2832
-522
749
3216
5059
8455
13024
14040
12664
9925
8521
7871
7337
7868
8054
8164
5084
2446
726
1009
262
-1725
-2455
-2832
-2803
-3541
-2912
-1394
-375
-564
-1068
-1133
1019
1510
2685
3731
4982
5654
4743
5347
5409
5418
3458
1545
761
500
-561
-1545
-2922
-3291
-4410
-3226
-82
1954
2662
1396
1830
2386
4818
6290
7484
8406
7415
6357
6188
5582
5376
3489
2487
2914
2789
3467
2606
2815
1599
924
-422
-778
-343
-778
-1396
-2567
-3402
-4278
-5332
-6521
-6730
-7184
-6769
-6641
-5180
-3920
-2747
-3098
-4219
-4782
-5298
-4254
-2744
-1515
-1733
-2421
-3213
-4094
-4664
-4095
-4347
-3681
-3009
-3171
-3976
-5044
-6886
-7893
-7700
-7539
-6420
-6191
-5409
-4926
-4904
-5132
-5225
-4894
-3336
-2201
-590
1293
3808
6497
10110
13028
11682
9363
6143
5087
5374
6614
7150
7238
6270
4454
2774
1765
935
-1137
-2402
-2888
-2546
-2581
-1832
-1719
-895
-938
-1505
-2274
-1733
-70
1388
3871
5076
6123
5903
5423
4925
4450
3859
3026
2204
2256
1236
119
-2002
-3878
-4351
-4213
-1676
351
3094
3499
3721
3383
2639
3916
4226
5155
6122
6018
6617
6230
5492
4709
3157
2617
1828
2748
2826
3612
3394
1811
1084
-1540
-2777
-3684
-4249
-3379
-3202
-3080
-3378
-4445
-5037
-6273
-5920
-5680
-4507
-3241
-2381
-569
-739
-974
-2737
-4098
-4000
-3454
-2376
-1203
-1525
-3499
-4188
-3611
-3353
-2730
-4048
-5085
-4606
-4932
-3701
-4107
-4189
-5736
-7481
-7314
-7028
-5540
-4783
-3055
-2659
-3513
-4008
-5310
-4611
-2628
-1614
279
2260
4870
7138
9841
11188
9253
6799
4020
3909
4880
6272
7179
6360
5170
3065
807
-349
-1638
-2926
-3601
-2999
-1851
-1004
70
-179
-538
-1517
-1905
-1465
225
2908
4627
5933
6404
6094
5311
4585
4115
3562
2800
2039
1006
670
-627
-2207
-3800
-4786
-3987
-2572
-56
2715
4225
3582
3123
2568
3066
4791
5305
6604
7035
6515
6304
5067
4748
3166
1562
867
576
1489
1290
1429
303
-1341
-2853
-4579
-4508
-3596
-2664
-1515
-1468
-1396
-2025
-2783
-2990
-3190
-2504
-2599
-1722
-1236
-386
-205
-739
-1482
-3201
-4051
-4336
-3149
-1387
-951
-1500
-2897
-4048
-3618
-3931
-3341
-3738
-3687
-3557
-3616
-2936
-3759
-4631
-7144
-7731
-6802
-6160
-4828
-4177
-4158
-4272
-5291
-4979
-4341
-3271
-2743
-2084
48
1656
4348
5774
8605
9117
7296
5401
3953
4724
5184
5895
5934
5288
3831
1946
1012
1252
325
-592
-2032
-1949
-1112
-1114
-412
-422
364
196
223
919
2154
3430
3784
4288
4571
4418
4124
3516
3369
3134
1751
850
-117
-625
-1377
-2583
-3492
-3930
-3401
-1966
110
1791
3545
3762
3095
2880
2652
3591
4718
5354
6094
6082
5398
4387
2781
1919
631
-446
-781
-753
161
138
58
-823
-1811
-2413
-3048
-2549
-1498
-374
739
1201
1522
1556
345
-445
-1397
-1378
-1082
-762
116
414
292
-822
-2052
-2890
-3382
-3644
-3039
-2095
-837
-761
-1895
-3170
-3870
-4654
-5201
-4878
-4942
-4084
-3603
-2706
-2251
-3396
-5644
-7261
-8158
-7869
-6251
-5395
-4283
-4048
-4232
-4349
-4371
-4835
-4210
-3641
-2062
51
1385
4025
4636
5798
6836
6857
6386
4859
4773
5034
5027
5549
4894
4404
3557
1578
1357
839
832
578
-216
-13
-98
-286
-145
-41
578
1331
1488
1999
2314
2751
2702
2702
2988
2789
2663
2430
1634
1618
940
-306
-742
-1887
-1902
-2415
-2737
-2116
-1738
-272
550
1192
2892
3281
3116
2987
2704
3819
4195
4171
4391
3764
3058
1747
457
345
-118
-501
-759
-403
391
391
750
274
85
177
-409
234
1002
1533
2461
2477
3006
3242
2621
2308
1383
939
546
-92
-274
-277
-652
-1316
-2381
-3064
-3783
-4819
-5030
-4950
-4049
-3698
-3927
-3433
-3334
-3450
-4351
-5856
-5305
-4869
-4640
-4016
-4203
-3370
-4229
-5450
-6015
-6945
-6896
-7146
-6038
-4064
-2851
-2866
-3785
-4105
-4022
-4127
-3405
-1757
-45
1731
2880
4219
5577
6135
5783
5213
4582
4755
4894
4944
5483
5003
4547
3195
2463
2192
1821
1912
1557
1841
1972
1519
1318
656
505
355
-395
72
-10
755
1181
979
1284
648
460
472
729
1510
1654
1149
530
-362
-761
-1531
-1895
-2216
-2403
-2240
-1732
43
1674
2533
2802
3407
3149
2675
2204
2216
3028
3439
3373
3361
3061
2126
1340
698
1378
1769
1858
2612
3581
4280
4434
4127
3518
3476
3085
2875
3074
3153
3051
2709
2184
2079
1607
597
-170
-1094
-1526
-2382
-2726
-3011
-3285
-3764
-5143
-5404
-5824
-5998
-5951
-6127
-5277
-4552
-4013
-2169
-1536
-1603
-3446
-6065
-5856
-5730
-4628
-3543
-3056
-2671
-3467
-5453
-6630
-7541
-7978
-7194
-6130
-4188
-3730
-3536
-3010
-2575
-2737
-3369
-3803
-1950
479
3144
5815
6618
7233
5773
5308
5304
5141
5064
4653
5431
6279
5995
4762
2897
1066
-201
-1070
-652
-162
479
220
-130
-517
-969
-1024
-1164
-734
-44
529
718
1077
1195
1425
1334
1090
890
841
624
650
464
51
-717
-1985
-2594
-2980
-2583
-2700
-2633
-2252
-1517
-145
658
1460
2528
3430
4608
5434
6008
6893
6621
6601
6384
6435
6705
5878
5375
4460
3787
3279
2246
2066
1918
1791
1929
1509
1491
1283
695
517
216
329
414
248
390
440
500
175
-262
-717
-1337
-1935
-2541
-2926
-3292
-3900
-4536
-5241
-5815
-6090
-6416
-6447
-6069
-5449
-4917
-3988
-3400
-2744
-2634
-3690
-4195
-4853
-4307
-3615
-3630
-2808
-2701
-2825
-3031
-3950
-3713
-3744
-3786
-3290
-2734
-1516
-1301
-750
-545
-824
-1189
-1936
-1362
-60
1280
2684
3771
4518
4667
4148
3740
3429
3197
2721
3211
3619
3741
3311
1802
851
-296
-602
-764
-575
-120
-310
-634
-1099
-1365
-1391
-1452
-1178
-600
-54
782
892
1338
1400
1078
909
484
632
853
932
949
845
535
65
-632
-974
-1202
-793
-483
79
848
1647
2936
3885
5353
6051
6317
6838
6867
7117
6957
6071
6061
5295
4948
4668
3659
3358
2015
1297
917
962
930
592
478
197
115
-210
-327
-102
-189
-531
-624
-917
-635
-776
-1030
-1124
-1466
-1635
-1697
-1787
-1953
-1991
-2652
-3084
-3712
-4409
-4742
-5163
-5312
-5053
-5150
-4882
-4391
-4341
-3568
-3327
-2749
-1637
-1663
-1477
-1314
-904
-165
-985
-1701
-2379
-2681
-2703
-3453
-3267
-3377
-3372
-3195
-3267
-2773
-3212
-3929
-3913
-3343
-1906
-1604
-2057
-2149
-1806
-821
5
1041
1697
2111
2363
2562
2942
2928
2324
1510
1058
1039
1179
921
794
770
118
-319
-762
-1148
-648
-447
246
1081
1650
1998
1588
1385
1308
1482
1844
2436
3226
3853
3954
3611
2768
1978
1340
1025
1460
2000
2353
2096
1448
741
398
30
13
402
928
1827
2880
4154
5082
4880
4218
4131
5044
6854
7116
6374
5265
3528
2783
1863
1237
967
-487
-894
-1011
-849
-116
-1163
-1775
-2372
-2494
-1818
-1286
19
675
999
809
164
-135
-561
-583
-110
346
888
809
502
234
-546
-1359
-2113
-2461
-2368
-2244
-2359
-2598
-3152
-3936
-4400
-4434
-3826
-3269
-2979
-2763
-2722
-2114
-1834
-1834
-2092
-2984
-2952
-2700
-2284
-1981
-2664
-3259
-4189
-4982
-4480
-4242
-3832
-3651
-4679
-4294
-3978
-4015
-3325
-3176
-2095
-1448
-1431
-433
-224
-105
-90
-597
-36
715
1200
2094
2993
3807
3560
2579
2431
2179
2198
2346
2093
2341
2228
1788
1308
775
818
483
222
880
1358
1916
2312
2339
2368
2162
1855
1509
1606
1985
2133
2193
2139
2165
1957
1419
1157
590
427
553
469
898
786
639
183
-484
-527
-827
-554
-236
462
1994
2651
3464
3509
3763
5679
5362
4901
3972
2422
2858
1810
1952
2438
1352
970
-303
-200
766
551
145
-362
16
464
473
610
522
326
-257
-312
-15
386
456
-241
-83
108
382
149
-251
-87
-793
-1068
-1508
-1727
-1692
-3020
-3894
-4657
-4863
-4482
-4758
-4373
-4057
-3734
-3420
-3098
-2592
-2318
-2243
-2628
-1800
-1466
-1375
-1525
-2853
-2507
-3145
-3233
-3003
-4060
-3111
-3557
-3091
-2059
-2675
-1830
-2204
-1847
-1083
-1176
-698
-1358
-1076
-300
609
948
663
872
454
1327
1208
1846
2896
2327
2992
1990
2563
2583
1158
1879
962
1519
1217
85
973
380
926
398
-405
182
-777
-516
-407
196
1194
751
1036
926
1056
1485
1168
1209
1347
1122
1106
1134
939
993
284
-152
-51
-489
45
-84
32
361
-23
863
1051
2319
3184
3382
4305
3314
3742
3904
4788
6253
4557
4100
2612
1524
1973
751
1414
836
-10
262
-346
688
278
-522
-910
-1267
-448
-396
458
909
960
773
-386
-617
-1125
-1211
-1102
-1120
-368
-421
-530
-667
-890
-1002
-1737
-1969
-1988
-1621
-1455
-1785
-1892
-2478
-2729
-3206
-3227
-2703
-2551
-1976
-1995
-1974
-1813
-1936
-1890
-2295
-2412
-2285
-1897
-1331
-1454
-1739
-2334
-2540
-2658
-2727
-1876
-1319
-901
-877
-726
-64
68
-156
-1019
-1516
-1311
-1099
-311
462
1159
708
-674
-1062
-1222
-273
453
994
1909
1786
2125
1587
1603
1826
602
260
-14
774
1711
1227
1338
532
-494
-923
-1592
-439
460
919
1609
1587
2047
1445
627
541
336
598
710
1019
1762
1803
1456
936
523
330
34
156
778
1313
1386
1290
958
777
562
530
1434
2410
2979
3121
2953
3267
3324
2949
3049
2322
1956
1486
777
1170
620
132
-551
-1398
-919
-855
-732
-182
-342
12
-55
-292
98
-94
280
315
539
1168
1132
1120
697
397
332
28
-144
-370
-622
-569
-1065
-1397
-1627
-1935
-1923
-2154
-1884
-1599
-1537
-1510
-1569
-1505
-1319
-1423
-1361
-1066
-751
-486
-593
-677
-1069
-1494
-2028
-2040
-2108
-2123
-2122
-2459
-2354
-2772
-2836
-3089
-2906
-2327
-2187
-1503
-1003
-327
170
63
144
108
2
330
150
279
415
209
442
436
800
669
451
251
122
422
383
637
393
-7
-340
-681
-616
-307
-153
-276
-329
-657
-599
-320
-119
611
755
933
1430
1427
2166
2160
2018
1917
1274
1283
970
1191
1504
1397
1236
605
200
142
-132
-49
-114
-61
219
549
1503
2097
2115
1836
1602
1575
2289
2495
2766
3103
3087
3366
2906
2701
2406
1371
1017
810
542
852
120
-90
-521
-662
-499
-902
-520
-687
-564
-684
-239
-15
199
605
645
965
921
1020
776
713
546
149
-201
-399
-592
-626
-879
-1057
-1477
-2184
-2655
-3410
-3143
-3022
-2597
-2247
-2255
-1966
-2196
-1754
-1666
-1404
-965
-1022
-537
-339
-62
-110
-507
-656
-1246
-1314
-1326
-1352
-1338
-1497
-1285
-1670
-1525
-1638
-1894
-1482
-1151
-422
-424
-436
-492
-737
-344
-44
80
242
63
-56
-435
-177
111
4
331
-54
-55
-869
-1189
-1509
-1706
-1115
-1104
-713
-703
-495
-711
-546
-91
412
848
989
1126
1284
1454
1739
1860
2143
2384
1734
1492
920
1105
915
848
834
623
857
466
447
613
865
655
576
462
804
1038
1634
2557
3524
4023
3584
2770
1914
2097
1829
2573
2904
2284
1502
278
198
191
-53
-431
-861
-700
-322
-227
-281
-356
-786
-1182
-963
-533
64
88
39
102
306
678
677
669
660
635
654
809
821
487
-448
-1117
-1490
-1453
-1323
-1515
-1502
-1601
-1409
-1245
-1036
-746
-839
-783
-776
-454
-135
-139
-43
-122
21
-202
-211
-247
-175
-146
-702
-1010
-1528
-1612
-1663
-2037
-2019
-2069
-2166
-2197
-2526
-2301
-2441
-2250
-1609
-1223
-658
-936
-1057
-865
-515
-158
-735
-1173
-950
-1098
-874
-795
-312
-180
-385
-605
-986
-862
-1184
-977
-1383
-658
-369
-716
-215
25
568
444
509
672
969
1284
1647
1872
2363
2857
2632
2380
2587
2524
2167
1982
1560
1430
1362
1404
1276
1076
762
251
44
569
1117
1106
911
956
987
1177
1423
1254
1600
1579
1249
908
868
956
832
814
821
703
328
314
236
484
648
114
-225
-284
-114
-160
-132
149
20
-2
-82
-32
229
414
465
455
875
1152
965
676
615
457
311
349
436
437
343
23
-170
-86
-91
-405
-733
-650
-636
-664
-708
-599
-600
-641
-837
-987
-796
-632
-709
-987
-964
-973
-1290
-1504
-1533
-1705
-1703
-1947
-1872
-1673
-1745
-2089
-2988
-2942
-2555
-2093
-1673
-1254
-832
-1015
-932
-1196
-1246
-1193
-1522
-1648
-1695
-931
-661
-842
-761
-748
-845
-1095
-849
-485
36
599
580
485
418
99
-228
-306
458
804
653
900
1178
1452
1518
1400
976
835
924
1026
1243
1683
1933
1418
1010
1057
747
694
778
1090
1412
1504
1812
1213
1345
1229
789
690
647
1081
862
1035
1169
903
840
640
298
253
440
605
393
552
474
181
314
491
839
655
721
364
433
976
1176
1232
1091
1109
679
502
529
313
84
-197
-535
-567
-517
-190
-380
-345
-278
-769
-572
-595
-80
50
164
399
72
129
-241
-478
-401
-286
-71
-177
-349
-313
-470
-194
-241
-573
-830
-1351
-1136
-916
-644
-604
-1108
-1580
-1773
-1691
-1394
-1274
-1254
-1050
-954
-674
-657
-725
-1033
-1293
-1379
-1039
-488
-371
-504
-867
-979
-988
-731
-665
-511
-793
-1312
-1491
-1326
-642
-404
-231
-117
-230
-227
-299
-436
-166
-412
-459
-686
-464
206
-23
375
172
16
-57
-362
-69
237
628
1172
1231
1526
1437
747
806
794
1399
1646
1873
2005
1753
1769
1323
1005
793
585
527
852
1231
1690
1546
1414
1005
463
597
607
1205
1584
1541
1305
765
727
626
405
474
-101
-138
-7
228
821
621
609
-34
-471
-583
-803
-576
-437
-293
-415
-596
-745
-927
-859
-625
-422
-161
-60
10
-139
-253
-400
-502
-435
-417
-268
-300
82
61
10
-283
-871
-975
-1115
-543
-82
267
474
172
210
186
38
32
-191
55
288
600
1055
632
316
-493
-1097
-1200
-1370
-1198
-1365
-1169
-815
-755
-476
-748
-1360
-1872
-2241
-1629
-1083
-464
-53
-205
-45
-560
-1101
-1437
-1774
-1481
-1226
-544
84
-6
-62
-652
-716
-860
-1141
-974
-855
-140
-29
199
370
209
83
-379
-357
7
743
1446
1728
1957
1748
1464
1487
1767
2130
1992
1922
1651
1685
1774
1534
1495
1217
1409
1334
1358
1607
1384
1454
1227
977
907
676
721
664
892
1103
842
587
63
-269
-506
-591
-656
-733
-471
-430
-302
-7
91
-162
-640
-965
-1080
-896
-569
-378
-241
-158
-371
-926
-1146
-1253
-1352
-1174
-916
-357
-95
182
258
51
102
-243
-360
-244
43
332
254
349
259
-1
-307
-636
-549
-243
83
272
160
131
-7
-47
53
-19
-98
-464
-515
-153
145
137
-369
-1014
-1442
-1601
-1454
-1194
-1024
-983
-1265
-1223
-839
-506
-407
-624
-863
-1067
-934
-694
-521
-292
-326
-466
-457
-402
-576
-1014
-1014
-816
-468
131
373
380
489
711
785
779
710
454
414
1018
1565
1743
1777
1623
1171
1005
1337
1469
1659
1731
1892
2175
2614
2639
1875
1321
955
860
1122
1633
1667
1075
479
99
160
505
483
137
-21
112
235
295
406
-46
-610
-977
-1069
-803
-621
-630
-1075
-1419
-1523
-1692
-1545
-1282
-1152
-1020
-787
-359
-223
-222
-467
-928
-886
-616
-228
-99
-210
-405
-672
-573
-534
-726
-940
-1060
-845
-521
-38
254
167
50
-191
-288
-376
-457
-455
-562
-512
-504
-581
-555
-633
-728
-857
-906
-704
-596
-389
-143
-98
-155
-402
-519
-605
-662
-585
-620
-505
-544
-645
-674
-542
-128
-27
202
406
481
616
413
399
332
226
414
463
1039
1418
1390
1341
880
920
907
1210
1630
1579
1743
1497
1546
1689
1486
1250
773
795
1075
1483
1999
1956
1711
1205
835
648
518
648
634
879
914
803
593
173
-119
-617
-728
-628
-350
83
86
105
-167
-552
-852
-1218
-1132
-1213
-1085
-720
-637
-541
-954
-1366
-1632
-1592
-1134
-981
-692
-529
-576
-560
-676
-757
-1075
-1311
-1313
-1297
-958
-722
-772
-900
-1001
-1064
-1051
-685
-198
172
289
182
-241
-642
-760
-764
-452
-253
-331
-553
-593
-338
-270
-234
-240
-366
-150
215
704
934
644
151
-478
-403
-108
142
372
436
523
335
188
109
90
109
185
332
659
916
861
769
582
454
305
106
385
712
1058
1404
1397
1506
993
542
476
557
1211
1254
1224
1043
616
689
442
598
658
338
545
644
1165
1230
777
416
-148
-142
-32
123
232
-99
-476
-784
-798
-522
-555
-691
-692
-499
-117
143
189
-64
-452
-757
-749
-480
-50
71
-53
-84
-88
-141
-342
-480
-616
-668
-610
-507
-327
-245
-426
-803
-1051
-946
-835
-777
-700
-656
-537
-480
-405
-438
-584
-739
-847
-743
-431
-307
-501
-691
-833
-804
-908
-997
-831
-742
-458
-236
27
434
415
354
-19
-214
-56
88
809
1293
1664
1579
1110
1023
742
742
646
540
869
1014
1305
1325
1119
1002
403
244
182
350
736
784
1057
858
714
310
-123
-67
57
291
236
174
-58
-330
-288
-108
146
303
163
7
-24
354
534
492
463
133
-87
-297
-198
-196
-136
-104
-235
-127
-78
-154
-463
-607
-540
-580
-483
-355
-281
-86
-88
-1
-54
-73
-232
-622
-554
-488
-274
-185
-195
-102
-199
-249
-280
-386
-305
-487
-649
-519
-508
-359
-501
-621
-576
-612
-426
-311
-248
32
-69
-143
-88
-104
209
213
425
421
118
-25
-508
-740
-769
-839
-876
-841
-612
-417
-514
-481
-527
-482
-201
16
292
568
886
826
783
547
200
-193
-339
134
487
1011
1066
858
661
303
92
45
398
864
1184
1537
1657
1430
989
418
102
9
247
347
592
841
713
509
131
-15
-411
-658
-565
-452
51
243
121
-51
-392
-454
-658
-475
-101
-91
161
209
291
158
-201
-487
-771
-656
-462
-335
-127
-114
-211
-352
-286
-154
-159
-33
-15
187
305
427
377
77
-122
-533
-649
-563
-377
-247
-228
-84
-109
-327
-527
-703
-692
-355
42
335
391
303
-81
-398
-347
-134
9
72
320
234
206
127
-164
-335
-544
-550
-565
-197
347
369
199
47
-255
-373
-339
-66
343
636
979
785
704
656
249
-10
-68
113
239
308
522
495
252
-22
-520
-478
-156
223
590
763
985
643
279
43
-233
-315
-346
-112
167
376
397
98
-107
-199
-390
-514
-344
-82
140
313
402
260
-174
-594
-950
-1016
-617
-263
26
304
298
172
-160
-239
-265
-411
-232
-254
-70
48
-8
-21
-228
-165
-312
-411
-318
-366
-234
-284
-363
-392
-469
-277
-178
66
214
-31
-160
-473
-514
-463
-371
-152
-160
124
205
268
441
406
370
203
131
173
232
456
544
510
538
388
249
157
170
214
293
544
707
707
595
407
127
51
48
60
199
258
307
136
63
79
-49
115
235
314
363
243
73
-295
-561
-646
-689
-314
187
472
688
603
383
6
-304
-436
-542
-256
192
518
724
654
294
-159
-478
-523
-461
-194
16
59
110
108
24
-209
-326
-425
-487
-386
-286
-205
-203
-354
-432
-458
-333
-222
-274
-155
-99
-8
29
-98
-138
-195
-114
123
295
460
338
90
-46
-186
-130
-31
131
347
418
339
94
-278
-536
-711
-674
-356
-82
168
242
185
67
-132
-188
-181
-121
131
298
386
396
238
10
-311
-461
-535
-519
-323
-101
145
308
334
167
-19
39
210
453
706
797
698
442
320
194
127
162
73
138
204
311
291
63
-15
-249
-401
-352
-305
-74
54
201
287
156
137
-133
-385
-463
-473
-256
-46
290
477
426
355
103
-135
-255
-268
-211
-125
43
87
32
-66
-246
-444
-555
-460
-335
-25
373
527
513
290
3
-390
-678
-689
-673
-402
-121
1
29
-136
-272
-523
-485
-157
36
352
490
549
457
228
86
-212
-254
-158
-71
201
367
358
93
-193
-224
-208
108
552
837
945
721
393
-45
-316
-437
-503
-309
-43
256
389
405
327
4
-245
-422
-384
-143
29
219
167
64
-132
-392
-474
-497
-354
-238
-74
157
286
336
277
189
164
106
154
152
118
84
-108
-195
-305
-235
-192
-169
-19
-20
58
69
30
35
-39
59
96
121
201
-30
-194
-382
-388
-219
-70
242
292
305
331
199
128
-10
-144
-182
-182
121
243
262
251
-73
-336
-528
-489
-364
-203
66
228
301
400
257
-14
-176
-336
-388
-394
-278
-216
-335
-288
-218
-264
-144
-204
-270
-261
-200
57
49
204
245
27
79
73
142
211
170
266
100
104
214
145
359
414
444
424
288
242
26
-6
142
118
220
268
223
232
124
148
77
12
31
-140
-158
-67
-69
-3
8
14
-39
-215
-193
-277
-266
-174
-278
-233
-198
-139
-56
-67
7
-167
-383
-411
-485
-315
-113
64
205
168
160
3
-102
-51
-149
-180
-171
-153
-56
-36
100
124
12
-56
-209
-209
-92
2
153
212
258
243
107
143
102
53
51
-2
115
159
206
297
314
392
337
210
98
-98
-174
-210
-139
73
156
154
59
-18
-48
-157
-199
-216
-250
-192
-109
42
155
132
26
-181
-292
-299
-317
-227
-136
-95
-99
-171
-142
-175
-181
-107
-40
133
216
239
241
179
136
84
91
183
235
285
277
237
197
40
-102
-150
-110
-13
104
231
340
339
274
187
76
28
-43
-51
36
96
97
-19
-145
-233
-334
-338
-273
-195
-117
-133
-104
-54
-53
-80
-162
-189
-175
-151
-75
-43
-50
-85
-194
-226
-177
-121
-78
-65
-7
0
-13
72
142
223
281
274
226
140
58
-68
-155
-117
-84
-73
-10
87
132
95
72
45
21
55
127
232
344
401
333
224
142
73
-24
-51
-12
9
45
40
48
19
-37
-58
-70
-19
9
-12
-15
-24
-19
-19
-58
-45
-67
-101
-116
-127
-65
-61
-27
31
79
130
81
19
-53
-105
-130
-152
-127
-69
-36
-16
8
4
-29
-141
-209
-190
-105
11
85
143
129
71
43
12
20
13
-53
-76
-63
11
0
-46
-44
-74
-24
78
199
237
157
29
-131
-193
-134
-97
-68
-14
1
-6
-12
-4
-60
-128
-123
-57
110
321
411
358
253
94
-68
-174
-192
-158
-117
1
74
93
107
-27
-151
-187
-113
-3
68
177
146
59
-9
-81
-125
-138
-112
-96
13
180
263
256
211
126
13
-31
-14
-17
-41
-54
-97
-91
-53
-37
-63
-62
0
45
117
170
157
95
26
-27
-49
-43
-49
-74
-95
-72
-48
-28
-16
-26
-6
22
61
114
130
92
24
-28
-43
-85
-116
-151
-196
-166
-110
-40
20
52
39
-2
15
77
102
106
85
15
-21
-56
-72
-107
-141
-170
-226
-210
-185
-158
-151
-108
-58
21
110
164
210
188
168
80
63
55
37
25
-16
8
9
28
3
-6
-11
-20
-4
43
144
197
223
187
153
70
-8
-62
-65
15
41
73
51
52
12
-34
-31
-42
-27
-64
-80
-72
-32
-46
-84
-99
-105
-98
-104
-52
-35
-33
-65
-110
-92
-58
-40
-14
22
72
100
95
114
87
89
69
68
111
99
48
-66
-155
-235
-290
-298
-255
-180
-75
2
44
83
70
47
25
76
102
116
102
57
15
-39
-54
-106
-74
-20
42
117
205
266
214
155
52
-5
-64
-60
-66
-75
-41
-88
-115
-145
-119
-114
-58
61
169
236
253
225
120
82
-5
-69
-104
-102
-104
-136
-93
-110
-116
-156
-163
-146
-95
-15
5
53
71
88
46
52
52
26
48
83
168
214
259
231
185
167
127
96
65
37
-18
-71
-88
-87
-101
-108
-124
-128
-106
-98
-91
-93
-70
-53
-53
-20
-4
-7
-16
-19
0
7
15
0
-26
1
31
44
54
33
-22
-86
-136
-168
-218
-255
-271
-270
-202
-136
-83
-54
-45
-19
-8
47
101
126
145
149
157
153
138
63
-26
-96
-114
-106
-65
0
11
13
-6
-5
-14
-24
-44
-84
-68
-47
-12
2
35
49
51
97
129
167
164
150
130
142
160
145
102
26
-38
-123
-167
-224
-281
-320
-345
-312
-255
-154
-105
-69
-49
-39
-35
-28
5
8
54
92
145
167
181
160
103
102
79
89
96
117
119
110
104
73
47
-4
-44
-107
-116
-115
-95
-45
-1
43
54
72
56
54
47
53
56
68
75
47
41
5
-9
-42
-71
-100
-131
-141
-151
-132
-111
-88
-98
-115
-135
-154
-150
-130
-104
-74
-43
-19
23
61
104
121
139
149
139
141
124
107
77
59
39
27
21
16
-10
-34
-52
-68
-44
-24
14
40
72
96
113
123
117
90
46
31
5
35
48
71
71
38
9
-47
-58
-73
-48
-30
-1
0
-20
-32
-69
-78
-120
-129
-149
-141
-117
-99
-62
-52
-35
-57
-52
-46
-38
-30
-29
-19
-24
-1
-4
10
14
13
17
33
69
91
121
113
119
130
149
162
142
117
54
11
-11
-11
-3
8
11
0
-1
-4
-12
-28
-44
-50
-57
-38
-31
-44
-58
-70
-62
-53
-21
-12
0
19
39
71
86
85
48
24
-18
-35
-49
-57
-59
-86
-84
-91
-77
-62
-32
2
51
92
103
115
99
92
91
110
107
93
79
59
68
64
70
57
32
12
-14
-12
-11
-14
-38
-66
-96
-122
-135
-162
-171
-161
-121
-64
9
73
98
109
98
100
96
88
74
46
25
-1
-10
-37
-71
-118
-162
-176
-172
-141
-112
-62
-37
-25
-30
-49
-56
-78
-76
-55
-1
52
85
115
119
137
149
168
166
169
166
141
136
109
80
32
-17
-49
-78
-99
-97
-95
-64
-17
14
48
43
54
51
66
91
96
109
102
84
78
87
77
89
79
77
78
77
79
62
45
17
-16
-48
-61
-77
-75
-66
-29
3
29
48
38
51
64
105
149
177
181
166
138
114
76
40
6
-34
-42
-38
-31
-28
-38
-60
-85
-103
-116
-141
-149
-150
-142
-118
-101
-97
-106
-126
-138
-128
-103
-66
-38
-14
-9
0
0
-7
-22
-44
-57
-69
-76
-76
-84
-98
-93
-103
-106
-111
-119
-124
-123
-105
-84
-61
-43
-35
-39
-32
-33
-24
-17
-15
-13
-10
5
6
27
39
53
62
61
56
47
42
40
45
46
45
24
-3
-34
-55
-55
-46
-27
-21
-4
18
41
70
89
103
98
98
102
94
80
71
62
59
58
52
50
37
41
49
70
86
94
88
68
60
52
58
49
36
16
-8
-13
-12
5
19
39
51
66
82
79
70
52
39
25
17
3
-15
-30
-58
-72
-84
-98
-109
-132
-143
-135
-127
-117
-118
-124
-131
-147
-152
-156
-149
-130
-111
-76
-39
-21
-6
2
9
24
35
35
21
-4
-35
-52
-54
-61
-65
-82
-94
-88
-80
-66
-44
-26
-10
1
18
28
24
16
11
5
2
4
1
-3
-3
17
37
53
56
46
26
6
3
-1
-1
-6
-10
-16
-15
-7
-2
13
22
33
51
68
87
97
111
126
121
124
105
77
56
39
50
70
91
92
97
87
73
82
85
75
67
55
41
40
31
29
26
16
24
24
38
45
47
65
76
96
94
80
63
40
22
8
-2
-23
-45
-64
-71
-80
-71
-64
-63
-72
-81
-84
-92
-84
-90
-89
-72
-61
-53
-48
-47
-40
-26
-9
15
21
18
13
5
2
2
0
-14
-38
-50
-55
-50
-39
-35
-23
-12
-5
10
22
27
26
26
35
34
23
10
-1
-1
6
12
16
3
-7
-8
-12
-2
4
3
-1
-11
-17
-26
-31
-32
-27
-27
-16
-1
14
26
35
55
60
73
69
59
55
44
54
48
48
49
43
41
40
42
41
44
44
45
35
27
22
17
17
10
9
1
-6
-9
-6
5
19
27
34
38
26
14
3
-3
-12
-25
-38
-48
-53
-56
-51
-50
-47
-49
-40
-33
-24
-15
-11
-4
0
4
2
0
-5
-7
-7
4
6
12
17
11
16
17
25
24
18
9
1
1
0
5
13
24
37
47
53
61
64
67
73
78
82
75
66
46
31
27
14
10
5
-6
-5
-3
-1
6
17
22
21
23
20
19
18
13
12
11
5
6
-4
-3
9
9
14
12
16
8
13
14
8
10
1
-1
-5
-6
-15
-17
-17
-16
-11
-6
0
-5
-6
-9
-14
-19
-26
-28
-32
-45
-51
-51
-53
-55
-55
-57
-59
-59
-59
-49
-45
-38
-34
-38
-39
-44
-47
-42
-41
-41
-43
-45
-46
-38
-33
-30
-19
-20
-14
-14
-15
-13
-16
-16
-13
-16
-22
-27
-28
-27
-25
-14
-8
-1
4
6
14
21
28
36
41
38
35
34
30
20
19
18
19
14
8
7
-1
2
7
7
8
8
-4
-3
-2
-4
-3
-10
-7
-11
-5
-6
-7
-3
-7
-4
-8
-19
-27
-33
-39
-43
-46
-53
-51
-50
-50
-48
-49
-46
-35
-28
-19
-12
-5
0
4
11
4
3
-3
-14
-12
-17
-16
-13
-12
-9
-3
-6
-5
-6
-11
-9
-9
-8
-11
-11
-13
-8
-5
-2
3
6
6
15
20
18
26
28
20
21
12
2
4
-2
-7
-12
-18
-19
-19
-21
-16
-9
-6
0
0
9
12
16
24
24
20
21
25
24
28
30
30
33
32
33
31
29
33
30
24
23
18
21
25
23
22
24
26
30
38
42
42
38
31
33
35
32
29
34
28
22
22
17
12
5
-1
2
4
-2
-7
-14
-17
-17
-23
-27
-31
-27
-25
-26
-25
-26
-21
-23
-20
-12
-3
-1
-7
-9
-9
-5
-6
-10
-14
-14
-16
-18
-7
-11
-10
-12
-11
-4
0
10
10
16
21
20
20
23
27
32
28
26
28
32
33
28
19
13
9
5
9
9
-4
0
5
5
1
-10
-9
-9
-2
-5
-7
2
-7
-2
5
8
9
-1
-6
0
9
15
5
-8
-4
3
3
3
-3
-7
1
8
5
1
2
4
8
21
20
14
19
28
37
38
32
29
35
36
31
32
33
39
34
22
1
-4
12
16
12
1
-7
-6
-5
-4
-1
10
2
-21
-18
0
20
21
7
-11
-13
-1
-4
-2
9
11
-14
-26
-23
-16
-2
-3
-21
-31
-12
3
-1
-5
-14
-6
5
2
-1
16
32
18
3
17
34
24
11
-8
9
50
28
-1
-1
22
15
-5
17
6
-8
-6
-5
17
30
-4
-29
-1
23
4
-1
28
24
2
-17
-26
13
43
14
-21
-9
-6
-14
22
18
-31
-14
56
37
-31
-40
-17
31
50
30
66
70
-145
-311
35
565
441
-312
-717
-218
653
743
-128
-655
-206
341
258
-36
-7
127
34
-210
-185
226
355
-96
-324
53
314
33
-250
-118
191
258
-43
-265
-7
243
19
-170
11
171
66
-81
-101
-13
99
56
-48
51
94
-118
-190
20
182
106
-29
-144
-112
83
115
-22
-24
63
0
-67
-32
14
77
82
-33
-112
6
92
18
-16
8
-3
-4
8
-33
-41
19
9
-33
-2
-10
-74
-50
27
27
-26
-47
-55
-28
15
1
-42
-20
-4
-60
-55
-8
-9
-30
-24
-32
-48
-42
-43
-30
5
5
-56
-83
-44
-13
-21
-32
-34
-28
-19
-41
-62
-31
15
3
-27
-32
-27
-28
-28
-7
9
7
-23
-59
-46
-3
13
-5
-23
-33
-43
-41
-11
3
-17
-32
-35
-18
-5
-27
-53
-30
20
21
-18
-41
-37
-25
-8
-1
-9
-8
-7
-37
-44
-22
-9
-13
-19
-33
-42
-20
-19
-29
-14
8
-8
-40
-30
-15
-14
-24
-31
-5
24
2
-55
-55
16
59
28
-23
-36
-6
15
7
-10
-1
8
-20
-35
-17
4
13
8
-5
-12
-19
-15
-6
7
22
4
-12
-3
5
11
1
2
17
25
24
-10
-34
3
43
42
10
-21
-6
10
10
11
6
7
5
-12
-4
17
19
16
15
33
28
10
11
18
55
64
32
7
14
38
42
27
31
40
38
26
-5
0
48
56
27
1
4
16
20
24
9
9
16
6
9
36
28
-12
-2
22
39
21
-6
-6
11
36
6
-3
14
8
-24
-37
-1
25
20
-23
-54
-33
12
3
-27
-26
-21
-11
-8
-12
-13
2
6
-20
-31
-9
6
7
-8
-19
-13
-2
4
-23
-25
-2
1
-10
-14
-17
-17
-11
-19
-15
-1
2
-18
-17
-2
4
6
-8
-7
5
18
11
-4
0
5
7
12
15
12
7
4
6
4
9
11
10
13
4
-5
4
21
22
6
-10
0
19
27
22
10
14
22
28
13
3
6
13
23
17
11
-4
0
5
8
13
8
5
3
8
14
10
1
-5
-6
-1
4
0
-2
0
2
-5
-8
-2
9
12
1
-12
-5
8
9
0
-16
-13
-9
1
-6
-16
-8
-9
-11
-16
-8
-7
-1
1
-1
5
8
1
-13
1
13
12
3
-5
2
9
11
4
5
12
10
1
-8
-7
-2
0
-2
-8
-5
-1
0
-6
-7
-3
-4
-6
-13
-4
4
2
3
-2
-1
4
9
4
13
9
6
8
-2
9
8
3
1
2
6
5
3
4
13
3
-5
-8
4
20
22
20
14
12
14
17
11
4
11
15
9
5
6
2
4
8
10
7
2
6
1
5
9
7
2
3
4
1
0
2
3
1
-2
-3
4
3
9
7
5
10
8
8
-1
6
7
7
6
6
13
12
7
5
7
6
14
6
6
10
9
8
1
-2
-1
4
1
-2
-5
1
1
-3
-1
0
0
-3
-3
-2
2
2
-1
3
1
-2
0
1
8
11
10
11
10
10
4
8
5
7
6
5
9
5
3
5
6
2
7
9
8
6
10
9
5
6
5
10
15
17
13
9
10
16
12
8
9
8
13
11
4
2
-2
-4
-2
-11
-14
-7
-5
-9
-9
-9
-11
-5
-7
-7
-8
-7
-10
-13
-12
-15
-15
-17
-16
-16
-17
-15
-14
-13
-10
-10
-13
-10
-7
-8
-10
-12
-14
-13
-11
-9
-11
-11
-10
-7
-9
-12
0
-5
-6
3
4
3
-1
-4
-5
-9
-5
-10
-15
-11
-10
-7
-8
-10
-10
-9
-5
-1
0
0
0
-1
0
6
-1
5
7
0
3
3
14
12
11
7
11
15
6
10
12
14
10
7
12
15
14
11
13
10
15
16
13
18
22
21
16
18
17
19
22
23
22
16
13
10
12
13
10
7
9
11
7
7
-2
-1
-4
-3
-1
-4
-1
-4
-3
-3
-8
-11
-9
-7
-11
-10
-11
-5
-9
-14
-11
-17
-11
-13
-15
-10
-14
-11
-15
-8
-7
-12
-6
-8
-7
-14
-12
-10
-15
-10
-9
-9
-11
-13
-10
-9
-11
-11
-12
-9
-6
-11
-10
-6
-4
-2
-9
-9
-13
-13
-3
-6
-8
-13
-10
-5
-7
-7
-11
-14
-8
-16
-10
-9
-14
-5
-16
-15
-16
-14
-10
-12
-7
-11
-10
-13
-12
-10
-14
-15
-16
-18
-23
-22
-23
-23
-16
-19
-23
-23
-17
-18
-21
-17
-15
-12
-13
-20
-22
-18
-17
-17
-13
-14
-16
-14
-13
-14
-15
-12
-9
-9
-6
-7
-14
-15
-15
-10
-7
-8
-5
-8
-7
-2
-8
-5
-3
-1
2
3
1
2
1
-2
6
3
1
-3
-1
0
-1
0
3
5
1
2
5
1
2
6
4
6
10
6
5
13
9
11
9
5
9
12
7
2
12
9
6
6
1
1
-4
-7
-8
-5
-4
-2
-1
-8
-2
-5
-9
-3
1
2
-3
-2
-2
-2
-1
-2
-2
1
3
-2
3
3
6
8
4
1
-1
0
-7
-5
-5
-10
-2
1
0
-3
-4
-10
-10
-2
3
0
2
6
-2
1
1
2
6
2
4
8
6
4
5
1
2
-1
0
-2
-8
-7
-5
-6
-12
-7
-10
-6
0
-3
-4
-1
4
-1
-1
-2
-2
2
2
5
5
0
0
2
2
4
2
1
2
5
5
7
10
8
4
-1
8
11
9
12
10
11
8
12
8
7
8
8
7
6
8
7
8
4
2
5
7
6
-1
4
3
3
4
2
7
7
11
9
9
13
9
6
10
9
9
16
13
11
14
11
14
12
12
13
15
12
10
8
9
12
9
10
12
14
14
15
20
15
12
14
16
21
17
19
23
22
19
17
17
17
22
22
25
24
27
24
23
25
18
14
16
18
16
13
12
9
9
15
12
5
1
3
4
4
6
6
3
7
9
3
8
5
5
7
3
5
6
7
7
5
1
2
7
3
7
4
2
8
8
12
6
2
7
8
11
12
9
14
12
9
10
8
11
8
9
8
9
8
2
1
9
10
4
7
4
2
2
-1
-3
-4
-3
0
0
-1
0
-4
0
-1
-1
4
2
1
0
3
-2
-2
-2
-4
-5
-12
-9
-15
-8
-2
-4
-4
-13
-13
-8
-5
-6
-4
0
-5
-4
-7
-7
-6
-5
0
-5
-6
-8
-8
-6
-4
-3
-7
3
0
0
-3
-4
-3
-4
-4
-4
-8
-7
-6
-8
-7
-8
-11
-13
-8
-12
-12
-14
-15
-17
-15
-9
-13
-12
-19
-15
-10
-9
-9
-13
-12
-13
-11
-14
-8
-9
-18
-17
-11
-9
-13
-11
-8
-8
-1
-2
-5
-4
-7
-6
-4
-5
-4
-7
-10
-4
-1
-4
-2
-4
-7
-5
-6
-5
-4
-2
-5
0
3
0
-1
-3
-5
0
-5
-6
-7
-7
-6
-12
-4
-2
-7
-12
-13
-13
-14
-8
-11
-13
-13
-12
-17
-15
-15
-18
-14
-13
-15
-17
-10
-8
-11
-4
-9
-12
-9
-15
-12
-14
-9
-10
-13
-15
-20
-18
-17
-13
-17
-15
-18
-20
-16
-22
-19
-19
-18
-21
-21
-17
-19
-17
-16
-12
-15
-18
-13
-15
-14
-15
-16
-16
-14
-12
-14
-12
-9
-8
-10
-12
-10
-8
-9
-4
-6
-6
-6
-4
-2
-3
-2
-8
-5
-3
-5
-2
-2
-6
-3
1
-2
0
0
1
1
-2
0
-7
-7
1
-2
-2
-2
1
-1
-6
-3
-5
-4
-7
-9
-7
-10
-7
-10
-8
-7
-13
-7
-9
-13
-8
-12
-10
-13
-12
-13
-15
-12
-11
-8
-9
-8
-14
-13
-9
-10
-4
-5
-5
-5
-5
-3
-5
-1
-2
-6
-2
-7
-5
-3
-3
2
6
5
3
10
9
11
13
10
10
11
10
9
12
14
11
15
14
18
20
11
16
14
18
17
19
17
14
19
5
14
18
12
19
15
12
15
12
13
18
15
15
13
10
14
12
10
17
21
16
14
15
16
23
22
26
29
27
30
27
26
23
26
22
20
24
23
27
25
22
24
22
23
21
24
28
24
26
25
23
22
16
22
19
15
26
23
23
25
25
28
26
23
15
18
20
14
18
17
17
15
7
12
12
11
14
7
10
13
12
16
16
9
14
13
15
19
19
16
16
22
18
13
17
18
14
17
13
13
11
6
8
7
12
5
8
8
8
11
5
6
0
7
5
5
2
2
4
3
9
6
13
8
6
4
5
0
0
5
5
10
7
8
9
7
8
10
11
8
3
8
4
5
6
-2
2
4
6
6
5
8
7
6
7
6
6
5
3
4
6
7
0
-3
-5
-3
-6
-5
-3
-8
-9
-8
-5
-6
-10
-11
-14
-15
-20
-21
-20
-25
-16
-17
-24
-24
-22
-24
-27
-23
-25
-24
-22
-26
-28
-24
-24
-28
-24
-23
-30
-33
-20
-20
-27
-20
-20
-21
-18
-22
-23
-27
-21
-14
-20
-17
-18
-15
-10
-15
-15
-16
-14
-13
-17
-15
-12
-9
-12
-16
-11
-12
-8
-7
-7
-5
-8
-3
-4
-3
0
-5
-6
0
-6
-3
4
-3
6
5
8
6
5
7
2
4
4
6
5
6
2
0
-2
-2
-9
-7
-1
-9
-9
-7
-6
-8
-11
-10
-12
-13
-7
-16
-22
-20
-22
-15
-19
-24
-21
-20
-19
-20
-24
-27
-26
-24
-24
-27
-25
-29
-24
-24
-27
-31
-27
-25
-32
-26
-25
-24
-25
-24
-25
-23
-16
-24
-20
-26
-27
-23
-25
-22
-23
-21
-20
-21
-22
-18
-22
-23
-25
-26
-20
-24
-23
-24
-19
-19
-21
-19
-18
-15
-19
-22
-24
-20
-18
-21
-23
-14
-13
-16
-10
-16
-15
-16
-16
-10
-12
-11
-12
-12
-10
-6
-7
-4
-6
-3
-4
-3
-4
-2
1
-2
5
1
3
5
5
3
7
10
8
5
0
2
3
5
0
3
3
5
2
-2
2
-4
-3
0
-3
-7
2
0
0
-1
0
4
-5
-6
-6
-8
-5
-1
-1
-3
0
-4
-5
-4
-5
1
-5
-5
-2
-3
-3
-3
0
-6
-6
-9
-4
-3
-3
-2
-5
0
-4
-2
-2
-3
-2
-2
2
1
3
6
5
5
4
1
3
-2
-1
0
-2
0
2
3
2
1
7
5
3
8
0
9
6
7
12
8
16
11
14
11
9
8
11
15
9
14
15
17
14
17
17
18
21
20
22
20
22
21
18
18
22
22
21
18
17
27
25
20
23
27
25
22
24
22
18
12
12
16
15
15
14
12
14
13
10
12
11
14
14
8
12
10
9
6
3
7
5
2
-1
2
2
-1
-6
-6
0
-3
-2
-1
-6
-5
-6
-6
-3
-4
-4
-4
-5
-7
-6
-5
-9
-8
-7
-8
-5
-9
-7
-3
-5
-7
-10
-4
-3
-1
-6
-6
-1
-4
-1
-4
-1
-6
-5
-5
-1
3
-2
1
-5
-4
1
4
4
4
9
6
11
11
5
9
10
11
8
9
11
11
14
13
11
10
16
19
14
16
18
17
16
16
17
19
18
16
15
14
16
15
17
16
17
18
22
22
22
21
15
14
15
17
20
18
13
15
13
11
11
8
9
7
5
6
2
4
6
5
10
5
2
-2
-3
-3
-6
-4
-3
-1
-4
0
3
-3
-1
-2
-2
1
5
2
-6
-3
0
5
1
-2
-1
-1
3
-3
3
0
-4
0
2
8
1
3
1
0
1
2
0
-2
1
-4
-6
-8
-7
-7
-11
-9
-10
-5
-4
-5
-8
-11
-5
-7
-10
-9
-16
-13
-10
-17
-20
-20
-21
-20
-21
-18
-15
-16
-21
-23
-17
-21
-17
-7
-12
-16
-11
-12
-15
-13
-12
-12
-10
-8
-12
-12
-11
-10
-13
-10
-8
-15
-12
-11
-12
-13
-2
-3
-11
-7
-7
-3
0
-6
-3
-4
-7
-2
-5
-3
-1
-7
-7
-7
-9
-9
-8
-6
-3
-5
-7
-6
-6
-5
-5
-6
-3
-7
-6
-6
-3
2
-3
0
1
-3
-7
-6
-6
-8
-5
-2
-5
-6
-7
-10
-10
-6
-5
-13
-11
-8
-5
-5
-4
-1
-5
-1
-3
-8
-4
-3
-5
-8
-3
-6
-14
-11
-11
-8
-8
-9
-8
-6
-9
-11
-10
-11
-5
-10
-13
-12
-14
-11
-12
-9
-11
-9
-5
-4
-10
-1
-4
-9
-4
-7
-2
-2
-2
-4
-3
-5
-3
-3
-8
-7
-7
-5
-10
-6
-7
-11
-8
-8
-4
-5
-10
-7
-5
-12
-8
-10
-11
-9
-8
-8
-9
-9
-10
-5
-12
-14
-10
-9
-10
-12
-7
-12
-14
-10
-17
-14
-10
-16
-14
-14
-14
-12
-8
-6
-10
-5
-6
-10
-10
-5
-3
-8
-5
-3
-5
1
-1
-3
0
-1
0
4
1
2
3
10
4
0
5
1
4
4
5
7
6
6
6
5
5
7
3
5
7
8
4
3
4
10
14
8
9
13
17
8
8
7
6
8
2
7
7
1
-2
1
0
0
-2
-3
-2
-8
-1
-3
-3
-3
-4
1
-4
-2
-2
-5
-5
-3
-4
-6
-6
-11
-7
-10
-7
-6
-4
-5
-9
-2
-3
0
-1
1
1
-4
0
-1
-2
-1
0
3
4
3
4
7
2
4
6
4
6
5
7
2
2
6
7
10
10
10
10
10
7
10
12
12
15
12
14
19
15
18
20
15
17
18
15
11
17
18
17
15
14
15
13
13
9
11
15
13
12
7
7
8
8
9
7
7
6
8
6
8
14
14
18
12
13
10
10
15
13
16
13
13
9
13
12
7
8
6
10
9
6
11
10
7
13
15
15
14
17
17
19
15
12
13
17
17
16
19
11
14
18
18
20
15
16
12
15
15
15
17
16
17
13
15
15
16
16
18
17
12
19
19
13
14
14
12
13
20
16
16
17
13
16
15
16
15
7
6
9
8
9
9
4
2
7
4
5
1
1
3
-1
1
0
-2
-2
-3
-2
-1
1
0
-1
0
-7
-9
-7
-5
-4
-6
-7
-9
-12
-12
-12
-13
-13
-16
-18
-14
-12
-11
-12
-14
-13
-14
-12
-8
-14
-10
-13
-12
-10
-11
-9
-11
-8
-14
-10
-11
-14
-9
-7
-2
-4
-2
-1
-4
-6
-7
-3
-9
-6
-8
-4
-4
-10
-6
-7
-2
-3
-2
1
0
4
2
2
5
4
5
2
5
6
6
6
5
5
1
3
4
4
7
8
4
8
9
6
4
-2
4
5
4
4
7
4
5
5
6
0
-1
2
-3
2
-3
-5
4
0
1
2
-2
-1
-2
1
-2
-2
3
-1
-3
1
2
2
2
0
0
2
4
3
7
4
2
2
1
-2
-2
0
4
4
3
7
5
5
4
2
4
5
1
1
6
6
3
3
0
-2
6
4
2
6
3
4
4
3
3
1
7
2
1
7
3
4
6
10
6
7
10
9
12
10
3
11
10
0
6
-1
3
1
2
3
-4
3
-1
-7
-3
-4
-10
-11
-11
-10
-12
-9
-14
-17
-12
-13
-12
-17
-21
-17
-21
-19
-16
-20
-13
-15
-21
-14
-18
-16
-16
-21
-22
-20
-22
-21
-22
-22
-17
-16
-17
-23
-17
-17
-22
-23
-21
-16
-22
-22
-17
-23
-26
-24
-17
-15
-16
-15
-15
-13
-13
-15
-17
-11
-13
-9
-10
-11
-9
-16
-10
-13
-15
-8
-7
-12
-9
-7
-7
-2
-3
-3
-4
-2
-7
-7
-7
-10
-5
-1
-9
-11
-4
-6
-4
-1
0
-3
-6
-5
-4
-3
-3
-3
-4
-3
0
1
-3
-2
0
0
2
2
1
0
-1
1
1
-3
-7
-4
-8
-6
-4
-7
-7
-3
-3
-6
3
5
4
0
-1
-3
-9
-4
-2
-2
0
-4
-3
1
-1
0
-1
0
2
2
6
10
8
7
13
13
12
10
12
14
14
13
7
10
16
14
11
12
11
8
8
7
8
3
7
8
4
6
6
7
9
9
8
13
7
8
8
3
12
13
12
8
11
12
6
7
4
2
8
11
7
4
2
8
