-7
-9
-7
-11
-17
-9
-9
-9
-10
-3
0
-1
0
-1
2
-5
-8
-4
-3
-5
-1
0
5
3
4
5
1
6
0
-3
1
5
8
10
13
13
13
15
13
15
19
14
14
17
11
15
20
20
21
22
26
22
22
18
24
25
18
23
30
29
26
33
26
25
30
21
22
22
21
25
25
25
31
31
24
27
26
23
27
25
22
24
24
21
20
13
15
20
14
17
12
8
7
3
3
1
-2
-3
-3
-2
-5
-2
-4
-10
-11
-9
-11
-8
-10
-14
-9
-13
-13
-14
-13
-14
-13
-13
-18
-16
-14
-15
-13
-10
-16
-15
-12
-19
-18
-22
-16
-17
-16
-22
-17
-11
-15
-14
-17
-16
-19
-7
-13
-15
-11
-16
-12
-17
-13
-13
-15
-14
-13
-11
-15
-14
-13
-17
-12
-12
-10
-8
-8
-5
-9
-3
-2
-8
-7
-5
-3
1
3
3
-1
-2
-4
-6
0
-3
0
1
3
2
1
2
5
0
1
4
1
6
2
8
13
11
13
13
16
12
14
18
9
13
12
13
16
9
18
14
16
18
17
20
13
19
19
18
18
15
21
22
17
18
16
14
19
17
20
24
21
22
22
21
23
15
18
24
16
18
19
19
22
22
18
18
20
17
13
19
18
19
13
9
13
8
9
7
12
11
9
9
9
10
7
6
3
6
2
8
9
10
13
10
8
6
9
5
7
3
3
1
0
0
-4
-4
-5
-2
-2
-5
-3
0
-6
-2
-4
-6
-5
-7
-11
-11
-10
-10
-9
-9
-9
-13
-12
-17
-16
-14
-16
-16
-19
-16
-16
-14
-15
-19
-16
-17
-19
-21
-25
-18
-19
-22
-21
-23
-24
-23
-25
-26
-22
-23
-24
-25
-25
-26
-30
-33
-31
-34
-28
-30
-26
-24
-28
-30
-29
-24
-30
-29
-30
-30
-28
-28
-24
-23
-23
-30
-30
-33
-30
-31
-29
-23
-29
-29
-29
-31
-28
-24
-22
-18
-17
-18
-14
-18
-18
-19
-11
-11
-12
-6
-7
-3
-7
-5
0
-3
-3
-3
2
3
3
2
-2
-1
-1
-1
-2
-4
-3
-5
-8
-6
-7
-6
-5
-9
-8
-5
-7
-8
-9
-9
-5
-6
-6
-5
-5
-3
0
1
-7
-6
-8
-9
-9
-12
-13
-13
-13
-15
-16
-15
-11
-16
-15
-15
-18
-14
-18
-11
-9
-7
-9
-9
-9
-12
-10
-9
-3
-5
-6
-8
-6
-9
-10
-3
-9
-7
-8
-5
-7
-7
-2
-6
-4
-6
-1
-3
0
4
1
3
2
5
1
2
4
1
-1
-2
8
2
0
2
3
3
1
2
-2
4
1
2
2
1
0
0
1
3
4
-2
2
0
1
4
1
-3
-5
-10
-7
0
-6
-3
2
-1
0
-3
-8
-7
-10
-8
-11
-11
-11
-13
-8
-10
-7
-10
-11
-11
-10
-6
-3
-5
-1
2
-1
-1
-2
0
-2
-6
-9
-6
-6
-6
-5
-4
1
2
3
0
2
0
5
2
1
4
1
6
1
3
-1
1
1
-2
1
-3
1
0
3
-5
-4
-2
-4
-2
-4
2
-3
0
-1
-1
2
1
1
4
4
3
5
7
8
6
12
13
9
7
12
10
7
9
5
3
9
9
12
10
7
13
12
11
12
9
8
8
5
11
10
11
12
13
14
10
15
11
12
13
16
11
10
14
11
16
10
13
14
19
20
16
19
19
22
19
19
24
19
18
18
18
22
18
22
20
19
23
21
25
20
20
19
17
19
13
16
15
16
13
14
10
10
11
2
6
5
7
5
-1
-5
-8
-8
-6
-1
-3
-8
-6
-5
-5
-1
-7
-5
-7
-8
-5
-10
-11
-11
-7
-5
-4
-7
-9
-7
-6
-3
-4
-6
-6
-4
-9
-4
-3
-9
-3
-7
-6
-5
-6
-9
-11
-5
-8
-11
-12
-13
-13
-17
-15
-13
-15
-16
-18
-17
-15
-14
-14
-12
-13
-15
-14
-12
-14
-12
-11
-11
-10
-13
-13
-16
-22
-13
-10
-11
-4
-6
-5
-8
-5
-1
-6
5
2
-4
-5
-2
2
1
3
-2
2
10
9
11
7
4
6
8
14
11
10
10
9
11
7
9
7
9
10
12
8
8
11
5
8
5
11
5
5
10
4
2
2
0
2
7
2
-3
1
3
2
10
8
7
9
10
12
7
9
11
10
16
16
9
12
5
5
7
10
7
4
10
7
5
-1
2
3
5
10
6
9
10
9
8
4
3
6
1
4
5
-2
-3
-4
0
3
-2
-2
-3
-1
-2
-4
-1
-1
-4
3
-1
-6
-3
-7
-3
-5
-7
-4
-4
-6
-10
-8
-4
-4
-9
-11
-10
-12
-9
-11
-11
-3
-8
-9
-14
-15
-14
-13
-13
-20
-19
-15
-16
-23
-19
-17
-20
-23
-22
-14
-17
-16
-14
-19
-18
-17
-17
-20
-23
-15
-21
-19
-13
-21
-23
-22
-23
-21
-20
-21
-23
-20
-20
-23
-20
-17
-13
-10
-6
-7
-9
-7
-5
-4
-5
-3
2
-7
-1
0
-4
-4
-2
9
4
7
7
8
7
8
11
10
15
13
13
8
8
8
5
6
10
10
6
7
6
9
9
6
7
8
13
6
8
7
3
11
10
10
11
11
13
8
7
10
14
13
12
18
11
8
11
16
20
18
19
20
17
19
20
18
21
23
18
19
21
21
14
16
18
16
14
13
13
11
13
12
11
16
17
19
20
20
21
17
19
25
18
17
19
19
20
18
20
18
15
9
10
11
5
8
3
5
5
8
8
5
8
7
7
3
5
10
12
9
10
9
10
12
15
14
9
13
8
11
12
10
11
9
6
8
9
9
4
2
7
5
4
3
2
3
4
0
1
-2
2
-5
-3
-1
-3
-4
-7
-3
-7
-6
-11
-8
-14
-12
-7
-11
-9
-16
-19
-15
-9
-15
-14
-13
-9
-10
-11
-11
-13
-17
-21
-16
-17
-15
-18
-16
-17
-20
-20
-17
-12
-17
-20
-18
-18
-12
-12
-15
-13
-20
-23
-17
-19
-14
-9
-14
-15
-15
-16
-17
-17
-15
-8
-6
-11
-7
-7
-6
-3
-4
-3
-9
-9
-1
-1
-4
1
1
2
0
0
4
4
3
5
10
15
17
17
20
18
21
19
22
18
21
29
25
27
23
18
14
16
20
18
10
9
11
9
12
13
12
10
4
9
8
7
7
4
12
6
12
10
5
15
13
14
16
14
14
18
17
16
13
13
15
17
13
19
17
13
18
14
14
16
15
14
19
17
20
23
17
13
12
13
10
10
7
13
10
7
10
9
6
6
6
3
7
12
5
-1
4
-4
-2
2
0
-1
-1
-2
-5
1
4
-1
2
2
1
-1
-4
1
-3
0
-1
-3
-3
-7
-6
-8
-7
-11
-3
-5
-10
-6
-2
-2
-7
-4
-5
-4
-2
-6
-7
-6
-5
-6
0
-5
-7
-4
-11
-12
-7
-8
-14
-12
-16
-19
-11
-22
-28
-26
-28
-30
-28
-31
-37
-39
-35
-30
-30
-28
-32
-33
-33
-34
-36
-37
-33
-33
-37
-33
-31
-30
-30
-33
-34
-29
-30
-32
-30
-28
-27
-25
-25
-27
-27
-27
-23
-24
-23
-18
-20
-22
-23
-18
-16
-15
-19
-18
-18
-16
-11
-8
-12
-14
-11
-18
-11
-11
-11
-5
-13
-6
-7
-4
-1
-5
-4
1
4
3
3
4
6
-2
5
9
3
8
8
7
7
9
12
5
5
11
11
15
14
15
12
18
17
13
19
18
19
17
20
20
22
20
19
15
15
18
10
14
9
6
8
10
7
8
5
6
11
2
1
0
3
2
-3
-6
-7
-3
1
-4
-7
-3
-4
-5
-6
-9
-10
-8
-14
-8
-2
-5
-6
-3
-3
-8
-9
-10
-6
-4
-6
-8
-4
-2
-8
-8
-8
-9
-6
-1
-1
-3
-7
-2
-3
5
1
-4
0
3
3
-3
5
3
2
4
2
0
1
5
2
5
4
-1
1
8
6
2
2
-2
-1
2
2
1
1
0
-3
-3
-4
-3
2
1
1
-5
-6
3
0
-2
-1
-4
-3
-5
-2
-3
-7
-5
-10
-8
-5
-12
-12
-11
-13
-10
-16
-18
-17
-14
-14
-22
-14
-16
-17
-17
-22
-19
-14
-10
-19
-17
-18
-23
-24
-20
-15
-17
-19
-21
-19
-16
-15
-15
-16
-7
-9
-10
-8
-10
-12
-11
-9
-7
-4
-3
-4
-2
-1
0
-2
2
0
1
-2
-4
-3
-6
-1
1
1
-2
4
4
2
1
2
8
8
5
4
6
7
6
9
11
9
11
13
14
12
17
18
16
18
15
23
21
20
18
18
19
17
21
16
16
18
16
18
18
19
17
12
12
13
15
16
12
15
19
15
18
16
14
14
14
13
10
11
12
12
11
9
3
5
6
5
6
7
5
7
8
1
9
5
4
3
4
13
4
10
7
1
2
-2
0
2
-2
-5
0
0
-6
1
-4
-7
-4
-8
-12
-10
-10
-11
-7
-10
-8
-11
-12
-12
-12
-12
-11
-15
-15
-13
-17
-12
-18
-11
-12
-17
-18
-16
-13
-20
-22
-21
-24
-19
-16
-22
-24
-26
-22
-20
-21
-24
-27
-28
-25
-22
-23
-27
-18
-15
-24
-18
-20
-17
-21
-21
-23
-21
-19
-21
-19
-20
-13
-14
-14
-16
-14
-16
-13
-7
-9
-14
-13
-10
-17
-10
-5
-6
-5
-3
-9
-3
-3
-6
0
-2
-2
-6
0
-2
-4
-6
-4
-8
-12
-5
-7
-12
-7
-4
-11
-2
-4
0
9
7
2
7
12
8
12
14
16
20
23
21
21
22
21
24
23
25
27
30
25
22
22
28
28
20
21
21
25
26
27
28
26
25
26
30
25
23
20
23
27
17
17
16
12
17
15
16
11
6
10
4
5
0
5
6
5
5
2
6
6
3
-2
-1
-5
-2
-3
-5
-5
-8
-10
-13
-13
-11
-11
-7
0
-1
-2
-5
-4
-12
-14
-6
-3
-5
-10
-6
-6
-10
-8
-4
-4
-1
-7
-10
-11
-11
-1
-6
-9
-12
-8
-4
-4
-7
-12
-5
-9
-12
-9
-8
-14
-12
-10
-12
-14
-13
-12
-17
-17
-20
-17
-14
-16
-14
-22
-15
-24
-20
-11
-15
-11
-22
-23
-23
-18
-12
-16
-14
-17
-15
-14
-13
-8
-10
-16
-17
-12
-2
-7
-7
-4
-16
-14
-6
-2
-9
-6
-5
-7
-1
-3
-4
1
0
-3
-1
-1
0
4
0
-1
2
1
4
7
8
8
7
11
10
10
10
14
14
12
14
12
6
10
17
17
21
20
21
15
12
16
11
14
14
17
14
12
11
13
16
12
18
23
21
26
29
20
24
29
27
26
22
23
22
24
22
27
30
25
28
22
23
21
27
26
23
30
28
27
26
23
19
25
26
27
23
24
25
22
22
22
28
24
22
25
18
16
17
6
9
9
5
12
5
4
5
2
5
12
8
2
1
1
-3
1
-4
-6
-5
-1
0
-6
0
-2
-4
-4
-10
-14
-16
-16
-10
-12
-15
-18
-18
-13
-15
-14
-15
-17
-23
-24
-24
-20
-21
-20
-20
-21
-22
-26
-24
-19
-14
-19
-15
-14
-15
-16
-14
-14
-11
-12
-16
-14
-18
-13
-16
-25
-23
-21
-23
-25
-18
-13
-14
-16
-15
-8
-7
-3
-1
-10
-5
-4
0
4
0
-5
-6
-1
-5
-2
0
1
1
2
4
3
2
7
6
8
4
4
11
6
6
12
10
11
12
12
13
11
21
18
13
17
10
18
17
13
15
12
12
11
10
8
7
9
4
4
6
0
0
-1
5
4
-2
0
-3
-4
-3
-1
-3
-1
0
6
9
10
6
2
5
9
5
1
4
1
7
10
10
10
5
5
4
8
7
8
10
5
6
4
2
5
8
10
8
7
9
10
10
9
10
7
8
10
8
9
4
6
10
3
5
5
2
3
-1
-5
-3
-3
-1
2
0
2
-3
-4
-2
-6
-3
-1
-1
-4
2
-1
-9
-8
-8
-1
-4
-10
-6
-8
-7
-5
0
-7
-7
-3
-8
0
-2
-5
-7
-7
-5
-10
-7
-8
-12
-10
-6
-9
-12
-8
-9
-9
-7
-9
1
-5
-10
-7
-6
-10
-16
-10
-15
-13
-13
-15
-15
-22
-20
-21
-23
-25
-25
-21
-19
-23
-22
-22
-24
-21
-16
-15
-14
-11
-14
-15
-12
-14
-10
-14
-18
-10
-6
-4
-4
-2
-1
-3
-2
1
-5
-8
-7
-11
-5
-5
-2
-2
-9
-5
-4
-2
6
-2
2
2
5
14
7
11
11
9
9
7
12
9
11
9
11
15
10
12
7
10
10
13
17
13
15
12
15
14
19
17
14
16
15
16
17
26
20
19
22
24
19
22
21
18
22
21
19
15
14
21
19
17
21
24
21
14
18
23
23
26
28
28
30
29
26
29
23
23
28
28
31
29
24
23
22
25
26
22
21
21
23
20
20
22
19
20
23
19
25
26
25
22
20
25
21
19
20
20
20
18
17
15
12
13
11
10
13
12
9
-1
3
1
-2
-2
-1
-3
-3
2
-1
0
-2
-5
-9
-8
-5
-5
-3
-5
-4
-6
-9
-8
-12
-11
-15
-15
-11
-14
-10
-15
-15
-18
-21
-18
-18
-16
-21
-21
-25
-24
-23
-22
-21
-22
-23
-25
-22
-17
-17
-12
-12
-16
-17
-12
-15
-22
-22
-26
-19
-19
-16
-19
-23
-20
-21
-18
-21
-16
-19
-18
-19
-16
-13
-17
-13
-15
-13
-9
-10
-16
-18
-18
-13
-13
-8
-10
-11
-12
-13
-4
-1
1
-1
-1
1
6
4
7
9
-1
8
10
9
12
13
13
7
10
12
13
13
11
15
15
20
17
21
21
20
20
15
19
22
22
22
17
11
16
19
24
23
11
11
9
11
7
12
13
6
3
5
11
4
4
2
4
4
4
4
6
10
5
9
6
5
10
12
14
15
16
13
11
8
2
5
6
4
7
7
9
6
5
5
1
3
0
4
5
3
4
3
5
7
5
3
4
0
4
7
4
5
2
5
-1
-4
-2
-6
-7
-5
-6
-3
-5
-7
1
-3
-2
-3
-4
-4
-9
-6
-6
-3
-9
-4
-3
-7
-5
-9
-16
-14
-10
-20
-14
-13
-9
-9
-7
-2
-8
-11
-10
-10
-8
-6
-8
-4
-2
-2
-4
-8
-8
-7
-7
-9
-6
-10
-3
-9
-9
-5
-10
-13
-14
-14
-14
-13
-11
-7
-8
-9
-12
-7
-7
-11
-9
-11
-10
-6
-2
-3
-3
0
-1
-6
4
-1
-2
1
-2
2
4
7
2
3
3
0
-1
1
1
6
6
5
9
5
5
10
5
9
14
6
5
5
10
12
16
18
18
14
11
13
11
18
18
10
8
13
10
12
15
12
17
11
15
14
9
16
15
15
17
17
23
17
16
20
17
18
13
14
16
16
18
14
13
19
11
9
17
12
16
19
13
15
14
15
17
18
20
20
19
17
14
12
15
11
12
16
13
17
15
11
11
13
11
9
17
12
7
8
8
6
5
9
9
5
10
12
9
11
14
12
13
11
8
9
16
12
13
10
9
11
8
5
6
4
-1
1
-4
3
-2
-3
1
3
2
0
5
-2
-2
2
-2
-2
3
3
1
5
4
4
6
3
4
2
-1
5
3
-4
-4
0
3
0
2
1
0
2
2
4
2
3
0
-6
0
-1
1
1
2
4
1
0
-4
4
0
0
3
-1
4
3
4
1
0
0
-1
5
0
1
3
2
4
6
5
7
7
9
6
12
14
9
11
9
11
8
11
7
6
3
2
8
8
12
11
16
9
9
14
13
12
10
11
8
8
7
9
9
12
14
14
12
13
14
9
17
15
10
12
14
14
11
13
7
9
16
11
13
11
11
10
10
9
13
13
8
16
12
6
12
11
12
11
9
11
7
8
8
3
3
8
12
5
8
10
4
3
3
2
1
-1
1
2
1
-3
0
2
0
1
1
0
-4
-1
-7
-6
-6
-10
-7
-7
-4
-6
-7
-6
-6
-15
-7
-11
-13
-9
-14
-14
-16
-13
-18
-18
-16
-17
-19
-20
-20
-17
-19
-22
-21
-23
-24
-20
-22
-20
-17
-21
-21
-23
-27
-25
-28
-32
-27
-31
-32
-26
-28
-25
-25
-27
-31
-34
-31
-31
-28
-27
-29
-26
-27
-23
-26
-28
-27
-28
-19
-25
-25
-28
-30
-25
-29
-25
-29
-30
-26
-31
-29
-29
-30
-27
-29
-25
-26
-23
-22
-25
-24
-20
-22
-23
-24
-18
-13
-14
-13
-14
-16
-16
-8
-9
-13
-14
-9
-1
0
0
1
-2
-8
-8
-9
-9
-4
-1
-3
0
3
4
5
6
10
10
9
8
10
9
10
11
7
4
8
5
2
7
8
11
12
15
12
15
13
10
14
13
10
14
18
17
19
18
19
21
21
25
27
27
18
19
23
18
18
17
14
9
8
6
7
13
10
6
6
13
11
12
10
11
7
3
7
5
5
7
6
1
5
6
2
0
-4
-2
-3
1
3
2
2
-3
1
-2
-7
-3
-1
-4
-7
-5
-3
-5
-7
-5
-1
-3
3
-1
-8
-5
1
3
0
1
0
-1
3
1
-3
-1
-4
-5
2
0
-3
0
2
3
9
12
5
6
6
3
-2
-4
1
-7
-4
1
-2
-2
-5
-7
-12
-12
-14
-9
-11
-13
-11
-15
-13
-13
-8
-16
-14
-9
-11
-9
-14
-13
-11
-7
-1
-6
-9
-7
-4
-7
-7
-5
-5
-4
-5
-2
-7
-7
-5
-9
-5
-10
-11
-9
-3
-2
-5
0
-6
-7
-6
-10
-7
-10
-14
-11
-8
-8
-7
-9
-7
-2
-4
1
2
-2
6
5
-1
2
-1
2
1
0
10
8
7
4
7
7
1
10
7
3
4
6
3
0
5
4
8
7
3
5
5
7
3
2
4
3
-2
8
11
0
4
7
2
1
0
-1
-1
-7
-6
1
-1
-8
-5
-5
-7
-2
1
1
0
1
5
6
5
4
8
9
4
8
10
5
7
11
9
7
9
7
10
10
8
2
7
11
10
12
8
8
9
8
7
8
7
7
7
8
7
6
7
7
10
9
8
7
5
7
6
11
10
8
8
9
8
3
0
-1
2
-1
-1
-4
-2
-5
-6
-9
-11
-12
-13
-10
-17
-13
-14
-11
-13
-9
-9
-16
-13
-15
-13
-6
-5
-9
-11
-10
-6
-3
-7
-8
-2
-2
-4
-6
-10
-6
-6
-7
-8
-7
-7
-12
-12
-15
-16
-16
-10
-6
-11
-6
-13
-11
-8
-11
-10
-10
-10
-9
-6
-9
-9
-5
-8
-13
-12
-12
-8
-5
-7
-7
-6
-5
-8
-5
-3
-4
-8
-5
-2
-5
-3
0
-1
2
5
7
10
4
8
2
3
4
7
7
6
3
4
8
4
10
5
5
6
5
4
6
9
7
8
9
7
4
3
6
6
6
11
11
14
16
11
11
13
11
9
10
7
7
3
6
14
10
12
8
8
12
10
12
15
12
11
13
11
14
12
11
10
11
9
5
4
5
12
8
12
10
8
6
6
5
3
8
5
7
3
1
-5
-5
-3
-2
-1
-2
-1
-4
-2
-6
-8
-7
-9
-11
-10
-13
-17
-14
-13
-14
-14
-13
-19
-17
-21
-20
-15
-20
-19
-15
-14
-18
-19
-13
-15
-19
-22
-23
-25
-17
-10
-20
-15
-13
-15
-19
-21
-14
-23
-21
-16
-19
-18
-16
-16
-18
-15
-14
-13
-16
-16
-13
-12
-12
-13
-13
-13
-11
-10
-7
-8
-6
-5
-7
0
2
0
1
0
3
6
7
2
2
6
4
8
6
8
10
8
7
12
14
14
12
10
10
4
7
6
7
9
11
5
9
10
16
18
13
18
12
19
18
17
18
13
16
18
20
14
15
13
8
9
16
10
7
10
8
11
10
7
12
9
6
8
10
14
11
11
3
6
13
14
11
7
6
4
11
7
8
5
-2
3
5
2
-1
-5
-8
-5
-4
-4
-9
-8
-11
-15
-12
-12
-15
-18
-15
-9
-13
-9
-10
-11
-9
-14
-14
-13
-15
-16
-12
-10
-12
-12
-11
-15
-10
-8
-10
-6
-8
-6
-13
-11
-8
-16
-11
-12
-16
-15
-12
-10
-17
-18
-16
-14
-12
-11
-18
-20
-16
-19
-19
-19
-18
-26
-23
-23
-25
-21
-20
-19
-23
-17
-27
-29
-32
-35
-37
-35
-27
-31
-33
-36
-33
-30
-30
-26
-27
-31
-31
-24
-22
-20
-17
-17
-17
-16
-16
-16
-7
-8
-9
-11
-11
-6
-10
-8
-8
-14
-15
-9
-13
-13
-9
-12
-12
-11
-7
-7
-6
-9
-7
-6
-8
-9
-2
1
-4
-3
-1
2
5
1
2
0
3
4
6
6
5
8
6
8
4
8
4
5
10
8
13
15
19
15
17
17
13
11
12
11
5
5
7
3
4
3
4
9
4
7
4
7
6
4
5
2
4
4
7
6
7
8
15
14
11
10
8
3
7
12
8
10
11
7
7
8
4
8
1
4
4
0
2
-2
0
-3
0
-1
0
4
2
4
5
5
8
10
13
10
5
13
14
12
12
13
17
13
14
16
14
15
16
13
12
11
12
12
15
14
13
15
10
12
17
17
13
11
17
16
15
18
16
20
18
16
20
21
19
19
19
15
20
19
15
14
14
17
18
17
13
16
15
13
17
12
10
12
12
9
6
7
6
4
2
2
5
4
2
3
1
1
-2
-5
-3
-5
-4
-6
-7
-5
-5
-4
-2
-3
-3
-9
-7
-3
-2
-1
-2
-6
0
2
1
0
2
1
-4
0
1
5
0
1
3
-5
-2
7
8
4
10
5
5
4
0
3
5
4
3
5
4
9
11
11
9
11
11
10
17
14
14
9
4
5
9
15
11
12
16
16
17
9
12
15
8
15
11
10
12
2
8
8
9
11
12
6
4
6
9
12
10
9
5
8
8
13
14
1
1
0
6
9
8
4
2
3
5
5
4
4
0
1
3
5
1
-1
-4
-4
4
1
-2
-3
-8
-6
-6
0
-1
-8
-5
-13
-13
-6
-11
-14
-8
-11
-5
-8
-16
-12
-13
-6
-2
-7
-9
-14
-14
-9
-3
-2
-12
-20
-23
-16
-3
-5
-7
-8
-9
-4
-2
3
1
-6
-7
-9
-6
-4
-4
-9
-11
-14
-8
-8
-19
-16
-21
-18
-12
-15
-16
-17
-15
-17
-13
-13
-10
-12
-18
-16
-17
-16
-16
-22
-19
-14
-13
-19
-23
-20
-11
1
-3
-16
-20
-23
-3
5
7
-4
-32
-28
-12
10
13
9
-6
-16
-11
3
15
9
4
-6
-3
0
9
14
11
6
11
12
8
10
0
9
16
23
16
-2
-5
-6
10
20
19
7
-2
-3
5
15
18
8
-2
6
6
11
9
2
3
6
7
5
-3
-8
-3
7
11
6
2
-10
-14
1
7
9
6
2
-3
-6
0
2
12
17
16
11
-6
-2
3
12
32
27
15
-4
-12
4
20
29
17
0
2
-2
14
27
17
10
-5
0
15
10
8
2
4
16
9
9
-7
-13
8
11
21
17
-4
-11
-11
5
17
7
3
-10
-13
-3
-1
7
3
3
9
-2
-6
-6
-5
19
26
28
8
-11
-7
8
36
40
19
-5
-18
-8
12
21
23
1
-10
-8
2
5
-2
5
-2
-1
-4
-13
-10
-13
8
16
7
-13
-41
-30
0
20
26
-3
-26
-21
-12
18
21
6
-4
-15
4
5
7
3
-14
4
15
16
1
-27
-11
17
32
32
-3
-30
-34
-20
18
23
8
-16
-47
-25
-5
19
23
-14
-26
-44
-32
-7
6
11
-20
-30
-31
-13
3
6
13
-6
-15
-11
-1
12
9
3
0
-4
0
-3
3
8
0
6
3
7
11
-6
-9
1
8
17
-7
-4
-1
-5
12
1
8
0
-15
-8
-2
13
17
5
8
-9
-16
-4
3
35
19
3
-19
-35
2
23
44
24
-20
-34
-22
23
52
26
-6
-33
-23
16
29
31
-11
-37
-16
10
36
8
-15
-18
-6
29
24
4
-19
-23
12
26
19
3
-20
-11
3
27
24
-12
-15
-14
10
8
-22
-15
-14
11
28
-7
-23
-52
-28
39
42
20
-61
-92
-30
28
79
42
-43
-81
-70
11
74
50
-4
-70
-63
8
30
26
-8
-50
-14
-16
-22
-10
-30
15
7
-13
-3
-57
-45
-5
22
56
-30
-87
-57
-28
61
22
-45
-54
-68
12
29
-15
-26
-84
-59
18
12
29
-68
-121
-52
-19
72
20
-71
-92
-127
-45
24
16
27
-73
-128
-100
-88
29
36
0
-31
-140
-114
-65
-2
98
28
-41
-121
-170
-36
36
95
60
-84
-115
-116
-34
85
61
31
-43
-112
-30
-29
20
45
-3
38
-37
-54
-42
-58
50
68
69
53
-92
-95
-61
50
185
80
0
-118
-101
38
73
131
73
-3
-41
-77
24
89
94
71
-15
5
-12
-13
19
46
129
55
-17
-72
-29
85
75
65
6
-18
-3
-21
63
99
48
-9
-104
21
118
102
35
-122
-36
35
86
125
18
6
-59
-84
56
120
159
38
-121
-34
-11
83
97
30
104
-11
-56
-66
-33
148
132
83
-4
-130
-56
-36
80
185
73
13
-176
-142
16
91
189
21
-70
-91
-108
19
22
77
118
-23
-39
-135
-72
75
34
131
23
-37
-62
-160
21
100
141
93
-117
-107
-70
-1
93
54
84
-13
-126
-114
-30
101
72
-5
-62
-22
-41
-83
-37
-13
81
32
-53
-50
-108
-43
-11
14
149
32
-96
-169
-154
104
145
83
-1
-152
-109
-32
28
165
62
-48
-81
-140
51
68
28
38
-77
27
15
-84
5
-32
64
104
-78
-37
-117
-54
76
2
82
-50
-144
-97
-68
99
63
-54
-84
-122
-28
4
-9
2
-26
-1
-46
-65
-66
4
89
47
21
-81
-80
0
30
129
89
-3
-43
-119
20
145
128
81
-87
-68
3
-14
68
67
61
34
-153
-104
2
54
115
-65
-45
-33
-123
-76
-56
108
126
-78
-141
-143
-37
76
67
108
4
-103
-123
-38
143
165
121
-36
-70
-20
49
157
138
119
21
-109
-12
103
189
163
-76
-74
-78
76
250
98
-70
-288
-136
196
246
92
-186
-275
-106
71
241
165
-41
-220
-237
26
205
267
46
-120
-94
-21
101
74
109
174
56
-29
-84
-44
165
121
155
108
-62
-115
-189
17
260
166
18
-193
-346
-101
-35
232
197
-219
-266
-429
-91
167
42
59
-308
-377
-149
-118
226
14
-219
-180
-317
157
99
-71
-54
-216
109
88
1
119
-155
-67
67
176
387
-79
-149
-96
79
386
162
121
-83
-134
58
167
266
139
-46
-83
-56
91
124
81
37
-32
14
-98
16
17
39
82
-50
29
-114
-76
86
63
92
-36
-58
146
-13
38
63
52
248
-3
71
90
10
179
76
163
210
-58
58
40
113
251
-82
61
5
-35
72
-152
49
61
-120
-88
-312
-142
51
-137
-20
-330
-351
-193
-260
73
-128
-334
-320
-440
-65
-7
-212
-155
-410
-160
-63
-293
-82
-221
-44
-14
-347
-120
-203
-150
70
-153
44
-181
-358
-56
-142
155
68
-209
-81
-215
-34
37
-108
186
116
-39
-101
-225
140
276
241
259
16
-34
57
170
448
489
374
239
9
115
440
637
715
546
224
199
225
611
966
733
519
146
247
649
734
817
537
268
414
406
593
531
265
445
327
464
284
-46
72
68
370
324
-110
-328
-465
-163
136
-128
-263
-678
-746
-474
-458
-226
-684
-937
-752
-764
-597
-831
-987
-746
-944
-813
-786
-1053
-826
-1041
-809
-648
-927
-716
-974
-942
-541
-642
-494
-757
-845
-313
-558
-377
-360
-470
-169
-399
-109
39
-209
8
0
105
335
123
335
249
238
648
505
590
522
563
819
724
801
920
858
943
968
1005
1168
1084
1192
1214
1155
1303
1323
1389
1435
1336
1395
1414
1466
1591
1403
1335
1311
1386
1509
1301
1114
1031
980
1017
891
737
602
250
90
19
13
-151
-555
-782
-915
-1050
-1282
-1423
-1533
-1677
-1930
-2247
-2350
-2348
-2347
-2403
-2646
-2685
-2670
-2897
-2838
-2646
-2276
-2260
-2826
-2732
-2341
-1963
-1658
-1888
-1716
-1588
-1541
-956
-825
-538
-307
-469
-63
138
481
893
552
1018
1442
1473
1613
1204
1867
2422
2311
2323
1805
2000
2449
2506
2667
2213
1940
2012
1797
2047
2038
1735
1367
874
1004
1104
828
512
203
104
34
-186
-298
-383
-441
-503
-594
-621
-459
-364
-502
-541
-367
80
333
239
219
400
717
1153
1285
1427
1486
1378
1653
1781
2089
2104
1823
1824
1820
1843
1664
1359
1310
1266
934
633
145
-124
-337
-602
-743
-1159
-1596
-2043
-2363
-2535
-2623
-2818
-3043
-3420
-3914
-4042
-3983
-3693
-3726
-4287
-4384
-4287
-3931
-3675
-3932
-3656
-3736
-3531
-2986
-2767
-2351
-2599
-2455
-1648
-1142
-594
-595
-645
80
384
1192
1578
1601
2240
2140
2775
2949
3072
3735
3806
4206
4007
3752
3978
3958
4196
4318
4032
3653
2827
2605
2850
2793
2527
1818
1217
711
269
229
223
-104
-556
-1174
-1510
-1596
-1572
-1391
-1396
-1405
-1451
-1800
-1839
-1327
-583
65
-258
-316
-140
270
1083
1362
1926
1939
1813
2105
2260
2842
3111
2929
2964
2686
2725
2609
2243
2490
2274
1983
1333
691
609
373
127
-281
-944
-1491
-1971
-2379
-2535
-2789
-2988
-3525
-4308
-4827
-4724
-4378
-4269
-4894
-5754
-5755
-5446
-4777
-4895
-5165
-5144
-5391
-5065
-4464
-3629
-3380
-4006
-3599
-2593
-2047
-1826
-1906
-696
-35
207
677
747
1665
2226
3209
3695
3274
3610
4272
4925
5265
5301
5674
5403
4842
5338
5710
5751
4914
4407
4511
4065
3564
3147
2942
2496
1770
980
520
133
-153
-430
-1014
-1330
-1750
-2283
-2330
-2163
-1692
-2002
-2832
-2701
-2157
-1234
-1079
-1177
-899
-687
-90
438
1004
1461
1572
1892
2342
2749
3099
2922
3239
3524
3755
3733
3093
3162
3020
3172
3000
2326
1897
1195
876
580
212
-158
-933
-1657
-2197
-2414
-2803
-3439
-3914
-4550
-4623
-5216
-5301
-5457
-6502
-6430
-6427
-5398
-5400
-7237
-7523
-7001
-5418
-4295
-5665
-5821
-5940
-5281
-3295
-3341
-2179
-2766
-3338
-1796
-652
1405
880
53
1401
2850
3871
3638
3469
4830
5574
5872
6369
6267
6284
6153
6599
7385
7157
6211
5710
5263
5434
5493
4724
4037
2742
2319
2091
1324
900
81
-645
-1231
-2039
-1984
-2204
-2739
-3118
-3727
-3191
-3113
-3347
-3404
-3298
-2342
-2116
-1997
-1526
-1073
-329
29
611
1460
1775
2233
2499
3125
3891
4026
4028
3924
4410
4880
4744
4336
4031
4002
3727
3348
2977
2464
1920
1140
643
245
-424
-939
-1865
-2355
-2714
-3513
-4057
-4911
-5197
-5338
-5917
-6139
-6858
-7207
-7046
-7200
-7084
-7378
-7411
-7259
-7426
-6972
-6500
-6256
-6020
-5532
-4809
-4412
-4213
-3506
-2618
-1921
-898
159
483
428
1004
2513
4036
4387
4901
5092
5046
5834
6719
8079
7939
7316
7320
7022
7322
7414
7439
7211
6207
5576
4941
4070
3816
3442
3002
2077
743
-51
-891
-1327
-1376
-1652
-2147
-2968
-3666
-3828
-3979
-3729
-3258
-2965
-2975
-3492
-3467
-2637
-1464
-642
-324
-222
53
460
1245
2413
3240
3571
3404
3500
3895
4299
4576
4812
5035
4834
4259
3506
3358
3557
3404
2875
1888
1032
274
-377
-542
-846
-1438
-2388
-3654
-4480
-4804
-4909
-5017
-5678
-6536
-7234
-7762
-7596
-7362
-7445
-7545
-7867
-8081
-8107
-8030
-7134
-6449
-6194
-5837
-5910
-5420
-4795
-4027
-2705
-1840
-1009
-651
-1045
-18
1820
3422
3939
3342
4389
5274
5674
6376
7255
8344
7923
7409
7762
8124
8031
7900
7851
7800
7016
5914
5220
4631
4662
4328
3286
1861
755
222
-211
-876
-1373
-1822
-2623
-3162
-3629
-3692
-3843
-4071
-3812
-3528
-3458
-3470
-3477
-2799
-1828
-1189
-536
-452
-54
503
1288
2497
3159
3465
3572
3679
4171
4736
5029
5344
5025
4875
4639
4194
4199
3868
3668
2958
1959
1267
636
211
-77
-826
-1802
-2864
-3865
-4056
-4637
-4991
-5583
-6697
-7046
-7759
-7892
-7793
-8281
-8196
-8689
-8734
-8343
-9208
-8824
-7906
-6915
-6143
-7468
-6984
-5830
-5290
-3665
-3299
-1858
-1280
-2098
-396
573
2130
3416
3331
4872
4789
4962
6446
7033
8888
9182
8482
8641
7825
8799
9623
9343
9540
8177
7276
6629
5656
6124
5654
4625
3536
1673
898
110
-399
-426
-1425
-2481
-3492
-4291
-4268
-4225
-4271
-4394
-5055
-5000
-4708
-4424
-3910
-3443
-2512
-1930
-1698
-1301
-486
539
1544
2314
3011
3454
3597
4170
4834
5652
6029
5956
5821
5579
5616
5544
5414
5276
4716
3776
2724
2049
1820
1416
740
-175
-1419
-2590
-3394
-3830
-4111
-4875
-5827
-6739
-7575
-7932
-8290
-8415
-8552
-8864
-9303
-10064
-10257
-9566
-8630
-8444
-8913
-9109
-8284
-7230
-6590
-6053
-5685
-4935
-4089
-2477
-645
-433
-1223
-1101
1787
4912
5348
4149
3858
5569
7466
8735
9519
9490
8669
8280
9277
10626
10752
9735
9015
8655
8302
7482
6467
5867
5487
5148
3815
1795
338
-48
-111
-760
-1736
-2860
-3926
-4698
-4681
-4372
-4621
-5074
-5343
-5316
-5140
-4956
-4219
-3210
-2625
-2153
-1933
-1290
-308
535
1836
2757
3247
3541
3646
4520
5390
6017
6526
6226
6057
5820
5738
5930
5802
5660
4842
3746
2747
2171
1956
1594
1059
-167
-1677
-2894
-3557
-3604
-4110
-5121
-5906
-7128
-7667
-8161
-8658
-8287
-9095
-9081
-9365
-10073
-9795
-10716
-9802
-8531
-8396
-8103
-9320
-8643
-6990
-6596
-5204
-4615
-2803
-1034
-3050
-3597
-1849
2510
5941
3467
2379
3200
4781
7419
8460
10800
10322
7152
7499
9547
12146
12106
9956
10046
9552
8540
8053
6990
7574
7747
6395
4440
1266
692
1562
1249
651
-1189
-2936
-4438
-5375
-3912
-2815
-3854
-5661
-7126
-6488
-5154
-4750
-4072
-3943
-3779
-3467
-3289
-1747
-563
266
1182
1630
2366
2547
3007
4299
5383
6267
6176
5326
5231
5719
6614
6923
6106
5526
4451
3612
3489
3298
3209
1998
673
-238
-1238
-1668
-2349
-3354
-4220
-5044
-5605
-6340
-7435
-8143
-8709
-8718
-8199
-8634
-9712
-10883
-10891
-9798
-9108
-8873
-9471
-9924
-9632
-8549
-7035
-6446
-6508
-6157
-4073
-1629
-1929
-4007
-3431
851
4809
4286
1982
2269
4014
6601
8585
10264
10221
7427
7164
9541
12413
12770
10607
9900
9772
9500
9168
8325
8137
8151
7301
5601
2861
1750
2370
2224
1462
-262
-1928
-3484
-4396
-3225
-2392
-3361
-5383
-6540
-5922
-5023
-4553
-4261
-4019
-3829
-3610
-3087
-2034
-1039
-168
752
1586
2098
2135
2600
3662
5046
5954
5808
5184
4817
5395
6240
6477
6117
5378
4315
3371
2971
3086
3078
2100
958
-389
-1601
-2183
-2758
-2883
-3647
-4892
-6115
-7459
-7676
-7614
-7804
-8193
-9270
-9943
-10166
-10098
-9406
-9728
-10142
-10281
-10270
-9089
-8454
-7887
-8080
-8453
-6810
-4401
-2091
-2387
-4783
-4852
-1475
3056
4312
2126
1410
2764
5097
7413
8916
9737
8240
7253
9055
11326
12112
10801
10109
10825
10647
9646
8430
7911
8663
8633
7263
4692
2357
2305
2628
2314
1293
-714
-2488
-3932
-3781
-2272
-2564
-4260
-6108
-6574
-5335
-4807
-4563
-4352
-4398
-3781
-3563
-2893
-1660
-1121
85
857
1481
2086
1954
2982
4082
5114
5862
5231
4944
5140
5700
6455
6048
5577
4924
3819
3479
3058
2953
2575
1264
305
-906
-1730
-2098
-3190
-3777
-4545
-5556
-6165
-7389
-7762
-8150
-9042
-8938
-9122
-9302
-9988
-11309
-10594
-9750
-9618
-9489
-10337
-9269
-8304
-8540
-7905
-7450
-4079
-1489
-3566
-5948
-5703
-252
4566
3109
1286
1239
2802
5366
6967
10235
10605
7273
6832
9022
12635
13050
10753
10996
11331
10833
9814
8304
9077
10171
9630
7560
3800
2540
3502
3646
3255
1545
-644
-2641
-4240
-3011
-1559
-2468
-4393
-6587
-6682
-5722
-5271
-4565
-4534
-4462
-4295
-4551
-3523
-2251
-1163
-136
246
986
998
1340
2545
4003
5366
5224
4598
4228
4869
6177
6403
6050
5433
4550
3946
3199
3465
3574
2534
1438
-280
-993
-1415
-2121
-2682
-3969
-4739
-5681
-6890
-7260
-7654
-8209
-9049
-9449
-9279
-10101
-10981
-11143
-10366
-9923
-10317
-10261
-10353
-9403
-8534
-8389
-7812
-6615
-3208
-2263
-5425
-6409
-3137
2791
4175
897
997
2424
4466
6341
8260
11093
8842
6541
8448
11461
13462
11652
10631
11783
11257
10634
9371
8642
9912
9947
8861
5735
2939
3403
3771
3404
2219
201
-1613
-3425
-3427
-2164
-2634
-4140
-5761
-6314
-6008
-5953
-5431
-4858
-4565
-4492
-4529
-4088
-3006
-1937
-793
117
594
905
1103
2115
3574
4787
5334
4964
4579
4972
5901
6695
6520
5796
5193
4526
4203
3974
3700
3176
2119
808
-350
-1144
-1594
-2321
-3535
-4397
-5347
-6442
-7514
-8206
-8139
-8444
-9391
-10265
-11179
-11310
-10846
-10906
-10825
-11135
-10903
-10431
-10441
-9502
-8756
-7990
-6480
-4714
-3670
-5293
-6267
-2792
1997
3766
1414
130
2269
4993
7376
9002
9955
8842
7532
9118
12123
13455
12409
11562
11769
11529
10810
10324
10073
10296
10025
8680
6022
3780
3969
4414
3726
2048
6
-1719
-3046
-2782
-1941
-2897
-4685
-6024
-6250
-6006
-6047
-5524
-5057
-4921
-4999
-5051
-4307
-3091
-1966
-1010
-281
155
397
806
2124
3807
4853
5082
4597
4513
5255
6220
6997
6793
6099
5409
4629
4578
4659
4488
3775
2258
1057
-60
-797
-1072
-1862
-2859
-4268
-5852
-6994
-7800
-7697
-7662
-8757
-10351
-11705
-11641
-11006
-10858
-11267
-12309
-12643
-11915
-10319
-9419
-10374
-11037
-8960
-4484
-3159
-6664
-8684
-5013
1213
3123
941
91
1008
3166
6141
9216
10873
8462
6544
8700
12539
14550
12648
11169
11899
12520
12283
10838
10111
10737
10881
9927
7095
4499
4316
4679
4399
2813
718
-1272
-3081
-3103
-2099
-2327
-4304
-6560
-7205
-6655
-6087
-5973
-6043
-5894
-5906
-5713
-5275
-4156
-2786
-1892
-1034
-602
-144
389
1303
3081
4598
5170
4860
4390
5170
6606
7518
7740
7028
6402
5779
5446
5968
5980
5374
4040
2458
1584
805
231
-307
-1462
-2660
-4142
-5905
-6863
-7194
-7248
-7968
-9647
-10665
-11389
-11924
-11669
-11740
-11990
-12428
-12811
-12050
-11530
-11478
-11181
-9704
-5993
-4772
-8363
-10360
-6540
352
2536
-870
-1734
1
2447
5300
7833
10271
8449
6077
8230
12038
14454
13106
11662
12765
13096
12372
11230
10769
12132
12459
10829
7725
4998
5282
6035
5501
3917
1431
-830
-2661
-2836
-1547
-1717
-3770
-6474
-7723
-7200
-6476
-6018
-6189
-6395
-6709
-6912
-6322
-4944
-3200
-2280
-2121
-1930
-1388
-291
1155
2603
3887
4394
4228
4155
4889
6600
7850
7765
7110
6480
6401
6436
6421
6904
6428
5000
3340
2170
2222
1857
952
-443
-2322
-3275
-4603
-5741
-6116
-7186
-7750
-9209
-10615
-10922
-12003
-11923
-12178
-12876
-12875
-14062
-13370
-12224
-12367
-11720
-11343
-8318
-6609
-9603
-10269
-7220
-1670
308
-2734
-2199
-203
1930
4563
6283
9299
8307
6212
8425
11790
14759
13685
11948
13190
13489
13453
12738
12019
13249
13003
11577
8880
6357
7017
7203
6278
4411
1839
228
-1660
-2004
-1094
-1700
-3409
-6460
-7968
-7326
-6532
-5720
-6579
-7462
-7693
-7732
-6378
-5102
-3964
-3208
-3580
-2955
-2016
-702
1052
1806
3084
3568
3464
4055
4726
6727
7884
7425
7073
6322
6711
7240
7187
7564
6497
5493
4395
3194
3457
2802
1830
570
-1239
-2035
-3651
-4696
-4832
-5969
-6805
-8845
-10184
-10296
-11409
-11261
-11870
-12996
-13517
-14661
-13844
-13013
-12768
-12132
-12537
-10232
-8104
-10031
-11232
-9042
-3261
-610
-3827
-4416
-1975
1238
3981
5119
7693
7474
5455
7352
11110
14793
14317
11899
12727
13636
13889
13603
13095
14279
14117
12424
10105
7466
8031
9035
7966
5873
2839
943
-498
-1058
158
-462
-2853
-5732
-7734
-7320
-6648
-6028
-5972
-7251
-8346
-8922
-7876
-5570
-4220
-3858
-4337
-4530
-3539
-2004
121
1715
2261
2403
2303
2924
4394
6274
7713
7574
6776
6344
6509
7277
8000
8227
7473
5843
4751
4454
4544
4171
2790
1445
170
-816
-1869
-3428
-4220
-4722
-5640
-7117
-9153
-9873
-10493
-11281
-11005
-12042
-13041
-14311
-15498
-14043
-12995
-12033
-12790
-14073
-10280
-8348
-10534
-12001
-9358
-2333
-1630
-5391
-4824
-2226
1856
3658
4876
8002
6298
4949
7391
11932
16091
13572
11580
12822
13466
14675
14105
14012
14769
13772
12804
9962
7967
9344
9601
8468
5617
2921
1370
-572
-511
452
-79
-2717
-6398
-8002
-7642
-6372
-5356
-6103
-7581
-9469
-9624
-7736
-5528
-3651
-4215
-5086
-5115
-4105
-1479
363
1658
2269
1932
2401
2992
4497
6906
7912
8115
7062
6347
6851
7377
8749
9131
7903
6145
4628
4600
4845
4707
4111
2078
257
-1216
-2271
-2574
-2899
-3371
-5586
-8096
-9480
-9909
-9412
-9811
-10969
-12363
-14092
-14680
-14726
-13820
-12587
-13071
-13633
-14093
-11743
-8431
-9859
-12287
-10631
-4908
-1486
-4700
-6373
-3114
700
3691
4385
6170
6556
4691
6906
11373
15174
14472
11239
11730
13792
15015
15099
13962
14141
14139
12999
11259
8900
9198
10105
8831
6206
3448
1876
550
-352
122
-495
-2990
-5668
-6918
-6840
-7196
-7154
-6921
-7163
-8286
-9575
-9062
-7101
-4975
-4102
-4521
-4899
-4668
-3252
-623
1538
2614
2387
1966
2756
4446
6605
7969
8027
7568
7151
7117
7664
8423
8955
8491
7109
5489
4618
4733
4919
4311
2508
983
-268
-1455
-2293
-3271
-3788
-4890
-6901
-8251
-9464
-9971
-10180
-11135
-11611
-12791
-13842
-14363
-15030
-14276
-13373
-12877
-12669
-12149
-9803
-10167
-13205
-11784
-6045
-1216
-3438
-7530
-5620
-1381
2779
4594
5676
6375
4343
4988
9349
13942
15047
12247
11659
13187
14046
14382
13941
14630
15325
14233
11791
8734
8657
10738
10578
8219
4876
2358
762
-88
992
1052
-1320
-4762
-7003
-6762
-5898
-5987
-7113
-7888
-8098
-8255
-8350
-8175
-6667
-4767
-4176
-4546
-4853
-3626
-2280
-756
1949
3140
2688
1887
2723
5310
7425
8415
7738
6737
7139
7626
8061
8750
8708
7842
6276
5424
5026
4721
4714
3727
2224
796
-667
-1889
-2610
-2791
-3581
-5389
-7084
-8730
-9693
-9726
-10046
-10759
-11830
-13275
-14159
-14832
-14951
-14408
-13635
-12221
-12926
-12623
-10303
-11392
-13386
-11253
-4668
-1155
-5841
-8973
-5643
-574
3966
4381
4827
5184
3388
5647
10158
14963
15046
10998
11579
13556
14387
14958
14335
15456
15683
13880
11620
8652
10049
11925
10766
8483
4319
1936
1193
1122
2248
814
-2143
-5521
-7700
-5969
-5086
-5578
-7097
-9147
-9287
-8948
-7684
-6647
-6595
-5821
-5693
-5456
-3978
-3103
-1841
-521
1115
2583
2316
2594
3590
5582
7964
8176
7212
6867
7255
8468
9214
9288
8564
6989
6326
6039
5982
5791
4605
3185
1824
481
-491
-1347
-1910
-2830
-4376
-5693
-7496
-8640
-9081
-9456
-9757
-11362
-12673
-13449
-14187
-13817
-14342
-14431
-14103
-14449
-13514
-13286
-11109
-8329
-10586
-12902
-11101
-5017
-1023
-4607
-6116
-3480
-234
3327
4160
6563
7087
4797
6665
10414
14766
14687
11448
12769
14572
14807
14174
13394
15108
15334
13772
11614
8782
9230
10083
9311
7510
4225
2185
525
-280
270
-572
-2301
-5384
-7168
-6504
-6177
-6076
-7697
-8648
-8163
-8018
-6845
-6830
-6684
-5151
-4670
-3449
-2742
-2213
-766
-314
2180
3978
3859
4436
4377
6185
8013
8062
8541
7933
8139
8822
8064
8400
7821
7074
7090
5734
5119
3917
2650
2235
665
668
-116
-2792
-4149
-5608
-5707
-5851
-7157
-8314
-11089
-12250
-11878
-11757
-10931
-12708
-15021
-15981
-16250
-14086
-12861
-12396
-12889
-13059
-9410
-9606
-13113
-11686
-5781
-656
-3160
-7194
-5101
-1774
2876
5752
6793
7408
3822
4013
9422
15141
16686
12541
11423
13158
13586
14413
14664
15311
15690
13670
11183
8345
8604
10852
10311
8272
4490
1236
6
-501
708
982
-1406
-5456
-8723
-7743
-6224
-5611
-5319
-7182
-9408
-10570
-8797
-5385
-3830
-3822
-5327
-6303
-4125
-1607
595
1752
1847
2538
2273
3652
5596
6974
8721
8235
7787
7840
7531
8281
8807
9480
9153
6507
5272
4858
5106
5618
3681
1926
283
-834
-846
-2172
-3071
-4258
-6137
-6867
-8201
-9337
-10177
-10886
-11014
-12030
-12898
-14013
-14818
-14476
-14223
-14299
-14510
-13787
-12903
-11202
-8434
-9446
-13104
-12371
-6131
-466
-2378
-6420
-5384
-1637
3252
5301
6018
6779
5030
5748
9505
14153
15625
12541
12304
14159
14548
14499
13754
14828
16148
14740
12055
8627
8537
10548
10186
8599
5049
1755
423
-357
604
641
-1591
-4954
-8043
-7626
-6634
-6351
-5672
-6887
-9152
-10472
-9299
-6337
-4630
-4017
-4753
-5967
-4853
-2782
-237
1856
2349
2270
1555
2671
5296
7207
8929
8423
7102
7109
7501
8995
9500
9462
8920
6509
5621
5359
5281
5746
4408
2504
302
-1254
-1121
-1731
-2095
-3244
-6110
-7993
-9235
-8922
-8904
-10230
-11293
-13193
-13852
-14034
-14816
-14268
-14063
-14348
-15402
-15993
-13748
-11278
-8453
-8267
-12925
-13982
-8941
-2351
-558
-4651
-5271
-2850
308
4464
6156
7994
6946
5163
8272
12625
15586
14141
12704
15175
15883
14461
13709
14296
16669
16608
13855
10657
8221
9316
10196
9579
7496
3381
820
-401
-431
296
-848
-3277
-6488
-8085
-7741
-7440
-6148
-6522
-8874
-10332
-9756
-7467
-6049
-5561
-5108
-5401
-4752
-3458
-2119
141
1272
2170
2405
2946
4721
5533
7271
8415
8303
8148
7605
8099
9013
9649
9531
7689
6402
5972
5573
5843
4749
2895
1173
-311
-542
-1234
-2208
-3590
-5963
-7643
-8644
-8498
-8584
-10642
-12415
-13452
-13668
-13439
-13615
-14317
-15958
-16767
-15607
-13711
-12566
-10823
-9165
-11469
-14997
-12602
-4840
-251
-3481
-7444
-5662
-1473
2609
5034
7109
7622
4887
5400
9667
14566
16000
13901
14258
15287
14622
14211
14607
16804
18259
16300
12605
8796
8870
11388
11756
10116
6020
2017
0
-543
940
1213
-1073
-4743
-8075
-8541
-8229
-7210
-5654
-6265
-9133
-12268
-11493
-7855
-4828
-3443
-5306
-7261
-6580
-4517
-1033
1474
2277
1757
439
1833
4332
6667
8815
8547
7831
7303
7031
8237
9330
10670
10380
7336
5433
4758
5417
6829
5904
3273
113
-1638
-1461
-1424
-1139
-2562
-5763
-8229
-9916
-9555
-8880
-9502
-11006
-13471
-14532
-14928
-15030
-13914
-14074
-14396
-15312
-16279
-14635
-12079
-7981
-7865
-13165
-13743
-8880
-2979
-1621
-4877
-4292
-2165
389
3937
5462
7696
6965
6055
9512
12528
14463
13582
13242
16016
16138
14770
13752
13888
16632
16610
14179
11206
8679
9567
9725
9365
7836
3709
1362
-313
-393
371
-1379
-3318
-6072
-7503
-7418
-7903
-6142
-6278
-8746
-9975
-9852
-7039
-5442
-5668
-5351
-5695
-4257
-3042
-2266
328
1306
1997
1935
2496
5190
6146
7307
8040
7871
8416
7760
8290
9618
9677
9403
7061
6131
6720
6140
6207
4257
2424
1255
-555
-257
-801
-1984
-3642
-6468
-7325
-8176
-8675
-8820
-10964
-11896
-13065
-14220
-13760
-14283
-14164
-15010
-16342
-15618
-14887
-13510
-11746
-9741
-9458
-13511
-14216
-8315
-2323
-1802
-5925
-6037
-2523
751
4063
6048
7528
6602
5461
8301
12705
15462
14651
13700
15111
15293
14199
14073
15330
17208
16755
13646
9979
8524
10211
11072
9971
7229
3246
714
-415
11
754
-557
-3413
-6967
-8404
-7873
-7390
-6139
-5815
-8108
-10934
-10958
-8103
-5241
-4003
-4735
-6061
-6026
-4251
-1565
698
2231
2078
1044
1984
4198
6349
7987
8652
8428
7503
7397
8283
9054
10414
10385
8113
6158
5134
5883
6530
5530
3712
957
-553
-996
-1444
-1545
-3062
-5304
-7403
-9151
-9201
-9296
-10208
-11427
-13015
-13776
-14621
-15169
-14931
-14914
-14825
-15801
-15760
-14319
-11915
-8610
-10251
-14386
-13841
-7985
-1905
-2845
-6582
-5885
-2860
1482
4487
5955
7109
5312
5710
9328
13542
15593
13247
13249
15554
15658
14667
13707
15304
17516
16387
13665
9907
8831
10622
10849
10083
6932
3179
942
-322
735
1086
-742
-3756
-7213
-7835
-7425
-7211
-5947
-6012
-8060
-10936
-10908
-7590
-5028
-3836
-5023
-6423
-5327
-3800
-1507
678
2065
2631
1433
1910
4180
6349
8656
9039
8506
7862
7099
8200
9318
10827
10979
7762
5798
5135
5715
6884
5692
3546
866
-890
-1001
-1611
-1896
-3155
-5761
-7351
-9056
-9883
-9831
-10786
-11564
-12600
-13755
-14838
-15914
-15704
-14967
-14846
-14842
-14567
-14769
-13444
-9914
-8831
-11952
-13234
-8651
-3179
-2725
-5532
-5113
-1829
1881
4208
5420
7095
6425
6312
9274
13660
15822
13624
12779
14702
15844
15512
14688
15015
16070
15485
13389
10745
9406
10101
10176
8909
6255
2960
1166
362
127
44
-1572
-4333
-6685
-7426
-7354
-7372
-6656
-6122
-8209
-10949
-10277
-7417
-4674
-4016
-5619
-6274
-5457
-3385
-826
828
2170
1641
719
2433
4981
7321
8250
7856
7803
7530
7819
8669
9217
10263
9645
7341
5946
5399
6109
6483
5258
3199
627
-808
-1188
-1272
-1388
-2977
-5767
-8251
-9401
-9256
-8705
-9491
-11938
-13768
-14370
-14326
-14152
-14666
-14892
-15166
-15606
-14649
-13790
-11280
-8108
-10187
-13941
-12761
-6306
-1277
-3586
-6278
-4535
-1587
2190
4160
6078
7466
5633
6258
9612
13841
15099
12732
13511
15511
15123
13957
13427
15285
16846
15414
12479
9071
8719
10204
10159
8952
5610
2191
283
-449
273
129
-1715
-4799
-7426
-7604
-7706
-7212
-5832
-6276
-8815
-11297
-9827
-6501
-4544
-3926
-5579
-6349
-5013
-3138
-296
1403
2054
1526
808
3283
5542
6931
8234
7998
8053
7646
7708
8814
9332
10452
9597
7194
6190
5432
6038
6508
5255
3312
538
-639
-1059
-1716
-1671
-3049
-5112
-7668
-9756
-9709
-9365
-9387
-11060
-13298
-14379
-15355
-14749
-14285
-14482
-14405
-15748
-15125
-13768
-11318
-7937
-10353
-13544
-11944
-6365
-1491
-3920
-6525
-4180
-1148
2874
4321
5236
6729
5371
7103
10457
13573
14733
12298
13280
15541
15276
14665
13778
15082
16426
14832
12566
9612
9362
10595
9744
8236
5259
2475
936
0
220
-393
-2421
-4948
-7000
-7299
-7729
-7776
-6429
-6168
-8364
-11208
-10439
-7047
-4435
-3787
-5552
-6618
-5441
-3217
-303
1909
2480
1442
744
2826
5883
7869
8396
7854
7836
8186
8439
8869
9502
10284
9775
7736
6213
5677
5912
6602
5759
3271
523
-1255
-1271
-958
-1443
-3280
-6166
-8199
-9315
-9546
-9122
-10209
-11954
-13509
-15010
-15037
-14615
-14477
-14584
-15426
-15986
-15439
-14172
-12106
-9567
-8722
-11449
-13726
-9850
-3419
-1150
-3997
-5292
-2594
488
3421
5410
7393
7640
6620
7969
11250
14626
14747
13686
14921
15570
14392
13678
14355
16291
16563
14042
10852
8445
9011
10067
9261
7448
3964
1077
-343
-833
-57
-701
-3038
-5846
-7678
-7718
-7694
-6876
-5472
-6478
-9362
-10470
-8605
-5545
-3574
-3884
-5250
-5172
-3452
-1429
465
2356
3233
2590
2645
4339
6399
7955
8789
8936
8741
8226
7943
8313
9728
10808
9082
6624
5214
5222
6078
5716
3834
1214
-276
-921
-1879
-2510
-3334
-4756
-6982
-9237
-10128
-10387
-10690
-11426
-12749
-13945
-15402
-16078
-15372
-14672
-14468
-15973
-16004
-14257
-12691
-9591
-9655
-12867
-13312
-9004
-2993
-2618
-6063
-5745
-2761
1384
4243
4675
5962
5466
6089
9255
12301
14609
12956
12564
15102
15427
14670
13954
14608
16376
15728
13576
10621
9007
10264
10466
9464
6927
3183
1223
553
703
562
-1087
-3619
-6316
-7097
-6834
-7040
-6426
-5634
-7005
-10066
-10437
-7788
-5003
-3266
-4210
-6060
-5886
-3937
-1006
1194
2871
2751
720
1432
4332
7298
8965
8664
8059
7213
7257
8600
9523
10725
10481
7901
6080
5486
6251
6901
6169
4049
862
-487
-649
-1069
-1372
-2785
-4988
-7199
-8880
-9583
-10019
-10133
-10950
-12651
-14053
-15463
-15708
-15044
-14505
-14609
-16069
-16071
-14864
-12391
-8787
-9992
-14328
-14044
-8097
-2554
-3496
-6872
-6052
-3185
1039
4078
4959
5787
4502
5370
9160
12977
14490
12409
12807
15307
15162
14253
14070
15325
17097
16075
13370
10341
9540
11149
11138
10007
7065
3166
1440
947
1495
1341
-960
-3838
-6333
-6725
-6594
-7031
-6243
-5727
-7435
-10288
-10699
-7946
-4961
-3406
-4563
-6698
-6329
-4206
-1263
1274
2582
1920
3
1228
4461
7238
8697
7959
7392
7198
7552
8833
9350
10420
10258
7776
6296
5500
6107
6931
6038
4126
795
-922
-770
-763
-522
-2475
-5594
-7724
-8882
-8439
-8887
-10109
-11158
-12759
-14038
-15121
-14832
-13949
-14313
-15200
-16275
-15502
-13758
-11572
-8570
-10361
-14538
-13695
-7557
-1924
-3692
-7120
-6027
-3098
1330
3689
4835
5786
4127
5515
9063
12589
13961
11902
13216
15435
14737
13601
13253
15561
17463
15971
13036
9396
9115
11195
11260
9998
6472
2947
1102
587
1571
1223
-999
-4146
-6508
-6767
-6995
-7059
-6206
-5521
-7392
-10894
-10763
-7913
-4713
-3021
-4867
-6674
-6754
-4473
-880
1344
2929
1431
-543
1322
4426
7726
8704
7817
7490
6750
7687
8854
9366
11040
10264
7700
5731
5207
6820
7363
6388
3868
562
-574
-901
-607
-359
-2303
-5236
-7877
-8876
-8720
-8941
-9932
-11465
-12731
-13974
-15157
-15411
-14903
-14293
-14949
-15521
-14940
-14196
-11140
-9691
-12341
-13966
-10721
-4858
-3963
-7012
-7088
-4342
-721
2409
3357
4665
4392
4050
7129
11202
14241
12478
11081
13735
15429
14981
13970
14656
16687
16468
14291
11573
10093
11507
11789
10568
8184
4851
2869
1752
1880
2000
191
-2723
-5535
-6301
-5998
-6674
-6421
-6135
-7082
-9268
-10798
-8978
-6258
-4393
-4463
-6386
-7051
-5737
-3009
141
1732
1622
-89
-240
2885
6065
8399
8323
7104
6802
7082
8744
9854
10465
10567
8675
7053
6210
6497
7540
7161
5879
2854
21
-467
-367
468
-244
-3213
-6485
-9142
-8741
-7780
-8385
-9797
-12984
-14288
-14482
-15037
-14155
-14585
-15134
-16135
-16509
-14447
-13317
-10944
-9990
-13518
-13945
-10045
-5211
-4145
-7389
-6061
-3522
-1260
2098
2891
5019
5062
4642
7667
10669
13437
12480
11666
14899
15411
14114
13610
14395
17093
16494
14100
11471
9826
11535
11356
10160
8252
4819
3055
1515
1329
1470
-355
-2464
-5446
-6282
-6413
-7538
-6738
-6261
-6334
-8617
-11222
-9630
-7000
-4011
-3297
-6406
-7234
-6260
-3148
632
1721
2269
-97
-359
3193
6012
8799
8312
7072
7427
7392
8946
9582
10010
11265
9358
7605
6119
5805
7697
7532
6652
3266
-312
-443
-235
904
195
-3106
-6175
-9079
-8705
-7782
-8177
-9014
-12666
-14393
-14916
-15051
-13603
-14239
-14628
-16211
-17195
-14571
-12750
-9893
-10285
-14926
-13995
-9516
-4548
-4520
-8319
-6013
-3857
-977
2418
2649
4712
4177
4811
8521
10817
12980
11470
11753
15701
15311
13922
13163
14376
17392
16288
14151
11276
9801
11751
11303
10340
8219
4659
3018
1584
1768
1637
-512
-2609
-5304
-5980
-6333
-7476
-6625
-5729
-6397
-9461
-11267
-9077
-6171
-3833
-4331
-7114
-7437
-5630
-2438
481
1416
1061
-714
183
3765
6380
7730
7179
6841
7342
7827
8690
8926
9765
10475
8988
7326
6171
6014
6924
7181
5957
2783
333
-390
-398
550
-298
-3068
-6139
-8600
-8650
-8120
-8072
-9312
-12477
-13883
-14561
-14970
-13928
-14215
-14417
-15508
-16111
-14596
-13930
-10472
-9017
-13155
-13805
-10455
-5707
-4234
-7044
-5439
-3579
-1516
1885
2283
5049
5346
4861
8003
10323
13028
12172
11378
14949
15342
14488
13876
13580
16368
16076
14352
12210
10030
11285
10624
9818
8426
5015
3487
1881
1073
1189
-499
-2526
-4923
-5839
-6112
-7732
-7177
-6281
-6418
-8431
-10593
-9646
-7409
-4505
-3957
-6315
-7266
-6012
-3227
-74
1593
1575
-395
-145
3203
6199
8232
7514
6773
7080
7936
9263
9344
9828
10162
9089
7777
6813
6658
7121
6882
5834
3298
1052
421
152
362
-746
-3091
-5719
-7415
-8096
-8295
-8465
-9914
-11594
-13570
-14824
-14511
-13982
-13813
-14813
-16778
-16151
-14445
-12436
-9755
-11078
-14194
-14651
-9653
-3958
-4467
-7310
-7203
-4626
-325
2464
3104
4532
4020
5232
7791
10691
13197
11726
12574
14868
14910
13907
13055
14839
17303
16487
14137
10800
9744
11635
11558
10834
7908
4572
2797
1501
1799
1501
22
-2756
-5689
-6291
-6639
-7392
-6941
-6272
-6382
-9329
-11409
-9943
-7347
-3811
-4105
-6748
-7803
-6865
-3156
-193
1844
1906
-701
-454
2541
5982
8639
8067
7421
7090
7340
8961
9313
10549
11159
9746
7750
6041
6431
7525
7985
6944
3380
515
-46
-65
886
-22
-2598
-5381
-7958
-8296
-8598
-8582
-8984
-11203
-13179
-14842
-15888
-14473
-13563
-13917
-15220
-17142
-15619
-14221
-11330
-8494
-11864
-14714
-12540
-7077
-3284
-5434
-6822
-4528
-2355
1686
2700
3799
5858
4732
7252
9857
12184
13037
11591
14195
15884
14595
13971
13376
15623
17098
14898
13066
9995
10158
11116
9983
9212
5696
3399
2132
536
834
-116
-1994
-4105
-6320
-6492
-7901
-8104
-6800
-7207
-7262
-9455
-10644
-9194
-6640
-3461
-4330
-6528
-6578
-5306
-1623
1305
2104
1992
371
1645
4377
7020
9127
7992
7957
8143
8358
9503
9478
10390
10783
9190
7636
5917
6193
7332
6575
5429
1933
-75
-28
-473
-166
-2311
-4721
-6778
-8166
-7407
-8736
-10726
-11474
-12636
-12676
-14061
-15281
-14870
-15518
-14193
-15298
-15942
-13911
-13161
-9685
-10034
-13805
-13446
-9597
-3459
-3054
-6790
-5667
-4494
-754
3762
4712
6353
4061
4349
8319
11475
14635
12681
12261
14790
14294
13968
13712
14982
17365
15625
13523
10440
8735
10984
10949
10437
7484
3131
1565
558
1259
1359
-709
-3033
-6314
-7452
-7172
-7587
-5917
-5704
-7907
-10273
-10957
-8501
-5875
-4004
-4319
-6604
-6857
-5109
-2538
813
2152
1601
532
956
3948
5947
8017
8878
7897
7598
7337
8397
9762
10642
10841
8737
7035
6487
6077
7403
7111
4882
2489
359
604
69
-431
-1644
-4632
-5560
-7094
-8192
-8363
-9890
-10240
-11835
-13716
-13441
-14219
-13912
-14727
-16072
-14884
-15285
-14224
-13323
-12096
-9170
-11568
-13994
-11633
-6493
-2218
-4749
-7211
-4601
-2052
1724
3793
5001
6382
4531
5960
9294
12668
14741
12616
12859
14528
14165
14226
14075
15731
17024
14495
12017
9307
9411
11380
10687
9015
5182
2026
1342
665
1302
756
-1946
-4496
-7218
-7192
-6808
-7117
-5957
-6821
-8245
-9632
-10375
-7993
-5290
-3489
-4139
-6605
-6306
-4442
-1422
1865
2524
2093
881
1229
4247
7245
9423
8904
7484
7444
7757
8919
10125
10743
10418
8444
6728
6119
6487
7199
6168
4203
2208
455
-290
-623
-1267
-2562
-4356
-6267
-7817
-9050
-9621
-10092
-10609
-11529
-13344
-14431
-15049
-15034
-14277
-14144
-14760
-15575
-14989
-13484
-12075
-9404
-9105
-12373
-12473
-7969
-3021
-2785
-5199
-4074
-2005
1004
4032
5026
6739
6437
6383
8977
12112
14501
13284
12764
14756
14868
14168
13820
14388
15928
15029
12674
9895
8384
9971
10004
8358
5743
2400
1096
206
-96
221
-1690
-4420
-6740
-7482
-6651
-7304
-7202
-6594
-7599
-8219
-9364
-9243
-6398
-3982
-2920
-4265
-5920
-4590
-2396
1039
3780
3210
2265
1525
3445
7090
9223
9959
8434
7668
8370
8573
9655
10502
10279
9669
7437
5938
5635
5582
6145
4852
3093
897
-1858
-2280
-2042
-2138
-3238
-6433
-8891
-10162
-10375
-9644
-10605
-11591
-12834
-15100
-15627
-15547
-14094
-13067
-14485
-15207
-15989
-14821
-12408
-10240
-7185
-9284
-13398
-11480
-5995
-936
-1568
-4248
-2812
-1384
2425
5511
6623
8396
6848
7604
10539
13146
14903
13377
14105
15936
14661
13778
13407
14543
16177
14333
11775
8806
8055
9484
8733
7519
4685
1463
237
-505
-433
-885
-3073
-5182
-6633
-7237
-7403
-7777
-6795
-6055
-7485
-9058
-9426
-7895
-4919
-2966
-3243
-4691
-5225
-3209
-340
2514
4055
2694
2155
3114
5455
8084
8841
9300
8493
7896
8423
8334
9512
10570
9797
8487
5990
4961
5355
5238
5796
3557
741
-958
-2745
-2069
-2396
-3669
-5236
-8222
-9163
-9803
-10541
-10246
-11463
-12029
-13497
-15451
-14273
-14035
-13525
-13936
-15403
-14665
-14844
-12933
-10764
-10334
-8188
-9835
-12054
-9009
-4548
-366
-2112
-4583
-2076
-416
4037
6447
6578
8082
6629
8028
10642
13334
15761
13426
13245
14667
13942
14243
13742
14401
15093
12715
11032
8283
7883
9503
8211
6897
3684
867
253
-551
-268
-861
-3002
-5257
-7207
-7091
-6426
-6429
-5756
-6496
-8088
-8845
-8222
-5903
-3832
-2866
-3698
-4910
-4213
-1722
1027
3041
3653
2511
2178
3633
6068
8385
9344
8837
7410
6780
7870
9150
9946
10133
8305
6378
4978
4630
5607
5423
4501
1679
-1304
-2128
-2418
-1942
-2597
-4953
-6845
-8740
-9350
-9594
-10515
-10347
-11696
-12578
-13069
-14535
-13949
-14097
-13408
-12739
-14480
-14272
-14387
-12911
-10005
-9885
-7435
-7816
-10968
-9351
-5664
92
386
-3232
-1538
-312
3205
6362
6630
9483
8266
7799
9888
11700
15491
14203
13368
15076
13595
13401
12595
13083
15108
13178
11472
8211
6319
8313
7647
7067
4641
1191
295
-1403
-1187
-751
-2398
-3714
-6279
-6860
-6466
-7210
-5670
-5613
-5987
-6154
-7962
-7008
-4832
-2556
-760
-2313
-2973
-2226
-688
2927
4425
4966
4387
3196
4795
6714
9122
9771
8107
7790
7640
7558
7988
8033
8215
7682
5508
3460
2597
2927
2962
1710
-89
-2376
-4143
-4698
-4698
-4947
-5820
-8125
-10144
-10797
-11257
-11013
-11365
-11643
-12188
-14044
-14649
-14458
-13210
-12042
-13211
-13638
-13501
-12613
-10986
-9681
-6033
-6416
-10461
-9618
-5241
308
511
-2634
-1555
6
3465
6030
6770
9202
7958
7559
9553
12002
14941
13246
12879
14433
13270
12941
11794
12543
14331
12588
10958
7590
6278
7804
7052
6595
4040
1401
359
-1607
-1159
-924
-2237
-3634
-5864
-5912
-6035
-6548
-5366
-5200
-5101
-6179
-7234
-5650
-3792
-1652
-1283
-2217
-1657
-1065
638
2826
4184
5064
4135
4196
5635
6879
8625
8498
8026
7915
7196
7405
6979
7306
7863
6355
4783
2939
2222
2562
1727
1018
-849
-3014
-3954
-5165
-5027
-5290
-6805
-8024
-9959
-10432
-10504
-11091
-10873
-11614
-11915
-12457
-13718
-13330
-12874
-12147
-11900
-12552
-12053
-12038
-10968
-9205
-7094
-4339
-6525
-9360
-7168
-1819
2418
617
-1420
-22
1913
5339
7279
8605
9394
7715
8249
10447
13568
14519
12381
12696
13416
12944
11926
10983
12202
12875
11652
9072
5856
5786
6529
6232
5355
2662
484
-1439
-2262
-1388
-1318
-2388
-4818
-5848
-5345
-6011
-5946
-5320
-4575
-4303
-5667
-5651
-4718
-2972
-539
-477
-414
-379
-242
1437
3177
5597
5743
4550
5089
5454
7049
8172
7695
7804
6976
6727
6327
5312
6266
5799
4764
3471
1232
1135
261
-408
-735
-2648
-3351
-5290
-6744
-6411
-7252
-7169
-8393
-10099
-10494
-11887
-11428
-10917
-10735
-10608
-13408
-13949
-13070
-12067
-10258
-11593
-12182
-12277
-11462
-8255
-7606
-5421
-4547
-7862
-7599
-4362
933
2563
-936
-530
911
3635
6741
6809
8873
8794
7727
8976
10618
13892
13319
11799
13060
12412
11876
10919
10692
12616
11977
10184
7093
4806
6350
6496
6052
4325
1099
-206
-1700
-1600
-815
-1560
-2806
-5385
-5762
-4947
-5605
-4973
-4568
-3896
-3926
-5904
-5338
-3571
-839
1168
-398
-870
-582
440
3130
4868
6161
5256
3632
4770
6356
8278
8540
7085
7118
6538
6097
5862
5547
6636
5841
3639
1869
462
900
865
54
-1002
-3478
-5050
-5951
-6053
-5225
-6048
-7649
-9473
-10719
-10291
-10135
-9903
-10100
-11322
-12006
-12608
-12183
-11313
-11138
-10735
-11412
-11675
-10908
-10387
-8401
-6899
-5226
-3864
-6361
-7986
-5190
244
3381
994
-1216
-425
1747
5774
8137
9012
8289
5848
6928
9950
13203
13726
11413
11512
11869
10914
10213
10362
12123
12449
10142
7054
4242
5092
7062
7029
5402
1748
-946
-1935
-1277
257
-295
-2268
-4996
-6244
-4932
-4185
-3856
-4190
-4509
-4304
-5033
-4512
-3163
-1663
2
-320
-490
-177
435
2352
3612
5372
5507
3990
4225
5000
7007
7977
7041
6352
5255
5254
5368
5094
5673
4551
3020
1692
364
691
184
-403
-1540
-3644
-4308
-5500
-5651
-5383
-6571
-7299
-8694
-9273
-9574
-10123
-9235
-9677
-10400
-10947
-11749
-10941
-10611
-9939
-9622
-10796
-10348
-10669
-9753
-7557
-7185
-6217
-6756
-5218
-2595
-4234
-4476
-2737
771
3250
472
195
1807
3785
7211
7234
8257
7952
6237
8190
10397
13445
12831
9522
10336
10948
11040
10825
9717
10922
10031
8206
6916
4977
6230
6182
4905
3769
1303
452
-661
-856
298
-606
-2038
-3798
-4222
-3067
-3237
-2817
-2698
-2948
-3134
-3935
-2565
-1002
143
615
-331
469
1304
2021
3156
3640
4882
4444
3680
4496
4759
5855
5672
4786
5011
4040
3792
3253
2964
3747
2478
1183
-101
-969
-578
-1447
-2108
-2941
-4291
-4864
-6005
-5972
-6101
-7223
-7471
-8497
-8638
-8990
-9430
-8749
-9483
-9632
-9910
-10123
-9246
-9461
-9403
-9393
-9115
-8331
-9345
-8793
-7657
-6768
-5082
-5930
-4171
-2738
-4520
-4456
-2986
1682
2958
-440
-388
982
3958
6603
6139
7479
6788
5987
7683
9089
12568
11536
9082
9937
9833
10503
9909
9653
10815
9521
8418
6280
4662
6603
6694
5974
3935
1347
1035
262
1045
1196
17
-1052
-3127
-2579
-1884
-2459
-1991
-2195
-1661
-2186
-3520
-2203
-1005
886
1233
-423
18
183
1686
3045
3185
3905
2363
2069
3119
3609
4959
4047
2928
3039
2572
2903
2060
1867
2618
1538
598
-1037
-1632
-798
-1156
-1838
-3191
-4472
-5417
-5903
-5087
-5035
-5983
-7399
-8505
-8063
-7666
-7213
-7705
-8688
-8577
-9347
-8860
-8049
-7888
-7337
-8485
-8718
-8470
-8301
-6855
-7160
-6845
-5341
-5727
-5149
-3908
-2602
-2935
-4458
-1687
1034
1312
318
-217
2235
4700
5888
5951
5888
6701
7130
7817
10293
11353
10259
9285
9666
10835
10495
10120
9704
9612
9735
8393
6833
6087
6747
7007
5535
3922
2580
2060
2074
1244
1030
549
-739
-1317
-1684
-1445
-1858
-2205
-1573
-1942
-2168
-2194
-2230
-1054
-181
8
-386
-644
306
671
1188
1797
1588
1594
1472
1799
2227
2505
2660
1960
1898
2112
1574
1325
1230
1383
988
-182
-799
-1450
-1554
-1593
-2557
-3207
-3908
-4492
-4827
-5179
-5273
-5684
-6030
-6493
-7045
-6997
-6904
-6776
-6968
-7584
-7708
-7812
-7369
-6938
-7342
-7253
-7886
-7913
-7351
-7411
-7042
-7064
-5872
-4761
-4533
-3357
-4510
-6026
-3830
-579
1763
96
-2024
-590
1273
4880
6161
5535
5959
4945
6101
8619
10810
11519
9294
9244
10445
10099
10305
10198
10763
11154
9681
8117
6496
7125
8315
7658
6479
4064
2497
2081
2203
2509
1667
464
-1524
-1964
-1043
-1790
-2363
-2537
-2307
-2218
-3461
-3485
-3113
-2130
-519
-1541
-1902
-1855
-1889
-539
82
1207
571
-618
394
823
1772
2209
1481
1785
1636
1712
1560
877
1847
1694
1082
416
-1054
-769
-643
-768
-1190
-2373
-2711
-3362
-3525
-3371
-3849
-3994
-4617
-4964
-5172
-5845
-5992
-5971
-5220
-5367
-6709
-7147
-7825
-6863
-5593
-6110
-6971
-8897
-8283
-6803
-6799
-6333
-6829
-6150
-5329
-5057
-3407
-4195
-4935
-2899
-710
1572
24
-1365
643
2678
6111
6424
5452
5803
5714
7996
10083
11039
10949
9273
9890
10984
10794
11195
10752
10712
10482
9436
8619
7184
7550
8126
7088
5508
3194
2322
2173
1939
1864
469
-761
-2056
-2908
-2546
-2669
-2165
-2783
-4553
-4930
-4938
-3648
-2719
-3000
-2790
-3850
-3722
-2480
-1615
-98
-738
-1285
-906
-393
1034
915
1361
2057
1547
1640
1080
1322
2447
2494
2422
1158
278
414
197
1048
884
-254
-1409
-2521
-1799
-1326
-1817
-2701
-3687
-3723
-4251
-4703
-4540
-4766
-5122
-5969
-6350
-6361
-6805
-6802
-6830
-6803
-7036
-7996
-8539
-8528
-7759
-7158
-7397
-7510
-7888
-7396
-6107
-4929
-3090
-3104
-4493
-4473
-2526
921
2029
1416
1434
1808
3815
5672
6975
8234
7998
8046
8605
9959
11790
11435
11390
11812
11415
11030
10162
10619
11247
10797
9911
7656
6446
6519
6309
6106
4679
2986
1349
-61
-120
-343
-514
-1393
-3175
-4039
-4758
-4771
-4318
-4303
-4444
-5502
-5928
-5426
-4708
-3402
-3162
-3457
-3291
-2980
-1999
-1328
-572
258
193
636
892
1332
2181
2422
2950
2898
2819
2922
2595
3117
3370
3030
2627
1716
1626
1497
1079
799
-90
-331
-1064
-1942
-2069
-2615
-2836
-3506
-4377
-4820
-5505
-5433
-5751
-6478
-6752
-7531
-7482
-7665
-7959
-7786
-8735
-8752
-8538
-8325
-7498
-8121
-8224
-7624
-6830
-5213
-5081
-4195
-2798
-3015
-2780
-2303
57
2470
2416
2543
2737
3904
5988
7072
8541
9188
8795
8959
9335
11273
12495
11992
11561
10800
10731
10594
10246
10547
10246
9387
7736
5922
5632
5617
5238
4038
2172
709
-769
-1365
-1551
-1872
-2448
-4075
-5400
-6007
-5831
-5308
-5586
-5652
-5990
-6377
-6017
-5806
-4539
-3613
-3575
-3386
-3452
-2271
-1391
-849
355
794
1285
1383
1609
2787
3385
3999
4165
3875
4242
3886
4096
4557
4199
4038
3026
2373
1996
1545
1649
762
-81
-755
-1699
-1982
-2555
-3045
-3717
-4735
-5138
-5897
-6217
-6399
-7161
-7147
-7480
-8097
-8391
-8596
-8066
-8217
-8263
-7954
-8258
-7934
-7948
-7602
-6494
-6338
-6022
-5374
-4790
-3527
-2411
-1145
-1264
-2068
-240
1987
3566
3696
3368
4190
5103
6918
8394
8854
8978
8260
8571
10658
11927
11437
10242
10249
10465
9859
9822
9264
8661
8425
7471
6007
4535
4036
3678
2794
1870
182
-1364
-2228
-2811
-3078
-3728
-4294
-5238
-6074
-6367
-6789
-6265
-5411
-4473
-4889
-6783
-6602
-4845
-2443
-771
-2000
-2815
-2308
-937
1748
2953
3448
2680
1886
3488
5020
6463
6400
5546
5734
5519
5534
5416
5050
5751
5263
3551
2226
1215
1702
1983
1380
-27
-2227
-3117
-3161
-3047
-3126
-4273
-5868
-6956
-7260
-6982
-6803
-6815
-7307
-8206
-8336
-8000
-7757
-7204
-6663
-6520
-6811
-7207
-7090
-6266
-5017
-4491
-4882
-5222
-4962
-4151
-2820
-1255
-1028
-1353
-520
-247
-242
726
2296
3983
3629
2906
2989
3641
5844
6828
7207
7275
6235
6183
6950
8813
9762
8470
7467
6521
6293
7088
6787
6360
5703
4539
3361
1934
1858
1942
1574
838
-1038
-2476
-3056
-3102
-2983
-3015
-3380
-4186
-4861
-5149
-5007
-4236
-3188
-2786
-3541
-3986
-3354
-2385
-731
527
938
738
555
1433
2692
4098
4772
4606
4427
4294
4367
4844
5461
5743
5272
4333
3553
2935
3024
3207
2917
1979
561
-561
-1144
-1091
-1243
-1757
-2852
-3958
-4563
-4826
-4597
-4606
-4788
-5280
-5996
-6327
-6099
-5592
-5054
-4815
-5135
-5591
-5455
-4552
-3974
-3538
-3391
-3666
-3822
-3674
-3093
-2500
-2217
-2710
-2611
-2271
-2181
-2153
-2015
-708
-145
147
-3
-1272
-1146
551
2605
3133
1531
534
777
2318
4719
4890
4320
3600
2955
3982
5199
6358
5881
4803
4840
4285
4184
4441
4314
4471
4065
3141
1741
879
1580
1918
1830
1056
-516
-1240
-1333
-856
-360
-286
-598
-1747
-2293
-1889
-1273
-278
279
-95
-765
-994
-290
982
2342
2757
1821
1161
1377
2380
3391
3682
3403
2718
2414
2336
2400
2891
3128
2475
1676
1079
551
365
503
787
95
-896
-1766
-2518
-2003
-1493
-1872
-2643
-3462
-3803
-3599
-3214
-3063
-3467
-3751
-3766
-3862
-3700
-3502
-3144
-3098
-3077
-2966
-3247
-3095
-2814
-2450
-2339
-2577
-2754
-3041
-2990
-2871
-2849
-2858
-3469
-3732
-2177
-1224
-2135
-2865
-2517
-1630
-1336
-1136
-1104
-1118
-904
-565
89
886
1329
852
1184
2139
2604
2505
2736
3651
3920
3917
3670
3145
3310
4261
4429
3907
3493
3184
2908
2970
3383
2974
2601
2104
1442
1369
1536
1641
1452
1744
1789
834
246
644
1325
1864
1439
320
-99
446
1406
1698
1830
1461
560
665
1389
2070
1975
1633
1278
892
1200
1254
986
1137
1230
818
175
-232
-39
84
274
-20
-962
-1129
-1376
-1380
-1049
-1018
-1309
-1957
-1953
-1705
-1791
-1704
-1660
-1811
-1644
-1854
-2134
-1975
-1703
-1432
-1731
-2022
-2195
-2073
-2186
-2369
-2225
-2465
-2865
-3935
-4311
-3483
-3400
-4334
-5273
-5471
-4392
-3826
-4159
-3818
-3971
-4488
-5112
-3970
-1430
-1111
-2304
-3146
-2348
-203
1036
1393
1875
1711
1829
2194
3654
5516
5349
5053
4661
4958
5479
5439
5832
5911
6095
5566
4269
3853
4279
4784
4730
3651
2599
1724
1419
1753
1661
1855
819
-471
-586
-572
-206
-658
-998
-866
-1067
-1148
-1546
-1577
-746
-244
-199
-420
-736
-396
-90
727
1377
1193
1039
600
1029
1896
2462
2435
1890
1771
1745
1786
2074
2116
1920
1647
1081
879
640
536
590
261
78
-468
-808
-868
-1007
-859
-1107
-1635
-1995
-2185
-1986
-2093
-2425
-2548
-2849
-2813
-3102
-3431
-3335
-3673
-4094
-4710
-4669
-4557
-5187
-5635
-5924
-5961
-6286
-6589
-6071
-5197
-5013
-5976
-6647
-5401
-3942
-3317
-3454
-4067
-3518
-2853
-1407
-226
142
627
164
989
2567
3739
4247
4119
4635
5259
5527
5903
6112
6484
7151
6583
5990
5741
5866
6171
5923
5806
4829
3908
3598
3413
3434
3113
2306
1215
513
345
474
674
445
-722
-1609
-1537
-1069
-476
-554
-983
-1439
-1509
-683
-52
245
274
-123
194
923
1250
1385
1465
1968
2298
2244
2292
2047
2372
3054
2963
2700
2357
2036
2140
2378
2541
2239
1464
999
765
978
1234
669
34
-411
-606
-703
-898
-1077
-1426
-1911
-2132
-2419
-2792
-2790
-3082
-3355
-3773
-4271
-4696
-5118
-5006
-5215
-5256
-5737
-6993
-7355
-7097
-6458
-6141
-6939
-7548
-7715
-7112
-5849
-5932
-5496
-5189
-5583
-4902
-4464
-2950
-2149
-2218
-1515
-1416
-368
668
1270
2673
3392
3580
3648
3970
5505
6136
6452
6744
6148
6473
6444
6560
6990
6824
6739
5804
5214
5135
4729
4897
4527
3696
3009
2068
1951
1755
1448
1160
12
-186
-198
-370
-170
-918
-1380
-1411
-1196
-606
-1004
-1122
-979
-944
89
335
177
143
103
1040
1468
1798
1900
1532
1991
2238
2498
2775
2544
2636
2607
2753
2744
2073
2268
2331
2196
2054
1285
1240
1098
1038
935
82
-95
-455
-750
-769
-1477
-1747
-2110
-2565
-2635
-3192
-3358
-3606
-3980
-3887
-4534
-5004
-5289
-5288
-4935
-5736
-6561
-6946
-6844
-6297
-6507
-6700
-6865
-7436
-7130
-6485
-5661
-5518
-6014
-5389
-5060
-4558
-4067
-3477
-2159
-1942
-1926
-1495
-601
927
1770
2381
3001
2952
3506
4360
5439
6458
6317
6365
6419
6719
7434
7462
7593
7465
7094
6962
6457
6407
6467
6228
5866
4933
4329
3950
3504
3365
2860
2156
1426
680
485
289
151
-233
-993
-1432
-1877
-1780
-1408
-1336
-1415
-1926
-2096
-1612
-1082
-508
-407
-604
-532
-328
366
977
1280
1339
1097
1281
1770
2302
2630
2515
2413
2430
2394
2437
2552
2690
2570
2080
1513
1205
1259
1214
824
211
-442
-977
-1213
-1382
-1804
-2396
-3063
-3634
-4053
-4329
-4517
-4805
-5283
-5764
-6102
-6279
-6476
-6616
-6621
-6857
-7203
-7522
-7613
-7438
-7332
-7083
-6889
-6966
-6818
-6591
-6200
-5434
-4611
-3990
-4223
-4332
-3558
-2371
-915
-386
-374
-131
406
1724
3081
4060
4332
4127
4617
5613
6450
7035
7224
7427
7585
7550
7691
7743
8108
8293
7943
7525
6808
6410
6312
6224
5947
4976
3994
3178
2572
2482
2079
1415
654
-280
-825
-1016
-917
-1093
-1877
-2410
-2636
-2563
-2230
-2257
-2257
-2254
-2133
-1689
-1367
-923
-834
-771
-72
524
908
1002
1188
1786
2217
2637
2741
2751
3146
3308
3477
3557
3482
3423
3122
3073
2982
2603
2303
1745
1353
1061
507
60
-599
-1128
-1630
-2336
-2728
-3354
-3902
-4276
-4917
-5395
-5849
-6086
-6251
-6904
-7297
-7347
-7284
-7263
-7746
-7871
-7855
-7960
-7888
-7695
-7081
-6973
-7093
-6661
-6085
-5328
-4830
-4529
-3882
-3461
-2736
-2088
-1583
-465
262
973
1295
1774
2922
3921
4817
5169
5549
6144
6664
7232
7906
8343
8435
8175
8149
8493
8520
8465
7992
7614
7329
6765
6215
5557
5155
4709
3864
2909
2048
1445
968
295
-417
-1090
-1667
-2255
-2809
-2955
-2906
-3092
-3625
-4095
-4061
-3573
-3031
-2828
-2953
-2810
-2415
-1811
-1104
-578
-209
-104
348
1057
1728
2271
2458
2711
3159
3535
3713
3765
3994
4237
4130
4061
3784
3501
3524
3355
3052
2476
1769
1255
757
416
-86
-1007
-1680
-2300
-2952
-3474
-4144
-4749
-5196
-5502
-5938
-6517
-6803
-6971
-7105
-7253
-7429
-7465
-7581
-7552
-7518
-7305
-6779
-7036
-7358
-6895
-6163
-5319
-4999
-4900
-4533
-4384
-3529
-2459
-1533
-673
-1186
-1233
-296
1139
2779
3008
2903
2799
3343
5079
6163
6669
6826
6519
6730
7300
8027
8697
8507
8259
7850
7494
7545
7054
7010
7020
6414
5359
4158
3652
3391
3307
2878
1720
477
-518
-1046
-1073
-1025
-1358
-2421
-3362
-3600
-3695
-3051
-2774
-3173
-3431
-3700
-3243
-2581
-1998
-1266
-1064
-927
-622
-483
497
1451
1942
2345
2448
2661
2739
3362
4053
4363
4385
4023
3597
3528
3851
3986
3905
3361
2551
1717
1438
1351
1049
586
-201
-1233
-2190
-2425
-2814
-3171
-3765
-4730
-5420
-5914
-6145
-6459
-6589
-6634
-6906
-7423
-7602
-7695
-7479
-6912
-6732
-6813
-7030
-6828
-6634
-6005
-5452
-5151
-4894
-5079
-4945
-4085
-2184
-1042
-1680
-2507
-1748
-96
1620
1912
1349
1426
1666
3192
4243
5092
4978
3987
4646
5858
6763
6677
6177
6293
6857
6944
6663
5858
5906
6358
6054
5635
4524
3951
3791
3941
3855
2851
1816
1033
642
831
636
-144
-915
-1582
-1520
-1632
-1606
-1869
-2255
-2049
-2226
-2162
-1900
-1529
-1217
-1250
-921
-282
-76
372
761
1220
1868
1702
1933
2374
2905
3207
2949
3115
3180
3132
3269
3222
3208
3082
2606
2350
2052
1937
1617
957
661
151
-278
-766
-1233
-1524
-1961
-2455
-3135
-3588
-3838
-4133
-4432
-4749
-5142
-5441
-5740
-5838
-5784
-5874
-5850
-6198
-6186
-5891
-5781
-5666
-5631
-5301
-5048
-4902
-5049
-4851
-4305
-3724
-3191
-3024
-2811
-2485
-1908
-1249
-660
-297
363
626
932
1301
1597
2290
2456
3235
3671
3566
3393
3427
4499
5584
5562
4937
4517
4669
5448
5573
5815
5374
4682
4427
4060
4389
4297
4036
3546
2823
2362
1976
1716
1828
1552
1093
324
-598
-580
-657
-309
-576
-1010
-1186
-1765
-1701
-1310
-558
-347
-962
-1384
-1124
-511
536
617
618
606
135
920
1264
2105
2302
1865
2056
1856
2118
2371
2475
2751
2715
2113
1790
1291
1776
2081
1696
1352
142
-82
-290
-95
82
-562
-1248
-2204
-2677
-2472
-2482
-2758
-3168
-4075
-4389
-4859
-4672
-4451
-4810
-4861
-5536
-5629
-5666
-5513
-4861
-4652
-4607
-4733
-5185
-4761
-4140
-3423
-2597
-3160
-3385
-3485
-2673
-1451
-1329
-1180
-1426
-1558
-760
105
596
802
370
1042
1365
1341
1446
1270
2348
2576
2555
2357
2088
2402
2899
3717
4108
3454
2680
2975
3532
4472
4236
3543
3080
2808
3273
3187
3266
2993
2574
2355
1924
1615
1612
1651
1564
1138
632
424
-92
175
430
279
33
-637
-127
413
-32
-594
-787
300
1292
653
-69
-292
264
1437
1912
2129
1323
432
904
1854
3245
3064
1776
1389
1418
2254
2633
2205
2098
1555
1283
1142
841
1146
1049
746
208
-619
-995
-1322
-1284
-1016
-1472
-2274
-3309
-3762
-3393
-3316
-3253
-3957
-4659
-4995
-5353
-4725
-4224
-4106
-4582
-5398
-5222
-4606
-3909
-3409
-3593
-3666
-3721
-3674
-2921
-2484
-1965
-1815
-2159
-1774
-1990
-1722
-780
-71
555
-109
-732
-320
827
2013
1994
1147
816
915
1777
2769
2809
2587
1856
2125
2819
3168
3414
2950
2951
3188
3241
3122
2804
2840
3158
3099
2870
2088
1785
2126
2196
2331
1720
1208
743
481
947
990
641
160
-577
-534
-289
-156
310
-227
-597
-1159
-1241
-199
208
320
-144
-705
-421
187
843
1359
852
745
628
871
1748
1774
2152
1806
1647
1703
1611
1996
2088
2210
2120
1669
1187
1121
1188
1529
1181
712
159
-519
-506
-830
-695
-1012
-1638
-2227
-3017
-3033
-3004
-3082
-3161
-3774
-4296
-4484
-4632
-4134
-3956
-3963
-4142
-4591
-4270
-3994
-3692
-3289
-3152
-2905
-3051
-3277
-2799
-2240
-1520
-1433
-1820
-1694
-1726
-1347
-674
-9
411
97
-300
-57
590
1408
1702
1385
1131
864
1380
2013
2471
2423
1859
1833
1977
2536
2935
2789
2592
2465
2580
2855
2721
2660
2677
2517
2538
2225
2186
2185
1983
1984
1730
1548
1289
1021
1256
1100
801
594
299
391
226
107
205
197
77
-181
-131
107
13
80
216
352
527
166
488
821
987
1140
889
1168
1266
1250
1394
1653
1898
1825
1544
1477
1494
1676
1810
1475
1361
928
688
598
407
467
20
-549
-1073
-1561
-1609
-1672
-2073
-2408
-2897
-3302
-3452
-3593
-3610
-3785
-4017
-4131
-4281
-4176
-4033
-4012
-3858
-3848
-3622
-3518
-3396
-3231
-3115
-2665
-2243
-2026
-2148
-2120
-1858
-1330
-1029
-933
-961
-730
-541
-560
-89
-104
219
340
433
653
316
387
742
1164
1361
1095
603
773
1082
1638
1842
1457
1140
908
1549
1964
2112
1901
1563
1686
1879
2173
2299
2173
2025
1943
1943
2219
2105
1935
1893
1897
1908
1609
1457
1433
1422
1508
1318
944
984
806
1292
1634
940
459
269
922
1647
1415
856
666
460
1100
1493
1576
1541
780
957
1094
1769
1798
1477
1587
1206
1383
1244
1156
1314
1298
988
623
19
-45
16
-141
-90
-802
-1296
-1881
-2038
-1890
-1889
-2012
-2814
-3229
-3430
-3405
-3055
-3196
-3448
-3666
-3995
-3701
-3500
-3305
-3008
-3248
-3224
-3089
-2997
-2581
-2259
-2001
-1852
-2088
-2012
-1824
-1281
-738
-807
-959
-1237
-1073
-425
66
73
-200
-455
-67
211
410
647
495
638
302
448
761
933
1151
904
1037
1047
921
984
1226
1556
1809
1485
1303
1302
1477
1983
1974
2142
1871
1538
1485
1559
2027
2104
1904
1506
1075
1024
1181
1446
1642
1212
671
303
332
819
1272
1334
623
-60
-6
732
1454
1293
699
529
588
1032
1350
1386
1389
1074
1123
1410
1592
1463
1391
1469
1634
1604
1284
1076
980
1176
1061
932
524
27
-115
-241
-129
-261
-697
-1170
-1547
-1700
-1545
-1735
-1947
-2228
-2668
-2687
-2933
-2875
-2848
-3079
-3098
-3347
-3352
-3249
-3198
-2881
-2878
-2839
-2793
-2869
-2490
-2300
-1969
-1599
-1880
-1968
-1838
-1524
-803
-871
-1045
-1019
-1061
-487
-396
-162
59
-35
81
-60
215
771
876
892
803
571
900
888
1402
1905
1603
1387
840
1424
2060
2214
2187
1668
1650
1665
1753
2150
2191
1991
1655
1145
1328
1446
1535
1490
980
933
585
494
653
640
919
470
103
125
18
462
508
677
740
-34
-99
319
1019
1479
760
290
473
739
1425
1417
1269
1097
613
1076
1344
1652
1564
1007
1147
1128
1260
1229
920
1082
1026
694
423
82
201
283
-10
-290
-797
-968
-1131
-1254
-1161
-1586
-1856
-2297
-2511
-2252
-2470
-2507
-2801
-3073
-2943
-3102
-2977
-2784
-2811
-2740
-2943
-2861
-2381
-2238
-2050
-2195
-2129
-1716
-1656
-1377
-1336
-1204
-1050
-1124
-698
-483
-366
-317
-391
49
274
371
473
512
819
823
776
1050
1114
1253
1183
1000
1302
1192
1398
1522
1313
1407
1045
1237
1503
1465
1497
1139
1015
1064
970
1181
1134
832
753
420
539
599
471
626
316
156
64
-46
340
315
182
99
-236
-41
11
403
769
201
-99
-101
423
1116
843
577
551
410
905
997
1399
1488
777
842
811
1446
1650
1317
1365
1003
1041
1083
982
1277
1186
880
624
78
226
295
219
183
-437
-684
-1025
-1233
-1064
-1130
-1228
-1770
-2238
-2302
-2364
-2113
-2258
-2435
-2621
-2991
-2874
-2764
-2426
-2203
-2476
-2609
-2516
-2257
-1823
-1721
-1543
-1431
-1518
-1282
-1144
-571
-290
-509
-459
-375
136
477
468
594
571
725
929
1165
1473
1416
1195
1151
1412
1716
1681
1355
1386
1421
1524
1505
1278
1394
1287
1296
1240
1132
1055
923
951
1048
940
644
438
339
587
555
448
108
-144
-16
-49
134
9
-146
-243
-411
-210
-90
-67
-54
-242
-177
-103
-33
191
240
268
136
107
358
561
695
685
466
554
680
847
979
769
762
704
755
802
760
659
573
507
412
384
203
139
18
-21
-184
-405
-538
-726
-734
-826
-984
-1227
-1484
-1600
-1670
-1705
-1805
-2014
-2147
-2282
-2194
-2230
-2346
-2200
-2197
-2048
-2116
-2272
-1860
-1614
-1448
-1340
-1717
-1275
-984
-725
-268
-773
-519
-326
36
674
463
455
403
601
1345
1529
1424
1239
968
1548
1837
1894
1827
1259
1423
1594
1657
1716
1267
1187
1309
1222
1249
958
749
779
700
859
683
258
161
31
297
383
55
-78
-433
-280
-81
-60
11
-267
-286
-225
-168
85
163
198
286
122
362
470
577
913
799
1000
925
893
1160
1155
1451
1454
1277
1314
1143
1316
1454
1373
1409
1060
921
889
830
944
717
560
369
56
42
-155
-175
-214
-555
-665
-1108
-1261
-1193
-1319
-1332
-1726
-2007
-2098
-2297
-2219
-2222
-2338
-2346
-2709
-2696
-2555
-2506
-2171
-2297
-2271
-2165
-2196
-1875
-1708
-1484
-1089
-1189
-1182
-1030
-799
-179
-154
-87
134
58
506
598
785
1188
963
1336
1332
1261
1503
1238
1707
1745
1542
1480
910
1116
1263
1242
1313
646
425
356
271
561
243
74
-142
-422
-261
-430
-440
-436
-547
-361
-584
-764
-738
-673
-139
-61
-263
-458
-591
-113
270
503
508
220
214
381
822
1191
1171
1068
941
1141
1372
1513
1616
1574
1629
1570
1537
1527
1531
1608
1553
1439
1268
1100
972
833
806
789
633
393
25
-193
-233
-209
-196
-438
-868
-1198
-1279
-1206
-1117
-1290
-1613
-1914
-2071
-1992
-1876
-1949
-2107
-2234
-2296
-2156
-2144
-2015
-2030
-2066
-1770
-1669
-1417
-1521
-1615
-1160
-889
-478
-441
-694
-441
-354
184
619
515
651
325
625
1073
1257
1582
1155
1133
1305
1428
1732
1413
1307
1398
1315
1472
1112
884
931
792
1052
769
451
264
-60
260
298
217
-27
-602
-477
-307
-126
-92
-577
-551
-518
-389
-114
-313
-206
-224
-168
128
56
194
183
250
568
581
680
600
555
875
1013
1136
1083
910
1056
1164
1295
1372
1232
1199
1126
1087
1177
1136
1109
897
620
601
560
564
376
53
-60
-216
-314
-361
-575
-709
-934
-1127
-1062
-1217
-1339
-1507
-1720
-1638
-1731
-1840
-1881
-2104
-1984
-1959
-2090
-1932
-2149
-1942
-1821
-2022
-1689
-1853
-1587
-1351
-1544
-1124
-1230
-1102
-762
-896
-377
-329
-410
-113
-354
204
458
428
701
303
554
746
838
1287
1060
1012
993
770
1160
1224
1368
1453
908
906
778
971
1304
1102
1072
644
354
487
596
906
740
280
74
-108
156
330
250
217
-70
-140
-109
-146
97
201
215
246
-53
-64
64
259
699
614
473
281
120
532
821
1110
1078
637
522
571
973
1300
1217
1056
764
678
784
911
1072
1009
774
519
288
282
410
453
397
72
-235
-436
-533
-409
-401
-455
-744
-1121
-1291
-1320
-1209
-1142
-1246
-1420
-1660
-1889
-1866
-1728
-1518
-1419
-1632
-1861
-2004
-2026
-1581
-1276
-1133
-1243
-1795
-1647
-1414
-874
-438
-687
-649
-952
-807
-334
10
515
314
48
-14
152
783
1077
1041
902
642
834
1093
1267
1471
1271
1196
1165
1176
1398
1328
1272
1311
1217
1278
1046
882
1042
1025
1179
850
549
543
512
801
683
479
283
86
272
414
450
298
13
-17
116
289
324
201
75
26
106
235
333
294
174
102
159
237
330
301
253
281
185
247
192
196
332
212
247
54
-42
60
-52
115
-17
-143
-255
-581
-412
-375
-338
-457
-975
-1039
-1040
-960
-864
-1269
-1368
-1477
-1657
-1468
-1644
-1519
-1533
-1939
-1784
-1918
-1682
-1485
-1885
-1648
-1792
-1694
-1326
-1681
-1234
-1305
-1385
-910
-1236
-557
-594
-724
-308
-546
217
215
188
395
257
719
835
966
1178
1101
1072
1176
1281
1730
1735
1566
1478
1370
1799
1817
1896
1765
1585
1673
1551
1743
1714
1637
1558
1333
1369
1372
1294
1335
1105
1061
1044
828
971
722
725
670
432
550
295
334
236
55
81
-51
-15
-51
-184
-265
-299
-336
-205
-261
-290
-313
-480
-392
-450
-280
-218
-334
-432
-596
-457
-297
-198
-297
-412
-515
-475
-402
-378
-303
-427
-529
-658
-725
-681
-667
-778
-788
-913
-1009
-1113
-1339
-1132
-1112
-1017
-1201
-1581
-1606
-1566
-1249
-1141
-1260
-1555
-1662
-1639
-1353
-1060
-1135
-1085
-1409
-1300
-1029
-907
-555
-711
-620
-476
-521
-264
-213
46
452
369
397
285
378
971
1127
1304
1145
926
1211
1384
1759
1872
1718
1647
1570
1715
2017
2113
2007
1790
1578
1783
1892
1904
1741
1473
1462
1405
1411
1316
1210
1044
900
778
707
664
423
324
160
129
33
-257
-334
-405
-315
-366
-646
-806
-896
-757
-631
-730
-856
-1031
-1049
-883
-788
-703
-790
-921
-884
-839
-614
-518
-551
-556
-707
-567
-473
-364
-267
-428
-339
-443
-397
-275
-288
-98
-308
-508
-511
-516
-199
-271
-561
-541
-837
-589
-567
-706
-442
-947
-781
-926
-971
-651
-1052
-766
-906
-963
-891
-1190
-932
-772
-684
-592
-824
-866
-706
-615
-161
-105
-159
-229
-383
82
269
531
566
520
682
613
811
968
1330
1478
1382
1286
1259
1480
1647
1827
1894
1875
1628
1510
1487
1808
2033
1853
1684
1222
1292
1276
1404
1520
1213
1057
597
560
640
725
682
369
99
-107
-153
-203
-117
-269
-312
-608
-809
-817
-911
-638
-752
-735
-973
-1187
-1114
-1065
-753
-758
-818
-1061
-1168
-1059
-780
-542
-582
-728
-949
-747
-580
-334
-340
-424
-393
-463
-304
-341
-171
-225
-163
-167
-248
-190
-405
-146
-154
5
-124
-432
-394
-467
-130
-159
-254
-452
-641
-553
-428
-316
-352
-482
-647
-576
-583
-376
-391
-442
-425
-511
-298
-348
-275
-266
-160
66
91
71
-19
75
288
574
627
626
422
413
614
890
1243
1069
961
672
852
1194
1344
1457
1095
1054
899
1025
1207
1222
1249
954
789
708
793
863
852
685
596
404
253
232
150
386
215
44
-249
-469
-271
-259
-87
-294
-529
-685
-806
-571
-466
-421
-573
-836
-858
-784
-648
-472
-610
-599
-715
-755
-514
-593
-340
-461
-497
-364
-518
-266
-364
-322
-179
-237
-37
-134
-242
-175
-216
74
145
-8
-40
-316
-103
56
122
222
-150
-172
-186
-27
225
68
-25
-209
-204
25
72
51
-85
-246
-125
-20
73
73
-139
-100
-80
82
188
59
61
-30
95
193
182
192
113
196
284
338
319
242
239
400
519
544
430
256
337
426
630
629
447
370
255
432
567
586
552
307
292
343
387
472
307
267
230
162
225
76
69
89
25
115
-67
-185
-229
-319
-76
-130
-262
-416
-688
-474
-351
-255
-289
-686
-727
-723
-532
-230
-424
-551
-810
-861
-500
-401
-235
-427
-644
-574
-557
-271
-184
-176
-179
-322
-272
-261
-150
-7
41
148
68
-89
-146
-89
258
500
456
235
-125
-82
122
454
664
424
152
-236
-134
228
534
622
210
-98
-243
-44
261
375
279
41
-209
-238
-97
34
185
-12
-52
-174
-226
-113
-204
-11
5
44
-29
-259
-269
-182
72
251
212
6
-142
-191
63
301
425
359
17
-59
-22
301
509
427
300
100
160
272
362
413
389
328
271
152
155
204
230
315
194
167
-9
-96
-30
39
246
94
-83
-312
-361
-165
-72
6
-150
-359
-494
-532
-358
-110
-95
-212
-530
-665
-421
-241
11
-163
-360
-427
-495
-190
-99
28
-27
-245
-213
-183
42
163
93
69
28
48
146
130
242
277
187
215
110
273
314
269
281
143
236
199
175
205
144
154
91
14
60
44
67
75
-48
-64
-192
-188
-100
-75
-34
-242
-399
-423
-336
-119
-90
-205
-361
-518
-409
-232
-61
5
-218
-358
-421
-271
24
99
90
-83
-211
-99
47
268
323
197
140
76
194
351
353
393
316
354
405
314
348
299
409
497
378
300
95
116
250
320
392
140
-91
-178
-106
205
233
46
-244
-484
-312
-128
7
-43
-359
-482
-551
-386
-156
-156
-186
-398
-469
-368
-298
-131
-126
-144
-137
-233
-170
-172
-72
105
126
209
83
-1
19
90
376
481
460
303
48
61
221
512
701
489
222
-26
30
358
521
581
305
34
-54
-57
205
296
286
119
-163
-207
-198
-50
69
16
-60
-260
-383
-375
-306
-102
-95
-206
-342
-478
-396
-329
-194
-100
-167
-218
-382
-375
-216
-71
87
-28
-153
-200
-162
55
154
207
168
58
86
140
255
362
294
285
247
255
348
294
343
324
335
377
276
294
252
245
282
205
221
178
98
60
-30
11
57
4
-37
-170
-213
-175
-197
-143
-214
-277
-315
-409
-351
-326
-297
-297
-379
-382
-358
-336
-257
-259
-219
-182
-242
-169
-169
-86
-4
-46
20
-6
70
146
121
188
182
218
271
243
279
247
203
264
273
367
328
174
130
77
242
315
248
147
-81
-92
-30
70
168
5
-190
-325
-332
-100
-26
-72
-215
-413
-349
-302
-174
-118
-248
-304
-426
-336
-184
-157
-141
-279
-256
-135
-81
-6
-96
-102
-37
-11
97
78
45
50
19
142
199
228
243
142
203
211
238
293
234
285
216
143
136
132
251
262
184
102
13
86
164
161
161
6
-59
-62
-55
54
-11
-71
-157
-214
-135
-123
-76
-93
-161
-199
-237
-204
-133
-136
-168
-203
-240
-174
-173
-152
-113
-107
-45
-70
-89
-88
-59
25
87
75
29
-33
-9
116
178
229
133
76
124
185
296
230
162
128
149
243
208
147
76
49
131
166
162
92
-21
-38
-32
22
60
-27
-112
-228
-252
-178
-148
-108
-204
-279
-307
-323
-241
-244
-197
-219
-278
-298
-353
-297
-240
-177
-110
-131
-192
-251
-240
-39
130
179
70
-130
-88
40
265
352
236
156
45
116
267
392
464
344
211
181
222
352
372
310
271
143
103
61
91
206
157
90
-69
-143
-83
-74
-17
-55
-149
-257
-374
-342
-226
-157
-196
-355
-443
-398
-310
-188
-191
-224
-298
-386
-312
-204
-45
-44
-177
-244
-205
-41
81
113
101
53
19
48
148
316
327
217
111
104
256
328
351
309
267
256
207
229
285
320
298
166
91
109
124
129
76
84
79
-16
-91
-118
-39
31
-39
-160
-225
-215
-156
-188
-202
-204
-229
-218
-273
-246
-206
-197
-167
-158
-134
-163
-228
-194
-67
47
58
-101
-146
-41
142
286
197
123
85
152
283
333
373
336
263
261
282
367
429
383
376
307
290
288
260
356
356
305
162
20
78
139
183
127
-19
-58
-115
-136
-111
-113
-58
-145
-275
-347
-373
-253
-184
-186
-259
-407
-437
-370
-221
-105
-206
-347
-409
-289
-88
-67
-156
-235
-185
-43
24
5
-22
-10
61
111
143
159
124
152
169
224
255
216
211
202
258
261
213
202
203
222
188
135
115
114
94
47
-13
-8
12
-41
-102
-173
-133
-74
-98
-166
-278
-271
-214
-158
-148
-218
-270
-294
-244
-141
-89
-129
-198
-248
-187
-80
-18
3
-61
-83
-79
-27
72
120
153
107
73
90
143
229
275
289
262
191
155
196
287
397
391
300
172
109
200
306
368
281
111
-6
-30
69
154
130
30
-103
-189
-184
-133
-44
-33
-143
-285
-407
-359
-236
-150
-150
-297
-402
-418
-304
-131
-89
-162
-288
-331
-220
-86
-34
-69
-157
-153
-98
-17
44
31
26
22
82
141
145
132
107
152
219
234
208
172
169
215
253
283
280
236
197
179
235
279
251
164
82
90
129
143
104
45
4
-16
-9
5
-5
-56
-124
-155
-124
-93
-120
-181
-213
-185
-152
-149
-152
-149
-132
-118
-107
-84
-64
-69
-86
-74
-28
4
-3
-23
-13
27
65
88
91
83
96
98
108
119
117
136
132
130
106
74
80
129
187
183
123
35
4
44
133
168
100
-41
-164
-143
-41
76
52
-96
-245
-304
-206
-89
-40
-122
-275
-370
-350
-244
-153
-152
-233
-297
-308
-243
-173
-125
-103
-130
-137
-148
-125
-79
-37
4
4
-5
-33
-32
6
58
105
108
76
43
39
70
135
152
124
66
32
65
105
146
132
86
48
41
77
111
109
61
2
-27
13
52
40
-16
-79
-83
-61
-24
-18
-49
-108
-152
-135
-95
-63
-79
-112
-143
-142
-115
-60
-13
-18
-53
-85
-45
11
58
54
32
27
17
34
45
88
120
116
92
58
64
91
147
170
143
77
21
32
91
145
143
98
19
-23
5
78
134
110
20
-70
-81
-12
60
71
5
-97
-153
-121
-33
16
-37
-131
-176
-145
-92
-73
-85
-100
-120
-139
-131
-82
-30
-38
-82
-92
-57
-8
1
-15
-5
17
29
16
16
50
99
93
44
29
55
109
132
96
50
29
63
124
136
87
5
-10
59
128
133
47
-20
-6
33
37
22
39
69
18
-89
-120
-36
76
72
-20
-85
-121
-120
-107
-23
81
62
-43
-168
-226
-217
-96
194
415
195
-455
-870
-389
616
1019
291
-816
-1045
-216
719
856
225
-450
-612
-259
226
492
369
1
-266
-208
18
139
113
86
158
152
-47
-290
-266
93
426
365
-59
-417
-353
18
294
258
30
-159
-230
-222
-96
120
241
90
-249
-423
-234
107
228
35
-218
-268
-126
1
13
-21
-39
-48
-79
-102
-54
33
82
49
-13
-20
3
28
57
110
161
104
-28
-72
58
243
258
82
-82
-61
103
232
209
93
-15
-40
32
122
179
128
22
-41
-23
51
85
64
35
11
-16
-50
-40
11
46
22
-56
-96
-86
-63
-36
-15
-10
-60
-126
-125
-56
14
17
-48
-96
-88
-41
5
25
6
-34
-58
-40
19
51
37
5
-5
16
45
59
51
58
71
66
59
36
37
48
64
78
56
30
0
0
33
60
64
43
-7
-43
-36
-4
28
39
10
-57
-101
-92
-37
13
11
-40
-95
-126
-117
-58
-13
-4
-57
-121
-128
-79
-25
-14
-26
-48
-54
-53
-50
-24
32
75
53
-3
-28
19
91
131
104
55
47
72
99
107
98
90
67
59
61
65
66
45
53
58
49
24
5
23
27
15
-6
-8
4
-26
-64
-64
-17
15
-27
-103
-141
-100
-33
1
-33
-106
-140
-108
-45
-14
-26
-53
-83
-89
-53
-1
27
3
-23
-20
17
32
15
12
35
68
65
34
27
52
66
74
78
86
64
27
41
74
100
77
42
44
65
62
42
28
33
53
63
50
10
-28
-42
-3
48
48
-5
-68
-94
-71
-24
16
18
-36
-113
-143
-88
-12
25
-2
-52
-94
-96
-47
21
52
12
-40
-52
-8
26
31
35
53
63
39
25
35
67
95
118
119
82
21
8
80
149
132
44
-19
1
58
67
52
19
-14
-40
-44
-14
11
-9
-64
-86
-75
-49
-47
-57
-63
-66
-74
-83
-75
-57
-38
-41
-65
-97
-97
-71
-27
-20
-48
-80
-96
-71
-40
-12
-12
-28
-48
-44
-23
2
15
25
41
21
-5
-22
12
69
94
59
2
-26
-5
35
59
65
17
-25
-39
-15
23
29
17
-11
-29
-46
-40
-14
-6
-5
-24
-44
-45
-40
-26
-20
-20
-35
-52
-61
-57
-46
-43
-43
-52
-61
-67
-61
-45
-36
-43
-54
-49
-21
3
-3
-15
-31
-20
9
25
29
13
-4
-2
14
35
44
40
34
26
21
22
39
57
62
44
24
13
5
14
37
48
33
-3
-32
-24
-11
9
16
-12
-37
-64
-59
-25
16
17
-24
-50
-52
-17
11
13
5
-9
-10
-4
1
17
24
29
25
6
5
10
27
33
25
16
9
13
20
34
32
34
21
17
29
28
32
22
25
33
27
18
20
28
31
16
2
5
13
15
0
-10
-5
3
3
-10
-13
-13
-8
0
-5
-7
-14
-18
-14
-9
-1
-3
-8
-16
-21
-19
-19
-6
-1
-10
-24
-46
-42
-14
6
11
-5
-28
-27
-11
10
25
18
8
-2
-9
-7
4
8
3
-11
-20
-18
-5
-11
-20
-12
-15
-27
-39
-38
-41
-34
-32
-38
-44
-48
-44
-52
-45
-45
-51
-56
-52
-47
-53
-57
-62
-61
-52
-39
-45
-50
-51
-51
-36
-26
-19
-17
-15
-5
2
9
12
20
23
22
16
14
22
23
24
20
23
24
19
26
22
18
18
18
24
26
24
20
19
23
21
23
19
16
5
-1
8
6
10
11
7
-3
-15
-16
-12
-1
-2
-11
-15
-18
-12
-16
-14
-1
-5
-7
-12
-3
7
23
27
27
34
26
26
21
25
38
41
31
19
17
30
41
39
40
33
31
31
30
23
28
31
29
27
23
20
15
13
14
16
10
0
-6
2
9
3
-3
-16
-18
-14
-17
-17
-22
-26
-21
-21
-18
-22
-22
-19
-21
-13
-11
-8
-14
-15
-13
-12
-10
-13
-13
-5
-1
-6
-1
2
1
-3
2
4
6
8
2
4
9
8
7
2
-2
-2
-4
-1
-3
2
0
-2
-1
-5
-9
-14
-7
-2
-5
-14
-17
-20
-20
-13
-12
-16
-20
-22
-26
-27
-30
-23
-24
-26
-28
-24
-30
-36
-30
-35
-32
-36
-42
-44
-41
-41
-39
-33
-36
-40
-39
-34
-27
-28
-26
-22
-26
-23
-28
-32
-30
-23
-20
-16
-17
-18
-15
-22
-12
-6
-10
-7
-6
-11
-12
-2
0
-1
1
-4
-7
-6
0
11
13
10
3
-5
-5
0
3
-2
-7
-10
-11
-6
-5
-6
0
0
-1
-7
-7
3
2
5
6
1
2
-2
-4
-2
4
3
2
-4
0
12
17
16
12
18
17
17
18
14
21
20
18
14
14
16
12
10
8
12
7
7
7
5
10
8
11
11
13
14
9
2
-3
0
0
-4
-4
3
0
0
1
-6
-7
-8
-3
-3
-8
-5
-1
-8
-6
-4
-2
0
4
8
0
1
1
8
12
23
28
23
22
21
21
22
27
24
27
28
24
28
28
28
39
34
30
27
16
15
15
19
22
22
14
9
12
13
10
13
7
5
4
5
9
8
12
10
0
-7
-2
1
7
1
-2
-4
-5
0
3
1
-2
1
4
1
-8
-5
-1
3
-2
-4
-2
-4
6
9
8
2
-1
-5
-1
4
9
13
8
3
-5
-8
-7
0
-3
0
-2
-9
-12
-5
3
12
15
14
4
-9
-8
-8
3
3
4
1
-4
-1
-2
0
-2
-2
-12
-18
-11
-7
-1
-5
-6
-1
-2
0
1
7
11
18
22
30
27
29
37
36
38
33
32
28
31
37
37
37
31
32
29
28
31
30
35
28
27
26
19
26
18
19
14
12
18
5
-3
-2
4
10
6
3
-8
-7
-14
-16
-8
-12
-6
-16
-16
-19
-16
-12
-16
-15
-21
-12
-20
-23
-22
-19
-13
-12
-11
-13
-7
-1
6
5
-3
-6
-2
-1
-2
-4
-2
-4
-2
-11
-14
-16
-22
-22
-27
-20
-22
-24
-23
-21
-23
-26
-28
-31
-27
-24
-29
-33
-32
-32
-26
-19
-24
-27
-23
-26
-24
-29
-24
-19
-15
-17
-26
-26
-30
-29
-26
-23
-21
-23
-17
-16
-15
-13
-12
-4
-1
-1
2
-2
-3
-3
-6
-5
-3
4
-3
4
2
-2
0
-4
5
7
4
-4
-4
-5
-10
-6
-9
-17
-16
-19
-26
-20
-23
-15
-19
-16
-14
-26
-26
-29
-15
-9
-11
-11
-12
-11
-15
-13
-12
-9
-6
-6
-3
3
5
-2
2
11
13
11
13
16
13
11
12
15
12
18
15
20
19
19
30
26
21
23
21
10
14
9
9
11
7
2
-1
0
-4
8
0
-2
2
4
1
-3
-2
-3
2
4
1
1
3
-2
-1
-2
-4
-1
7
12
8
7
5
9
6
11
16
15
16
15
17
18
16
19
23
21
20
22
13
20
26
22
26
29
26
23
25
18
18
19
22
18
18
22
27
26
22
30
21
15
10
12
13
10
12
12
8
5
1
2
2
1
6
4
6
3
-2
0
0
0
0
-4
-8
-1
-5
-6
0
-5
-6
-3
-4
-3
2
8
13
1
-4
-2
-6
0
4
2
-1
1
-2
-5
-2
-4
-6
-9
-10
-14
-15
-11
-12
-13
-12
-19
-22
-16
-7
-5
-9
-13
-10
-15
-17
-7
-17
-19
-22
-26
-26
-17
-13
-12
-8
-16
-11
-11
-6
-10
-6
-4
-8
-3
-1
4
7
2
-4
1
1
2
0
8
7
9
7
8
13
10
16
14
19
18
21
24
20
27
27
28
29
26
27
27
32
32
27
30
28
25
22
30
29
26
25
21
20
22
24
14
21
27
24
29
26
32
30
17
18
17
26
27
20
14
19
24
16
21
17
16
8
11
10
8
17
7
6
6
8
7
-1
-1
1
2
6
7
8
7
5
0
4
0
-11
-10
-14
-6
-16
-14
-10
-22
-13
-18
-12
-8
-17
-19
-30
-23
-22
-22
-23
-29
-19
-30
-24
-21
-15
-7
-18
-14
-18
-15
-14
-8
-10
-15
-9
-14
-13
-19
-21
-19
-15
-13
-14
-10
-9
-10
-8
-8
-4
-9
-7
-8
-8
-3
-8
-4
-5
-3
-6
-6
-4
-7
-9
-9
-8
-13
-8
-14
-15
-16
-16
-20
-22
-11
-13
-17
-20
-18
-12
-10
-11
-9
-17
-16
-13
-6
-3
-17
-12
-17
-18
-19
-25
-19
-24
-20
-21
-26
-21
-15
-23
-25
-18
-26
-22
-25
-26
-18
-20
-17
-18
-26
-30
-25
-14
-17
-16
-14
-18
-11
-12
-10
-12
-18
-10
-4
-9
-9
-15
-14
-15
-14
-6
-7
1
-3
0
-1
0
-1
-6
2
0
5
1
2
2
3
13
6
8
8
7
7
6
9
6
5
3
3
1
2
7
4
11
5
14
15
13
14
11
20
20
25
23
25
22
22
22
22
17
19
26
21
22
10
10
13
16
12
12
10
5
10
12
14
16
20
10
19
20
12
10
9
5
8
11
11
13
8
11
4
3
6
9
9
6
3
2
10
10
11
10
11
12
5
8
7
6
13
10
10
7
15
13
11
4
3
9
7
14
8
15
5
6
8
4
8
2
-4
-2
5
2
4
-2
3
0
-1
-3
-3
-7
-15
-6
-16
-16
-19
-15
-23
-19
-13
-14
0
-9
-7
-4
-9
-2
-4
0
0
-6
4
3
1
2
2
2
-1
3
9
13
15
18
18
18
19
14
8
14
16
17
22
20
18
17
19
22
24
13
16
17
12
16
21
16
14
23
17
12
12
8
10
5
6
10
9
2
4
7
3
5
7
7
9
11
9
12
13
14
16
14
10
9
10
13
22
17
12
11
10
19
20
19
19
15
13
9
9
6
4
4
4
5
7
7
7
7
7
9
2
0
0
4
3
3
-5
-10
-2
-6
-4
-9
-7
-6
-8
-3
-8
-14
-13
-8
-8
-3
-1
-9
-3
-4
0
3
0
4
2
6
11
8
6
7
6
7
3
3
4
0
5
3
4
7
7
3
7
6
0
-2
-6
-4
-3
-5
0
4
-1
-1
-6
-6
-5
-7
-11
-16
-14
-10
-7
-13
-12
-13
-13
-19
-16
-15
-10
-2
-10
-8
-9
-16
-15
-20
-17
-14
-15
-12
-17
-6
-4
-3
0
-6
-4
-4
-5
-10
-13
-10
-10
-11
-12
-6
-6
-3
-7
-12
-8
-8
-13
-6
-8
-13
-15
-17
-12
-15
-10
-14
-14
-10
-14
-11
-12
-12
-8
-6
-10
-8
-7
-6
-1
1
6
3
5
3
5
11
14
13
9
1
5
18
17
23
18
14
16
16
17
23
25
23
22
19
27
21
18
19
19
16
12
12
14
15
13
15
9
12
11
11
11
8
4
4
10
6
1
-3
-1
-9
-6
-2
-3
-4
-10
-10
-9
-6
-10
-12
-13
-18
-14
-15
-14
-11
-14
-11
-21
-20
-24
-30
-30
-33
-26
-32
-29
-27
-37
-31
-37
-39
-35
-41
-38
-39
-45
-44
-38
-40
-42
-39
-41
-42
-45
-43
-39
-38
-40
-39
-41
-42
-46
-47
-44
-43
-42
-47
-49
-45
-38
-42
-41
-43
-47
-46
-44
-38
-41
-39
-31
-34
-32
-29
-23
-20
-20
-18
-21
-11
-14
-13
-5
-8
-5
-3
2
3
7
3
4
9
4
9
10
11
11
8
16
20
19
21
21
17
17
23
16
22
19
24
25
12
17
17
21
17
15
17
16
22
24
25
26
27
32
33
28
30
31
29
22
27
33
31
36
32
30
31
31
31
30
25
28
29
24
25
23
26
22
21
19
18
25
28
34
31
27
27
28
35
33
33
28
31
33
31
33
30
31
38
40
37
38
37
35
34
30
34
30
26
29
23
27
27
29
26
23
23
18
21
16
20
25
20
16
19
20
18
20
19
24
24
23
27
32
31
32
35
37
39
36
37
39
41
41
41
43
40
40
33
30
33
33
35
33
22
17
21
23
18
8
9
7
7
5
3
-1
-4
-1
-1
2
-8
-2
-5
-3
3
-3
6
-4
-3
-10
-13
-12
-20
-16
-15
-12
-17
-17
-15
-18
-13
-16
-14
-13
-17
-11
-14
-16
-15
-19
-13
-18
-14
-12
-13
-12
-16
-17
-20
-17
-18
-18
-21
-20
-15
-17
-14
-19
-17
-15
-20
-20
-12
-14
-16
-15
-20
-15
-16
-16
-18
-15
-11
-13
-11
-11
-12
-8
-7
-8
-9
-7
-4
-7
-3
-2
-4
4
7
12
13
13
14
16
18
14
15
14
10
14
13
17
17
16
17
16
16
14
13
12
20
16
14
18
13
14
9
10
14
7
9
10
12
13
11
12
10
15
13
9
9
8
6
3
2
4
2
4
10
6
8
8
2
1
4
7
9
11
12
12
13
15
11
9
12
8
3
4
-2
1
3
2
2
-8
0
-1
-2
-6
0
-4
-10
-2
-10
-3
-5
1
-5
-12
-9
-12
-5
-4
-4
-9
-7
-4
-9
-12
-8
-12
-17
-14
-15
-13
-14
-14
-16
-15
-10
-11
-11
-9
-6
-13
-11
-5
-8
-3
-11
-15
-11
-12
-9
-15
-16
-18
-17
-15
-15
-8
-9
-14
-13
-13
-15
-18
-15
-16
-17
-14
-15
-12
-15
-16
-14
-18
-12
-14
-13
-16
-19
-13
-18
-17
-12
-10
-8
-15
-13
-12
-13
-13
-17
-16
-15
-18
-15
-16
-20
-16
-14
-15
-14
-13
-11
-14
-14
-8
-7
-6
-7
-8
-7
-8
-12
-11
-13
-7
-1
-1
-5
-11
-8
-8
-12
-9
-7
-3
-1
-1
0
2
4
6
9
10
9
9
7
5
7
8
6
6
8
7
7
10
10
14
10
12
13
12
22
20
17
18
19
19
22
23
17
23
23
18
25
29
33
34
30
31
26
26
29
24
24
27
30
28
26
26
24
30
30
34
35
38
41
30
32
31
28
30
28
30
26
32
33
30
30
23
28
22
21
20
18
26
21
25
23
26
24
22
22
18
18
22
21
23
26
16
17
15
21
13
11
15
8
13
6
7
9
8
-1
3
3
-5
4
-2
-3
-9
-8
-5
-11
-8
-13
-11
-12
-14
-16
-14
-7
-9
-13
-13
-13
-9
-10
-14
-13
-14
-14
-21
-22
-18
-23
-20
-23
-25
-24
-23
-22
-20
-20
-21
-14
-15
-21
-16
-24
-28
-28
-37
-28
-34
-35
-28
-29
-25
-24
-20
-13
-14
-16
-12
-13
-12
-7
-10
-10
-10
-13
-12
-8
-6
-9
-8
-3
-4
-5
-2
2
-2
-5
-2
-6
-2
-1
-4
1
3
2
5
13
12
15
15
11
11
16
15
12
13
8
15
15
13
14
13
17
11
21
17
18
25
17
15
17
15
15
13
11
14
10
14
17
18
15
15
12
13
18
14
18
15
12
15
18
14
13
13
8
10
2
6
5
-1
1
0
4
5
8
7
3
4
1
3
-1
-1
1
-1
2
-3
-3
-8
-8
-8
-10
-9
-10
-9
-14
-12
-14
-15
-12
-7
-12
-15
-13
-17
-10
-8
-5
-7
-6
-3
-1
0
-3
-5
-2
-2
-3
-2
-2
-9
-10
-10
-11
-9
-12
-17
-19
-20
-21
-25
-29
-29
-26
-28
-29
-27
-28
-22
-25
-27
-23
-30
-29
-30
-28
-29
-27
-26
-30
-28
-33
-22
-19
-25
-23
-22
-17
-24
-23
-22
-22
-18
-18
-14
-18
-19
-14
-12
-13
-17
-17
-15
-13
-16
-7
-12
-14
-7
-8
-5
-10
-6
-8
-8
-2
-4
-3
-3
2
3
6
8
5
9
6
6
14
14
15
17
20
23
19
18
20
18
21
20
20
24
21
21
24
23
18
21
26
21
20
25
20
18
23
18
22
25
20
28
22
19
18
17
21
23
18
19
18
19
22
15
16
14
15
13
9
9
13
19
15
20
16
19
20
22
23
18
24
17
15
18
15
22
13
13
16
13
18
16
19
19
20
15
14
15
8
15
13
11
17
12
13
11
11
12
11
13
7
11
9
10
2
0
7
2
2
0
4
2
5
7
2
-1
-1
0
-3
-4
-6
-8
-9
-6
-10
-12
-11
-13
-10
-13
-18
-11
-16
-18
-14
-16
-15
-14
-14
-15
-16
-18
-20
-19
-21
-25
-26
-25
-26
-25
-23
-22
-25
-22
-26
-23
-23
-33
-27
-25
-17
-18
-18
-15
-21
-18
-16
-10
-18
-18
-11
-14
-7
-12
-4
-6
-6
-7
-11
-9
-7
-1
-7
-6
-7
-6
-7
-7
-1
-6
-9
-9
-10
-11
-13
-8
-7
-6
-7
-9
-4
-6
-1
-1
2
3
1
5
3
2
4
9
9
7
10
13
11
17
19
13
18
18
13
19
21
19
19
19
18
16
23
21
20
24
24
25
25
20
23
26
24
25
27
29
22
28
26
23
20
17
17
15
16
8
12
7
10
6
5
8
-4
1
3
4
4
4
7
4
8
-1
4
4
-1
4
1
4
1
3
3
3
7
4
8
10
11
13
12
12
10
4
9
11
13
14
14
11
14
16
9
9
7
9
4
6
7
1
3
2
2
0
1
2
-2
-4
-8
-10
-9
-12
-15
-17
-14
-17
-14
-10
-18
-16
-14
-12
-11
-5
-6
-5
2
0
1
-2
4
4
3
7
2
12
11
0
4
4
4
4
-1
-1
8
4
8
6
3
5
2
4
-4
-10
-6
-4
-3
-3
-9
-3
-5
-2
-9
-12
-8
-10
-6
-12
-10
-11
-13
-16
-18
-11
-9
-12
-8
-4
-5
-5
-1
-3
-4
0
-1
5
-1
2
2
2
2
3
8
3
3
4
2
-1
4
0
0
3
3
7
3
7
7
4
6
4
2
3
-5
-3
-3
-4
-2
-5
1
-1
1
4
2
3
0
2
1
5
11
5
8
7
11
9
5
8
8
9
7
10
10
10
9
15
10
10
18
17
23
22
24
28
25
26
22
20
25
20
23
25
23
28
28
25
30
26
22
24
19
22
24
24
18
15
17
14
15
13
15
15
16
12
11
6
6
10
2
7
5
2
0
2
3
1
6
3
-1
2
5
-3
-5
-4
-3
0
-2
-1
-5
-3
-6
-7
-8
-11
-8
-8
-7
-10
-19
-23
-20
-19
-15
-20
-22
-23
-24
-21
-21
-27
-30
-31
-36
-34
-37
-33
-25
-28
-31
-35
-36
-43
-47
-37
