-12
-16
-14
-10
-13
-12
-7
-8
-6
-4
-9
-5
0
-4
-6
-2
1
1
-9
-7
0
-5
-3
1
-4
-6
0
-1
-5
-4
-5
-6
-11
-6
4
-10
-16
-14
-15
-12
-10
-11
-16
-16
-15
-13
-17
-8
-2
-20
-20
-12
-5
-17
-17
-8
-18
-20
-21
-23
-14
-9
-13
-12
-12
-19
-25
-22
-10
-13
-24
-21
-13
-15
-18
-19
-16
-14
-21
-28
-28
-14
-7
-14
-28
-16
0
-13
-14
4
6
-15
-23
-10
-2
-3
-5
-6
-16
-20
-15
-14
-20
-11
-7
-20
-30
-16
-2
-6
-8
-15
-5
-8
-11
2
-5
-11
0
2
-12
-9
1
6
-8
-24
-12
-9
-21
-17
-1
0
-12
-22
-22
-17
-12
-3
-1
-15
-23
-15
-1
3
-9
-10
-7
-8
-8
-13
-4
-6
-19
-16
-11
-12
-12
-10
-11
-19
-27
-18
-4
-4
-6
-8
-17
-10
-6
-11
-4
5
0
-24
-18
6
-1
-13
-7
10
3
-18
-18
4
4
-11
-8
5
5
-7
-5
-3
0
-5
-6
1
2
3
-9
-12
1
-4
-17
-6
4
6
-15
-23
-1
11
4
-10
-4
3
-6
-3
0
8
11
2
-4
-4
1
4
8
-3
-3
-4
-7
-2
-2
9
18
6
-6
5
17
8
0
15
30
8
-11
5
32
25
5
3
16
22
5
2
10
26
27
3
4
17
16
9
9
21
25
5
5
17
11
6
10
19
17
9
8
16
18
3
3
13
18
14
1
3
12
9
9
8
0
1
8
15
6
-5
6
11
16
8
2
13
20
18
4
7
19
15
8
9
10
9
9
13
11
6
13
12
11
8
4
11
15
15
9
-2
9
15
5
-1
2
14
8
-11
-3
10
1
1
4
5
-4
-13
-1
5
-7
-5
-4
-16
-10
-5
-11
-14
-7
-1
-13
-21
-4
9
-7
-15
-6
-1
-12
-18
-6
-1
-10
-13
-11
-9
2
8
4
1
1
7
-1
0
16
17
-8
-19
8
21
4
-9
5
17
0
-15
-5
21
23
4
-7
2
15
11
-2
3
16
7
-11
-8
11
5
-2
-4
5
4
-10
0
6
5
4
-5
-5
-6
-6
-2
-7
-6
6
-5
-17
-5
9
-7
-15
0
7
3
-7
2
-1
-6
6
1
2
4
7
-5
-9
16
19
10
5
11
8
1
12
18
16
2
2
12
9
8
6
6
13
14
8
6
14
22
25
22
12
15
24
17
4
16
25
9
-3
2
13
9
6
3
-1
2
10
15
8
6
7
7
5
6
4
3
9
8
-9
-14
2
13
9
-4
-5
-7
-4
-6
-8
-9
-8
-7
-20
-22
-12
-5
-9
-9
-9
-10
-10
-8
-5
-7
-18
-25
-19
-25
-29
-17
-18
-23
-24
-19
-21
-25
-9
1
-14
-24
-8
2
-6
-16
-8
0
-16
-19
-10
-8
-11
-13
-11
-25
-25
-5
-12
-20
-10
0
0
-11
-4
1
-4
-8
-2
-13
-14
-4
-2
-9
-26
-24
-16
-13
-25
-18
-3
-4
-11
-13
-8
-8
-3
-8
-10
-5
-7
-8
-10
-15
-16
-12
-11
-21
-22
-16
-13
-21
-22
-1
-5
-25
-20
1
-10
-23
-9
-7
-18
-8
-1
-17
-13
7
5
-17
-11
10
7
-10
-1
15
4
-9
-11
-2
-1
-6
2
11
1
-2
5
1
9
17
14
11
17
21
9
-3
1
7
14
6
-9
-5
7
3
-9
-9
16
14
-4
0
16
21
11
11
11
6
-3
6
6
-9
-5
9
6
-12
-11
0
2
-6
0
2
-5
6
4
1
3
7
11
4
-1
-2
9
19
1
2
16
11
9
13
15
15
3
6
14
3
5
15
19
5
-3
5
12
11
12
20
15
9
12
25
19
8
10
19
14
-4
5
17
8
1
1
-2
2
6
7
3
1
5
10
8
8
13
13
17
15
20
16
7
19
29
17
5
16
26
14
8
16
16
5
4
11
4
2
3
11
10
14
20
12
15
10
18
30
28
19
9
9
22
21
1
-1
8
8
0
-5
-5
4
4
2
-4
-5
8
7
-1
-3
4
2
-10
-16
-5
-3
-20
-18
-5
-19
-31
-24
-10
-16
-27
-19
-8
-7
-23
-24
-17
-15
-17
-17
-20
-17
-18
-26
-16
-17
-9
-10
-21
-20
-16
-9
-14
-18
-12
-9
-19
-18
-8
-6
-14
-13
-9
-9
-5
-8
-2
8
-3
-13
-6
-2
-3
-7
-9
-6
-6
-10
-12
-8
-1
2
-5
-2
-3
-5
0
-6
-5
7
7
-8
-16
-4
5
-10
-16
-1
1
-14
-14
-3
2
-2
-7
-5
-4
1
-1
-4
-1
-1
-6
-7
-10
-4
5
-13
-9
-4
-8
-11
-19
-6
-5
-16
-11
1
-1
-9
-9
-5
3
3
-4
0
3
-7
-4
-9
-12
1
1
0
-6
0
8
-5
-15
-6
1
-2
-6
1
2
-4
-6
-10
-2
0
-2
-1
-4
3
7
-1
4
5
3
5
7
4
-1
5
6
-1
-10
-2
1
-6
-3
4
1
-8
-8
2
4
-11
-3
2
-8
-13
-8
-5
-9
-4
-6
-13
-14
-11
-12
-14
-8
-4
-15
-18
-9
-4
-9
-10
-3
-8
-16
-21
-8
-5
-5
-10
-15
-1
5
-11
-12
9
0
-14
-13
3
-2
-15
-4
-3
-4
-6
-10
-10
-2
1
-2
-6
-1
4
-8
-16
6
13
-9
2
4
-3
-5
-4
4
7
1
-5
-4
2
8
-2
-1
1
-2
5
5
-1
5
6
1
-1
-6
9
16
8
5
13
9
5
3
6
10
-6
-1
7
1
-2
4
3
2
4
12
15
13
21
14
11
11
15
13
11
6
0
10
13
9
4
9
17
8
0
12
24
17
19
15
10
17
13
14
16
13
9
7
8
6
13
17
12
2
6
13
19
22
19
16
16
27
26
18
16
25
30
18
16
23
29
24
15
13
23
23
14
12
11
13
20
24
24
17
18
18
16
18
13
13
19
13
7
4
9
15
15
11
9
8
7
6
4
3
11
15
-1
-8
4
4
-3
-6
-2
2
1
1
0
-1
9
2
-3
0
5
5
-3
-4
-5
10
12
7
11
17
7
-4
10
20
15
11
10
8
14
12
10
8
5
13
7
6
16
17
8
5
7
12
10
5
12
19
19
8
9
19
15
15
19
21
16
6
14
18
13
12
12
10
11
8
11
11
14
20
12
14
17
15
11
5
5
8
6
0
8
1
-3
4
2
1
2
8
0
3
10
6
8
15
14
0
2
13
13
3
3
11
9
6
6
6
8
12
12
8
10
18
15
6
12
9
6
2
0
8
7
7
3
-2
1
-3
1
7
11
1
-1
8
10
8
6
11
8
9
5
7
9
6
2
2
1
-2
-5
-8
-6
-7
-4
-1
-1
-3
-1
4
7
7
3
1
3
4
-3
-1
8
6
0
-1
0
2
1
-1
0
-4
-5
-8
-7
-1
2
1
1
2
-3
-1
7
-1
-7
3
9
-4
-16
-6
0
-7
-5
0
-11
-17
-11
-2
-5
-11
-10
-7
-6
-4
-7
-5
-8
-6
-9
-16
-5
-5
-7
-10
-6
-1
-6
-12
-17
-19
-21
-15
-15
-15
-14
-15
-19
-18
-12
-12
-17
-12
-9
-17
-23
-21
-8
-8
-10
-9
-10
-13
-15
-11
-9
-7
-1
-4
-13
-10
-2
9
5
-6
-2
3
-5
-6
1
4
4
-5
0
2
2
4
7
9
5
16
12
11
9
7
6
8
8
2
6
3
2
4
6
1
11
20
5
-2
4
12
4
-2
2
0
-6
-6
0
0
4
4
-1
-15
-12
1
0
-10
-14
-10
-17
-23
-14
-4
-6
-9
-12
-13
-17
-13
-5
-16
-12
-20
-21
-18
-19
-12
-12
-11
-21
-19
-11
-17
-22
-15
-18
-17
-14
-22
-26
-16
-13
-19
-14
-15
-16
-21
-17
-17
-26
-26
-22
-20
-24
-16
-19
-28
-27
-14
-13
-20
-14
-16
-20
-14
-15
-25
-24
-18
-20
-19
-14
-3
-12
-24
-10
-13
-24
-12
-7
-9
-14
-7
-8
-17
-14
-6
-5
-14
-10
-4
1
2
-9
-5
-5
-12
-2
0
-13
-8
3
3
-3
3
1
-8
-7
1
3
-2
4
4
-2
3
13
8
0
2
14
0
-11
1
7
7
0
-4
0
1
2
3
-1
6
7
4
3
5
5
4
4
0
5
1
-7
1
5
-7
-2
-1
8
4
-9
1
-2
3
6
3
5
8
9
9
0
13
19
7
8
10
10
8
13
10
12
12
14
18
12
11
17
14
7
9
14
15
5
9
12
0
5
19
19
10
13
21
15
11
17
18
12
14
10
14
18
17
16
5
8
16
16
13
19
18
18
10
3
16
18
13
8
12
8
7
1
5
8
-2
11
9
1
-2
-1
12
6
4
11
4
6
11
16
1
0
8
8
7
6
21
0
-6
8
15
10
7
10
10
7
11
21
12
13
18
9
4
10
17
23
17
13
16
10
8
11
16
12
9
8
13
19
16
10
13
21
19
10
10
17
20
11
13
18
18
20
16
18
23
18
14
11
18
18
12
8
16
20
11
4
7
11
12
9
2
16
24
7
2
5
9
-1
-4
3
-2
-4
-6
-5
3
13
6
-3
-2
9
18
-1
-7
9
13
2
-10
-2
2
-2
-3
-12
-1
9
-5
-12
-1
9
4
2
3
5
4
2
6
12
10
2
5
4
-1
-3
-7
-10
-5
4
-1
-2
1
-2
-5
-8
-2
2
2
-6
-1
5
0
-7
-13
-10
-1
3
-8
-3
8
-1
-6
-9
-4
8
-7
2
8
-1
-2
-10
-6
5
5
-10
-9
1
11
3
-3
2
1
-1
-8
-3
0
0
-11
-12
-11
-1
-1
-16
-7
6
1
-13
-12
-5
1
-4
-6
-7
-4
-1
-13
-23
-23
-13
-7
-10
-17
-1
3
-12
-14
-16
-4
-8
-18
-8
-16
-3
-3
-9
-4
9
6
-6
-15
-18
-2
-10
0
-11
-10
-5
-4
-4
-7
2
2
4
-15
2
1
1
4
6
2
-8
-1
5
8
-5
0
1
5
2
-3
-3
7
7
0
-5
-5
4
1
0
-2
-5
-9
-1
-6
-7
-7
-9
-9
-14
-5
-5
-7
-15
-9
-11
-12
-6
-14
-18
-19
-18
-14
-12
-18
-16
-11
-8
-10
-15
-24
-23
-10
-16
-26
-19
-13
-13
-23
-26
-19
-8
-1
-16
-19
-10
-5
-11
-18
-6
2
-12
-18
-7
6
-2
-6
0
6
12
0
-8
-8
0
6
5
-3
-1
11
10
8
10
16
12
4
5
13
16
14
13
18
15
9
19
26
22
8
17
26
25
22
18
26
22
21
15
10
18
22
10
0
16
23
13
1
2
12
15
10
4
0
-3
7
11
7
5
11
16
7
18
18
0
-1
6
9
4
8
6
8
10
10
9
10
14
7
5
11
13
4
-5
5
10
0
-9
3
6
-1
-2
-5
1
5
3
-1
-4
3
0
-8
-13
-3
5
8
-4
-7
0
4
6
-6
-2
7
7
-8
-7
8
7
7
2
6
1
1
12
19
8
4
16
14
7
0
5
6
9
15
12
10
10
5
2
4
9
3
4
4
-1
3
6
11
11
3
2
8
3
6
17
17
9
6
7
9
10
15
20
13
7
0
-1
10
16
16
8
3
1
10
15
10
13
20
14
4
4
9
19
11
0
-3
7
10
0
1
8
0
-15
-4
9
7
10
7
5
12
8
7
11
2
10
5
0
11
17
18
6
-4
0
12
13
10
10
10
2
-5
-1
8
7
-5
-6
-5
-2
4
-6
-11
-8
-4
-5
-14
-8
-7
-3
-5
-15
-10
-11
-19
-18
-11
-5
-11
-15
-6
-3
-1
2
-4
-7
-4
1
6
3
-4
-5
-4
3
2
-3
-3
-3
-6
-7
-4
-5
3
3
-5
-3
1
7
7
2
0
-4
-2
5
7
4
5
6
-7
-1
5
4
0
-11
-3
5
2
-2
3
8
2
0
-1
-3
-5
3
3
-6
-13
-9
-9
-13
-7
-8
-8
-13
-14
-9
-2
-8
-11
-7
-9
-9
-10
-7
-6
-8
-11
-10
-12
-10
-3
-6
-12
-11
-3
-1
-4
-9
-6
-4
-7
-11
-10
-8
-8
-8
-11
-8
-5
-5
-6
-9
-4
-2
-10
-13
-9
-4
-6
-16
-10
-3
-9
-11
-12
-4
-10
-14
-5
-4
1
-1
3
-5
-6
-1
-3
-1
1
0
-5
-9
-10
0
4
2
9
6
0
3
6
13
11
8
6
10
19
11
9
10
16
10
0
12
19
13
9
8
15
13
10
11
12
13
9
7
12
21
14
6
9
8
11
3
5
-1
0
6
-2
-3
0
6
0
-8
-9
-6
-4
-7
1
-4
-11
-8
-9
-12
-11
-6
-7
-13
-22
-17
-13
-16
-11
-7
-11
-16
-10
-11
-13
-8
0
3
-12
-17
-9
-2
-9
-12
-13
-13
-3
-4
-6
-9
-1
4
-4
-6
-4
1
-3
-7
1
4
-2
-2
3
2
-1
-3
-1
-6
-3
3
1
-13
-5
0
-4
-2
1
6
-1
0
6
5
-1
0
0
-3
-5
-1
1
0
1
-2
-4
1
6
-1
0
5
1
3
2
1
7
7
5
4
4
6
8
11
3
6
11
9
8
6
11
11
10
12
12
11
8
10
12
10
11
8
6
11
7
2
3
5
0
1
-1
-6
-6
1
-2
-10
-14
-17
-13
-19
-22
-18
-20
-26
-24
-32
-38
-35
-29
-25
-32
-35
-39
-34
-32
-26
-24
-18
-20
-27
-19
-17
-14
-14
-12
-14
-15
-10
-7
-7
-8
3
8
2
2
15
13
12
19
18
18
17
20
21
21
20
22
24
22
20
21
21
20
14
19
13
8
9
6
6
8
4
-7
-8
-13
-17
-12
-11
-11
-22
-24
-15
-21
-29
-31
-34
-34
-28
-30
-35
-40
-39
-34
-39
-45
-39
-42
-46
-47
-42
-31
-33
-28
-28
-27
-27
-25
-18
-17
-10
-14
-13
-7
1
8
8
11
5
8
22
30
35
43
41
36
39
44
46
48
49
52
52
51
56
55
56
54
61
62
61
59
49
57
57
52
49
44
41
45
46
34
32
31
27
21
17
21
12
4
3
0
2
-2
-4
-8
-14
-18
-20
-23
-25
-32
-38
-35
-37
-38
-45
-48
-44
-45
-47
-53
-54
-55
-53
-54
-49
-42
-44
-52
-54
-42
-36
-37
-44
-38
-28
-21
-19
-17
-8
-6
2
9
13
22
15
13
24
34
44
36
38
49
53
58
53
50
57
63
63
60
62
67
58
56
71
66
54
51
56
57
56
50
43
44
47
46
35
27
26
23
18
11
7
-2
-4
-21
-21
-17
-32
-39
-57
-51
-55
-67
-73
-86
-81
-88
-100
-111
-106
-104
-118
-128
-134
-133
-121
-116
-123
-136
-144
-135
-116
-105
-105
-118
-126
-113
-88
-66
-56
-56
-55
-41
-26
-8
-3
2
19
29
44
38
43
65
83
108
110
109
97
100
134
154
177
170
160
149
155
191
197
223
212
191
187
185
215
220
235
221
196
192
162
179
202
211
202
147
131
95
85
109
97
87
27
-37
-90
-109
-79
-79
-117
-204
-284
-329
-324
-300
-307
-359
-453
-481
-497
-489
-470
-507
-505
-525
-519
-531
-582
-512
-488
-397
-340
-439
-444
-472
-334
-192
-171
-104
-255
-218
-130
-62
144
60
111
102
87
249
171
346
369
378
504
310
405
410
519
704
613
684
493
495
673
708
893
768
690
679
634
805
801
838
839
714
727
636
633
697
650
703
582
405
311
237
324
282
216
63
-233
-310
-323
-353
-368
-538
-718
-857
-982
-957
-1079
-1090
-1139
-1313
-1246
-1469
-1445
-1425
-1446
-1219
-1370
-1262
-1467
-1442
-1122
-1161
-780
-931
-894
-880
-894
-418
-449
-118
-237
-297
-47
-91
262
247
412
494
418
529
502
681
771
864
945
902
766
818
954
1057
1223
1090
1053
929
1038
1215
1143
1343
1150
1152
1175
1115
1288
1188
1299
1199
1179
1202
1015
1060
1027
1020
969
883
735
532
428
373
318
230
66
-245
-475
-625
-686
-676
-863
-1135
-1395
-1559
-1615
-1641
-1653
-1805
-1986
-2071
-2119
-2125
-1979
-1929
-1929
-1871
-1941
-1836
-1666
-1486
-1248
-1176
-1102
-1091
-943
-458
-439
-259
-117
-230
210
161
492
533
394
826
584
1107
894
606
1080
769
1294
1139
986
1075
583
1242
1073
1168
1308
700
1080
910
1156
1298
1021
1273
974
1202
1277
1122
1408
1241
1321
1388
1282
1249
1159
1344
1308
1188
1102
910
748
794
748
556
436
-19
-80
-197
-319
-441
-854
-851
-1340
-1391
-1376
-1714
-1634
-2068
-2114
-2192
-2248
-2075
-2466
-2261
-2339
-2326
-1956
-2167
-1931
-1986
-1861
-1509
-1437
-955
-1202
-1214
-788
-733
-83
-86
-180
-85
-188
561
513
723
790
365
833
692
1033
1120
865
993
728
1034
1024
860
1054
816
878
1042
868
904
862
962
1035
886
1161
1008
952
1203
1015
1355
1348
1218
1304
1185
1534
1371
1414
1501
1206
1391
1229
1139
1264
1047
887
709
617
556
184
210
-29
-328
-290
-781
-901
-1036
-1222
-1336
-1596
-1660
-2007
-2115
-2032
-2220
-2227
-2178
-2371
-2371
-2325
-2340
-2106
-1965
-1876
-1907
-1876
-1675
-1612
-1104
-838
-1004
-890
-889
-622
-115
78
80
-49
-95
358
520
865
733
254
808
541
1024
1040
626
916
356
1098
859
698
929
270
965
767
755
793
382
858
644
978
1003
590
823
728
1086
1279
1208
1093
1031
1233
1318
1472
1628
1602
1344
1413
1442
1507
1577
1444
1434
1205
1029
841
866
892
515
351
164
-157
-455
-582
-580
-846
-1146
-1524
-1701
-1707
-1903
-2057
-2143
-2270
-2446
-2428
-2431
-2437
-2594
-2429
-2214
-2215
-2054
-2342
-2016
-1829
-1625
-1194
-1377
-1062
-1389
-1037
-342
-388
-142
-575
-16
157
12
309
133
790
515
604
568
598
697
279
1219
1086
1264
434
161
950
944
1920
712
873
797
316
1337
922
1851
993
562
850
554
1878
1068
1148
1247
1009
1381
860
1486
1315
1669
1784
1238
1425
1337
1640
1639
2020
1807
1377
1320
1172
1632
1623
1479
1023
793
811
448
680
634
149
-94
-408
-639
-863
-925
-894
-1316
-1740
-2045
-2192
-2099
-2198
-2515
-2553
-2688
-2967
-2934
-2985
-2656
-2651
-2760
-2914
-3407
-2628
-2237
-2247
-2381
-2829
-2685
-2436
-1745
-1570
-1753
-2041
-2065
-1957
-1190
-613
-1025
-656
-1342
-563
38
-287
17
6
2029
1266
127
395
1133
3343
2663
2421
2398
2471
2393
1836
4562
5272
4011
2061
1852
3959
3897
4211
3201
3422
2930
805
1694
2238
3350
1931
286
153
-592
311
-341
-221
190
-879
-1979
-2969
-1797
-729
-663
-1299
-2274
-2192
-1911
-1314
-476
146
-195
-899
-712
-17
867
1519
1632
1404
1445
1619
1801
2031
2751
3323
2958
2229
1553
2091
2679
2684
2449
1843
1227
320
205
708
816
315
-961
-1823
-1878
-1970
-1976
-2392
-2684
-3089
-4172
-4344
-4622
-4196
-4058
-5065
-4968
-5744
-5732
-5548
-5562
-4556
-5513
-5506
-5515
-5322
-3873
-4094
-3695
-3727
-3633
-2419
-1625
-954
-1053
-1261
82
1337
1812
2244
1911
3049
3805
4183
5287
5211
5502
5395
6085
6976
6455
6321
6207
6285
6392
5852
5192
4818
4600
4295
3684
2703
2033
1604
1290
708
-265
-665
-1411
-1951
-1885
-2278
-3070
-3640
-3424
-3164
-3274
-3761
-3746
-3448
-2849
-2243
-2050
-1670
-1998
-1312
37
819
1214
990
1374
1925
2791
3536
3644
3638
3688
3982
4127
4301
4072
4246
4246
3619
3280
2573
2648
2327
1810
1500
286
-129
-923
-1233
-1177
-2073
-2658
-3796
-4002
-4026
-4603
-4668
-5340
-5794
-6170
-6140
-6134
-6482
-6672
-6709
-6316
-6667
-6750
-6997
-6237
-5321
-5685
-5029
-5354
-4840
-4458
-3904
-1390
-1157
-1933
-3136
-1810
1970
2378
1797
1531
2075
3690
3876
5320
6518
6003
6019
5641
7062
7856
7336
7644
7076
7530
7183
5815
5435
5732
6720
5522
3279
2387
2492
2617
1748
1121
491
-604
-1950
-2425
-1813
-1797
-2214
-3596
-4611
-4312
-3702
-3008
-3443
-3741
-3450
-3377
-2824
-2189
-1057
-406
-942
-512
530
1452
1892
2061
2961
3322
3370
3414
3775
4723
4848
4642
4296
4118
4123
4144
4174
3534
3097
2341
1722
1459
927
541
-458
-1002
-1611
-2535
-2842
-3576
-3840
-4161
-5153
-5426
-5812
-6111
-6598
-7314
-6445
-6458
-7066
-7788
-8673
-7117
-6425
-6515
-7248
-8451
-7121
-6072
-4698
-4574
-5739
-5164
-4848
-2555
-107
-115
-2301
-3752
210
4462
4694
1830
1147
3867
5898
6668
6807
7758
6754
6257
8110
9308
9287
7599
7996
8594
8127
7363
5666
6002
6616
6467
4790
2221
1734
2296
2462
1149
-224
-911
-1951
-2680
-2389
-2258
-3271
-3967
-4111
-4028
-4313
-4441
-3814
-3391
-2872
-2817
-2621
-2282
-1925
-306
808
1126
1022
1144
2058
2786
4061
4575
4327
4145
4216
4991
5130
5216
5129
4999
4405
3446
3334
3123
3021
2414
1448
447
-672
-1165
-1312
-1617
-2400
-3601
-4618
-4939
-5553
-5518
-5573
-6172
-6616
-8248
-7996
-7261
-7129
-7055
-8168
-7799
-8033
-7994
-7377
-7584
-6783
-6658
-6543
-6117
-5644
-5290
-4706
-3178
-943
-351
-3896
-4552
-563
4628
4871
80
866
2710
4966
6529
6780
8835
5650
5177
7621
9543
10440
7524
8483
8758
7914
7420
5972
6952
7480
7315
4831
1893
1825
3197
3662
1774
196
-944
-1854
-2539
-2161
-1039
-2347
-3998
-4643
-4583
-3846
-3902
-3298
-3058
-3440
-3104
-3237
-2042
-984
-224
580
368
865
1025
1985
3033
3942
4571
3828
3681
4061
5212
5505
5389
5220
4560
4351
3799
3888
3836
3416
2625
1328
737
176
-262
-689
-1738
-2458
-2995
-3914
-4688
-5306
-5249
-5473
-6169
-6631
-7363
-7835
-8066
-7745
-6815
-6964
-8688
-9088
-8348
-7328
-7450
-8303
-6781
-7127
-6937
-6586
-6256
-3984
-4451
-1814
-1203
-4148
-4557
-2629
4098
4335
374
150
1195
4992
5854
7012
8420
5845
5449
6959
9937
10686
8768
9041
9261
8859
7745
7026
7749
8890
8564
5818
3192
2450
4215
4831
3223
1680
-171
-1222
-1957
-1347
-106
-1586
-3221
-4240
-4558
-4047
-3967
-2927
-2594
-3339
-3789
-3753
-2622
-1367
-61
568
42
-407
241
1794
3018
3753
3757
3430
3414
3712
4695
5250
5220
5020
4377
3925
3400
3555
3761
3219
2530
1111
57
-631
-490
-617
-1982
-3088
-4110
-4348
-5178
-5731
-5853
-5973
-6419
-8028
-8390
-8633
-7878
-7769
-7978
-8382
-9616
-8744
-8948
-7925
-7268
-7656
-7968
-9004
-7227
-5927
-4797
-4213
-3768
-2345
-3117
-4411
-2847
2013
3916
1672
-667
696
4644
6208
7097
7093
7034
6279
5909
9627
11484
10599
9241
8706
9489
8796
8346
8634
9125
9002
6675
4082
3556
4564
5301
4558
1956
155
-774
-1489
-769
-218
-779
-3254
-5092
-4545
-4004
-3454
-3386
-3761
-4032
-4440
-4207
-3093
-1875
-751
-282
-789
-892
-240
1514
3092
3497
3794
3091
2840
3927
5063
6248
5894
5051
4485
3948
4585
4827
4691
4046
2865
1917
922
483
760
416
-1065
-2764
-4150
-3853
-4149
-4787
-5213
-6398
-6663
-7914
-8037
-7893
-8120
-7813
-8687
-8668
-8967
-9241
-9188
-8271
-7754
-7888
-8106
-9456
-8533
-7625
-5042
-4164
-5974
-5870
-5472
-632
276
-3184
-3494
-655
4577
3629
607
1652
4224
6963
6955
7267
8505
6394
6258
9829
12499
11637
7903
7820
10012
10633
9500
7340
7643
8676
7594
5077
3379
3840
5059
4231
1340
-157
-532
-768
-1180
-1400
-1518
-3431
-4697
-4501
-4004
-3620
-4048
-4183
-3610
-3556
-3781
-3307
-2274
-440
-34
-455
-375
11
2076
2907
3545
4127
3322
3686
4160
5587
6210
5558
5357
4811
5044
4746
4393
4103
3777
3301
1966
928
-89
19
-279
-1501
-2855
-4256
-4329
-5094
-5528
-5682
-6696
-7181
-8168
-8569
-8475
-8601
-8497
-9132
-9427
-9127
-10000
-9680
-8179
-7958
-7707
-9682
-9901
-7765
-6730
-4618
-5806
-4487
-3135
-3716
-1127
-3311
-1450
1378
2948
4326
-276
1956
4067
7244
10166
7176
7572
5210
6969
10922
12621
12613
8064
7879
8415
9386
9786
8567
8387
6858
6140
3659
2898
4092
4528
4166
595
-1373
-2211
-1580
-451
-933
-1447
-4167
-5910
-5544
-3912
-2598
-3005
-3735
-4645
-4556
-4190
-2402
-669
345
223
-1377
-749
392
2953
4562
4397
4119
2829
3585
4717
6546
7411
6487
5412
4212
4841
5192
5699
5242
4072
3154
1448
1163
779
1062
635
-1374
-2823
-4317
-4347
-4228
-4592
-5089
-6207
-7780
-8665
-8601
-7934
-7238
-8551
-9182
-10187
-10108
-8788
-9228
-8159
-8367
-8713
-9054
-9940
-8524
-7347
-6366
-5984
-6724
-6323
-4524
-2390
-325
-2825
-4464
-997
2626
4626
1107
1182
4004
5825
8293
7345
8478
7148
6899
10185
12051
12261
8964
9254
10416
10769
9862
7940
8751
8750
8750
5991
3760
4346
4737
5134
2374
457
-310
-893
-729
-1392
-1441
-2950
-4417
-4663
-4335
-3978
-4400
-4097
-4216
-4043
-4371
-4129
-2641
-1603
-230
-1124
-1277
-463
832
3095
2809
3364
3154
3070
4152
4606
6321
5856
5245
4985
4588
5378
4929
4822
4400
3668
2948
1678
1087
955
787
-245
-1688
-3095
-3397
-3912
-4571
-4617
-5770
-6520
-7808
-8057
-7598
-8032
-8026
-9490
-9650
-9198
-9448
-9282
-9805
-9324
-9300
-9640
-9372
-9289
-8714
-8265
-7811
-6609
-5756
-4483
-2386
-3613
-5593
-3952
1260
5036
1695
-842
908
4783
8198
7581
8426
8036
6443
8212
10960
13808
11943
9879
10627
10934
11348
9692
9466
10585
10670
8624
5029
4155
5537
7152
5399
1990
113
-454
-382
-985
-445
-1256
-3510
-4943
-5381
-4336
-4244
-4126
-4140
-4585
-5376
-5829
-4361
-2509
-947
-1520
-2559
-2902
-1509
1208
2259
2807
1939
1528
1934
2973
5163
5706
5329
4096
3529
4135
4452
4936
4666
4140
3348
1727
813
998
1533
1345
-444
-2356
-3441
-3804
-3264
-3218
-4083
-5572
-7406
-7568
-7291
-7157
-6988
-8461
-8736
-9304
-9727
-9350
-9861
-8440
-8706
-9196
-10180
-11175
-9228
-7884
-6139
-6636
-6546
-4936
-3998
-4824
-6114
-1340
2662
2877
-1234
-2283
2866
5576
8334
7745
7872
6861
5133
9939
13376
14842
11640
9555
11149
11233
12040
10998
11456
11783
10232
7520
4776
6017
7730
7857
4629
1258
154
-433
85
292
369
-1871
-5026
-5859
-5105
-3961
-3944
-4270
-5150
-6049
-6728
-6144
-3972
-2368
-1523
-2884
-4135
-3536
-1467
1629
2327
2088
1211
460
1781
3706
6009
6024
4525
3607
3416
4617
5335
5789
5466
4094
2700
1824
2288
2669
2881
1817
-543
-2339
-3094
-2060
-1607
-2448
-4129
-6302
-7030
-7122
-6700
-6363
-7448
-8741
-9616
-10031
-9845
-9604
-9071
-8844
-9907
-11122
-12095
-11072
-8800
-7812
-7332
-7465
-6391
-6233
-7987
-6850
-2214
2483
898
-3963
-3459
1558
6399
7531
6916
7099
5858
5844
9527
14129
15280
11882
10213
11349
12394
12576
11986
12915
13237
10940
7361
5470
7499
9670
8740
4774
1181
379
425
435
571
395
-2224
-5670
-6782
-5593
-4006
-4401
-5307
-6509
-7362
-7624
-6960
-4128
-2856
-2938
-4291
-5020
-3513
-1906
870
1816
1862
1083
71
1812
3963
6334
6214
4917
4057
3910
5518
6119
6615
6126
5092
4085
2921
3198
3597
3661
2630
351
-1694
-2244
-1959
-1261
-2202
-4469
-5772
-7359
-6844
-6769
-7250
-7496
-9586
-9536
-10446
-10783
-9408
-9985
-9446
-11013
-12503
-11712
-11890
-9533
-8779
-8798
-7745
-7691
-5436
-7718
-8651
-3261
1542
2487
-3811
-4167
1450
6152
8582
6597
7901
6328
5850
10183
14576
16622
11877
11234
12343
13104
13804
12393
14258
13658
11981
8851
6314
8359
9673
9755
5680
1617
850
902
1118
687
383
-2116
-5018
-6301
-5278
-4223
-4695
-4801
-6111
-6829
-7895
-7028
-4124
-2963
-2466
-4567
-5290
-4026
-1855
1074
1227
1158
373
60
1755
3849
5870
5556
3984
3420
4014
5070
5693
5589
5484
4360
2998
2559
2459
3538
3255
1442
-1001
-2636
-2098
-1992
-2031
-3061
-5138
-6751
-7749
-7258
-6454
-7249
-8847
-9865
-10676
-10593
-10329
-9847
-9615
-11185
-11712
-12334
-12488
-10849
-10696
-8948
-7628
-7158
-6098
-10270
-10296
-4818
1536
3686
-4819
-5874
-1396
4601
9534
6660
8336
5608
4805
9579
13715
18078
13040
11850
13145
13531
14488
12878
15526
15969
14566
10230
6772
8587
10922
12337
7960
3605
1214
1045
1938
1492
1994
-989
-4439
-6126
-5556
-4179
-5003
-4806
-5434
-6873
-8213
-8393
-5716
-3577
-2784
-3940
-5892
-5680
-3989
-552
1553
989
-230
-1517
-17
2812
5190
5470
3599
2930
3259
4181
4975
5553
5690
4872
3038
1992
2323
3209
4129
2605
223
-2444
-2743
-1289
-1067
-1456
-4374
-5965
-7025
-6864
-5650
-6625
-7361
-9584
-9522
-9313
-10176
-9898
-10594
-9646
-10530
-11587
-12149
-12702
-11077
-9748
-7047
-5324
-6580
-10829
-13078
-6840
2053
3917
-3387
-8337
-4307
3256
7794
7727
7514
5648
3724
6890
13207
16996
14316
11911
13012
13797
13248
12601
15187
17745
16084
11134
7051
7844
11335
13043
10301
5393
1952
1000
1418
2359
3061
699
-3094
-5804
-6206
-4904
-4516
-3855
-4443
-6813
-8847
-9208
-6435
-3597
-2734
-3748
-6040
-6709
-5095
-1923
1150
1264
-456
-1967
-1603
1395
4092
5284
4264
2608
2416
2711
4336
5615
5928
5133
3023
2013
1630
3029
4123
3373
1520
-1785
-2437
-1908
-948
-276
-2374
-4486
-7212
-7515
-5383
-4928
-5399
-8294
-10236
-9638
-8901
-8252
-9390
-10182
-10357
-11039
-11938
-12209
-10880
-9279
-7408
-6396
-5846
-9742
-13998
-8070
964
4917
-3213
-10621
-5160
1895
8187
6834
5422
5624
2016
6576
11982
16162
14698
10469
12787
12940
13414
13041
14458
17696
16084
11775
7202
8004
11807
14028
10995
5206
2384
1637
2776
3092
3375
1433
-3030
-5167
-5303
-4206
-3676
-3723
-4292
-6198
-8774
-8693
-5880
-3266
-2307
-4203
-5830
-6677
-5201
-1365
918
1297
-708
-2370
-1541
1188
4138
5030
3677
2237
2033
2557
4070
4976
5697
4656
2141
1527
1344
2912
3554
2520
962
-2255
-2587
-1813
-1046
-1140
-3533
-4698
-6151
-6725
-5983
-5904
-5879
-7388
-9317
-9839
-9475
-8458
-8312
-9717
-10908
-12014
-11770
-10473
-9921
-9074
-8909
-7736
-5792
-7171
-10745
-9619
-2604
2669
-550
-7280
-6066
-321
5775
7081
5265
5629
2563
4896
10555
14813
15166
10040
11213
12805
13893
13932
12742
15633
15546
13020
9139
7886
10592
12422
11313
6571
3385
2447
3002
3140
3030
2192
-1470
-3683
-4363
-3515
-2848
-3456
-3721
-4924
-6387
-7076
-5786
-3257
-1896
-2535
-4188
-5293
-4379
-1403
965
1588
591
-871
-876
827
3480
4949
4136
2275
1417
2113
3311
4214
4192
3512
1612
364
739
1288
2081
906
-793
-2476
-3576
-2659
-2603
-2675
-4115
-5696
-6264
-6979
-6751
-6765
-6502
-7968
-9514
-9570
-8957
-8308
-9711
-10560
-11197
-10809
-10143
-10319
-9692
-8801
-6650
-4733
-6856
-11210
-9368
-2190
2733
-1002
-6619
-4664
-378
4856
5595
5659
5918
2326
4900
9829
14669
13570
9467
11579
12960
14054
12620
12665
15755
15672
12637
8597
8740
11159
12591
10495
6536
4148
3270
3453
3068
3778
2187
-1565
-3614
-3835
-2608
-2801
-3374
-3910
-5112
-6340
-6893
-5016
-2589
-2525
-3929
-4715
-4215
-2814
-1405
18
771
501
-197
-451
1317
3582
4539
3901
2408
2106
2359
2909
3823
4047
3434
1212
-108
606
1342
1502
-8
-1507
-2661
-3627
-3430
-3209
-3313
-4648
-6317
-7039
-7105
-7121
-7668
-8140
-8190
-8730
-9938
-10571
-9898
-9245
-9970
-10840
-11903
-10999
-10309
-9408
-6127
-4636
-5817
-12517
-11457
-2481
2547
973
-7593
-5635
-284
3598
5744
4046
7156
3544
3630
8549
12505
14911
10037
11303
12794
13263
12773
11636
15956
16591
13905
8909
7529
10625
13149
12497
7504
4470
3102
3500
3371
3758
3469
-553
-3476
-4929
-3327
-2264
-3080
-4066
-5658
-6389
-7210
-6108
-4005
-2462
-2733
-4818
-5577
-4408
-1469
310
877
727
-342
-265
804
3216
5288
5305
3772
2490
3139
4046
4641
4944
4785
3490
1606
694
1053
2624
2379
164
-2373
-3693
-3053
-2656
-2477
-3967
-5761
-7056
-8189
-7342
-7075
-6980
-8772
-10687
-10580
-10477
-8918
-10025
-11130
-11264
-11757
-11283
-11860
-10144
-9260
-8299
-5768
-5474
-8810
-12331
-6773
1517
3541
-3421
-7920
-2591
2909
7107
5880
6490
5439
2375
7734
12534
16309
12300
9543
13133
13370
13943
11976
14477
17275
14927
10857
7063
9178
12444
13443
9491
4913
2843
2387
3349
3352
4174
603
-3941
-5281
-4473
-2464
-3432
-3630
-4374
-6951
-8441
-7635
-4174
-1636
-2573
-4493
-5700
-5126
-2337
85
2593
1888
-277
-811
417
4495
6198
6269
4376
3056
4118
4376
5692
5871
6030
4695
2010
1208
1441
3137
2736
879
-1461
-3455
-3676
-3504
-2776
-3588
-5660
-7607
-8863
-8283
-7763
-8240
-8789
-10486
-11117
-11215
-11265
-10194
-11346
-11183
-11449
-12526
-12461
-13053
-10335
-8759
-7443
-5313
-6919
-10646
-12037
-4731
3479
3046
-4633
-7830
-2266
4572
8541
6875
6649
4520
3657
9179
13561
16634
12546
10864
13154
13067
14022
12695
15339
17371
14334
10149
6808
9189
12736
13039
8912
3957
1666
2016
3133
3393
3436
-537
-4423
-5745
-4687
-2564
-3228
-3637
-5153
-6818
-7540
-6706
-3918
-1921
-1433
-3238
-4640
-4733
-1916
1875
3541
3086
374
1
1786
4924
7259
6939
5444
3739
3932
4839
6012
6243
5951
4284
1938
1096
862
2111
2011
514
-2105
-4741
-5200
-4349
-3622
-4535
-6827
-9019
-9299
-9233
-8623
-9036
-9767
-10344
-11569
-11606
-12062
-10761
-10567
-10786
-11890
-13403
-12514
-12339
-9696
-8753
-5857
-4231
-8121
-12229
-11151
-74
4741
910
-6746
-6496
667
5050
8906
7065
7433
3057
3464
11153
15238
16976
10238
11730
13653
13417
13730
12095
17339
16660
13321
8283
6686
11061
12648
12280
7001
3572
1555
1683
2980
3805
3282
-2371
-5201
-5772
-3646
-2917
-3690
-3353
-5801
-7202
-8367
-5842
-2297
-1492
-1891
-4311
-4380
-3423
-590
2879
3334
2801
689
401
2871
5865
8226
7151
4919
3956
4142
5624
6715
6569
6169
3583
1301
1040
1289
3212
1513
-882
-3315
-5589
-3919
-4703
-4331
-5906
-8345
-8447
-10182
-8633
-9347
-9948
-9979
-11937
-11476
-11760
-10792
-10763
-12043
-11673
-11305
-11685
-12564
-12350
-10116
-7718
-7083
-4916
-5227
-9793
-10756
-4278
4923
4156
-4692
-7057
-1186
6742
9224
6600
6706
5212
5007
9436
14189
17049
12445
10705
13088
14147
14587
12370
14296
16434
14382
9954
6376
8595
12169
12012
7547
2932
1502
2382
2304
2044
1902
-1174
-4414
-6094
-4883
-3286
-3611
-4290
-5757
-6645
-7153
-6216
-3773
-1805
-1526
-3161
-4256
-3391
-405
2760
3702
2945
1592
1222
3188
5945
8052
7898
5726
4455
4621
6063
7156
6529
5705
3871
2016
1570
1392
2280
1431
-814
-3400
-5530
-4674
-4485
-5114
-6724
-8482
-9305
-9775
-9813
-10469
-10638
-11256
-11176
-12531
-12576
-11331
-11783
-10688
-12985
-12361
-11622
-12659
-10867
-11598
-8774
-7501
-5722
-3044
-8379
-11164
-6426
2209
6172
-1116
-6471
-2632
3367
9470
8503
7368
6895
3225
8317
13455
16986
14647
10017
13231
13806
14233
12583
13119
16752
15259
11198
6646
7595
10815
12104
9154
4240
2135
1065
1682
1720
2403
599
-4079
-5877
-5419
-3725
-3516
-3922
-4381
-5962
-7254
-6814
-4240
-1487
-669
-2089
-3614
-3283
-1146
2026
4180
4173
3054
1531
2350
5072
8041
9403
6951
4698
4258
5774
7348
6968
6288
4522
2590
1387
1134
2004
1931
70
-2912
-5250
-5264
-4601
-5056
-6354
-8048
-9090
-10219
-10831
-10296
-10450
-11191
-12151
-12484
-11677
-11614
-12198
-12331
-12763
-11595
-11281
-12329
-12274
-12466
-10005
-7304
-4440
-2735
-7699
-12398
-8635
1543
7492
1333
-6919
-4857
1800
8937
9871
7432
7134
3361
6635
11763
15846
16258
10680
12729
13245
13319
12573
12036
16889
16236
12499
7026
5830
9836
12249
10965
5667
2152
553
1049
1470
2674
2168
-2415
-5352
-6671
-4763
-3185
-2874
-3212
-5729
-7364
-7712
-5136
-1521
46
-1103
-3421
-4327
-2592
1295
4247
4978
3137
1208
1210
3877
7596
8806
7815
5011
3574
4519
6118
7395
6704
5059
2493
919
1084
1548
1746
800
-1296
-4379
-5818
-5708
-4644
-4937
-7028
-8453
-10432
-10815
-11007
-10153
-9359
-10977
-12254
-13675
-12084
-10528
-10871
-11907
-12943
-12202
-11987
-11817
-11665
-10275
-8500
-5364
-3234
-5940
-10929
-10703
-190
6542
3144
-5358
-6977
680
7445
11179
8265
5638
3213
4683
11945
15976
16256
10884
10959
13317
13677
13799
12242
15827
16065
13121
8428
6129
10119
11846
11723
7045
2670
1295
764
2294
3450
2902
-1802
-5926
-6255
-4143
-2635
-2533
-3407
-6207
-7402
-7679
-5034
-1663
-902
-1314
-4119
-4181
-2605
352
4007
3800
3326
1174
805
3610
6424
9173
7722
5087
3376
3803
6468
7314
6755
5032
2799
1230
1038
1645
2209
1491
-1181
-3965
-5464
-4922
-4234
-4976
-6436
-8169
-9462
-9983
-10424
-9808
-9835
-11222
-11580
-12292
-11688
-11278
-11319
-11401
-12577
-11551
-11676
-11607
-11679
-11307
-9290
-7351
-3581
-4234
-7923
-11390
-6291
3607
4710
-353
-6953
-2707
4020
8189
9875
6201
6031
3779
7710
13853
15239
14250
10202
13039
14251
13356
12454
12931
16738
15421
11650
6954
7362
10702
11843
10244
5180
2860
862
1157
2436
3089
1804
-3323
-5091
-5268
-3684
-2833
-3204
-3487
-5589
-6552
-7094
-4627
-1414
64
-1256
-4219
-4032
-2070
1841
3965
3968
2527
542
1500
3963
7368
7903
5890
3540
3088
4640
5264
5699
4600
3641
2023
216
153
431
1418
175
-2463
-4544
-6025
-5117
-4591
-5244
-6122
-8545
-9906
-10419
-9522
-8469
-9736
-10650
-12199
-11693
-10834
-10305
-10295
-12088
-11243
-11888
-11378
-11681
-11848
-8365
-7186
-4530
-5123
-8819
-10685
-6884
1996
4538
-1360
-7239
-4525
2243
8920
8723
5962
4318
2136
7769
11864
15622
13921
9624
12287
11823
13730
12782
13478
16851
14234
11449
7193
7986
11435
12559
10755
5769
2582
1194
2447
3698
4583
1874
-3216
-5212
-4876
-2209
-1683
-2176
-3813
-6412
-6882
-6042
-2990
-982
-784
-2276
-4232
-3663
-1627
1731
3564
3252
2023
441
1296
3954
7127
8124
5934
3466
2474
3970
6009
6436
5353
3200
878
-48
685
2035
1985
-433
-3119
-4971
-4998
-4025
-4183
-5087
-6789
-8455
-9400
-9650
-8794
-8729
-9619
-10802
-12217
-11645
-10630
-10067
-10298
-11823
-11661
-11590
-11582
-11704
-11655
-8885
-6698
-5875
-5309
-7458
-10397
-7200
-352
4930
306
-7327
-4867
601
8937
8775
5650
5578
2021
6884
10386
15193
15413
10239
12209
11214
13370
12998
13284
16747
15170
12463
7369
7364
10686
13402
11800
6570
2813
1099
2781
3163
4746
2826
-1986
-5138
-6238
-3129
-1979
-1929
-3757
-6187
-7098
-6598
-3990
-1800
-1047
-1968
-3454
-4359
-2307
218
3128
3716
2259
1427
469
3664
5903
8049
7528
4331
3864
3414
6156
6717
5973
4715
1696
1354
743
1357
1807
408
-1288
-3760
-5301
-4780
-4412
-4475
-5930
-7979
-8209
-9744
-9727
-9080
-8971
-9168
-11946
-12557
-11636
-10104
-9374
-11045
-11748
-11571
-11566
-10873
-11134
-10940
-9211
-7963
-5115
-4838
-5814
-9070
-9347
-999
3304
2744
-5157
-6145
959
5531
9902
5671
5801
4325
4204
10774
13127
16388
11491
10519
12485
12425
14376
12239
15096
15745
13351
9397
6804
10027
12083
12394
7916
3988
1765
2072
3628
3585
3461
-919
-3902
-5447
-4209
-2273
-2715
-2984
-5150
-5539
-7257
-6452
-2911
-1019
-357
-3935
-5082
-4231
-966
3245
3202
2593
104
-396
2344
5284
7742
6207
4148
3313
3298
5130
5436
5444
5092
2687
1466
369
637
1482
971
303
-2846
-4453
-4858
-4746
-3379
-4523
-5835
-7628
-9108
-9429
-9324
-7265
-7543
-10017
-10900
-11957
-10798
-9461
-9378
-8609
-11079
-11751
-12164
-11490
-8903
-10009
-8379
-7920
-6611
-4397
-6537
-8764
-8198
-977
3371
475
-5478
-5744
658
6391
9185
5663
4691
2754
4445
11485
14772
16070
10084
9419
11835
13224
14984
12583
15298
15315
12115
8675
7362
11183
12904
11978
7010
3053
2187
3152
4365
4433
3550
-1135
-4372
-4889
-2637
-759
-2099
-3413
-5227
-6031
-6366
-4737
-1458
-922
-2089
-4182
-4821
-2280
342
2719
2439
1126
739
60
2685
4936
6475
5671
2717
2713
3054
4955
4963
4009
3767
1931
1062
35
591
1355
744
-1034
-3480
-4549
-4531
-4028
-4077
-4498
-6540
-8235
-8899
-8281
-7260
-7831
-8184
-9534
-10213
-10445
-10329
-8576
-7903
-9455
-10981
-11842
-11119
-8724
-9099
-8998
-9976
-8642
-4850
-4685
-4111
-9425
-8411
-1444
1640
1547
-5566
-3456
561
4648
7817
4628
5845
3576
5973
10763
13204
13743
9589
11358
12760
13773
12890
11878
14757
14885
13029
8506
8291
10269
11264
10889
7083
4560
2479
2828
3203
3719
3001
-945
-3695
-4379
-2859
-2352
-2289
-3517
-4809
-5810
-6502
-4519
-2812
-837
-2205
-4086
-4022
-2986
730
1808
2088
1289
42
548
1964
4954
5480
3945
2774
2732
3393
3968
4083
4027
3336
1890
987
260
1082
1459
448
-1351
-3529
-3780
-3551
-3641
-3736
-4904
-6605
-7321
-7506
-6988
-7239
-7637
-7891
-9402
-9267
-9127
-8685
-8355
-8701
-9417
-10590
-10195
-9966
-9213
-10103
-9852
-8655
-7184
-4443
-4878
-6012
-9920
-7460
-171
2607
492
-6413
-4250
902
6095
8275
5258
5389
2684
6058
11426
14634
14360
9957
11576
12066
13576
13335
13513
16128
14596
12139
8033
8535
11131
12607
11475
6599
3647
2125
3238
4090
4607
2911
-1659
-3992
-4395
-2199
-1658
-2331
-3392
-5302
-6500
-7132
-4546
-1925
-1175
-2884
-4957
-5217
-3418
240
2245
2180
-334
-1993
-1017
1935
4724
4336
2751
1190
1340
2210
3100
3890
3638
2787
876
146
67
1043
1540
445
-1024
-3461
-3528
-3643
-3293
-3005
-4013
-5060
-7107
-7310
-6960
-6222
-6228
-7163
-8002
-8719
-8833
-8503
-7302
-8040
-9059
-10183
-10151
-9448
-9958
-9540
-10263
-8154
-6765
-5812
-4615
-7561
-9135
-7709
-151
2916
-1383
-5825
-5421
1979
6331
7632
5615
4379
3974
5807
11841
14430
14207
11188
11021
12560
13499
14414
13937
15826
14903
11973
8987
8660
11570
12581
11913
6788
3776
2927
3033
4766
4442
3287
-1292
-4128
-4246
-3206
-1782
-2280
-3740
-5363
-7270
-8238
-4966
-2620
-942
-2976
-6712
-5886
-4864
586
1958
608
-167
-3910
-823
1173
3703
4847
1739
1904
536
1981
3638
3399
4592
3034
1004
337
-141
1896
2381
918
-480
-3333
-3292
-3260
-2385
-1563
-3981
-5515
-6950
-6650
-6094
-5858
-6128
-7242
-8269
-9381
-8384
-8880
-7704
-7856
-9548
-9801
-12173
-10169
-9781
-9761
-8722
-10432
-8795
-7779
-5839
-4333
-8319
-8487
-4530
-510
1124
-4231
-3794
527
3675
7127
4759
6226
6028
6057
10848
12689
15181
12333
11329
13720
14399
15345
13589
14295
15002
14096
11505
9560
10386
11593
11551
8137
5669
3749
3712
3632
3020
2911
239
-2179
-4552
-3884
-2869
-3481
-3804
-5524
-6324
-7464
-6395
-4005
-3131
-3321
-5228
-5333
-4282
-2363
-513
214
-232
-1154
-998
54
1981
2735
3438
2525
2026
2498
2226
3738
3748
3990
3135
1623
1664
856
2030
1997
1164
-255
-2455
-2447
-2416
-1782
-2368
-3492
-4882
-5871
-5863
-5704
-5640
-6416
-6364
-7938
-8695
-9761
-9044
-6836
-7756
-8912
-12387
-12455
-10504
-9368
-7883
-10039
-11753
-10894
-7224
-2816
-4329
-10576
-10092
-4279
2072
1428
-5270
-2955
-541
5340
7608
5502
7804
3579
7801
11646
14472
15780
9950
12791
14058
15768
14745
11893
14534
15061
14441
10437
8432
9942
11635
10775
7151
4729
2795
3247
2662
2707
1919
-1203
-3596
-5507
-4102
-4022
-4191
-5105
-6646
-7339
-8386
-5802
-4489
-3544
-4343
-7141
-5401
-4456
-1440
-217
-1610
-746
-2544
70
1110
1735
3868
1893
2714
2311
3484
4534
3515
4763
4268
3709
2993
2118
3000
3457
2128
1088
-200
-1005
-993
-1407
-609
-2552
-3753
-4406
-5131
-4278
-5550
-5644
-7161
-7428
-8161
-8995
-8478
-9220
-7699
-9369
-10918
-12023
-11666
-9267
-10081
-10197
-11458
-12151
-9801
-6301
-3024
-4989
-11279
-11136
-3753
3020
2999
-4359
-4015
-115
4814
8972
6673
9055
6002
6871
11607
14140
17466
12144
13310
14967
15097
14754
11909
15361
16640
15626
10753
7486
9270
11525
12218
8120
4920
2220
2178
2016
2041
2496
-778
-3604
-6545
-5253
-4816
-4847
-4756
-6310
-6883
-9512
-8458
-6565
-3896
-3385
-5880
-6662
-7070
-4231
-1865
307
391
-1506
-2684
-2481
1439
4126
5238
3012
1449
1861
2802
5335
5427
6240
4555
2628
2055
2001
4204
3984
3209
1028
-1321
-1685
-1553
40
409
-1509
-4606
-6505
-5907
-4788
-4128
-5702
-7462
-9298
-9752
-8884
-9025
-7773
-8939
-10598
-11617
-12803
-11316
-10819
-10013
-9501
-11666
-11929
-9764
-5515
-2314
-6697
-10742
-7083
-1358
3758
-228
-3301
115
1842
8507
7537
8285
8877
5676
11594
12891
16885
14709
11146
15204
15061
16612
13321
12827
15876
15486
13414
9058
8839
10333
11046
8594
5958
3659
2102
1924
814
2148
-126
-2717
-5417
-6571
-4514
-5363
-5077
-6499
-7691
-8783
-9625
-6745
-5001
-4479
-6216
-8132
-6543
-4092
-1897
-1246
-1710
-1464
-2163
-1398
1113
2991
4371
3013
1895
2688
3937
5480
5470
5737
5567
3931
3444
3452
4452
5188
3488
1745
245
241
388
-454
-78
-1082
-3031
-5095
-6066
-4365
-4129
-5562
-7526
-9007
-8504
-9220
-8971
-8290
-9419
-9889
-12006
-11856
-10530
-11017
-10192
-11791
-10757
-10359
-11314
-7926
-6339
-3149
-5461
-9282
-6316
-1833
3354
1496
-1204
172
2201
6200
8581
9405
9782
7705
8498
12161
15033
15739
12951
13427
14530
14108
13685
13013
14751
14631
12195
9236
8055
9237
9035
8119
6020
3800
1505
147
289
507
304
-2691
-5671
-7432
-6444
-5599
-5549
-5808
-7698
-8787
-10113
-8050
-5978
-4542
-4889
-7332
-6649
-5501
-2617
-956
-552
-768
-1921
-973
720
3180
4502
4482
3526
3509
4398
5109
6368
6509
6875
5270
3871
4109
4485
5876
4381
2595
1081
134
635
5
-368
-1497
-3071
-4440
-5045
-5292
-5592
-6433
-7338
-7799
-9288
-9510
-10114
-9344
-8844
-9846
-10699
-12253
-11176
-11694
-10268
-9838
-10304
-9205
-11426
-7377
-5817
-2852
-3535
-9210
-3824
-2252
3925
2200
-1422
2798
1336
8870
7760
9087
10194
6388
11445
11513
15882
14088
12062
14319
13731
15245
12124
12569
13360
13895
11963
8184
7822
7377
9043
6814
5048
2335
435
431
-965
6
-2374
-3611
-6130
-7345
-6622
-7453
-6696
-7740
-7412
-8418
-9855
-9151
-7507
-4979
-4205
-6005
-7062
-5974
-3415
-141
298
389
-1314
-1647
1397
3502
6191
5326
3921
4062
4469
6386
6559
7231
7506
5953
4783
3863
4049
5290
5254
3540
1197
-836
-679
-635
-676
-1376
-3424
-4945
-6395
-6597
-6369
-6232
-7270
-8223
-9434
-10514
-10309
-10263
-8480
-8601
-10376
-11915
-13015
-10823
-8757
-8802
-8835
-10134
-9279
-6858
-5416
-1642
-2886
-5278
-4159
-1798
4058
3007
1067
2797
3852
8597
7675
8014
10375
9307
11869
11617
13619
14298
12219
13833
13684
14182
12787
10968
11987
12389
11378
8810
6696
6731
7042
5770
3877
1636
569
-177
-1833
-2277
-3182
-4028
-5834
-7934
-7684
-7786
-7242
-7820
-8345
-8364
-9379
-8692
-7365
-5367
-4392
-5544
-5862
-4377
-2354
-217
-64
430
843
647
2633
3497
5665
6252
5329
5841
5418
6780
7000
7055
7662
6104
5426
4364
4165
4913
3963
3000
952
-620
-948
-1531
-1461
-2338
-4209
-5567
-6618
-6490
-6337
-6876
-7801
-8894
-9793
-9995
-9581
-9342
-8583
-9731
-9872
-10783
-11459
-9471
-9378
-7931
-8719
-9121
-7942
-7153
-3696
-1798
-2171
-4609
-5268
-1109
3701
4131
1590
1354
3572
7098
8174
8848
9760
8857
9822
10353
12849
13866
12104
12721
12473
12999
11509
10008
11181
11672
11240
8028
5454
5463
6123
5885
3932
1823
-164
-1550
-2483
-2542
-2399
-3909
-6047
-8204
-8082
-7388
-7451
-7884
-8372
-8069
-8317
-7667
-7754
-5736
-4160
-4139
-3381
-4560
-2102
-1093
527
2526
1631
3249
1783
3702
6171
6877
8100
5543
6509
6685
7139
8180
7031
7465
5981
4774
4203
3711
3834
3018
1392
-14
-1505
-2230
-2319
-3301
-3389
-5162
-6379
-6981
-7761
-6993
-7888
-7970
-9222
-9912
-9561
-10209
-8739
-9231
-8551
-9387
-10773
-9376
-9609
-7044
-7474
-7584
-7536
-8087
-4266
-2844
-423
-2798
-4828
-2231
338
4607
2839
2250
2464
3605
7299
7677
9498
8097
7710
9089
10233
12402
11067
11488
11404
11484
10797
9296
10034
10281
10520
8101
6080
5140
5144
5409
4187
2670
193
-1232
-2168
-1883
-1970
-3584
-5169
-6595
-6868
-7378
-7163
-6946
-7019
-7226
-8398
-7848
-6824
-5197
-3875
-4020
-3525
-3851
-2621
-511
679
2324
2064
2128
2649
3677
5796
6142
6764
6578
6002
6364
6230
7074
7636
7037
5877
4209
3704
3832
3588
3411
1566
14
-1245
-1997
-1447
-2360
-2718
-4336
-5326
-5915
-7021
-6517
-6723
-6072
-7346
-8620
-9303
-9010
-7362
-7112
-6638
-8173
-8734
-8627
-7229
-5892
-5928
-6073
-7504
-6123
-5881
-4047
-3137
-2459
-734
-2080
-989
-3014
-134
2917
3728
4344
558
2648
3196
7035
8604
7299
7636
4686
7107
8282
10995
11064
8563
8450
7064
8593
8106
8670
8727
7383
5910
2863
3451
3902
4720
3089
273
-1247
-2812
-2198
-2438
-1683
-3067
-5008
-6874
-7709
-5877
-5373
-4317
-5101
-5782
-7007
-7307
-4206
-1880
106
-1286
-3721
-3118
-957
2932
4079
3908
2850
1085
2819
4844
7558
7880
6260
4887
4224
5762
6404
7053
6753
5313
3242
1833
2040
2997
3682
2128
-570
-2512
-2772
-2401
-1609
-2013
-3408
-5245
-6920
-6672
-6212
-5102
-5121
-6119
-7292
-9085
-8644
-6906
-4972
-4671
-6697
-8076
-8238
-6315
-4607
-3963
-4487
-6070
-6209
-6019
-4242
-3229
-2118
-969
-1491
-1691
-3128
-2585
746
3280
3911
970
-1150
649
3229
7502
6817
5173
3774
2606
6150
7636
9930
8443
6495
6329
5757
7296
7397
7943
7662
6081
4094
2720
3102
4455
4821
2988
181
-2051
-2108
-929
-411
-468
-2525
-4222
-5261
-5230
-3399
-2686
-2607
-3686
-4591
-4829
-3970
-2521
-103
314
-251
-1647
-2219
970
2522
4789
3508
2460
2417
2167
5270
5751
6620
5411
3612
4124
4006
5453
5224
4644
4183
2070
1577
1235
1913
2535
976
-723
-2282
-2420
-1461
-2056
-2628
-3457
-4559
-4633
-5547
-4849
-4925
-5057
-5055
-6092
-5578
-6555
-6189
-5478
-4441
-4410
-6025
-5608
-6076
-4207
-4397
-4654
-4188
-5732
-4442
-6142
-4086
-2702
-2819
-1609
-4063
-1966
-3284
-2030
100
-230
1587
-2008
-454
514
2443
4376
2336
4035
2188
3897
4784
5911
7912
5817
6361
5053
6342
6755
6618
7192
5896
5784
3782
3690
3654
4249
4128
2048
998
-491
153
16
185
-304
-1695
-2384
-3546
-2743
-2247
-1265
-1732
-2148
-3067
-3937
-2172
-1120
1195
550
-940
-1322
-658
2480
3335
3497
2642
1462
2365
3329
4809
5515
4906
4286
3265
3475
4413
4594
4797
4169
2494
1709
1330
2104
2478
1600
263
-1589
-1686
-1385
-1213
-1501
-2506
-3284
-3732
-4367
-4111
-4134
-3952
-4179
-5129
-4939
-5466
-4873
-4974
-4516
-4217
-4841
-5095
-5639
-4858
-4138
-3706
-4320
-5084
-5895
-5799
-4839
-4011
-3313
-4186
-4531
-3852
-2921
-2491
-3022
-2378
-1807
-1123
-1159
-970
-42
747
2202
2093
3117
2302
2993
4091
5101
6926
5257
5926
5010
6039
6611
5744
6634
5476
5600
4364
3976
4382
4015
4081
2607
1563
1017
895
896
677
270
-1017
-1440
-1817
-1478
-1668
-1565
-1278
-1921
-1592
-2320
-1948
-968
-45
549
-196
-638
-123
840
2626
2890
2472
2334
1509
3086
3748
4964
4794
3488
3758
3245
4304
4274
4094
4087
2666
2044
1620
1850
2238
1377
406
-803
-1477
-1296
-1248
-1274
-1817
-2984
-3363
-3743
-3586
-3255
-3893
-3906
-4841
-4817
-4833
-4589
-3936
-4668
-4599
-4957
-4969
-4811
-4516
-4117
-4599
-5074
-5701
-5819
-5106
-4931
-5248
-5841
-5679
-4811
-4033
-2984
-3615
-4753
-4181
-2920
-896
-598
-1603
-1454
-1295
1434
2296
2495
2833
1709
3589
4004
5550
5744
5020
6190
5647
6119
5412
5394
6411
6232
5884
4495
3859
4053
4395
4459
3432
2375
1594
1431
1348
1471
986
523
-4
-787
-1023
-1073
-36
-57
-261
-1569
-2052
-941
164
1495
504
-42
-346
541
2142
2560
2815
2075
1909
2441
3260
3992
3802
3730
3388
3118
3094
3059
3281
3144
2779
1670
1236
1181
1121
746
233
-361
-1190
-1516
-1776
-1384
-1980
-2159
-2998
-3254
-3016
-3621
-3186
-3820
-3479
-4080
-4291
-3558
-4234
-3880
-4378
-4187
-3990
-4828
-4568
-4917
-4407
-5011
-6076
-5799
-5884
-5291
-5879
-6268
-6295
-5726
-4670
-4018
-4124
-5270
-5274
-4149
-1899
-1484
-2244
-2439
-2162
-135
1142
1635
1921
1491
2520
3260
4353
5143
4690
5939
5864
5906
5568
5328
6499
6732
6887
5639
4746
4795
5090
5709
5241
4060
3025
2648
2721
2780
2609
1943
1238
707
438
155
543
853
393
130
-663
-403
-72
1052
1502
627
743
127
1363
2040
2356
2482
1609
2247
1995
2606
3155
2732
2775
2332
2314
2196
1692
1978
1870
1449
1148
339
286
58
-327
-137
-680
-909
-1426
-2116
-1493
-2014
-1726
-1839
-2516
-2230
-3481
-3027
-3020
-2733
-2185
-3380
-3523
-4335
-4362
-3443
-3247
-3501
-4955
-6066
-5520
-4563
-4472
-5396
-6930
-6958
-6272
-6445
-6152
-7232
-6444
-5863
-5361
-4519
-6619
-5980
-5263
-2759
-1837
-3590
-3798
-3786
-755
1065
1274
906
342
1441
2918
4583
5353
5166
5327
5638
6100
6336
6895
7353
7752
7325
6372
5958
6411
7407
6940
6551
5061
4697
4365
4280
4725
3751
3384
2035
1670
1558
1392
1191
1235
830
369
44
-437
548
-295
664
555
-340
530
-1373
638
632
978
1570
-1055
970
-619
1232
1993
785
1927
-425
980
605
1068
1952
806
1044
216
-96
464
710
1040
813
-447
-530
-930
-164
533
-56
-80
-1479
-1679
-1402
-1283
-808
-1560
-2179
-2868
-3222
-3217
-2924
-3376
-3522
-4424
-5328
-5230
-6036
-4637
-5359
-6182
-6903
-8156
-7001
-7144
-7213
-7567
-8333
-7897
-6927
-6689
-5846
-6862
-6739
-5075
-5098
-3303
-4431
-3614
-2081
-1999
489
-530
832
1797
2119
4287
3708
5116
5402
6165
7445
7106
7639
7657
8104
8751
8919
8532
8403
7976
8387
8281
7874
7810
6487
6403
5696
5535
5322
4225
3933
2767
2722
2144
1047
1136
656
445
-182
-1385
-1477
-1560
-1219
-905
-2288
-2272
-2880
-2383
-1029
-1885
-1380
-2566
-1821
-895
-1285
-121
-1141
-160
191
-74
554
-100
1046
1278
1348
1578
839
1449
1700
1924
2148
1499
1439
1215
1089
1589
1043
959
427
-420
-254
-908
-539
-1307
-2144
-2504
-3740
-3290
-3809
-4019
-4522
-5656
-5801
-6520
-6633
-6761
-6822
-7419
-8323
-9003
-8639
-7931
-8264
-8073
-9356
-8531
-7689
-6872
-5305
-6886
-6308
-6368
-4196
-2251
-3196
-2304
-2872
-747
861
1602
2707
2218
3642
4452
5736
6731
6742
7543
8260
8954
8961
8973
9147
9950
10277
10203
9482
8764
9123
9039
9212
8271
7360
6440
5685
5531
4865
4354
3103
2182
1391
755
50
-868
-1066
-1634
-2334
-2901
-3400
-3394
-3567
-3410
-3388
-4010
-3815
-4023
-3355
-2354
-2427
-1986
-2456
-1617
-962
-675
518
134
1201
1132
1328
2041
2039
3330
2867
3263
2969
2746
3298
3228
3785
3082
2549
2002
1878
2037
1670
1167
439
-159
-703
-1089
-1629
-2123
-2726
-3413
-4365
-4858
-5283
-5616
-5807
-6642
-6939
-7860
-7821
-7868
-8253
-7841
-9228
-8849
-8944
-9003
-7766
-8700
-7938
-8433
-8606
-6422
-6353
-4786
-5150
-6210
-3887
-3723
-1228
-704
-1793
241
-764
2333
3403
3501
5569
3804
6164
6437
7419
8957
8208
10064
9427
9584
9747
9877
11081
11025
10397
9299
8827
8646
9142
8460
7725
6448
4831
4656
3667
3708
2516
1301
387
-987
-1075
-1979
-2010
-2826
-3489
-3974
-4715
-4459
-4780
-4369
-4384
-4309
-4264
-4258
-3748
-3118
-2282
-2016
-1545
-1396
-540
29
789
1643
1605
2460
2432
3182
3618
3741
4275
4174
4567
4372
4151
4160
4268
3947
3799
3004
2655
2340
1424
1368
269
8
-677
-1667
-1928
-3042
-3352
-3848
-4734
-5086
-6019
-6526
-6668
-7229
-7195
-7677
-8117
-8042
-8732
-8328
-8334
-8364
-7833
-8424
-8118
-8056
-7449
-6699
-6801
-7095
-6454
-5515
-4139
-3320
-3767
-2897
-3296
-1130
-31
512
1229
133
2087
2819
4597
5163
5029
5945
5989
7199
7876
8683
8986
9202
9306
9286
9299
9208
9842
9522
9241
8151
7312
7370
6691
6985
5661
4692
3560
2371
2375
1448
1193
-255
-1204
-2023
-2655
-2722
-3494
-3798
-4511
-4838
-5053
-5185
-4531
-4454
-4265
-4186
-4572
-3395
-2961
-2257
-1559
-1645
-596
-637
678
1531
1606
2661
2301
3452
3964
4292
4799
4359
5263
4949
5037
5009
4725
4818
4342
3964
3337
2950
2395
2003
1264
520
-347
-920
-1463
-2169
-2707
-3681
-4145
-4952
-5268
-5974
-6571
-6488
-7555
-7362
-7972
-8050
-7501
-8283
-7806
-8515
-7915
-7567
-7846
-7009
-7495
-6867
-6480
-6251
-5588
-5864
-5514
-4404
-3299
-2408
-2967
-2423
-1334
-428
576
748
1327
1820
2903
3451
4448
4828
5195
5830
6264
7278
6966
7653
8192
8546
8786
8190
8160
8232
8473
8408
7536
6896
6564
6169
5793
5051
4250
3572
2642
2080
1528
603
15
-1066
-1425
-2129
-2857
-3133
-3699
-3654
-4112
-4520
-4771
-4469
-4288
-3853
-3884
-3675
-3203
-3132
-1942
-1603
-817
-679
-373
693
1142
2116
2194
2538
3139
3601
4046
4254
4502
4756
4799
4838
5011
4526
4541
4213
4113
3922
2990
2796
1964
1823
1289
343
-123
-1026
-1184
-2171
-2695
-3113
-3908
-4184
-5173
-5337
-5798
-6228
-6355
-6849
-6913
-7051
-7253
-7148
-7153
-7340
-6917
-7113
-6408
-6449
-6688
-5800
-5792
-4699
-4856
-4971
-4281
-3777
-2661
-2434
-2280
-1810
-1178
-369
608
641
1014
1491
1680
3388
3221
3465
3725
3845
5583
4583
5385
5503
5462
6742
5457
6259
5941
6081
6729
5671
5976
5025
4781
5190
4752
4378
3255
2611
2635
2355
1950
1255
150
51
-532
-933
-1155
-2039
-1672
-2426
-2525
-2822
-3206
-2460
-2905
-2390
-2737
-2832
-2260
-2000
-918
-832
-859
-969
-411
479
1353
1480
1170
1741
1715
3027
2984
3624
3514
2837
4033
3311
4608
3984
3910
4045
3125
3841
2779
3109
2898
2193
1995
892
465
315
-308
-294
-1359
-2239
-2618
-3575
-3132
-3838
-4184
-4693
-5944
-5534
-5749
-5504
-5517
-6402
-6219
-6534
-5978
-5449
-5472
-5273
-5356
-5099
-4481
-4050
-3872
-3281
-3333
-2548
-2619
-2467
-1737
-1495
-586
-672
-675
-654
-174
380
1200
1139
1007
983
745
1927
1893
2665
2464
1750
2500
1927
3097
3291
3351
3623
2433
3130
3003
3837
3978
3505
3221
2556
3021
2851
3536
3122
2845
1952
1549
2089
1806
2511
1566
1063
600
192
713
465
536
43
-539
-700
-883
-738
-443
-554
-723
-910
-1561
-1104
-625
173
767
-578
-735
-782
363
2029
1197
1291
475
809
2382
2122
3538
2234
1933
2588
2193
4083
2798
3191
2816
2133
2776
1321
2193
1927
1591
981
-326
-282
-540
-554
-828
-1721
-2367
-3031
-3361
-2860
-3145
-3346
-3933
-4468
-4058
-4295
-3918
-3816
-3925
-3591
-4187
-3716
-3358
-2999
-2484
-2995
-2661
-2822
-2442
-2134
-2011
-1808
-1943
-1894
-2115
-1739
-1772
-1411
-1356
-1351
-1440
-1500
-1329
-1107
-475
-751
-465
-1005
-693
-374
-390
443
-174
541
-110
-61
783
633
2036
1234
1494
1431
1253
2591
2598
3487
2744
2447
2673
3013
3974
3542
3482
2967
3116
3038
2925
3209
2837
2797
2099
1670
1527
1495
1537
1358
795
76
-290
-397
223
163
-147
-749
-1408
-947
-721
-285
-220
-839
-775
-902
-432
317
384
740
290
291
791
1198
1989
1888
1870
1848
1658
2108
2346
2501
2491
1873
1577
1507
1580
1660
1261
851
349
-206
-339
-461
-376
-735
-1505
-1801
-2069
-1822
-1980
-2301
-2380
-2651
-2704
-2969
-2999
-2581
-2592
-2630
-2844
-3083
-2705
-2694
-2270
-1944
-2018
-1970
-2349
-2146
-1407
-1077
-925
-1430
-1757
-1364
-1140
-564
-833
-1264
-1348
-1801
-1199
-1039
-1031
-850
-1714
-1481
-1618
-1224
-701
-1117
-793
-1263
-901
-529
-388
116
102
152
407
489
976
1337
1512
2004
1954
2296
2155
2334
2839
3055
3310
3090
2775
2890
3049
3312
3360
2814
2496
2014
2163
2201
1986
1721
1041
758
558
359
387
9
-177
-463
-714
-478
-708
-318
-481
-654
-292
-626
-94
-31
28
870
500
925
329
413
1302
1324
1911
813
833
821
1298
1683
1404
999
380
469
387
1182
619
525
-384
-585
-103
-567
-74
-996
-902
-1166
-1406
-1115
-1534
-1048
-1320
-1452
-1612
-1736
-1361
-1176
-877
-1120
-1072
-1291
-1082
-818
-638
-376
-698
-651
-950
-628
-478
-330
-317
-630
-847
-1203
-967
-903
-469
-914
-1443
-1782
-2005
-1237
-1421
-1376
-1906
-2459
-1945
-1967
-1297
-1398
-1788
-1605
-1805
-1111
-1071
-796
-341
-412
-81
-423
3
460
1004
1244
940
988
954
1647
1827
2095
2011
1698
1616
1579
1975
2151
2284
1989
1575
1290
1367
1521
1834
1710
1311
931
577
834
1130
1345
1099
607
130
232
635
989
1027
508
154
-224
4
517
498
473
-286
-669
-570
-478
166
-243
-499
-963
-1291
-753
-572
-255
-298
-835
-964
-697
-582
287
-144
-28
-118
-611
642
56
1130
663
317
1019
103
1477
919
1415
1467
780
1241
588
1348
1317
1258
1030
446
592
598
718
686
377
48
-150
-414
-242
-307
-395
-607
-1179
-1101
-1482
-1353
-1328
-1611
-1303
-1949
-1967
-2232
-2158
-1480
-1737
-1749
-2203
-2488
-1982
-1680
-1265
-1283
-1898
-1809
-1875
-1091
-729
-938
-862
-1244
-780
-711
-323
-57
-40
21
-167
199
445
864
978
846
1016
954
1149
1246
1355
1637
1432
1489
1284
1347
1409
1325
1542
1350
1263
927
646
866
959
966
555
26
33
-58
311
137
-50
-258
-645
-371
-484
-139
-258
-318
-425
-490
-210
-193
111
20
115
-14
52
252
380
554
414
540
429
586
674
726
822
741
891
800
912
782
783
783
761
890
639
597
404
549
641
516
396
85
119
137
176
190
-54
-122
-205
-180
-133
-250
-146
-301
-476
-534
-459
-334
-378
-614
-710
-834
-798
-616
-732
-659
-954
-957
-1174
-1170
-885
-955
-964
-1496
-1458
-1472
-1247
-904
-1061
-1109
-1532
-1480
-1119
-862
-599
-826
-1141
-1165
-948
-586
-398
-394
-347
-587
-626
-323
-155
291
112
-27
-61
-371
162
187
456
470
38
165
-156
366
595
534
603
212
369
432
672
970
917
995
861
657
989
1070
1451
1344
1055
1229
770
1303
1178
1303
1370
781
1029
511
932
1006
791
709
66
309
151
319
389
34
-41
-300
-183
-141
-93
-68
-304
-479
-409
-288
-161
-114
-180
-84
-197
-16
86
220
507
414
569
396
553
866
866
1145
948
976
821
781
1195
1031
1069
805
475
408
282
516
441
111
-201
-661
-743
-595
-537
-730
-1361
-1705
-1705
-1656
-1542
-1672
-2002
-2180
-2352
-2204
-2038
-2084
-1968
-2350
-2283
-2188
-1991
-1715
-1973
-1604
-1757
-1379
-1346
-1260
-860
-960
-414
-772
-351
-444
-131
192
28
607
187
577
382
796
1107
997
1108
696
1028
1061
1496
1554
1300
1205
1087
1343
1565
1729
1595
1212
1027
1164
1408
1456
1385
1037
788
781
904
1151
916
884
458
417
335
406
625
220
316
-133
46
-82
57
219
-99
-46
-350
-26
-158
25
-16
-54
78
-25
302
69
343
471
539
632
505
814
633
827
997
880
1039
838
1073
916
930
1128
783
860
620
708
499
298
310
26
-21
-193
-291
-563
-802
-972
-1051
-1291
-1217
-1445
-1873
-2015
-2146
-1922
-2056
-2036
-2272
-2520
-2456
-2212
-2055
-2105
-2089
-2124
-2105
-2037
-1553
-1369
-1295
-1193
-1156
-904
-747
-369
-99
-222
50
120
210
427
648
969
769
982
1002
1028
1177
1304
1556
1380
1276
1320
1176
1327
1612
1512
1457
925
1217
1106
1129
1546
941
983
329
759
855
510
919
215
384
-5
77
415
-20
296
-172
-290
-304
-267
100
-157
-128
-237
-329
-306
-86
165
114
75
-85
-111
55
384
510
483
368
326
450
582
872
900
768
668
593
731
858
979
908
571
575
608
658
632
401
414
50
-6
35
-259
-90
-454
-606
-814
-1081
-760
-1121
-1102
-1376
-1606
-1567
-1863
-1575
-1713
-1884
-1905
-2079
-2008
-1878
-1778
-1643
-1916
-1809
-1648
-1624
-1272
-1352
-1072
-1172
-1035
-698
-664
-324
-351
-22
35
11
398
446
771
761
811
1107
939
1334
1237
1329
1590
1412
1618
1328
1518
1581
1410
1443
1293
1406
1270
1170
1036
858
776
828
756
552
460
80
42
-93
14
125
-288
-365
-698
-645
-523
-477
-344
-695
-832
-874
-744
-544
-497
-433
-484
-555
-535
-342
-138
159
178
46
48
88
408
613
827
774
718
550
630
967
1137
1343
983
865
612
802
1018
1035
1062
565
424
185
373
501
350
136
-310
-396
-500
-460
-485
-705
-823
-1231
-1158
-1207
-1268
-1218
-1499
-1294
-1612
-1627
-1590
-1603
-1244
-1367
-1416
-1511
-1607
-1215
-929
-881
-693
-1021
-899
-740
-450
223
-56
46
-170
-60
671
640
1133
778
662
990
908
1574
1431
1400
1288
1078
1465
1465
1471
1432
1176
1183
1012
1025
1107
764
902
550
463
287
69
305
-34
78
-232
-466
-529
-728
-353
-632
-668
-816
-1134
-810
-1056
-708
-827
-994
-818
-1107
-708
-807
-642
-509
-617
-527
-545
-315
-46
61
12
25
22
363
484
681
763
630
687
580
928
1118
1161
1063
731
844
909
1036
1072
825
702
590
582
524
443
343
261
97
-52
-65
-260
-334
-419
-349
-446
-776
-842
-890
-777
-851
-771
-840
-1230
-1201
-1193
-760
-747
-974
-959
-1321
-894
-755
-590
-442
-768
-424
-642
-391
-79
-46
302
-92
249
334
406
792
441
860
860
939
1172
796
1091
1075
1125
1358
1060
1093
981
874
1078
880
929
743
471
536
324
457
303
49
12
-233
-142
-309
-463
-416
-663
-617
-777
-939
-881
-1013
-846
-894
-1091
-1164
-1200
-1010
-865
-859
-920
-984
-976
-796
-525
-383
-440
-465
-409
-195
-11
167
336
144
177
359
619
703
596
747
754
749
701
804
912
899
870
753
714
614
716
684
696
595
372
368
144
351
310
217
112
-210
-51
-234
-105
-93
-262
-341
-555
-416
-410
-396
-415
-418
-557
-556
-500
-387
-291
-358
-288
-468
-340
-166
-2
-47
-149
-19
14
102
137
345
239
229
340
359
477
351
572
528
408
570
567
588
384
597
653
445
336
351
570
332
292
251
108
30
2
108
-66
-249
-325
-397
-468
-535
-480
-580
-814
-821
-836
-830
-881
-939
-829
-933
-1002
-878
-927
-763
-723
-749
-727
-754
-411
-356
-390
-339
-181
-153
-95
136
216
172
84
366
519
516
470
492
495
548
774
762
640
515
524
680
654
695
651
420
431
381
490
419
320
324
227
192
73
73
20
21
102
54
-163
-306
-250
-34
-36
-115
-197
-388
-325
-208
30
-18
-258
-323
-326
-105
37
87
-14
-197
-151
-16
167
178
185
107
84
188
197
345
332
394
342
252
339
386
477
391
359
360
318
280
221
285
246
170
85
-29
-103
-180
-101
-96
-260
-516
-586
-543
-538
-569
-646
-727
-912
-902
-791
-714
-847
-879
-883
-851
-709
-677
-547
-767
-715
-448
-328
-221
-343
-256
-206
-88
137
192
192
123
275
335
401
535
527
482
391
579
674
562
452
569
620
519
482
411
463
412
489
462
234
151
208
301
298
253
131
-46
-138
95
263
61
-126
-159
-143
-80
11
26
-139
-288
-196
-53
-128
-126
-46
-126
-166
-159
-42
-14
-91
26
94
-2
-26
55
147
146
204
302
224
87
174
372
405
350
260
242
222
316
385
292
191
185
211
49
95
180
106
-127
-247
-62
-100
-237
-313
-335
-347
-409
-458
-564
-569
-491
-509
-632
-732
-600
-543
-634
-665
-564
-486
-568
-533
-417
-379
-372
-326
-269
-217
-172
-49
-33
-62
41
100
110
130
264
300
234
216
302
363
317
367
375
329
319
332
386
355
318
290
255
300
312
304
204
207
246
177
168
149
233
167
56
96
114
142
43
22
44
25
70
-28
-62
-67
-24
1
-71
-51
-88
-71
-75
-52
20
-60
-107
-58
15
67
19
-23
9
67
116
109
95
112
166
191
204
196
159
155
207
269
291
185
70
54
167
273
173
52
-44
9
-1
-4
21
-28
-98
-302
-225
-109
-80
-186
-376
-306
-273
-255
-322
-356
-262
-265
-343
-454
-362
-267
-269
-278
-301
-243
-321
-372
-263
-112
-45
-135
-279
-262
-89
25
42
-38
-40
15
52
62
118
187
164
121
98
173
253
254
240
220
228
249
267
277
294
319
279
245
241
287
277
259
259
232
235
165
186
187
142
131
130
129
52
18
16
29
11
-62
-73
-58
-51
-108
-208
-143
-72
-100
-198
-241
-177
-148
-162
-160
-117
-127
-158
-170
-98
-3
31
-39
-103
-35
81
124
72
46
76
138
137
126
179
192
183
174
167
211
196
150
141
190
213
136
56
32
151
161
66
-46
-85
-15
13
10
-76
-168
-262
-227
-123
-110
-160
-322
-410
-347
-228
-178
-269
-357
-390
-356
-303
-246
-213
-260
-295
-303
-235
-143
-100
-104
-108
-92
-61
-12
49
107
126
145
122
136
215
296
326
311
309
299
284
308
386
424
403
333
253
242
271
314
340
274
167
58
34
92
130
98
-34
-135
-206
-209
-148
-147
-207
-325
-398
-388
-368
-339
-351
-389
-436
-441
-399
-401
-380
-348
-311
-294
-289
-262
-226
-172
-100
-33
-25
-27
23
103
154
206
258
293
304
303
339
397
439
465
444
397
399
431
443
431
396
348
295
232
263
278
212
113
30
1
-14
-9
-80
-143
-207
-256
-278
-316
-314
-355
-382
-396
-437
-468
-473
-431
-419
-424
-400
-403
-405
-395
-301
-218
-198
-200
-215
-146
-63
27
61
51
82
130
179
242
331
368
333
290
343
456
501
481
440
405
420
454
450
445
418
342
279
243
255
243
177
88
0
-56
-90
-101
-158
-223
-302
-353
-397
-462
-473
-480
-504
-554
-584
-616
-624
-590
-546
-533
-549
-530
-515
-486
-383
-291
-256
-256
-249
-139
-34
43
105
142
194
258
323
398
481
507
517
538
579
608
614
646
669
612
566
573
549
529
505
458
400
323
263
224
187
155
100
7
-99
-150
-156
-158
-225
-303
-334
-396
-443
-443
-396
-401
-480
-540
-532
-472
-424
-416
-457
-444
-380
-351
-346
-315
-209
-133
-158
-163
-98
-5
62
116
168
207
190
201
313
426
462
411
382
410
455
517
575
533
430
415
456
462
419
378
356
303
199
108
91
109
74
-52
-185
-245
-268
-290
-342
-405
-456
-510
-576
-632
-595
-536
-579
-684
-693
-593
-530
-546
-546
-475
-426
-399
-340
-264
-186
-115
-60
-6
62
133
207
271
337
400
436
469
505
530
588
633
619
591
563
569
615
632
551
436
412
466
432
308
258
261
214
103
30
42
29
-58
-149
-188
-193
-219
-274
-313
-332
-348
-375
-421
-446
-400
-371
-408
-428
-425
-398
-407
-408
-305
-220
-256
-345
-373
-286
-104
67
67
-184
-362
-129
267
415
194
-54
-23
168
341
416
436
343
176
157
332
525
501
317
222
290
346
269
188
248
336
260
55
-102
-67
93
160
46
-144
-292
-329
-247
-104
-49
-187
-411
-499
-417
-259
-134
-155
-318
-494
-463
-233
-81
-116
-225
-244
-185
-143
-112
-18
71
54
-26
-67
37
157
201
180
139
163
191
181
182
261
335
287
191
178
244
283
275
293
285
208
159
205
282
262
200
177
167
129
117
172
201
104
-9
20
96
65
-49
-78
-42
-46
-103
-148
-161
-184
-192
-177
-186
-246
-315
-296
-238
-241
-281
-309
-305
-318
-307
-235
-191
-248
-322
-278
-170
-106
-136
-190
-169
-100
-38
-34
-59
-28
19
25
5
32
86
68
43
77
108
80
57
83
97
90
94
99
56
8
51
127
93
10
-14
18
38
12
-8
6
3
-37
-70
-57
7
14
-49
-103
-88
-32
-23
-57
-95
-82
-64
-90
-111
-87
-52
-90
-141
-115
-57
-58
-99
-93
-57
-44
-35
3
19
-7
-7
51
116
103
78
117
166
186
189
224
260
247
229
273
337
323
278
275
309
319
272
250
266
248
204
164
159
131
76
35
21
8
-57
-113
-132
-151
-183
-222
-243
-271
-290
-291
-320
-344
-328
-313
-326
-355
-341
-284
-246
-245
-276
-264
-182
-118
-127
-131
-80
-24
-14
-9
48
86
82
62
86
155
169
132
112
148
175
158
130
119
112
121
127
117
81
44
58
80
62
11
-6
8
5
-34
-46
-8
-16
-63
-91
-81
-31
-2
-38
-103
-89
-10
-30
-86
-57
4
-15
-105
-91
13
32
-54
-97
-23
35
1
-33
10
61
37
11
77
133
89
57
125
194
165
120
146
205
218
208
197
223
245
208
200
252
276
206
158
192
217
162
86
90
116
59
-35
-47
-14
-53
-163
-204
-166
-175
-259
-301
-258
-259
-342
-381
-307
-268
-335
-384
-343
-254
-269
-337
-296
-194
-159
-208
-193
-90
-42
-69
-44
54
102
76
71
142
217
202
171
192
229
218
184
193
208
187
155
136
134
131
92
58
84
79
3
-59
-38
-6
-62
-140
-132
-87
-123
-186
-174
-122
-137
-217
-195
-89
-77
-153
-162
-69
-40
-88
-73
-1
13
-7
10
32
51
73
81
77
96
126
117
99
130
167
147
133
181
202
156
135
185
224
176
112
144
199
160
97
120
163
93
17
55
110
56
-9
10
12
-39
-54
-32
-56
-101
-120
-125
-145
-161
-177
-206
-228
-228
-221
-252
-264
-235
-236
-287
-281
-194
-163
-227
-222
-119
-77
-131
-139
-41
17
-9
-8
64
103
83
89
143
185
178
181
197
217
224
220
236
229
199
214
231
201
175
157
128
96
86
65
22
9
9
-65
-134
-99
-65
-124
-189
-154
-126
-160
-179
-164
-147
-144
-149
-143
-120
-95
-87
-96
-64
-31
-27
-21
-5
25
50
71
74
89
117
131
141
172
202
178
167
207
210
157
162
209
194
126
112
136
117
73
48
54
58
36
3
-1
-4
-19
-27
-40
-67
-65
-56
-86
-126
-124
-104
-137
-174
-155
-148
-176
-182
-166
-177
-207
-189
-156
-160
-171
-162
-131
-122
-134
-132
-97
-78
-85
-74
-56
-53
-50
-30
-20
-22
11
63
41
23
87
130
99
84
150
168
132
128
147
143
133
146
122
95
108
116
84
47
33
39
32
-7
-29
-11
-9
-60
-86
-75
-73
-100
-121
-125
-143
-150
-126
-133
-160
-151
-105
-98
-124
-102
-70
-46
-38
-25
-13
11
47
54
58
91
119
97
89
100
124
146
143
114
109
142
138
102
103
120
100
79
83
78
44
41
46
21
-8
2
10
-26
-51
-41
-31
-56
-75
-66
-49
-60
-58
-42
-57
-56
-21
-1
-40
-40
13
24
-16
-14
31
25
-3
4
19
7
3
13
7
-23
-20
12
10
-16
-12
12
18
-5
-11
24
39
10
2
24
20
16
31
26
14
30
68
47
15
62
98
73
44
74
108
89
81
97
93
67
60
64
54
35
33
21
-3
-22
-18
-19
-48
-59
-58
-58
-77
-77
-62
-53
-69
-65
-44
-61
-63
-41
-29
-55
-55
-27
-17
-22
-11
8
7
5
24
45
38
46
68
75
47
59
91
82
43
37
69
54
24
12
32
20
-9
-8
-6
-10
-17
-19
-24
-34
-29
-22
-35
-45
-22
-3
-20
-36
-20
-6
-12
-4
2
-3
-4
6
14
4
3
22
23
1
-1
18
15
0
5
-2
-11
-22
-20
-16
-27
-27
-30
-35
-43
-41
-30
-29
-37
-35
-15
-7
-25
-19
2
16
7
11
35
36
45
47
53
51
57
72
61
56
72
86
62
44
51
58
43
31
32
34
6
-15
5
6
-28
-43
-22
-25
-52
-61
-34
-43
-74
-56
-40
-59
-62
-37
-34
-53
-41
-3
-7
-17
6
25
16
7
29
44
30
29
49
45
33
52
63
39
29
49
55
34
23
41
46
25
12
17
27
3
-9
6
-2
-23
-25
-7
-18
-31
-21
-12
-20
-31
-17
-12
-18
-7
0
-9
-10
8
17
5
8
25
17
11
13
18
23
1
-6
14
9
-12
-2
10
0
-16
-16
1
-7
-14
-8
-15
-19
-7
-6
-19
-21
-13
-9
-20
-16
4
1
-10
3
25
20
10
21
43
40
21
30
40
36
28
36
32
18
17
19
9
4
7
7
-3
-12
-4
-6
-16
-21
-21
-16
-20
-23
-17
-13
-21
-24
-21
-20
-27
-23
-8
-4
-15
-12
8
7
0
6
19
9
8
24
24
22
25
28
18
23
35
30
16
10
9
5
1
-1
7
1
-5
-9
-14
-21
-24
-26
-28
-29
-35
-36
-38
-37
-37
-29
-36
-45
-38
-34
-45
-50
-34
-33
-45
-40
-26
-25
-25
-25
-20
-10
-11
-24
-22
-9
-15
-13
-13
-12
-17
-26
-25
-18
-25
-29
-30
-32
-32
-34
-35
-35
-29
-29
-28
-30
-19
-30
-33
-21
-19
-22
-19
-8
-16
-16
-18
-10
-6
-1
-4
-11
-3
-1
-7
-12
-6
-9
-16
-20
-25
-26
-21
-20
-20
-25
-27
-29
-24
-17
-19
-15
-2
-1
-14
-10
6
6
-1
6
14
17
15
27
27
13
22
36
24
10
34
42
32
24
38
33
31
36
25
24
18
22
14
18
15
13
8
1
1
0
7
5
0
-4
-6
-6
-2
-3
4
3
0
1
4
6
6
17
10
8
6
16
18
11
22
24
17
13
14
21
24
22
25
21
24
23
24
22
18
24
17
12
16
14
6
8
12
-2
-3
8
5
-5
-3
2
-1
6
-2
-2
4
4
1
-3
4
9
8
-1
-3
-4
-3
-3
-4
-4
-1
-1
-10
-9
-4
3
3
0
-7
-8
2
-1
-7
-1
7
6
-9
-5
9
6
5
3
11
11
13
18
12
15
15
11
12
23
20
14
16
19
17
16
14
18
14
-1
-2
4
2
-3
-2
2
-10
-11
2
1
-5
-15
-11
-10
-16
-4
-5
-9
-15
-16
-10
-17
-15
-7
-14
-22
-15
1
-7
-15
-11
-2
-6
-18
-12
-9
3
2
-6
-14
-7
-3
-15
-4
6
4
-6
-10
2
14
3
-6
1
8
-6
-9
1
-4
-1
-9
-6
-3
-2
-2
-2
-2
2
6
2
0
-5
-8
-9
-8
-15
-15
-9
-5
-12
-18
-9
-5
-9
-17
-18
-12
-15
-19
-18
-9
-3
-14
-20
-10
-7
-13
-15
-6
-10
-16
-12
-5
-6
-14
0
2
-10
-5
-3
1
2
4
7
0
-6
-1
-1
-2
0
1
5
-1
-1
10
12
-1
6
6
-2
2
0
11
4
-2
3
8
15
10
5
7
7
10
10
7
1
3
14
13
5
8
17
15
13
13
12
18
23
15
14
22
21
19
19
17
24
23
17
21
18
19
11
12
19
17
20
15
12
19
10
3
11
12
-3
-3
12
-1
-7
0
0
-4
-12
-15
-10
-2
-5
-5
-3
-11
-9
1
-3
-5
-8
-5
0
0
5
-4
2
11
7
7
10
5
2
8
8
4
1
2
5
7
6
10
9
1
0
-1
2
3
4
-2
-1
-3
-5
-5
-9
-7
-13
-6
-4
-7
1
7
6
-3
4
7
-1
-6
-1
0
-9
-15
-9
-2
-1
-9
-11
-4
-6
-11
-12
-5
-4
-12
-19
-8
-1
-3
-10
-12
-4
-9
-4
-1
1
-3
-9
-8
-7
-6
-7
-1
0
-2
-12
-6
4
-1
-3
-5
1
0
-14
-16
-10
-21
-27
-21
-16
-23
-33
-28
-21
-22
-27
-27
-15
-17
-23
-25
-18
-2
-8
-18
-11
-3
-6
-6
1
4
2
-2
-2
4
1
6
9
16
27
26
29
32
31
24
27
32
31
24
21
24
21
14
12
13
8
12
16
12
8
13
8
3
4
3
4
3
4
2
0
-1
1
1
0
-2
0
-4
-5
-1
1
2
-1
9
14
18
20
19
18
16
18
19
24
19
19
24
20
19
24
16
21
33
30
26
33
36
27
20
20
29
22
18
20
16
19
13
14
18
12
4
14
12
8
8
9
6
-1
5
7
2
-5
-4
-2
-8
-10
-2
-5
-6
-6
-7
-11
-17
-17
-19
-17
-18
-22
-20
-14
-12
-7
-2
-7
-4
4
-2
0
8
12
11
7
16
15
17
15
20
24
13
11
24
20
10
9
11
17
6
1
2
7
0
-3
-10
-13
-5
-10
-16
-23
-15
-19
-21
-17
-12
-13
-22
-22
-19
-21
-21
-19
-23
-18
-17
-13
-16
-17
-15
-16
-21
-16
-8
-12
-15
-13
-11
-12
-13
-17
-6
1
-3
-14
-8
6
6
0
-2
5
2
0
-2
-2
-2
-2
-6
-8
-12
-9
-8
0
-5
-13
-8
-7
-4
-13
-8
-1
2
-6
-8
0
-5
-7
-7
-3
-8
-13
-12
-5
-14
-14
-16
-25
-21
-21
-20
-25
-21
-18
-26
-33
-22
-13
-21
-25
-21
-15
-14
-20
-18
-7
-9
-2
-1
3
3
0
11
10
5
7
14
16
5
12
19
9
7
12
21
12
4
13
14
6
5
15
8
6
3
5
7
9
11
13
15
11
11
4
5
6
9
1
-4
9
2
-1
2
6
2
-2
5
4
-5
4
4
5
4
8
16
5
3
2
10
7
-3
1
1
-3
-3
-1
1
-1
-4
-1
2
3
5
10
8
4
-1
2
3
-1
0
5
6
2
3
-5
3
5
-2
-1
-5
-9
-12
-3
1
-9
-10
-4
1
-1
-4
2
3
1
-1
-3
-5
-1
-3
-7
4
1
-5
0
8
16
14
14
13
16
16
20
26
23
24
30
31
29
34
32
28
25
30
25
18
24
23
23
21
17
21
25
18
13
15
21
17
13
10
6
8
0
-3
-1
-4
-3
5
-1
-3
3
2
0
3
-1
-3
-3
-11
-7
3
1
-2
-2
-7
3
1
-2
2
5
7
8
13
10
13
12
12
2
4
13
6
5
11
8
3
6
7
6
6
8
2
0
0
-3
-8
-5
-4
-11
-13
-7
-4
-11
-14
-13
-13
-20
-11
-4
-10
-17
-11
-7
-19
-19
-14
-17
-16
-18
-23
-23
-18
-17
-13
-12
-18
-17
-11
-10
-5
-7
-10
-6
-1
-1
-3
-3
-5
4
-4
-3
6
8
10
4
9
6
5
5
5
0
-2
8
3
4
5
7
7
2
-1
4
6
5
2
0
0
-2
3
10
7
4
9
9
7
2
5
2
7
13
10
13
14
17
14
23
24
24
19
20
30
29
28
28
26
25
25
27
30
28
23
24
31
33
30
26
31
27
19
20
22
29
29
19
18
20
16
16
21
22
13
6
6
12
9
3
3
9
15
8
5
8
10
0
-2
-2
2
-3
-4
3
1
2
-4
0
-2
-4
-5
-1
1
-3
0
-5
-4
-4
-6
-6
2
-7
-8
-3
-4
-4
-17
-14
-15
-14
-13
-15
-20
-20
-18
-21
-13
-16
-22
-17
-12
-11
-12
-5
-5
-4
-14
-22
-17
-15
-19
-15
-16
-14
-10
-13
-8
-5
-4
-5
-1
-2
-6
-2
1
2
-4
-2
3
7
4
5
3
6
9
7
11
17
18
14
9
18
24
14
14
21
22
11
16
20
11
9
6
5
-3
4
0
0
3
-6
-6
-5
-3
-5
-3
-6
-4
-10
-9
-6
-11
-5
-5
-4
-9
-9
-12
-16
-9
-4
-11
-19
-15
-9
-8
-14
-15
-11
-7
-8
-7
2
-8
-9
-2
-4
-12
-7
-9
-17
-11
-15
-16
-20
-21
-18
-20
-20
-17
-17
-16
-15
-12
-13
-20
-20
-18
-13
-18
-24
-17
-22
-18
-16
-17
-17
-16
-21
-22
-10
-8
-11
-9
-7
-8
-3
-3
2
7
3
3
6
12
5
3
11
14
10
13
12
7
15
16
13
16
5
8
10
7
6
3
17
10
9
8
5
8
1
0
-1
4
-1
2
4
5
5
-3
1
4
5
7
6
6
7
3
8
-2
-5
-2
4
-6
-12
2
-12
-3
-3
-10
-4
-7
-4
-3
-3
0
4
2
-5
5
3
-5
-2
-4
-3
-8
-7
3
1
-4
-1
3
-3
2
-4
-9
3
1
0
3
7
8
6
0
-5
0
-7
-6
-3
-3
3
1
-1
-7
8
4
-7
0
6
9
8
10
8
14
15
3
8
10
5
12
14
15
16
13
16
22
20
11
10
23
26
17
24
21
26
27
15
22
27
17
14
17
16
16
11
8
10
10
5
9
19
21
16
5
8
6
1
3
7
6
6
10
8
6
4
4
4
4
-7
-1
13
5
0
3
12
9
4
6
12
11
4
7
10
12
4
2
9
6
15
10
1
5
2
9
12
10
12
14
9
6
13
9
11
11
4
-2
5
-1
-5
12
12
4
3
12
7
0
5
-1
-2
7
5
3
3
1
1
4
1
0
8
-2
1
5
-3
0
2
-3
-10
1
-1
-4
-4
-2
5
4
-1
-1
5
-4
-1
7
5
4
7
-1
4
12
1
3
3
14
10
8
12
6
7
4
7
11
9
-3
9
1
-4
11
2
-1
-4
-2
2
2
-1
-10
-1
-1
-7
-6
-15
-12
-4
-10
-14
-10
-14
-19
-15
-8
-15
-11
-10
-16
-13
-15
-13
-19
-20
-20
-24
-20
-23
-21
-14
-11
-5
-2
0
-2
1
8
0
8
12
6
12
3
0
7
0
-5
6
9
3
3
3
8
5
11
4
1
12
4
0
2
-3
-3
0
-4
-5
1
-6
-7
-1
-2
0
-3
6
6
-2
1
4
6
6
12
8
13
9
-3
3
4
-2
-3
-1
-2
0
3
4
0
-1
-2
-7
-9
-10
-4
-5
-13
-10
-3
-5
-13
-4
-8
-22
-16
-16
-22
-21
-21
-25
-20
-25
-28
-20
-24
-28
-23
-18
-37
-25
-22
-33
-26
-30
-34
-40
-40
-39
-36
-35
-34
-26
-27
-23
-20
-22
-25
-22
-13
-23
-16
-13
-12
-6
-7
-3
-4
-11
-23
-18
-16
-18
-11
-13
-9
-5
-7
2
-2
-4
0
0
0
6
6
0
4
-4
-6
-6
1
-3
-8
-6
-13
-10
-10
-9
-10
-6
-9
-17
-15
-2
-5
-7
-5
-13
-5
-4
-11
-5
-6
-14
-8
-8
-4
-2
-2
-6
-2
1
-4
4
1
1
2
7
5
2
8
8
5
8
9
3
8
2
1
3
5
-5
-2
3
3
1
3
6
-4
1
-2
-7
7
2
0
10
2
-1
3
0
2
14
3
-4
7
-2
3
-1
-2
3
5
1
1
10
3
-1
1
3
0
5
3
2
3
6
6
13
15
9
19
12
4
13
23
9
12
13
1
7
4
5
9
5
6
14
6
1
2
-2
-3
-3
-6
-16
-7
-9
-11
-3
-2
0
-8
-19
-13
-8
-8
-8
-6
-3
-12
-9
-10
-17
-14
-19
-18
-13
-13
-16
-15
-9
-8
-10
-5
-12
-13
-5
-8
-7
-9
-11
-7
-5
-5
-3
0
-11
-2
-3
-11
2
0
-6
-6
2
-4
-11
-11
-8
-3
-5
-10
-12
-9
-14
-8
0
5
5
-1
-1
3
0
0
11
5
0
-3
3
1
-3
10
4
1
12
10
1
-1
3
6
8
1
-1
10
6
3
6
4
9
11
10
4
3
9
7
1
2
6
11
7
0
7
8
-5
-3
1
-9
-9
-6
-12
-12
-14
-12
-11
-15
-13
-14
-13
-19
-18
-11
-12
-12
-17
-15
-12
-12
-16
-10
-15
-15
-15
-16
-10
-15
-14
-11
-14
-23
-20
-18
-17
-12
-11
-12
-9
-5
-11
-2
-5
-15
-15
-17
-12
-9
-6
1
-4
-6
-5
-11
-5
-4
-8
-5
-8
-9
-4
-1
-2
3
-1
-8
-12
-10
-2
-6
-6
-3
-1
-7
-8
-6
-4
-5
-3
-1
-8
-8
-1
2
-2
0
-2
2
6
1
2
9
3
3
9
6
1
-2
5
-6
-6
7
3
3
8
-3
1
11
7
9
3
1
8
7
0
1
-4
-10
-6
-8
-8
-8
-12
-10
-8
-14
-7
-4
-3
-2
0
2
0
-8
-14
-4
-5
-5
2
-14
-14
-7
-7
-7
-11
-8
-12
-17
-21
-13
-9
-11
-14
-11
-5
-8
-13
-8
1
-5
-8
-13
-7
-6
-10
-10
-6
-1
-7
-4
5
2
-1
5
-1
0
-1
-4
0
-2
-3
2
9
-3
-4
6
3
-3
-2
0
5
3
4
8
10
7
-5
4
3
2
3
4
4
11
11
0
6
8
6
2
-1
3
6
4
1
6
11
6
5
15
8
7
16
7
1
10
10
10
16
9
5
6
5
9
10
8
7
14
12
9
7
13
13
1
10
12
10
6
8
12
5
5
7
7
6
2
8
4
5
11
6
6
10
2
2
7
-1
6
1
-2
2
0
1
-2
1
-5
-5
-1
-4
-4
-3
-3
-1
-4
-2
-1
-8
-11
-5
-10
-19
-14
-18
-20
-18
-14
-11
-9
-15
-10
-1
-14
-11
-4
-10
-17
-11
-7
-5
0
-6
-8
-9
-11
-7
-7
-5
-6
-6
0
-5
-3
0
-6
0
-3
-9
1
0
-9
0
1
1
5
1
0
6
1
0
4
13
8
0
1
2
10
-1
-3
-1
13
10
8
16
11
17
17
11
6
13
1
-1
13
7
1
2
-1
0
0
-2
5
9
4
0
6
3
3
5
0
1
1
7
0
4
1
0
1
-1
-1
1
-2
-5
4
3
8
6
3
5
4
2
-1
2
1
-4
-13
-7
-12
-15
-5
-9
-11
-2
0
-6
-9
-9
-13
-11
-11
-8
-11
-12
-8
-12
-6
-4
-12
-13
-6
-13
-7
-8
-19
-7
-12
-14
-12
-9
-8
-2
-9
-13
2
-5
-1
6
-2
1
-5
-12
-7
0
0
3
5
-1
-2
-5
-7
-10
2
4
1
8
7
8
3
10
4
2
6
0
-6
-4
-3
-12
-5
-5
-8
-4
-9
-13
-11
-7
-5
1
3
1
1
2
2
-1
-3
-2
-5
-1
12
6
-1
8
2
-3
3
