4
5
0
1
5
5
8
3
6
5
6
7
6
10
10
13
9
5
3
10
13
11
7
10
8
12
16
14
15
10
14
11
12
12
15
16
14
20
19
23
23
16
17
15
13
19
20
17
15
16
13
11
12
11
10
9
7
6
10
6
6
6
7
8
2
8
4
3
-1
-2
0
-1
-1
-7
1
1
1
3
0
4
4
-1
4
1
1
4
0
4
2
5
5
8
4
4
14
9
11
12
12
12
14
10
13
13
9
12
11
12
14
11
14
12
13
10
13
16
12
11
8
7
9
6
-3
4
2
2
3
3
2
-5
0
-3
1
-5
-6
-4
-10
-7
-13
-10
-9
-7
-6
-12
-6
-12
-9
-9
-14
-9
-12
-10
-12
-14
-14
-14
-14
-12
-16
-19
-16
-19
-15
-14
-15
-19
-15
-18
-21
-18
-16
-13
-19
-17
-22
-26
-28
-31
-28
-27
-22
-27
-26
-19
-22
-19
-22
-23
-18
-22
-20
-22
-15
-18
-20
-15
-22
-18
-24
-20
-21
-21
-13
-17
-17
-15
-15
-18
-8
-11
-17
-11
-9
-10
-11
-4
-6
-3
-1
0
-4
-7
-7
-6
-7
-10
-4
-4
-9
-8
-6
-7
-11
-12
-11
-21
-19
-19
-26
-21
-22
-21
-20
-22
-25
-24
-20
-22
-16
-19
-26
-20
-17
-19
-15
-9
-15
-16
-13
-9
-4
-8
-7
-9
-12
-11
-8
-9
-9
-5
-5
4
4
3
11
6
9
16
12
10
9
13
17
9
6
9
6
7
8
4
-2
-1
1
-1
-1
2
4
3
5
1
-1
5
4
2
-3
-3
4
9
4
9
8
7
10
3
3
-1
3
2
3
9
2
6
6
8
10
12
13
6
5
7
11
9
1
-4
-6
-5
-5
-4
-4
-4
-4
-7
-4
-2
-4
-7
-9
-9
-6
-6
-4
-2
-5
-2
1
-1
-3
-6
-7
-2
-4
2
4
2
6
8
11
12
14
11
11
15
16
20
18
15
14
20
20
16
20
19
18
16
21
28
32
24
18
21
18
25
24
20
22
21
21
19
18
16
14
6
10
11
12
13
11
7
8
8
2
-2
-5
-3
-3
2
-2
-4
-4
0
0
-6
-10
-5
-3
-5
-2
-9
-7
-7
-5
2
-2
-1
-3
-6
-6
-3
8
0
-2
-2
-1
1
-2
3
0
-4
-2
-4
3
1
1
4
1
2
2
0
-1
2
7
5
8
3
1
7
6
6
3
2
3
3
2
5
6
0
0
0
3
7
0
-2
-1
4
6
6
3
6
2
0
2
4
9
2
7
2
-1
-2
2
7
-1
2
-5
-5
-4
-4
0
-5
-9
-9
-8
-6
-8
-8
-3
-7
-5
-2
-5
-4
-8
-11
-8
-10
-11
-11
-10
-12
-13
-9
-11
-16
-14
-15
-10
-9
-6
-6
-6
-3
-5
4
-1
0
2
0
4
5
4
2
2
0
-1
-3
1
0
1
2
-1
-4
-2
2
-2
6
3
3
7
7
9
6
5
-1
-3
-2
4
3
-2
-2
-1
1
0
1
-1
-1
-8
-10
-11
-9
-7
-9
-8
-13
-12
-15
-14
-14
-16
-13
-11
-10
-14
-8
-13
-13
-5
-7
-9
-8
-9
-14
-14
-12
-10
-9
-7
-7
-7
-9
-10
-8
-8
-6
-2
-9
-5
-6
-6
-4
-6
0
-7
-5
-5
1
1
-2
0
4
6
3
4
3
3
2
6
6
2
7
9
6
8
5
8
9
7
8
9
12
8
11
7
10
6
11
8
3
5
5
10
-1
5
7
5
4
3
-3
-8
-4
-5
-4
-6
-5
-5
-3
-8
-9
-9
-12
-16
-14
-17
-22
-17
-17
-17
-19
-19
-20
-23
-18
-20
-25
-21
-23
-26
-25
-25
-24
-24
-16
-16
-19
-17
-18
-15
-11
-14
-14
-13
-11
-11
-14
-11
-7
-3
0
-4
-4
4
0
2
7
6
9
5
11
12
13
9
11
13
12
20
13
10
7
9
12
14
16
12
17
11
14
15
12
14
15
17
11
11
13
15
13
11
12
11
9
13
9
6
12
12
13
9
5
7
6
8
7
3
3
6
2
5
8
10
12
3
0
4
2
5
6
0
1
0
2
2
3
8
8
9
3
3
2
7
3
5
5
-6
1
-1
8
12
1
5
2
0
3
5
2
-1
-4
-7
3
5
2
1
-6
-8
-7
-8
-4
-5
-14
-15
-10
-6
-6
-8
-9
-6
-6
-5
-2
-8
-10
-11
-12
-8
-14
-13
-13
-12
-9
-9
-5
-10
-12
-6
-11
-9
-10
-8
-10
-17
-13
-14
-6
-12
-14
-14
-21
-11
-11
-19
-23
-20
-22
-18
-17
-18
-15
-18
-17
-15
-19
-24
-20
-21
-18
-17
-18
-21
-24
-22
-21
-20
-17
-18
-24
-24
-22
-16
-18
-19
-21
-14
-15
-18
-10
-8
-6
-16
-16
-12
-5
-6
-11
-10
-3
-4
-4
-2
-4
-2
-4
0
-1
-3
-1
3
0
2
-4
-3
0
-3
-1
-1
2
0
-2
-6
0
3
3
0
0
-3
-4
4
0
5
3
0
-1
-2
3
12
12
1
-1
-1
7
10
5
3
2
1
8
8
4
-1
-1
7
10
10
5
6
4
7
15
14
12
17
10
6
15
16
22
21
23
21
23
23
17
17
14
21
20
16
16
18
24
23
23
22
25
27
26
27
27
27
29
26
22
26
26
24
28
27
21
22
20
24
23
20
26
21
25
29
25
23
26
28
19
14
17
17
21
21
15
12
10
11
11
8
5
5
6
7
11
2
-2
6
7
10
7
5
6
12
13
13
12
8
5
12
15
12
13
11
9
8
15
12
3
8
6
5
4
4
3
5
6
4
4
1
5
7
4
11
16
13
12
1
1
7
10
10
8
3
8
8
1
1
-2
-6
-8
-2
-6
-1
-3
-4
-6
-6
1
-6
-7
-3
-2
4
1
1
4
1
4
-3
-8
-7
3
-1
-5
-5
-13
-6
-12
-14
-14
-15
-13
-15
-22
-23
-17
-16
-17
-24
-20
-13
-20
-18
-13
-23
-22
-22
-24
-22
-22
-29
-35
-34
-27
-20
-22
-24
-30
-26
-20
-21
-13
-14
-17
-22
-17
-10
-13
-11
-8
-10
-8
-9
-14
-6
-6
-10
-9
-11
-3
-5
-3
-7
-11
-5
-2
1
-5
-6
-6
-1
4
0
0
3
-1
5
4
4
10
7
2
-2
3
2
1
0
-4
-4
-2
-1
3
4
5
5
5
8
0
0
4
-1
-1
-2
1
6
3
2
5
7
10
12
10
4
2
2
12
10
6
7
5
7
10
2
-3
2
5
5
0
1
-1
2
5
1
-1
-5
-3
-6
-5
-3
-1
-3
-4
-10
-13
-6
-8
-9
-10
-7
-12
-7
-6
-7
-9
-11
-7
-7
-5
-10
-1
-3
-8
-5
-2
5
4
0
0
3
2
1
-4
0
1
2
-1
-2
-2
-1
4
2
-1
-7
-5
-8
-7
-4
-9
-12
-14
-12
-10
-12
-17
-20
-24
-21
-21
-19
-18
-19
-22
-25
-19
-18
-22
-29
-25
-22
-24
-24
-22
-15
-14
-21
-20
-18
-18
-19
-21
-19
-20
-17
-15
-12
-12
-11
-13
-6
-5
-10
-7
-10
-9
-6
-4
-1
-7
-7
0
-5
-6
-7
-10
-5
-10
-2
3
6
2
2
3
5
4
5
6
4
6
2
8
6
1
3
6
6
9
10
9
3
6
15
13
14
12
8
5
10
15
16
16
14
8
11
13
16
17
10
5
6
13
13
17
9
5
0
-1
8
7
10
2
3
9
9
12
6
4
3
3
8
4
4
1
-1
-2
-3
5
3
7
1
0
10
7
10
7
10
7
7
13
11
16
15
13
17
17
17
23
26
24
26
31
28
32
30
30
33
29
34
30
31
32
29
28
29
29
23
25
23
25
22
21
24
25
25
25
28
22
19
20
18
19
19
16
15
15
18
19
21
18
15
13
13
12
9
12
13
8
13
20
18
17
19
20
20
19
18
17
14
11
11
15
15
16
18
13
10
8
10
12
9
8
7
5
9
8
9
7
0
3
3
2
1
1
5
5
6
3
3
2
0
-4
-1
3
4
3
-1
-1
2
5
-2
2
3
-2
5
3
-3
-6
-2
-2
-2
1
2
2
1
3
-1
-3
-1
-5
-5
-5
-4
-4
-5
-1
-3
2
-3
-6
-9
-14
-7
-8
-7
-9
-10
-10
-10
-8
-11
-9
-12
-14
-15
-9
-15
-20
-16
-18
-16
-19
-21
-17
-18
-22
-21
-15
-14
-12
-14
-17
-17
-18
-16
-19
-17
-15
-15
-15
-16
-13
-14
-11
-10
-14
-14
-10
-12
-12
-14
-11
-6
-10
-7
-10
-13
-12
-14
-5
-3
-3
-4
-8
-4
-3
-2
-1
1
-6
-5
-3
-5
-2
-3
0
-6
-2
6
7
7
-5
-4
0
-2
4
1
3
-2
-2
0
1
3
-2
-1
5
6
4
3
-1
1
1
1
-3
-5
0
4
1
9
9
4
6
-3
3
6
3
3
0
-1
-4
-2
1
-2
-3
-1
1
-2
-4
-1
-5
-6
-5
-8
-6
-4
-4
-7
-3
-7
-9
-10
-9
-11
-12
-12
-17
-15
-17
-19
-18
-19
-18
-17
-23
-18
-18
-19
-14
-14
-12
-19
-16
-21
-22
-18
-21
-17
-21
-21
-18
-21
-19
-23
-19
-18
-21
-19
-19
-14
-17
-18
-17
-19
-16
-14
-9
-10
-8
-4
-7
-6
-6
-7
-5
-6
-9
-14
-10
-13
-11
-12
-13
-5
-8
-5
-4
-8
-10
-6
-6
-10
-10
-9
-7
-7
-7
-7
-8
-11
-12
-11
-8
-5
-6
-2
1
-3
0
1
4
-1
-1
-1
1
2
-2
-1
-3
-1
-1
-1
-2
-5
-4
-6
-6
-3
-5
-6
-10
-14
-9
-13
-12
-11
-11
-8
-8
-4
-5
-3
-4
-6
-8
-6
0
4
5
3
1
4
8
6
7
12
12
12
13
11
10
9
18
18
21
17
16
23
24
26
28
27
23
25
31
34
31
27
26
28
27
22
26
26
24
23
15
18
21
19
21
15
16
16
15
16
11
15
16
8
9
5
6
6
3
8
6
7
7
4
1
4
2
5
3
-2
-1
2
5
8
5
4
6
3
11
4
3
2
1
3
4
5
1
3
-1
0
1
3
8
4
2
-1
4
4
1
0
1
2
0
2
2
-2
-4
-5
-8
-4
-4
-2
-3
-9
-6
-7
-4
-9
-10
-9
-10
-5
-1
0
-1
3
5
4
-1
-1
-5
-4
-2
-2
2
-2
0
2
1
-7
-7
-5
-4
2
-4
-6
-3
-4
-2
2
-1
-3
2
-1
0
7
5
4
5
1
1
2
3
0
1
4
3
2
4
6
3
1
2
7
6
7
6
9
6
0
4
10
7
-1
6
6
6
4
-2
-7
-7
-4
-4
-1
-8
-3
-6
-10
-5
-5
-6
-8
-3
-6
-8
-4
-6
-8
-8
-11
-13
-13
-16
-19
-20
-25
-24
-22
-23
-19
-22
-28
-30
-25
-24
-25
-24
-26
-23
-29
-24
-17
-18
-15
-16
-17
-14
-5
-8
-7
-5
-11
-11
-6
-5
-3
-4
-7
-4
-2
4
0
5
2
-4
-1
1
0
-4
-5
-6
0
2
-1
-4
-5
-7
-2
1
-1
-3
-2
0
-6
-8
-10
-5
-12
-8
-7
-8
-3
-5
-6
-8
-7
-5
-2
-3
-5
-3
-6
-4
-4
-7
-2
-4
-4
0
-1
4
0
-5
1
-1
-1
3
1
2
2
0
-4
3
6
3
-1
-4
3
6
8
10
7
8
10
13
13
10
11
9
3
9
13
5
9
4
0
9
8
8
1
0
2
6
8
7
4
1
3
0
-1
1
0
-1
2
2
3
-2
-5
-6
-9
-9
-5
-10
-10
-6
-9
-10
-13
-17
-23
-25
-28
-32
-32
-35
-34
-34
-32
-29
-32
-33
-32
-33
-29
-29
-30
-29
-26
-30
-27
-27
-25
-26
-26
-26
-27
-22
-19
-17
-22
-15
-14
-14
-15
-8
-9
-8
2
-2
4
5
3
7
5
4
13
10
13
20
19
17
18
17
17
25
21
21
20
21
18
15
16
11
10
9
6
2
3
1
1
4
8
3
1
0
-6
-4
-4
-3
-6
-3
3
-1
-1
0
-1
0
-5
-4
-3
-4
-4
-7
-5
-5
-5
-4
0
5
10
6
7
2
-2
3
2
7
8
12
10
8
12
9
4
3
-2
-4
1
2
-2
-4
-2
4
6
7
3
5
5
4
10
7
5
3
6
12
11
13
10
11
11
12
15
15
12
5
2
12
11
9
13
15
15
15
20
16
21
18
16
21
21
22
20
17
12
13
15
16
16
14
10
12
16
15
16
11
12
8
5
10
10
7
8
6
6
3
2
9
8
4
9
11
9
12
15
19
12
14
13
11
15
15
16
11
18
14
16
14
14
18
15
19
15
17
12
14
14
10
15
15
17
14
16
17
22
18
17
16
16
17
14
17
14
15
12
9
8
6
8
4
11
5
8
11
4
5
0
0
0
0
3
4
2
3
6
2
6
8
10
9
5
7
3
6
4
0
4
5
7
10
8
6
10
10
11
11
6
8
13
12
12
13
11
8
12
10
8
9
5
4
2
-2
0
4
0
-2
-3
-6
-6
-7
-9
-9
-11
-17
-13
-12
-18
-16
-16
-13
-13
-13
-13
-13
-13
-15
-17
-13
-12
-17
-13
-9
-10
-6
-9
-8
-7
-6
-7
-11
-5
-13
-11
-9
-7
-3
-6
-4
-5
-5
-5
-5
0
4
5
0
-7
-1
-3
-5
-3
-5
-2
-5
-3
-3
-4
0
-4
-6
-11
-5
-6
-9
-9
-8
-6
-10
-11
-7
-7
-12
-10
-8
-10
-11
-3
-9
-7
2
-2
2
-1
2
2
-2
1
-4
-3
0
-5
-8
-8
-9
-7
-7
-1
0
1
2
-2
0
-1
-1
4
3
2
1
2
1
1
-1
1
5
3
0
0
2
-2
-6
-2
4
3
5
3
2
10
9
12
11
11
9
7
13
11
7
8
11
12
11
15
15
14
13
12
11
12
12
13
14
11
14
16
15
12
13
11
7
8
8
5
2
5
6
8
11
12
11
13
14
13
13
10
4
4
7
5
8
10
9
7
12
11
14
20
19
14
12
14
13
21
21
21
22
18
20
17
18
18
15
14
15
13
19
17
21
22
19
19
16
17
11
13
15
12
8
10
8
9
7
1
0
2
-6
-8
-6
-8
-5
-10
-12
-10
-11
-16
-15
-17
-14
-11
-10
-10
-12
-9
-4
-4
-5
-10
-13
-12
-13
-10
-10
-13
-14
-10
-15
-18
-19
-18
-16
-17
-11
-13
-13
-9
-11
-12
-13
-15
-13
-14
-17
-15
-18
-15
-10
-13
-16
-16
-12
-14
-17
-10
-8
-9
-6
-7
-9
-13
-12
-12
-12
-9
-6
-11
-11
-2
-7
-5
0
-4
-4
-6
-2
-2
0
1
-1
2
1
-2
1
4
-1
-2
-1
-1
3
-2
-1
0
-2
1
-2
-2
0
-5
-5
0
-1
2
0
-5
-2
-7
-2
-4
-9
-5
-9
-6
-6
-9
-11
-12
-10
-10
-9
-10
-10
-9
-18
-18
-15
-16
-17
-17
-17
-18
-13
-12
-11
-9
-7
-11
-12
-14
-10
-10
-19
-11
-12
-11
-10
-8
-4
-3
-4
-11
-13
-7
-1
-1
-2
-1
0
-4
0
1
-4
-4
-1
-2
-6
3
0
1
5
6
3
0
4
0
-3
3
9
4
3
8
5
0
7
7
4
5
6
6
9
10
10
9
4
9
13
10
13
11
7
10
5
8
9
7
6
3
9
7
4
0
4
0
0
3
3
2
-3
0
2
3
1
2
3
-1
-1
2
-2
-6
-7
-9
-11
-15
-8
-9
-13
-15
-16
-18
-18
-14
-12
-8
-10
-5
-6
-10
-9
-11
-11
-12
-15
-12
-13
-12
-9
-13
-8
-8
-13
-14
-13
-14
-18
-14
-12
-14
-12
-18
-18
-16
-16
-16
-27
-21
-24
-23
-21
-28
-26
-29
-22
-21
-23
-27
-26
-23
-25
-22
-26
-29
-27
-29
-28
-30
-27
-21
-21
-21
-22
-21
-20
-17
-14
-11
-11
-13
-13
-8
-9
-7
-4
-3
2
1
2
2
6
8
6
8
12
7
12
20
22
24
22
24
21
24
23
27
29
23
26
22
28
25
23
19
18
25
22
25
33
29
23
28
27
26
27
25
26
22
24
26
25
28
24
19
20
23
21
21
19
16
17
19
18
17
16
12
16
22
22
17
17
15
12
16
15
16
14
9
7
12
11
9
13
11
9
7
4
6
0
3
7
0
-1
3
2
-4
-3
-5
-10
-7
-8
-9
-10
-14
-15
-10
-9
-5
1
0
2
1
6
9
16
13
11
13
13
16
18
18
14
18
21
16
17
15
15
16
18
19
20
24
22
22
20
19
17
10
13
9
7
10
8
8
3
-1
2
4
3
0
-1
1
-1
-3
-11
-11
-5
-5
-5
-3
-3
-2
-9
-8
-5
-6
-6
-10
-11
-10
-10
-10
-6
-8
-8
-9
-11
-10
-10
-9
-9
-7
-8
-4
-5
-3
-7
-4
-2
-7
-7
-8
-2
-9
-10
-9
-13
-9
-2
-4
-5
-1
-1
-4
-6
2
0
-5
-1
0
-7
-4
-7
-4
2
-3
-1
-2
-1
0
-2
-2
0
3
1
-1
3
3
3
11
7
8
11
7
8
11
10
13
10
7
11
9
8
7
11
10
8
8
10
7
0
6
1
-1
2
-2
-5
-7
-5
-11
-12
-5
-7
-9
-14
-18
-20
-19
-19
-20
-21
-19
-17
-20
-18
-16
-13
-16
-16
-14
-15
-13
-13
-14
-11
-7
-5
-6
-4
-2
-7
-3
-7
-5
-4
-5
-2
-4
-4
-1
1
-6
0
-3
-1
-1
-6
-4
-6
-2
-1
-6
-7
-4
-10
-5
-4
-6
-5
-4
-5
-10
-4
-8
-7
-9
-12
-7
-10
-12
-10
-12
-8
-2
-9
-10
-6
-2
-2
-2
-3
-1
1
-3
-4
2
2
-1
-4
-5
-5
-5
-2
-5
-4
-4
-4
-1
-3
2
-1
-6
-3
-6
-5
-7
-4
-10
-12
-5
-10
-5
-13
-11
-12
-14
-11
-14
-10
-14
-7
-12
-6
-3
-5
-9
-11
-11
-13
-13
-13
-4
-9
-8
-4
-8
-8
-2
-1
-8
-9
-6
-2
-2
-1
-3
-4
-4
-2
2
4
6
8
5
1
0
1
4
6
3
-4
-5
-2
-1
-1
-7
-8
-8
-4
-2
-1
2
1
5
4
2
2
1
-4
-2
-3
-6
-1
-3
-5
-4
-2
-2
0
3
2
4
2
0
3
15
18
18
17
9
14
16
14
13
9
13
10
14
12
14
17
17
26
21
19
10
13
15
19
23
12
16
14
10
10
11
10
9
11
8
4
-3
0
9
7
2
-2
-2
-3
-3
2
0
10
7
-4
-6
-3
3
2
2
-2
-3
-5
-5
1
2
5
-1
1
-6
-8
4
1
6
5
0
-6
-7
-5
-4
-1
-10
-8
-14
-17
-11
-11
-11
-13
-17
-23
-24
-20
-18
-16
-17
-25
-26
-25
-23
-22
-19
-15
-18
-19
-19
-15
-14
-20
-19
-22
-20
-20
-20
-21
-26
-21
-17
-8
-12
-16
-16
-10
-6
-9
-10
-13
-9
-21
-21
-19
-16
-5
-10
-14
-20
-22
-14
-13
-11
-12
-16
-10
-18
-6
-8
-14
-9
-12
-5
-2
-3
-10
-10
-8
-8
-4
-6
-5
-9
-9
-6
-6
-2
-9
-7
-7
-9
0
-8
-6
-11
-7
-5
-12
-3
-4
-9
-2
-5
-5
-6
-15
-14
-10
1
4
-4
-9
-17
-16
-4
3
2
1
3
-1
-5
-1
-3
3
7
2
-4
-2
-4
-5
6
6
11
5
4
5
5
14
14
17
17
16
13
6
10
18
20
17
11
13
6
8
21
17
16
15
11
7
8
14
22
17
8
11
12
18
19
19
16
12
14
15
18
19
18
12
11
17
14
22
15
10
10
10
16
12
20
15
8
3
2
19
20
12
6
-6
4
16
23
20
5
3
4
17
25
20
8
1
7
21
28
21
9
0
9
25
31
22
5
1
3
14
30
19
11
0
-4
18
27
30
14
5
16
15
17
13
7
4
12
16
18
7
-8
1
0
6
12
1
-5
-11
-2
1
0
-3
-16
-16
-15
-13
-9
-18
-19
-18
-16
-16
-21
-21
-21
-12
-11
-14
-24
-30
-21
-18
-16
-19
-15
-11
-5
-9
-12
-11
-12
-2
0
-5
-9
-15
-9
3
5
4
-11
-6
-3
-1
3
-1
6
1
-4
-9
-1
1
11
13
9
7
0
7
6
14
17
9
0
-2
0
10
14
7
3
-5
0
0
3
0
-5
-5
-2
-1
-7
-9
-18
-19
-6
-5
-8
-21
-24
-15
-11
0
-12
-20
-22
-27
-14
-13
-15
-22
-29
-11
-6
-11
-18
-32
-23
-15
-13
-15
-25
-20
-22
-16
-7
-15
-13
-17
-19
-15
-20
-16
-8
-3
0
-13
-16
-13
-10
8
8
9
-2
-6
6
4
15
20
15
10
6
3
10
18
30
24
15
16
13
20
15
19
18
16
11
8
5
0
2
1
6
0
-7
-13
-16
-10
2
-1
-6
-14
-25
-23
-18
0
5
-8
-24
-37
-27
-8
0
2
-19
-33
-34
-21
4
1
-20
-36
-40
-15
4
2
-2
-32
-37
-26
-5
15
-9
-39
-38
-27
8
15
-4
-13
-46
-26
-6
11
29
-19
-33
-32
-17
27
8
-4
-21
-44
-15
-16
9
15
-21
-34
-48
-18
21
10
18
-17
-41
-49
-40
33
63
25
-56
-81
-44
30
55
24
-19
-53
-47
-2
25
36
7
-32
1
-9
21
-16
-22
32
20
31
-26
-49
-3
10
32
27
-2
6
-35
-24
-3
9
36
22
-2
-27
-44
-16
32
38
31
-38
-61
-39
1
37
15
-35
-41
-23
10
36
-21
-32
-73
-22
54
41
28
-84
-111
-36
27
129
48
-80
-103
-108
73
97
19
-20
-138
-19
9
8
47
-92
-16
-11
14
62
-89
-87
-65
0
110
10
-52
-73
-106
10
-12
37
55
-12
-41
-113
-41
18
73
54
16
-30
-66
-61
-25
65
116
47
-19
-80
-78
38
24
127
80
-2
-18
-128
19
58
54
88
-41
28
-23
-90
29
-15
144
65
-68
-33
-105
58
49
5
70
-9
30
3
-65
48
-5
67
93
10
53
-106
-38
71
89
119
-36
-52
9
20
65
-5
-8
75
31
47
-39
-45
30
-2
76
40
49
-14
-82
-7
44
109
62
12
-25
-49
-9
64
94
84
-27
-29
23
71
98
-12
2
5
101
107
28
-11
-19
56
95
78
39
5
-17
63
38
25
-36
6
130
71
-10
-115
-61
74
112
105
29
-97
-89
-75
80
168
81
4
-153
-97
-18
61
125
80
6
-85
-144
-61
80
130
110
-46
-95
-108
-61
57
129
143
-17
-169
-188
-43
148
183
56
-99
-188
-79
37
143
134
-35
-82
-133
-8
73
45
58
-27
-24
16
-56
5
8
18
144
-22
-23
-105
-95
110
47
101
-7
-142
-48
-23
91
128
-75
-26
-65
10
109
-34
21
-91
-45
68
53
78
-54
-144
-80
-11
147
152
-24
-127
-235
-52
102
193
153
-151
-249
-244
89
314
112
-96
-298
-84
145
92
39
-163
-87
43
60
99
-113
-159
-74
14
188
85
-92
-185
-204
86
173
44
-61
-184
-22
-17
-58
28
13
51
-58
-103
24
-8
-43
-100
-67
209
153
10
-262
-301
72
225
327
5
-216
-260
-187
119
244
256
17
-248
-280
-135
76
236
161
63
-176
-295
-224
-58
300
246
66
-277
-415
-154
37
250
177
-18
-179
-330
-237
-7
216
307
52
-328
-383
-181
242
331
50
-121
-300
-104
60
142
138
-64
-120
-69
42
73
25
-147
-86
24
180
130
-189
-192
-55
119
120
-29
-77
-24
-131
-8
77
48
54
-180
11
55
-10
56
-110
-20
58
83
167
-36
-149
-34
3
174
209
96
38
-218
-143
187
276
278
-25
-240
-44
64
222
155
-93
50
54
-19
-42
-174
28
128
-11
106
-162
-307
-231
-180
319
92
-279
-376
-438
-30
57
-134
-57
-255
-323
-176
-327
168
-53
-294
-123
-261
217
-196
-340
-32
31
251
-52
-227
-137
-209
50
372
260
39
-424
-313
109
404
424
90
-256
-303
23
265
513
203
33
-118
-88
302
388
321
200
136
276
301
127
427
270
508
490
458
567
97
383
547
848
813
494
481
415
489
828
901
933
580
359
587
534
899
682
733
496
255
378
222
477
287
168
-73
-275
-181
-281
-447
-527
-693
-750
-1071
-1216
-987
-1106
-1231
-1745
-1786
-1517
-1488
-1473
-1860
-1953
-1896
-1881
-1627
-1641
-1585
-1663
-1852
-1627
-1442
-1161
-1096
-1289
-1139
-1027
-767
-575
-726
-485
-421
-136
-23
-182
159
196
303
280
304
921
1005
944
821
574
1085
1086
1560
1720
1347
1294
820
1460
1813
2051
1936
1352
1301
1324
1691
1913
1900
1794
1680
1439
1389
1385
1655
1850
1903
1749
1433
1310
1211
1652
1783
2001
1759
1266
1204
1057
1665
1803
1636
1430
848
925
749
792
1004
756
631
7
-443
-553
-620
-458
-613
-1164
-1642
-2209
-2359
-2203
-2286
-2261
-2942
-3493
-3658
-3624
-3316
-3591
-3819
-3864
-3964
-3972
-4068
-3933
-3686
-3567
-3437
-3335
-3350
-3405
-3145
-2644
-1996
-1817
-1806
-1878
-1760
-1310
-433
279
326
109
-189
896
1513
2282
2163
1853
2399
2321
3242
3301
3608
3754
3435
3601
3665
3849
3930
3478
3436
3530
3215
3018
2298
2391
2113
1797
1327
872
632
66
-143
-591
-550
-940
-1336
-1692
-2095
-1800
-1818
-1866
-1858
-1979
-1575
-1659
-1571
-1015
-746
-242
-135
123
782
857
1326
1907
2159
2839
2529
2983
3186
3169
3766
3537
3888
3558
3201
3183
2903
2991
2857
2319
1931
1215
872
559
190
24
-588
-1136
-1894
-2160
-2529
-2781
-3096
-3446
-3702
-4189
-4483
-4620
-4802
-4723
-4638
-5041
-4862
-5510
-5117
-4908
-4927
-3971
-4730
-4319
-4557
-4566
-3459
-3633
-2501
-2186
-2774
-2180
-2198
-1045
-89
-568
938
597
686
1494
1459
3610
2875
3015
3848
3556
4529
3924
4601
5383
4762
5005
4613
4325
4462
3948
4349
3967
3314
3053
2248
1793
1470
1387
1070
394
-458
-558
-989
-1337
-1331
-1707
-1804
-2190
-2023
-1657
-1966
-2234
-2010
-1518
-677
-409
-528
-581
-518
603
1708
2029
2017
1790
2060
2750
3219
3840
3756
3322
3370
3427
3672
3510
3031
3053
2761
2454
2096
1261
933
500
281
33
-799
-1468
-2209
-2811
-2849
-2880
-3180
-3988
-5095
-5337
-5169
-5180
-5327
-5642
-5786
-5878
-6509
-6486
-6025
-5525
-5007
-5463
-5667
-5857
-5669
-4447
-3120
-2706
-2925
-3775
-3470
-2082
-761
1588
1660
628
-527
-29
3425
5255
5229
4338
3449
4213
5275
6524
8032
7036
6089
5530
5811
6931
6347
6116
5680
5033
4710
3669
2703
2401
2293
2508
1540
-190
-1271
-1839
-1849
-1553
-1751
-2467
-3468
-4735
-4201
-3870
-3079
-2306
-3179
-3516
-4289
-3251
-1239
-828
-254
-425
-347
533
552
2320
3374
3570
4030
3111
3979
4173
4654
5748
5319
5599
4502
3669
3930
3997
4848
4050
2554
1631
625
845
536
146
-359
-1845
-2634
-3579
-3762
-3903
-4351
-4722
-5635
-6126
-6568
-6886
-7025
-7137
-6840
-6721
-7311
-7529
-8089
-7481
-6602
-6089
-5635
-6893
-6838
-6113
-4611
-3190
-3379
-3557
-3574
-2970
-649
1085
1460
461
-671
1664
4081
5722
5175
4018
4516
5554
7167
8194
8207
7231
6634
6622
7863
8115
7616
6653
5725
5602
5218
4624
3666
3048
2651
2338
998
-73
-1099
-1344
-1553
-1930
-2121
-3248
-4046
-4524
-3497
-2578
-3079
-4005
-4276
-3423
-2021
-1671
-1222
-1088
-928
227
953
2381
2542
2393
3054
3769
4895
5263
4878
5089
5126
5637
5907
5079
5000
4471
4492
4336
3455
2883
1839
1000
825
369
-179
-1396
-2804
-3052
-3455
-3687
-4425
-5928
-6555
-6637
-6379
-6419
-8023
-8367
-8207
-7794
-7321
-8425
-8279
-8571
-7917
-6636
-6895
-7364
-8136
-7090
-4700
-3935
-3938
-4792
-5135
-2617
108
2104
71
-2423
-553
3059
6123
5105
3992
4048
4731
6669
8358
9658
8194
6566
6991
8620
9835
8800
7634
6969
6652
6976
6152
5019
4095
3544
3710
2264
1084
80
-1010
-1432
-2075
-1706
-2330
-4077
-5145
-5126
-3701
-2889
-3910
-5184
-5859
-4488
-2408
-1781
-1787
-2390
-1967
-753
647
2306
2542
2189
2439
3372
4974
5396
5297
5456
5561
6184
5904
5622
5503
5370
5581
4960
4035
2952
2155
2013
1675
1238
184
-1425
-2562
-2979
-2802
-3272
-4515
-5875
-6569
-6693
-6873
-7431
-8143
-8116
-8569
-8562
-8773
-8884
-8449
-9300
-8404
-8235
-8158
-7938
-8577
-6721
-6318
-5897
-5055
-5380
-3914
-2429
-430
594
-2368
-1955
1177
4746
6292
3225
3716
4346
6116
8616
9561
10469
7741
6765
8423
10422
11180
9703
8485
7735
7275
7431
6642
5836
5114
4713
3601
1317
610
-164
-96
-1139
-1981
-2365
-4241
-4946
-5541
-4466
-3520
-4197
-4909
-6363
-5997
-4159
-2749
-1694
-2474
-2587
-1817
-810
1340
2310
2926
2914
2870
4286
5219
6099
6348
6337
6817
6628
6741
6529
6389
6414
6106
5732
4599
3517
2814
2338
1942
1034
55
-1127
-2387
-3002
-3534
-4068
-5248
-6391
-6912
-7120
-7745
-8571
-9013
-9305
-9387
-9796
-9302
-9643
-9984
-9796
-9704
-9181
-9054
-8192
-8267
-8665
-7956
-6167
-5001
-5009
-5087
-3909
-966
812
-173
-2240
-717
3378
6405
5705
4413
4694
5413
7983
9772
11755
10508
7635
8030
9842
12414
11619
9543
8831
8034
8191
7680
6253
6000
5283
4422
2762
827
468
-403
-1119
-1468
-2305
-3391
-4906
-6323
-5671
-4544
-3596
-4160
-6508
-7187
-6048
-3508
-1649
-2338
-3111
-2570
-1819
430
1729
3189
3216
2250
3659
4772
6405
6368
6403
6862
7192
7161
6725
6416
6561
6860
6107
5456
4116
3299
2407
2005
1498
877
-401
-2069
-3317
-4152
-3941
-4602
-5383
-6779
-7993
-8375
-8789
-9182
-9323
-9475
-10086
-11076
-10794
-9811
-9696
-10388
-10095
-9564
-9260
-9473
-9687
-8152
-7276
-5775
-6173
-5996
-4773
-2159
770
-443
-2750
-2269
2699
6227
5850
3974
4577
5163
7447
9946
11816
11338
8013
8565
10170
13136
12476
10468
9593
9030
9167
8393
7377
6557
6302
5545
3909
1491
1010
308
-345
-1273
-1793
-2726
-4822
-5966
-6193
-4712
-4026
-4385
-5792
-7205
-6920
-4914
-2752
-1980
-3045
-3464
-2396
-956
1103
2505
3028
2902
2947
4303
5753
6281
6990
7022
7314
7422
7017
7159
6959
7166
7109
6125
5132
4057
3154
3004
2264
1388
224
-1126
-1940
-3217
-3984
-4285
-5023
-5927
-7377
-8193
-8342
-9053
-9561
-9858
-9494
-10174
-11361
-11511
-10400
-9176
-9738
-10693
-11124
-10102
-8989
-8656
-8911
-8441
-7568
-6224
-5212
-3596
-1101
-1612
-3800
-4480
884
5955
5436
2016
1842
4906
7173
9353
10548
11534
8928
7875
9815
12961
14623
12240
10633
10041
10254
10346
9266
8189
8385
7748
6462
3344
1834
2186
1670
1093
-248
-1753
-3856
-5416
-5718
-4012
-3783
-4415
-6236
-7484
-6670
-6303
-4438
-3409
-3717
-3759
-3875
-2766
-787
283
2381
1940
2224
3179
3383
5385
5566
7148
7195
6672
6822
6426
7248
7249
7068
7003
5862
4623
3763
3197
3453
2484
1609
120
-1276
-1925
-3198
-3757
-4066
-4299
-5838
-7622
-8455
-8831
-8632
-8726
-9211
-10230
-11770
-11341
-10991
-9987
-9248
-11011
-11222
-12097
-11049
-9488
-9929
-8374
-8142
-8193
-6861
-6002
-1861
-2097
-5936
-4296
-1052
4414
3305
581
2777
3642
6641
8505
9761
10679
8225
8181
11466
13476
14414
12024
10652
11491
11337
11823
10444
9053
9188
8806
6875
5072
3595
3596
2793
1059
785
-1196
-2681
-4011
-4813
-3670
-3961
-4943
-5963
-6901
-5995
-5628
-5118
-4118
-4471
-3783
-3429
-2715
-1133
-459
1060
1543
2075
2929
2939
4337
5355
6333
6672
6056
6425
6449
6716
6966
6448
6455
5504
4627
3931
3021
3015
2214
1407
29
-1091
-1860
-2951
-3559
-3903
-4396
-5957
-7556
-7955
-8009
-8167
-8859
-10135
-10023
-10810
-10282
-10562
-11141
-10111
-11367
-10553
-10457
-10135
-9883
-11506
-9645
-6765
-5946
-5165
-5418
-4107
-4260
-6072
-1268
2477
4039
1284
-911
2939
5447
8343
9835
9909
9050
7553
8928
12742
14447
14179
12390
10966
10941
10859
11418
11085
10761
9890
8195
5235
3960
4301
4418
3862
1363
-320
-2292
-3834
-3609
-3511
-3007
-4236
-6597
-7008
-7221
-5873
-4536
-3948
-4015
-5594
-5589
-3615
-1741
178
372
-90
592
677
3125
3961
4914
5496
4893
5759
5520
6362
6684
6732
6497
5944
4921
4347
3612
3465
3192
2104
1346
-503
-1307
-2259
-2484
-3014
-3590
-4690
-6115
-7231
-8273
-7633
-8060
-8024
-9160
-10673
-11106
-11432
-9714
-9724
-10617
-11158
-11365
-10035
-9962
-10509
-10522
-9464
-7028
-5395
-5221
-4248
-5413
-6261
-4235
329
4359
1614
-839
-598
3388
7498
9088
9769
8552
7387
7725
11108
14284
15072
13016
11829
11320
11712
12288
12144
12016
11304
10330
7539
5667
5145
6039
5540
3909
1821
-1070
-2329
-3111
-2460
-2048
-3460
-5259
-7531
-7486
-6455
-5870
-4182
-4482
-5302
-6347
-6656
-3691
-1584
-66
104
-1733
-446
46
2525
4958
4689
5677
3774
4813
5848
6500
8177
7031
6776
6155
4709
4707
4162
4655
4632
2302
1520
-705
-1043
-1339
-1901
-1967
-3580
-4897
-6787
-7411
-7384
-7114
-7849
-8749
-9940
-11110
-11552
-11216
-11003
-10707
-11314
-11619
-11085
-12358
-11621
-11964
-10352
-8596
-8859
-6543
-5964
-5336
-6443
-7825
-3022
1379
2358
229
-2707
622
3968
7003
9965
9013
8071
5885
7724
13113
15584
15135
12274
11063
11887
12456
12727
13067
12869
12018
9737
6626
5977
6699
7248
6164
3498
1424
-1045
-2379
-2100
-1225
-1283
-3848
-6708
-8015
-6878
-5863
-5131
-3939
-4111
-5590
-7588
-6917
-2732
108
800
-792
-2623
-1040
285
3759
5911
5739
5067
2445
4313
6668
8381
8995
6806
6292
5664
4728
4911
4685
5442
4694
1795
167
-992
-619
-770
-1488
-2198
-4032
-6086
-7699
-7312
-6332
-6360
-8104
-10413
-11063
-11277
-10650
-10031
-11102
-11255
-12350
-12030
-11528
-12153
-10126
-10707
-10482
-9721
-9194
-5759
-4961
-5088
-6441
-7373
-2167
1447
1683
533
-1487
1709
4642
7572
9973
8244
7632
7147
9747
13959
14724
13401
12040
11716
12688
12733
12230
12761
11883
11466
9316
6506
6343
6305
6329
5220
2691
736
-1364
-2787
-1953
-2079
-2302
-4330
-7547
-7306
-7365
-6493
-4851
-4390
-3130
-5791
-8500
-6020
-2880
1689
1489
-1809
-1827
-2205
1664
5218
6389
7089
3089
2716
5061
7380
10355
7861
6938
6160
5018
5792
4187
5081
5283
3797
1713
-892
-1674
-941
-1034
-1574
-3318
-5476
-6599
-7906
-7334
-7291
-7209
-9006
-10302
-11329
-11805
-11128
-11286
-10531
-10965
-11776
-12814
-12890
-12046
-9787
-9738
-9198
-9853
-9648
-5734
-3835
-4131
-7547
-6349
-637
2448
1093
-515
-465
2909
5501
8290
10152
7745
6537
6955
11874
15279
14364
11889
11201
11575
12805
12939
12529
12523
11255
10733
7823
6578
6760
7086
5846
4039
2118
72
-1319
-2436
-1113
-1547
-2858
-5491
-7380
-6711
-6080
-5024
-3379
-3146
-5313
-7417
-7011
-2279
911
1282
-1091
-2846
-774
1193
4615
5770
6312
4428
2830
5139
7371
9592
8224
6977
6276
6143
5962
5014
5007
5529
4168
2186
-31
-1045
-255
-1440
-1304
-3563
-4946
-6164
-7791
-6843
-7252
-7848
-9170
-10859
-10763
-11052
-11493
-10892
-12051
-11234
-12207
-12577
-11880
-12312
-10668
-11007
-10369
-9724
-10028
-8334
-5717
-3205
-3772
-8116
-6745
-1340
3035
2909
-878
106
1929
5072
8292
9645
9539
6876
6655
10481
14308
14810
12409
10906
11871
12205
12171
11753
11524
11789
10442
8094
6042
5654
6077
5427
3885
2216
127
-2237
-2994
-2320
-1611
-2488
-5341
-7150
-7684
-6548
-4402
-3298
-3069
-5545
-7731
-5666
-1917
1164
984
-1609
-1392
-61
2631
5061
5519
6294
4646
4727
6526
8245
9224
7817
7399
7496
7122
6334
5319
5090
5770
4502
2324
526
-332
-344
-1500
-2195
-3311
-4995
-6337
-7261
-7387
-7425
-8805
-10209
-10503
-10838
-11050
-11926
-11932
-11548
-12447
-12330
-12099
-11741
-11731
-12347
-11247
-10060
-9635
-9529
-9175
-5956
-2538
-3653
-7017
-7744
-1972
3737
3610
730
-724
1436
4485
8158
10746
10553
7227
5665
9113
14209
16203
13109
10702
11128
12357
12524
11761
11567
12024
10648
8439
6215
5568
6292
5161
4297
2875
775
-1810
-3672
-2590
-966
-1895
-4311
-7158
-7980
-6712
-5042
-2277
-2647
-5113
-7598
-7047
-2127
1445
1749
-491
-2204
-641
2339
5145
6723
5985
5184
4730
6048
8488
9024
8763
7585
7306
7524
6191
5404
5050
5498
5285
2783
451
-1130
-1427
-1115
-1799
-3114
-5337
-7576
-8115
-8144
-7662
-8553
-10589
-11712
-12323
-11827
-12373
-12665
-12445
-12697
-12791
-12989
-13290
-12961
-12272
-10903
-10039
-10979
-10766
-10184
-6851
-2949
-2566
-5438
-7949
-4703
1550
4598
3166
780
374
3853
7261
10464
11139
9118
7934
8666
13011
15181
14273
12479
11991
12937
13131
12039
11407
11325
11120
10141
7540
6163
5246
4804
4358
3459
1960
-613
-2797
-3552
-2314
-1875
-3300
-5735
-7580
-7045
-5828
-3389
-2222
-4474
-6549
-6622
-3235
705
1098
-98
-1234
-919
2586
4714
6478
5951
4360
5693
6281
9035
8800
7774
7936
7245
8137
6937
5579
5269
5005
5094
3702
1220
102
-1513
-1359
-1605
-2857
-4337
-7636
-8125
-7978
-7636
-8508
-10877
-11699
-12000
-12172
-12575
-13387
-12816
-12571
-13192
-13118
-13892
-13631
-12967
-11971
-10640
-10755
-11391
-10851
-6847
-2143
-3572
-8947
-9131
-2074
4202
3259
-319
-1050
1721
5280
8808
10736
9760
7201
6375
11026
15798
15843
12618
11032
12708
13796
13276
12504
11965
12338
11486
8868
7062
6460
7079
5898
4175
3250
884
-1352
-2607
-1910
-819
-2548
-4960
-7104
-7553
-6162
-4810
-2449
-3442
-6827
-7707
-5797
-892
1586
-164
-1635
-2629
72
3811
5288
6608
4514
4251
5367
7126
9920
8809
8323
7703
7411
8502
6931
6187
6439
5879
5377
2284
990
758
-35
9
-2164
-3615
-5162
-6685
-7154
-7518
-7932
-9008
-10675
-11558
-11807
-12435
-12529
-12895
-12930
-12903
-13672
-14717
-14139
-13063
-11700
-11905
-12982
-12254
-11895
-9081
-5157
-2955
-5900
-10565
-8560
-649
4462
2624
-972
-1958
1805
5412
9239
11094
8978
7008
6642
11269
15718
15226
13016
12040
13002
13896
12548
12144
12646
13064
12350
8827
6356
6119
6675
6526
5315
3319
707
-2520
-2913
-1699
-571
-1638
-5422
-7570
-8411
-6408
-4584
-3147
-3233
-6581
-8289
-6546
-2566
1647
795
-1646
-2065
-1764
3106
4860
6559
6490
4097
5216
5774
9286
10025
9069
8787
7595
7593
7272
6535
7275
7210
5377
3356
540
627
442
144
-612
-3234
-5370
-7341
-7842
-7478
-7554
-8348
-10184
-12929
-13400
-13686
-12258
-12430
-13702
-13743
-16591
-15681
-15137
-13485
-11479
-13627
-13696
-13993
-12142
-5956
-4275
-6352
-10819
-10563
-1368
2184
1952
-1352
-2009
2075
4671
8946
10444
9173
7048
7810
12024
16390
15500
12945
12991
14145
15359
13592
12910
13368
13908
13179
10354
7215
7068
7488
6948
5825
3237
1572
-1699
-2501
-1495
-1454
-2171
-5321
-7528
-8510
-7317
-5307
-4615
-5067
-7111
-8397
-6774
-3958
-1009
-281
-2572
-2313
-1658
1714
4258
4407
6077
4507
5639
6186
8207
10280
9033
9591
8446
8683
8509
7769
8006
8153
7309
5006
2626
1836
1997
1380
290
-1879
-3318
-5474
-6634
-7616
-7456
-7285
-9766
-11110
-13866
-13382
-12895
-13070
-12571
-15414
-15981
-16596
-16080
-13898
-13567
-13966
-14639
-14817
-12359
-9735
-6426
-5246
-10466
-10959
-6099
451
2695
-1462
-1672
131
3208
8014
9399
10415
8985
7173
10542
14330
17334
15380
12766
14497
15311
14662
14035
13508
14493
14377
11781
9382
6919
7885
8156
6451
4932
2461
-300
-2106
-2092
-1302
-1470
-4474
-6348
-8536
-8552
-7064
-5975
-3662
-5582
-8791
-9371
-6784
-2113
387
-1792
-3178
-3804
-1396
2749
4325
6933
4879
3869
4230
6578
10505
10251
10183
8538
8074
8212
8407
8809
9345
8705
6280
3615
2245
2804
3068
2854
-23
-2479
-5338
-5789
-5481
-5519
-6209
-9651
-11301
-12839
-12264
-12355
-12560
-13587
-15219
-16030
-16512
-15927
-15919
-14648
-14468
-14770
-15697
-15381
-12318
-7772
-5332
-8961
-13408
-10826
-3126
2188
879
-2880
-2232
-149
5110
8934
10600
10099
6473
8180
11864
16714
17071
13871
14355
14716
14901
14065
13449
15261
15355
13704
10503
7263
7755
8549
8183
6481
3920
1074
-1436
-2427
-1085
-632
-2300
-4873
-8337
-8893
-7753
-5545
-3786
-5050
-7710
-9353
-8183
-3808
-1091
-534
-2510
-4363
-2243
277
4180
5043
4914
4356
4143
6028
7854
9670
9781
9581
8523
8207
7900
7993
8471
8699
7686
5287
2962
1939
2374
2680
1360
-1436
-3659
-5318
-5553
-6119
-6425
-7898
-9920
-11568
-12601
-12977
-13286
-13331
-14026
-14949
-16108
-16739
-17008
-15077
-14127
-13609
-14931
-14807
-10619
-7350
-8808
-13182
-10973
-4399
-26
-2384
-4164
-3039
104
4268
7250
9435
7745
6087
7455
12491
17027
16526
13121
13336
15244
16135
15188
14306
15410
15457
14419
11353
8844
8939
9580
8670
7165
4571
2008
-761
-1226
-116
-367
-2142
-5456
-7412
-8643
-7201
-6162
-4546
-4746
-8842
-10558
-8679
-4136
-545
-2176
-4639
-4858
-3512
1507
2614
4218
3833
2331
4491
5030
8706
8736
8473
9380
8442
8802
8103
7708
8889
9468
8269
5577
2865
3165
3407
3896
2353
-637
-3243
-5035
-4643
-4672
-4592
-7187
-10099
-11950
-11942
-11311
-12332
-13215
-13954
-15398
-16792
-16515
-16191
-14474
-14382
-15143
-15028
-14628
-10636
-7839
-10227
-12625
-11494
-5040
-784
-3246
-4163
-4095
-184
4099
6342
8908
7102
5581
7792
12405
16776
15840
12543
13451
15117
16396
15542
14161
15284
15044
14322
12008
9259
9469
9669
8290
6784
4485
2229
-141
-1503
-215
-589
-3288
-5545
-7757
-8052
-7557
-6459
-4832
-6335
-9028
-10472
-8541
-3995
-1484
-3390
-5003
-5822
-2971
912
2391
4145
2098
2348
3610
5986
9006
8799
8780
8327
8530
9517
8930
8807
9905
9321
8949
5906
4585
5229
4695
4734
2321
646
-1133
-2925
-3996
-4411
-4167
-5373
-8085
-10843
-12019
-12027
-11337
-11668
-13307
-15283
-17171
-17242
-16069
-14916
-13983
-15546
-16843
-15888
-12922
-7805
-8379
-12958
-13939
-9511
-2021
-1331
-4126
-4517
-3295
1382
5210
7745
8428
5952
6221
9802
14664
17131
14132
12881
14598
16186
16602
15159
14910
15375
15175
13747
11127
9208
9931
9285
7578
5799
3002
1156
-1175
-734
-904
-2624
-5053
-7452
-7783
-8455
-8257
-7835
-6354
-6896
-9303
-10807
-8608
-4887
-2397
-3133
-5470
-4921
-3948
759
2813
4565
3830
1648
3841
6027
10334
10312
9532
9064
8845
9944
10000
9887
10760
10408
8733
6971
4903
5550
4761
5451
4053
539
-1738
-4155
-3095
-2947
-3994
-5807
-9507
-10922
-11597
-12010
-11176
-12486
-14193
-15808
-17124
-16716
-16565
-17210
-15241
-15047
-15469
-16469
-15679
-8309
-7635
-12462
-14776
-10212
-2258
-1477
-5264
-4178
-2876
1020
5188
6318
9898
6216
6181
9847
14633
18907
14387
12821
15600
17193
17759
15716
14817
17073
15983
15029
11318
9464
11393
9874
8232
5972
3694
1397
-756
-929
-115
-2762
-5158
-7257
-8574
-8277
-8820
-7853
-7367
-7874
-9468
-10645
-9045
-5128
-3674
-3760
-5347
-5453
-2818
-762
2520
3328
3859
3290
3545
6269
8818
10729
10075
9641
9913
9932
9865
10218
10884
11511
9365
7023
5314
5002
6259
5165
4073
556
-1790
-2629
-3980
-3279
-4832
-6440
-8597
-11764
-11696
-12339
-12730
-12599
-14842
-15568
-17345
-18611
-17447
-17216
-15080
-15353
-17493
-17442
-16024
-10201
-7208
-11001
-14505
-12971
-5755
-1159
-2642
-3906
-3450
-1028
3176
6661
9041
8417
6635
8787
13072
16473
16445
14005
15602
17738
17219
15968
14981
16626
17260
15426
12917
10174
9823
10125
8472
7015
4848
2382
-234
-1758
-1511
-2060
-3888
-6262
-7899
-9428
-9431
-9101
-7642
-6891
-8496
-10227
-10676
-7796
-4115
-3175
-4113
-5187
-4842
-1431
710
3843
4543
3836
4243
4429
8081
10122
11221
10897
10024
10224
10584
10503
11313
11641
11108
9274
6409
6231
5902
6713
5388
2596
236
-1628
-2413
-2981
-3584
-5262
-7500
-10179
-10852
-11388
-12002
-12773
-13937
-14860
-15454
-16712
-17664
-17300
-16095
-15155
-16253
-16788
-17656
-16278
-12669
-8507
-6301
-11080
-15740
-12240
-3564
2797
577
-4290
-3978
-1207
5121
9440
11004
10307
6675
8164
12490
17341
18343
15510
15283
16540
16294
15403
14996
16101
17276
15219
12081
8316
7723
8736
8436
7277
4267
830
-2945
-3284
-2182
-1389
-3396
-6999
-8942
-10739
-9199
-8215
-6740
-5032
-8106
-10662
-10273
-7534
-2267
-1601
-3031
-3352
-4878
-779
1612
5043
7334
4406
5276
4376
8346
11362
10928
12102
10085
10035
9849
9032
10901
11127
10298
8480
4684
5134
4287
4582
4102
1040
8
-3605
-4120
-4861
-5376
-5900
-8695
-10330
-12304
-13061
-13306
-13489
-13369
-15099
-16548
-16988
-17236
-16161
-16370
-16012
-15470
-15816
-15473
-14964
-11968
-7443
-7257
-11175
-13230
-8114
-777
1134
-1000
-2910
-1381
2114
6942
9868
10851
8818
7481
10591
15150
18513
16040
14467
15543
16832
16597
14870
14787
15602
15196
13500
9913
7354
8083
7673
7116
4345
1484
-1046
-3199
-2577
-2406
-3152
-5663
-8176
-9546
-9546
-8435
-6853
-6489
-7541
-9131
-9076
-6428
-4488
-2300
-2156
-2557
-1952
-1166
1498
3898
5788
6619
5955
6211
8123
9069
11199
11793
11712
10862
8641
9893
9476
10787
10313
7556
6026
3768
3856
3435
2553
1587
-1268
-3728
-4758
-6328
-6637
-7779
-8838
-10318
-12786
-13595
-14975
-14692
-14057
-14486
-16612
-18726
-18575
-17453
-15329
-14782
-15386
-16383
-15664
-11625
-8011
-7690
-11860
-12460
-7132
-1178
432
-2569
-3021
-941
3268
7524
9745
9493
7695
8186
12143
16510
17816
15593
14403
16078
17396
17085
15576
15826
15994
15316
12940
10019
8748
9020
8632
6749
4249
1472
-973
-2587
-1686
-2004
-3360
-6936
-8858
-9266
-9271
-8339
-8152
-7041
-7890
-9606
-9683
-7334
-4520
-2063
-3245
-2754
-3319
-1668
1510
3207
7364
5340
5548
4945
7288
11014
11498
12414
10730
10271
10013
9983
10695
11748
10436
8739
5337
4993
5036
4280
4259
1458
-166
-3245
-4586
-5043
-5227
-5820
-8432
-11536
-12916
-13181
-13286
-13619
-14796
-15758
-17429
-18694
-18254
-16858
-16686
-15805
-17239
-16471
-16423
-14702
-8536
-8363
-10874
-14870
-10767
-2926
-740
-1671
-3558
-2691
905
4872
8281
10308
8454
7934
9615
14290
18005
16241
15226
16324
17354
17353
15610
15710
17158
16842
15542
11148
9140
9889
9674
8755
6273
3965
739
-1907
-1805
-1185
-1852
-4610
-7495
-9282
-9523
-8470
-7953
-6530
-7259
-9838
-10370
-8884
-5373
-2828
-3807
-4159
-4453
-3218
297
1849
5284
4626
3697
4442
5751
10061
10623
10787
9985
9284
10398
10491
10287
10898
10203
9160
7087
5597
5885
4811
4758
2688
694
-1289
-3260
-3636
-4474
-4559
-6679
-10011
-11912
-12343
-11777
-12059
-13821
-16034
-17766
-17696
-16855
-16706
-16304
-16496
-17678
-18144
-16341
-12042
-8526
-10850
-15358
-14822
-9061
-2328
-2480
-4524
-4838
-3763
899
4455
8466
8641
6345
6847
10046
14862
16526
15128
15328
17091
17147
16058
14638
16779
18712
17771
14612
10400
9622
10910
11017
9749
7022
3541
598
-1201
70
15
-1685
-4944
-7744
-8427
-8688
-8252
-7349
-6311
-7744
-9788
-10839
-8385
-5096
-3438
-3860
-4985
-4857
-3515
-691
2152
4714
4242
3434
3109
5850
8976
10474
11196
9499
9558
9012
9781
10646
11295
11066
8571
6503
5378
5866
5917
5347
2950
651
-1523
-2562
-3132
-3658
-4553
-6853
-9115
-11428
-12007
-12267
-12058
-13489
-15020
-16757
-18072
-17725
-17225
-16030
-15939
-16951
-17566
-16956
-13729
-8966
-10490
-14379
-14781
-9109
-3351
-3693
-5129
-4841
-2575
1217
4521
6415
7825
6179
7828
10742
15029
16594
13756
14941
16781
18200
16651
15475
16321
17802
17275
14979
11530
10396
11696
10585
9289
6342
3783
1568
242
484
-511
-2655
-5292
-7210
-7881
-8174
-8261
-8233
-7436
-8077
-10165
-10041
-8086
-5506
-4097
-5315
-5300
-4665
-3000
136
821
4111
3311
3280
4731
5781
9929
9170
10604
10319
9766
10430
9861
10814
11615
10970
9412
7194
6002
6590
5483
6214
3358
782
-951
-2736
-2042
-3436
-4041
-6747
-9712
-10644
-11333
-11335
-11832
-13623
-14658
-17057
-17430
-16676
-17303
-15506
-16845
-16644
-16965
-17652
-14088
-11310
-7937
-11966
-16332
-11932
-6302
-1494
-3588
-5291
-3509
-2288
2954
5885
8028
8190
5947
8408
11815
15898
15887
13787
15699
16830
16385
15037
15120
16974
17508
15665
12343
9628
9905
10723
9784
7829
4846
1870
-120
-481
-30
-961
-3647
-6153
-8374
-8536
-8045
-7302
-6571
-7676
-9471
-10660
-8787
-5982
-3701
-4100
-5384
-5473
-3827
-568
1312
3315
3729
3146
3943
5576
8567
9922
10126
10477
9621
10170
10128
10760
11493
11504
10506
7554
6466
6068
6944
6390
4464
1685
-942
-1502
-2090
-2521
-3702
-6088
-8441
-10586
-11060
-10879
-11929
-12396
-14539
-15904
-17655
-17385
-16393
-16396
-15314
-17334
-17377
-17680
-15256
-10237
-8996
-11525
-15720
-13384
-6156
-2624
-2816
-4841
-4562
-1462
1603
6264
7883
7798
6714
7653
12041
15464
16027
14511
15588
16948
16861
15300
15520
16967
17655
16269
12921
10246
9742
10529
9893
8320
5168
2222
-527
-861
-213
-1112
-3388
-6682
-8235
-9049
-8772
-8462
-7540
-7173
-9510
-11116
-10297
-7527
-4244
-4365
-5367
-5554
-5093
-1760
-150
2819
4159
3016
3746
3922
7933
9770
9999
10613
9314
10296
10080
10057
11209
11642
11265
8439
6279
6152
6622
6899
4877
2423
144
-1435
-2345
-2783
-2899
-4764
-7817
-10613
-10947
-10667
-10979
-12785
-13798
-15144
-16452
-16861
-18170
-15485
-14825
-16293
-17363
-18301
-14651
-11794
-9493
-8668
-14349
-13832
-9105
-3669
114
-4601
-3968
-3404
202
6813
6930
8469
6705
6938
10787
13376
16406
15326
14265
16559
16267
15416
15375
15652
17476
16449
13818
11069
8421
9982
10483
8630
6256
2328
475
-935
-790
-882
-2442
-5180
-8011
-8788
-9037
-8053
-7969
-6694
-7679
-10740
-10799
-8947
-5015
-2223
-4618
-5671
-5766
-3641
1475
1933
5316
3298
2332
4522
6131
11516
10248
10675
9425
8911
10966
10803
11170
11650
11212
9332
7018
5722
7097
6636
6357
3003
272
-1259
-2157
-2104
-3434
-3747
-6958
-9584
-11841
-11584
-10830
-11666
-13022
-15739
-17700
-17719
-17345
-16223
-14741
-16695
-17696
-18659
-16106
-11778
-9637
-9812
-14588
-14474
-9162
-4321
-2186
-4375
-4594
-2709
-296
4587
6561
7465
7292
7019
10202
13264
15074
14571
14584
16525
16586
14855
14680
15562
17016
16843
13998
11005
8975
9758
10082
8701
6374
3121
588
-776
-572
-1217
-2717
-5148
-7187
-8351
-9041
-8686
-8563
-7032
-7604
-9726
-10425
-9395
-5908
-3155
-3846
-4814
-5533
-3675
157
1946
5129
3703
3206
4051
6126
10823
10646
11011
9563
9362
11095
11174
11496
11739
11131
10076
7558
6544
7386
6679
6545
3562
1016
-293
-1406
-1648
-2812
-4106
-5961
-8775
-10238
-10881
-11375
-11696
-13416
-14467
-16443
-17456
-17826
-17110
-15173
-15515
-17344
-18416
-16933
-12665
-9170
-10413
-14879
-15359
-9033
-4268
-2777
-5355
-5397
-3574
-262
5020
6139
7190
5303
6657
10326
14013
15573
13374
14108
16181
16697
15187
14938
15857
17171
16310
14106
10950
9556
10426
10175
9157
6198
3142
561
-279
281
-619
-2704
-5442
-7479
-8205
-8463
-7757
-7914
-7377
-8509
-10703
-9738
-7999
-5488
-4066
-5265
-5760
-5114
-3199
403
1304
3607
2840
2512
4544
5864
10136
9641
10459
9680
8882
10462
10766
12008
11957
11321
8960
7116
7033
8319
7853
6558
3566
739
375
-121
-222
-1775
-3728
-6066
-8211
-9206
-9490
-9999
-11378
-12606
-14453
-16162
-16522
-16289
-15802
-15641
-15947
-17499
-17729
-16566
-12954
-9064
-10184
-14905
-16612
-10123
-4196
-2356
-5449
-6488
-4765
-1429
3910
5710
7364
5224
5473
8305
12543
15491
13771
13982
15318
16006
14772
14126
15526
17237
16777
14559
10479
8974
10072
10447
9848
6879
3712
549
-922
15
-158
-1825
-4556
-7495
-8312
-9026
-8528
-7992
-7516
-7761
-9845
-10671
-9573
-7005
-4347
-3889
-5134
-5350
-5112
-1629
726
3546
4472
2594
3595
4197
8359
10523
10921
10793
9287
10011
10415
11270
12545
12467
10789
8369
6511
7437
7972
7692
5906
2225
536
-666
-532
-645
-2295
-4408
-7002
-8961
-9647
-9929
-10510
-11483
-13701
-14557
-16299
-16809
-16201
-16334
-14898
-16167
-17020
-17244
-16017
-11094
-9116
-11587
-14751
-13730
-7312
-3984
-4103
-5091
-5137
-2061
640
4188
6308
6664
6000
7083
10805
14292
14533
13229
14754
16340
16429
14630
14628
16000
16846
15611
12946
10327
9749
10182
9298
8129
5392
2953
-6
-586
-381
-1162
-3169
-6005
-7388
-8763
-8641
-8596
-7672
-7329
-9485
-11052
-10225
-7893
-5046
-4856
-6293
-6191
-5507
-2411
-496
1591
2632
1716
2512
3665
7074
8747
8936
9140
8813
9239
9911
10303
11076
11470
10090
8272
6754
7624
7824
7388
5669
3024
1381
157
181
-249
-1264
-3762
-6341
-7351
-7553
-8521
-9747
-10784
-11389
-13064
-14615
-15109
-14795
-14032
-15149
-15773
-15932
-15435
-14851
-12718
-8621
-9043
-14498
-15126
-9766
-2878
-2256
-6219
-6293
-5259
54
3617
5468
6827
4620
4941
7542
12501
15881
13681
12856
14404
14853
15348
14136
15520
17092
15983
14067
9744
9088
10871
10999
9725
6357
3150
711
-588
255
865
-1496
-4919
-8155
-9066
-7676
-7905
-7529
-8495
-8979
-8424
-10311
-10068
-7415
-5235
-3333
-5037
-6394
-4695
-3916
1219
3361
4343
3545
398
3766
6844
11574
11858
8507
8629
8510
10138
11799
11599
12173
9786
7548
7200
6437
8635
6959
5285
2956
369
361
-1389
-564
-1353
-3866
-6558
-8855
-8908
-8505
-9455
-10559
-12350
-13873
-14606
-15450
-14428
-14911
-14835
-15371
-15580
-15426
-15261
-13406
-9578
-7254
-11989
-14984
-12342
-4594
-911
-3198
-5266
-5268
-2074
2333
6280
7738
6854
4478
6796
10981
15345
15214
12722
14384
15129
14808
13737
14484
16360
16570
13886
10480
7812
9182
10500
9279
7025
2953
374
-1349
-490
221
-1337
-4751
-7369
-8574
-8433
-7756
-7789
-7652
-8517
-9611
-10431
-9033
-6863
-4953
-4913
-5046
-4820
-4302
-2021
-60
2668
3580
3001
3297
4476
7008
8920
9487
9705
9471
9252
9444
9986
10943
11179
9982
8308
7176
6996
6638
5910
4998
3313
1479
109
-963
-1836
-2275
-4123
-5803
-7515
-8303
-8504
-10431
-10875
-11575
-12208
-12884
-13974
-14469
-14604
-14689
-14627
-13856
-13740
-14105
-14688
-12601
-8029
-6893
-11136
-13599
-9427
-2610
-35
-2871
-4497
-3609
269
4845
6965
8196
6191
5308
8275
12490
16152
14186
12241
13647
14680
15186
13809
13927
15326
14107
12272
9706
7959
8961
8640
7515
5116
1724
-188
-1597
-835
-809
-2888
-5654
-7611
-7725
-7863
-7893
-7934
-7590
-7897
-8618
-8359
-7786
-6747
-4710
-3581
-2550
-2911
-3628
-1620
663
4666
5236
4294
4311
4397
7336
8929
10818
10724
8764
8718
8450
9487
10751
9912
9318
7270
5843
5194
3803
4953
3933
2560
-43
-2533
-2472
-3776
-3197
-4500
-6383
-8156
-10208
-9965
-10579
-10168
-10987
-12459
-12976
-14320
-13634
-13470
-13386
-13076
-14533
-12823
-13023
-12739
-10726
-10052
-5445
-8562
-10962
-8337
-5333
881
-1389
-2575
-1496
-895
4590
6017
7751
8825
5769
8429
10657
14008
15718
11835
13537
13735
14260
14250
12236
13747
13228
12148
10474
7128
7395
7706
6378
5209
1721
500
-1337
-2080
-1524
-3273
-4366
-6731
-7508
-7285
-7846
-7182
-7459
-7464
-6707
-8605
-7200
-5631
-4247
-1799
-3511
-2378
-1934
-783
2752
3124
5159
4604
3973
6592
6769
9684
9642
8544
9597
7934
9546
9179
8504
9502
7427
6862
5329
3753
4530
2941
2856
715
-1644
-1997
-3824
-3486
-4913
-5679
-7006
-9109
-9781
-10583
-10502
-10426
-11214
-11827
-12633
-13445
-13444
-13003
-11864
-12618
-13326
-13731
-12210
-11372
-10840
-9270
-6881
-4714
-8197
-10134
-6590
-594
2282
-249
-2214
-748
1376
6149
8199
9254
8853
6253
8654
11300
15502
14884
12389
13110
13552
13126
12097
12035
13339
13157
10709
8195
5196
6639
6858
6072
4131
893
-951
-3198
-1989
-1463
-2419
-4780
-7157
-7257
-7049
-6983
-6532
-5980
-6018
-5968
-7396
-6281
-4094
-2296
-558
-1354
-1015
-1261
388
3012
5546
6315
5195
4341
5639
8109
9047
10409
7933
8543
7741
7927
8446
7179
8254
6085
5317
3582
2824
2365
1611
579
-391
-2617
-3714
-5327
-5906
-5236
-7438
-7766
-10627
-9819
-10738
-11344
-10628
-12126
-11013
-12517
-13553
-13054
-13155
-12037
-11923
-12995
-11957
-12627
-11100
-10195
-8898
-5672
-5070
-6115
-8795
-6153
-842
2195
1281
-681
-234
1580
5808
8764
9763
9228
6796
8125
11097
14578
15331
12161
12548
12567
12527
12411
11587
12812
12112
10129
8458
5511
5843
6608
5631
4936
1402
-438
-2104
-2185
-441
-1649
-3211
-5803
-6716
-6007
-5480
-4683
-4542
-4778
-4816
-5306
-4998
-3026
-1381
692
253
-55
-222
590
3699
5627
7378
5737
4680
4899
6994
9386
9820
8793
7065
6510
6471
7220
6846
7044
4998
3809
2046
1126
1029
3
382
-2106
-3646
-6116
-6642
-5951
-6535
-7149
-9395
-10445
-10602
-11208
-11031
-10973
-11169
-11189
-12764
-12776
-12665
-12590
-11054
-11734
-11437
-11487
-12075
-9999
-10269
-7976
-6549
-5037
-3184
-6987
-7140
-4051
908
3793
1077
-900
49
2021
7574
9171
9051
7871
5106
8622
11019
14188
13013
10571
11641
11464
10884
10378
10702
11947
11342
8357
6263
4143
5882
6856
6024
4052
655
-1154
-1528
-113
612
-545
-3213
-4627
-5061
-4546
-3294
-2685
-1966
-2861
-4647
-4154
-2579
365
1549
1034
525
-73
1432
3300
5425
6365
5687
4633
4903
6030
7540
8039
7669
7373
5895
5382
5017
5316
5920
4995
3415
1245
147
297
-13
-577
-1493
-3609
-5451
-6364
-6657
-5624
-6565
-7965
-9547
-10469
-9744
-10295
-9941
-10029
-10386
-10945
-12242
-12280
-10090
-10140
-9987
-10488
-12075
-9895
-10572
-8718
-7563
-8312
-6213
-6601
-3680
-2444
-6305
-4759
-2195
1743
3598
-1808
-102
646
3763
8576
6055
8034
4727
5001
9251
10362
13683
9984
8364
10085
9703
10688
10202
9643
10604
8433
7308
6215
4928
7276
6044
5272
3306
600
616
77
1745
1564
-600
-2008
-3496
-2969
-1926
-1223
-391
-1152
-2210
-3475
-2584
514
2051
2465
686
-319
914
2294
5058
5642
5201
4205
2763
4469
5904
7129
6629
4948
4495
3555
3360
4056
3923
3994
2336
-123
-506
-947
-140
-1084
-2400
-3515
-5466
-5515
-5982
-5812
-5748
-7184
-8356
-9465
-9261
-8374
-8576
-8753
-9914
-10050
-10071
-9476
-8866
-9438
-8817
-9259
-9069
-8995
-9074
-7860
-6864
-6805
-6659
-7247
-4971
-2021
-2129
-4330
-6347
-1901
1029
2160
359
-818
565
1870
5835
6541
7059
4641
4490
6847
9667
11470
8478
8158
8895
10339
9249
8029
8816
9547
9623
7890
5604
4786
6243
6560
6180
4104
2196
1073
844
2139
2123
950
-834
-1676
-1421
-1438
-759
-247
-303
-292
-2457
-1881
-258
1366
2927
1003
976
185
1417
3581
3884
5039
3289
2389
2693
3406
5163
4739
4000
3257
2034
2082
1802
2305
2655
1642
248
-1799
-2009
-1424
-1451
-1799
-3462
-4760
-5682
-6323
-5323
-5470
-5763
-7203
-8803
-7970
-8072
-7515
-7865
-8394
-7644
-8565
-8815
-8558
-8262
-7218
-7348
-8443
-8151
-8135
-7512
-6540
-7227
-4832
-5850
-4688
-2442
-4741
-4658
-5120
-607
1754
-16
-1781
-1838
486
4481
5887
4951
5272
2954
6078
7058
10311
11229
7708
8901
8306
9786
9862
9251
10185
9942
8739
7908
5436
6813
8071
7434
6199
2971
2712
1830
2983
3287
2293
434
-1468
-1668
-962
-23
-608
-1825
-2260
-1961
-1618
-688
-1630
-277
-148
-119
714
-667
868
568
1751
3211
1860
2176
530
1583
3213
3164
3925
1230
1253
1747
1473
2408
1452
1235
230
-906
-551
-1035
-1647
-2132
-3382
-3227
-3989
-4867
-5480
-5846
-4749
-5792
-6682
-7311
-7387
-7006
-7041
-6790
-6839
-7545
-7997
-7754
-7365
-6840
-7401
-7457
-7749
-7282
-7197
-7021
-7109
-6591
-5233
-4591
-2959
-3676
-5464
-6584
-2417
808
2027
-770
-2853
-787
963
6675
5790
6189
4224
3624
7015
8784
12751
10581
8735
8751
9521
10249
10628
10662
11405
10104
8715
7347
6209
8551
8554
8073
5464
3118
2475
2398
3470
3711
1855
-140
-2426
-2299
-875
-212
385
-1926
-2828
-3929
-3161
-738
-201
67
-1157
-2985
-1704
-876
1125
1835
477
1097
-1111
439
1424
2496
3589
1671
1277
427
913
2349
2149
1952
1358
-800
-775
-1311
60
-398
-1696
-2509
-4315
-3508
-4403
-3667
-4111
-4526
-5332
-6898
-6258
-5867
-5111
-5868
-6952
-7074
-7691
-6700
-6150
-6574
-6017
-8202
-7999
-8022
-7144
-5913
-7700
-6972
-8064
-7196
-5337
-4016
-2169
-5373
-7830
-5029
-1794
1934
-87
-2568
-1193
-682
4197
4883
6098
6193
3771
5925
7497
10799
11189
9258
9895
10441
10072
10074
9720
11613
12150
10181
8494
6242
7942
8982
8484
7455
4615
3329
2303
2674
3805
2738
970
-1335
-2316
-1956
-1435
-534
-870
-2518
-4062
-3887
-2287
-1340
-1269
-2080
-2617
-2157
-2011
-808
-711
291
335
-223
105
-32
1323
1423
2849
2208
1289
773
648
1878
2084
1917
402
-609
-711
-109
-752
-1009
-1851
-1883
-2965
-3622
-3597
-4172
-3190
-4405
-4590
-5483
-5808
-5666
-6052
-5509
-5643
-6333
-6531
-7233
-6720
-6304
-7298
-6252
-7585
-7457
-7820
-8604
-6479
-6854
-6227
-6060
-6266
-3280
-4573
-6117
-4738
-3006
1398
-120
-1830
-647
-543
3871
5360
6005
6967
3688
5451
7598
10753
13227
9169
9250
9375
10309
11836
10834
11721
11074
9508
8854
7543
8150
9242
7672
6668
4399
3063
2788
2177
3499
2093
1
-1806
-3278
-1830
-1553
-1526
-2281
-4390
-4877
-5128
-3686
-1688
-2621
-3207
-4449
-4196
-1671
-1610
-91
-1270
-1092
-574
-1013
1402
1136
2243
1677
1390
1771
1514
2364
2605
2374
2284
1490
653
983
955
1583
232
-339
-1317
-1998
-1499
-1652
-1695
-2864
-3945
-4529
-4377
-4036
-3786
-5273
-5819
-6151
-6535
-5844
-6566
-6241
-6918
-7867
-6932
-8671
-7982
-8292
-8212
-6428
-8450
-7907
-8917
-7244
-4508
-3597
-3161
-6680
-7355
-3229
95
2372
134
-1698
112
1200
6767
6883
7446
6153
5047
8605
9784
12827
11010
10516
11373
11255
10919
10964
11331
12181
11262
9978
8425
6403
8146
7625
7786
5730
3226
1625
891
2101
1753
195
-2066
-3497
-4294
-4108
-4014
-3261
-3709
-5548
-6596
-6249
-4915
-3859
-3763
-3683
-3901
-4118
-3721
-2375
-822
52
-151
-994
-398
264
1596
2508
3723
3423
2251
1983
2286
3820
4512
4306
2924
1947
1708
1956
2042
2111
1266
-16
-1201
-1694
-1577
-1977
-2110
-2862
-3792
-4532
-5389
-5619
-5827
-5812
-6198
-7490
-7581
-8935
-8075
-8174
-8728
-8376
-9720
-8755
-9643
-9418
-8628
-8345
-7632
-7462
-7217
-5630
-4545
-3419
-4102
-4970
-1337
-246
2007
682
642
2754
3634
7574
7400
8190
7663
7301
9695
11845
13194
12132
10438
11134
12119
11921
12313
11015
11234
10024
9099
8259
7116
7890
6617
5545
3735
2372
1287
838
409
-297
-1785
-3862
-4657
-5291
-4118
-4558
-5438
-6198
-7415
-6727
-6073
-5109
-4406
-5038
-5147
-5049
-4187
-2081
-1541
-1153
-1225
-1167
79
728
2477
2760
3040
3561
3143
4180
4401
5293
5312
5126
4952
4021
4081
3877
4091
3704
2523
1496
360
-36
359
-531
-1009
-2500
-3473
-4057
-4942
-4191
-5197
-5951
-7008
-8471
-8042
-7905
-7882
-7690
-9176
-9136
-9793
-9593
-8477
-8596
-8212
-9085
-8881
-7561
-6998
-6562
-5213
-4862
-1812
-2368
-3984
-3544
-1365
3749
3665
2819
1430
2038
5077
8356
9470
9645
7228
6699
8833
10992
14278
11508
10522
9708
10089
10804
10399
10707
10295
9160
7567
5973
4884
6387
5361
4896
2244
139
-811
-1653
-711
-1369
-2560
-4825
-6405
-7050
-6169
-5940
-5029
-5820
-6945
-7503
-8020
-5640
-4047
-2688
-3498
-4985
-4771
-2856
-627
1396
1687
978
479
625
3640
4920
6792
5917
4480
4906
4641
6527
6667
6901
6163
4140
3207
3068
3282
3905
2620
1259
-749
-2227
-1392
-2127
-1476
-3393
-4577
-5894
-7187
-6548
-6963
-6476
-7406
-8736
-9144
-9320
-8984
-7935
-8380
-7921
-8720
-8708
-8538
-8153
-6963
-6671
-5272
-6076
-6161
-6426
-4047
-1999
-658
83
-1751
-2545
-906
2748
5110
4756
2660
3081
3237
7103
8615
8673
8764
6528
8093
8292
10717
11144
9808
9911
9029
8148
8216
8174
8660
8377
6265
5281
2732
3286
3478
2794
2173
-427
-1726
-2945
-2967
-2680
-3138
-4381
-5940
-7192
-7024
-6784
-5920
-5078
-5478
-6362
-6730
-5395
-4562
-2796
-2037
-2002
-1826
-1838
-84
1422
2789
3867
3242
3392
4083
4723
6400
7014
7607
6411
5655
6100
5852
6665
6253
5474
4113
2726
2378
2158
1857
1497
-437
-1883
-2690
-3066
-2914
-4082
-4258
-5576
-6241
-6861
-7424
-6933
-6864
-6950
-7604
-8142
-7779
-7508
-7549
-6170
-6613
-5629
-6374
-6618
-5168
-6012
-4056
-3748
-3551
-3127
-4772
-3765
-1692
-694
1619
-11
-466
-943
-1272
3479
4069
4884
2595
880
3163
4834
7152
7331
6202
5686
5214
5886
8239
8195
8494
7129
6116
6028
5326
6172
6078
5908
4863
2971
1214
1346
1703
1997
903
-809
-2216
-3609
-2948
-2752
-2265
-3132
-4671
-5594
-6022
-4398
-3474
-2841
-2748
-4442
-4582
-3605
-1654
870
246
4
-626
-452
2507
3017
4604
3884
2890
3823
3319
5770
5675
5627
5694
3977
4515
3897
3927
4552
3455
3231
1697
339
941
-4
908
-217
-1738
-2387
-3943
-2888
-3264
-3223
-3571
-5350
-5477
-5579
-5385
-4277
-5131
-5118
-5652
-6256
-4525
-5019
-3938
-4085
-4645
-3869
-4455
-3365
-3778
-3673
-2996
-3094
-2119
-3165
-3714
-3438
-2063
-105
-439
-706
-2102
-2531
-687
811
2449
1297
-449
-240
-2
3215
4028
3684
3638
2014
3377
3519
5206
6068
5028
5280
4112
3746
4116
4478
5223
4838
3396
2535
1284
2129
2645
2427
2090
283
-470
-1047
-329
313
132
-565
-1721
-2529
-2159
-1278
-591
-170
-619
-1592
-2417
-1129
389
1641
1531
223
-37
295
1733
2943
3185
2792
1768
1383
2283
3325
3837
3568
2851
2212
1833
2137
2703
2764
2623
1312
385
280
165
865
304
62
-1170
-2139
-1804
-1909
-1390
-1604
-2189
-3044
-3483
-3427
-2858
-2619
-2265
-3241
-3801
-3839
-3532
-2423
-2750
-2194
-3611
-3679
-3424
-2869
-2627
-3107
-3119
-3899
-3554
-3994
-3333
-4083
-3773
-4081
-3180
-2876
-3424
-2884
-3938
-2606
-2698
-1635
-1498
-1882
-2032
-1227
-334
975
1410
1010
1737
894
2841
2779
4443
4550
3920
4295
3572
4596
4635
5417
5180
4788
3962
4012
3803
4481
4520
4062
3503
2199
2305
2016
2651
2329
1757
720
-155
-450
-46
274
304
-387
-1022
-974
-1358
-224
-299
-192
-135
-976
-394
-432
-77
1016
540
1481
651
497
1326
1121
2995
2298
2659
1925
1251
2271
2217
2785
2467
1683
1308
897
888
1605
1094
1262
72
-233
-406
-544
196
-583
-149
-1365
-1520
-1744
-1819
-1270
-1646
-1826
-2630
-2928
-2958
-2813
-2729
-2405
-3074
-3281
-4163
-4161
-3962
-4390
-4022
-5110
-5016
-5923
-5977
-5171
-5405
-5563
-6013
-5689
-5020
-5062
-4661
-3922
-4564
-3886
-3872
-2675
-1683
-2228
-1297
-1600
227
1252
965
2199
1987
2889
3825
4337
5569
4889
5140
5712
5692
6764
6399
6241
6221
5891
6345
5628
5418
5456
4705
4579
3897
3376
3025
2346
2163
1630
861
76
-861
-483
-72
-506
-685
-1725
-2431
-2412
-1701
-636
-503
-1433
-2347
-2192
-935
602
612
269
-479
-446
552
1686
2608
1855
1473
1345
1672
2474
2655
2587
2384
2318
2190
1895
2056
2338
2488
2390
1595
1234
895
1360
1531
841
765
-251
-412
-468
-1025
-762
-1466
-1881
-2314
-3304
-2924
-3278
-3468
-3530
-4932
-4996
-5526
-5233
-4891
-6241
-6553
-7582
-7172
-5762
-6162
-7011
-8540
-8320
-6456
-5317
-5029
-6116
-6553
-5780
-4740
-3630
-3123
-2999
-2940
-2518
-1380
-602
236
1055
1797
2892
2816
3233
3418
4948
6728
6571
6463
5357
6084
7078
7719
8056
6970
6558
6153
6044
6528
6352
5831
5022
3973
3765
3153
3187
2816
2007
1449
144
-156
-295
53
14
-858
-1305
-1941
-1983
-1577
-1197
-879
-1074
-1476
-1832
-1382
-597
186
320
236
-14
-242
739
1597
2370
2072
1804
1759
2061
2951
3341
3218
3074
3035
2676
3108
3057
3385
3010
2558
2532
1871
2099
1780
1346
1170
582
147
-455
-1117
-978
-1747
-2248
-2646
-3725
-3574
-4312
-4689
-4790
-5953
-5551
-6696
-6536
-5986
-7261
-7152
-8644
-7820
-7058
-7327
-7558
-8714
-8617
-7756
-6939
-5742
-5807
-6774
-6135
-6394
-3882
-3265
-2751
-2588
-3255
-1483
-1171
595
1297
2236
2529
2901
3050
4132
5265
6595
7272
6138
6957
6128
7609
8016
8651
8777
7218
7208
6534
7203
7605
7141
6230
5195
4134
4212
3867
3991
3342
1864
1156
13
210
213
94
-554
-1679
-1817
-1900
-2382
-2363
-2251
-1662
-1427
-2338
-2563
-2355
-1373
-243
-77
48
-780
-1012
274
1510
2986
2221
1445
1454
1803
3434
3590
3736
3467
2852
3135
3127
3449
3714
3374
3167
2253
1751
1729
1419
1556
887
341
-610
-1564
-1734
-2157
-2338
-2689
-3619
-4516
-5002
-5640
-5211
-5523
-5597
-6517
-7873
-7227
-7828
-6449
-7088
-8036
-8332
-9240
-7440
-7160
-7277
-7633
-8441
-7524
-5884
-5899
-4640
-5754
-5049
-4044
-3837
-1074
-2484
-1070
-1253
-85
1461
1665
2762
2944
4088
4520
5609
5384
7070
6674
7976
8199
7745
8530
7811
9290
8734
8956
8331
7728
7282
7447
7240
6857
5910
4608
4298
3333
3714
2644
1842
886
-317
-528
-739
-981
-1429
-2485
-2951
-3364
-3456
-2820
-2912
-2932
-3241
-3655
-3040
-2399
-1736
-949
-1766
-1030
-1515
-249
878
1036
2224
903
1996
1831
2828
3731
3386
3898
3356
3420
3652
3852
4155
4010
3292
3193
2163
2444
2243
1972
1764
202
-72
-1189
-1169
-1409
-2341
-2753
-3892
-4484
-5074
-5218
-5553
-5767
-6563
-7124
-7671
-8096
-7400
-7878
-7239
-8487
-8829
-8763
-8870
-6803
-7617
-7529
-7997
-8051
-6075
-5862
-5288
-4810
-4830
-3106
-3119
-2205
-1123
-1419
878
765
2156
2621
2101
4199
4555
6578
6753
6015
6923
7089
9017
9585
9167
9284
8504
9142
9419
9144
9410
8476
7944
7512
6501
6625
5566
5313
4595
3025
2678
1092
1045
222
-342
-965
-2315
-2785
-3449
-3503
-3824
-3926
-4322
-3860
-4482
-4893
-4869
-3926
-2424
-2259
-2713
-3490
-2401
-1456
841
838
945
570
505
2443
3064
5187
4021
3938
3547
3982
5414
5130
5511
4964
4662
3976
3479
3318
3985
3404
2815
1081
345
-108
-365
6
-1536
-1928
-4053
-4497
-4736
-5237
-4805
-6031
-6824
-7684
-8368
-7899
-7971
-7619
-7745
-8745
-8828
-9405
-8278
-7060
-7219
-7409
-8355
-8522
-6547
-5930
-4611
-5102
-6312
-5080
-4440
-1927
-1559
-1370
-1381
-1676
-283
1409
2552
3100
2362
2445
4132
4694
6141
5915
6724
6880
6834
7436
7888
8852
8504
8721
8168
8220
7680
7522
7623
7290
7149
5778
4851
4281
3871
3991
3383
2112
984
-13
-388
-558
-845
-1299
-2606
-3653
-3582
-3383
-2902
-3765
-4174
-4199
-3721
-2796
-2996
-2383
-2517
-2140
-1346
-343
408
424
146
1058
2055
2890
3751
3080
3747
3363
4380
4932
5064
5507
4336
4770
4117
4265
4353
3997
3625
2536
1790
1452
1018
650
307
-798
-1350
-2723
-2952
-3279
-3826
-4083
-5321
-5501
-6416
-6832
-6742
-7065
-6943
-7345
-7896
-7905
-7787
-7179
-6594
-7136
-7033
-6981
-6545
-5382
-5610
-5062
-5190
-4975
-4129
-3928
-2605
-2593
-2661
-2182
-1521
-476
347
291
762
987
1491
2452
2533
3686
3548
3798
3919
4179
5016
5309
5633
5612
5595
5760
6025
5735
6270
6157
6083
5535
4923
5143
4896
4693
4310
3760
3373
2585
2042
2073
1825
1476
382
-59
-600
-594
-782
-1109
-1642
-2092
-2002
-2164
-1787
-2226
-1874
-1937
-1875
-1461
-756
-904
-816
-824
-257
1045
504
1161
761
1486
1757
2032
2808
2605
2774
2419
2866
3258
3381
3104
3173
2549
2690
2445
2291
2229
1561
1759
750
532
-147
-296
-242
-1106
-1550
-2412
-2686
-3142
-3507
-3346
-4101
-4866
-5334
-5605
-5137
-5357
-5542
-5813
-6342
-6222
-5797
-5324
-5163
-5427
-5550
-5168
-4783
-4390
-4053
-3391
-3734
-3615
-3052
-2432
-1877
-2027
-1319
-1073
-501
-841
-367
414
1243
1556
914
1399
1326
2424
2729
3435
3179
2843
3111
3471
4624
4705
4765
3815
4282
4451
5099
4934
4606
4639
4048
4474
3557
3839
3711
3496
3036
2386
2257
1853
1480
1306
1413
645
279
-676
-432
-217
-685
-711
-1417
-1088
-1575
-1671
-907
-1291
-1372
-1379
-1409
-599
-887
-1066
-200
-479
599
158
30
1068
343
1776
1521
2038
2244
1242
2513
2145
2904
3104
2125
2476
2077
2448
2668
1864
2176
1201
1080
1011
177
616
-464
-618
-1284
-1988
-1894
-2814
-2965
-3283
-3845
-3882
-4749
-4939
-5000
-5120
-4385
-5486
-5219
-5497
-5425
-4654
-4911
-4372
-4781
-4648
-4425
-4058
-3521
-3273
-3524
-3068
-3487
-2585
-2215
-2058
-1092
-2290
-872
-1414
-504
136
102
848
7
799
1126
2149
2465
2507
2164
2853
3027
3774
4212
3997
4521
3870
4837
4622
4922
4698
4670
4771
4383
4395
3924
4040
3670
3749
3197
2889
2254
1814
1928
1699
1184
479
35
-186
-236
-811
-890
-1409
-1670
-1941
-2156
-1656
-1549
-1364
-1741
-2238
-1951
-1481
-481
38
-779
-760
-923
208
1423
1371
1785
611
1018
1744
2780
3587
2743
2878
2627
3178
3467
3292
3387
3100
2768
2826
2181
2006
1729
1304
1404
156
-94
-877
-1104
-1256
-1711
-2074
-3039
-3637
-3834
-3883
-4071
-4221
-5114
-4888
-5305
-5025
-4785
-5182
-4907
-5026
-4869
-4626
-4611
-4410
-4055
-4137
-3657
-3932
-3416
-3460
-3273
-2493
-2424
-2211
-2144
-2084
-1203
-819
-866
29
-473
889
485
900
1254
891
2070
1813
2870
2200
2053
2425
3034
3631
3876
3354
3100
3165
3579
4470
3860
3963
3011
3359
3396
3419
3427
2671
2695
2240
2365
2116
1594
1390
1432
908
641
33
38
-196
-690
-521
-1093
-1170
-1678
-1607
-1410
-1489
-1621
-1924
-1663
-1335
-786
-407
-79
-314
-1223
-738
703
1638
2524
784
210
1141
2161
4511
3531
3275
1988
1957
3989
4520
5520
3592
2286
2120
2592
3686
3287
1870
1566
719
112
-122
-725
-220
-1303
-1692
-2819
-3090
-3195
-3640
-3194
-3653
-4106
-5280
-5537
-4961
-4469
-4457
-4600
-5444
-5290
-5230
-4490
-3763
-4150
-3735
-4341
-3798
-3665
-3230
-2498
-2511
-2389
-2530
-2383
-1561
-1492
-1167
-573
-1113
-365
-857
98
426
584
1136
484
1219
870
1867
1979
2208
1952
2233
2593
2577
3248
2560
3419
2772
3439
3584
3351
3312
2811
3681
3370
3405
2717
2472
2529
2483
2398
2299
1590
1072
1028
992
1128
214
-34
-349
-256
-381
-813
-791
-1086
-1112
-1012
-911
-597
-615
-1115
-929
-634
132
575
-161
302
207
865
1485
1169
2324
1564
1906
1962
2429
3501
2825
3106
2647
2998
2982
2775
2871
2864
2536
2145
1498
1238
1319
814
766
-273
-369
-1027
-1390
-1599
-2005
-1917
-2847
-3248
-3743
-3649
-3651
-4003
-4080
-4381
-4459
-4513
-4327
-3897
-4056
-4022
-4014
-3732
-3590
-3693
-3230
-3041
-2785
-2699
-2685
-2449
-2492
-2407
-1545
-1700
-1503
-1905
-1705
-591
-894
-308
-675
-519
50
140
577
507
-140
785
1277
1720
1806
382
1667
1275
2544
3020
2235
2710
1113
2482
3165
3506
3381
2036
2515
2485
2667
2929
2825
2888
2265
1670
1692
1839
1833
1824
1380
1012
629
76
482
304
546
52
-639
-651
-1193
-386
-544
-285
83
-581
-500
-922
-220
940
747
747
159
207
1188
1140
2134
2070
1637
1662
999
2454
2634
2677
2621
1610
2214
1587
1864
2066
1542
1679
605
141
158
-83
182
-271
-1086
-1416
-2141
-1948
-2013
-2153
-2143
-3092
-3330
-3593
-3445
-3004
-3444
-3353
-3794
-3924
-3521
-3639
-2762
-2872
-2742
-3002
-3187
-2580
-2388
-1630
-1534
-1680
-2032
-2280
-1617
-888
-643
-788
-1856
-1275
-1500
-498
-119
-428
-45
-1650
-195
-504
758
509
-60
335
-300
805
457
1363
856
1084
807
1324
1616
1646
2086
1682
2242
1583
2231
2380
2320
2397
2052
2217
2353
1854
2256
1972
1988
1837
1247
1833
1091
1379
944
959
677
216
430
408
425
-211
-62
-309
73
-288
-288
-57
-458
12
31
1076
1514
96
-320
-89
1035
3078
1387
1056
228
-3
2863
1708
3616
1463
410
1147
487
3867
2063
2193
764
-25
1275
417
908
772
241
-49
-1265
-1808
-716
-1412
-299
-1736
-2192
-2649
-3578
-1929
-2172
-1221
-2395
-3508
-3530
-3469
-2240
-1591
-2144
-2282
-3512
-3148
-2020
-1878
-331
-1837
-2240
-2097
-2370
-342
-914
-795
-367
-1857
-333
-1615
-691
275
-966
631
-1294
-141
-479
-1166
433
205
1214
91
-1291
-813
29
1168
1577
196
-142
-768
-223
1438
1533
1755
568
11
656
1140
2133
2118
1440
1439
1046
1657
1706
1595
2355
1861
2221
1147
761
1496
1419
2200
1460
1081
543
-106
463
863
1213
693
-242
-611
-458
-317
141
386
333
263
-488
-476
71
147
1336
1147
577
316
-723
1037
1425
2049
2003
462
1024
195
1446
2226
2105
2232
471
481
565
890
1720
1024
659
-238
-1196
-593
-491
192
-207
-1412
-1744
-2422
-1790
-1407
-1281
-1406
-2395
-2623
-2664
-2321
-1576
-1785
-1641
-2031
-2492
-1950
-2128
-1204
-932
-967
-986
-1736
-1442
-1054
-255
19
-494
-980
-1341
-714
-192
-259
-327
-1109
-755
-746
-615
-383
-1361
-772
-940
-81
-3
-1246
-1279
-1618
-270
515
86
-353
-1166
-652
397
915
1278
551
103
364
767
1733
1832
1339
1478
1191
1519
1734
1224
1894
1589
1872
1662
877
1157
885
1474
1472
1017
737
39
94
483
632
829
141
-463
-356
-292
282
317
212
489
334
330
88
278
885
1386
1276
723
504
355
1397
1490
2098
1525
784
841
424
1962
1685
1959
950
328
628
395
1129
706
738
144
-405
-652
-350
-169
6
-643
-993
-1217
-1424
-961
-1140
-643
-1200
-1341
-1658
-1568
-1230
-1090
-875
-1091
-1168
-1567
-1277
-1073
-569
-587
-775
-1177
-1268
-896
-668
-117
-770
-980
-1427
-1329
-494
-858
-522
-1368
-1466
-1116
-1447
-614
-1330
-1176
-1200
-1497
-926
-1369
-1090
-1103
-1047
-715
-880
-860
-900
-582
-237
60
-30
-87
-73
-122
500
614
1099
952
503
666
736
1431
1605
1375
1269
945
1032
1328
1469
1746
1217
1034
817
698
1136
999
1036
701
284
437
204
450
597
592
704
-303
-111
149
1067
1805
442
-214
-178
99
2192
1536
1038
1129
-1097
1474
888
2466
2682
-204
1122
-348
1888
2342
1365
1825
238
527
841
283
1854
1127
695
499
-1163
556
-322
556
495
-625
-330
-1702
-1002
-678
-226
-142
-1104
-1631
-1716
-1511
-612
-694
-584
-1207
-1983
-1548
-1815
-476
-718
-957
-1613
-2329
-1678
-1740
-869
-1301
-1466
-2288
-2804
-2330
-1926
-1280
-1657
-2374
-2822
-2738
-2428
-1549
-1803
-1410
-2440
-2470
-2116
-1615
-224
-1318
-743
-1650
-604
-403
-206
639
112
982
83
912
893
1635
1912
1708
1816
1551
2197
1737
2487
2419
2581
2228
1570
2126
2101
2417
2181
1868
1839
1410
1427
1405
1644
1680
1194
926
624
1002
945
1143
887
708
666
166
693
560
985
561
197
277
-9
563
314
405
162
-112
-48
-194
-15
141
63
-163
-477
-446
-96
-128
79
-257
-157
-155
-416
115
-25
372
172
-292
243
2
345
320
-18
459
62
275
339
15
285
-6
-20
323
-25
-74
-464
-639
-239
-542
-507
-1023
-1134
-1416
-1564
-1506
-1594
-1690
-2096
-2287
-2475
-2272
-2636
-2249
-2767
-2376
-2788
-2779
-2289
-2709
-1738
-2907
-1925
-1985
-1804
-1337
-1983
-836
-843
-735
-336
-416
173
524
225
1299
743
1645
1501
1494
2349
1804
2720
2183
2633
2521
2663
2670
2754
2882
2807
2701
2272
2348
2286
2694
2157
2177
1459
1801
1547
1475
1513
925
1372
458
839
498
535
630
152
286
29
-16
-127
-88
-144
40
-311
-449
-477
-416
-78
-393
-393
-609
-510
-300
-375
-205
-291
-328
-432
-312
-68
97
-63
-173
-43
39
120
235
147
35
78
-16
289
117
93
-115
-252
-66
-268
-107
-458
-430
-709
-901
-536
-886
-692
-1254
-1561
-1301
-1556
-1048
-1397
-2071
-1962
-2355
-1963
-1435
-2171
-1706
-2843
-2800
-2106
-2404
-1050
-2376
-2286
-2621
-2672
-1336
-1510
-1057
-1523
-2021
-1539
-1096
-509
121
-563
-204
-370
57
830
767
1241
1003
1249
1548
1670
1769
2108
2110
2510
2239
2281
2351
2196
2602
2498
2586
2165
1968
2051
2087
2074
1961
1470
1582
1160
1338
1302
931
1207
550
721
405
363
478
466
389
164
-161
-31
62
111
334
-217
-14
-391
-76
145
4
40
-247
-104
-131
-27
-63
109
-127
-130
-102
-162
51
-203
-97
-119
-235
-148
-321
-221
-188
-338
-313
-399
-437
-412
-585
-497
-417
-626
-495
-914
-874
-794
-767
-430
-1123
-1140
-1225
-1160
-694
-1014
-1165
-1349
-1768
-1136
-1021
-1123
-1164
-2070
-1373
-1505
-1015
-1023
-1915
-1413
-1928
-1102
-1056
-1265
-1150
-1672
-1314
-1101
-860
-631
-788
-921
-623
-628
-106
-58
-2
365
164
450
424
893
1198
1180
1308
1267
1550
1626
1734
1817
1942
2170
2285
2069
1809
1835
2084
2509
2365
2049
1524
1351
1742
2059
2128
1602
1113
715
947
1302
1339
1146
553
227
203
348
602
511
149
-10
-345
-238
-151
-76
170
-350
-450
-549
-615
-244
-424
-253
-336
-600
-488
-750
-505
-293
-303
-197
-564
-736
-571
-510
-16
-85
-428
-578
-843
-354
-158
29
-203
-783
-695
-579
-173
25
-361
-444
-956
-887
-342
-284
204
-640
-1032
-1199
-1077
12
-31
-377
-1170
-1697
-1099
-479
-282
-343
-1263
-1362
-1408
-1134
-485
-752
-815
-1255
-1397
-1205
-938
-940
-500
-777
-860
-1013
-1235
-298
-413
78
-325
-669
-318
-40
604
442
236
188
647
877
977
862
870
1164
1391
1581
1259
1110
1148
1615
1966
1840
1378
965
1223
1544
1973
1717
1303
885
818
1223
1375
1530
1005
835
511
559
672
801
954
460
324
-58
131
186
302
245
17
-269
-447
-340
-330
-46
-317
-317
-774
-776
-569
-539
-333
-568
-660
-910
-775
-626
-302
-427
-648
-762
-842
-397
-359
-156
-393
-667
-632
-543
-96
-27
-170
-561
-528
-523
-213
130
-131
-132
-819
-614
-187
-125
153
-530
-707
-539
-721
19
-357
-720
-548
-1200
-170
-806
-670
-658
-1234
-341
-1176
-579
-991
-1089
-769
-989
-541
-834
-857
-901
-740
-586
-400
-577
-270
-384
-192
-130
-150
384
165
564
312
468
725
742
1102
976
993
1249
1264
1453
1521
1178
1549
1383
1880
1975
1446
1573
1007
1698
1857
1785
1711
903
1157
1015
1450
1501
1155
898
411
630
685
803
470
322
135
15
-42
-189
-124
-256
-288
-453
-546
-841
-769
-700
-434
-566
-971
-1024
-1123
-555
-618
-543
-773
-1050
-800
-743
-130
-409
-613
-666
-522
-64
-370
-168
-278
-177
-111
-157
-11
-173
-197
-44
187
-43
-22
-469
-40
-8
-36
160
-517
-145
-384
-213
-112
-491
-376
-282
-661
-295
-836
-644
-316
-1068
-79
-1277
-590
-906
-1122
-145
-1258
-475
-1216
-871
-491
-937
-566
-766
-634
-358
-468
-274
-270
-382
259
101
502
290
327
710
599
1062
1111
1257
1236
1063
1269
1585
1512
1890
1603
1636
1499
1097
1810
1628
1951
1424
901
1047
786
1319
1120
920
606
-1
139
105
233
308
-255
-321
-826
-859
-595
-805
-354
-919
-1059
-1406
-1560
-912
-950
-724
-1184
-1407
-1338
-1271
-867
-666
-646
-774
-955
-891
-580
-345
-85
-93
-174
-297
-294
100
309
421
299
115
231
102
509
482
295
346
96
507
230
-218
171
132
425
194
-809
-160
-561
116
259
-691
-400
-1469
-522
-207
-161
-371
-1399
-1305
-863
-265
-261
-699
-1385
-884
-820
-270
-388
-690
-478
-655
-198
-154
-29
-133
-57
81
681
562
405
354
501
1165
1107
1294
1139
1077
1026
1273
1624
1889
1734
1340
1331
1281
1660
1780
1708
1598
1114
1108
1096
1100
1378
934
948
525
296
469
174
420
108
52
-167
-561
-582
-581
-410
-476
-673
-953
-1058
-1145
-1021
-796
-748
-862
-1146
-1266
-1119
-802
-619
-559
-788
-912
-735
-685
-349
-251
-149
-171
-474
-271
-172
176
203
57
136
-118
-53
-1
242
605
22
-299
-397
-136
636
-125
-197
-682
-756
73
-473
81
-829
-1073
-726
-952
-55
-622
-852
-1110
-1287
-565
-507
-704
-730
-949
-704
-579
-777
-192
-335
-279
-203
-379
183
-17
182
419
380
668
476
602
727
825
1055
1101
1161
1045
866
1096
1260
1536
1378
1079
1011
799
1424
1287
1475
1013
538
872
619
1314
953
837
425
-76
478
486
738
439
-53
-144
-342
-89
196
115
-129
-652
-643
-503
-297
-327
-430
-531
-765
-674
-703
-512
-561
-538
-523
-590
-663
-712
-540
-377
-396
-385
-352
-500
-481
-542
-148
-86
-110
-310
-454
-284
-298
-63
-35
54
-335
-321
-491
-168
70
-69
46
-672
-387
-516
-131
-44
-375
-278
-595
-530
-646
-378
-274
-172
-598
-580
-708
-690
-391
-393
16
-398
-540
-778
-517
-208
199
267
14
-241
-557
11
277
888
712
380
83
-5
585
997
1259
903
722
529
666
880
1024
1277
1166
977
855
601
660
892
1152
1482
909
454
187
332
1019
1059
961
434
-142
-28
232
618
723
207
-65
-335
-331
37
68
206
-134
-447
-464
-519
-293
-170
-224
-261
-520
-585
-458
-550
-328
-332
-160
-301
-654
-693
-643
-104
-43
-83
-361
-670
-600
-412
23
189
-47
-395
-693
-574
-88
190
243
-179
-550
-566
-356
62
212
105
-243
-563
-535
-205
118
85
-152
-392
-392
-339
-278
-114
-21
-15
-257
-409
-512
-310
-61
112
179
-249
-406
-550
-111
344
270
305
-232
-251
-158
72
684
519
458
-22
-198
229
484
966
832
456
209
32
449
871
1009
949
417
246
236
544
940
910
812
374
123
112
464
817
848
389
-15
-153
31
411
375
391
-57
-297
-385
-212
165
2
-99
-482
-594
-488
-467
-179
-289
-438
-608
-860
-611
-541
-326
-308
-708
-712
-793
-470
-255
-415
-369
-576
-457
-352
-284
-60
-146
-155
-159
-114
15
95
110
150
37
100
246
300
362
97
148
203
264
341
209
242
-2
-83
37
119
278
-17
-193
-324
-378
-129
-172
-57
-262
-523
-546
-678
-397
-221
-177
-335
-758
-730
-550
-199
-28
-174
-332
-559
-469
-170
213
263
75
-174
-132
103
391
606
471
372
132
346
555
749
840
575
487
355
543
833
786
678
439
326
533
464
602
472
278
263
138
322
219
38
-21
7
76
89
-172
-309
-370
-335
-12
-69
-233
-570
-778
-436
-202
-54
-209
-641
-723
-701
-293
4
-158
-425
-710
-574
-245
-19
-34
-249
-422
-322
-109
66
54
-55
-82
-23
109
167
207
123
121
228
337
419
270
180
254
357
498
457
307
267
140
298
469
404
442
60
56
43
124
428
179
127
-255
-285
-92
21
97
-140
-310
-448
-362
-248
-143
-269
-352
-401
-382
-370
-404
-395
-323
-189
-170
-211
-423
-382
-224
46
194
60
-108
-227
-88
251
487
472
287
34
173
363
635
781
555
473
253
385
639
714
819
434
333
307
364
598
408
363
190
96
189
15
-10
-33
-84
37
-244
-396
-482
-550
-226
-350
-357
-580
-861
-683
-686
-376
-385
-618
-685
-862
-615
-420
-349
-296
-471
-457
-384
-334
-131
-97
-41
15
-36
86
64
124
285
371
478
406
320
357
338
598
732
641
547
305
498
556
614
606
460
500
332
306
306
310
332
261
187
95
-111
-167
-97
14
38
-220
-408
-493
-481
-324
-228
-274
-439
-740
-677
-558
-397
-271
-444
-487
-643
-571
-381
-304
-208
-247
-250
-150
-215
-241
-148
58
378
312
143
-46
0
339
656
839
626
268
120
393
747
959
869
559
345
287
518
726
728
611
379
244
152
109
268
341
309
34
-308
-400
-327
-152
-93
-194
-466
-777
-857
-647
-439
-356
-571
-852
-959
-908
-631
-526
-469
-558
-742
-682
-644
-444
-232
-205
-84
-275
-351
-168
28
400
284
257
226
113
378
461
725
719
494
516
431
634
748
725
809
572
477
427
430
709
620
487
268
88
236
203
311
210
-99
-166
-232
-82
-126
-290
-302
-461
-432
-451
-465
-412
-610
-596
-585
-546
-423
-614
-581
-572
-504
-324
-455
-298
-357
-408
-247
-226
80
-16
-67
40
-38
229
229
341
457
293
396
312
467
609
550
648
514
480
458
476
652
611
477
430
388
390
249
231
370
264
203
7
-114
-151
-144
49
-31
-210
-482
-661
-452
-281
-181
-387
-708
-739
-733
-467
-330
-347
-520
-797
-630
-442
-282
-264
-339
-284
-381
-299
-92
-1
77
-64
58
177
195
200
156
420
465
456
369
313
388
447
611
647
426
269
298
463
587
376
343
205
139
179
182
305
144
-67
-230
-212
11
37
-152
-300
-502
-434
-361
-157
-120
-503
-618
-671
-317
-229
-303
-308
-586
-539
-438
-183
-46
-274
-332
-315
-204
20
-3
8
35
13
126
65
221
313
203
324
339
389
250
239
503
503
426
349
389
371
274
347
465
434
278
145
127
153
193
229
143
27
-150
-227
-86
30
19
-222
-402
-430
-322
-173
-185
-327
-540
-490
-445
-326
-332
-314
-240
-553
-660
-573
59
519
-55
-1139
-1267
92
1296
751
-811
-1218
-428
761
1082
561
-226
-786
-195
679
1080
683
-22
-263
11
620
879
332
-143
144
663
573
-48
-212
116
494
577
193
-300
-394
-41
261
236
87
-34
-322
-669
-469
153
521
169
-613
-895
-563
37
369
107
-370
-652
-539
-93
187
78
-103
-296
-274
-186
-42
223
8
-143
27
158
159
-185
-145
215
317
351
81
-157
-50
133
414
367
131
90
-107
-9
352
476
361
-93
-102
184
202
287
184
100
41
24
215
181
64
11
1
61
79
50
-20
-167
-100
16
11
-87
-260
-215
-186
-88
-84
-194
-245
-322
-225
-162
-152
-207
-318
-274
-103
-93
-139
-191
-221
-95
-90
46
53
-9
-3
-84
85
182
281
207
2
72
207
381
383
271
182
115
204
383
349
255
170
127
205
196
297
165
-18
-1
83
182
46
-44
-114
-73
-41
-80
-79
-123
-116
-181
-227
-165
-117
-116
-101
-167
-198
-240
-188
-9
-16
-49
-162
-207
-135
-55
91
95
1
-113
-155
-30
149
169
81
9
-11
9
-9
122
208
167
71
-21
30
85
157
191
164
108
116
41
14
122
180
247
147
61
-34
-92
59
290
274
36
-148
-175
24
86
129
59
-122
-202
-267
-114
-17
-23
-94
-265
-311
-285
-182
-111
-170
-212
-217
-250
-227
-228
-134
-60
-148
-111
-148
-112
-92
-80
72
102
68
7
-8
62
179
205
244
184
137
121
117
273
302
274
119
76
156
139
134
137
162
63
-72
-59
78
67
-36
-97
-90
-50
-165
-165
-119
-87
-120
-240
-196
-139
-96
-161
-183
-129
-114
-120
-162
-87
-33
-53
-55
-55
-54
16
-8
34
24
-16
75
7
86
101
69
55
-38
60
117
113
115
6
-54
37
121
184
46
-90
-17
13
123
114
22
-14
-87
-3
42
57
70
-12
-34
-7
-5
-2
-24
-10
44
-45
-105
-135
-43
46
-13
-77
-184
-153
-102
-74
-45
-61
-93
-143
-184
-139
-64
-34
-31
-104
-92
-61
-26
11
22
61
34
9
28
78
113
132
169
178
145
89
104
155
212
259
216
118
58
90
150
177
146
121
73
16
13
23
55
22
-26
-85
-136
-90
-65
-94
-116
-91
-72
-141
-225
-173
-83
-57
-58
-67
-80
-140
-141
-36
72
68
-28
-52
-5
63
113
90
68
85
104
111
87
97
133
127
135
122
99
42
-5
65
141
128
29
-22
-14
-4
-2
21
50
15
-28
-66
-73
-58
-24
12
-40
-99
-100
-81
-80
-41
23
-12
-99
-140
-95
-64
-53
-13
-11
-81
-158
-117
-41
-16
-44
-70
-85
-123
-111
-46
3
-3
-35
-65
-59
-21
10
33
40
39
27
26
55
93
127
119
78
73
116
134
120
129
156
136
79
70
120
157
114
69
49
21
21
30
34
9
-40
-66
-76
-60
-46
-79
-122
-141
-139
-118
-119
-115
-84
-83
-105
-120
-92
-61
-63
-45
-4
9
-30
-37
45
118
82
16
21
77
107
96
133
154
95
16
40
131
162
121
44
10
17
43
57
57
24
-26
-50
-36
23
26
-18
-67
-84
-61
-52
-44
-40
-17
-22
-62
-81
-64
-29
-18
-34
-43
-36
-18
-7
-13
-9
-6
-18
-32
-34
-25
-24
-9
3
-1
-15
-44
-54
-26
3
13
-8
-44
-52
-28
14
38
29
19
4
6
35
79
86
36
11
33
91
105
88
82
72
56
33
56
66
59
55
47
20
4
19
30
37
-18
-56
-55
-41
-16
-21
-36
-80
-94
-78
-41
-10
-37
-54
-51
-48
-35
-8
18
48
39
26
24
43
81
81
79
66
78
89
94
120
125
104
54
40
62
67
58
57
65
40
-3
-19
-14
-12
-7
-18
-42
-84
-109
-67
-29
-42
-92
-104
-83
-97
-97
-74
-50
-77
-117
-102
-50
-41
-57
-35
-14
-34
-92
-72
-6
19
-2
-21
5
11
-10
-9
29
42
5
-18
1
27
44
34
23
10
-3
-7
-9
23
43
11
-27
-3
28
16
-4
3
21
21
15
1
-8
-11
2
35
30
-14
-53
-37
7
14
-9
-37
-62
-79
-47
-1
1
-37
-78
-67
-51
-58
-56
-51
-49
-58
-69
-59
-44
-33
-22
-26
-32
-35
-25
-1
24
39
11
-15
8
49
56
33
39
48
34
18
42
71
51
31
48
62
37
18
28
34
9
-9
6
15
-5
-29
-25
-14
-17
-62
-87
-56
-33
-41
-53
-49
-74
-95
-82
-49
-22
-54
-99
-107
-61
-8
-19
-75
-92
-50
-23
-8
14
7
-27
-49
-11
37
31
13
13
18
12
11
23
30
38
34
22
10
4
41
78
67
22
-7
-20
12
57
66
53
15
-20
-10
42
55
23
14
34
41
11
-2
29
54
37
0
-23
-12
7
16
16
24
21
-13
-48
-14
48
52
16
-5
6
-12
-9
38
66
43
-6
-20
19
69
75
45
13
20
40
54
83
92
63
33
55
94
79
56
67
87
99
66
34
47
77
99
62
24
43
57
24
4
47
52
-5
-22
21
31
-15
-33
-7
3
-24
-36
-31
-37
-22
-6
-18
-35
-44
-27
-18
-15
-9
-13
-22
-21
7
9
-13
-36
-20
32
44
27
5
9
4
-29
3
75
62
-14
-37
5
37
16
0
21
2
-35
-23
17
40
3
-33
-28
-18
-19
-26
-14
-12
-23
-39
-22
-5
-42
-58
-24
8
-17
-47
-37
-23
-34
-59
-37
-6
-35
-64
-29
-2
-34
-59
-53
-21
1
-43
-62
-9
15
-19
-53
-39
-15
-15
-25
-5
14
-28
-62
-33
29
53
-12
-76
-50
23
31
-16
-18
4
-24
-49
-21
32
16
-58
-55
6
22
-29
-65
-44
-6
-1
-23
-24
-26
-48
-67
-49
-14
-21
-58
-74
-54
-40
-33
-25
-39
-48
-37
-34
-27
-5
-12
-46
-38
-6
11
-7
-15
7
2
-24
-8
27
30
8
-5
25
36
12
21
51
42
0
-16
15
65
49
0
-3
27
25
5
21
35
3
-31
-10
51
41
-29
-52
-14
30
19
-16
-13
-5
-16
-29
-12
8
-9
-33
-32
6
9
-22
-30
-8
11
0
-3
-10
-11
5
6
8
15
18
3
-20
-8
28
26
4
8
22
9
-9
0
32
42
18
-4
8
35
33
15
11
12
5
14
26
21
19
4
1
13
9
18
16
0
-15
-4
24
14
-9
-10
2
4
-4
-9
-1
9
-3
-15
-1
6
-4
-12
-3
12
17
10
-17
-6
11
8
18
27
27
28
4
-6
32
40
18
9
27
40
32
15
17
42
36
6
6
24
24
16
0
8
25
8
-19
1
22
3
-19
-5
11
-7
-18
-19
-6
-14
-21
-8
-1
-1
-15
-20
5
-3
-26
-13
10
19
1
-14
-7
10
9
5
13
17
11
-5
-8
11
13
-13
-18
9
26
5
-25
-10
17
6
-13
-7
7
-4
-23
-24
-5
2
-22
-28
-5
8
-20
-41
-21
9
-6
-42
-30
0
-19
-44
-24
-5
-17
-37
-45
-19
-3
-41
-48
-13
-15
-26
-28
-33
-23
-27
-51
-32
-14
-33
-49
-41
-24
-23
-38
-37
-21
-20
-38
-33
-12
-22
-27
-27
-25
-9
-9
-26
-17
-4
-13
-20
-3
-1
-12
-15
-14
8
4
-17
-16
-3
-9
-11
-11
-18
-9
-25
-31
-10
5
-10
-30
-19
-6
-2
-13
-11
8
5
-12
-16
7
31
25
2
1
19
24
17
23
45
34
4
2
34
45
27
10
19
46
32
15
31
50
25
11
28
40
36
16
11
36
48
23
13
11
14
15
19
15
15
4
-13
13
26
18
-9
-15
8
24
15
5
13
14
14
12
15
19
5
4
34
43
24
-3
0
30
55
39
13
22
24
13
29
47
29
10
0
24
50
28
5
29
34
-7
6
35
25
14
0
-1
34
23
-13
14
33
2
-5
6
11
18
-2
-23
10
31
-4
-7
3
-4
-7
-3
0
5
-10
-40
-10
19
-5
-12
-9
0
9
3
0
22
16
-18
-1
21
30
22
0
5
22
26
11
11
21
10
12
14
13
23
12
5
11
19
10
-8
-8
-2
15
5
-7
-8
-14
-23
-21
-6
-11
-14
-27
-44
-27
-15
-12
-9
-24
-42
-46
-20
-17
-18
-21
-47
-38
-15
-25
-28
-3
-5
-23
-10
-20
-33
-14
-10
-11
-15
-28
-34
-18
-14
-19
-1
-8
-30
-29
-21
-8
3
-9
-34
-38
-36
-36
-13
2
-14
-43
-51
-36
-21
-4
-15
-27
-42
-47
-23
-10
-8
-17
-24
-42
-47
-34
-28
-19
-20
-41
-58
-39
-17
-22
-8
-10
-26
-35
-35
-15
-6
-2
-28
-38
-25
-18
-8
-4
8
11
-14
-23
10
20
10
9
2
6
8
10
27
35
22
5
10
24
37
39
28
32
34
31
30
41
37
34
48
31
22
34
21
20
30
31
21
26
18
0
21
27
10
7
10
2
1
11
11
15
13
-8
-1
20
5
-3
9
13
9
0
0
14
15
0
4
17
7
0
11
13
6
9
1
-5
17
24
-1
-5
10
0
-4
11
9
-27
-23
2
-1
9
3
-20
-17
11
3
-8
17
3
-13
-1
5
12
1
-21
-10
14
1
-25
-9
1
-5
-16
-28
-12
8
-21
-33
-1
-18
-22
-2
-10
-14
-11
-31
-30
16
3
-41
-17
1
0
2
-3
-14
-18
-4
0
17
-3
-22
-8
1
3
9
-5
-26
5
13
-6
-5
4
-12
-18
6
5
-13
-19
-18
-15
-10
-9
-5
-16
-26
-24
-3
-10
-15
-3
-16
-16
-13
-19
-20
2
2
-26
-23
-23
-19
5
-12
-28
-6
-6
-37
-17
15
-13
-11
-13
-22
7
2
-34
-17
12
-26
-41
-16
-25
-25
-18
-28
-29
-23
-37
-33
-9
-20
-26
-24
-44
-33
-2
-32
-45
-18
-28
-47
-20
-7
-23
-17
-29
-25
-16
-26
-23
-19
-34
-42
-18
-19
-28
-17
-18
-36
-39
-18
-15
-11
-29
-43
-23
-7
-5
-17
-17
-29
-22
-5
-12
2
-8
-26
-22
3
14
-12
-8
6
3
2
12
26
17
2
-5
15
25
23
24
10
18
21
23
18
24
30
18
6
9
32
45
19
-6
22
33
11
20
40
12
9
33
25
13
17
17
8
39
38
22
34
31
28
33
35
35
54
42
8
35
52
34
42
37
17
25
34
24
28
24
18
21
17
25
22
-4
-8
35
26
-5
1
-14
-19
11
14
-16
-2
9
-20
-13
13
18
10
-5
-11
13
13
-14
15
25
-11
3
23
5
8
22
-4
-2
43
27
-10
16
34
16
16
42
25
-6
7
29
31
14
20
8
-22
6
35
33
11
10
3
-11
14
28
26
19
28
9
-20
12
39
28
12
22
12
-6
7
18
30
22
9
2
-10
0
13
10
6
19
5
-40
-25
12
1
-13
-9
-10
-22
-23
-11
-4
-8
-30
-28
-13
-7
-12
-15
-24
-23
-10
-31
-14
11
-11
-25
-20
-21
-15
16
9
-20
-23
-35
-36
-7
4
-12
-34
-59
-46
-11
-36
-43
-12
-29
-69
-58
-26
-39
-40
-45
-39
-22
-38
-55
-41
-26
-48
-27
-17
-36
-32
-28
-34
-18
7
-29
-26
-1
-18
-23
6
-2
-33
-17
5
16
5
-22
-24
2
-6
1
25
-9
-33
-7
-11
-13
47
30
-62
-47
12
11
8
13
0
-29
-44
-26
30
43
-12
-27
-18
-21
-12
9
9
18
7
-47
-42
24
19
-36
-9
20
6
-22
-16
6
-2
-22
-28
16
28
-14
-47
-25
-5
-13
-6
6
5
-31
-54
-21
17
13
-21
-20
-9
-19
-8
0
-7
-16
-5
-3
-8
3
-4
-36
-38
16
31
-13
-29
7
-3
-47
-18
24
3
-42
-12
2
-30
-16
5
-12
-25
7
0
-27
-4
9
-15
-15
39
42
-11
-24
12
11
-18
38
62
-1
-39
2
23
11
40
32
7
6
5
-4
15
47
34
-6
-13
14
22
-1
23
49
-9
-16
30
29
3
22
21
-14
16
46
18
-3
15
23
4
15
52
34
-6
-11
33
40
25
48
32
10
6
19
29
36
32
6
8
26
33
16
2
8
23
23
7
15
4
-17
2
23
4
-10
18
-4
-28
16
30
-3
-19
8
-5
-22
5
18
2
-23
-12
-2
-9
6
17
-4
-33
-10
5
-4
-10
-11
-6
-19
-13
-1
-9
-24
-21
-11
-14
-19
-26
-16
11
-11
-42
-8
17
-15
-41
-8
18
-8
-33
-13
7
-19
-36
12
34
-14
-9
10
-7
-10
12
19
-2
-3
-5
1
-5
-17
4
28
0
-25
-3
-1
-16
-6
18
18
-7
-21
0
15
-18
-23
29
25
-15
0
25
19
-1
13
33
30
7
14
42
16
10
28
36
26
15
20
10
24
33
14
11
31
29
6
0
19
35
14
3
9
10
7
3
7
20
35
8
-24
13
28
-25
-11
45
31
-13
2
18
-8
-8
30
43
9
5
19
12
-16
12
50
20
-3
17
41
10
-6
10
29
33
18
17
14
3
-3
21
33
24
13
-1
2
17
23
18
27
16
-17
13
45
11
4
44
46
4
12
31
22
18
19
37
38
24
13
14
1
5
36
23
5
18
15
-8
-2
16
6
-13
-6
5
0
-2
-11
-14
-4
7
-11
-17
2
-7
-31
-16
23
0
-39
-8
23
-12
-25
20
32
-4
-21
-2
17
19
9
6
21
12
-7
17
39
15
-5
23
33
13
12
23
31
7
-2
22
24
4
-3
35
44
-5
-14
28
40
-5
-12
32
30
-12
-24
14
22
3
17
18
-1
-23
-8
15
17
-1
-8
11
-14
-25
-8
8
9
-18
-21
-10
-11
-16
-21
-9
-10
-13
-12
-27
-17
1
-15
-37
-12
12
-24
-46
-26
-13
-30
-32
-7
-8
-35
-47
-29
-23
-40
-33
-8
-29
-48
-35
-30
-36
-37
-33
-25
-36
-61
-51
-21
-33
-51
-19
-18
-54
-53
-42
-39
-39
-33
-35
-31
-43
-59
-34
-15
-35
-42
-24
-37
-32
-21
-33
-26
-8
-27
-38
-5
-5
-29
-8
-4
-34
-20
0
-19
-29
-16
-37
-20
5
-11
-23
-25
-24
-37
-29
-24
-8
-4
-31
-39
-27
-28
-45
-31
-7
-14
-43
-58
-32
-21
-55
-50
-13
-20
-54
-51
-31
-35
-37
-36
-30
-29
-33
-40
-38
-27
-22
-40
-38
-15
-21
-28
-30
-18
-23
-33
-29
-25
-11
-20
-31
-21
-11
-17
-20
-14
-13
-19
-12
8
0
-13
-8
-6
-13
-4
2
8
-3
-15
7
13
5
6
23
19
10
25
13
26
42
26
11
27
34
16
24
33
30
13
12
40
30
13
29
34
15
18
45
37
15
20
28
29
44
36
10
28
33
22
33
42
38
26
20
26
33
38
36
36
26
29
44
46
40
39
37
26
37
45
47
41
41
44
36
29
30
44
30
14
35
50
22
15
31
34
20
20
33
33
21
11
24
27
32
24
8
9
17
23
3
9
28
18
1
2
19
15
-4
2
27
20
-8
-7
14
6
0
15
12
-3
-20
-15
1
21
20
1
-4
-4
17
12
4
6
0
0
-2
9
7
3
-1
-1
-1
-5
10
30
9
-8
11
16
-4
2
26
20
2
3
16
22
13
12
16
6
9
22
23
13
10
4
2
18
13
8
8
2
-1
16
12
6
27
17
0
8
11
0
8
10
2
19
2
-26
-3
2
-7
3
4
-7
-9
-6
-27
-11
8
-9
-11
-1
-23
-38
-11
-7
-19
-15
-4
-13
-32
-32
-19
-10
-17
-22
-23
-15
-13
-30
-29
-6
-9
-27
-21
-6
-18
-29
-21
-14
-6
-6
-22
-21
-1
-8
-19
5
17
3
-14
-16
-5
8
11
1
4
8
-1
3
21
25
10
0
2
14
20
13
13
14
13
12
21
16
10
19
18
14
23
33
10
-3
19
27
23
28
28
17
10
10
29
45
24
11
15
22
13
11
28
33
20
3
14
18
15
23
13
-1
11
28
19
13
16
16
16
13
12
31
20
-6
0
23
25
0
7
22
23
10
3
15
11
10
8
12
21
18
3
3
21
15
11
14
18
14
13
12
8
19
11
13
29
22
19
21
18
17
29
24
12
26
28
12
12
23
25
28
16
16
29
29
15
18
26
26
24
1
1
18
17
-1
1
28
10
-15
-10
13
17
5
6
-4
-11
-5
1
0
-4
-10
-19
-20
-25
-14
-12
-22
-27
-38
-33
-23
-32
-43
-37
-16
-30
-47
-34
-23
-41
-58
-35
-34
-44
-43
-43
-49
-48
-42
-52
-40
-37
-53
-54
-47
-44
-48
-45
-44
-43
-40
-47
-43
-44
-40
-40
-46
-40
-36
-42
-46
-32
-35
-30
-30
-45
-39
-19
-28
-45
-19
-17
-34
-40
-35
-26
-29
-29
-29
-19
-24
-33
-21
-26
-24
-12
-12
-20
-20
-11
-27
-16
-9
-16
-10
-24
-28
-28
-12
-3
-17
-12
-14
-27
-28
-24
-13
-8
-27
-41
-28
-18
-23
-28
-19
-13
-13
-22
-34
-17
-2
-25
-31
3
-3
-29
-23
-13
-9
-1
1
-17
-13
-3
-15
-10
-2
-4
-13
-14
-13
-7
9
-5
-8
2
7
-8
-9
17
12
-6
-7
19
24
6
7
7
13
15
12
11
19
18
-1
6
31
30
20
19
18
17
23
27
37
46
30
22
41
48
44
50
48
43
48
45
36
50
59
49
51
52
50
52
59
47
47
64
61
51
40
59
64
52
48
51
60
58
58
46
53
58
44
45
45
43
44
53
44
30
40
54
41
26
40
48
50
49
37
37
42
40
36
37
48
44
37
35
26
37
50
33
20
34
31
22
31
23
14
27
30
4
13
30
10
13
24
17
25
44
25
0
15
31
32
23
8
13
26
23
9
13
22
12
-9
-7
12
15
-2
-16
-10
-9
-16
-15
-7
-1
-13
-18
-3
-2
-24
-26
-7
-7
-20
-13
0
-7
-19
-18
0
2
-14
-12
-6
-23
-10
-4
-19
-20
-5
-7
-18
2
-2
-17
-18
-4
-16
-22
-7
-20
-30
-24
-9
-13
-18
-23
-26
-9
-7
-18
-23
-10
-14
-25
-17
-17
-13
-13
-21
-18
-9
-7
-18
-16
-13
-20
-17
-15
-28
-22
-9
-20
-19
-13
-22
-28
-16
-9
-12
-10
-18
-17
-13
-21
-28
-10
-4
-26
-28
-14
-12
-26
-23
-11
-10
-14
-19
-10
-8
-22
-25
-17
-5
-4
-13
-16
-17
-10
-11
-9
10
8
-10
-22
-4
10
3
-3
-11
-2
1
-4
6
15
6
-15
-8
11
12
5
1
-4
1
6
4
13
6
-8
0
17
20
4
10
5
-6
6
14
27
25
13
5
10
18
25
29
17
12
19
24
18
25
28
15
14
16
18
20
16
5
-3
6
17
21
14
-3
1
18
25
15
10
8
6
12
11
14
15
3
-6
2
23
20
7
2
-1
11
16
24
19
-3
-12
4
24
11
7
12
4
-14
-1
36
30
-3
-7
8
14
22
30
15
0
7
12
11
17
8
-4
3
8
11
13
14
1
-12
8
18
17
12
0
2
10
18
21
9
-10
-10
1
11
0
-7
5
-7
-17
-4
