16
17
17
19
21
21
23
21
16
15
17
20
26
24
19
25
21
19
20
27
33
24
28
27
29
37
32
24
22
28
30
28
24
21
19
16
20
12
11
11
7
8
2
8
8
7
9
5
7
5
6
5
7
18
12
4
4
1
7
13
11
13
12
6
-1
1
0
4
6
-6
-3
0
1
1
-2
-4
-2
-3
-4
2
7
1
-2
-3
-4
-2
-1
-3
-8
-3
-2
-8
-6
-10
-4
-6
-14
-13
-10
-7
-17
-17
-8
-14
-13
-16
-23
-17
-16
-13
-16
-19
-18
-9
-10
-14
-11
-7
0
-4
-8
-6
-2
-3
-5
-14
-17
-12
-14
-15
-19
-16
-21
-28
-21
-16
-9
-15
-22
-17
-13
-7
-8
-5
-2
-6
-6
-6
-6
0
2
-8
-16
-16
-13
-9
-18
-25
-23
-18
-15
-17
-17
-18
-22
-16
-12
-16
-16
-14
-19
-17
-18
-18
-18
-18
-9
-11
-15
-16
-17
-17
-23
-22
-10
-11
-13
-8
-15
-14
-8
-7
0
1
-4
-1
0
-3
1
1
2
1
-2
7
-1
0
5
-4
-6
-5
-10
-11
-11
-14
-5
1
1
-6
-9
-1
-2
-2
-1
-10
-6
-1
-2
-3
-3
4
-4
-1
5
3
9
7
9
5
9
5
2
10
2
2
0
-3
-6
0
2
-5
3
1
4
11
3
4
5
6
13
17
16
12
12
15
13
13
14
6
12
13
7
10
10
13
9
7
6
1
3
3
4
7
3
7
16
18
20
19
15
14
15
20
26
28
25
21
15
22
23
18
19
13
16
17
13
10
12
17
22
26
18
23
26
19
17
12
13
20
21
18
16
13
13
16
13
16
17
12
10
14
12
5
11
12
9
3
6
18
17
11
7
6
13
18
18
17
14
8
9
12
11
6
7
11
8
8
10
8
2
-3
-5
0
-5
-10
-1
-3
-7
-4
0
4
-3
-8
-7
-7
0
0
1
-1
-5
0
-2
-5
-6
-3
4
-2
-5
-1
2
-1
-5
-5
-4
-11
-12
-5
-8
-7
-10
-5
-5
-10
-13
-24
-12
-5
-18
-18
-20
-25
-29
-24
-24
-20
-26
-33
-38
-40
-35
-32
-26
-32
-29
-25
-25
-18
-21
-21
-25
-17
-18
-21
-21
-28
-23
-25
-26
-24
-21
-27
-27
-22
-15
-6
-11
-15
-13
-14
-18
-22
-16
-16
-16
-11
-10
-3
2
4
1
3
11
8
12
12
15
13
15
16
12
17
21
21
14
14
9
15
19
20
25
30
36
25
25
23
19
20
26
22
13
17
17
26
26
20
18
16
14
20
15
13
14
11
10
3
0
-8
-12
-6
1
-3
-2
4
10
8
9
11
6
8
3
0
6
3
-3
0
3
4
2
-1
-1
-1
2
-4
-1
4
5
5
2
-3
-8
-3
-3
-2
-7
-3
0
0
3
4
6
-2
-8
-7
-4
4
10
7
8
11
6
7
4
8
17
25
24
18
12
18
26
21
26
27
25
24
27
24
31
31
23
26
22
27
19
19
20
18
26
19
16
18
20
15
9
10
13
6
11
9
-2
1
7
10
7
8
10
3
1
3
6
9
2
1
2
-4
-3
-5
-4
-5
-8
-2
4
-1
-2
-2
-2
-2
2
5
8
10
4
4
1
-1
-1
-3
-2
-4
-10
-11
-5
-2
-7
-12
-12
-7
-1
-4
-2
4
-1
2
4
2
6
7
-3
-5
-5
-5
-9
-14
-11
-5
-5
-12
-9
-3
-6
-2
-6
-7
-7
-11
-10
-9
-4
-6
-8
-10
-10
-9
-10
-14
-18
-11
-11
-13
-18
-24
-26
-19
-19
-24
-17
-17
-20
-20
-17
-15
-16
-13
-16
-22
-17
-13
-9
-9
-14
-13
-16
-14
-14
-14
-17
-18
-21
-21
-12
-10
-13
-15
-13
-11
-7
-12
-19
-14
-16
-14
-16
-22
-23
-26
-26
-29
-28
-25
-22
-24
-23
-25
-29
-22
-27
-21
-21
-19
-12
-14
-10
-6
-3
-9
-10
1
3
4
8
5
7
11
6
12
14
10
12
11
10
17
20
17
16
7
11
15
15
19
16
15
16
18
22
16
16
23
23
22
25
24
22
29
30
26
24
25
23
19
15
17
15
10
11
13
14
15
19
16
13
11
15
15
18
22
20
20
22
24
19
19
22
19
17
16
14
16
16
14
13
15
18
10
12
9
11
12
13
9
12
17
13
16
21
22
18
17
15
17
19
23
19
13
8
11
8
6
4
-8
-5
-1
5
5
-1
-5
-10
-5
1
2
1
-4
-11
-11
-9
-11
-16
-16
-17
-18
-16
-12
-15
-15
-16
-19
-20
-26
-26
-24
-23
-27
-28
-21
-23
-27
-27
-27
-28
-22
-22
-22
-23
-21
-20
-20
-16
-26
-25
-22
-27
-23
-25
-25
-30
-31
-27
-28
-28
-27
-27
-32
-32
-29
-25
-21
-22
-23
-28
-26
-18
-20
-22
-20
-18
-15
-17
-15
-22
-26
-15
-17
-22
-21
-21
-23
-25
-28
-19
-21
-26
-22
-19
-19
-20
-22
-14
-11
-10
0
-1
2
3
0
2
-2
-7
-10
-12
-10
-8
-5
-4
-12
-13
-10
-9
-4
-9
-14
-4
-5
1
11
8
7
5
2
-2
-5
-3
-2
-3
1
1
-5
-7
-7
-2
-4
-7
-9
-5
0
1
3
2
-1
-1
2
7
9
9
7
4
7
8
11
10
9
12
4
5
10
12
6
7
9
16
21
17
13
9
13
18
17
13
11
12
19
18
17
24
19
27
27
27
31
25
31
26
29
31
27
24
19
25
27
23
21
17
12
13
10
16
21
16
9
11
12
11
13
12
14
14
11
14
11
14
13
18
15
7
14
14
16
14
11
5
8
10
4
7
6
8
6
14
12
12
8
4
5
8
5
1
7
0
5
4
1
1
3
-1
-3
1
-3
-4
-9
-6
-6
-4
-8
-11
-8
-14
-15
-7
-4
-9
-10
-12
-13
-6
-7
-11
-11
-10
-14
-17
-18
-19
-19
-21
-20
-20
-22
-21
-17
-13
-19
-20
-22
-24
-17
-20
-18
-13
-12
-10
-15
-9
-6
-9
-16
-19
-16
-9
-6
-10
-12
-17
-16
-13
-14
-14
-17
-20
-23
-20
-24
-20
-21
-25
-26
-22
-19
-19
-17
-27
-28
-30
-32
-27
-21
-22
-28
-26
-22
-23
-19
-18
-16
-14
-18
-16
-13
-6
-6
-10
-6
-4
-1
-1
4
2
1
1
3
7
8
13
14
17
12
7
2
8
14
19
21
11
8
7
11
17
22
21
16
15
13
17
16
11
15
15
12
13
15
12
14
13
3
10
6
3
3
2
1
-6
-4
-1
4
3
-1
-6
3
4
3
4
0
1
6
9
6
14
12
12
11
6
11
10
12
17
13
8
13
14
12
14
17
21
22
25
22
24
30
26
24
30
30
29
27
27
30
33
27
28
28
27
32
32
30
26
29
24
25
27
29
21
19
24
22
28
24
25
23
25
25
28
28
21
22
17
14
17
20
20
20
17
13
12
12
14
7
5
9
9
8
8
7
2
-1
0
-3
-4
-3
-2
0
-6
0
5
-6
-7
-2
-5
-9
-5
-11
-5
-7
-12
-5
-13
-10
-11
-14
-17
-16
-18
-19
-19
-20
-17
-16
-11
-13
-14
-15
-14
-16
-20
-18
-20
-19
-16
-14
-15
-23
-24
-19
-22
-17
-13
-14
-18
-17
-14
-13
-16
-18
-9
-10
-8
-4
-15
-18
-12
-5
0
-8
-12
-11
-11
-10
-7
-10
-16
-13
-19
-25
-21
-18
-14
-17
-12
-16
-23
-21
-20
-19
-26
-28
-32
-31
-26
-30
-30
-30
-35
-39
-40
-38
-34
-35
-36
-34
-31
-34
-31
-25
-18
-20
-19
-15
-13
-8
-11
-3
-2
-3
-2
-8
-11
-15
-15
-11
-14
-15
-13
-15
-12
-14
-12
-7
-1
2
-5
-9
-10
-7
-3
-8
-5
-7
-5
-10
-12
-5
-10
-6
-10
-14
-14
-12
-9
-6
-4
-1
-1
-6
-5
-6
1
-4
0
-2
-6
3
-2
1
0
-4
-4
-3
2
10
15
7
10
19
20
24
24
21
19
19
22
25
21
20
17
12
16
14
16
11
10
13
11
14
16
17
24
24
23
26
26
28
25
26
26
19
14
9
10
12
13
12
5
4
5
5
0
-3
-2
-4
2
2
6
5
4
6
4
10
19
16
16
15
6
5
3
6
5
14
15
14
9
4
1
0
6
4
13
8
4
3
0
7
12
9
9
4
2
2
2
7
1
0
-8
-9
0
-3
1
3
-4
-1
-5
-2
2
-1
7
-1
-6
-8
-7
-4
-7
-3
-2
0
1
3
2
0
5
-2
-1
4
0
4
4
4
-3
-5
-2
1
3
5
11
1
-4
-7
-3
0
2
0
-6
-9
-10
-4
-1
1
-4
-1
1
3
1
2
-1
1
3
0
4
1
0
-2
-5
-9
-13
-14
-12
-18
-11
-11
-17
-13
-18
-18
-23
-25
-33
-32
-34
-33
-25
-28
-25
-33
-30
-30
-34
-34
-34
-29
-26
-29
-21
-19
-20
-26
-32
-19
-21
-18
-15
-24
-19
-21
-19
-16
-21
-19
-25
-21
-18
-12
-7
-21
-24
-27
-14
-9
-7
-6
-12
-8
-11
-8
-3
2
-6
-10
-5
-4
-5
-7
-11
-11
-4
0
-1
-3
-4
-10
-7
-4
0
3
3
-1
0
-3
-6
-7
-10
-6
-6
0
-1
-1
-5
-7
-10
-7
-6
-11
-2
-6
1
-4
-9
-5
-3
3
-4
1
2
4
4
2
5
7
12
13
10
7
0
-1
5
-1
2
9
3
6
7
0
-5
-4
-5
0
-2
-5
-8
-13
-9
-11
-7
-4
-15
-13
-20
-21
-22
-26
-15
-18
-13
-8
-6
-5
-5
3
-6
-6
-1
-3
4
6
6
8
2
-2
6
16
22
23
17
19
21
28
31
30
31
29
33
32
36
37
39
41
35
37
34
32
30
26
29
22
19
20
22
28
28
29
21
21
25
24
24
27
26
19
20
22
25
20
20
16
18
16
12
13
5
1
5
6
6
4
5
9
10
9
3
8
8
15
19
15
12
5
10
15
18
14
17
13
14
16
15
15
9
11
10
14
11
7
14
13
10
7
7
11
11
8
11
11
3
4
6
6
6
-2
-6
-6
-5
-5
-5
2
7
5
-4
-11
-6
-3
-3
-3
-11
-4
-12
-10
-9
-13
-2
-5
-1
2
-2
-2
-6
-5
2
3
-1
-2
-5
1
-2
-1
4
1
6
4
-2
2
7
8
3
-4
3
8
10
4
-3
3
1
-2
-4
-10
-5
-1
-2
-1
1
-4
-17
-23
-14
5
6
-9
-23
-15
-11
-8
0
-8
-5
-18
-21
-15
-8
-1
-23
-24
-13
-10
3
-15
-17
7
3
4
-15
-11
16
13
22
5
1
4
-17
4
22
39
26
-10
-2
14
35
30
15
24
32
26
21
24
32
32
13
11
15
21
19
4
9
17
7
-6
-5
9
32
20
3
-6
-5
9
-7
2
8
3
8
-13
-7
7
2
5
-4
1
-1
-11
3
15
24
13
-13
5
21
25
23
9
15
16
19
27
26
17
12
12
23
21
10
8
0
13
17
7
8
1
3
3
-6
-4
1
-4
-4
-6
-5
-9
-24
-17
-17
-4
-5
-22
-20
-26
-16
-11
-15
-14
-17
-24
-20
-17
-2
-12
-37
-35
-32
-9
-23
-25
-20
-39
-25
-34
-30
-25
-32
-18
-28
-30
-26
-29
-18
-30
-29
-19
-31
-29
-32
-28
-20
-26
-21
-35
-37
-31
-31
-22
-17
-16
-21
-44
-49
-12
1
-6
-41
-50
-16
-22
-17
-28
-29
-12
-34
-33
-31
-26
-7
-17
-15
-20
-34
-18
-26
-9
6
-20
-23
-35
-11
-3
-12
1
1
6
-21
-26
-15
11
28
11
-11
-48
-31
8
22
21
-19
-26
-7
-15
6
-6
-22
-18
-33
28
4
-51
-39
-37
38
14
-27
-18
-59
-5
19
7
2
-50
-28
3
-26
0
-5
-5
-11
-55
-3
-6
-22
-14
-19
25
23
-16
-19
-15
12
44
21
28
11
-28
-18
18
93
93
1
-45
-3
45
80
40
21
43
16
45
22
35
77
59
79
19
-10
37
41
94
105
49
19
-49
36
113
79
72
9
38
2
-11
88
88
74
-9
-27
26
29
49
45
27
38
14
-10
1
28
71
36
2
24
-2
-40
-27
76
127
9
-98
-52
30
34
12
0
5
-44
-57
-5
-24
-14
-23
5
24
-59
-83
-93
-32
106
80
-39
-170
-156
75
94
76
0
-93
-74
-115
84
125
7
-46
-84
45
8
-54
61
42
67
8
-66
30
-69
56
99
52
64
-129
-48
-18
65
159
26
-7
-77
-89
33
103
144
53
-147
-82
30
127
109
-33
-25
-29
48
75
35
-34
-24
55
67
51
-46
-18
-9
52
111
65
-25
-62
-2
66
97
-8
31
-48
-45
6
-34
54
-30
-19
-12
-144
-82
-18
-5
35
-181
-157
-101
-125
44
-99
-92
-165
-251
-89
-83
-7
-100
-278
-221
-93
-19
-88
-245
-161
-70
-94
-123
-148
-93
-157
-103
-59
3
-105
-228
-103
-46
109
0
-100
-108
-89
60
107
44
79
61
-30
24
18
263
234
62
75
10
182
217
192
279
162
125
161
128
327
316
254
248
131
279
280
272
346
313
308
219
210
313
381
317
281
234
242
302
207
235
237
267
247
51
23
115
125
129
-9
-66
-91
-254
-93
-83
-111
-278
-489
-314
-320
-340
-389
-515
-473
-553
-569
-489
-594
-540
-606
-642
-542
-643
-618
-661
-649
-465
-545
-598
-576
-582
-502
-569
-435
-256
-401
-521
-506
-313
-151
-206
-159
-115
-243
-251
-87
153
264
100
-1
48
110
368
508
449
388
260
417
590
617
802
681
624
702
722
958
835
843
1011
973
1050
925
891
1059
1077
1270
1223
996
1001
945
1213
1311
1236
1180
933
920
999
1111
1169
1013
823
683
554
614
679
619
419
120
-58
-151
-149
-152
-259
-578
-864
-998
-1051
-1047
-1239
-1320
-1455
-1666
-1754
-1985
-1926
-1869
-1853
-1856
-2200
-2304
-2261
-2136
-1834
-1846
-1892
-2041
-2272
-1898
-1651
-1341
-1347
-1650
-1454
-1457
-1109
-938
-903
-618
-608
-509
-562
-546
-124
183
398
527
397
362
264
698
1467
1741
1427
873
994
1529
2055
2188
2111
1871
1610
1768
1983
2298
2222
2016
1939
1689
1612
1534
1529
1644
1564
1383
995
473
514
730
920
802
248
-16
-259
-106
194
275
162
-198
-347
-294
-119
54
243
229
149
14
20
222
411
601
620
555
349
292
350
606
796
621
352
82
121
239
206
59
-89
-280
-406
-522
-659
-636
-896
-942
-1041
-1225
-1272
-1578
-1599
-1605
-1645
-1698
-1917
-2150
-2065
-2122
-2113
-2175
-2401
-2195
-2391
-2345
-2420
-2458
-2274
-2297
-2229
-2232
-2158
-2152
-2061
-1914
-1481
-1241
-1373
-1444
-1121
-505
-90
-81
-61
293
503
991
1328
1591
1799
1654
2141
2503
2654
2769
2611
2958
3089
3039
3056
2839
2885
2961
2837
2729
2357
2088
2138
1965
1947
1648
1253
1110
866
890
844
670
654
351
9
87
233
579
436
-1
83
9
336
562
507
706
297
317
466
561
963
758
599
458
323
535
465
374
441
89
-97
-353
-413
-274
-599
-692
-983
-1200
-1350
-1608
-1586
-1730
-1869
-1976
-2310
-2510
-2642
-2640
-2476
-2726
-2905
-3028
-3244
-3028
-3113
-2944
-2847
-3247
-3119
-3130
-2712
-2407
-2762
-2662
-2330
-1923
-1470
-1775
-1576
-1035
-899
-45
83
365
384
261
1418
2124
2307
2161
2023
2648
3231
3373
3812
3576
3491
3679
3702
4027
3720
3606
3604
3276
3064
2864
2497
2303
2043
1861
1611
769
449
328
224
116
-428
-798
-1087
-1269
-994
-961
-1232
-1463
-1711
-1265
-904
-874
-867
-1057
-596
-155
41
230
200
448
841
1054
1347
1326
1355
1638
1691
1894
1750
1649
1768
1699
1680
1395
1068
1014
917
809
507
-8
-291
-508
-538
-686
-1147
-1621
-1987
-2005
-1971
-2206
-2612
-3017
-3082
-3044
-3099
-3220
-3466
-3595
-3745
-3625
-3387
-3382
-3581
-3814
-3682
-3236
-2979
-2991
-3054
-3010
-2577
-2420
-2169
-1827
-1425
-1028
-1220
-1153
-633
342
1096
895
438
725
1667
2636
2796
2610
2727
2700
3094
3616
4140
4080
3408
3388
3862
4054
3711
3294
3309
3510
3215
2772
2313
2094
2302
2291
1947
1381
903
925
942
882
1011
764
308
-61
47
688
825
438
277
228
456
566
598
921
787
688
689
691
817
747
676
800
654
490
245
-120
106
75
6
-477
-1022
-977
-1097
-1138
-1480
-1769
-1930
-2179
-2418
-2626
-2917
-2931
-3070
-3181
-3357
-4055
-3989
-4138
-3717
-3754
-4384
-4363
-4732
-4396
-4043
-3874
-3646
-4135
-4428
-3648
-3139
-2165
-2136
-2670
-2225
-2033
-337
399
229
490
632
1667
2531
2909
3730
3748
3716
4552
4887
5594
5373
5328
5958
5776
5680
5350
5053
5260
5148
4748
4172
3099
2861
2743
2366
1900
1003
325
-254
-811
-998
-1257
-1883
-2237
-2726
-2967
-3161
-3439
-3177
-3044
-3125
-3217
-3229
-2944
-2449
-2236
-1641
-1185
-1101
-802
-676
290
1078
1392
1736
1827
2219
2642
2946
3460
3799
3739
3957
3686
3828
3828
3733
4029
3561
3352
2683
2246
2106
1976
1751
1079
173
-413
-584
-1020
-1309
-2143
-2392
-2899
-3461
-3800
-4433
-4406
-4714
-4629
-4988
-5538
-6052
-6034
-5482
-5256
-5266
-5942
-5882
-5825
-5190
-4696
-4459
-4247
-4482
-4285
-3845
-2752
-2069
-1638
-2102
-1758
-1117
-201
976
1031
1487
967
1561
2806
3763
4019
3480
3571
4257
4878
5149
5438
4890
4918
4818
5211
5252
4522
4490
4347
4199
3669
3127
2801
2679
2332
2336
1738
962
637
437
850
622
249
-244
-696
-501
-23
100
-43
-393
-393
-54
15
468
591
705
724
630
891
1013
1225
1403
1440
1336
1187
1001
1064
1136
1125
989
527
252
23
-60
-170
-389
-674
-1061
-1444
-1738
-1847
-2217
-2439
-2611
-2799
-3223
-4201
-4287
-3926
-3627
-4098
-5323
-5624
-5327
-4827
-4841
-5491
-5933
-5736
-5537
-4959
-4776
-4849
-5051
-5447
-3760
-2211
-2095
-3782
-4293
-1559
1043
963
-491
-280
1320
2861
3271
4401
4705
4176
4324
5499
7149
6877
6216
6363
7022
7060
6666
5962
5942
6192
6255
5594
3755
3079
3262
3540
2799
1559
697
-21
-671
-804
-894
-1532
-2332
-3018
-2992
-3129
-3081
-3116
-3305
-3308
-3041
-2522
-2585
-2661
-2147
-1117
-510
-422
-429
100
685
1360
2230
2633
2805
2427
2850
3655
4226
4315
3952
3987
4068
4095
3904
3770
3527
3339
2807
2291
1849
1490
1215
573
-42
-809
-1270
-1767
-2237
-2808
-3540
-4004
-4448
-4774
-5142
-5763
-6334
-6722
-6629
-6224
-6712
-7552
-7846
-7459
-6652
-6931
-7239
-6812
-6435
-5782
-5872
-5428
-4693
-4414
-3653
-2821
-1992
-1665
-1764
-814
971
1827
2277
2035
2703
3793
4550
5660
5936
6061
6057
6428
7056
7455
7429
7612
7349
6975
6686
6302
6307
5908
5730
5133
4186
3255
2778
2613
2302
1639
720
-106
-832
-937
-917
-1107
-1775
-2443
-2576
-2502
-2439
-2476
-2272
-2038
-2057
-2090
-1937
-1358
-792
-225
124
219
288
607
1306
1894
2242
2271
2264
2172
2494
2890
3162
2965
2506
2389
2125
2049
1823
1600
1369
754
174
-294
-644
-791
-1291
-2055
-2527
-3005
-3269
-3780
-4527
-4532
-5100
-5301
-5571
-6042
-6135
-6993
-6812
-6311
-6303
-6937
-7681
-7429
-6224
-6021
-5822
-5730
-6164
-5783
-5290
-2748
-1848
-3089
-3930
-2691
340
1596
1178
1181
1960
2869
4244
5372
6463
6126
6109
7087
7971
8386
8154
8379
8649
8827
8463
7773
6967
7045
7572
7183
5599
4076
3564
3569
3126
2369
1486
311
-812
-1406
-1552
-1805
-2169
-2907
-3322
-4068
-4073
-3805
-3745
-3496
-3393
-3156
-3320
-3540
-2791
-1406
-952
-555
-933
-430
79
549
1976
2366
2565
2093
2108
2911
3454
3628
3883
3541
3370
2967
2610
3039
2785
2790
2091
1198
597
24
49
113
-400
-1379
-2648
-3515
-3347
-3284
-3548
-4452
-5588
-5865
-6026
-6144
-6230
-6834
-6973
-7159
-7338
-7142
-7841
-7849
-7158
-6466
-5644
-6505
-7063
-6584
-5396
-2721
-1947
-2947
-4122
-3897
-428
1959
2057
1539
1005
2457
3947
5307
6746
6515
6371
6732
7472
8349
8232
8326
9102
9055
8511
7307
6569
7295
7839
7684
6067
4008
3238
3370
3438
3106
1868
655
-437
-1433
-1403
-1608
-1613
-2103
-3042
-3617
-4090
-3940
-3532
-3045
-2655
-2805
-3520
-3645
-2883
-1337
-304
-298
-465
-646
-180
700
2004
2923
2897
2326
2124
2721
3387
3924
3916
3750
3310
2695
2488
2445
2719
2566
1845
924
-47
-591
-741
-693
-870
-1789
-3318
-4266
-4515
-4088
-4252
-5087
-5919
-6703
-6867
-7162
-6905
-6969
-7186
-7788
-8150
-8029
-8061
-7646
-7380
-6751
-6691
-6776
-6921
-6412
-5185
-3037
-2054
-3217
-4356
-3260
744
2446
1986
1163
2136
3840
4780
6343
7819
7915
7017
7655
9213
10282
9517
9492
10287
10292
9503
8310
8151
8511
8737
8047
6313
4240
3715
3891
3702
2836
1275
43
-1242
-2006
-1766
-1962
-2549
-3494
-4506
-4727
-4893
-4541
-4214
-4305
-4160
-4049
-4247
-4048
-3430
-2065
-1111
-1225
-1112
-1023
-270
661
1842
2727
2654
2175
2163
3068
3997
4542
4305
3876
3509
3427
3528
3564
3322
2861
2269
1568
944
303
-56
-370
-857
-1819
-2877
-3671
-4009
-4238
-4773
-5317
-5946
-6728
-7293
-7668
-7533
-7204
-7894
-8384
-9100
-8897
-8178
-8214
-7853
-7737
-7227
-7083
-7340
-6316
-3877
-3042
-3817
-4886
-3083
447
946
798
838
2743
4034
4298
5840
7416
7644
7237
8176
9679
10427
9369
9688
10483
10715
10178
8948
8769
8894
9038
8272
6660
5116
4904
4558
3895
2826
1502
744
-581
-1063
-1280
-1961
-2541
-3474
-3832
-4079
-4547
-4449
-4364
-4227
-3925
-4083
-4023
-3630
-3092
-1887
-1666
-1321
-941
-676
239
749
1814
2355
2362
2298
2594
3268
3895
4001
3916
3813
3388
3422
3301
3420
2958
2281
1881
1399
919
-43
-605
-833
-1263
-2236
-3327
-3928
-4165
-4719
-5510
-5779
-6372
-7002
-7812
-7894
-7383
-8006
-8570
-9099
-8830
-8736
-9005
-9031
-8324
-7407
-7271
-7524
-7435
-4958
-3750
-4605
-5484
-3386
319
672
-991
-226
2716
4100
4509
5144
7395
7074
6364
8413
10529
11230
9489
9263
10648
11007
10506
10088
9458
9635
9189
8334
7058
5521
5927
5576
4278
2718
1322
726
-234
-794
-737
-1888
-3068
-4246
-4525
-4249
-4412
-4258
-4908
-5698
-5614
-4834
-3893
-3557
-3935
-3274
-3160
-2369
-1419
-727
193
-80
738
1445
2037
2378
2866
3579
4064
3813
3728
3945
4111
4716
4277
4025
3167
2783
2840
2672
2382
1170
265
-213
-451
-1201
-2152
-2829
-3068
-3726
-5040
-5787
-6162
-5767
-6321
-7377
-7944
-8304
-7841
-8252
-8988
-9505
-9082
-8473
-8070
-8468
-8490
-8100
-7165
-4562
-4433
-5938
-7124
-4304
6
552
-1419
-1342
878
3048
4464
5208
6790
5749
6233
8507
10450
10696
9156
9920
11528
11457
10517
9957
9820
10797
10355
9589
7566
5937
6517
6411
5634
3864
2075
1232
390
-129
-282
-1456
-2260
-3566
-4329
-4258
-4392
-4130
-4676
-5386
-5302
-5046
-4364
-4087
-3923
-3068
-3057
-2696
-2140
-1207
-284
-49
515
1137
1442
1952
2396
3054
3698
3523
3545
3298
3608
3972
3722
3421
2726
2432
2613
2252
1516
546
-17
36
-751
-1694
-2591
-3331
-3126
-3932
-5010
-5798
-6552
-6368
-6877
-7111
-7469
-8748
-9333
-8925
-8668
-8358
-9603
-10159
-9253
-8782
-7494
-7607
-6311
-5637
-7328
-7766
-4857
-926
8
-2689
-2958
268
2103
3939
4457
6346
6405
5347
7252
10070
11525
10740
10346
11345
11849
10513
10885
11290
12263
11894
9916
8135
6776
7638
8137
7094
5061
3224
1614
1125
697
809
11
-1670
-2969
-4314
-4256
-4155
-3767
-3760
-4657
-5801
-6050
-5309
-3954
-3247
-3195
-3376
-3996
-3134
-2000
-639
50
181
418
361
944
1877
2931
3513
3528
3002
2912
3058
3640
3893
3793
3339
2354
2099
1855
1878
1421
767
97
-949
-1638
-2272
-3004
-3288
-3966
-4434
-5504
-6749
-7103
-7186
-6798
-7564
-8755
-9388
-9561
-9514
-8959
-9292
-9339
-10074
-9401
-8050
-7449
-5941
-6909
-7878
-7814
-4231
-835
-1613
-4082
-2955
188
2604
3311
3668
5668
4661
5733
7632
10367
10797
9341
10493
11747
11627
10583
11002
11951
12692
11079
10002
8234
7960
8809
8444
7354
4825
3414
2432
2162
1800
1346
-80
-1486
-2707
-3438
-3515
-3619
-3270
-3594
-4724
-5839
-5539
-4286
-3140
-3079
-3503
-3831
-3670
-2458
-1035
-229
101
-83
90
741
1529
2618
3059
3280
3234
2875
2787
3079
3536
3991
3553
2508
1867
1573
1925
1702
957
236
-820
-1396
-2040
-2581
-2758
-3335
-4108
-5182
-6322
-6615
-6609
-6597
-7015
-8140
-8665
-9386
-9290
-9093
-9101
-8985
-9813
-9449
-9056
-7358
-5303
-6614
-9089
-9041
-4355
-214
-2425
-5239
-3690
-418
2094
1952
3646
5050
3473
4518
7089
10426
10312
8339
10102
11693
11537
10502
10355
12269
13091
11930
10255
7911
8265
9600
9495
8036
5240
4074
3056
2698
2788
2099
784
-1268
-2199
-2683
-3175
-3207
-3244
-2975
-4114
-5933
-5919
-4836
-3217
-2658
-3496
-4089
-4384
-3279
-1265
-643
46
-531
-811
26
779
2531
2694
2776
2652
2322
2433
2672
3039
3677
3516
2234
1354
917
1866
1575
1070
-12
-1324
-1526
-2067
-2037
-2807
-3751
-4393
-5369
-6046
-6256
-6856
-6742
-7172
-8139
-8339
-9654
-9213
-8973
-9162
-8562
-10149
-9406
-8422
-7324
-4847
-6727
-9213
-8686
-4602
343
-1764
-5488
-3459
-864
2453
2810
3229
5288
2978
4432
7410
9823
10521
8251
9742
12039
10803
10128
10262
11916
13679
11387
10095
7922
7780
9820
9361
8190
5436
3481
3063
2697
2780
2365
368
-818
-2238
-3109
-3468
-3710
-2649
-2768
-4176
-6174
-6565
-4817
-3084
-2351
-2967
-4323
-4657
-3480
-1110
398
503
-69
-675
-8
1643
3143
3732
3437
3080
3133
2936
3584
3847
4378
4233
2821
2059
1418
1785
1853
1492
500
-1030
-2224
-2324
-2475
-3088
-3787
-4937
-5551
-6669
-7035
-7336
-7633
-7836
-8635
-9074
-9677
-9842
-10598
-10138
-9234
-8629
-8734
-9692
-7697
-6326
-7407
-9023
-6908
-2120
-1300
-5143
-5736
-1625
1520
2678
1888
4104
3833
2899
5668
8773
11159
9086
8113
10181
11250
10809
10867
11396
12907
12015
10156
9036
7890
9868
10125
8929
6523
4071
3649
3514
3678
3435
1467
-638
-1725
-2127
-2106
-3033
-2842
-2653
-3252
-4813
-6127
-4953
-3102
-2054
-2262
-3537
-4462
-3755
-1766
598
993
307
-527
-296
1333
2939
4223
4015
3355
2835
3070
3584
3969
4388
4314
3589
2120
1091
1099
1619
1626
831
-1041
-2860
-3502
-3433
-3102
-3794
-4940
-6356
-7851
-8084
-7956
-7889
-8724
-9569
-9715
-10141
-11143
-12008
-10968
-9607
-8624
-9411
-9949
-8160
-7433
-8606
-8739
-5130
-1368
-2742
-6619
-4980
-752
2423
2826
2769
4478
2941
3329
6711
10693
11905
9059
8505
10625
11237
11315
11718
12619
13556
11340
9844
8456
8753
11029
10305
8293
5358
3418
3417
3405
3955
3420
409
-1891
-3163
-2722
-2293
-3100
-2981
-3845
-5261
-6317
-6290
-4246
-2976
-2970
-3425
-4718
-4687
-3220
-1059
658
599
25
-491
104
2163
4071
4997
4818
4011
3684
3984
4874
5858
6218
5601
4119
2747
2461
3220
3420
2904
1370
-529
-1847
-2610
-1980
-2121
-3223
-4887
-6784
-7688
-7938
-8089
-7946
-8872
-10150
-10872
-12163
-11420
-11884
-11571
-11218
-11478
-10319
-10842
-9010
-7638
-9500
-10626
-7736
-3002
-1532
-6561
-7090
-2351
1082
3547
1878
3815
3639
2774
6481
9867
12023
9949
8363
11185
12371
11409
11995
12297
14398
12984
10528
9576
8306
10918
11361
9456
6549
3381
3465
3944
3748
3294
677
-1410
-2692
-3172
-2710
-3722
-3552
-3576
-4961
-6307
-7199
-5398
-3414
-3232
-3213
-4532
-5019
-3826
-2047
688
820
223
-239
40
2463
3977
5178
5635
4984
4681
4813
5143
6767
6846
6860
5934
3779
4004
3363
4594
4119
2370
1141
-1194
-1502
-1629
-2389
-2779
-4230
-6012
-7188
-9470
-8511
-8729
-9253
-9755
-12939
-12172
-13198
-13646
-12585
-13086
-10877
-11710
-11917
-9272
-11428
-12733
-10591
-5286
-1108
-6927
-10241
-6095
-1616
3325
1981
2397
3379
628
4653
8768
12250
11825
8429
10852
12292
11428
12514
13404
15776
15296
11497
10680
8925
11193
13652
11825
9099
4474
3443
4501
4591
4923
2831
-400
-2561
-3985
-3112
-3164
-3677
-3183
-5165
-7396
-8632
-7384
-4213
-3675
-4434
-5814
-7033
-6071
-3969
-1384
24
-1003
-1731
-1814
-280
2434
3962
5242
4797
3803
3724
4515
6195
7757
7717
6741
4834
3989
4821
5596
6256
4609
2990
1162
-91
-197
-186
-234
-1626
-4132
-6144
-6921
-6897
-6987
-8361
-8991
-10273
-11899
-12539
-13157
-12378
-12136
-12766
-12156
-12466
-10442
-9676
-12469
-13198
-9805
-4119
-3929
-8791
-9631
-4985
-1355
1651
1145
2341
1997
588
5569
9348
11948
9613
8298
11163
12541
11783
12281
13547
15500
14524
11232
10653
9431
12170
12978
11266
8404
4486
4340
4837
5020
4420
1783
-733
-2506
-3232
-2756
-3646
-3632
-4106
-5693
-7179
-8196
-6835
-4763
-4233
-4407
-6221
-6978
-5791
-3763
-852
-937
-1136
-1957
-1535
530
2675
4788
4798
4299
3746
4674
5624
6926
7642
7747
7075
5485
5059
5344
6640
6196
5196
3386
1730
911
603
1125
-203
-1457
-4101
-5210
-5612
-6386
-7174
-8869
-8567
-9929
-11367
-12922
-13643
-12828
-12249
-12179
-12350
-11829
-11014
-12476
-15462
-11626
-6332
-4440
-8664
-12157
-7548
-3950
-999
137
1144
1467
-1000
1211
7399
10813
10122
8369
9585
11892
10609
11619
14190
15928
15661
12037
10632
10285
12154
14426
13208
10062
6292
4630
5306
6100
5774
3976
582
-1850
-2934
-3083
-2935
-3249
-3287
-5019
-7648
-8961
-7853
-5536
-4386
-4766
-6500
-7961
-7715
-5200
-2412
-1221
-1762
-3039
-2985
-1364
1218
3272
4387
4079
3144
3082
3959
5959
7393
7943
7165
5420
4403
4696
6136
7138
6476
4426
2041
727
1244
1779
2096
483
-2437
-4539
-5648
-4828
-5124
-6278
-7741
-9274
-10396
-12073
-12546
-11782
-11647
-11158
-11888
-12041
-10637
-12909
-14255
-12337
-6562
-3952
-9620
-12677
-9373
-3628
-280
-924
-230
458
-1452
1341
5725
10443
10506
7128
9137
10749
11410
11374
13248
16650
15992
12245
10267
9997
13096
15226
13422
10660
6060
5097
5636
6745
6854
4031
822
-1910
-2901
-2659
-2711
-3213
-3253
-4941
-7692
-9941
-8329
-4891
-4095
-5445
-7862
-8662
-7909
-5291
-2455
-1733
-2453
-4066
-3680
-1435
1168
2921
3562
3859
3299
2796
3519
5913
7567
8553
7205
5364
4437
4928
7364
7568
7105
4593
2501
1940
2576
3000
1978
741
-1311
-2713
-4167
-4220
-4873
-5044
-6717
-8582
-9949
-11309
-10528
-11913
-11777
-12665
-12633
-12241
-12064
-9712
-11453
-14984
-14186
-8245
-4230
-7104
-12638
-9658
-4655
-1624
-330
-785
1214
-960
710
5859
9406
10027
7433
8756
11991
11457
10655
12567
15195
16736
13186
10975
10359
11739
14633
13646
11272
7371
5280
5851
6391
6603
4753
1550
-710
-2247
-2235
-2733
-2911
-2827
-4469
-6690
-8692
-7675
-5568
-4989
-5062
-6191
-7630
-7512
-6361
-3059
-1572
-2098
-2911
-3694
-1355
364
2421
3716
3730
3460
2590
3443
5298
6752
7339
7024
5429
4702
4399
5891
6786
6317
4947
2328
1670
1137
2038
1532
687
-1067
-3340
-4530
-5227
-4680
-5322
-6551
-8597
-9549
-11002
-11165
-12235
-11787
-11790
-12541
-12162
-11909
-9180
-12422
-15373
-13509
-6513
-3801
-8887
-12903
-9523
-3754
-1377
-98
-682
467
-1825
1170
6475
9856
9489
6702
9093
11122
11338
10594
13101
15518
16294
12744
10434
10044
12389
15479
13768
10792
6490
5555
6197
7257
6841
4619
1000
-1086
-1872
-1882
-1968
-3054
-3058
-4784
-6895
-8564
-7622
-5525
-4434
-5162
-6661
-8300
-7805
-5098
-2611
-1416
-2478
-3241
-3317
-1251
1354
3171
3945
3601
3182
3046
4095
5942
7129
7659
6980
5426
4643
5026
6422
7433
6508
4535
2264
1191
2146
2229
2078
430
-1381
-3713
-4933
-4931
-4808
-4795
-6830
-8220
-10488
-11026
-11221
-11310
-11419
-12211
-13679
-13079
-12629
-10922
-9233
-13713
-14051
-12140
-6279
-4953
-10462
-10424
-6711
-2565
-388
-1400
52
1021
-137
4898
7263
9850
8483
6822
11569
12340
11855
11441
12874
16037
15046
11970
11575
10673
13671
14109
11808
9610
5927
6474
6396
6479
5573
2296
95
-1059
-1456
-1729
-3320
-3533
-3859
-5031
-6649
-8325
-6529
-4889
-4729
-5342
-7088
-7035
-6126
-4114
-1447
-1837
-1915
-2921
-1700
983
2357
3891
3485
3494
3710
3810
4948
6504
6713
7302
5687
4724
4463
5087
7242
5775
4692
2321
1102
1686
1481
1447
83
-1435
-3135
-4670
-5065
-5246
-5584
-6504
-8497
-9391
-10504
-11384
-10781
-12131
-11817
-12773
-13486
-12335
-12035
-8508
-10940
-14774
-13251
-8285
-3834
-7144
-11141
-7802
-4008
-1320
252
-463
2147
10
2135
7102
8851
9794
6939
9778
13028
11810
11099
12071
14310
16444
13238
11590
10647
11114
14395
12711
10918
7213
5290
6357
6362
5784
3648
580
-438
-1285
-1675
-2411
-4293
-3433
-4081
-5822
-7614
-7886
-5692
-4584
-4646
-5714
-7361
-6991
-5092
-2587
-961
-1890
-2740
-2394
-247
2228
2965
3398
3515
3639
4084
4549
5714
6324
7138
6921
5525
4522
4653
6159
6844
5854
3638
1666
1224
1951
1856
1014
-648
-2218
-3562
-4703
-5081
-5686
-6287
-7303
-8455
-9637
-11438
-12182
-12406
-11524
-11451
-13025
-13357
-12668
-9509
-11068
-14791
-13315
-8309
-4997
-8189
-11796
-8779
-4392
-1795
91
-504
667
-1341
1202
7025
9162
9518
6437
8780
11868
11522
11281
12542
14651
15640
12677
11355
10837
11810
14915
12993
10876
6742
5352
6893
6979
6874
3767
741
-602
-1358
-1147
-2329
-3341
-2909
-4453
-6454
-8376
-7373
-4583
-4422
-4970
-6871
-7882
-6784
-5210
-2188
-1387
-2465
-3186
-3261
-385
1787
2694
3632
3252
3468
3327
4038
5919
7021
7430
6723
4874
4099
5414
6606
7398
5515
3810
2370
1277
1896
1937
1892
631
-2199
-4229
-4488
-4835
-3732
-5590
-7267
-8449
-10843
-10182
-11153
-11219
-11314
-13065
-12346
-12187
-10760
-9479
-13944
-14591
-10595
-6163
-5570
-11322
-11901
-6944
-3439
-652
-1350
-1114
-619
-1479
3779
7042
8649
7502
6385
9880
11249
10454
11023
13251
15074
14384
11062
10797
10828
13589
14742
11928
8967
5943
6650
7404
7338
5766
2948
598
-610
-864
-1278
-2621
-3372
-3170
-4269
-6858
-8437
-6877
-4433
-4190
-5333
-7420
-7978
-6614
-4398
-1905
-2029
-2565
-3933
-2874
-29
2105
3005
2666
3139
3289
3752
4438
5783
6842
7529
6307
4570
4375
5679
7366
6984
5422
3236
1753
2063
2663
2688
1297
-482
-2583
-3707
-3509
-4015
-4100
-6230
-7421
-8797
-10194
-9846
-10505
-10889
-11722
-13510
-13466
-12240
-10159
-7921
-13088
-16115
-13271
-7305
-3430
-9199
-11953
-8961
-5349
-1372
-1086
-437
152
-1605
2320
5810
8003
8206
6627
10193
11730
10155
10127
11599
15286
15941
12668
11103
9387
12193
14522
13106
10758
6691
6208
6521
6738
6361
3783
1521
224
-827
-1537
-3389
-3469
-2015
-3316
-5876
-8764
-7579
-4904
-4439
-4513
-6446
-7337
-7100
-5502
-2692
-1744
-2134
-3103
-2862
-723
1127
1899
3030
3771
3951
3392
3349
4907
6458
7595
6978
5128
4307
4820
6274
7020
6057
4455
2459
1445
1929
2482
2031
666
-1892
-2785
-3559
-4226
-4334
-6039
-6007
-7842
-9427
-9918
-11351
-11196
-11278
-11894
-11433
-12688
-11624
-9618
-12721
-13852
-12646
-7193
-4971
-10523
-11786
-8857
-4605
-1229
-1992
-961
-998
-1887
2272
5323
8661
8083
6038
8728
10235
10621
11231
12289
14708
14052
11647
11164
10242
13077
14101
12328
9816
6412
6511
6855
7264
6331
3663
737
-481
-933
-781
-1071
-2644
-3386
-5192
-5999
-6792
-5390
-4593
-5237
-5589
-6736
-6269
-5905
-3731
-3172
-2563
-2663
-2529
-1573
-713
1825
2317
3136
2720
3327
3737
4929
5783
5906
6473
5815
5553
4648
6187
5997
5889
4864
3697
3331
2073
2572
1415
1229
-113
-1775
-2789
-3513
-3604
-4535
-6142
-7775
-7789
-8989
-8676
-10641
-11775
-11764
-12915
-11051
-11502
-9343
-9729
-13552
-15346
-11918
-5231
-4452
-9781
-12526
-8279
-4938
-1006
-1244
-412
-533
-2008
2025
4951
8483
7799
7270
9101
10059
9173
9882
12557
15307
14837
10731
9780
9198
12586
14246
12279
9484
5794
5397
6027
6516
6014
3642
664
-674
-2074
-2197
-2887
-2880
-1104
-3458
-7573
-10081
-7461
-2815
-2074
-5043
-8221
-8976
-6617
-3252
-1368
-744
-2971
-4044
-3146
87
2968
3009
3555
3556
3508
2775
3807
6132
8389
8373
5910
3627
3657
6396
7950
8228
5362
3043
1552
1824
3733
3431
2124
-559
-2143
-2915
-3727
-4112
-3556
-4394
-6260
-8881
-10667
-9553
-9563
-9444
-10565
-12964
-13167
-12865
-10494
-7572
-10379
-14346
-14196
-8907
-4544
-7417
-10646
-9121
-5408
-2229
-1532
-1569
-227
-545
2223
5160
6542
7346
6280
9178
11441
10957
9735
10492
13325
14977
13153
11259
9939
10685
13330
12151
10441
7200
5939
6563
6222
5440
3279
1099
373
-850
-1847
-3224
-4816
-2443
-3046
-5311
-8337
-8981
-5459
-3796
-4786
-6613
-8212
-7570
-4966
-3516
-1338
-2938
-3432
-3219
-1354
1951
1733
2779
3177
4014
3704
3554
4583
6813
7603
7094
5436
4196
5715
6362
7660
6252
4862
2939
2028
2627
3179
2723
598
-540
-2566
-2804
-4283
-3913
-3756
-5242
-7440
-9555
-9549
-8942
-9561
-11434
-10652
-12864
-11629
-12245
-10437
-7330
-11459
-13487
-13304
-6959
-4397
-8158
-10603
-6957
-4161
-1468
-1705
-1211
2120
-167
3474
4508
7791
8576
6946
10115
11221
11117
10065
11302
13842
15354
12016
11073
9499
11615
13208
10816
9738
6268
6233
5634
5364
4745
2420
595
-379
-1922
-2517
-4362
-4291
-2008
-3891
-6918
-9926
-7718
-4063
-3716
-5825
-7745
-8350
-6292
-4169
-2098
-1730
-3521
-3094
-2717
887
1951
2192
3067
3778
4264
3113
3881
5484
7518
7580
6188
3988
4553
5634
7279
7054
4859
3728
1076
2420
2661
2880
1833
-991
-1404
-3321
-3987
-3738
-3730
-4522
-6382
-9417
-9605
-9866
-8967
-8494
-11397
-12067
-14667
-12087
-10135
-7843
-7018
-13405
-15559
-11844
-4374
-3242
-7798
-10374
-6520
-3925
-1192
-177
1144
2961
-28
3401
5419
8934
8802
8549
12305
11794
9678
8674
12540
16461
16149
11609
9715
8791
11605
12859
11586
9736
5363
4712
4161
4730
4127
1743
565
-1295
-3276
-4479
-5814
-2912
-2101
-4771
-8253
-10357
-7103
-4867
-4339
-5146
-6789
-7936
-6516
-4834
-1370
-1282
-1865
-1982
-2166
1005
1015
3592
4792
5340
4372
2706
3867
6222
8440
8266
6726
3990
4427
4937
7030
7064
5440
3427
700
1566
1790
2491
1179
-308
-2024
-4427
-4712
-4460
-4264
-5196
-6847
-9285
-9635
-10522
-10444
-10224
-10605
-10821
-13767
-13801
-11918
-7460
-7107
-12683
-15362
-10827
-4159
-4401
-8672
-9105
-4911
-3047
-745
75
1733
1617
1080
5112
7826
9616
7356
8430
12869
13661
10619
9654
12836
16158
15484
12305
10482
9510
12174
12540
11374
8600
5231
4978
5149
5189
3116
391
-392
-1153
-2489
-3561
-5191
-4850
-4310
-4335
-6611
-8608
-7802
-6453
-4574
-4252
-5901
-7556
-6241
-3994
-1505
-1324
-1085
-1681
-1261
962
2073
4097
3964
4998
4032
4167
4873
5697
7031
7396
6964
4421
4338
4392
6181
5930
5078
2454
716
1150
814
1474
-63
-998
-3827
-4699
-4860
-4818
-5372
-7505
-7817
-8956
-9496
-10930
-11551
-11230
-10906
-11472
-13569
-13691
-12075
-8640
-7806
-11248
-14776
-11919
-5122
-3971
-6327
-8966
-6272
-3553
-581
1982
1897
1973
590
4658
8042
9985
8676
8932
12043
13061
11469
9884
13390
15137
16211
12937
10514
9521
10764
13254
11914
9396
5067
4232
4375
5409
3683
1316
-279
-2116
-2356
-4460
-3515
-3513
-4369
-4984
-7353
-7697
-6524
-5444
-4916
-4164
-5828
-6325
-6142
-2861
-230
-1411
-427
-1824
226
1319
2943
5067
4488
5008
4000
4346
5483
6979
6956
7200
5619
5207
4680
4987
6251
4690
4805
2139
1052
491
313
906
-160
-1401
-3965
-6056
-5648
-4992
-5715
-6269
-8951
-9973
-10403
-11290
-10457
-10570
-10889
-12609
-15139
-13865
-11681
-8164
-5927
-11480
-16009
-13694
-5694
-1273
-5603
-9363
-7436
-4390
-382
1644
2088
2938
938
3754
6545
8945
9773
9029
12517
13529
10855
9113
11799
15976
17785
13841
10275
8297
10390
13705
12522
10383
5638
4195
4209
4626
3955
1878
698
-1154
-2791
-4481
-4814
-3983
-2932
-4284
-6490
-8845
-7990
-5675
-4529
-2936
-5126
-6733
-6604
-3859
-797
-585
-78
-497
-304
928
2345
4166
5913
5644
5311
4355
4672
6449
6775
8248
7138
5620
4275
4175
5557
5616
5241
3273
1000
-103
103
60
300
-1232
-3271
-5343
-6506
-5602
-6050
-6306
-8074
-9952
-10696
-11453
-10957
-10482
-11066
-11972
-13518
-15047
-13146
-10654
-7888
-7099
-11314
-14792
-13218
-5376
-839
-4055
-8235
-7622
-3607
294
2454
3656
4263
2145
3359
6268
9845
11294
10836
12525
12672
10987
9637
12448
16304
17470
13518
9720
8102
9557
12700
12406
10112
5370
2887
2558
3621
3467
2184
-26
-2324
-3978
-5637
-4488
-4280
-3341
-4571
-6911
-8520
-8208
-5828
-3991
-2885
-4230
-5584
-6774
-3866
-1308
1137
1539
291
236
-151
3263
5340
7178
6582
5437
4575
4961
6536
7602
8642
7446
5984
3514
4070
4679
5809
5129
2949
1110
-1289
-984
-589
451
-989
-3990
-6474
-7404
-6480
-6165
-6865
-7968
-9974
-12201
-12215
-11583
-10188
-10121
-12912
-14240
-14851
-12981
-10651
-8799
-6577
-10260
-14514
-13524
-6230
-777
-2716
-7323
-7091
-3902
-495
2908
3586
5040
2912
3259
5894
9316
11575
10942
12304
12752
11279
9417
11723
15020
17199
13919
9783
7824
8479
11774
11812
10091
5846
2765
1948
2755
3164
2335
293
-2058
-4117
-5060
-4598
-4672
-3388
-3645
-5543
-7509
-8062
-6123
-3646
-2023
-2506
-4809
-5569
-3954
-761
2138
2655
1753
497
1265
3534
5764
7406
7807
6594
5481
5167
6324
7993
8759
8330
5651
4058
3727
4531
5286
4695
2993
716
-1072
-1894
-1107
-619
-1550
-4266
-6427
-7859
-7644
-6877
-7269
-8090
-10590
-11670
-11995
-11921
-10557
-10173
-12342
-14161
-14335
-12709
-10225
-9657
-7615
-8308
-12078
-13305
-8668
-1265
-573
-5609
-7578
-4621
-773
2998
4011
5091
3628
2128
5162
8694
11918
11260
10781
11817
11257
9534
10715
13910
16099
14009
9495
7610
7356
10358
11601
9877
6110
2221
879
1912
3237
2555
421
-2818
-4563
-5321
-5517
-4592
-2893
-3372
-5811
-8383
-8640
-5377
-2791
-2203
-3077
-4742
-5212
-3771
-404
2607
2710
1931
698
1364
3720
6012
7889
8023
6717
5583
5275
6445
8653
8771
7922
5685
4249
4132
4791
5355
4372
3008
826
-843
-1714
-1114
-1436
-1774
-3314
-6223
-7673
-7988
-6976
-6935
-8047
-9983
-10858
-11819
-11682
-11113
-10433
-10327
-12736
-13703
-14017
-12023
-9551
-6260
-5368
-10385
-14936
-11420
-2455
1591
-1633
-7910
-6594
-2460
2301
5231
5068
4383
1910
3906
7325
10748
11247
11194
11490
11835
9994
8444
11757
15030
15993
11116
7049
5389
8121
11233
10880
7391
2223
315
612
2714
2470
940
-2168
-3891
-5251
-6004
-5862
-4607
-1977
-4007
-7263
-9510
-7813
-4214
-1563
-1639
-3323
-5682
-5981
-2267
1602
4324
2428
731
394
2289
5107
6782
8437
8045
6428
4766
5240
6774
9253
9593
7827
4798
2575
3665
5301
6443
4964
2090
-991
-1983
-1401
-82
-193
-2689
-4754
-7089
-7681
-7040
-6221
-6417
-7982
-10402
-11860
-11434
-10194
-9025
-9777
-11119
-12961
-13212
-11828
-9937
-8444
-7378
-6225
-8582
-11987
-10476
-2948
1904
-1273
-6161
-5963
-1990
2297
5181
5734
4821
2755
3449
7049
11266
12162
10460
10426
11093
10519
9488
11161
13644
14152
11151
7373
5328
7189
9968
9889
6862
2268
183
387
2132
2137
351
-2323
-4277
-5289
-5283
-5341
-4495
-2881
-4514
-7200
-9048
-6680
-3360
-1903
-2745
-3918
-4943
-4385
-1515
1312
3120
1820
1125
776
3256
5248
6406
7784
7401
6255
4495
5436
7565
9456
8371
6175
3704
3507
4509
5032
5495
3213
1114
-1470
-1690
-764
-578
-1868
-3609
-5240
-7151
-7337
-7435
-6089
-6928
-8406
-10579
-11549
-10164
-9712
-8971
-9789
-10896
-12518
-12340
-11784
-9211
-7961
-7232
-5489
-8340
-11399
-10624
-2798
1925
-285
-6054
-6634
-2616
2125
5669
5296
5237
1870
2882
6266
10769
12192
10261
10086
10480
10181
8314
10863
13189
14436
10756
7083
5221
6190
9822
9928
7597
2321
79
-219
2161
2575
1246
-1276
-4325
-4837
-5517
-4638
-4860
-3487
-3427
-5253
-8286
-8018
-4303
-1921
-567
-3080
-4418
-4848
-2337
642
3189
3853
1755
658
1284
5004
6405
7971
7311
6564
5277
5048
7120
7571
8720
7101
5118
2826
3548
4350
4895
3995
1495
-362
-2244
-1549
-1989
-1334
-2829
-4234
-6303
-8069
-7837
-7301
-6120
-7122
-8504
-11655
-11176
-9986
-8905
-8170
-9888
-11292
-12195
-11455
-10493
-7967
-7635
-6490
-5835
-8065
-10890
-9024
-890
1807
-836
-5974
-6014
-1486
3380
6444
6334
4462
1370
3365
7615
12400
12114
10011
9688
10126
10212
8861
11391
13551
13512
9706
6421
4916
7036
10184
9590
6504
1383
-168
397
2616
2939
1107
-2134
-4658
-5014
-4828
-3809
-4055
-3306
-4159
-6106
-7926
-6811
-2855
-1059
-1306
-3390
-4947
-4426
-871
1905
3566
2775
446
633
2330
5888
6772
7127
6689
5725
5047
5385
7442
7976
8080
6205
4402
2452
3572
4797
4687
3332
402
-1441
-2292
-934
-1540
-1663
-3707
-5470
-6743
-7206
-7287
-7179
-6301
-7628
-9046
-11178
-10374
-9949
-8357
-8828
-9576
-10038
-11598
-11556
-10768
-8545
-7286
-6634
-8051
-6595
-7878
-8370
-5812
-1071
928
-3155
-5435
-4334
1002
4081
6063
4357
3654
2534
4179
8742
11292
12087
8919
9027
9137
9892
9613
11597
12896
11881
8619
5278
6033
7986
10617
8569
5293
1299
389
1483
3418
3356
661
-1873
-4251
-4114
-3641
-2718
-2989
-2573
-3885
-6241
-7389
-4755
-1229
67
-1184
-4325
-4623
-3109
522
3038
3388
1558
500
595
3345
5865
6296
6513
5222
4949
3924
5050
6426
7569
6842
4423
2011
1379
3213
4170
4090
1122
-1097
-3087
-2210
-1455
-1565
-2612
-4981
-5829
-7028
-6539
-7306
-6489
-6716
-7538
-9130
-10604
-9940
-8924
-7624
-8233
-8873
-11848
-11261
-10178
-8167
-7427
-9392
-8788
-8203
-4919
-4543
-6993
-8312
-4439
-451
282
-3346
-4879
-1001
1549
5399
4277
3854
3149
3275
7408
10074
10961
8807
7904
9722
11602
9877
9831
10495
11902
11439
8039
7398
6843
9165
9467
7444
4759
2133
2208
3279
4131
2326
45
-2070
-1731
-1942
-2261
-2960
-3453
-1558
-2615
-4076
-5587
-3560
-1122
400
-850
-3253
-2883
-1784
1785
2848
3475
1677
932
1127
3711
5886
5392
5364
3740
4666
3656
4516
4336
5348
5276
3055
1192
57
1873
2162
2243
-809
-2244
-3890
-3081
-2657
-3111
-3647
-5871
-6313
-7203
-6345
-7112
-7250
-7672
-7630
-8105
-9182
-9652
-9133
-8315
-7861
-7952
-10288
-9832
-9120
-8370
-7665
-8188
-7906
-6921
-5818
-3634
-5715
-7831
-5610
-1471
1854
-1777
-4717
-3120
741
4617
5550
3862
3446
2929
5764
9261
10157
10406
7932
9256
10523
9978
9704
10429
12015
12086
9429
7019
6445
8023
10660
9135
5857
2553
1924
3700
4583
3626
1049
-1250
-1729
-1674
-1402
-2033
-2320
-1971
-2505
-3956
-5103
-3129
-765
253
-1283
-2705
-3238
-1140
1083
2454
2137
805
913
806
3247
3797
4360
3567
3539
3389
2814
3465
3506
4307
3876
3087
368
184
804
2252
1551
-678
-2223
-3691
-2635
-2422
-2337
-3912
-5266
-6453
-6050
-5617
-5854
-6776
-7794
-7392
-8106
-8209
-8307
-7533
-7571
-8255
-9199
-9236
-8420
-8023
-7713
-8342
-9000
-9782
-7715
-5045
-3887
-4058
-6805
-8687
-5868
-651
1554
-1085
-4584
-2944
392
3802
5356
4714
4961
4021
5333
7686
9679
10669
10257
10398
10290
8847
8564
10947
12795
13056
9525
6891
6080
7791
10363
9455
6954
3503
2361
2740
3979
3554
2239
368
-1021
-1924
-2837
-2260
-2095
-694
-1167
-3113
-5294
-4558
-1576
448
521
-1753
-2962
-3117
-662
1398
2411
1955
641
-192
151
2478
3737
4534
3644
2790
1729
1630
2988
3970
4932
3331
936
-667
31
1590
2192
933
-1376
-3115
-3643
-2436
-2251
-2329
-4006
-5352
-5844
-6239
-5541
-6094
-6200
-6134
-7026
-7981
-7853
-8297
-7694
-6513
-6636
-7927
-10207
-9524
-7899
-6373
-6972
-8551
-8338
-6849
-3981
-3403
-6161
-8243
-5076
-457
1056
-2318
-4562
-2158
1693
5286
5082
4242
2881
3645
7300
10315
10833
8487
7906
9924
11544
10156
9434
10323
11854
11354
9229
7354
6471
8744
9752
8521
5072
2523
2671
4002
4325
2673
286
-1267
-1195
-1349
-1639
-2834
-2889
-2886
-2177
-2609
-4926
-4538
-2404
-613
-837
-2979
-4614
-2566
-478
919
553
-350
-651
-661
1325
2493
2956
2064
2269
2911
3042
2416
2373
3281
3979
3627
813
-197
219
1926
1935
564
-1568
-3443
-2713
-1939
-1567
-3210
-4554
-5366
-4979
-4736
-5433
-6275
-6691
-5922
-6378
-6793
-8323
-8176
-6944
-6344
-6445
-8326
-9449
-9100
-7496
-6938
-6985
-8397
-8039
-6630
-4618
-2927
-5645
-7234
-5793
-1197
1194
-914
-3415
-2084
1510
4904
5742
4278
4588
4302
7224
9427
10194
10034
8928
10309
11072
10654
9859
10710
11615
12123
10035
8094
7253
7985
10040
8725
6311
3408
2909
3770
4012
3033
1139
-513
-1572
-1549
-2006
-2162
-3015
-3453
-3525
-4178
-4720
-5083
-3902
-2513
-2134
-3683
-5113
-4448
-2038
-132
-752
-1364
-2097
-1292
169
1578
2556
1891
1639
1723
2491
2894
3153
2799
3496
3264
1958
1139
742
2264
2004
1218
-244
-1745
-1851
-1286
-1218
-1370
-2766
-4560
-4571
-4751
-3507
-4336
-5655
-5918
-6793
-6680
-6679
-6621
-6137
-7257
-8564
-8062
-8349
-7136
-7357
-8855
-7979
-8585
-8155
-6889
-6398
-3491
-3335
-6457
-7611
-5473
819
2598
-1254
-2369
-1589
1725
5045
5568
7383
5864
4369
6347
8728
12205
11371
9999
10968
10890
10335
10066
10823
13468
13064
10412
7970
6039
8975
10235
9742
7055
3615
2397
2419
3855
3575
2064
-596
-2252
-3307
-2828
-3540
-3592
-3701
-4512
-4703
-7272
-6923
-5544
-2402
-1597
-4127
-6982
-6897
-3134
-428
251
-1462
-2286
-3179
-690
1315
3269
3301
1500
2239
2082
3902
3740
4575
5294
4869
3438
1633
1942
3267
4472
3290
1564
-1305
-1085
-791
237
22
-1906
-2993
-5432
-4263
-4205
-4137
-4536
-6542
-7037
-7572
-8387
-7841
-7049
-6986
-7995
-10347
-9541
-9260
-8259
-7794
-8842
-8045
-9807
-9148
-6519
-5235
-2973
-4026
-6686
-6735
-4187
1061
2229
-710
-1519
-575
2615
5344
6059
7233
5956
5549
7229
9013
11463
10715
10593
11295
10979
9984
9383
11103
12807
12208
9766
7246
6255
8221
9081
8343
5171
2540
1473
1383
2361
1147
-254
-2280
-3602
-4444
-5159
-5696
-5195
-5556
-5779
-7558
-8153
-5177
-5137
-4710
-5529
-5397
-4344
-3972
-3637
-2495
-1991
-936
-132
-14
1541
628
2260
3131
5157
5418
4080
4655
5092
6529
6519
6142
4788
4934
4458
4524
3550
3156
2666
1772
1556
-111
-529
-1794
-1129
-1748
-3035
-4617
-5951
-4990
-5210
-5969
-7317
-8216
-7734
-7735
-7636
-8106
-9792
-8837
-7831
-7693
-7735
-9400
-8413
-7132
-7269
-6062
-7397
-5671
-4952
-4071
-750
-2979
-4020
-3548
385
4367
2637
-355
1118
3538
7302
7700
6516
7834
5626
8490
9698
11380
11566
9147
10350
10933
10726
9888
9605
9819
11036
8591
7067
4673
5009
6954
5120
3715
186
-590
-648
-708
-1044
-2741
-4495
-5358
-5926
-6186
-5892
-7608
-6956
-7061
-6863
-6503
-8068
-6610
-5316
-3259
-2560
-4624
-5583
-3414
-703
1471
1580
-16
995
1166
4332
5710
5979
5822
4667
6315
6787
7506
6517
6920
6774
6407
4772
3921
4069
3879
4109
1953
892
-1268
-896
-1214
-1117
-2375
-4657
-5468
-6193
-4775
-5950
-6658
-7684
-7648
-7556
-8185
-9230
-8168
-6773
-7253
-7993
-9862
-7878
-6577
-5362
-5887
-7511
-7246
-7002
-5057
-2781
-2819
-2965
-1834
-2604
-2229
-1710
1250
3732
2383
1345
995
2905
5526
6942
7995
7536
5041
5675
7627
10909
11684
9062
8532
7696
8268
8682
8717
9063
8129
6435
4885
3086
3596
4530
3835
2516
-974
-2243
-2674
-1848
-1087
-2823
-4258
-6072
-6692
-5956
-5893
-5709
-5999
-6847
-6848
-7624
-5319
-3391
-3878
-3163
-3751
-2876
-1609
-906
1028
1628
1447
2114
2404
4222
5023
5086
6104
5832
6484
5888
6114
7237
6812
6368
5487
4547
4450
4228
3776
3080
1562
1151
-40
-291
-574
-1751
-2670
-3558
-3498
-4220
-4771
-5907
-5629
-5567
-6022
-6715
-7217
-6143
-6133
-6523
-6941
-6120
-5845
-5365
-6137
-5719
-5070
-5319
-4259
-4778
-3797
-4558
-4786
-3705
-2131
-1414
-1770
-1274
-867
-1235
-2233
851
2784
3488
1200
-6
2083
4038
6149
5718
5559
4200
4432
5516
8022
8569
7320
6754
5922
6323
5835
6596
6082
5970
4928
3502
1905
1607
3022
2681
2056
-529
-1773
-2153
-1462
-1078
-1622
-2573
-3805
-4551
-4741
-3729
-3945
-3617
-4072
-4126
-4481
-4140
-1745
-1284
-1255
-1270
-1023
154
1295
978
1712
2168
2670
3470
3096
3857
3442
4402
5575
5536
5075
3912
4111
4898
5290
4925
3710
2365
2699
2451
2317
1616
505
146
-611
-638
-1341
-1892
-2152
-2334
-2808
-3297
-3778
-3961
-3809
-3620
-4130
-4735
-4119
-4323
-4318
-4748
-4839
-4193
-3864
-3640
-3996
-5076
-4794
-3812
-3558
-3346
-4508
-4888
-4885
-4721
-4278
-3390
-3151
-2738
-1984
-2905
-3899
-3833
-828
1324
573
-1970
-2422
-806
1653
3381
3303
2787
848
1701
3419
5579
6011
4601
4241
4409
4575
4457
4913
5452
6141
4460
3404
2314
2659
4393
4405
3722
1577
257
619
1498
1901
1642
-37
-941
-1541
-1479
-793
-1055
-1011
-1542
-2722
-2705
-2506
-892
708
-718
-1483
-2352
-1375
351
673
579
589
-449
-151
819
1883
3269
1671
2286
1836
2480
2799
2871
4177
4101
3491
2202
2400
2915
4235
3332
3050
1681
1359
1589
1722
2680
1570
1173
-245
-15
-105
292
14
-649
-1273
-2264
-2723
-2746
-2238
-2500
-2530
-4246
-4175
-4595
-4793
-4003
-3812
-4278
-6112
-7227
-6553
-5262
-5169
-5781
-7716
-7562
-7512
-6323
-5442
-5984
-4925
-4983
-6099
-6814
-5076
-2344
-1051
-3101
-3631
-3771
-2176
343
1529
3348
1319
225
893
3764
6277
6304
5483
5013
5325
5749
6820
7274
8620
8110
7186
5280
4817
6823
7952
8308
5764
3971
2542
3026
4414
4265
3557
960
-660
-1009
-760
-628
-591
-1627
-2194
-3916
-5120
-3754
-3615
-217
-875
-3551
-5035
-5619
-1537
788
386
-1097
-3009
-3595
0
1687
4263
2688
291
1498
1459
4861
4740
5740
5809
4838
4057
4171
5288
6870
7553
5852
4594
2112
3926
4430
6097
5190
2468
915
-460
1265
1473
1508
-745
-2492
-3943
-3784
-3902
-3806
-4080
-5322
-6380
-8175
-7646
-7659
-6377
-6577
-7810
-9160
-10260
-9199
-8103
-7790
-8457
-9385
-9843
-9275
-8910
-7456
-6627
-6099
-6040
-6903
-6554
-5892
-3408
-999
-1010
-2062
-2855
-1572
1402
3564
4617
3854
2753
3694
5298
7811
8810
8341
8370
7744
8068
8710
9242
10270
9831
8763
7628
6229
6756
7557
7578
6648
3943
2368
2179
2380
2900
1531
-118
-1559
-2858
-2713
-3189
-3384
-3734
-4538
-5241
-5707
-6308
-5538
-4860
-4326
-2919
-4351
-5153
-5102
-3016
-419
81
-1465
-2063
-1200
417
3106
3420
4588
3291
3336
4660
6273
7979
7779
8100
7543
7967
7322
8250
8506
9097
8231
6238
5184
4415
5686
5160
4597
1847
491
-476
-407
-641
-1926
-2747
-5147
-5533
-6512
-6379
-7143
-7673
-8402
-9115
-9761
-10307
-9698
-9797
-8836
-10030
-10430
-10511
-9904
-9210
-9001
-9090
-9299
-8382
-8165
-7315
-7275
-6203
-5297
-4203
-3470
-3501
-2958
-2040
-430
778
1515
1170
1645
2393
4198
5582
6138
6166
5904
6690
7311
8599
9186
8970
8804
8636
8429
8759
8940
9016
8434
7372
6693
5931
5903
5684
5170
4336
2816
1552
1051
705
652
-465
-1572
-2593
-3476
-3484
-4119
-4326
-4651
-4954
-5153
-5549
-5977
-5092
-4648
-3351
-2152
-3138
-3272
-3547
-1615
720
1413
983
588
636
2397
4387
5605
6828
5566
5689
5930
7357
8731
9035
9012
8011
7409
6696
7217
7280
7744
6445
4419
2681
1919
2411
2189
1354
-762
-2449
-4081
-4124
-4438
-4729
-5941
-7649
-8210
-9146
-8887
-9202
-9501
-9660
-9832
-10224
-10657
-10953
-9869
-8663
-8454
-8550
-9506
-8668
-7898
-6800
-5882
-6281
-6086
-5663
-4701
-3618
-3543
-2755
-1630
-1132
83
-641
-528
983
2427
4333
3767
3005
3425
4449
6771
7822
6725
5940
5799
7607
9140
8498
7848
7165
7726
8250
7809
7520
6505
6099
6465
5991
5191
3804
2968
3212
2746
1846
219
-885
-689
-908
-1314
-2786
-3757
-3491
-3584
-3572
-4290
-5005
-4909
-4649
-4076
-3918
-4448
-3913
-3593
-2107
-649
-1387
-1512
-1290
713
2732
2620
1701
1917
2865
4858
5685
5436
5574
4799
5966
6646
7314
6730
5941
5850
5996
5989
4653
4196
3427
3905
2776
1213
-23
-592
-591
-1075
-2189
-4077
-4936
-5750
-4876
-5887
-6707
-7750
-8610
-7966
-8465
-8354
-8845
-9004
-8516
-8153
-8574
-8371
-8266
-6894
-6349
-6425
-5878
-6530
-5283
-4303
-3384
-2910
-3703
-3519
-1791
-1044
-154
-637
-442
1219
1511
3063
2054
2018
3036
3833
5078
5055
4132
4015
4415
5537
6873
5302
5258
4403
5407
6377
5327
5448
4698
5156
5324
4680
4036
4066
3626
4137
3334
2500
2058
1104
1952
1600
1430
327
-726
-756
-555
-701
-992
-1610
-1910
-1773
-2324
-2205
-2471
-2015
-1803
-1994
-2333
-2317
-1985
-1200
-475
-165
669
171
9
182
1196
2704
3141
2137
1693
1836
2688
4282
4362
4754
3524
2768
3392
4049
4988
4469
3336
2739
2115
1709
1775
1283
1443
333
-1265
-2309
-2917
-2300
-2151
-2748
-4047
-5505
-6048
-5714
-5242
-4657
-5711
-6649
-7124
-6913
-5740
-5489
-5157
-5308
-5419
-5270
-4982
-4341
-3107
-2690
-2253
-2502
-2777
-1650
-1276
73
208
-205
-344
-299
637
1033
1004
1184
1160
845
923
698
1942
1672
1032
960
450
1136
840
1124
1248
588
126
329
914
1558
1045
652
891
1015
2110
1903
2127
2110
2088
2412
2397
2755
2890
2948
2841
2798
2474
2825
2530
2754
2529
1986
1940
1498
1871
1567
1293
772
470
74
17
-166
-348
-361
-950
-1079
-1378
-618
-265
-351
-1083
-1365
-889
101
997
232
-307
-962
114
1431
1865
1113
120
266
1288
2420
2189
1825
706
1000
1258
1588
1492
598
679
294
350
-271
-690
-778
-415
-595
-1298
-2375
-2676
-1798
-1386
-1014
-2469
-3079
-3121
-2341
-1375
-1837
-2376
-2843
-2346
-1700
-1459
-1792
-1620
-1467
-953
-1313
-1798
-1442
-1309
-231
-313
-1067
-1753
-2090
-1115
-35
-326
-1743
-3178
-2573
-1285
-1208
-1675
-2795
-2391
-1708
-2090
-2611
-2615
-2091
-1250
-1151
-1699
-2030
-1974
-456
537
1204
600
-223
702
2106
3541
3710
3168
3179
4014
4644
4982
4630
4859
5210
5109
4985
4060
4110
4312
4473
4310
3107
2079
1833
1881
2139
1489
260
-548
-1104
-786
-1061
-1519
-2080
-2647
-2658
-2586
-2848
-2835
-2902
-2330
-1080
-1522
-1829
-2471
-1995
-198
545
472
-253
-1133
-270
1452
2297
2807
1177
1027
1496
2142
3453
3083
2987
2469
2136
2230
2374
2266
2810
2503
1989
1279
389
1280
1648
2087
1063
-403
-884
-603
53
382
-384
-1496
-1755
-2316
-1653
-1742
-1830
-1795
-2539
-2779
-3121
-3115
-2410
-2058
-2228
-2587
-3862
-3591
-3181
-2358
-1995
-3113
-3364
-4031
-3874
-3313
-2729
-2701
-3105
-3720
-3672
-3434
-2939
-1758
-1666
-1104
-2341
-2840
-1911
-571
1160
751
-158
-924
-229
1405
2806
2882
2481
1639
1753
2994
3703
4492
3842
3721
3521
3338
3300
3355
3879
3955
3415
2174
1466
1268
2309
2486
1989
602
-688
-439
-184
388
-6
-664
-1309
-1624
-1651
-1338
-1316
-1171
-975
-1118
-1108
-1878
-1261
-208
532
536
-364
-737
-67
740
1480
1985
1396
1278
918
1641
2402
2572
2797
2569
2633
2383
2398
2536
3227
3107
2780
2089
1345
1722
1804
2239
1921
1104
310
-95
68
484
246
-319
-837
-1497
-1163
-1525
-1342
-1191
-1752
-1873
-2661
-2827
-2537
-2632
-2398
-2493
-3028
-2795
-3219
-3169
-2941
-3178
-2293
-2832
-3320
-3629
-4119
-3004
-2403
-2263
-2393
-3791
-4195
-3561
-2699
-1281
-2037
-3139
-3436
-3009
-871
-733
-1717
-1931
-1758
-224
146
-560
-13
278
1308
2065
1761
1941
1360
2004
3564
3947
3890
2912
2704
3946
4365
4501
3957
3317
3592
3434
3522
3343
2868
3022
2656
2276
1902
1164
1478
1414
1341
889
-255
-370
-476
-42
16
-789
-1182
-1335
-1439
-958
-1329
-823
166
-433
-746
-1876
-1129
746
1184
826
-328
-1176
-205
888
1951
2526
768
226
-46
1534
2951
2629
2232
1252
1359
1461
2017
2302
2569
2002
1311
557
615
1223
1412
1649
351
-253
-1092
-683
22
209
-124
-1510
-1985
-2045
-1492
-1385
-1556
-2074
-2467
-3125
-3250
-2900
-2538
-2214
-2907
-3398
-3962
-3858
-3472
-3052
-2844
-3323
-4183
-4660
-4244
-3477
-2967
-3347
-3821
-4171
-3830
-3303
-2707
-2201
-2358
-2023
-1916
-1895
-1478
-919
316
685
126
-66
365
1453
2267
2538
2758
2648
2388
3195
3899
4664
4640
3962
4220
4120
4434
4404
4354
4506
4074
3501
3129
2797
2938
2875
2304
2052
1012
965
688
668
868
-5
-443
-1172
-1339
-1102
-1269
-1557
-1530
-2311
-2136
-2411
-2062
-414
-1454
-1938
-2746
-2049
54
29
-578
-978
-1178
-65
1075
1191
2001
759
907
1713
2250
3513
2731
2792
2761
2831
2953
2799
2808
3307
3122
2447
1723
1246
2117
1993
2082
874
197
-134
-254
397
-71
-204
-1253
-1546
-1757
-1663
-1849
-2093
-2428
-2889
-3052
-3724
-3235
-3373
-2888
-3344
-3972
-4058
-4374
-3941
-3961
-3726
-3913
-4217
-4790
-4471
-3960
-3614
-3385
-3578
-3559
-3683
-3161
-2543
-1685
-1636
-1507
-1462
-1490
-933
-429
1136
1545
905
442
736
2076
3317
3489
3219
2794
2280
3294
4009
4818
4585
3246
3245
3229
3917
3934
3310
3319
2947
2525
2167
1670
1869
2181
1557
1413
193
-342
150
-4
853
-198
-1227
-1648
-2013
-944
-626
-1182
-1295
-2049
-2210
-1367
-1713
643
393
-1178
-1422
-1964
655
1722
942
694
328
-144
1732
1901
3488
3317
1357
2355
1668
3637
3698
3619
3562
2896
2376
2147
2509
3132
3807
2318
1660
180
1231
1490
1936
1499
116
-365
-1448
-477
-494
35
-980
-1645
-2283
-2608
-2508
-2391
-2105
-2552
-3004
-4283
-3774
-4073
-3163
-3070
-3755
-3748
-4912
-4426
-4216
-3651
-3132
-3582
-4114
-4302
-4264
-3354
-2594
-2444
-1980
-2920
-2727
-2561
-1609
-154
-372
-170
-1008
-851
36
1034
2164
2180
1290
1157
1289
2135
3411
3011
3389
2283
1999
2472
2670
3764
3349
2850
2338
1919
1980
2326
2307
2407
1650
902
678
346
1006
702
730
274
-609
-520
-1020
-478
-378
-652
-816
-1744
-1929
-1523
-1636
-977
-1160
-1815
-1437
-2430
-388
174
-609
-521
-1542
152
908
279
826
797
585
1866
1238
2603
2322
1509
2785
2227
3573
2798
2834
3239
3230
3410
2961
2615
2823
3211
3045
2895
1716
2078
1669
2147
1763
1021
816
-34
456
-102
-34
-712
-991
-1236
-1772
-1926
-2233
-2169
-2518
-2882
-3537
-3446
-3799
-3451
-3549
-3935
-4121
-4816
-4220
-4085
-3697
-4048
-4474
-4455
-4125
-3619
-3360
-3071
-3067
-2798
-2851
-2396
-1942
-1287
-935
-673
-705
-397
38
467
1069
907
1482
1669
2108
1834
1695
2298
2897
3326
2827
2128
1922
2369
2959
3563
2845
2239
1524
1628
2292
2298
2295
1349
854
615
682
891
580
408
170
-365
-711
-967
-676
-291
-631
-946
-1667
-1905
-1560
-1264
-788
-1087
-1611
-1768
-1668
-905
-70
147
-100
-601
-453
594
1609
1771
1616
1439
1561
2419
2660
3426
3510
3138
3326
3195
3841
3973
3831
3869
3751
3418
3258
2791
3010
3072
2536
2251
1112
1062
847
842
629
-246
-643
-1266
-1337
-1479
-1707
-1960
-2352
-2893
-3077
-3283
-3247
-3126
-3566
-3666
-4071
-4051
-3797
-3714
-3554
-3753
-3875
-3626
-3479
-3309
-2926
-3099
-2686
-2721
-2761
-2049
-2117
-1748
-1333
-1406
-901
-878
-902
71
-95
403
342
45
922
764
1270
1146
902
1210
1232
1203
1430
1254
1318
1289
671
1067
806
1118
959
545
523
193
390
273
487
187
44
-366
-418
-145
-228
152
-250
-365
-594
-587
-237
96
228
425
469
-113
61
344
1522
1939
1377
924
865
1617
2319
2958
2824
2513
1885
2075
2974
3559
3647
3017
2534
2546
2713
2715
2877
2563
2341
1930
1357
1340
1214
1236
1110
413
-78
-514
-612
-387
-646
-902
-1368
-1792
-1876
-1985
-2050
-2046
-2357
-2345
-2450
-2788
-2830
-2953
-2686
-2434
-2742
-2970
-3018
-3170
-2585
-2606
-2510
-2499
-3005
-2730
-2578
-2282
-1986
-1955
-1998
-1713
-2035
-1598
-1343
-954
-433
-830
-487
-786
-279
150
596
831
617
371
502
1062
1366
1996
1460
1379
828
994
1715
1847
1916
1293
994
812
933
1105
1609
1194
727
160
154
825
686
818
329
106
-90
-329
80
227
300
150
-390
-390
-394
-241
195
128
172
-149
-480
-203
221
673
692
258
190
369
881
1098
1142
1285
1365
1645
1457
1634
1892
2245
2540
2394
2478
2413
2232
2488
2804
3030
2936
2156
2055
2198
2341
2415
1964
1680
1406
1026
863
801
726
592
51
-417
-789
-1013
-1012
-1050
-1163
-1612
-2186
-2514
-2454
-2100
-2154
-2433
-2837
-3158
-2926
-2882
-2718
-2560
-2894
-2961
-2965
-2981
-2292
-2733
-2592
-2216
-2418
-1718
-2470
-2083
-1612
-1884
-1092
-1149
-1151
-871
-1842
-914
-136
-386
456
-1205
-659
-395
-413
952
9
145
-218
-736
86
363
459
654
-537
-196
-78
-142
539
-162
442
75
-250
-116
-141
542
717
586
462
256
319
793
1217
1758
1485
1043
992
1479
2230
2429
2380
2176
2152
2293
2421
2951
3073
2990
2820
2424
2681
2601
2780
2871
2671
2419
1768
1479
1706
1944
1866
1213
311
235
19
278
192
-414
-719
-1495
-1571
-1434
-1588
-1635
-2022
-2421
-2294
-2653
-2593
-2475
-2585
-2071
-2532
-2780
-2736
-2602
-1744
-1628
-1786
-1794
-2089
-1741
-1113
-722
-217
-816
-1029
-566
-418
378
199
321
418
-368
-27
381
882
1069
133
-67
265
78
570
310
391
355
-607
-249
-361
81
-18
-693
-540
-792
-867
-856
-970
-631
-618
-1267
-1263
-1508
-999
-687
-983
-863
-1227
-1015
-916
-845
-497
-365
-290
-317
-417
-111
207
595
938
779
872
826
1217
1795
2047
2414
2112
1880
2161
2537
3211
3150
2815
2781
2734
3030
3162
3201
3115
2856
2724
2551
2491
2489
2354
2301
1831
1491
1305
914
967
693
647
332
-401
-567
-866
-682
-748
-1260
-1412
-1876
-1968
-1936
-2146
-1890
-2081
-2417
-2432
-2731
-2320
-2188
-2240
-1917
-2276
-2059
-2082
-1879
-1411
-1382
-1154
-1269
-1094
-922
-630
-504
-483
-249
-34
10
-23
-104
113
504
383
672
229
146
80
118
818
505
335
-326
-448
-57
14
122
-153
-610
-752
-813
-646
-279
-725
-766
-1077
-1107
-901
-1071
-808
-891
-813
-907
-1007
-1085
-930
-539
-318
-255
-552
-501
-371
-54
383
534
514
310
318
779
1079
1260
1323
1200
1412
1261
1466
1697
1663
2014
1811
1800
1653
1382
1848
1901
1904
1766
1199
1446
1236
1289
1467
1035
1237
690
626
699
418
627
458
331
257
-274
-368
-176
-240
95
-510
-712
-902
-1024
-527
-764
-695
-1095
-1226
-1197
-1119
-1040
-1019
-1105
-1213
-1123
-1359
-1088
-1227
-883
-721
-890
-870
-1109
-838
-555
-308
-238
-276
-661
-415
-284
202
465
-59
81
-408
210
393
353
538
-105
98
17
39
429
144
-129
-37
-559
88
-242
-522
-121
-974
-251
-869
-799
-484
-1034
-630
-1074
-1008
-775
-927
-828
-766
-1106
-617
-850
-542
-232
-655
-71
-618
16
289
327
690
302
724
922
1160
1355
1533
1547
1823
1689
1941
2251
2137
2472
2058
2377
2289
2288
2473
2215
2289
1972
1934
1845
1799
1545
1387
1058
892
840
588
536
-67
-205
-420
-480
-485
-934
-1059
-1417
-1523
-1508
-1665
-1667
-1877
-2097
-2124
-2204
-2044
-1946
-2062
-2004
-2156
-2065
-1875
-1829
-1493
-1517
-1431
-1381
-1412
-1003
-822
-547
-488
-594
-341
-219
48
311
308
497
444
426
697
707
972
986
860
945
723
793
827
896
1050
780
488
273
204
443
517
300
36
-481
-504
-358
-201
-81
-568
-922
-1099
-946
-593
-512
-808
-906
-1097
-931
-635
-653
-298
-538
-419
-368
-266
42
114
436
497
622
530
688
939
1331
1508
1450
1368
1277
1597
1706
2079
1979
1882
1686
1495
1767
1805
2017
1719
1497
1182
1022
1099
1112
1214
827
414
-25
-65
44
103
-132
-527
-870
-1188
-1090
-1177
-1082
-1248
-1562
-1719
-1985
-1850
-1791
-1699
-1705
-1836
-1883
-2034
-1971
-1759
-1401
-1223
-1348
-1562
-1543
-1260
-880
-471
-492
-471
-730
-708
-211
120
574
328
87
97
248
660
863
893
882
715
485
646
743
1108
1086
843
760
364
407
420
766
1017
586
24
-370
-237
295
489
259
-107
-759
-773
-539
-63
279
-221
-764
-1086
-822
-231
96
-73
-305
-610
-556
-257
113
472
382
193
-36
241
514
834
926
871
913
756
800
929
1258
1402
1422
1064
916
914
1014
1329
1204
1178
808
548
484
610
860
752
419
48
-52
-49
87
-3
-12
-226
-562
-632
-735
-447
-457
-617
-731
-959
-937
-933
-893
-756
-763
-925
-999
-1081
-964
-828
-846
-728
-773
-811
-870
-916
-715
-530
-402
-422
-564
-678
-645
-419
-129
34
-114
-337
-451
-283
22
266
372
133
-91
-212
52
430
607
555
229
85
74
344
605
744
664
384
179
126
426
710
831
630
331
150
192
439
654
776
568
232
16
103
450
650
583
335
88
-3
56
254
430
436
180
-115
-202
-74
132
179
117
-14
-162
-331
-319
-182
17
104
-150
-356
-520
-418
-106
27
85
-117
-418
-418
-233
121
331
122
-92
-184
-90
207
269
319
331
160
144
67
206
428
400
333
145
22
48
35
111
241
64
-135
-398
-468
-171
-203
-233
-454
-753
-692
-728
-592
-501
-755
-929
-1037
-954
-641
-725
-891
-1011
-1050
-716
-684
-681
-716
-765
-609
-607
-550
-389
-272
-154
-217
-333
-179
-76
236
434
394
277
-14
179
708
1091
1038
540
308
649
1016
1248
1108
916
900
800
906
1013
1063
1074
882
829
829
615
570
553
756
863
472
111
-96
34
352
346
119
-172
-522
-446
-330
-186
-86
-372
-596
-795
-774
-490
-321
-349
-488
-697
-672
-569
-436
-231
-182
-177
-317
-399
-280
-94
154
255
184
105
-4
87
292
472
600
463
297
239
266
469
541
522
484
345
242
72
63
295
484
353
-89
-488
-399
-67
134
21
-404
-673
-784
-582
-320
-315
-543
-848
-928
-747
-642
-700
-749
-753
-602
-682
-839
-874
-721
-420
-285
-405
-589
-653
-499
-139
89
144
-80
-255
-143
194
533
574
418
299
362
526
718
826
858
756
663
694
852
934
843
770
790
891
824
669
569
586
658
652
589
450
243
69
119
323
380
144
-241
-359
-230
-63
-26
-198
-355
-471
-509
-391
-282
-262
-342
-494
-446
-384
-341
-312
-331
-184
-150
-223
-263
-256
-84
86
76
54
-32
-10
83
138
254
244
176
100
86
178
244
191
169
117
115
51
8
72
76
80
-91
-143
-104
-80
-88
-172
-241
-245
-315
-313
-266
-325
-356
-486
-419
-324
-355
-474
-576
-522
-359
-301
-395
-445
-523
-431
-317
-183
-108
-251
-406
-332
-72
188
141
-132
-164
-72
230
389
338
243
91
156
391
617
633
405
210
359
581
708
594
369
342
374
491
540
473
324
181
192
336
381
243
67
-44
85
146
134
36
-123
-149
-157
-64
-7
-76
-203
-286
-256
-111
-92
-154
-219
-256
-122
-77
-86
-83
-105
-30
44
12
77
21
9
87
114
300
223
94
83
52
200
266
248
333
144
-7
-39
11
320
307
116
-115
-307
-198
18
136
142
-147
-465
-502
-397
-112
-9
-165
-357
-624
-677
-448
-248
-16
-139
-444
-598
-671
-345
-21
125
30
-351
-579
-430
-91
304
349
34
-241
-418
-153
254
462
422
63
-249
-205
42
385
485
180
-34
-221
-123
117
150
228
74
-104
-168
-224
-69
100
143
154
-34
-233
-224
-74
265
373
146
-85
-221
-4
344
438
367
79
-50
160
360
538
398
189
209
240
381
386
269
290
221
239
253
141
134
35
52
119
47
-16
-96
-129
-66
-71
-138
-161
-270
-252
-230
-250
-194
-270
-300
-293
-349
-265
-261
-290
-232
-316
-251
-223
-250
-183
-223
-180
-125
-163
-88
-75
-101
-59
-154
-105
-37
-16
34
-77
-161
-101
-19
125
124
-104
-153
-153
79
274
167
39
-173
-159
64
221
235
36
-207
-142
28
199
192
-38
-141
-145
-45
80
112
38
-39
-154
-106
-18
10
50
-47
-59
-93
-141
-96
-62
0
26
-59
-102
-141
-97
75
172
225
86
-52
-4
155
365
438
323
173
93
160
371
486
474
307
191
239
315
406
409
384
352
251
190
227
296
388
300
153
34
-54
47
97
114
3
-197
-260
-189
-45
-1
-161
-322
-337
-250
-61
-44
-151
-274
-324
-221
-77
-46
-97
-196
-285
-178
-123
0
-28
-136
-96
-101
8
26
1
49
67
73
47
-44
-6
58
120
150
24
-88
-154
-66
78
140
44
-118
-192
-113
80
159
75
-78
-170
-84
38
75
53
-79
-103
-95
-31
43
-5
-45
-135
-85
6
58
44
-52
-70
-19
70
143
126
72
36
18
110
155
153
109
21
60
112
167
191
161
145
156
166
196
206
211
252
207
196
171
168
225
218
178
134
91
109
127
70
62
-20
-10
-1
-31
-9
-76
-93
-86
-64
-61
-110
-218
-235
-203
-147
-125
-211
-276
-325
-300
-222
-132
-119
-163
-289
-302
-212
-90
6
-38
-75
-145
-162
-99
7
106
98
-34
-137
-188
-111
12
101
151
5
-145
-224
-108
83
159
64
-99
-205
-185
-77
0
63
-31
-120
-203
-210
-145
-108
-63
-65
-82
-159
-195
-191
-67
25
48
17
-75
-87
-88
-9
81
125
91
19
-47
-19
66
138
191
102
21
-59
-7
151
231
223
88
-17
7
134
229
238
119
-9
-53
18
184
243
170
1
-86
-4
145
238
191
65
-42
-55
33
149
187
114
1
-49
-1
49
46
30
-1
-5
-48
-112
-125
-101
-50
-44
-73
-133
-193
-222
-155
-66
-29
-86
-198
-208
-172
-90
-39
-32
-31
-88
-110
-62
30
88
72
13
8
52
83
135
133
134
111
96
146
152
158
113
70
77
100
87
55
-10
-58
-68
-75
-21
-49
-111
-197
-211
-165
-97
-88
-161
-205
-260
-182
-126
-44
-61
-144
-154
-135
-1
49
71
35
33
62
133
215
275
303
260
273
243
295
323
359
387
339
307
254
273
303
333
283
202
112
83
103
93
83
18
-29
-86
-114
-135
-156
-169
-160
-165
-198
-262
-325
-288
-215
-127
-137
-228
-306
-295
-206
-80
-17
-56
-132
-179
-100
16
111
124
65
8
16
35
99
150
155
149
66
54
57
87
123
118
101
43
-7
-10
39
58
71
15
-6
-12
-33
-2
-24
-30
-40
-45
-58
-78
-111
-113
-81
-50
-26
-117
-159
-200
-164
-81
-76
-82
-177
-227
-219
-131
-69
-67
-156
-236
-213
-168
-86
-109
-107
-119
-99
-48
-12
28
11
27
70
158
179
170
124
146
247
335
395
310
229
183
239
340
394
336
189
76
69
182
231
206
46
-108
-151
-128
-49
-83
-200
-326
-391
-388
-361
-378
-397
-416
-439
-433
-477
-474
-450
-398
-323
-309
-326
-338
-307
-178
-27
29
45
-4
11
115
205
289
299
275
271
282
309
363
378
395
361
326
308
245
242
211
202
190
128
60
-23
-62
-51
-10
-8
-90
-251
-355
-368
-283
-162
-163
-263
-411
-430
-287
-104
-21
-111
-244
-283
-181
-27
69
45
-36
-53
30
160
220
181
119
101
171
263
250
192
149
186
291
319
287
170
82
113
194
250
197
51
-40
-22
61
155
101
-8
-95
-105
-1
53
41
-44
-111
-103
-28
17
-5
-78
-128
-86
-45
1
-47
-106
-123
-97
-25
-9
-42
-102
-120
-100
-44
-47
-55
-78
-97
-60
-65
-42
-62
-70
-45
-29
-24
-52
-64
-32
22
50
56
-2
-5
48
113
178
137
84
43
71
150
193
174
100
47
66
138
143
118
46
-12
13
35
55
7
-60
-91
-72
-26
-12
-69
-141
-174
-175
-135
-152
-176
-200
-214
-187
-151
-123
-135
-150
-154
-108
-81
-62
-77
-81
-44
-16
34
35
36
36
58
89
112
103
78
76
82
131
129
136
123
130
166
164
174
135
98
85
107
105
81
24
-18
-2
14
56
7
-44
-99
-114
-63
-43
-32
-92
-144
-158
-113
-82
-77
-106
-145
-131
-134
-96
-106
-115
-117
-121
-97
-80
-62
-53
-21
-10
31
31
44
74
73
91
80
110
125
135
137
135
143
159
168
163
154
120
121
111
128
125
94
73
62
87
84
61
12
-12
-20
-13
-19
-60
-93
-139
-130
-102
-77
-87
-140
-164
-158
-125
-95
-80
-88
-100
-125
-102
-47
-2
27
3
-20
-35
-15
20
62
85
75
54
37
75
116
155
147
125
124
109
116
108
117
129
127
107
68
36
28
56
70
48
-4
-53
-56
-19
21
18
-21
-63
-72
-54
-30
-42
-69
-85
-62
-27
-33
-64
-95
-68
-24
3
-20
-74
-92
-65
-13
24
36
5
-35
-51
-6
61
73
28
-42
-51
-5
41
54
31
-6
-20
-2
34
65
45
-1
-16
8
44
58
45
32
19
39
66
72
53
23
10
7
17
-2
-20
-24
-8
8
-3
-25
-23
-14
-23
-41
-45
-27
-44
-85
-120
-88
-40
-47
-89
-134
-119
-81
-64
-69
-58
-62
-87
-91
-41
26
35
-10
-44
-7
44
69
44
21
40
64
69
41
35
61
89
88
64
41
39
56
62
68
39
10
-9
-17
10
1
-37
-72
-66
-37
-62
-112
-133
-85
-50
-66
-110
-128
-102
-75
-60
-58
-36
-31
-53
-78
-46
4
9
4
-5
10
11
-3
18
59
72
54
44
48
-8
-99
-44
202
362
86
-402
-423
142
599
320
-366
-598
-195
300
346
10
-286
-323
-104
130
181
26
-163
-197
-15
180
118
-107
-181
65
289
176
-105
-185
20
219
210
53
-33
1
62
95
129
181
152
24
-78
-52
71
151
122
6
-116
-126
4
136
112
-44
-160
-117
7
78
-1
-123
-128
-19
78
47
-52
-104
-59
43
104
58
-34
-72
-12
91
149
129
50
-17
27
131
164
122
60
51
71
100
132
138
111
63
51
68
93
73
30
-6
2
32
29
-9
-44
-37
-20
0
-10
-48
-77
-69
-47
-44
-52
-59
-55
-72
-76
-36
6
-13
-72
-97
-55
11
38
11
-41
-44
11
54
49
15
7
21
30
41
35
26
31
58
94
90
39
1
38
109
129
68
-5
-9
48
86
85
63
29
1
3
20
24
18
10
-18
-80
-98
-64
-37
-51
-100
-127
-134
-126
-101
-92
-101
-124
-137
-134
-131
-113
-109
-120
-118
-80
-62
-78
-97
-67
-10
8
-5
-23
-13
7
26
49
64
58
41
42
69
98
90
54
42
54
63
53
28
32
38
31
10
5
14
2
-20
-35
-22
-32
-57
-60
-43
-47
-71
-74
-36
-9
-31
-47
-47
-46
-48
-21
16
12
-9
-6
22
35
35
59
64
45
24
38
78
85
65
55
71
77
58
32
36
62
66
32
-15
-10
13
27
32
21
12
-14
-31
-10
8
12
-6
-20
-4
0
-12
-20
13
62
56
-4
-38
-3
39
52
51
32
1
-31
-12
48
78
37
-24
-41
-19
-5
-19
-16
-13
-38
-76
-67
-26
-5
-16
-34
-34
-32
-18
6
15
10
-6
1
30
47
53
40
39
52
78
87
63
44
57
90
101
92
72
71
68
64
68
62
50
33
22
12
19
20
13
5
-22
-25
-11
2
-11
-42
-47
-42
-33
-37
-45
-44
-38
-21
-13
-10
-14
-7
5
6
1
1
24
44
48
26
15
27
44
53
49
37
19
10
27
49
38
2
-12
4
12
-4
-16
-6
-11
-38
-52
-47
-24
-17
-30
-41
-45
-36
-16
3
-1
-10
-12
-9
-2
3
15
24
36
39
28
24
30
44
49
29
4
-3
6
19
25
17
4
-15
-28
-28
-20
-20
-35
-51
-64
-65
-64
-50
-34
-41
-62
-77
-61
-27
-5
-12
-23
-27
-21
-9
15
28
27
23
12
24
35
52
66
53
43
31
38
58
58
45
24
14
17
28
39
25
-6
-36
-43
-27
-16
-27
-40
-43
-47
-46
-53
-51
-44
-55
-72
-74
-66
-50
-35
-33
-33
-38
-36
-21
-4
6
5
-1
-4
4
16
25
27
32
33
33
25
21
31
35
35
18
13
8
10
10
5
10
-8
-16
-22
-13
0
-8
-12
-21
-31
-28
-15
-6
0
-5
-21
-32
-24
-11
-4
-8
-20
-21
-19
-12
-5
4
8
1
-1
-2
-2
-4
2
1
-9
-7
-15
-12
0
7
4
-1
5
12
18
15
13
16
15
17
22
26
34
38
34
39
43
41
34
43
62
70
59
53
58
63
65
53
50
40
38
36
30
24
8
7
10
9
3
1
-10
-13
-1
-6
-12
-13
-12
-7
-9
-12
-9
-8
1
-7
-10
-10
-1
15
11
16
16
18
18
26
36
30
18
14
22
23
27
22
21
23
6
3
5
11
10
-3
-10
-12
-8
-15
-20
-27
-39
-39
-40
-35
-35
-37
-37
-40
-40
-40
-40
-37
-35
-35
-31
-31
-28
-22
-19
-15
-14
-7
-7
-2
-1
-5
-1
0
0
-3
1
-1
-2
2
-1
2
-7
-12
-16
-15
-19
-24
-14
-13
-8
-11
-16
-19
-17
-9
-6
-5
-7
-10
-10
-11
-11
-11
-11
-14
-13
-10
-17
-17
-13
-2
-1
-1
-2
-6
0
0
0
0
1
-1
0
0
2
-1
-12
-11
-9
-8
-15
-16
-15
-23
-20
-19
-21
-14
-14
-12
-17
-13
-6
-7
-4
-8
-12
-11
-11
-17
-18
-16
-12
-7
-9
-3
-3
-1
1
6
8
3
2
-5
-6
-3
-1
-3
0
-1
-6
-7
-3
-4
-8
-1
-11
-3
3
3
9
11
12
11
11
6
14
14
20
20
14
17
13
19
14
18
18
15
19
19
27
27
28
33
29
25
19
15
13
12
7
4
10
8
12
13
16
18
14
22
20
21
27
27
29
33
33
30
33
41
48
45
44
45
47
46
47
46
44
42
40
34
32
37
29
29
31
30
31
30
28
26
26
24
21
19
20
18
19
17
13
11
6
0
-1
0
0
-1
1
5
0
3
10
9
9
10
12
15
13
8
10
8
9
11
10
13
8
5
8
9
8
5
4
2
-2
-4
-1
0
-3
-4
-7
-13
-7
-4
-5
-5
-11
-13
-9
-10
-17
-18
-23
-26
-25
-26
-23
-21
-23
-21
-22
-28
-29
-30
-27
-29
-30
-32
-36
-29
-29
-32
-36
-31
-30
-33
-31
-38
-34
-40
-45
-45
-52
-49
-53
-49
-47
-39
-41
-42
-37
-33
-20
-28
-26
-19
-23
-24
-21
-13
-14
-14
-10
-11
-11
-6
-5
-8
-8
-7
-3
1
-5
1
2
-3
0
-6
-3
-2
2
-3
-3
-2
-9
-6
-5
-7
-8
-7
-8
-4
-5
-9
-9
-9
-10
-12
-10
-14
-12
-9
-11
-7
-7
-8
-4
-4
-2
-2
-1
-4
-7
-9
-14
-13
-18
-14
-13
-15
-6
-8
-5
-1
-6
-3
-3
1
-2
-4
-1
0
7
7
9
6
4
5
5
11
15
15
13
15
16
18
21
21
20
25
19
19
21
14
11
13
10
10
12
4
3
-1
-5
3
2
2
-2
0
-2
-8
-6
-2
5
3
4
2
2
6
3
6
6
7
10
11
8
13
19
19
21
16
17
21
19
15
16
13
14
15
13
20
19
13
12
13
10
4
-1
-7
-8
-5
-3
-2
-4
-5
-9
-12
-13
-16
-16
-27
-28
-27
-28
-24
-25
-21
-24
-24
-31
-29
-27
-28
-27
-26
-27
-23
-17
-22
-20
-21
-14
-10
-12
-13
-9
-8
-6
-3
-6
-4
-6
-5
-3
2
-1
-5
-1
-4
-1
-3
-2
1
-1
-2
-4
-9
-12
-15
-18
-22
-20
-21
-21
-11
-18
-13
-22
-29
-25
-28
-20
-27
-33
-37
-38
-36
-35
-32
-39
-36
-35
-30
-22
-24
-17
-21
-18
-12
-13
-6
-12
-8
-5
4
2
2
6
-1
-2
-1
5
9
13
11
15
17
14
16
12
13
19
23
24
23
17
13
15
13
6
6
0
-5
-5
-2
-2
-8
-8
-13
-17
-21
-26
-25
-22
-28
-21
-23
-25
-20
-25
-17
-25
-22
-16
-23
-22
-24
-18
-11
-9
-4
-1
2
4
5
11
16
19
18
21
23
21
25
31
33
35
39
46
50
49
48
51
50
50
51
52
51
46
46
51
48
53
56
53
53
45
43
38
29
31
29
24
25
23
22
21
23
16
12
11
12
12
10
17
12
10
11
12
13
9
15
9
11
17
18
26
26
31
31
31
35
38
39
44
43
42
45
41
37
36
39
36
40
44
40
36
34
29
32
31
28
29
21
16
15
12
4
4
2
-4
-6
-11
-15
-24
-26
-26
-32
-33
-38
-42
-45
-45
-46
-53
-46
-49
-48
-49
-49
-44
-47
-42
-44
-39
-31
-30
-24
-22
-25
-21
-18
-10
-8
-9
-7
-9
-5
-3
4
5
5
8
10
14
11
12
12
11
12
12
10
11
9
2
2
-2
3
3
-2
2
-6
-11
-11
-10
-12
-15
-17
-19
-27
-29
-32
-38
-36
-42
-43
-42
-36
-29
-36
-36
-36
-35
-30
-29
-28
-28
-27
-27
-29
-31
-29
-23
-28
-25
-21
-22
-14
-16
-10
-8
-7
-11
-14
-12
-11
-12
-10
-1
-4
-4
-4
-7
-4
-6
-4
0
-2
-4
-7
-7
-10
-13
-16
-17
-11
-18
-18
-15
-20
-23
-27
-27
-22
-27
-25
-17
-13
-10
-16
-17
-27
-33
-28
-22
-16
-18
-15
-14
-14
-6
-2
0
3
11
19
17
15
15
14
15
21
24
25
27
25
27
25
29
27
25
31
26
26
29
25
24
17
10
17
14
7
5
8
8
6
0
-3
0
1
0
-5
-4
-10
-10
-9
-16
-11
-12
-12
-11
-10
-10
-14
-6
-9
-9
-10
-16
-6
-4
-5
0
-4
1
1
-9
-7
-4
-2
-6
-10
-8
-3
-6
-5
-3
1
5
2
5
4
7
2
4
2
0
5
6
4
3
8
9
5
3
2
-3
-5
-8
-4
4
-4
-9
-12
-17
-15
-12
-13
-3
-9
-15
-17
-21
-21
-21
-18
-20
-16
-16
-14
-15
-16
-17
-10
-9
-10
-3
-8
-13
-6
-1
-2
2
3
6
4
7
9
9
5
-2
-1
-9
-4
-6
-14
-11
-13
-11
-9
-8
-8
-12
-14
-15
-18
-17
-23
-23
-25
-30
-27
-31
-30
-32
-28
-32
-25
-18
-22
-21
-24
-23
-24
-16
-15
-15
-9
-14
-17
-21
-24
-20
-14
-14
-17
-15
-14
-16
-13
-18
-17
-15
-9
-7
-11
-4
-6
-3
-5
-5
-8
-13
-5
-6
-3
3
6
6
2
1
-4
-4
-5
-6
-1
-5
-5
0
-3
1
1
5
11
7
8
9
8
11
10
3
3
-1
-3
-1
4
-4
-2
6
4
5
9
12
7
11
12
11
15
12
12
13
15
19
19
20
22
23
20
18
26
25
24
28
22
25
21
19
24
24
29
26
23
23
19
20
14
13
9
10
10
13
17
15
24
18
11
8
9
3
-2
0
-2
0
4
7
4
14
12
12
18
13
9
7
6
3
7
6
5
12
14
13
15
10
8
10
12
8
6
8
9
11
11
11
8
9
12
12
9
10
10
6
12
12
10
8
9
10
5
8
10
6
6
8
6
6
0
-1
1
-5
4
2
-2
2
3
2
5
7
3
3
4
5
6
2
3
-2
-8
1
-1
-2
-2
-1
-4
-9
-7
-8
-6
-7
-9
-8
-8
-7
-11
-9
-10
-12
-9
-11
-13
-13
-15
-19
-21
-27
-31
-35
-33
-28
-31
-24
-30
-28
-25
-24
-25
-33
-26
-33
-29
-30
-30
-22
-22
-27
-26
-24
-32
-23
-22
-23
-16
-18
-16
-11
-9
-10
-9
-11
-16
-14
-9
-15
-11
-12
-10
-4
-2
1
-2
0
-1
0
5
7
7
6
5
9
8
10
13
13
21
16
19
22
22
18
18
16
17
23
16
14
16
16
15
17
14
12
16
13
14
16
18
21
16
15
14
14
15
13
12
9
11
11
10
12
14
17
8
6
5
3
9
8
13
12
13
11
8
13
13
12
11
9
9
11
10
10
15
10
15
11
12
15
10
17
16
13
11
11
10
4
5
4
3
-2
1
-3
-4
-4
-3
1
1
6
7
4
4
6
8
7
9
9
7
9
4
7
10
7
14
16
16
14
10
11
9
7
11
7
8
1
2
0
-1
1
-8
-9
-13
-8
-11
-15
-18
-19
-18
-20
-21
-19
-11
-16
-15
-14
-19
-21
-28
-29
-28
-23
-19
-21
-21
-22
-23
-21
-16
-19
-23
-20
-23
-20
-16
-16
-19
-16
-14
-15
-12
-21
-24
-24
-18
-18
-19
-17
-13
-7
-12
-8
-12
-15
-14
-18
-15
-11
-11
-13
-8
-13
-18
-11
-9
-13
-19
-20
-25
-26
-27
-29
-34
-32
-29
-35
-35
-36
-36
-33
-30
-29
-35
-36
-34
-37
-39
-36
-35
-37
-35
-31
-27
-28
-30
-30
-28
-24
-27
-25
-25
-23
-19
-19
-14
-13
-3
-2
-4
-4
-2
-8
-7
-1
-5
-2
-3
4
5
5
10
9
4
7
9
6
11
8
8
10
8
10
7
5
1
5
11
6
12
10
8
10
6
9
6
9
7
8
9
6
10
9
8
3
3
6
4
7
4
1
8
6
6
10
8
6
8
8
7
7
2
8
8
7
16
16
10
10
15
13
19
20
15
18
14
13
14
14
12
12
16
12
10
5
0
2
2
9
5
7
10
6
9
9
10
7
10
13
12
13
12
12
14
18
15
13
17
18
14
14
13
19
24
21
26
26
15
11
14
11
13
15
14
14
13
13
18
15
13
10
10
8
7
14
8
11
5
2
5
3
3
-5
0
2
0
3
-1
1
-1
4
4
2
4
5
3
-3
-1
-1
1
-1
0
-3
-5
0
-5
-6
-2
-2
-4
1
-1
-9
-10
-8
-11
-8
-8
-14
-12
-12
-8
-7
-3
-6
-7
-7
-7
-4
0
-4
0
1
5
9
2
5
-7
-1
5
2
2
-8
-6
-3
-3
0
-3
-4
-1
0
-2
-14
-6
-5
-11
-7
-8
-5
-7
-3
-11
-13
-10
-14
-5
-5
-7
2
0
5
8
7
5
6
5
1
5
-1
1
9
4
7
9
7
9
10
6
3
12
14
15
15
7
13
6
12
9
9
9
8
9
-1
7
8
5
4
7
10
8
8
5
6
12
9
2
-4
-3
3
-2
-2
-4
-1
0
-1
-2
-2
-3
0
-2
-9
-1
1
7
2
2
4
5
-2
-4
-3
-7
-6
-8
-4
-2
4
-2
-5
1
7
0
4
12
5
7
0
4
12
9
8
14
18
15
17
12
12
12
6
14
12
13
18
10
9
12
10
8
14
14
15
14
17
18
18
12
10
20
16
12
10
9
12
17
17
20
19
16
16
17
19
17
17
20
22
23
24
23
19
20
28
26
30
22
20
20
17
17
9
12
6
7
7
6
4
1
-1
-5
-2
-6
-7
-9
-13
-17
-13
-10
-10
-10
-7
-10
-17
-12
-13
-6
-9
-13
-14
-12
-8
-6
-11
-14
-5
-14
-15
-14
-13
-9
-9
-9
-15
-8
1
-7
-2
-4
1
-1
-2
4
2
12
7
13
9
7
13
5
9
2
6
4
2
4
6
10
9
5
2
1
-1
4
2
-2
-1
-1
1
3
-1
-2
0
-11
-11
-19
-20
-11
-14
-9
-14
-22
-18
-20
-18
-18
-18
-23
-22
-27
-27
-25
-21
-20
-21
-15
-23
-21
-26
-25
-20
-16
-11
-12
-10
-14
-10
-17
-17
-13
-16
-15
-17
-11
-15
-18
-18
-11
-9
-15
-17
-15
-9
-6
-5
-3
-7
-9
-11
-15
-9
-12
-8
-9
-12
-7
-6
-7
-9
-1
-2
-1
-4
-3
4
-1
0
3
4
13
22
20
24
25
22
17
15
18
18
25
25
30
26
30
36
19
24
24
28
35
36
33
30
34
27
32
23
20
25
24
28
22
31
28
21
27
24
19
21
22
16
19
20
19
18
20
18
10
8
6
7
3
1
7
9
17
10
4
4
0
0
5
6
4
7
6
4
-2
4
0
-2
9
2
1
5
8
3
7
7
7
11
6
12
9
8
11
7
6
8
7
7
6
5
10
3
8
14
15
19
17
19
19
19
14
12
13
11
15
10
13
14
9
10
7
4
9
4
1
3
1
3
0
-1
1
1
-2
0
-8
-9
-2
-3
-6
-4
-2
-3
-10
-11
-6
-3
-5
-10
-12
-11
-5
-11
-9
-1
-7
-10
-11
-13
-14
-15
-20
-22
-17
-19
-17
-14
-16
-14
-11
-14
-18
-18
-19
-17
-12
-17
-16
-21
-25
-21
-25
-27
-26
-23
-29
-26
-30
-28
-25
-24
-20
-19
-10
-14
-18
-22
-21
-17
-19
-23
-20
-16
-20
-14
-19
-18
-14
-13
-10
-3
-6
-8
-7
-10
-6
-5
2
-2
-7
-8
-9
-8
-10
-11
-8
-5
-5
-2
1
1
-1
-1
-2
0
5
0
3
2
1
8
4
5
5
3
5
4
4
3
5
3
4
-4
-4
-1
-2
-1
-2
8
1
2
-1
-4
-7
-8
-2
-5
1
0
3
3
-3
-2
-4
-6
-3
7
5
6
4
5
8
5
10
11
10
9
12
17
16
13
12
15
17
19
13
9
18
23
21
20
12
16
22
17
23
25
17
19
16
16
18
8
6
10
9
11
9
13
15
18
16
11
13
11
13
14
18
17
19
31
24
27
29
23
27
22
26
23
22
23
24
24
18
23
27
21
16
13
15
18
13
13
7
7
13
9
10
12
9
5
3
3
5
3
4
2
-3
-1
-9
-10
-13
-8
-10
-12
-9
-15
-15
-20
-24
-28
-24
-19
-21
-25
-28
-35
-30
-32
-27
-26
-34
-22
-25
-26
-28
-33
-29
-31
-27
-26
-26
-25
-28
-21
-18
-19
-12
-12
-13
-20
-19
-12
-9
-13
-9
-7
-11
-4
-3
-3
-3
-8
-8
-2
-6
-4
-9
-8
1
-2
2
2
-1
-7
1
3
0
0
2
3
-1
6
4
-3
6
4
3
6
6
9
7
5
5
7
9
8
7
8
12
13
12
12
12
12
8
8
8
3
6
9
8
4
9
12
9
8
8
7
6
11
9
3
-1
0
0
-8
-9
-7
-7
-11
-5
-12
-14
-12
-17
-15
-17
-16
-21
-21
-15
-16
-13
-19
-19
-18
-18
-15
-19
-18
-20
-4
-5
-5
-1
-5
4
4
4
4
9
9
10
15
12
11
14
18
11
18
20
21
21
21
23
19
26
26
31
32
31
29
26
33
27
26
29
26
20
24
27
20
25
25
26
31
32
30
31
30
28
35
36
32
31
25
27
30
26
32
31
