11
2
-5
-4
2
11
3
-4
-4
-6
6
10
1
-8
-1
5
-2
-9
-7
8
10
4
10
15
13
12
5
12
12
9
11
7
13
12
0
0
12
12
4
-6
1
11
4
-4
-2
4
5
2
-2
0
-5
-1
-4
-13
-2
6
3
-2
-7
-2
1
-2
4
6
10
4
1
8
3
7
6
1
-4
-4
13
19
25
11
1
21
19
9
6
8
12
12
7
5
4
-3
0
-2
-9
-6
-4
-7
1
-4
-6
-3
1
1
-8
-11
-10
4
4
-3
-7
-7
-2
1
-6
-13
0
9
5
-10
1
10
11
5
-5
1
-7
-1
-1
-8
-2
-1
2
6
4
4
6
7
5
3
-1
-1
1
4
2
1
3
5
2
0
13
8
4
8
6
8
3
5
7
6
5
7
1
-8
-2
6
5
-8
-11
4
1
-12
-18
-11
-5
-20
-23
-21
-19
-14
-17
-19
-24
-18
-15
-23
-24
-15
-10
-11
-13
-17
-12
-2
-1
-3
-4
0
4
9
2
-1
7
16
14
3
5
15
21
11
4
7
5
5
9
7
7
16
13
6
9
12
17
9
1
9
9
13
7
3
5
2
8
0
-7
-3
3
5
3
-1
-4
-3
0
0
-3
-11
-5
6
-6
-9
-5
4
2
-1
-4
-5
6
4
5
9
5
5
6
-1
-5
-4
0
1
-4
-11
-6
0
-11
-16
-9
-10
-21
-18
-15
-15
-6
-4
1
-4
-6
-14
-9
2
1
8
0
-5
-2
-6
-5
2
-5
-11
-17
-14
-19
-26
-15
-18
-25
-36
-28
-20
-27
-25
-16
-15
-19
-28
-24
-18
-21
-13
-10
-14
-10
-3
-3
-16
-15
-3
-5
-7
-12
-15
-14
-14
-11
-13
-20
-23
-21
-26
-20
-14
-18
-24
-17
-8
-22
-24
-23
-16
-20
-25
-16
-16
-18
-20
-17
-16
-14
-15
-25
-21
-10
-8
-4
-7
-11
-2
-3
-6
-3
-6
-6
4
6
4
3
3
12
17
19
20
20
21
18
22
34
36
33
34
32
21
25
25
16
25
35
26
14
9
17
28
13
8
23
26
10
5
10
10
8
7
13
8
6
20
13
0
11
24
21
10
11
21
26
25
29
25
22
25
15
10
12
9
12
16
21
15
6
13
17
17
3
-1
10
11
2
0
1
-11
-14
-14
-15
-19
-13
-10
-11
-18
-17
-6
-15
-22
-22
-19
-14
-11
-18
-18
-11
-14
-15
-21
-27
-22
-8
-15
-17
-8
-10
-13
-17
-6
-2
-5
-7
-8
-7
-2
-6
-14
-10
-8
-2
-3
-6
-5
-3
-1
0
-4
-9
-6
1
6
8
3
4
9
5
3
11
8
7
23
22
21
21
17
19
16
20
19
13
15
15
18
14
5
13
14
3
5
10
5
2
7
13
11
1
4
15
10
4
13
18
12
19
13
8
5
0
-2
6
14
4
4
0
4
9
2
1
3
-1
1
2
-6
-2
-3
4
1
-3
-3
3
2
-10
1
13
2
-8
6
8
0
-1
-5
7
10
0
-1
4
5
3
12
10
-2
1
3
7
-4
-1
4
3
3
-3
-3
-13
-1
1
-4
-5
1
2
1
2
2
-1
-9
1
4
-3
-8
7
11
-1
-2
6
11
1
-1
-1
0
0
4
5
5
-1
-5
3
5
-1
-4
-3
-3
-2
3
4
-5
-10
-11
-3
-4
-23
-19
-11
-5
-13
-19
-17
-21
-17
-17
-11
-13
-15
-8
-7
-10
-19
-17
-9
-9
-11
-13
-11
-13
-4
-10
-11
-18
-14
-2
-4
-4
-9
-4
-3
-3
1
-12
-16
-5
-3
-8
-8
-14
-14
-6
-4
-4
-1
-3
-2
-2
-2
-2
-5
-3
0
-4
-9
-9
-7
-12
-13
-9
-6
-3
-3
-4
-2
-2
-2
-2
-8
-10
-11
-16
-12
-4
-4
-6
-9
-9
-12
-16
-14
-9
-5
-6
-8
-6
-9
-10
-14
-15
-10
-6
-3
-10
-10
-7
-8
-15
-17
-13
-16
-14
-14
-9
-11
-15
-15
-6
-11
-16
-10
-9
-5
-7
0
-6
-4
0
-1
0
-2
-1
1
4
2
4
-1
0
0
-1
0
2
8
0
-2
-4
-2
-1
1
7
2
0
0
6
3
-1
-3
2
11
13
13
14
18
15
14
15
17
20
21
16
13
16
16
17
17
18
14
15
14
11
14
15
18
14
13
13
18
17
13
17
18
15
14
15
14
17
20
21
22
17
19
27
25
24
29
25
19
17
22
25
19
18
19
23
24
20
21
17
14
13
12
11
10
12
9
6
1
1
5
-4
-11
-10
-9
-8
-6
-6
-7
-9
-15
-20
-16
-12
-8
-5
0
4
-6
-4
-4
2
3
2
7
4
8
2
2
11
13
3
2
9
9
12
5
8
12
9
10
7
17
15
15
11
7
11
12
18
20
24
16
18
25
22
26
22
20
21
23
24
22
15
10
19
21
21
15
13
20
16
13
16
23
18
11
12
17
19
12
11
3
6
13
3
-2
6
7
4
2
-4
-2
-2
1
7
5
1
4
6
4
3
3
10
5
8
12
15
14
4
2
6
5
-1
10
6
4
6
-3
-8
-8
1
-1
-11
-8
-6
-11
-9
-10
-10
-8
-2
-16
-26
-18
-15
-15
-22
-20
-11
-7
-9
-13
-12
-8
-1
2
-1
1
-3
-6
0
1
3
-3
3
12
13
6
7
5
2
7
3
6
3
2
0
1
-3
-3
7
7
-4
-4
0
-5
-7
-12
-7
-2
2
-3
4
1
-9
-3
-3
-4
-2
-3
-5
-2
-3
-2
-9
-11
-7
-6
-10
-19
-15
-17
-23
-23
-25
-24
-22
-24
-26
-28
-21
-17
-21
-27
-24
-20
-25
-29
-26
-16
-17
-25
-25
-20
-20
-24
-22
-13
-8
-1
5
0
-3
1
8
13
6
8
13
0
2
10
5
5
10
7
1
-5
-6
0
0
3
5
3
-8
-14
-10
-3
-1
-11
-18
-23
-22
-22
-21
-16
-11
-13
-18
-15
-9
-11
-6
6
7
2
4
0
4
9
6
7
7
6
0
1
2
8
7
3
8
6
4
0
9
6
4
1
-6
-4
-8
1
-1
-10
-8
-11
-11
-9
-8
-6
-4
-4
-2
1
6
2
-8
1
-1
-2
3
-1
-10
-9
2
1
8
8
3
5
-5
-5
-1
3
10
3
6
3
0
2
-5
-2
-3
-8
-9
-4
-9
-15
-10
-2
3
2
-6
-13
-8
-7
-6
-1
-2
-5
4
7
3
0
3
9
13
14
7
5
2
2
12
9
6
9
8
12
9
9
15
14
19
14
11
16
22
16
7
9
16
13
12
17
17
17
17
23
21
17
15
15
10
10
12
14
14
9
11
14
16
10
7
8
12
12
9
15
15
12
8
8
9
12
5
4
7
1
5
4
-4
-2
1
3
-2
-9
-5
0
1
-2
-3
-1
-6
-5
1
0
-8
-7
2
2
-1
-5
-4
-3
-4
0
1
-2
2
7
4
7
5
6
10
7
3
3
8
5
5
5
2
5
0
6
13
11
6
5
10
7
8
10
3
2
5
4
9
7
4
5
1
5
7
7
-2
1
7
3
1
-5
1
1
-4
-6
-12
-9
0
-1
-4
-4
-6
4
-2
-5
-11
-7
-6
-8
-11
-16
0
-2
-2
-6
-7
2
-5
0
-4
-13
-5
-1
-10
-13
-17
-13
-10
-12
-13
-8
-10
-13
-2
-8
-14
-13
-7
-7
-15
-10
-4
1
-6
-10
-2
-5
-5
3
8
8
9
12
12
13
20
30
25
21
28
27
24
24
18
20
27
20
19
17
20
28
23
11
17
23
15
16
21
24
26
21
22
26
20
18
17
9
12
14
9
9
0
5
7
2
6
3
10
8
3
8
4
3
-6
-7
-8
-9
-7
-9
-14
-21
-21
-16
-17
-21
-29
-29
-20
-20
-26
-37
-38
-30
-30
-32
-28
-28
-23
-16
-15
-16
-21
-21
-15
-17
-17
-13
-15
-15
-13
-4
-6
-13
-9
-1
6
4
5
1
-9
-9
-5
-3
-3
-1
-1
0
-4
-11
-4
5
-2
-4
-2
-2
-14
-12
-7
-6
-10
-10
4
-2
1
-10
-15
-10
-8
-3
-6
-1
1
6
2
-7
1
2
1
3
1
0
0
-1
0
-8
-6
2
-1
2
0
-1
0
-4
1
5
-2
-11
-7
-2
-6
-11
-6
-5
-11
-8
-3
-1
-2
6
6
-3
3
8
7
2
3
9
15
15
3
3
5
9
0
0
3
4
9
-2
-6
-5
6
2
0
-3
-5
0
-6
-10
-13
-9
-13
-12
-15
-22
-25
-30
-24
-19
-17
-21
-20
-19
-17
-21
-18
-11
-13
-11
-5
-3
-11
-8
-1
-3
-5
-7
-5
-4
3
5
3
7
2
10
15
6
4
8
13
13
10
6
6
6
6
10
4
1
6
9
13
9
9
13
8
11
22
21
16
23
28
22
16
19
24
20
22
24
24
18
18
17
16
11
8
17
18
13
8
7
12
8
-1
2
-1
-4
-7
-3
1
-5
0
-2
-9
-16
-12
-8
-14
-12
-13
-14
-12
-19
-15
-10
-13
-3
-9
-9
-6
0
2
-6
2
3
7
13
12
13
14
15
15
11
18
19
12
17
19
24
19
14
3
2
4
4
9
-3
0
5
3
1
3
1
-5
-4
6
11
-1
1
4
6
3
1
4
1
7
9
11
11
0
-2
5
8
6
-1
5
2
2
4
3
0
-6
-7
-3
-8
-9
-13
-15
-16
-21
-13
-17
-20
-23
-17
-6
-11
-13
-17
-17
-18
-14
-10
-6
-5
-7
-4
5
4
0
2
-6
3
9
3
0
2
8
5
0
5
8
6
1
6
8
7
4
2
5
4
9
3
-6
-2
5
1
0
1
2
7
1
-1
0
12
12
7
8
6
17
19
10
6
-1
13
19
10
11
10
15
14
16
14
12
18
26
26
18
14
17
12
12
12
2
8
12
10
5
3
6
9
3
-5
1
4
5
1
-4
2
1
-4
-6
-10
-7
-11
-14
-16
-8
-1
-3
2
4
4
-6
-5
2
-1
0
-4
2
0
-2
-4
-6
-5
-8
-12
-12
-10
-13
-10
-14
-19
-15
-12
-12
-19
-29
-25
-21
-21
-13
-18
-28
-27
-23
-16
-17
-16
-23
-25
-14
-12
-12
-19
-12
-11
-13
-11
-10
-7
-14
-6
-3
-8
-3
-3
-9
-14
-15
-18
-19
-21
-18
-16
-16
-14
-17
-16
-15
-23
-24
-20
-15
-9
-13
-14
-12
-10
-6
-9
-5
-3
2
6
8
8
7
9
10
11
11
9
11
10
14
11
14
19
11
8
9
17
17
9
5
8
14
8
2
-2
6
14
18
13
3
5
12
12
-4
-12
-9
-1
1
7
3
-8
-7
2
3
0
-1
-1
3
2
4
-1
1
2
-3
1
-5
1
4
4
0
-3
-5
-1
6
14
8
5
13
8
15
11
12
15
14
18
16
12
6
12
13
17
22
13
13
15
18
23
16
14
18
23
25
24
15
17
21
13
25
24
18
15
15
24
20
13
10
8
13
12
2
1
1
2
4
0
-8
-7
-6
-16
-8
-3
-11
-5
-7
-11
-12
-11
-5
-6
-14
-15
-8
-3
0
-4
-1
3
-2
-5
2
7
6
2
-3
2
2
0
3
7
-1
4
10
9
12
9
7
1
8
4
-1
4
5
6
-1
-8
-6
-3
-1
3
-3
-7
-3
3
5
4
5
12
14
4
-1
5
5
2
3
8
7
10
10
11
13
13
18
9
7
9
6
11
8
-2
2
6
8
9
4
10
11
8
7
3
2
6
5
3
0
-8
-8
-5
-4
-4
-7
-17
-11
-9
-10
-8
-12
-11
-10
-7
-8
-11
-13
-14
-16
-17
-18
-19
-17
-14
-23
-25
-23
-18
-19
-19
-18
-21
-14
-15
-8
-11
-25
-25
-16
-17
-11
-12
-20
-16
-21
-18
-22
-22
-18
-9
-4
-11
-3
0
3
0
1
2
-6
-11
-6
-1
6
10
16
15
13
19
13
11
10
18
21
13
8
4
7
11
10
10
8
10
13
18
23
11
11
14
11
12
11
16
15
12
12
12
10
13
18
20
14
9
7
5
12
18
15
12
11
-1
4
12
6
4
6
9
7
8
9
9
6
5
6
8
10
3
6
2
2
2
3
0
-3
-4
-6
-3
-2
-1
0
-1
3
10
7
3
1
0
-3
-7
-3
3
-8
-11
-4
-8
-10
-19
-13
-5
-3
2
2
-5
-8
-3
-5
-6
-11
-16
-5
-7
-8
-12
-26
-25
-15
-19
-20
-12
-21
-28
-32
-31
-27
-32
-31
-18
-17
-19
-17
-22
-16
-13
-10
-11
-12
-7
-9
-11
-7
5
6
4
3
-1
4
11
7
13
17
12
10
5
7
11
16
13
8
4
2
-3
-3
3
10
2
-2
-3
-5
2
-4
-10
-5
-3
-5
-3
-5
-8
-14
-11
-10
-8
-9
-7
-1
-11
-8
-12
-8
-2
-7
0
1
-6
-8
-6
-7
-9
-16
-9
-3
-9
-13
-11
-10
-11
-9
-5
-2
-10
-11
-6
0
-3
-4
-1
-6
-4
6
5
-4
0
5
10
6
-1
6
19
20
16
16
24
25
22
24
28
26
23
25
20
27
27
21
25
18
25
23
13
8
14
20
12
9
-2
5
12
0
1
-6
-1
2
4
4
0
2
-4
4
2
-3
-3
-7
-3
8
6
-9
-4
-5
2
10
11
3
-5
3
9
8
7
8
10
5
7
8
-2
-12
-11
-6
-9
-10
-9
-10
-18
-15
-4
-13
-18
-22
-26
-19
-17
-18
-17
-10
-13
-20
-14
-11
-6
3
-8
-4
7
10
12
15
17
9
12
15
14
12
4
12
22
21
13
12
9
4
1
-8
-1
11
5
1
-3
-5
-13
-18
-20
-27
-13
-10
-16
-12
-12
-10
-16
-18
-20
-17
-6
-3
-7
-6
-7
-1
0
-1
-4
-4
-2
4
8
5
12
1
-6
4
0
-13
-21
-20
-13
-4
-9
-16
-12
-5
-19
-32
-32
-30
-26
-30
-30
-22
-14
-19
-27
-23
-28
-27
-28
-31
-22
-18
-16
-11
-7
-9
-6
-8
-16
-14
-13
-4
6
0
-6
-3
-3
-5
-10
-14
-4
1
-9
-9
4
4
-9
-16
-19
-14
-13
-21
-8
4
5
1
0
1
-1
-7
-16
-15
2
18
16
13
17
15
9
3
4
11
12
17
29
37
32
29
29
33
24
8
17
22
29
21
14
18
19
11
2
1
-1
-2
-7
-3
-9
1
0
-3
3
-8
-15
-12
-4
-11
-12
2
10
8
2
-7
0
11
1
-12
0
9
11
12
1
10
10
-6
-6
-3
-3
-4
-6
-5
9
12
-5
-5
-11
-21
-20
-13
-3
-6
5
5
-10
-9
-11
-5
-1
-1
8
6
4
9
11
0
-9
-15
-3
6
8
7
1
8
15
18
15
16
15
12
13
10
7
16
23
21
14
0
13
21
7
-6
0
3
13
25
13
19
14
1
-3
6
13
13
19
13
15
20
14
12
11
10
16
8
11
18
16
24
26
21
8
2
-1
-4
-9
-8
6
9
3
4
3
4
5
-10
-11
-2
9
18
9
10
16
16
2
-1
2
10
10
3
7
19
22
16
10
-7
-6
1
-1
-8
-3
5
-4
4
19
30
25
-3
-16
-11
9
33
42
50
50
43
28
5
-9
-24
-21
-9
14
52
65
45
17
-8
-31
-41
-36
-27
-14
13
34
58
58
33
13
-16
-44
-43
-11
19
33
35
35
46
39
3
-32
-54
-68
-66
-30
25
54
49
22
-4
-29
-51
-62
-65
-45
-3
36
53
64
52
18
-12
-52
-72
-62
-35
-5
15
31
31
21
-6
-38
-62
-71
-76
-53
-7
13
23
29
26
8
-15
-13
-9
1
15
35
66
69
45
1
-42
-60
-62
-46
-22
14
44
65
67
46
32
6
-13
-12
-8
2
26
47
67
79
70
45
10
-16
-27
-27
-28
-9
6
22
51
49
35
-3
-50
-100
-117
-82
-31
27
54
80
73
42
-6
-89
-120
-118
-98
-53
11
80
127
141
92
33
-41
-99
-123
-130
-98
-39
44
107
130
101
45
-25
-97
-119
-113
-67
-18
40
97
128
144
85
-7
-82
-120
-113
-74
-30
24
76
78
55
25
-8
-59
-112
-146
-126
-55
21
87
120
121
81
13
-52
-101
-122
-115
-80
-18
49
111
142
117
50
-34
-87
-114
-129
-114
-60
6
64
85
94
93
54
16
-25
-38
-37
-23
-7
25
67
73
71
37
-12
-61
-90
-81
-50
-6
44
82
97
92
55
16
-28
-79
-110
-102
-70
-13
41
82
102
75
34
-23
-55
-69
-83
-97
-82
-41
-7
25
37
54
47
5
-49
-91
-98
-76
-50
-19
13
29
46
40
10
-14
-40
-66
-63
-41
-7
37
70
58
27
-2
-40
-47
-62
-72
-70
-48
-14
18
45
45
33
-14
-51
-54
-52
-31
-3
10
36
58
64
54
34
15
-29
-53
-74
-65
-53
-46
-15
17
60
77
71
42
13
-14
-38
-49
-37
-10
32
69
86
93
61
25
-33
-48
-52
-48
-9
-7
33
24
10
2
-34
-69
-88
-62
-48
1
44
104
126
79
28
-24
-44
-64
-67
-72
-48
-21
-2
50
85
75
14
-32
-70
-70
-46
-33
-5
-6
5
13
36
45
41
36
1
-32
-77
-56
-15
13
18
-12
-17
-22
-9
-4
17
12
-16
-45
-34
6
23
38
-1
-20
-31
-13
2
18
46
15
31
-7
0
5
12
43
6
24
-20
10
37
68
106
55
38
-28
-18
11
34
45
17
25
5
23
25
24
19
1
14
5
28
27
32
21
16
6
-18
2
-6
22
17
48
33
12
-3
-26
25
-7
8
-42
-46
-41
-38
22
14
65
35
46
16
-12
-9
-56
-29
-76
-57
-55
-22
46
51
85
7
-35
-103
-118
-72
-61
5
-23
21
47
92
109
35
3
-88
-65
-37
33
91
102
111
46
59
-3
-38
-67
-86
-51
-38
27
48
60
39
-7
-32
-39
-9
16
39
71
64
48
32
-7
-28
-89
-104
-119
-61
40
75
98
31
-31
-87
-101
-65
-42
-8
26
56
104
133
143
76
-23
-87
-142
-67
-2
91
131
104
69
-21
-50
-103
-95
-83
-77
-24
33
141
193
205
139
5
-62
-132
-106
-46
-6
58
18
40
14
12
-18
-96
-112
-182
-110
-68
32
90
90
116
54
81
14
-16
-62
-89
-65
-77
-13
-14
29
24
5
-2
-43
-51
-127
-122
-104
-70
1
39
109
118
136
99
46
18
-31
-57
-104
-90
-91
-27
20
14
6
-63
-85
-124
-59
-28
27
65
71
141
127
190
110
78
0
-71
-59
-107
-24
-59
-15
-56
-63
-46
-64
5
-43
39
-5
7
7
-5
42
15
75
34
82
78
82
99
40
10
-127
-182
-251
-262
-206
-134
-16
34
127
136
132
111
49
16
-46
-24
-29
41
114
172
201
129
54
-101
-173
-243
-231
-195
-131
-35
31
152
184
233
147
71
-50
-104
-65
-47
68
79
169
135
122
75
-48
-101
-219
-220
-226
-137
-32
63
156
151
137
77
10
-26
-42
-15
20
59
146
155
165
92
-22
-117
-240
-232
-236
-143
-64
12
123
145
195
116
58
-22
-109
-74
-64
47
86
124
137
65
63
-44
-78
-170
-189
-164
-142
10
47
169
118
67
-21
-129
-92
-127
21
58
180
214
223
261
130
79
-184
-287
-408
-380
-217
-101
162
215
321
261
213
113
-78
-160
-319
-264
-209
-9
201
359
443
340
242
14
-151
-299
-351
-341
-287
-145
-39
148
225
291
224
92
33
-99
-63
-86
20
87
103
183
72
123
-53
-59
-160
-225
-112
-207
39
-32
141
136
90
102
-136
-28
-239
-98
-145
-78
68
29
245
104
249
131
58
-46
-269
-245
-404
-290
-263
-117
3
31
190
187
282
213
124
40
-173
-189
-254
-84
31
90
225
136
202
48
44
-55
-136
-151
-294
-105
-95
105
141
173
201
61
78
-33
53
52
13
26
5
104
112
145
145
30
7
-158
-135
-130
-140
-43
-112
21
-63
13
-11
-14
42
-79
21
-61
9
-67
-15
6
14
40
-78
-74
-148
-106
-186
-54
-115
-47
-56
-27
84
-4
90
-185
-152
-384
-294
-198
-90
157
92
322
148
247
101
48
-22
-241
-265
-339
-99
19
242
316
319
265
105
8
-35
-47
-77
-96
-10
80
249
379
390
369
138
22
-132
17
98
220
318
272
288
116
188
77
86
-73
-116
-23
74
298
364
450
228
82
-167
-134
-101
-36
-66
-125
-42
-159
50
-99
22
-255
-413
-536
-619
-352
-552
-277
-534
-411
-485
-380
-124
-172
24
-291
-151
-295
-231
-290
-290
-290
-378
-250
-200
82
25
15
-261
-345
-551
-576
-431
-296
10
59
246
253
351
172
-20
-181
-274
-265
-140
230
534
880
819
905
749
635
417
179
212
-75
45
-97
182
389
496
597
432
565
297
270
84
99
51
38
165
420
754
837
1027
942
1076
879
936
846
829
796
516
584
424
491
253
163
102
24
-40
-216
-291
-425
-642
-915
-1071
-1239
-1296
-1407
-1330
-1095
-720
-395
-196
-24
-50
-295
-688
-1114
-1504
-1709
-1824
-1544
-1250
-801
-521
-423
-254
-480
-390
-747
-866
-1002
-1088
-758
-700
-48
59
421
506
509
672
333
255
-269
-426
-541
-431
-32
262
607
695
709
908
1068
1310
1282
1191
1175
1059
1198
967
928
549
240
-132
-279
-124
-120
-66
-345
-256
-232
40
126
355
458
392
361
315
570
728
864
908
1254
1740
2247
2594
3056
3189
3099
2540
1949
1390
581
-31
-672
-692
-765
-573
-253
102
444
321
123
-196
-503
-810
-1112
-1039
-888
-782
-687
-816
-773
-1186
-1636
-2219
-2549
-2554
-2654
-2337
-2292
-1849
-1750
-1612
-1459
-1472
-1368
-1913
-1945
-2173
-1840
-1602
-1465
-1133
-1286
-987
-1094
-643
-542
-514
-514
-696
-312
-91
534
903
1134
1275
1319
1859
2535
3182
3447
3115
2676
1733
980
118
-500
-1031
-1624
-1548
-1333
-412
118
789
813
659
391
120
381
452
923
893
1281
1417
1792
2020
1903
1583
715
-36
-923
-1277
-1456
-1408
-1347
-1142
-723
-85
598
1465
2216
2800
3052
3210
3520
3523
3484
2812
2305
1278
498
-311
-775
-958
-1409
-1364
-1731
-1301
-1351
-805
-579
-248
145
88
601
376
857
461
476
-13
-333
-423
-899
-798
-1478
-1463
-2207
-2412
-2772
-2888
-2683
-2836
-2352
-2263
-1580
-1240
-668
-223
-49
-38
-326
-446
-741
-1003
-1519
-1729
-1941
-1742
-1705
-1546
-1469
-1867
-1810
-2055
-1314
-1064
-647
-313
-489
171
166
1372
1723
2217
2703
2518
3332
2827
3224
2417
1458
618
-712
-337
-1006
-378
-559
-542
-168
-481
752
668
1452
1229
1313
1825
1762
2875
2944
3745
3551
3288
3088
2294
2191
1321
1082
479
-69
-138
-452
73
31
436
608
572
917
638
1025
700
704
434
93
250
-59
351
-31
-98
-648
-1275
-1639
-2352
-2420
-3035
-3002
-3351
-3307
-3045
-2789
-2159
-1960
-1276
-1167
-894
-1115
-1324
-1605
-1949
-2059
-2283
-2238
-2345
-2146
-2050
-1890
-2003
-2213
-2430
-2563
-2543
-2166
-1577
-692
266
1782
3169
4254
4834
4847
4879
3702
3039
1794
1608
787
52
-141
-581
-67
-951
-536
-1121
-1117
-1378
-1469
-505
-491
504
575
1514
2103
2497
3068
2789
2874
1913
1089
302
-420
-536
-1226
-1341
-1736
-1693
-1318
-1159
-270
56
926
1245
1894
2936
3606
4568
4457
4699
4250
3903
3230
2028
1264
-251
-1162
-2307
-2352
-2155
-1971
-1453
-1062
-97
251
853
1108
1296
1147
745
516
415
339
-66
-546
-904
-1156
-1644
-1974
-2437
-2538
-3018
-3364
-3553
-3500
-3210
-3403
-3072
-2983
-2424
-2238
-1646
-566
-136
84
-683
-835
-1766
-2583
-3598
-4314
-4211
-4535
-3739
-2998
-684
752
2120
2840
3258
3694
3108
3694
3292
3653
2659
2705
2593
2465
2503
1428
1240
-444
-893
-2133
-2141
-2092
-2150
-1547
-1742
-640
-317
1003
1740
2270
2739
2468
2820
2389
2419
1907
1230
678
-298
-555
-1079
-1085
-1316
-1465
-1172
-1039
-284
399
1494
2449
3496
4904
6070
6703
6535
5852
4741
3136
1454
-7
-1239
-1845
-2265
-1675
-816
116
746
764
972
513
536
310
472
693
500
691
386
569
102
-529
-1418
-2508
-3161
-4058
-4129
-4102
-3731
-3440
-3362
-3111
-3171
-3113
-3527
-3722
-3798
-3631
-3205
-2912
-2277
-1959
-1535
-1848
-2178
-2712
-3615
-4164
-4797
-4196
-4076
-3197
-2146
-589
1527
2618
4725
5540
7012
6914
6127
5361
3616
3152
901
360
-832
-1234
-1344
-1692
-261
-485
347
-264
-97
-208
-754
-310
-456
608
822
1709
2751
3657
4505
4282
3912
2893
1504
78
-1546
-2397
-3224
-3662
-3610
-3223
-2112
-1311
316
1819
3383
4318
5160
6028
6070
6013
5403
5107
4152
3471
2515
1818
1209
449
15
-788
-976
-1513
-1293
-1057
-434
150
556
1308
1533
1946
1880
2000
1555
925
138
-805
-1608
-2578
-3234
-3926
-4315
-4597
-4471
-4083
-3817
-3601
-3506
-3306
-3117
-3002
-2851
-2993
-3045
-3205
-3135
-2939
-2748
-2538
-2952
-3216
-3868
-4119
-4399
-4450
-4471
-4641
-3989
-3153
-1250
445
2715
4227
5210
6261
6999
8006
7090
6375
4368
2756
828
-797
-1052
-2145
-1896
-2901
-2032
-1801
-1179
-544
-946
-284
-1373
-691
-795
602
1697
2413
3679
3887
5099
4749
4765
3818
2454
807
-1344
-2522
-3670
-4000
-3954
-3571
-2519
-1584
42
2005
4068
5886
6289
7049
7092
7472
7300
6447
5857
3761
2692
755
281
-479
-1504
-1483
-2592
-1500
-2001
-536
-128
439
1067
249
1661
983
2572
1855
2035
1351
121
-195
-2141
-2019
-3886
-4062
-5212
-5267
-5041
-5107
-4376
-4576
-3743
-3826
-3326
-3209
-2850
-2540
-2529
-2430
-2463
-2487
-2623
-2802
-2800
-3061
-3656
-4379
-5029
-5363
-5905
-5979
-5840
-4707
-3132
-904
1454
3642
5557
7295
9145
9843
9439
7811
5864
3503
1213
-518
-1681
-2569
-3274
-3192
-2335
-1341
-471
-12
-50
-469
-1124
-1039
-570
512
1348
2301
3432
4482
5611
5981
6022
4931
3237
1016
-1245
-2957
-4273
-4878
-5052
-4491
-3404
-1786
268
2518
4643
6405
7386
7747
7575
7090
6564
5457
4109
2439
1064
-140
-851
-905
-1089
-941
-1150
-1094
-797
-334
331
621
1206
1280
1561
1763
2062
2524
2188
1735
512
-547
-1861
-2922
-3787
-4653
-4892
-5247
-4878
-4506
-3834
-3491
-3435
-3299
-3421
-3215
-3224
-3081
-3051
-2945
-2566
-2389
-2019
-2064
-2147
-2341
-2959
-3510
-4307
-4732
-5724
-6168
-6085
-5418
-4081
-2509
291
2548
4610
5977
7837
9348
9513
8700
6620
4758
2283
119
-1441
-2228
-2621
-3064
-2563
-1512
-538
15
-13
0
-674
-1341
-1340
-722
735
1633
3036
4097
5487
6312
6345
6129
4626
2987
174
-1956
-3693
-4713
-5070
-5099
-3964
-2785
-1022
913
3508
5957
6973
7491
8308
8765
8371
6591
5093
3082
970
-704
-1882
-1366
-1997
-1379
-1420
-350
284
48
651
-206
536
-540
318
628
1267
1780
884
1369
-55
-10
-1826
-2594
-3596
-4576
-4714
-5402
-4206
-4159
-3186
-3084
-2953
-2909
-3190
-2917
-3162
-3053
-3465
-3677
-3765
-3736
-3347
-3265
-3579
-3924
-4113
-4050
-3949
-3855
-4281
-4865
-5613
-5759
-5148
-4050
-2135
343
3268
5650
8969
12110
13642
12413
9573
6754
3044
-628
-3587
-4832
-5783
-5930
-4442
-1584
1037
2407
2937
2741
2043
619
-120
-498
-114
107
917
2584
4699
6793
7621
7869
6573
4600
1613
-1217
-3542
-5437
-6624
-7150
-6175
-4393
-1467
1783
5013
7521
8877
9072
8561
7565
6113
4008
1887
279
-780
-927
-771
447
1056
1522
1338
946
689
-117
-235
-978
-904
-1055
-621
171
933
2029
1977
1947
962
91
-1218
-2498
-3493
-4631
-5062
-5563
-5231
-4706
-3686
-2683
-2100
-1651
-1722
-1728
-2166
-2640
-2989
-3431
-3747
-4266
-4346
-4060
-3925
-3854
-3913
-3519
-3765
-4118
-4356
-4541
-4441
-4862
-5093
-5556
-4760
-3443
-1397
1128
3429
5632
6892
9170
10790
11147
8884
6196
3947
1028
-1171
-2836
-2870
-3521
-3403
-2310
-261
1567
2183
2541
1808
1025
98
101
395
1053
1493
1920
2851
4137
5457
5795
5489
4168
2470
282
-1487
-2726
-3466
-3919
-4119
-3532
-2038
411
3133
5742
7251
7662
7032
5820
4303
2962
1890
892
106
-259
170
1170
2083
2323
1875
658
-576
-1537
-1681
-1522
-1313
-1210
-1138
-455
325
1612
2342
2430
1622
299
-806
-1840
-2307
-3075
-3699
-4444
-4816
-4428
-3571
-2275
-1591
-1265
-1533
-1913
-2546
-3355
-4014
-4894
-5428
-5632
-4977
-3646
-1952
-540
361
632
-101
-1473
-2958
-4219
-5531
-7132
-8649
-8850
-8396
-6961
-4755
-1738
1113
3301
5277
7042
10249
11976
11465
8798
6434
4387
1706
-163
-1261
-1421
-2796
-3050
-1700
355
1131
940
341
-772
-1912
-2592
-1653
-542
700
1235
2962
4956
7337
8646
8662
7764
5024
2161
-1267
-3192
-4895
-5756
-6423
-6175
-4587
-2381
874
3768
6123
7426
7910
7299
7026
6233
5307
3539
2428
1598
1101
1390
1071
2042
764
-18
-1505
-2112
-2357
-2955
-2139
-2729
-1331
-1311
167
1402
2556
3383
2367
2089
448
52
-1482
-2123
-3088
-3956
-4174
-4345
-3513
-3221
-2628
-2915
-3048
-3628
-4021
-4300
-4441
-4327
-3808
-3132
-2039
-813
306
1039
821
45
-1375
-2525
-4331
-5190
-5991
-6575
-7240
-7629
-7515
-7133
-6066
-5184
-3459
-1381
1233
3861
6378
8651
11573
13682
13516
11290
9150
6593
3033
-452
-2956
-4144
-5969
-6322
-5133
-2751
-1744
-945
-125
81
-41
-377
435
999
1811
1946
2925
4110
5702
6954
7405
7294
5698
3517
744
-1392
-3493
-5067
-6344
-6896
-6247
-4398
-1221
2426
5545
7838
9446
9213
8280
6934
5496
3408
1440
135
-801
-312
-232
996
1017
354
-499
-1478
-1639
-2503
-1777
-2378
-1633
-1224
-314
1266
2137
3407
2721
2545
810
43
-1243
-2222
-2892
-3973
-4300
-4817
-4280
-3953
-2859
-2415
-2079
-2195
-2179
-2139
-2202
-2420
-2500
-2407
-2163
-1185
-230
590
108
-537
-2064
-3487
-5235
-6167
-6854
-7691
-7507
-7189
-6308
-6091
-5322
-4829
-4186
-3272
-2087
-97
1850
4162
6184
8388
11321
13410
13083
10942
8854
6072
2206
-1395
-3972
-5947
-7663
-7573
-5425
-2805
-1156
507
1540
1953
1963
2262
2589
2358
2236
1757
2397
3360
5158
6438
6828
6647
5417
3705
1361
-684
-3049
-5283
-7061
-7866
-7213
-5273
-2597
459
3490
6708
9276
10433
10836
10225
8848
6217
3823
1691
-358
-1536
-2338
-1681
-1584
-1429
-1572
-1957
-1780
-2237
-1567
-1684
-573
43
838
2004
2828
4283
3679
3648
2351
1720
144
-1052
-1729
-2939
-3303
-4523
-4419
-4805
-4108
-3946
-3424
-2754
-2427
-1819
-1806
-1439
-1647
-2013
-3177
-3600
-3436
-2875
-2172
-1158
-535
-171
-364
-1340
-2377
-4431
-6875
-8801
-9325
-9731
-9324
-9145
-9202
-8052
-5695
-3642
-1985
190
2422
5108
7570
11548
15219
15599
12796
10164
7779
3658
-161
-3322
-5656
-7440
-8113
-6069
-2815
-259
1027
1485
1783
1495
2274
2455
3136
3439
2714
3279
4142
6588
7735
8548
7828
6272
4398
1391
-349
-3048
-5330
-7670
-9162
-9191
-7970
-5440
-2880
434
3711
6650
9632
11310
11802
11049
8929
6547
3671
1404
-985
-2489
-3413
-4031
-3519
-3779
-3292
-3028
-2398
-1670
-1011
521
1374
3020
3698
4794
5779
6045
6145
4943
4085
2366
1455
10
-1174
-2080
-3320
-4113
-5144
-5209
-5387
-4970
-4764
-4094
-3465
-3128
-2601
-2101
-1801
-1698
-1493
-1509
-929
-267
200
2
-423
-1520
-2724
-4702
-6969
-8582
-9874
-10578
-10765
-10377
-10026
-8660
-7400
-5519
-3505
-2414
-1735
-375
1806
3541
6577
10090
13759
14260
12063
10622
8687
5299
10
-3397
-6837
-9227
-9350
-7053
-2624
-704
1266
2437
4025
4565
5246
6063
4885
3885
1717
1502
2258
4033
5286
5395
5279
4502
3786
2256
748
-1313
-4450
-7498
-9324
-9690
-8530
-6733
-4118
-1670
1702
5553
9144
12170
13536
13575
11181
8586
5877
3271
593
-1981
-3446
-4625
-4849
-4247
-3149
-2157
-1662
-1051
-420
938
2665
3912
5188
5863
6579
6581
6602
6416
5629
4445
2469
922
-1048
-2218
-3527
-4804
-6000
-6981
-7215
-7423
-6474
-5601
-4398
-3681
-2761
-1687
-1170
-486
-235
20
-583
-1131
-1526
-1628
-1664
-2627
-3553
-4510
-5818
-7369
-8970
-10147
-11352
-12022
-11960
-10685
-8509
-6997
-4271
-2026
-167
1042
2285
3724
3995
5245
6693
10301
11626
10587
9516
7764
5911
2188
99
-2253
-4281
-5578
-5201
-1819
-50
1705
2404
2919
3036
2606
3471
3235
3211
1687
874
1414
2334
4287
4850
5322
4587
3401
1925
230
-981
-3458
-5902
-8161
-9383
-8631
-7143
-4603
-2111
456
2820
5148
8068
10682
14214
15407
13934
11828
9206
6160
2586
-670
-4125
-6917
-8562
-8623
-5624
-2645
-414
1911
3031
4538
5678
7295
7745
8042
6910
4718
4318
3240
3361
1979
631
-1414
-3058
-4359
-5726
-5906
-7486
-8131
-9359
-9222
-8361
-6772
-4804
-3051
-1233
-107
1423
1918
2374
2024
942
-562
-2225
-4271
-5531
-6142
-7126
-6798
-6748
-8600
-11286
-12621
-12865
-11966
-10869
-10193
-8532
-6141
-3425
369
3148
3899
3493
2790
5141
10393
14851
14257
12925
11423
8385
4798
1017
-553
-4075
-7301
-8084
-4323
-259
1528
3633
3928
4081
2917
3342
4201
4005
2186
-227
-603
416
2971
4831
5783
5879
4893
3109
2028
998
-637
-3717
-6945
-9304
-9830
-8436
-6456
-3316
-993
1873
4464
7473
10592
12761
13281
11310
9706
7987
6303
4492
2749
880
-1656
-3740
-4747
-4439
-3554
-3072
-1898
-565
1072
3442
5422
7308
8128
8354
7113
6092
5150
3519
2157
-77
-1813
-3798
-5155
-6230
-6759
-7098
-7899
-8238
-8846
-8395
-7364
-5613
-3856
-2328
-927
93
1153
1965
2451
1589
97
-1455
-2998
-3882
-4672
-6110
-7369
-8097
-8421
-8835
-9393
-9424
-8844
-8424
-8425
-6461
-4991
-4588
-2964
-1106
673
1210
1068
-329
-860
-106
1747
6199
9190
10892
11121
10873
10937
9622
6513
1964
-1421
-4411
-5653
-3714
-1408
452
833
457
1027
1522
2390
2233
1721
-107
-1950
-1476
-53
3373
5504
7233
7794
7618
7593
6503
5052
1636
-2193
-6703
-9910
-10692
-10045
-7838
-5305
-2430
933
4646
8407
10957
12745
13567
13168
11673
10219
9732
7617
4810
1533
-1619
-4562
-6554
-6975
-6419
-4913
-3639
-1282
1059
3415
5342
6631
7222
7193
6631
5440
4747
3383
1724
-370
-2439
-4602
-6433
-7968
-9083
-9473
-9948
-9851
-9403
-8108
-6349
-4182
-2261
-519
936
1834
2520
2904
2773
1609
-180
-2408
-4055
-5556
-6628
-7320
-7575
-8821
-10098
-9815
-9039
-7561
-6652
-5605
-5272
-4096
-3565
-3174
-2008
-1759
-1099
-2128
-2817
-3660
-3226
-1412
2650
8372
10952
13062
14512
15658
14558
11101
6443
364
-5248
-9114
-8536
-5727
-3380
-1248
443
1829
3434
4977
6282
5448
2961
-265
-2258
-1698
13
3319
5315
7177
8243
8701
8831
7804
6087
1428
-3699
-8691
-11783
-12666
-11776
-9235
-6389
-2633
1567
6608
11772
15319
16473
15384
13062
10354
7596
5269
2901
470
-2424
-4723
-5683
-5874
-5341
-4578
-3641
-2636
-1018
1301
4052
6551
7862
7922
7308
6088
4743
2992
963
-1615
-4400
-6852
-8670
-9245
-9448
-8963
-8439
-7451
-6232
-4530
-2437
-496
1089
1618
1888
1977
1879
1474
947
-21
-1185
-2603
-3843
-4429
-4481
-5139
-6110
-6670
-7009
-6680
-6074
-4832
-4424
-4465
-4211
-3127
-2622
-3521
-4423
-5858
-6468
-6813
-5851
-5405
-6280
-6866
-6234
-2313
3212
11084
16082
17967
18235
17623
16592
11703
6694
-230
-6169
-10961
-11277
-7221
-4272
-1277
-746
923
1498
2750
4499
4791
4013
1019
179
981
4121
7943
10182
11331
10468
8811
6737
4202
1203
-4022
-9357
-14320
-16611
-15839
-13400
-8876
-4918
7
4347
8895
12828
15044
15881
13941
11777
9996
9639
8183
5589
3248
-254
-3593
-6449
-7935
-8607
-8614
-7841
-5582
-1344
2255
5931
8337
9299
9084
7609
5571
3263
1226
-2149
-4440
-6217
-6831
-6458
-6188
-5683
-5545
-5177
-5268
-4388
-3873
-3378
-2986
-2825
-1886
-363
1655
3158
4224
4206
3411
1522
-1009
-3242
-5166
-6577
-7462
-7374
-6695
-5770
-4680
-4316
-4881
-5982
-6762
-7583
-8061
-7228
-6161
-5236
-4773
-3680
-1892
-763
-1006
-1794
-2170
-1740
992
6356
11170
13001
13009
12703
12499
9958
6067
1479
-3253
-7236
-8993
-6673
-3842
-914
740
2106
3609
4664
6677
7351
6894
4397
1947
963
1021
2768
3614
4299
4017
3134
2756
1999
1383
-908
-4045
-7575
-10265
-10725
-9893
-7044
-3797
-55
4187
8622
13395
16149
17204
15991
12805
8800
4196
193
-3482
-5878
-7789
-8581
-7630
-6053
-3088
-361
1929
3741
4818
5545
5639
5663
4760
3832
2511
603
-520
-2118
-3200
-4346
-4960
-5371
-5659
-5109
-4730
-3425
-2824
-1764
-943
-305
415
732
1337
1101
1144
657
214
-292
-1018
-2053
-3607
-4728
-5603
-6022
-5946
-5198
-4255
-3964
-4006
-3713
-3434
-4193
-5108
-4940
-4798
-4918
-4369
-3249
-3457
-4046
-4295
-4134
-4280
-5574
-6254
-6093
-4909
-1784
4767
11299
14560
16014
16595
16219
13769
8811
3839
-1556
-6693
-9615
-8345
-4890
-2889
-588
328
2338
3288
4307
5454
4698
2928
-548
-948
-453
1839
3643
4840
5996
5392
5099
4238
3402
938
-2890
-7000
-10459
-11573
-10936
-8803
-5032
-1148
3473
7750
12131
15640
17053
16189
12496
8758
4001
441
-2498
-4760
-6005
-6843
-6281
-5197
-2399
-319
1271
2189
2367
2818
2774
3060
2827
2512
1444
283
-390
-906
-866
-1426
-1767
-2241
-2572
-2775
-2743
-2590
-2833
-3096
-3687
-3602
-3115
-2209
-1313
-695
-188
263
761
1047
1306
892
-321
-1987
-3194
-3598
-3614
-3571
-3888
-4270
-4778
-5801
-6821
-6997
-6796
-7206
-7040
-6034
-4555
-3424
-3546
-3619
-4100
-4703
-5581
-5546
-4892
-3976
16
6111
13515
16820
17514
17676
16410
13375
7115
2385
-3590
-8129
-10856
-9208
-4565
-2192
613
1364
3133
3101
3473
3819
2728
1044
-2213
-2331
-1076
2046
5124
7149
8384
8211
7555
5824
3463
351
-4297
-8767
-12218
-13279
-11845
-9544
-5785
-2175
2507
6989
11242
14433
15556
15828
13359
10340
6535
3334
549
-2112
-3343
-4758
-5029
-5237
-4099
-2622
-1320
190
754
2085
2725
3560
3773
3971
3659
2353
1309
-76
-617
-1730
-2560
-3407
-3991
-4248
-4378
-4080
-4357
-4515
-5010
-5109
-4623
-3375
-1740
-337
946
1905
2777
3377
3490
2764
1268
-890
-2982
-4201
-4910
-5717
-6570
-6889
-7063
-7101
-7184
-7144
-6583
-6486
-5696
-4431
-2772
-2105
-2170
-2327
-3343
-3307
-4373
-4963
-6298
-4796
1369
8587
13449
14041
16038
15386
13117
8404
4257
77
-6146
-9545
-9381
-4621
-2057
817
2621
3548
3131
2260
2956
2636
976
-2755
-3757
-2698
798
4312
7720
9646
10141
9195
7616
6390
3194
-995
-6998
-11183
-13702
-13005
-11144
-8223
-4849
-1955
2218
6451
11463
14285
15130
13510
11709
10061
7876
5909
3507
1152
-1809
-3952
-5021
-4788
-4525
-4796
-4539
-3475
-1295
1341
3954
5649
6477
6163
5073
4176
3135
1868
-152
-2344
-4316
-5197
-5330
-5284
-4958
-5104
-5221
-5540
-5281
-4406
-3211
-2080
-1282
-136
949
2149
3045
3323
2846
1533
130
-1648
-3276
-4216
-4841
-5118
-5791
-6572
-7108
-6920
-6627
-6594
-6154
-6159
-5531
-4553
-3313
-2081
-1781
-2025
-2396
-2457
-3507
-4913
-6319
-6810
-4453
552
6768
11486
14018
15585
16002
14477
10544
5642
-96
-5695
-8805
-8825
-5742
-3210
-1221
-7
1175
2007
2514
3481
2680
1319
-1146
-1567
-95
2979
6253
8506
10057
9840
9519
8000
5821
2095
-2881
-8254
-12347
-14121
-13540
-11177
-8191
-4897
-991
3790
8930
14022
17194
18615
17139
14067
10849
7669
4061
-79
-3774
-7170
-8593
-8477
-7055
-4894
-3677
-2673
-1095
1092
3383
5512
7036
7142
6680
5143
4014
3135
1493
-651
-3274
-5276
-6832
-7052
-7036
-6522
-6317
-6645
-6450
-5660
-3976
-2269
-448
894
2214
3293
3975
4591
4444
3054
619
-2041
-3907
-4724
-5054
-5628
-6248
-7348
-8933
-9101
-8623
-8029
-7119
-5841
-4648
-3573
-1859
-464
388
-591
-2645
-3901
-5463
-6749
-7539
-7429
-5460
-605
6150
10959
14525
16623
17185
15534
10677
5805
212
-4918
-8539
-8175
-5023
-2859
-151
1390
3336
3804
3534
3528
1985
-33
-2988
-3226
-1845
1113
4839
7593
10389
11268
11193
9794
7037
3065
-2648
-7983
-12592
-14604
-14207
-12329
-8400
-4502
170
4721
9476
13581
15435
15916
14381
12562
9600
6601
4070
976
-1693
-4617
-6024
-6530
-6256
-5308
-4472
-2719
-1356
1065
3368
5578
7337
7638
7559
6231
4929
2641
398
-2275
-4966
-6860
-8344
-8517
-8303
-7412
-6608
-5652
-4639
-3437
-2012
-725
462
1237
1874
2678
3337
3880
3761
2773
1244
-487
-2296
-4287
-5883
-7397
-8015
-8245
-8322
-7863
-6797
-6029
-5539
-4611
-3368
-2226
-1270
-919
-934
-1114
-2359
-3375
-4719
-6108
-8863
-10277
-8942
-2631
5737
10599
13604
15785
18393
16784
13981
9454
4134
-2822
-8725
-8529
-5763
-2522
-2017
-425
33
474
754
1636
2149
-127
-3044
-4655
-2427
1216
5697
8850
11367
12140
11805
10432
8626
5298
-490
-6978
-12866
-15520
-16145
-14029
-11094
-7104
-3056
1413
6521
10994
14836
16798
17074
14662
11936
9824
7162
4171
642
-2783
-5953
-7738
-7816
-6654
-4581
-4104
-2633
-563
2047
4527
6320
7704
7338
6681
4164
3175
1798
-279
-2943
-5587
-6851
-7784
-7370
-7395
-6247
-6168
-6154
-5688
-4461
-2611
-1136
239
955
2189
3068
4456
5234
5164
4035
2041
-316
-2342
-3715
-5556
-7148
-8552
-9358
-9642
-9051
-7796
-6556
-5235
-4498
-3290
-1499
-68
80
-703
-1301
-2964
-4106
-5363
-6271
-7136
-7716
-4812
1243
8797
12502
14800
16089
15721
13891
9329
5277
-332
-5630
-9585
-9003
-5061
-2837
-309
488
1584
1632
1533
2242
1419
336
-2695
-3122
-1367
2187
6560
8935
10984
10687
9673
7600
4823
1557
-3605
-8487
-12829
-14175
-12752
-10472
-6595
-3192
750
4360
8115
11985
14218
15276
13117
11060
8726
6269
4025
1000
-1459
-4332
-6015
-7036
-6568
-5033
-4331
-2639
-754
1765
4508
6689
8463
8435
8016
5843
3854
1735
-1167
-3684
-6815
-8387
-9532
-8897
-7934
-6591
-5198
-4654
-3423
-2732
-1425
-430
543
1227
1780
2641
3661
4993
5455
4982
3511
1180
-1226
-3255
-5513
-7717
-9802
-11229
-11478
-10124
-8189
-6394
-4876
-3704
-2263
-1563
-1019
-767
-631
-2441
-4172
-4904
-5374
-5522
-6466
-5404
-2582
3789
9420
13381
15540
15976
15498
11718
7722
3056
-1173
-6004
-8315
-7037
-4511
-2473
-1038
456
1185
863
309
800
-15
-1198
-2756
-1510
747
4269
7880
10548
12700
12067
11135
8130
4889
71
-5218
-10063
-13547
-14436
-13994
-11252
-7624
-3698
330
4532
8496
11544
13300
14354
14114
12681
10134
7875
5222
2126
-748
-3750
-5930
-7378
-7547
-6787
-5208
-3730
-1791
615
3338
5745
7709
8618
8530
7210
4673
2471
-205
-2502
-5040
-6808
-8217
-8578
-8058
-7218
-5749
-5079
-4092
-3609
-2651
-1461
-69
1060
1861
2788
3324
4347
4912
4673
3314
1000
-1653
-3979
-5955
-7326
-8095
-8558
-8864
-8863
-8777
-8453
-7632
-6960
-5969
-4831
-3652
-3078
-2716
-1881
-921
-1313
-2339
-2535
-1895
-926
1388
5868
10094
11915
11086
11361
11233
9180
5296
1677
-1557
-5164
-6657
-5884
-2440
-818
-289
-19
807
1376
1434
2035
1330
425
-1025
-483
1692
4786
7280
8696
9208
8644
7599
5691
3124
-729
-5209
-9511
-11779
-12223
-10637
-8101
-5078
-2041
877
4367
8070
11831
13212
12639
10962
9541
8186
6322
4377
2209
-134
-2838
-4477
-4843
-4940
-5035
-4909
-4187
-2399
340
3580
6411
8454
8840
8044
6794
5208
3107
-90
-3361
-6260
-7989
-8859
-8692
-7836
-6897
-6102
-5618
-4660
-3606
-2500
-1687
-958
-91
1021
2266
3338
4320
4812
4271
2731
656
-1375
-3326
-5190
-6539
-7246
-7852
-8736
-9107
-8774
-8552
-8621
-8283
-7552
-5964
-4483
-3826
-3474
-2494
-1597
-1492
-593
499
2327
5214
9243
12791
13418
11910
10100
8382
5154
1183
-1370
-3794
-5726
-6106
-4271
-1383
121
1389
1769
2130
1335
1005
1200
576
-72
-839
568
2665
5643
8022
9767
10400
9635
7916
5216
2353
-1470
-5793
-9820
-12029
-12440
-10884
-8205
-4304
-246
3965
7799
10784
12872
13550
12534
9366
6872
4376
2311
371
-796
-1583
-2481
-2849
-3162
-2479
-3058
-3471
-3354
-2489
-979
727
3081
4921
7079
7580
7552
6981
5340
3012
-404
-3384
-6350
-7942
-9357
-9828
-9451
-8906
-7768
-6765
-4998
-3516
-2035
-915
419
1463
2040
2738
3120
3363
3339
2762
1733
622
-831
-2372
-4263
-6453
-8622
-9846
-10978
-11280
-10882
-10069
-8254
-6283
-4820
-4181
-2840
-2386
-1748
-926
-307
595
1414
2946
5197
8855
11107
11430
10471
8827
7313
4956
1884
-1035
-3555
-5594
-6043
-4166
-1403
451
1839
2483
3496
3602
3267
3016
1787
554
-1016
-533
767
3089
5020
6152
7450
7491
7525
5971
3576
194
-3611
-7224
-9841
-10190
-9537
-7753
-4839
-1145
3226
7366
10546
12535
12892
12285
10377
8139
5130
2525
240
-2102
-3152
-3978
-3839
-3916
-3126
-2547
-1921
-1075
-430
1070
2064
3498
4473
5725
6455
6584
6155
4960
3676
1351
-1171
-4118
-6300
-7932
-9079
-9760
-9829
-9190
-8508
-7070
-5703
-4091
-2535
-926
491
1897
3046
3624
4265
4279
3963
2892
1429
-441
-1978
-3745
-5634
-7155
-8959
-10260
-10743
-10419
-10279
-9532
-8187
-6286
-4667
-3716
-2838
-1201
-404
-460
252
1190
2327
2557
4598
6826
9469
9992
9122
8892
6948
5501
2221
406
-2184
-3975
-4636
-4454
-1476
-292
1510
2041
3249
3852
3373
3399
2301
1781
175
-389
428
1686
3490
4313
5349
5978
5621
4750
2450
135
-3126
-6120
-8374
-9624
-8648
-7692
-4987
-1731
2737
7266
10326
12918
13782
13877
11532
9044
6036
2384
-638
-3702
-4848
-5269
-4629
-4034
-2675
-1287
-545
699
1373
2583
3222
3663
3974
4923
5807
6046
5944
4729
3261
950
-1717
-4371
-6600
-8618
-10046
-10809
-10844
-9820
-8467
-7011
-5120
-3076
-1238
708
2157
3406
4080
4178
3685
3171
2211
755
-498
-1825
-2375
-3323
-4874
-6792
-8013
-8853
-9921
-9966
-9586
-8889
-8322
-6410
-3531
-1636
-584
-1040
-1232
-1032
-832
-667
-98
1267
1594
3415
6826
10452
12109
10498
9072
7811
5842
2595
265
-1204
-3689
-4630
-4024
-1551
786
1615
2342
2467
2600
1849
1725
1528
534
-19
-648
708
2772
4931
6409
6799
6835
5502
3721
963
-1888
-4923
-8295
-10060
-10527
-9286
-6850
-3399
770
4857
8995
11554
12970
13201
12245
10559
7384
4080
615
-2057
-4059
-4998
-4845
-5023
-4381
-3755
-2231
-528
1294
2655
3451
4307
4384
5113
5460
5884
5036
3455
1409
-487
-2134
-4315
-5784
-7557
-8516
-9416
-9175
-8215
-6619
-5044
-3977
-2538
-1259
387
1603
2782
3209
3291
2907
2612
2136
1494
413
-1671
-3880
-5899
-6943
-8054
-8663
-8590
-7661
-6561
-5693
-4492
-3523
-2840
-2490
-2956
-3530
-3891
-4228
-4393
-3646
-1555
89
1582
3101
5713
8373
10055
10992
10347
8446
6032
4434
2847
1057
-730
-1880
-2356
-1971
-812
586
1224
875
383
-317
-467
-480
-145
221
645
1409
2790
4830
6518
7671
7652
6434
4555
2175
-456
-3062
-5599
-7979
-9529
-9509
-8135
-5563
-2270
981
3936
6840
9984
12690
14409
14524
12379
9228
5543
2007
-1419
-4445
-6625
-8094
-7680
-6576
-3528
-946
813
2131
2820
4077
4556
5859
5502
5442
4552
3242
2706
1497
761
-1561
-3404
-5704
-6833
-7501
-8070
-7731
-7813
-6889
-6022
-4191
-2402
-761
433
1297
2139
2394
2945
2609
1927
1045
-172
-1655
-3193
-4482
-5436
-5759
-6204
-6412
-6536
-7100
-6636
-5453
-5163
-4542
-3903
-3957
-3918
-2791
-2247
-2591
-2609
-3780
-3985
-3767
-2314
321
2852
5021
7118
10057
11022
12077
11859
9929
6906
3294
515
-1229
-1574
-2455
-2448
-2336
-1752
-716
437
1510
1868
1226
-99
-314
-242
535
1490
2521
3491
4634
5733
6741
7182
5755
3322
-128
-3757
-6585
-8248
-9520
-9684
-8604
-6512
-2631
1856
5954
9511
12105
12827
12634
12072
10340
7905
4623
834
-2147
-4389
-5597
-5900
-5136
-4567
-3386
-1554
89
2324
3554
4485
4339
4517
4133
3869
3813
2713
1697
-440
-1730
-3465
-4299
-5091
-5765
-6235
-6720
-6064
-5581
-4136
-3157
-2121
-1656
-1250
-760
61
886
1310
1914
2005
1968
1648
1108
-431
-1996
-4162
-6251
-7686
-8193
-7904
-7280
-6335
-5340
-4168
-4048
-3529
-2792
-2475
-2918
-3544
-4281
-4692
-4052
-3886
-3169
-2088
-940
591
2621
5437
7866
9681
9871
9233
8421
6462
5221
3411
1381
-580
-1932
-1736
-1436
132
749
1206
960
435
1113
793
1222
1157
1302
1221
1360
2840
3766
5161
5133
4623
3770
2120
782
-1410
-3423
-5501
-7011
-7700
-7427
-5304
-3308
-449
2990
5694
8106
10023
11680
11667
10890
8936
6193
3797
707
-1586
-3270
-4344
-4929
-4770
-3866
-2610
-455
1136
2692
4436
4912
5036
4878
4457
3558
2467
1261
-543
-1558
-2912
-3665
-4249
-4775
-4824
-5259
-5062
-4904
-3918
-3268
-2574
-2105
-1826
-974
-546
266
756
1116
905
688
253
-348
-856
-2179
-3351
-4572
-5484
-5766
-5501
-4930
-4443
-3841
-4036
-3996
-3889
-4513
-4722
-5034
-4735
-4600
-3744
-2878
-2319
-1798
-2069
-1721
-2277
-2032
-1328
406
2190
3930
6045
6958
7940
7863
7704
6009
3994
1936
-180
-1345
-2163
-1797
-1519
-732
208
1196
2581
3285
3718
3510
2750
2083
1259
1383
1314
1632
1682
1499
1902
1651
1669
745
-107
-1423
-2795
-3529
-4007
-3264
-2466
-1179
746
2941
5611
8404
11093
11518
9895
8093
5696
3328
204
-2156
-4041
-5100
-4759
-3523
-741
806
2175
2694
3284
3941
4092
4495
3593
2998
1344
382
28
-419
-1003
-2561
-3226
-4315
-4395
-4462
-4221
-3715
-3450
-2698
-2235
-1134
-705
-86
156
216
180
311
862
1121
1308
588
-282
-1609
-2884
-4183
-5179
-5923
-6545
-6305
-5619
-4576
-3618
-2692
-2129
-2200
-2533
-3225
-3994
-4845
-5666
-6005
-5888
-4748
-3477
-2215
-1282
-541
234
159
415
567
1161
1540
2357
4296
5741
7213
7255
7344
6532
5085
3642
1682
559
-1550
-2308
-2521
-1636
-310
608
2036
2621
3450
3184
3045
2798
2066
1170
30
-480
-560
-503
-256
121
704
906
859
919
514
394
-459
-963
-1086
-379
1014
2892
5949
8266
9442
8899
8058
6586
3758
907
-1999
-3934
-5148
-4848
-2910
-628
1904
2989
4221
4237
4004
3604
2431
1633
-62
-839
-2138
-1760
-1668
-1818
-1913
-2772
-2965
-3724
-3322
-3305
-2668
-2392
-2087
-1255
-551
836
1522
1949
1753
1488
1132
620
321
-577
-1720
-3080
-4009
-4300
-4604
-4682
-4735
-4610
-4458
-4491
-4579
-4854
-4966
-4738
-4352
-3713
-3630
-3281
-3337
-3347
-3590
-4416
-4952
-5867
-5930
-5699
-4064
-2543
-569
1483
3986
6893
9165
10526
10314
9698
7303
5449
2813
1053
-889
-1999
-2126
-1474
302
758
1907
1604
1743
1077
698
305
-24
-18
-129
922
1881
3131
3772
4282
3906
3245
1933
770
-689
-2182
-3220
-3761
-3558
-2970
-1325
348
2749
4751
6185
7105
7422
7323
6602
5655
3669
1800
450
-721
-1003
-1225
-878
-770
-337
162
1147
2530
2613
3081
2583
2262
1588
1264
630
-414
-1012
-2410
-2900
-3567
-3573
-3780
-3920
-3851
-3573
-2702
-1950
-832
-221
175
411
567
787
1112
1207
985
488
-169
-700
-1387
-2447
-3802
-4870
-5588
-5875
-5906
-5654
-4864
-4492
-4513
-4220
-3889
-3994
-4375
-4291
-3661
-3148
-3178
-3907
-4554
-5690
-6848
-7343
-7506
-6586
-5152
-1375
3805
9648
13166
14241
14613
13111
11049
6633
3397
-177
-2812
-4444
-4149
-1090
182
1945
1666
2468
1858
875
550
-500
-584
-2271
-1427
-28
2672
5112
6450
7861
7626
7197
5360
3450
1127
-2007
-4926
-7372
-8073
-7475
-6225
-3843
-1294
1984
4742
7006
8679
9047
9048
7107
5513
3598
2272
1070
24
236
-379
-303
-1064
-871
-890
-959
-404
-57
1286
1684
2755
3064
3347
3062
1811
695
-1001
-1858
-3189
-3732
-3988
-3746
-3247
-3039
-2331
-2065
-1443
-1117
-816
-586
-308
104
284
564
675
470
-12
-724
-1506
-2426
-3561
-4494
-5367
-5812
-5989
-6025
-5765
-5264
-4666
-4386
-4402
-4353
-3977
-3581
-3488
-3088
-3139
-4820
-6538
-7003
-7554
-8309
-8160
-6392
-3214
795
6353
11521
14827
14479
13681
12817
9639
6064
2210
-63
-2831
-3720
-2864
-729
1221
1161
1675
1469
1218
308
-124
-647
-1392
-1867
-1052
1262
4021
6316
7992
8939
8457
7698
5473
3151
-178
-3565
-6684
-8854
-9071
-8410
-6050
-3937
-694
2824
5731
8057
9211
9765
8838
7631
5986
4221
2807
1207
292
-440
-1156
-1894
-2568
-2859
-2928
-2426
-1440
-314
1266
2472
3492
4300
4640
4693
3607
2493
669
-692
-1987
-3111
-3656
-4290
-4260
-4651
-4168
-3669
-2912
-2331
-1955
-1298
-776
61
712
1356
1371
963
484
166
-197
-721
-1549
-2683
-4038
-5266
-6037
-6599
-7269
-7716
-7626
-6956
-5907
-4670
-3738
-3560
-3505
-3237
-2966
-3847
-5234
-6620
-7708
-9209
-9305
-7812
-5785
-2583
3113
11223
15697
17592
17592
17345
14086
7821
3325
-1114
-4168
-7667
-6336
-2774
-333
1754
2381
4117
2931
1923
727
-382
-1501
-3827
-3314
-1545
2329
5933
8597
10964
11474
10976
8636
5692
1982
-2857
-7225
-11143
-12579
-11984
-10080
-6504
-2696
1843
5326
8230
10269
11528
11846
9551
7636
5716
3970
2306
800
-87
-1697
-2927
-4251
-4419
-3616
-3372
-2185
-1311
368
2145
3703
5300
5915
6620
4947
3696
2313
884
-478
-2692
-3739
-5268
-5492
-6075
-5782
-5293
-5056
-4185
-3902
-2580
-1476
34
961
1978
2752
3065
3471
2990
2410
850
-1016
-3287
-5265
-6829
-7638
-7345
-7091
-5876
-4888
-5035
-6102
-6548
-6226
-5683
-4919
-4685
-3810
-3110
-2551
-2408
-2431
-3576
-5814
-7221
-8140
-6448
-3300
1480
6981
11088
13422
13790
15002
14393
11321
6581
1008
-2658
-5783
-5844
-3721
-1390
218
99
1665
2327
3190
3272
2092
1166
-1345
-1446
-797
1668
4217
5473
6919
6793
7633
6744
5277
2775
-1357
-5082
-9007
-10512
-10781
-9419
-6812
-3530
969
4524
8415
11540
13376
13669
11353
8375
4626
1988
-543
-2601
-3691
-4933
-4795
-4562
-2698
-1070
202
928
1308
2651
3516
5033
5767
6214
5541
4272
3102
1748
465
-1371
-3323
-5221
-6479
-7159
-7093
-6432
-5535
-4821
-3753
-2578
-1035
655
2062
2769
3061
3173
3157
3273
2821
2156
581
-1634
-4227
-5788
-6940
-8033
-8259
-8118
-7668
-7303
-6319
-4891
-3625
-3191
-3242
-2784
-2387
-2442
-2657
-3139
-4003
-5025
-5728
-5785
-4730
-3907
-2707
-1345
1163
3635
6225
9125
10318
11054
9235
8555
6673
4797
2228
-441
-1521
-3059
-1889
-1384
301
423
568
622
592
1289
1705
2483
2138
2468
2700
3734
4400
5463
5151
4583
3227
1689
548
-1002
-2206
-4298
-5262
-6611
-6229
-5365
-3645
-1084
1250
3393
5191
7811
9562
11182
11407
9555
6429
3208
358
-1863
-3605
-5318
-6317
-6153
-4895
-2200
1105
3357
4892
5549
5741
5816
5850
5080
3387
1385
-1149
-2870
-3982
-4455
-4667
-5272
-5613
-5615
-4675
-3728
-2296
-1278
-771
-265
181
1381
2333
3139
3072
2935
2136
1374
523
-864
-2288
-4389
-6171
-7808
-8129
-8294
-7477
-6351
-5645
-4575
-3646
-2350
-1982
-1629
-1727
-2251
-3223
-3850
-3386
-3568
-4220
-4219
-3732
-3795
-3927
-3258
-1364
-46
690
1591
3214
4808
5721
7231
7453
7038
5789
4493
3970
2915
2208
558
-528
-1332
-1405
-172
165
1371
1580
1907
2174
2364
3414
3032
2945
1590
1219
1173
924
1457
1083
1315
565
231
49
-245
-626
-2024
-2820
-3572
-3380
-1765
484
3384
5533
7731
9229
9866
9565
7451
5011
1197
-1708
-4109
-4866
-4634
-3820
-1780
-344
2164
3717
5693
6057
5850
4806
2977
1797
-83
-886
-2519
-3226
-4250
-4352
-4125
-3953
-3216
-3028
-2276
-1985
-978
-445
332
755
1059
1426
1580
1884
1884
2034
1507
734
-576
-1670
-2884
-4115
-5464
-6530
-6863
-6730
-6008
-5409
-4309
-3856
-3428
-2713
-2425
-2663
-3291
-3167
-3545
-3858
-4315
-5009
-4609
-4407
-3850
-2950
-1575
-727
-457
673
1001
1585
1465
1008
1282
1064
1443
1824
3118
3486
3491
4074
3672
3996
3103
2421
1536
672
35
-824
-23
318
1502
2328
3229
4046
3681
3415
2581
1906
525
-835
-1607
-2037
-1570
-1137
-216
645
679
819
583
476
152
96
-111
-43
1365
2519
3666
4358
5122
5992
6747
7022
6505
5622
3714
1701
377
-735
-1361
-1609
-1220
-107
1798
3441
4204
4570
3350
1498
-554
-1832
-2771
-3263
-3564
-3722
-2907
-2223
-1068
-412
120
-107
-465
-646
-526
73
282
520
403
470
358
332
158
-87
-859
-1985
-2956
-3737
-4348
-5063
-5357
-5318
-4753
-4387
-3855
-3184
-2658
-2633
-3090
-3843
-4626
-4772
-4890
-4667
-4187
-3681
-3979
-4245
-3807
-3142
-2431
-2118
-1438
-525
67
287
1013
1991
2071
1640
1642
1911
2546
2788
2937
3174
3163
3098
2850
3126
2694
2441
1760
1243
916
620
815
991
1798
2006
2434
2262
2142
1735
1299
868
334
168
-281
-586
-975
-700
-626
-311
-186
64
94
314
849
1491
2301
2587
3529
4400
5698
6908
7829
7428
5839
4368
2628
1136
-282
-1187
-1568
-1472
-537
890
2438
3086
2894
2334
1342
546
-197
-659
-1224
-1664
-1893
-1743
-1001
-334
-67
-410
-850
-1355
-1550
-1452
-1161
-983
-801
-642
-500
-153
255
496
348
-55
-834
-1486
-2155
-2697
-3267
-4052
-4882
-5255
-5149
-4983
-4345
-4006
-4434
-4807
-4958
-4870
-4588
-4393
-3914
-3423
-2752
-3234
-3440
-3507
-3965
-4315
-5646
-5467
-5036
-3164
-1751
-283
1424
2290
3853
4416
6382
7232
7083
5930
5194
4915
3848
2593
1304
551
-669
-1256
-831
825
1112
1576
1139
1299
1517
1546
1810
1277
1672
582
1039
1311
2327
2956
2623
2214
1110
744
-336
-683
-1169
-1686
-1981
-1984
-937
1293
3883
5605
6160
6546
6397
5737
4657
3321
1857
13
-1046
-1006
38
871
1152
1031
1011
809
865
812
934
587
57
-255
-317
399
415
562
-1
-133
-404
-412
-315
-549
-598
-1422
-1635
-1766
-1211
-881
-661
-503
-454
-57
47
458
620
621
69
-721
-1186
-1518
-2147
-3300
-4433
-5459
-6151
-6098
-5357
-4322
-3314
-3340
-3822
-3984
-3596
-3349
-3755
-3919
-4210
-4059
-4266
-4635
-4485
-5290
-5686
-5775
-4404
-2712
-1828
-226
384
2660
3369
4910
6925
7940
8830
7395
8140
6354
5184
2319
97
-957
-2558
-1576
-1336
770
744
1634
1820
2348
2740
2159
1725
567
65
-704
89
706
2136
2410
2839
2449
2336
1666
578
-314
-2121
-2811
-3906
-3147
-2025
733
3286
5459
7473
8164
8545
7482
6051
3732
1205
-846
-2248
-2049
-1452
-542
342
561
1011
700
912
674
722
440
-171
53
-32
671
703
1014
735
322
83
-377
-346
-740
-912
-1343
-1618
-1586
-1458
-981
-897
-809
-585
-328
3
131
444
203
-210
-556
-919
-1147
-1775
-2476
-3616
-4818
-5736
-6233
-5954
-5598
-5008
-4528
-3891
-2787
-2174
-1832
-2312
-2917
-4371
-5841
-6245
-6831
-6729
-6829
-5741
-4978
-3481
-1280
-84
1464
1493
2808
3620
5423
7086
7574
7968
6520
6388
4691
3504
2092
620
-271
-1241
-254
338
1476
1987
2015
2102
1718
1879
1822
1414
1102
394
481
781
1731
2444
2424
2526
1320
871
-17
-681
-1586
-2835
-3397
-4066
-3153
-1719
1146
3709
5339
7490
8711
9144
8045
6719
4385
1398
-928
-2663
-2496
-2090
-1197
-129
1152
1773
1899
1980
1567
999
-9
-678
-907
-309
-135
500
840
991
610
80
-88
-507
-447
-1081
-1041
-1289
-936
-649
-471
-240
-419
-343
-828
-711
-794
-667
-1003
-1489
-1705
-1879
-1965
-2352
-2769
-3610
-4163
-4563
-4561
-4098
-3507
-3218
-3186
-2666
-2168
-2138
-2997
-3991
-4644
-5717
-6797
-7377
-6947
-6607
-6578
-5671
-3396
-977
58
728
1833
3153
3995
5451
7086
8239
7419
6237
5921
5185
4042
1444
89
-1543
-1941
-1820
-858
1035
1191
1685
1191
2140
2518
2850
2740
1836
1493
646
1163
1826
2747
2748
1992
1011
77
-521
-1096
-1944
-2844
-3833
-4168
-3539
-1904
896
3076
4740
5358
6758
7829
8069
7257
5291
3244
551
-745
-1305
-948
-844
-952
-564
-73
1022
1601
1998
1634
795
-93
-665
-265
195
287
-243
-598
-711
-697
-397
-158
-158
-468
-775
-977
-655
-83
200
-118
-524
-785
-684
-531
-434
-481
-1040
-1815
-2430
-2305
-2231
-2189
-2856
-3641
-4383
-4582
-4272
-3629
-2451
-1967
-1458
-1645
-1517
-1929
-2539
-3807
-5876
-7256
-8404
-8339
-8003
-6423
-5190
-4220
-3042
-1402
618
1469
2514
3073
4124
4668
6159
7765
7981
7840
6619
5908
3640
2073
426
-1153
-2062
-3248
-2316
-2026
-674
142
1070
2052
2203
3382
3382
3945
3548
3146
2971
2463
2468
1846
1657
921
-146
-1001
-1714
-1885
-2400
-2778
-2729
-2645
-1664
-54
2278
3981
5072
6536
7532
8263
7579
6453
4703
2447
849
-497
-641
-1106
-1056
-784
-471
535
763
1378
887
538
-178
-643
-271
-503
-206
-949
-958
-1231
-1106
-875
-914
-607
-1029
-781
-825
-335
-74
6
-188
-571
-657
-806
-638
-506
-566
-1191
-1723
-2258
-2544
-2970
-3466
-4143
-4473
-4382
-4101
-3349
-3057
-2864
-2897
-2755
-2947
-2510
-2444
-3075
-3679
-4683
-5181
-6141
-6558
-7822
-7785
-7354
-6492
-3857
-1992
570
1746
3659
5051
7040
8740
8397
8616
7212
6538
5319
3965
2646
988
-410
-1821
-1588
-924
-715
-373
-576
-359
118
309
1571
2121
2798
2547
3004
3794
4268
5070
4133
3808
2104
516
-994
-2330
-3009
-4247
-4635
-5252
-4375
-2929
-1246
1069
2712
4327
5422
6693
8263
8910
8742
6965
5353
3636
1904
1110
-312
-596
-1688
-1579
-1046
-123
1279
910
1447
366
688
256
376
816
17
68
-1224
-574
-920
-415
-589
-1150
-965
-1443
-782
-1018
-486
-751
-973
-1269
-1523
-1053
-969
-791
-768
-665
-812
-852
-931
-1284
-2002
-3003
-4301
-5149
-5775
-5903
-5299
-4226
-2830
-1811
-1097
-1192
-1084
-1971
-3587
-5395
-7506
-8559
-9309
-8164
-7001
-5183
-3951
-2828
-609
-237
1140
1481
2981
3486
4131
5878
6709
8192
7022
7093
5777
4052
2415
691
-45
-1621
-1880
-2287
-1840
-1101
-478
672
1476
2076
2649
2749
3339
3531
3760
3698
3444
3444
2481
2328
1069
73
-1230
-2520
-3189
-4229
-4232
-4566
-3941
-3071
-1139
1562
3641
6249
7943
9218
9619
9051
7654
5389
3410
1208
-24
-780
-1203
-958
-873
-413
160
518
624
638
679
477
638
937
939
1257
800
521
76
-270
-610
-1142
-1178
-1573
-1257
-1477
-1087
-811
-993
-1186
-1653
-1604
-1835
-1446
-1396
-1208
-859
-675
-325
-412
-511
-1124
-2109
-3299
-4210
-4361
-4543
-4146
-3652
-3141
-3003
-3058
-2966
-2960
-2613
-3043
-3357
-3908
-4280
-5009
-5516
-5508
-5470
-5090
-5043
-3676
-1680
484
1669
2623
3266
3376
3636
4177
5191
5563
5167
4456
4153
3416
2587
1596
822
-459
-1320
-1630
-1205
-196
300
1237
1469
2221
2563
3283
3667
3506
3309
2384
2110
1416
1091
420
-469
-1440
-2408
-2731
-2935
-2708
-2498
-2252
-1498
-339
1323
3065
4460
5339
5795
6442
7008
7573
7097
5706
3881
2105
642
-693
-1527
-2494
-2758
-2565
-1435
264
1791
2709
2514
2029
994
291
-308
-766
-1179
-1832
-2087
-1859
-1003
-323
57
0
-345
-651
-894
-864
-691
-564
-570
-580
-577
-387
-124
-171
-540
-942
-1459
-1985
-2499
-2918
-3188
-3673
-4358
-4699
-4427
-4075
-3492
-2600
-1773
-1347
-1230
-1304
-1227
-1816
-2948
-4088
-5201
-5998
-6773
-6350
-5856
-4716
-3977
-3096
-1225
5
1893
2820
4178
4436
4307
4203
3436
3906
3260
3768
3464
2822
2627
2238
2705
1543
944
-691
-1777
-1682
-1443
327
823
1640
1827
2350
3207
3559
4362
3340
2347
663
-656
-908
-1359
-1416
-2014
-2142
-2141
-1644
-558
78
1034
1569
2405
3644
4497
5799
6796
7196
6453
5520
4468
2950
1893
628
-241
-948
-1426
-1173
-300
549
1098
1601
1778
1633
1538
1201
718
231
-898
-1779
-2465
-2695
-2897
-2835
-2592
-2427
-1873
-1571
-716
-172
209
416
702
1122
1477
1821
1436
872
-101
-1163
-2201
-2977
-3564
-3819
-4196
-4584
-4548
-4177
-3705
-3273
-2657
-2534
-2162
-2199
-2129
-1877
-1538
-1643
-2131
-2228
-3072
-3670
-4222
-4537
-5313
-6378
-6815
-6097
-4464
-3111
-1445
456
1849
3103
4724
6205
7601
8199
8085
6850
5783
4526
3111
1875
51
-953
-2166
-2128
-1582
-433
210
255
874
836
1472
1656
2197
2362
2191
1998
1776
2363
2554
2615
1893
852
-128
-1278
-2029
-2409
-2649
-3005
-2998
-2028
-520
1617
3804
5099
5633
5525
5865
6318
6417
5794
4485
3376
1903
1352
1043
420
-459
-1528
-1583
-1225
107
979
1669
1714
762
132
-430
-410
-896
-1556
-2482
-2868
-2575
-2240
-1434
-866
-653
-822
-963
-677
11
452
446
296
105
-164
-158
-249
-427
-997
-2209
-3218
-3731
-3746
-3886
-4211
-4836
-4863
-4597
-4167
-3140
-2012
-1500
-1773
-2040
-1902
-1321
-2149
-3727
-4984
-5819
-6660
-6428
-5679
-5162
-4957
-5339
-3739
-1742
17
298
1866
3697
5672
8071
8715
10176
9202
7844
5102
3374
1339
-1162
-2076
-3663
-2578
-2317
-1085
95
1263
1907
1589
2088
1739
2253
1964
1637
2152
2624
2936
3291
3453
3294
2442
1161
-592
-1646
-2622
-4007
-4321
-4727
-3851
-2417
-176
2469
5135
7209
7848
8813
8518
7454
5691
3625
1866
435
-93
-383
353
688
952
1174
1182
1289
1026
741
-100
-153
-370
-224
85
166
230
-208
-540
-1198
-1403
-1868
-2211
-2433
-2562
-2219
-1850
-1522
-1046
-575
-483
-464
-354
-238
-283
-427
-865
-1190
-1726
-2183
-2309
-2350
-2512
-3088
-4034
-4762
-4701
-4201
-3709
-3451
-3347
-3127
-2878
-2687
-2316
-2684
-3514
-4419
-4966
-5508
-5454
-5351
-5326
-4208
-3325
-1518
-117
1224
1916
2938
4465
5446
7730
7753
8062
7562
6764
5718
3517
1802
-1510
-2384
-3742
-3321
-2115
-1590
-299
-465
617
820
2229
2735
2834
3085
2190
2480
2718
3329
3481
3085
2313
1172
172
-722
-1653
-2326
-3667
-4145
-4407
-3929
-2071
-243
2144
3742
5465
6310
7488
8479
8203
7380
5372
3630
2067
959
231
-268
-917
-1721
-1634
-852
-49
832
1084
860
674
521
763
901
1065
562
-58
-470
-613
-399
-884
-1260
-1895
-2372
-2704
-2729
-2183
-1795
-1490
-1648
-1454
-1007
-491
-49
-122
-279
-445
-867
-1018
-1081
-1382
-2263
-3272
-4194
-5068
-5212
-5056
-4323
-3916
-3820
-3759
-3811
-3757
-3605
-3706
-4232
-4761
-5353
-5767
-5499
-4619
-3728
-3065
-2615
-1573
257
1712
2798
3632
3895
5283
6691
7857
7689
7681
6938
4896
3092
289
-685
-2569
-3054
-3002
-2037
-1119
-743
833
940
1761
1574
2037
2242
2381
2328
2456
3044
3410
3504
3185
2598
1520
353
-1343
-2139
-3514
-3890
-4568
-4195
-3176
-1401
1215
2997
5569
7309
9379
9442
8877
8011
6034
4082
1560
423
-766
-1245
-1171
-899
309
120
737
639
1023
1088
680
1004
628
1462
796
1161
915
732
-40
-1252
-1670
-2645
-2795
-3529
-3273
-3372
-2958
-2700
-2262
-1744
-1249
-761
-447
195
505
827
545
148
-769
-1399
-2093
-2502
-2910
-3323
-3819
-4204
-4422
-4639
-4820
-5474
-5921
-5635
-4771
-4228
-3076
-2095
-1654
-1920
-2511
-3468
-4738
-5591
-6470
-5764
-4398
-2629
-711
648
2331
3751
6190
7565
8482
8294
7159
6865
5661
4872
2611
1025
-1068
-2272
-2056
-1295
-91
-470
-287
-778
-504
-167
961
1640
1805
1696
1706
2753
3876
5101
5150
4688
2916
1554
-35
-1278
-2260
-3371
-4427
-5368
-4675
-3337
-825
1634
3581
4962
5671
6614
7342
8226
7942
6205
4269
2209
1334
549
512
67
-722
-986
-1074
603
1782
2892
2879
2378
1770
982
1233
681
376
-614
-1771
-2426
-2720
-2241
-2604
-2854
-3579
-4104
-3930
-3517
-2336
-1801
-1310
-1084
-600
149
675
1348
1033
259
-660
-1286
-1471
-1918
-2286
-3186
-4240
-5194
-5661
-5429
-5483
-5325
-5106
-4312
-3429
-2540
-1648
-1138
-1260
-2248
-3105
-3895
-4300
-4604
-4540
-4435
-4073
-3093
-2029
-742
-131
909
2230
4032
6106
7613
8902
8626
8312
6806
4984
2800
490
-1027
-2743
-2850
-2923
-1767
-1081
-327
194
399
1071
1266
1886
1841
2208
2184
2759
3326
4115
4397
4125
3311
2111
936
-636
-1559
-2904
-3651
-4514
-4445
-3934
-2389
-275
1673
4240
6375
8216
8876
8868
7784
5899
3657
1328
-141
-1018
-1485
-1014
-286
629
1260
1894
2187
2077
2148
1647
1628
1299
1094
830
382
9
-764
-1284
-2183
-2898
-3495
-3918
-3760
-3582
-3033
-2602
-2101
-1529
-1005
-425
-54
511
690
807
718
529
267
-199
-872
-1895
-2676
-3546
-4190
-4848
-5543
-6065
-6141
-5775
-5113
-4194
-3632
-3572
-3304
-2524
-2247
-2004
-2252
-2564
-3343
-4158
-4149
-4000
-3144
-3344
-2691
-1665
-433
1440
3154
5773
7179
8182
8201
7826
7657
5929
4051
1676
-572
-2174
-3440
-2477
-1648
-562
-194
-156
796
606
1598
1446
1815
1498
934
1557
1918
3482
3800
4165
3655
2707
1912
469
-512
-1807
-3224
-4440
-5285
-4814
-3921
-1882
794
3220
5579
6712
8157
8892
9117
7810
5493
3379
966
-221
-1022
-930
-875
-995
-836
-442
755
1428
2084
2404
2162
1870
1495
1642
1385
858
-349
-1507
-2162
-2730
-2875
-3033
-3024
-3217
-3248
-3128
-2692
-2076
-1632
-1331
-1044
-660
-26
670
1074
1201
923
417
-259
-553
-1023
-1712
-2898
-4357
-5165
-5623
-5539
-5451
-4991
-4902
-5045
-4759
-4466
-3437
-3205
-2940
-2434
-1825
-2161
-3827
-4367
-4842
-4755
-5376
-5385
-3783
-1794
1407
4762
8626
9907
9665
9575
8701
8191
5602
3637
954
-1321
-2600
-3044
-881
-746
429
-389
-438
-316
-425
658
-110
612
-594
105
984
2617
4786
5289
5953
4905
4217
2980
1761
458
-1730
-3734
-5389
-6031
-5026
-3820
-1437
556
2816
4851
6053
7444
7610
7659
6024
4566
2980
1760
1467
1295
1344
1110
710
244
70
33
263
427
867
724
1196
1341
1659
1965
1496
827
-593
-1319
-2287
-2448
-2638
-2845
-2784
-3136
-2871
-2801
-2330
-2247
-2254
-2244
-2230
-1527
-899
270
1014
1370
1272
670
139
-449
-777
-1726
-2848
-4181
-5396
-5794
-5506
-4902
-4808
-5030
-4977
-4038
-3190
-2993
-2841
-2819
-3369
-4389
-4643
-4754
-4711
-4306
-3265
-1795
-1185
-143
923
2454
3380
4130
5474
5917
6428
6108
6348
5924
4680
3223
913
-235
-1414
-1462
-1112
-886
-649
-1149
-488
-105
694
1352
1547
1931
1594
2026
2457
3338
3923
3785
3525
2413
1636
827
-31
-1078
-2490
-3305
-4010
-3888
-2991
-1497
506
1993
3882
5141
6329
6959
6931
6577
4816
3433
1663
1064
573
370
553
-31
332
-82
727
931
1239
1364
878
1497
1218
2072
1718
1695
1017
-142
-762
-1980
-1962
-2812
-2935
-3459
-3466
-3180
-3066
-2352
-2254
-1808
-1778
-1460
-1010
-275
558
833
876
606
281
74
-395
-701
-1406
-2411
-3612
-4550
-4907
-5599
-5799
-6073
-5309
-4448
-3824
-3192
-2708
-2024
-2502
-2905
-3673
-4420
-5378
-5866
-4483
-2738
-1123
-644
167
1017
1794
3077
4537
6554
6594
6212
5614
5962
6005
4618
3069
396
-972
-2503
-1932
-775
-17
127
-1064
-798
-724
556
1216
1632
1767
1007
1281
1901
3632
4857
4818
4187
2720
1711
720
-44
-890
-2513
-3568
-4729
-4358
-2983
-878
1728
3348
4801
5795
7034
7269
6776
5887
3833
1696
-42
-660
-299
-19
99
100
316
319
422
1151
1292
1602
1300
1271
1644
2031
2355
1768
1402
-40
-950
-1841
-2449
-2676
-3393
-3545
-4085
-3729
-3379
-2625
-1895
-1589
-984
-716
59
749
1381
1756
1468
1039
535
112
-502
-1317
-2393
-3762
-4783
-5611
-5983
-6029
-5916
-5702
-5127
-4695
-4288
-3218
-2657
-2235
-2275
-2626
-2977
-3540
-3730
-4284
-3741
-3532
-3429
-1997
-1542
256
1013
3012
4806
6007
7319
6295
7387
5597
5220
3610
1829
841
-1121
-480
-1401
130
-223
-151
-220
-833
-202
-452
184
147
607
862
1505
2704
3871
4399
4761
3919
3204
1859
759
-82
-1546
-2221
-3514
-3297
-3464
-2241
-718
916
2927
4188
6398
7046
7445
6618
5421
3921
1895
977
-319
-252
-484
-154
522
694
1159
696
1141
854
1307
1461
1494
1944
1644
1658
1005
712
-309
-1284
-2429
-3390
-3817
-3990
-3800
-3365
-2942
-2709
-2311
-2048
-1397
-947
-335
-152
479
1068
1679
2235
2200
1896
787
-361
-1774
-2749
-3949
-5024
-6029
-6833
-6837
-6256
-5166
-4423
-3579
-3075
-2747
-2348
-2384
-2441
-3318
-4218
-4764
-4915
-4303
-3755
-1913
-873
77
849
1864
3867
4736
5920
5535
5594
4852
4123
3968
3023
2721
1197
767
200
427
520
134
13
-931
-1228
-1490
-649
292
1196
1830
2305
2958
3597
4151
4397
4115
3343
2110
580
-445
-1371
-1602
-2424
-2818
-3107
-2956
-2335
-1546
384
1833
3572
4481
5627
6859
6994
6474
5115
3725
1956
279
-311
-672
-306
-458
-589
128
129
987
1024
1915
1933
1983
2197
1597
2218
1245
1016
-433
-1413
-2501
-3486
-3628
-4266
-3680
-4160
-3803
-3569
-2954
-2412
-2093
-1461
-1294
-434
103
969
1607
1846
1812
1285
724
-131
-1013
-2081
-3207
-4106
-5161
-5834
-5954
-5751
-5484
-5190
-4649
-4341
-4026
-3164
-2249
-1756
-2147
-2627
-3231
-3747
-3797
-3407
-2616
-2723
-2026
-895
1695
4159
6606
8053
7623
7479
6067
5972
4117
2948
944
-862
-1326
-1724
356
390
1394
607
147
-287
-769
146
-193
379
-157
299
1286
2727
4549
5399
5668
5080
3769
2585
1208
159
-1363
-3206
-4114
-5016
-4216
-3334
-1223
452
1567
3184
4242
5902
5965
6144
5357
3959
2724
1271
1199
644
610
255
-92
-56
-495
-15
-56
494
664
876
1477
1733
2429
2162
1999
1111
137
-902
-1917
-2395
-3020
-3314
-3616
-3587
-3376
-3063
-2683
-2352
-2312
-2161
-2006
-1362
-630
104
905
1375
1916
1828
1713
1138
270
-887
-2306
-3252
-4101
-4797
-5330
-5505
-5438
-5398
-5437
-5128
-4601
-3905
-3424
-2518
-1503
-1467
-1779
-2651
-2713
-2667
-2241
-1718
-723
861
1910
3816
5461
7376
7478
6635
5135
4205
3448
1804
1167
-30
-346
-1334
-694
310
1371
1640
862
806
27
28
-215
295
350
644
658
1346
2446
3508
3987
3568
3039
1568
785
-939
-1481
-2548
-3299
-3931
-4166
-3034
-2128
42
1321
3351
4611
5207
5708
5416
5410
4099
2903
1440
321
3
-641
-58
-290
-319
-511
-696
80
225
1508
1638
2288
2408
2220
2628
1931
1942
607
-190
-1438
-2432
-2717
-3499
-3247
-3882
-3804
-3863
-3530
-2858
-2621
-1729
-1666
-1096
-756
-76
906
1367
1965
1828
1889
1496
866
304
-988
-2133
-3788
-5088
-5692
-5935
-5645
-5713
-5091
-4758
-4296
-3498
-3042
-2299
-2424
-2516
-2831
-3130
-3117
-3192
-2168
-1614
-409
796
2073
3926
4807
6144
5854
5979
4820
3822
3299
2066
2177
588
745
-1
369
734
681
1488
289
706
-285
-83
38
8
837
556
1532
1567
2382
2912
2850
3179
2103
1578
571
-348
-982
-2047
-2383
-3143
-2939
-2447
-1687
-91
841
2324
3362
4517
5692
5705
5421
4170
3230
1883
583
116
-695
-808
-1051
-733
-15
276
877
919
1291
1436
1590
2333
2266
2646
2044
1570
892
-98
-669
-2061
-2570
-3787
-4069
-4398
-4332
-3755
-3628
-2860
-2703
-1814
-1410
-681
-104
202
772
898
1187
1240
1360
1321
943
421
-424
-1560
-2616
-3922
-4700
-5551
-6041
-5862
-5594
-4784
-4290
-3371
-3208
-3286
-3129
-2991
-2598
-2565
-2103
-1488
-1107
-1084
-154
682
1641
1939
3169
4512
4875
5518
4610
4973
2967
1792
783
-48
156
-862
593
342
1409
1432
1252
1573
552
899
102
439
612
851
1630
1690
2738
2802
2666
2449
1512
1242
52
-188
-937
-1445
-1676
-2307
-1735
-1759
-464
266
1264
2528
3461
4732
4843
5058
4303
3011
2007
653
333
-413
-612
-394
-541
386
273
1185
928
1082
1339
1023
2017
1687
2602
2066
2036
1560
610
313
-1206
-1524
-2933
-3439
-3983
-4279
-3881
-3980
-3179
-3251
-2680
-2206
-1588
-597
-205
517
686
1085
1234
1266
1405
992
570
-132
-871
-1438
-2336
-3130
-4011
-4807
-5440
-6050
-5912
-5775
-4984
-4325
-3510
-2752
-2268
-1839
-1747
-1526
-1880
-1513
-1466
-362
726
2330
3661
4165
5143
4641
4928
3517
2812
1609
209
-67
-841
49
-349
211
257
357
1132
896
1466
854
676
410
30
614
705
1576
1492
1711
2303
2164
2576
1754
1502
407
-571
-1157
-1849
-1387
-1795
-1263
-936
119
1550
2175
3218
3713
4257
3770
3181
3170
2395
1708
862
606
657
78
324
292
640
649
635
1257
1004
1646
1407
1679
1976
1897
2166
1350
1471
558
-46
-857
-1695
-2004
-3186
-3368
-3831
-3746
-3799
-3683
-3166
-2979
-2316
-1832
-1264
-659
-152
400
778
1032
1346
1164
1077
628
202
-467
-1426
-2182
-3279
-3735
-4054
-3947
-4035
-4165
-4181
-4337
-3948
-3395
-2532
-2176
-1668
-1215
-1089
-736
-612
50
-439
-436
118
996
2382
2516
3778
3095
2826
2090
1442
1651
214
767
-233
473
519
618
1457
701
1370
223
410
230
210
678
262
1090
1125
1479
1779
1772
2117
1566
1253
847
303
317
-405
-439
-875
-995
-823
-768
440
1060
2012
2156
2740
3320
3347
3699
3430
3393
2263
1701
1084
786
432
-217
-271
-683
47
393
1360
1677
1956
1960
1555
1829
1686
2020
1531
1480
864
436
-159
-797
-1522
-2650
-3415
-4353
-4519
-4698
-4123
-3881
-3408
-2987
-2372
-1769
-1289
-705
-507
-182
-103
423
561
877
626
298
-225
-835
-1232
-2001
-2309
-2883
-3105
-3341
-3699
-3716
-3964
-3525
-3401
-3294
-2791
-2393
-1560
-1711
-1020
-706
-631
-480
-161
1157
1547
2251
2695
2945
2712
1917
1601
1128
325
46
-384
217
283
703
1151
1003
1637
700
1058
405
758
823
694
1459
1151
2076
1715
2231
1972
1715
1575
698
498
-251
-202
-518
-741
-510
-648
-319
-472
-67
595
950
2122
2642
4023
4201
3915
4045
3108
3159
1142
425
-606
-1547
-908
-1754
317
-339
753
853
808
2414
1175
3250
1559
2739
1888
1628
2387
903
2172
-427
38
-1991
-2340
-2915
-3966
-3323
-4676
-3712
-4358
-3351
-3014
-2336
-1363
-1309
-548
-421
103
250
195
391
142
-40
-355
-979
-1102
-1683
-1430
-1561
-1568
-1540
-2081
-1975
-2339
-1847
-1817
-1921
-1817
-2036
-1628
-1738
-1359
-1105
-1151
-1462
-1914
-1592
-856
33
923
1697
1883
1741
1046
1195
954
785
308
-138
112
-100
912
1225
1826
1383
619
48
-719
-228
-125
544
565
750
1195
1371
2075
2135
2164
1470
620
308
-75
360
309
285
111
-238
24
-99
554
950
1115
1241
1260
2184
2622
2869
3004
2529
2117
1098
612
461
-175
-68
-692
-308
-204
-94
700
338
1380
886
1527
1662
1723
2379
1410
1972
726
755
-154
-671
-835
-1764
-1613
-2656
-2597
-3178
-3022
-2948
-2798
-2248
-1869
-1264
-893
-394
-133
1
26
123
-31
37
-65
35
-101
-206
-458
-840
-1089
-1292
-1295
-1447
-1375
-1303
-1123
-1000
-764
-668
-682
-654
-743
-875
-1140
-1281
-1452
-1710
-1770
-1663
-1252
-944
-551
-157
127
325
600
858
1161
1115
1044
882
618
564
-40
134
-486
-210
-350
96
672
861
1662
1050
1462
635
1069
776
890
1051
875
1226
735
1413
1130
1513
885
660
137
-193
-226
-308
267
372
998
1138
1808
2060
2381
2219
1971
1702
1206
1123
940
1234
792
495
-183
-717
-964
-1359
-727
-713
137
380
1016
1597
1499
1994
1071
1107
75
-69
-419
-747
-529
-1218
-1082
-1982
-2020
-2458
-2411
-2228
-2154
-1730
-1584
-1107
-818
-357
58
277
235
250
32
-16
-352
-245
-256
-260
-152
-223
150
-46
-86
-635
-1166
-1419
-1623
-1233
-858
-125
282
319
221
-255
-712
-1428
-1989
-2509
-2788
-2758
-2314
-1583
-880
-195
-40
503
864
1521
1741
1561
1659
845
605
-89
-172
-60
-587
-219
-713
-161
50
163
947
381
943
179
372
915
878
2023
1454
2412
1973
1847
2036
1414
2006
788
764
80
-11
454
424
1337
1274
1621
1536
1432
1751
1560
1603
1203
796
606
70
133
-270
-404
-881
-1411
-1365
-1293
-399
113
965
1318
1430
1364
1015
776
182
-368
-914
-1215
-1102
-811
-509
-391
-761
-1176
-1980
-2355
-2552
-2438
-2035
-1690
-936
-382
337
764
724
450
-284
-858
-1185
-1192
-651
-419
-57
-150
-290
-340
-506
-186
-258
-119
-118
-104
189
378
527
244
-324
-833
-1468
-1749
-1825
-1664
-1431
-1485
-1479
-1544
-1475
-1487
-1296
-1241
-724
-383
125
778
1087
1670
957
819
4
-461
-611
-1148
-155
-270
677
696
875
1277
369
674
-103
743
901
1152
1810
1683
2414
1713
1890
1235
788
334
-118
556
791
1695
1709
1990
1947
1694
1612
1191
1302
922
821
963
1264
1744
1487
1124
373
-510
-966
-1579
-1419
-1450
-1141
-709
-356
537
574
665
-67
-551
-832
-918
-240
158
781
611
343
-105
-637
-1108
-1890
-2352
-2575
-2259
-1527
-686
65
275
31
-314
-707
-730
-793
-644
-480
-309
79
97
262
-28
-243
-642
-913
-654
-377
430
674
1076
1008
785
502
-221
-407
-916
-850
-989
-756
-332
-386
-325
-991
-1336
-2048
-2574
-2596
-2435
-1508
-889
7
630
902
1009
515
314
-124
-494
-766
-856
-391
148
754
1089
958
607
85
-163
18
354
919
1147
1463
1662
1870
1956
1743
1424
819
495
305
730
1143
1611
1694
1583
1495
1175
1162
941
1102
1020
1045
1068
1082
1221
1040
993
698
530
187
-111
-384
-678
-877
-1181
-1204
-1317
-1250
-1209
-1006
-646
-402
-116
-101
-118
-311
-459
-616
-803
-988
-1222
-1375
-1399
-1204
-938
-689
-600
-609
-778
-892
-947
-796
-617
-362
-154
-110
-52
-225
-266
-511
-537
-475
-356
-56
96
328
274
158
36
-13
75
396
680
964
980
738
480
-203
-534
-1083
-1266
-1239
-1221
-679
-703
-318
-381
-430
-358
-768
-594
-860
-602
-358
-112
466
525
829
587
513
574
472
707
600
759
831
881
1212
1239
1383
1144
912
836
756
1063
1170
1374
1339
1225
1121
1034
1169
1200
1214
1026
936
764
736
634
631
614
450
486
362
576
621
769
727
468
221
-331
-657
-1059
-1205
-1300
-1377
-1339
-1372
-1297
-1184
-1030
-850
-800
-830
-855
-962
-828
-757
-562
-487
-589
-611
-868
-914
-1025
-978
-936
-979
-866
-845
-615
-471
-371
-358
-508
-602
-737
-723
-642
-554
-518
-520
-428
-341
-112
56
319
412
395
317
46
-121
-477
-522
-595
-432
-165
57
396
506
663
535
422
167
-73
-336
-384
-381
-268
-169
-133
205
182
556
474
663
665
671
1058
1128
1723
1534
1650
1344
1228
1279
1139
1445
1235
1358
1008
1085
1127
1236
1288
1087
1124
910
1086
1027
1262
1191
1048
760
392
230
-123
-269
-626
-738
-937
-918
-770
-437
-73
117
220
28
-137
-587
-787
-1043
-1106
-1169
-1310
-1333
-1509
-1416
-1463
-1359
-1399
-1439
-1459
-1493
-1304
-1127
-815
-674
-540
-564
-568
-549
-510
-388
-367
-256
-284
-234
-223
-259
-300
-556
-748
-962
-966
-726
-409
96
377
564
462
109
-206
-719
-1001
-1331
-1397
-1126
-764
-46
362
747
772
473
231
-193
-178
-198
15
318
544
965
1138
1314
1203
924
489
34
-251
-182
89
526
920
1128
1355
1152
1196
949
1003
1108
1182
1677
1827
2376
2312
2242
1856
1281
1005
580
744
832
1189
1385
1483
1437
1143
784
319
17
-200
-106
-45
197
211
219
20
-248
-410
-703
-712
-907
-800
-791
-636
-524
-574
-635
-975
-1152
-1467
-1421
-1333
-1046
-808
-812
-846
-1243
-1442
-1766
-1815
-1771
-1738
-1529
-1489
-1163
-969
-690
-534
-624
-646
-861
-795
-698
-418
-142
-83
-38
-197
-231
-318
-317
-330
-383
-430
-525
-551
-576
-522
-549
-555
-616
-578
-464
-209
200
587
936
953
762
297
-208
-647
-848
-745
-423
120
646
1125
1367
1412
1209
892
592
443
508
754
1133
1441
1632
1517
1162
586
42
-308
-267
138
819
1528
2004
2235
2081
1897
1507
1275
1008
831
810
773
1079
1190
1422
1306
972
531
-2
-218
-359
-134
93
322
426
406
294
113
-115
-394
-634
-899
-935
-954
-772
-593
-509
-522
-764
-965
-1215
-1287
-1245
-1112
-895
-766
-684
-676
-739
-816
-901
-1019
-1084
-1175
-1184
-1169
-1133
-1041
-1084
-1107
-1273
-1405
-1469
-1430
-1136
-795
-287
129
454
596
507
321
20
-227
-411
-487
-402
-263
-81
136
210
266
66
-110
-360
-516
-372
-215
325
624
1051
1139
1069
917
462
269
-177
-130
-171
149
493
803
1219
1216
1418
1104
1019
647
482
492
544
993
1122
1433
1294
1206
946
708
585
367
284
84
51
11
146
206
313
313
370
507
720
1088
1288
1470
1291
986
487
-16
-414
-715
-774
-717
-514
-292
-80
20
57
-24
-133
-290
-386
-445
-421
-328
-259
-199
-334
-512
-862
-1113
-1324
-1359
-1205
-1003
-688
-538
-359
-385
-424
-523
-640
-668
-749
-665
-647
-477
-342
-287
-281
-539
-788
-1167
-1370
-1416
-1336
-1023
-780
-389
-108
188
438
467
454
176
-60
-306
-427
-355
-261
-68
75
245
391
498
580
548
467
347
267
245
276
335
324
320
237
264
284
396
536
616
776
780
885
805
752
578
380
276
184
351
479
795
941
1121
1138
1094
1047
870
769
492
383
126
34
-77
-134
-125
-167
-65
-55
129
219
404
498
554
552
439
351
144
17
-163
-252
-336
-355
-345
-309
-269
-232
-178
-172
-113
-145
-122
-179
-229
-310
-410
-473
-593
-656
-757
-798
-834
-813
-764
-701
-618
-567
-487
-425
-304
-197
-92
-15
-39
-70
-203
-336
-478
-634
-681
-739
-644
-558
-431
-318
-339
-338
-453
-469
-488
-376
-177
61
375
589
748
682
531
187
-154
-426
-592
-484
-310
84
415
735
923
904
798
486
245
-51
-178
-178
-74
199
405
667
723
743
612
417
272
66
41
-16
66
129
231
360
424
533
529
567
535
557
565
573
564
443
298
67
-108
-242
-257
-186
-87
50
146
245
312
335
328
217
103
-32
-120
-133
-140
-87
-112
-124
-187
-225
-234
-248
-205
-219
-171
-179
-140
-134
-151
-194
-323
-401
-528
-523
-475
-347
-197
-114
-67
-175
-288
-479
-621
-726
-763
-660
-513
-240
-23
183
236
158
5
-223
-358
-449
-404
-322
-199
-113
-102
-132
-235
-340
-449
-457
-387
-230
-14
181
318
360
322
205
78
-41
-99
-87
2
134
268
374
393
367
282
220
158
121
124
132
193
244
329
376
407
382
329
299
246
249
222
225
204
205
227
230
295
315
371
386
419
458
442
448
381
324
216
130
49
-25
-43
-88
-52
-61
-4
27
56
102
94
140
113
139
96
59
17
-67
-111
-203
-209
-241
-211
-167
-117
-34
-30
-11
-91
-147
-236
-298
-311
-354
-314
-341
-306
-313
-309
-301
-333
-320
-344
-283
-232
-135
-67
-35
-23
-92
-138
-220
-261
-310
-335
-319
-283
-184
-97
-3
29
4
-62
-171
-254
-320
-335
-322
-278
-211
-138
-47
18
77
97
120
152
196
255
287
288
229
141
43
-30
-47
-24
39
120
198
266
283
271
215
129
70
37
66
128
221
286
320
312
252
188
99
49
13
30
82
145
221
269
318
321
325
304
283
248
202
169
106
58
-19
-74
-140
-170
-156
-129
-34
51
156
197
190
133
28
-70
-181
-232
-255
-228
-155
-62
39
100
117
64
-23
-110
-179
-213
-210
-173
-129
-94
-89
-128
-187
-263
-324
-344
-317
-253
-166
-70
1
39
42
-20
-106
-201
-293
-329
-330
-274
-203
-125
-64
-29
2
0
-3
-51
-98
-167
-215
-240
-238
-192
-176
-140
-143
-124
-111
-96
-65
-66
-49
-45
-8
33
98
136
149
171
177
230
261
304
314
270
200
107
63
18
28
40
71
134
178
243
266
275
213
138
77
43
86
138
220
275
314
306
263
237
199
185
161
162
188
206
225
210
182
123
45
-27
-84
-106
-96
-56
4
62
92
96
79
48
12
-15
-46
-64
-83
-96
-82
-65
-24
10
37
41
36
28
21
29
5
-10
-53
-95
-131
-171
-178
-184
-167
-157
-132
-114
-102
-101
-127
-139
-175
-188
-203
-200
-180
-174
-143
-134
-119
-124
-139
-160
-191
-201
-216
-210
-231
-239
-263
-307
-323
-333
-301
-268
-207
-142
-73
-6
36
69
43
11
-43
-77
-78
-46
24
103
204
267
308
310
286
252
219
214
230
265
300
319
324
302
275
262
239
246
248
268
285
293
299
261
209
126
72
49
86
163
239
316
319
297
226
148
71
-6
-46
-82
-74
-68
-26
1
11
15
-21
-44
-77
-75
-66
-29
3
3
-2
-41
-80
-145
-167
-175
-140
-63
23
133
204
267
265
221
140
28
-89
-191
-237
-242
-183
-107
-31
23
34
4
-59
-130
-202
-263
-319
-343
-347
-332
-307
-288
-274
-270
-269
-273
-254
-229
-205
-186
-188
-213
-246
-287
-319
-333
-323
-281
-229
-173
-128
-103
-99
-105
-113
-107
-84
-44
19
90
163
226
268
280
271
259
257
284
335
411
482
511
497
446
371
288
221
179
168
180
210
258
290
297
276
225
158
88
26
-16
-42
-43
-32
-12
10
28
40
50
59
53
41
16
-31
-86
-145
-197
-239
-258
-255
-241
-214
-178
-132
-81
-37
-4
1
-13
-53
-94
-127
-149
-148
-135
-86
-33
25
87
127
154
156
140
107
66
27
-10
-38
-62
-80
-98
-126
-141
-155
-169
-162
-155
-141
-134
-145
-170
-199
-226
-247
-260
-275
-276
-274
-262
-237
-199
-164
-145
-138
-144
-151
-154
-150
-146
-129
-105
-78
-43
-14
22
40
52
63
71
79
98
131
157
201
243
279
306
329
346
348
355
358
372
381
390
375
346
308
258
207
150
113
78
67
74
85
100
96
74
31
-25
-86
-132
-161
-162
-139
-112
-80
-51
-33
-37
-53
-70
-84
-99
-113
-123
-124
-118
-116
-114
-115
-120
-125
-131
-137
-131
-128
-126
-123
-130
-128
-118
-96
-68
-25
5
22
33
28
21
-1
-37
-76
-102
-120
-110
-78
-39
10
45
61
53
16
-45
-103
-158
-192
-197
-175
-144
-106
-73
-48
-40
-52
-56
-65
-61
-51
-32
-8
9
9
-4
-30
-70
-90
-95
-70
-28
29
83
130
159
168
163
146
125
115
122
140
169
193
223
233
232
226
212
212
206
217
222
232
243
240
234
213
184
149
126
109
95
96
102
100
93
82
53
10
-31
-70
-96
-108
-108
-77
-38
-2
21
24
5
-27
-75
-123
-164
-189
-188
-176
-139
-101
-70
-52
-45
-54
-64
-75
-86
-84
-79
-73
-73
-72
-82
-95
-110
-120
-114
-110
-91
-68
-51
-35
-24
-28
-45
-57
-66
-71
-67
-52
-32
-15
-7
-9
-24
-47
-61
-75
-85
-86
-79
-69
-46
-24
-12
-8
-9
-14
-22
-18
-8
12
35
62
83
87
90
72
44
15
-13
-26
-18
-6
29
65
96
124
134
142
144
134
129
123
119
117
113
107
76
56
30
18
21
36
63
86
110
116
116
97
75
46
17
-7
-20
-24
-29
-22
-26
-32
-42
-48
-44
-49
-35
-13
7
28
29
32
25
1
-12
-26
-40
-56
-60
-59
-68
-72
-84
-94
-102
-104
-98
-87
-63
-26
8
46
66
63
48
13
-28
-63
-92
-114
-121
-121
-107
-84
-62
-35
-18
-8
5
21
36
51
61
69
52
37
11
-12
-33
-59
-66
-76
-64
-53
-37
-19
-9
-6
-11
-7
1
13
25
40
54
64
59
42
17
-8
-35
-56
-54
-52
-34
-9
19
29
41
47
41
43
46
48
48
52
47
42
30
14
6
-5
-12
-11
-15
-14
-3
-2
5
2
4
-1
-10
-7
-9
-3
-7
-8
-18
-28
-34
-54
-55
-56
-48
-33
-21
2
20
40
44
33
29
10
-5
-16
-25
-27
-32
-34
-35
-37
-45
-43
-39
-34
-21
-11
9
32
51
66
71
58
44
25
2
-8
-21
-36
-46
-56
-62
-65
-65
-72
-72
-57
-38
-10
19
39
60
75
74
70
61
47
27
15
5
-8
-14
-19
-18
-19
-18
-16
-15
4
12
23
38
42
43
36
28
7
-5
-22
-39
-41
-44
-37
-31
-24
-22
-17
-7
-8
-4
-1
1
3
-2
-6
-4
-14
-22
-31
-38
-40
-36
-34
-30
-23
-28
-22
-16
-14
-6
3
11
21
30
30
33
30
25
11
-2
-13
-17
-16
-15
-11
-8
1
7
15
25
29
22
13
3
-7
-12
-24
-30
-29
-32
-32
-33
-37
-32
-33
-19
-11
4
20
37
56
58
66
52
35
21
-1
-17
-35
-43
-51
-52
-48
-50
-37
-31
-26
-17
-21
-7
5
15
25
27
33
36
37
32
30
25
13
10
-2
-10
-10
-17
-29
-24
-16
-5
5
17
24
32
38
37
42
27
24
18
10
1
0
-1
-8
5
0
0
3
0
11
22
31
40
39
38
34
29
22
8
6
0
0
-2
5
3
-3
-9
-24
-35
-49
-43
-39
-27
-13
1
10
19
31
29
30
32
29
33
27
25
25
18
26
23
22
13
3
8
1
3
-3
-2
0
-6
-9
-14
-12
-11
-12
-2
6
17
28
38
41
37
38
30
26
15
5
5
-3
-8
-11
-16
-16
-23
-25
-34
-36
-28
-25
-24
-31
-23
-20
-15
-5
-3
11
18
29
36
41
43
35
35
27
17
6
4
1
-2
-7
-12
-18
-24
-29
-32
-35
-38
-36
-36
-22
-12
-3
2
5
11
11
18
12
8
3
-3
-8
-14
-23
-28
-34
-40
-39
-39
-33
-21
0
6
11
21
21
19
19
14
1
-7
-18
-26
-35
-40
-38
-35
-27
-28
-26
-25
-19
-15
-9
5
10
16
25
29
29
26
11
3
-6
-13
-14
-17
-18
-17
-18
-23
-24
-23
-26
-26
-21
-15
2
13
31
44
52
57
53
54
48
41
29
25
11
3
0
-14
-15
-19
-25
-30
-21
-18
-14
-6
-5
-7
-8
-3
6
21
30
46
51
55
66
61
61
44
24
4
-14
-22
-33
-30
-31
-34
-31
-27
-29
-25
-23
-22
-10
-9
-4
7
13
6
0
-6
-13
-13
-18
-23
-21
-29
-35
-44
-60
-66
-77
-78
-76
-59
-39
-21
-3
15
28
33
34
24
14
1
-7
-15
-18
-21
-26
-27
-29
-29
-35
-29
-30
-27
-19
-9
1
13
19
18
22
18
14
13
2
2
1
-5
-17
-29
-39
-52
-62
-72
-59
-54
-45
-22
-12
7
16
17
18
15
7
2
-1
0
3
3
-1
-1
-4
-8
-14
-17
-19
-32
-33
-42
-45
-47
-48
-49
-49
-37
-29
-13
-7
6
14
16
17
12
10
3
-3
-9
-13
-17
-11
-9
-16
-10
-18
-22
-24
-30
-24
-28
-23
-15
-6
4
13
14
13
17
23
34
31
33
32
19
4
-10
-27
-42
-47
-57
-62
-46
-32
-21
0
16
36
43
48
55
51
48
47
41
32
27
24
14
2
6
-4
-6
-6
-4
14
16
27
31
35
42
38
39
37
43
53
57
62
57
56
42
23
13
-9
-23
-32
-37
-30
-24
-17
-2
7
19
30
32
42
42
45
53
53
45
33
17
6
5
-7
-13
-9
-7
-1
5
11
9
8
12
9
2
4
7
17
28
33
42
44
46
48
46
37
34
33
23
20
17
4
-2
-12
-20
-18
-24
-16
-14
-3
4
0
8
9
17
18
18
20
20
27
25
19
15
5
-5
-12
-18
-29
-33
-31
-26
-24
-14
-3
-1
6
6
7
11
14
10
12
16
14
13
8
5
-6
-13
-30
-31
-39
-43
-38
-41
-36
-31
-22
-16
-2
6
18
27
37
45
44
43
32
16
-4
-16
-29
-35
-39
-35
-28
-21
-11
-8
1
-2
-4
-6
-7
0
2
-1
4
9
16
17
19
16
12
7
-2
-6
-14
-20
-33
-42
-47
-47
-49
-46
-39
-32
-19
-11
-3
2
7
10
12
7
13
12
12
13
9
9
5
10
3
-1
0
-2
-6
-8
-4
2
4
5
-1
-6
-4
-8
1
2
11
17
25
30
23
23
19
14
4
0
-4
-7
-8
-4
-3
-5
3
5
14
11
9
14
18
25
30
36
30
26
25
14
10
2
-5
-12
-20
-19
-29
-33
-36
-34
-27
-21
-10
0
7
7
16
18
11
11
5
-4
-8
-13
-17
-18
-14
-20
-23
-25
-33
-34
-39
-42
-49
-44
-40
-32
-25
-19
-6
-2
8
12
17
14
13
12
8
3
-7
-10
-14
-17
-21
-19
-25
-24
-28
-31
-31
-31
-31
-32
-31
-34
-23
-7
0
12
16
17
14
8
6
1
0
-1
3
-5
-8
-9
-7
0
1
3
5
7
1
6
3
9
12
15
12
11
18
14
21
17
22
14
5
2
-6
-8
-11
-8
-3
2
6
10
10
16
17
23
20
17
20
18
21
22
21
9
8
4
-2
-9
-10
-12
-17
-17
-19
-18
-18
-16
-14
-3
4
10
14
19
17
12
16
7
3
-10
-14
-15
-19
-22
-25
-21
-28
-24
-26
-33
-34
-35
-28
-24
-16
-8
-2
5
5
8
7
13
13
8
18
14
5
6
2
-8
-12
-21
-22
-21
-17
-17
-15
-7
-7
-5
0
5
6
11
11
14
15
20
18
5
3
-3
3
7
4
12
11
11
10
10
11
5
1
2
3
7
12
17
26
26
23
24
18
17
14
6
11
13
11
9
13
11
11
13
5
2
0
3
5
11
21
19
20
21
28
22
21
18
17
12
4
4
-11
-15
-24
-28
-24
-19
-13
-7
-2
0
8
8
10
7
10
8
10
17
17
14
15
15
9
0
-8
-13
-16
-16
-22
-20
-17
-16
-19
-13
-12
-12
-11
-13
-3
-5
-2
0
-4
-7
-14
-13
-10
-4
0
-4
5
1
3
3
-4
-7
-12
-9
-6
0
1
5
10
10
7
2
-1
0
2
2
3
3
10
13
8
9
4
1
1
-5
-6
-7
-12
-14
-13
-8
-6
-6
-5
-1
-5
-8
-6
-11
-21
-22
-26
-33
-32
-29
-29
-22
-15
-10
-10
-10
-8
-12
-18
-17
-19
-16
-11
-4
0
4
11
10
1
-11
-14
-23
-32
-33
-32
-33
-32
-27
-24
-14
-10
-8
2
6
3
5
7
6
6
3
4
5
8
9
10
10
11
14
18
15
9
1
-1
1
4
9
17
28
30
31
33
29
23
25
17
14
11
11
10
12
19
13
21
15
12
10
10
13
10
14
15
8
7
5
1
-2
7
14
18
22
20
21
23
17
8
13
10
11
13
14
21
23
26
18
13
9
1
-5
-3
2
8
19
23
23
27
21
10
7
-2
-6
-21
-22
-18
-22
-17
-9
-10
-9
-4
-1
4
3
4
4
4
6
5
9
13
15
13
13
12
6
3
-7
-14
-16
-20
-25
-24
-16
-21
-8
0
6
18
22
21
11
5
0
-3
-1
-4
-7
1
4
6
2
-5
-10
-15
-17
-22
-22
-25
-21
-14
-11
-5
0
0
8
14
18
17
18
13
10
13
3
2
2
3
5
10
12
17
16
7
5
-6
-15
-18
-19
-20
-18
-12
-5
-1
5
8
2
-3
3
0
-3
-4
-4
-5
-12
-12
-19
-18
-22
-23
-15
-9
-5
0
5
11
11
5
8
6
4
8
12
7
3
-1
-11
-17
-20
-27
-30
-28
-25
-14
-10
-5
-5
-9
-5
-9
-5
-9
-7
3
6
10
7
4
0
-4
-16
-26
-26
-38
-35
-31
-28
-19
-19
-14
-10
-10
-10
-3
1
1
6
7
8
4
7
6
1
3
0
2
-5
-9
-17
-27
-31
-37
-39
-35
-29
-23
-14
-3
5
6
7
3
2
-3
-4
-4
-9
0
2
6
10
9
4
4
2
4
3
-4
-4
-4
-1
-5
0
-1
2
13
15
22
23
21
16
13
10
-3
-12
-12
-12
-19
-17
-14
-9
-8
-11
-7
-8
-14
-17
-14
-9
-5
2
9
10
11
18
15
15
9
2
-1
-4
-2
-13
-10
-16
-17
-12
-17
-12
-10
-3
5
12
14
16
13
5
5
-9
-13
-17
-24
-24
-21
-21
-25
-23
-24
-26
-28
-24
-13
-13
-9
-1
1
1
-1
-2
2
4
6
11
13
10
5
5
-1
-5
-10
-17
-16
-18
-18
-19
-16
-17
-12
-6
-11
-8
-7
-3
-3
-5
-4
-12
-12
-12
-16
-14
-14
-9
-6
3
5
0
6
6
4
1
-3
-5
-1
2
4
8
23
32
36
42
42
40
35
37
32
29
29
30
27
24
24
21
17
12
22
22
25
28
26
31
31
34
31
29
24
18
19
18
16
16
12
12
13
16
16
10
10
10
17
17
18
21
18
21
26
29
33
40
41
37
40
34
28
21
16
7
2
3
-2
7
7
12
24
22
26
20
24
19
13
13
10
12
8
13
18
14
14
15
15
13
4
2
9
7
6
10
5
6
11
8
10
15
18
19
19
19
17
13
6
8
3
2
5
-1
4
0
0
4
2
-3
-1
-2
-6
-5
-7
-2
-6
-6
-9
-3
-2
-10
-3
0
6
2
9
11
5
7
4
-2
-1
-2
-4
1
6
11
14
11
11
18
15
17
20
17
19
25
24
18
18
15
12
7
5
4
3
7
10
15
11
10
13
11
3
5
9
8
5
8
8
9
7
1
1
0
-3
-3
1
6
6
2
8
5
8
10
2
0
1
3
4
8
8
12
6
-1
1
0
-4
-4
-7
-8
-6
-5
-6
-13
-17
-17
-19
-15
-9
-9
-6
-5
-3
-2
-7
-8
-13
-14
-8
-7
-6
-5
-1
3
11
7
2
5
5
5
-2
1
4
-1
-1
4
-1
-1
3
2
13
12
14
14
12
8
6
2
-3
-5
-8
-4
-2
4
4
2
-1
1
1
4
-1
-1
-1
-6
2
1
8
7
6
2
1
2
3
5
-2
1
-6
-2
-5
-3
-4
-2
0
-6
-2
-7
-6
-4
0
-4
-8
-11
-15
-15
-18
-24
-26
-24
-28
-20
-21
-22
-21
-22
-22
-24
-22
-22
-21
-21
-30
-27
-18
-18
-16
-16
-19
-12
-8
-11
-7
-4
-15
-14
-17
-25
-16
-19
-15
-11
-16
-10
-5
-4
-7
-4
-12
-15
-8
-13
-16
-22
-18
-20
-18
-15
-14
-10
-10
-5
-6
1
-1
-5
-2
1
3
5
9
13
18
22
17
18
19
17
19
14
18
12
8
11
3
6
2
2
-5
-3
-3
-5
-4
-7
-4
-8
-8
-12
-16
-14
-14
-14
-17
-15
-10
-14
-17
-14
-15
-15
-18
-16
-20
-17
-15
-20
-10
-8
-2
2
1
4
7
13
10
11
12
10
11
8
3
-1
5
4
0
3
0
-6
-3
3
4
3
3
-2
-5
-6
-4
3
2
0
0
2
6
5
7
4
0
4
1
5
3
-3
5
5
3
2
2
5
4
7
8
6
9
11
3
5
2
4
4
4
6
6
11
5
11
8
7
12
12
13
10
14
18
25
23
22
23
31
37
33
37
38
34
28
30
28
27
33
37
33
32
31
26
31
26
27
29
21
21
21
23
19
16
17
12
12
10
8
2
0
2
-1
-3
-4
-4
5
2
0
3
0
4
7
7
13
15
16
21
19
19
11
18
21
17
17
9
13
11
17
16
15
10
10
16
13
13
10
6
4
3
-1
0
-3
-4
-6
-5
-5
-13
-11
-15
-15
-10
-10
-13
-10
-8
-8
-4
4
9
5
4
0
3
2
-1
5
0
3
4
-1
3
-3
0
3
-1
-4
-3
3
3
3
4
-5
2
1
0
3
-2
1
-2
2
3
6
3
1
3
0
4
4
9
10
12
12
8
15
17
16
14
10
16
16
20
22
19
17
20
21
19
23
15
18
23
19
16
20
15
12
11
8
13
14
12
11
11
7
13
13
11
7
10
10
5
11
7
9
3
4
-1
1
7
1
6
5
10
12
12
7
9
8
8
11
11
10
6
7
-1
7
7
1
3
-1
1
0
2
1
-1
-1
-7
-6
-5
-3
1
-1
-5
-3
-1
-8
-7
-4
-11
-5
-3
-2
-4
-2
-1
-12
-7
-6
-7
-11
-13
-10
-12
-10
-16
-13
-13
-19
-13
-14
-15
-12
-18
-16
-18
-17
-18
-22
-22
-26
-23
-24
-23
-17
-18
-16
-17
-19
-14
-8
-6
-10
-9
-14
-13
-7
-10
-1
1
1
7
4
9
13
14
10
14
13
15
23
16
20
19
18
25
25
25
17
19
15
15
13
8
8
3
3
1
-4
1
-3
-5
-4
-14
-8
-10
-21
-18
-15
-19
-22
-17
-20
-17
-20
-27
-23
-24
-24
-23
-21
-19
-22
-22
-19
-22
-20
-19
-15
-19
-19
-17
-23
-15
-18
-17
-11
-14
-15
-21
-20
-22
-18
-19
-18
-11
-13
-15
-20
-18
-17
-18
-16
-18
-20
-21
-17
-13
-13
-14
-13
-18
-19
-21
-17
-14
-16
-13
-20
-16
-15
-20
-17
-18
-15
-6
-8
-11
-9
-9
-6
-10
-10
-7
-5
-2
-5
-6
-3
1
1
-2
1
-3
-3
2
-2
5
7
5
14
10
12
11
6
12
3
10
15
17
21
18
21
20
28
24
17
19
16
21
16
15
13
14
17
11
16
17
11
9
12
17
9
10
12
10
10
7
10
4
3
-1
0
2
3
4
-2
2
-3
-1
-1
1
0
-3
1
0
4
1
-1
-3
-4
-3
-6
-3
-8
-12
-8
-9
-13
-10
-7
-8
-9
-4
-4
-2
-5
-3
-5
-14
-13
-15
-12
-9
-12
-17
-12
-10
-13
-13
-17
-13
-14
-13
-20
-16
-13
-15
-14
-16
-14
-10
-9
-7
-8
-12
-6
-3
-4
0
0
2
4
4
4
3
0
-3
2
-2
-5
-4
-6
5
3
-4
-4
-3
1
1
0
-4
-2
-3
-2
-4
-4
-7
-7
-9
-7
-2
0
2
-5
-7
-6
-3
-5
-4
-5
-9
-9
-5
-3
0
-1
-1
3
3
10
8
6
3
3
7
9
7
12
11
8
11
6
10
8
11
13
17
15
13
10
6
15
10
8
10
12
12
9
9
9
8
7
4
3
9
9
9
8
12
9
9
7
5
11
4
7
6
2
5
8
7
5
8
9
5
2
-2
1
3
-7
-9
-6
-2
-4
-2
3
8
7
1
4
7
4
0
3
1
9
9
7
12
7
7
11
11
14
9
7
13
4
4
3
-7
-4
-2
-6
-1
0
-5
1
0
2
-1
-8
-6
-8
-11
-9
-13
-16
-15
-15
-11
-11
-15
-11
-10
-14
-8
-5
-3
-2
-2
8
9
9
6
11
17
19
18
16
17
17
19
25
23
23
24
19
15
14
12
11
13
8
14
8
6
7
8
6
-2
-7
-5
1
-6
-8
-8
-6
-4
-8
-8
-4
-10
-8
-5
-12
-9
-7
-3
-7
-7
-14
-14
-9
-10
-6
-10
-8
-13
-6
-9
-14
-9
-16
-8
-14
-18
-10
-15
-15
-17
-14
-14
-14
-13
-22
-17
-18
-13
-13
-12
-11
-14
-18
-15
-11
-12
-8
-15
-10
-8
-6
-8
-7
0
-5
-2
8
6
5
5
5
6
1
8
2
3
5
3
4
-1
1
-5
-3
1
1
5
8
2
-1
-2
-5
-5
-3
-3
-1
1
0
2
-3
5
3
5
7
6
9
5
7
6
12
8
9
11
10
13
11
14
13
14
11
4
10
7
6
8
-4
-3
-5
-9
-5
-5
-13
-11
-17
-19
-16
-16
-17
-21
-22
-30
-26
-21
-20
-21
-21
-13
-13
-13
-9
-12
-18
-14
-16
-14
-19
-19
-17
-20
-16
-14
-14
-14
-9
-9
-9
-6
-7
-9
-13
-14
-13
-10
-13
-17
-13
-12
-1
-3
-6
-3
-6
3
-2
-1
-3
0
4
-1
2
0
1
-1
7
2
4
6
1
3
6
14
11
7
4
1
4
8
7
10
11
7
7
9
6
3
5
2
2
4
4
0
-2
1
-5
-3
2
-2
-9
-13
-9
-7
-5
-6
-10
-15
-8
-10
-17
-12
-10
-12
-14
-11
-8
-12
-12
-14
-14
-18
-18
-15
-24
-30
-29
-24
-16
-20
-25
-25
-25
-28
-27
-26
-28
-29
-32
-26
-26
-25
-24
-25
-23
-28
-22
-22
-27
-23
-19
-20
-22
-17
-16
-14
-11
-12
-9
-8
-7
3
4
-1
0
-4
3
2
0
9
9
4
-2
0
2
2
0
4
12
15
7
7
10
3
8
11
14
13
18
15
8
16
7
11
18
19
18
20
27
22
22
20
17
19
25
27
28
33
31
29
28
26
24
20
30
29
32
31
28
28
27
26
19
22
16
16
18
22
13
0
2
2
7
5
7
3
11
6
-8
-5
-11
-9
-12
-12
-14
-14
-15
-17
-13
-18
-17
-14
-17
-15
-19
-20
-26
-24
-16
-23
-20
-20
-15
-12
-15
-11
-18
-17
-18
-14
-11
-13
-11
-12
-10
-5
-6
-3
-7
-12
-5
-4
-2
1
3
-2
0
5
1
8
4
10
14
14
16
19
18
17
18
17
18
14
16
17
19
21
27
30
26
30
26
23
18
20
20
17
14
16
16
11
19
17
12
14
12
