-19
-26
-27
-21
-17
-15
-21
-15
-10
-6
-5
-2
2
4
4
-5
2
8
5
2
5
6
7
10
9
12
11
16
20
17
16
20
20
22
23
21
20
26
25
22
30
27
25
21
22
30
32
32
32
33
31
33
34
34
34
44
47
40
39
41
37
36
31
31
34
32
32
31
33
32
38
29
30
36
30
32
25
27
27
26
23
21
25
26
16
14
17
18
22
18
17
13
10
11
13
10
13
16
12
10
9
8
5
7
5
8
5
7
-1
-7
0
-4
1
1
-3
-1
-5
-6
-5
-7
-8
-6
-6
-15
-16
-7
-13
-18
-17
-18
-18
-26
-21
-16
-14
-17
-19
-17
-22
-14
-12
-18
-16
-17
-21
-21
-23
-22
-22
-24
-26
-18
-17
-16
-17
-19
-14
-17
-17
-23
-19
-20
-20
-18
-22
-20
-19
-17
-19
-17
-14
-16
-15
-18
-16
-11
-19
-18
-17
-17
-8
-11
-12
-9
-10
-19
-14
-15
-13
-15
-16
-8
-12
-6
-12
-8
-8
-14
-11
-7
-4
-4
-3
-5
-6
-10
-3
-2
-1
2
-1
-6
-4
-2
-9
-5
-6
-2
-3
-8
-3
-2
-3
-2
6
7
8
5
-1
5
6
4
4
-1
-3
0
-2
4
4
6
2
3
4
10
15
9
12
12
14
14
10
5
6
17
13
14
16
13
10
4
4
10
11
4
0
3
10
5
-3
3
7
1
9
4
-2
6
5
1
-6
-5
0
1
-2
-3
-3
-7
-11
-17
-13
-6
-10
-13
-14
-11
-6
-8
-13
-13
-12
-15
-12
-8
-10
-10
-12
-12
-15
-17
-11
-7
-9
-9
-6
-4
-10
-14
-10
-6
-6
-9
-4
-4
-7
-5
-6
3
3
-5
-7
-7
0
2
2
-1
0
-1
2
5
3
5
2
3
9
10
11
10
3
3
9
8
12
7
1
-1
-1
2
0
3
5
1
2
3
0
2
7
7
12
10
2
3
3
2
1
-1
7
2
-2
-4
-4
2
-4
1
-4
-7
-10
-15
-10
-6
-7
-12
-9
-11
-12
-18
-15
-9
-9
-14
-10
-5
-7
-5
-14
-12
-13
-14
-13
-12
-10
-10
-7
-8
-7
-10
-5
-3
-4
-5
1
4
-1
1
-2
-1
0
-4
0
4
3
-1
-2
-2
-6
-10
-10
-7
-2
2
-2
-1
2
4
5
1
-1
-3
0
0
4
3
-1
-1
-5
-5
-3
-2
-7
-3
-6
-9
-6
-9
-4
-4
-6
-7
-7
-7
-10
-12
-13
-17
-15
-13
-12
-12
-15
-11
-13
-12
-16
-14
-13
-12
-11
-19
-15
-11
-13
-11
-10
-12
-11
-13
-7
-10
-16
-10
-10
-11
-16
-12
-8
-11
-12
-17
-18
-17
-13
-5
-2
1
-6
-8
-2
2
5
5
4
-3
-5
-2
-3
-2
5
3
-3
8
11
12
7
7
6
3
8
7
8
10
10
14
16
14
22
17
8
17
14
18
9
7
4
-1
5
6
5
7
10
5
10
9
6
6
3
5
5
4
4
4
-5
-8
-7
-5
-3
-1
-2
-2
-2
-5
-4
-4
-4
-4
1
3
1
4
1
5
6
9
10
8
11
8
14
12
17
16
11
13
14
22
21
18
15
15
13
17
20
13
15
20
17
16
23
29
26
20
21
22
23
18
13
15
14
14
14
11
15
17
13
11
10
10
10
11
10
12
11
5
8
10
7
2
-2
-2
0
-1
1
3
2
-6
-4
-1
-6
-3
-1
-2
-1
-3
-4
-9
-9
-14
-16
-19
-24
-18
-19
-20
-20
-17
-20
-16
-21
-23
-15
-25
-23
-23
-19
-19
-18
-18
-21
-19
-21
-26
-29
-22
-29
-25
-23
-20
-17
-23
-24
-27
-21
-25
-26
-20
-22
-17
-17
-21
-16
-19
-12
-13
-12
-10
-10
-7
-8
-10
-19
-14
-19
-9
-13
-16
-12
-14
-3
-8
-9
-12
-11
-10
-3
3
-4
-6
-11
-12
-6
-2
3
3
1
3
0
2
5
7
10
12
6
8
11
12
13
13
20
20
16
13
17
22
26
22
25
25
20
26
22
31
31
22
19
19
30
27
27
25
26
26
29
26
27
31
26
25
26
27
22
21
22
20
26
26
21
20
18
24
26
20
23
17
15
14
13
16
12
8
6
3
5
8
6
7
7
5
4
6
5
8
8
3
-2
-3
1
-2
2
-5
-4
-2
2
2
-10
-5
-3
-2
-7
-5
-3
-7
-3
-4
-4
-1
1
4
6
3
4
4
7
0
5
8
9
11
11
9
4
4
3
8
9
7
3
2
-4
4
6
6
12
7
7
9
14
9
5
7
9
4
4
0
1
7
-1
4
6
5
5
3
5
4
7
11
1
-2
-3
0
1
-8
-1
-1
-4
-9
-5
-6
-11
-13
-9
-7
-5
1
-7
-9
-7
-3
-5
-4
-2
-9
-11
-9
-5
-4
-3
-4
-5
-3
-8
-10
-4
-9
-9
-9
-7
-8
-10
-13
-6
-2
-3
5
-2
2
3
0
4
2
7
7
2
-2
-4
1
7
10
13
8
8
10
11
7
12
19
18
18
14
14
9
13
15
11
7
3
1
2
0
-3
2
2
2
-7
-9
-8
-5
-6
-11
-10
-19
-18
-16
-18
-16
-23
-23
-21
-26
-24
-25
-28
-23
-25
-23
-23
-25
-20
-15
-21
-23
-22
-23
-17
-19
-18
-17
-17
-21
-21
-16
-17
-11
-16
-19
-16
-18
-14
-22
-20
-20
-24
-23
-19
-20
-21
-25
-23
-19
-22
-20
-22
-22
-17
-21
-24
-23
-20
-22
-26
-19
-18
-15
-16
-17
-15
-13
-14
-14
-11
-10
-9
-12
-8
-6
-8
-9
-8
-7
-9
-2
-2
-6
-6
-5
-7
-9
-7
-6
-6
-4
2
6
2
-1
-5
-5
-4
-9
-11
-7
-8
-10
-8
-8
-3
-1
-3
-4
-3
-8
-6
-7
-10
-7
-5
-7
-8
-5
-6
-5
-7
-10
-9
-8
-11
-8
-7
-7
-7
-5
-2
-2
-6
-10
-6
-8
-7
0
0
2
1
2
7
7
6
7
2
4
7
10
7
8
10
7
7
6
9
9
9
8
8
8
8
7
2
6
7
8
7
5
5
3
2
1
-2
-3
-3
-3
-6
-5
-4
-6
-3
-1
-5
-9
-4
-6
-6
-8
-9
-2
-3
-4
-4
-7
-6
-1
-3
0
1
-1
-2
-1
3
-1
0
-2
-6
-8
-6
-11
-8
-8
-15
-15
-12
-10
-13
-10
-10
-13
-12
-16
-17
-17
-17
-19
-20
-17
-19
-21
-18
-20
-17
-18
-20
-17
-13
-11
-12
-13
-10
-7
-10
-6
-7
-2
-2
-8
-10
-7
1
0
-3
-4
0
0
4
4
7
10
6
6
7
9
5
8
8
7
8
13
16
15
18
14
22
20
16
13
9
14
16
14
10
9
5
3
4
5
9
10
4
6
4
7
7
4
7
4
2
1
3
5
7
6
0
1
7
0
-2
2
4
9
5
6
6
10
9
8
10
11
10
9
6
3
3
2
1
-2
1
2
2
-1
4
4
2
0
-2
2
4
3
0
0
-1
-6
-10
-5
-9
-8
-6
-7
-7
-10
-9
-11
-10
-14
-10
-16
-16
-8
-17
-17
-11
-13
-11
-9
-10
-6
-6
-5
-2
-3
-3
-3
-3
-5
-5
-7
-9
-4
-2
-6
-5
-3
-3
1
-1
-7
-4
2
0
-1
-2
-2
2
-2
-2
-2
-5
-2
-4
-4
1
-2
1
-1
-5
-2
-5
-3
2
0
2
0
-6
-6
-13
-9
-1
1
-1
-5
-5
-9
-9
-6
-3
-5
0
-3
-5
-9
-6
-2
-6
-2
-6
-1
1
-4
0
1
7
8
5
8
10
11
11
12
15
14
13
9
12
18
14
15
15
15
15
18
20
20
19
15
14
16
21
20
16
15
18
21
19
23
21
16
16
13
14
15
16
19
19
19
16
18
17
13
16
13
13
13
15
18
15
10
6
12
11
6
9
2
6
9
1
7
5
1
-2
-1
1
-3
0
-1
5
3
3
1
-1
4
2
9
2
-3
-3
-4
-1
0
6
2
1
2
2
8
7
12
13
10
11
14
21
20
22
12
5
13
8
11
12
16
12
11
14
8
15
9
14
15
15
16
12
16
8
19
18
14
9
-1
4
5
8
8
6
1
-5
-5
-4
-1
1
-5
-8
-12
-10
-15
-16
-9
-17
-17
-21
-17
-14
-9
-12
-21
-21
-27
-22
-22
-18
-19
-23
-17
-24
-29
-26
-21
-17
-14
-15
-24
-20
-13
-10
-5
-8
-12
-12
-9
-6
0
2
-3
-1
-8
-7
-4
-3
7
1
-3
-2
-7
0
4
6
5
-1
-2
-2
-3
3
2
2
2
-7
-7
-2
0
5
2
-1
-7
-8
-2
-7
-4
1
-6
-3
-7
-8
-4
-6
-3
-10
-8
-6
-15
-6
-8
-8
-5
-12
-14
-16
-13
-11
-10
-10
-10
-17
-21
-25
-18
-14
-21
-14
-18
-23
-24
-21
-10
-13
-19
-17
-25
-20
-19
-19
-17
-19
-22
-25
-24
-25
-16
-22
-23
-24
-27
-30
-35
-25
-28
-28
-31
-34
-19
-24
-22
-21
-28
-21
-28
-24
-19
-20
-14
-20
-18
-26
-26
-18
-9
-14
-20
-27
-30
-12
-14
-7
-14
-16
-17
-18
-3
-13
-4
-6
-19
-13
-15
-3
2
0
0
-7
-3
-7
0
5
5
-1
-7
0
-2
4
1
5
5
-1
5
-1
7
-3
-1
1
-5
-1
-8
0
3
7
5
-1
-5
-3
6
15
17
10
10
6
13
19
18
19
11
9
16
18
20
24
17
25
20
22
20
13
25
21
31
32
27
29
8
23
34
38
43
20
22
8
28
46
39
34
0
16
18
28
44
22
28
17
16
25
15
35
33
30
35
15
25
23
35
50
37
30
10
11
19
35
43
41
31
8
9
17
46
61
48
24
-8
5
26
51
57
29
22
3
30
44
42
40
19
30
9
12
8
11
37
28
36
-3
-8
-13
16
50
22
27
-30
-15
-8
15
49
-6
11
-31
-8
19
4
36
-17
9
-3
-6
18
-24
16
-9
14
9
-23
-2
-34
10
3
12
-4
-41
-15
-21
21
4
-11
-21
-41
-7
-23
-3
-30
-41
-18
-32
-1
-50
-42
-39
-34
0
-52
-48
-77
-50
-22
-37
-26
-77
-61
-59
-37
-18
-58
-41
-59
-30
-25
-50
-42
-65
-13
-18
-25
-46
-71
-20
-18
25
-6
-49
-43
-45
21
28
14
-23
-60
-16
13
46
26
-14
-12
0
35
33
21
-6
-10
21
37
38
-5
-18
4
46
78
36
-5
-39
0
66
80
62
-12
-23
1
53
101
64
28
-18
10
52
66
66
35
49
41
58
34
19
59
50
91
52
28
13
-9
63
75
109
48
-24
-11
7
101
95
62
17
-21
14
38
89
96
58
6
-10
20
74
66
52
50
25
39
-7
24
39
57
83
23
36
-32
-2
42
69
123
13
-10
-44
8
92
64
70
-19
-21
-24
1
68
49
52
-23
-20
-13
17
48
26
36
-36
-27
-46
-1
46
7
14
-58
-26
-18
-13
23
-26
-10
-60
-54
-36
-28
-5
-46
-54
-66
-37
-50
-51
-58
-65
-40
-70
-52
-86
-94
-71
-72
-27
-73
-113
-113
-98
-40
-64
-97
-112
-123
-66
-67
-85
-109
-146
-102
-77
-71
-103
-155
-127
-91
-48
-59
-116
-128
-114
-75
-48
-70
-107
-134
-111
-64
-53
-75
-111
-95
-96
-77
-78
-75
-49
-100
-67
-94
-72
-58
-89
-25
-49
-51
-107
-108
-27
-11
-23
-85
-100
-77
-46
-25
-18
-29
-85
-84
-49
41
17
-68
-89
-78
67
-1
-15
-68
-62
43
-36
63
-47
-25
-52
-41
106
-1
24
-117
-9
54
30
42
-79
41
-34
41
27
1
57
-42
76
-22
53
23
16
85
-17
94
-29
84
43
53
108
-40
103
-27
115
79
22
110
-42
113
16
77
96
58
104
-41
40
50
174
120
32
-10
-31
144
119
200
27
-51
1
38
256
125
60
-36
-28
146
145
151
41
16
56
116
122
108
80
17
81
44
170
129
64
45
-56
162
139
202
76
-49
56
-33
226
168
190
76
-180
111
82
333
172
3
136
-72
180
62
242
298
66
81
-70
190
232
223
195
135
139
56
82
190
320
234
167
72
51
97
84
359
352
187
-74
-252
185
313
465
175
-160
-111
-159
317
360
314
-18
-328
-133
105
371
196
21
-191
-99
-35
38
200
1
60
-172
-132
26
-128
159
-32
61
-23
-302
-47
-147
201
109
-90
-125
-284
8
25
97
33
-115
-69
-102
-3
36
30
94
12
9
-24
-53
69
124
205
199
-69
-23
6
190
370
37
212
-89
84
175
109
438
-7
147
-49
118
284
90
149
-63
127
98
71
-29
-97
30
37
76
-32
-232
-256
-195
60
85
-217
-425
-473
-231
-65
-103
-269
-425
-544
-382
-294
-214
-284
-489
-463
-517
-373
-409
-385
-441
-410
-447
-510
-420
-615
-394
-498
-263
-268
-700
-563
-695
-200
-155
-416
-383
-680
-470
-331
-250
-130
-359
-423
-324
-318
-196
-232
-209
-44
-26
-182
-293
-267
25
296
-16
53
-142
-8
155
-26
439
152
183
139
41
397
142
329
412
333
413
178
253
403
439
550
496
404
440
309
354
580
618
738
359
218
364
389
662
468
453
248
-4
162
129
328
116
-118
-259
-462
-291
-298
-376
-608
-888
-939
-852
-900
-925
-1225
-1447
-1346
-1356
-1117
-1467
-1675
-1703
-1607
-1240
-1421
-1462
-1684
-1602
-1340
-1218
-1108
-1282
-1187
-1153
-921
-862
-804
-637
-688
-378
-475
-318
-233
-193
218
141
324
278
284
549
655
934
935
950
1027
1169
1342
1518
1746
1755
1889
1850
2061
2262
2323
2560
2519
2704
2639
2622
2810
2858
3017
2922
2802
2749
2581
2645
2627
2539
2395
2027
1806
1582
1489
1318
1122
783
395
8
-379
-365
-478
-698
-1246
-1853
-1954
-2025
-1935
-2116
-2598
-3003
-3338
-3037
-2874
-2829
-3207
-3583
-3584
-3378
-2927
-3022
-2908
-3170
-2976
-2910
-2715
-2154
-2247
-1836
-2183
-1915
-1594
-1498
-896
-972
-439
-555
-612
-351
-30
706
605
984
788
960
911
1120
2195
2016
2362
1527
1725
2125
2218
3231
2575
2734
2148
2074
2706
2521
3069
2497
2204
2009
1793
2084
1853
1829
1643
1482
924
698
735
765
833
330
420
-109
-363
-230
-233
214
-153
-328
-639
-774
-208
-25
220
-103
-145
-49
-238
251
791
1213
239
42
935
1172
982
594
1575
1437
820
912
1073
1417
1151
1253
1140
898
616
619
644
742
829
175
15
-413
-118
51
-470
-481
-726
-581
-1242
-1578
-1101
-1012
-1188
-1796
-1857
-2076
-2085
-2040
-1995
-1906
-2473
-2499
-2882
-2626
-2466
-2516
-2203
-2840
-2827
-3029
-2749
-2384
-2098
-1972
-2601
-2697
-2360
-1405
-1391
-1252
-1354
-1456
-826
-570
60
-64
156
551
709
1085
1090
1375
1598
2154
2272
2199
2158
2035
2615
2719
3117
2673
2170
2370
2264
2772
2366
2188
2063
1642
1720
1441
1514
1392
1220
1237
1073
758
476
656
834
1257
981
669
406
184
867
1194
1633
1208
583
372
883
1478
1690
1581
1002
960
436
1042
1191
1205
1008
104
206
-280
-122
-204
-595
-509
-1270
-1644
-1930
-2217
-1884
-2398
-2644
-3092
-3538
-3494
-3836
-3790
-3859
-4106
-4537
-4704
-4694
-4446
-4669
-4727
-4566
-4892
-4777
-4857
-4191
-3707
-4082
-4085
-4161
-3432
-2722
-2457
-1725
-2009
-2117
-1798
-893
722
945
673
310
747
2098
2888
3341
3298
3296
3342
3618
4299
4670
4906
4421
4306
4207
4058
4095
3625
3911
3596
3035
2288
1466
1626
1478
1353
756
-228
-836
-1348
-1312
-1172
-1448
-1993
-2653
-3125
-2964
-2589
-2130
-1995
-2807
-2966
-2453
-1487
-726
-1304
-977
-637
-60
758
578
1584
1341
1821
2490
2670
3580
2698
3280
3537
4091
4373
3502
3640
3382
3834
3638
3134
2798
2350
2282
1609
1382
1017
493
48
-886
-851
-1511
-1854
-2438
-3146
-3181
-3881
-3937
-4541
-4708
-5129
-5466
-5576
-5558
-5452
-5926
-6032
-6411
-6027
-5714
-5600
-5358
-5840
-5730
-5419
-4822
-3747
-3939
-3673
-3663
-3224
-2358
-1588
-498
-542
-574
-365
952
1619
2373
2483
2846
3408
3267
4461
4433
5261
5193
5149
5792
5234
5688
5282
5569
5840
5205
4999
4075
4039
3988
3810
3572
2506
1936
1237
1263
989
580
109
-752
-938
-1471
-1306
-1606
-1525
-1388
-1845
-1945
-2039
-1415
-922
-306
-10
-281
-1071
19
1206
2461
2235
1240
2261
1761
3662
3740
4313
4468
3147
4193
3684
4881
4559
4213
4117
3254
3180
2251
2277
2260
2038
1341
-197
-870
-1090
-780
-1201
-2177
-2760
-3667
-3867
-4625
-4264
-4382
-5069
-5579
-6284
-6041
-6334
-6253
-6313
-5974
-6186
-6352
-6817
-6627
-5529
-5257
-4798
-5373
-4779
-4483
-4239
-3342
-2564
-1044
-1475
-1690
-1513
-323
1708
2125
2580
2127
2321
3212
4291
5725
5863
5595
5224
5669
6608
7080
7100
6653
6633
6582
6221
5698
5287
5495
5305
4688
3682
2731
2183
1980
1935
1543
578
-634
-1222
-1565
-1409
-1622
-2036
-2376
-3032
-3184
-3358
-2909
-2216
-2243
-2181
-2102
-1568
-1051
-1348
-621
662
1488
1857
628
880
1999
3090
4693
4000
3863
2916
2892
4478
5303
5919
4275
3280
2949
3372
3810
3175
2672
1805
1060
307
-406
-420
-523
-931
-1891
-3044
-3664
-4062
-3924
-4091
-4394
-5186
-5990
-6442
-6255
-6327
-6089
-6337
-6852
-6915
-7628
-6510
-6372
-6129
-6224
-6660
-5790
-5801
-5232
-4358
-4150
-3765
-4058
-3121
-1329
-1296
-1000
-1385
-204
1231
1686
2432
2475
2675
3490
4289
5360
5914
5382
5910
5756
6717
7117
6915
6917
6353
6697
6326
5799
5291
5323
5206
4718
3676
2980
2566
2004
1867
1445
756
-88
-1018
-1299
-1295
-1635
-1761
-2489
-2558
-2580
-2745
-2811
-2768
-1928
-1297
-948
-1201
-1486
-1372
38
1367
2222
1650
546
1455
2058
4096
4484
3912
3716
2549
4051
4414
4956
4668
3650
3769
2794
2877
2281
2071
1956
1122
378
-942
-1625
-1765
-1765
-2094
-2845
-3986
-5128
-5460
-5416
-4861
-5125
-6220
-6902
-7437
-7162
-7084
-6779
-6762
-6973
-7448
-7931
-7170
-6994
-6321
-6129
-6459
-5721
-6218
-5319
-4335
-4394
-3050
-3355
-1346
-1260
-2344
-1407
-792
2989
2612
2254
1934
1874
4599
5067
7178
6545
5669
5725
6011
8372
8197
8284
7276
6825
7336
6474
6682
5713
6329
6131
4799
3571
2068
2979
2524
2525
1221
-126
-852
-2002
-1211
-1621
-1415
-2579
-3626
-3735
-3843
-2624
-3133
-3245
-2802
-2030
-1301
-2645
-3073
-1164
676
1860
487
-544
328
1065
3537
4092
4146
2860
1566
3242
4441
5941
4775
3449
3185
3052
3458
2769
2507
2320
1876
562
-848
-1336
-1030
-811
-1606
-2756
-3892
-4792
-5187
-4754
-4336
-4903
-6109
-7151
-7014
-6960
-6891
-6417
-6574
-6512
-7488
-7683
-7423
-7050
-5676
-5669
-5923
-6850
-6665
-5257
-4030
-3515
-3725
-3749
-3075
-1036
-943
-1428
-1663
295
3460
2847
1967
1445
2838
5321
6212
7446
6490
5125
5536
7251
9580
9086
7795
6860
7066
7659
7383
7102
6322
6528
5778
4701
3386
2780
3655
2988
2236
746
-238
-665
-1466
-875
-909
-1605
-2775
-3516
-2915
-2779
-2865
-2399
-1584
-1175
-1825
-3399
-1949
-104
1514
1895
-613
318
-45
1928
3887
3710
4390
1595
2251
3084
4695
5544
3752
3842
2719
3010
2587
1950
2644
2179
1548
-333
-1759
-1652
-1161
-910
-1831
-3100
-4617
-5236
-5189
-4550
-4257
-5175
-6489
-7601
-7276
-6871
-5979
-6541
-6578
-7051
-7823
-7258
-7438
-5702
-5838
-6051
-6457
-6617
-5306
-4991
-3789
-3704
-3702
-2874
-2002
-579
-1701
-2477
100
2292
3941
1430
736
2481
4093
6617
6337
6797
5099
4982
6554
8456
9425
7544
6915
6433
7450
7277
6406
6184
5898
6243
4719
2950
2404
2538
3230
2111
880
-502
-1468
-1650
-1588
-953
-1785
-2811
-4145
-3691
-3023
-2739
-2324
-2076
-1102
-2312
-3061
-1886
26
2433
1280
242
588
635
3227
3567
5046
4648
2694
3143
3479
6066
5772
5021
4244
3524
3826
2918
2902
2856
2714
1902
-96
-1308
-1501
-1129
-1279
-2067
-3242
-4895
-5634
-5921
-4783
-5089
-6185
-7193
-8142
-7704
-7935
-7425
-7299
-7266
-7755
-8181
-8448
-7885
-6938
-6780
-6294
-6456
-6146
-6631
-6003
-4227
-2826
-2508
-2583
-1559
-1912
-2599
-1168
2470
4413
2566
679
1692
4137
6056
7245
7962
6951
5646
5995
8187
10135
9696
8906
7819
7551
7360
7330
7517
7500
7548
5993
3922
2405
3058
3971
3293
1808
95
-1109
-2020
-2029
-1306
-1148
-2524
-4193
-4704
-4432
-3830
-3366
-2378
-1602
-2291
-4412
-4180
-1545
1066
2496
-332
-392
-399
1051
3759
3833
5798
3163
2589
2848
4531
6828
5215
5340
3833
4002
3520
2715
3361
3385
3088
1043
-915
-1634
-821
-805
-1637
-2813
-4532
-5213
-6227
-5781
-4925
-5819
-6881
-8945
-8818
-8180
-7497
-7356
-8469
-8582
-9233
-8347
-7751
-7136
-6999
-8050
-7508
-6311
-5246
-5059
-5114
-4542
-3208
-1438
50
-746
-2996
-2059
2108
5243
3970
1445
1890
3974
6295
7453
8391
7660
5882
6609
8619
10657
9754
8322
8341
8504
8594
7345
6664
6861
7351
6902
4456
2535
2310
3027
3045
1701
277
-1136
-2345
-2510
-1947
-1918
-3014
-4464
-4595
-4195
-4447
-4025
-3307
-2594
-2755
-3644
-2958
-1948
-423
664
606
872
637
1706
2766
3882
4876
4499
4355
4219
4978
5844
5912
5631
5385
4781
4378
3600
3473
3597
3031
2080
286
-516
-1092
-1117
-1977
-2944
-3914
-4991
-5752
-6610
-6484
-6648
-7197
-8483
-9344
-9769
-9246
-9054
-9159
-9389
-10129
-9961
-9932
-9304
-8585
-8337
-8144
-8092
-7447
-6235
-6028
-4203
-2444
-1131
-2549
-4873
-1456
2088
4976
2828
1142
2907
4065
7021
8049
9387
8303
6712
8058
10053
11826
10905
10024
9983
9780
9398
8238
8050
8673
8838
7244
4389
3069
3364
4176
3127
1750
-11
-1579
-2487
-2898
-1850
-2454
-3756
-5375
-5628
-5321
-5376
-4903
-3939
-3092
-4098
-5673
-4818
-2223
30
511
-1183
-426
-409
1428
3273
4359
5471
3310
3860
4212
6514
7292
6450
6594
5765
6018
4974
4658
5149
5324
4283
2575
891
519
517
-62
-526
-2191
-3468
-4946
-5773
-5292
-5682
-6257
-7835
-9079
-9554
-9939
-9358
-9422
-9413
-10535
-11280
-11168
-10633
-9725
-9586
-9443
-9396
-8514
-8265
-7364
-5725
-3023
-1704
-4700
-5628
-2558
2634
4221
1437
1381
2793
5175
6656
8400
10248
8575
7994
8920
12139
13142
11731
11382
11444
12077
10738
9559
9231
9954
10240
8106
5269
3753
4201
4497
3203
1685
-54
-1854
-3042
-3188
-2649
-3233
-4753
-5948
-6559
-6766
-6206
-5923
-5504
-5818
-5937
-5730
-5340
-4266
-2826
-1422
-1439
-1270
-1092
203
1479
3055
4163
4005
3812
3785
5207
6183
6801
6685
5790
5324
5220
5377
5530
5016
4641
3320
1956
1327
831
899
-197
-1293
-2652
-4074
-4588
-4789
-5206
-6429
-8038
-8746
-9016
-8911
-9157
-9993
-10781
-11479
-10928
-10429
-10268
-11233
-11608
-10919
-8935
-7832
-8600
-7637
-5938
-3792
-5575
-6171
-2797
849
2437
-298
418
2498
4757
6965
8210
9822
8090
7589
9675
13020
14572
12713
11696
11662
12583
12478
11577
11379
11263
10906
8518
6206
5618
6105
5907
3819
1731
58
-1358
-2105
-1937
-2042
-3106
-5351
-6764
-6927
-6583
-4942
-4664
-5624
-7692
-8391
-5771
-3678
-2549
-3374
-4259
-3470
-2559
-156
1210
1640
1783
1585
2638
3652
4692
5460
6001
5927
5686
4743
4579
5506
6052
6243
4207
2711
1955
2159
2626
1707
662
-1277
-2279
-3009
-3149
-3242
-4742
-5794
-7319
-7690
-8231
-8993
-9011
-9600
-9604
-11006
-11494
-11345
-11134
-10307
-11182
-10101
-9921
-10376
-9610
-8342
-3921
-4269
-7672
-8185
-4617
1327
1271
-1011
-758
1412
3954
5550
7688
9181
8074
7598
9717
12924
13958
12514
12525
13504
14278
13171
11856
12178
13326
13206
10519
7718
6829
7511
7240
5440
3615
1749
-285
-1265
-1616
-1093
-2460
-4731
-6090
-6975
-6385
-6197
-5477
-5523
-7490
-8203
-7218
-5464
-3462
-4341
-4594
-4247
-3648
-1273
-1093
269
591
973
1886
1821
3474
3867
4820
5183
4648
4709
4059
4332
5047
5240
4707
3088
2053
1912
1923
2081
1032
-488
-1612
-2397
-2624
-3097
-3682
-4503
-5797
-7027
-7838
-7480
-7755
-8543
-9712
-10510
-9499
-10160
-10506
-10967
-10401
-9009
-9697
-10012
-9454
-6549
-4834
-6918
-8707
-6308
-2241
-170
-1975
-2414
-551
949
3622
4955
7153
6357
5249
7306
10360
12717
11514
11046
11878
12963
12983
12018
12073
12998
13355
11987
9349
8311
8650
8908
7887
5886
4192
2032
1078
797
705
-142
-2044
-3837
-4931
-5429
-4918
-4220
-4273
-6081
-7484
-6589
-5849
-3853
-4019
-3984
-4013
-4625
-2783
-1777
-172
182
341
724
860
1923
2818
4180
4699
4305
3570
3230
3896
4652
5032
4099
2968
2248
1789
1599
1304
1380
388
-925
-2554
-3145
-2927
-3171
-3627
-5144
-6391
-7760
-7969
-7624
-7338
-7815
-9568
-10683
-11041
-10337
-9473
-9256
-9275
-9734
-10432
-10292
-8048
-4458
-3958
-7672
-9541
-5801
-865
520
-2171
-2082
-99
1521
3521
4648
7076
5956
5951
7977
10262
11318
9591
10964
12608
13313
11641
9870
10754
12635
13489
11334
8394
7416
8160
8396
7248
5954
4192
2260
1133
621
1312
251
-1597
-3236
-3758
-3958
-4486
-4608
-4351
-4142
-5447
-5636
-5865
-3890
-3135
-3038
-2874
-3489
-1929
-2105
-342
781
1298
1462
733
1865
2762
3933
4146
3804
3595
3542
3309
3533
3828
3622
3073
1615
714
596
692
529
-790
-2005
-2722
-3445
-3825
-4511
-4969
-5709
-6759
-7937
-8319
-8166
-8399
-8703
-9479
-9719
-10542
-10883
-10051
-9293
-8139
-9497
-10126
-8314
-5664
-3564
-7565
-8285
-5075
-1152
684
-3044
-2159
-428
2104
4030
4837
6466
4887
4900
7400
10888
11538
9539
9186
10902
12287
11598
10328
10285
11596
11833
9869
7782
7398
8396
8166
6315
4762
3405
2342
1549
1312
1134
-1
-2125
-2907
-2892
-2691
-2763
-4302
-4306
-4176
-4032
-3572
-4304
-3256
-2451
-2432
-1669
-2147
-737
-492
17
1844
1745
2474
1677
2479
3994
4190
4527
3747
3752
4141
3859
3697
3326
3066
2767
1736
843
25
-314
-700
-1399
-2411
-3408
-4571
-5474
-5503
-5666
-6532
-8000
-9233
-9537
-9359
-9148
-9372
-10564
-10949
-11554
-11263
-10661
-10382
-9376
-9574
-9797
-9013
-6940
-4084
-5565
-8306
-5640
-1951
1375
-1412
-2658
516
2043
5110
4557
6498
6483
5399
7721
9974
12660
10583
9487
10572
12009
12490
10987
10490
10550
11388
10543
8058
6983
7202
7858
6306
4262
3078
1727
1200
573
598
-39
-2108
-3729
-3756
-3275
-2798
-3639
-4194
-3891
-4640
-3825
-3811
-2297
-1273
-1700
-1463
-1977
91
931
1801
2803
2711
2925
2607
3906
5207
6141
5658
4847
4617
4789
5411
4854
4812
3899
3034
2184
1201
1100
261
-212
-1528
-3086
-3974
-4829
-5172
-5731
-6680
-7917
-8973
-9747
-10154
-10177
-10576
-11088
-12135
-12175
-11757
-12140
-11998
-12163
-11043
-10360
-10248
-9784
-8032
-5319
-5816
-7901
-7167
-2440
501
-127
-2019
-630
2193
3949
6074
7106
8018
6519
6904
10173
12879
13074
11031
11248
12480
12652
11912
11330
11746
12314
11155
8628
6824
7150
7799
6871
4749
2880
1116
-13
-227
-180
-378
-2704
-4580
-5284
-4930
-4274
-4815
-5104
-5183
-5493
-5309
-4771
-3907
-2626
-1956
-1743
-1585
-1027
87
1187
2438
3834
3674
3687
3944
5089
6861
7017
7169
6302
6281
6338
6064
6368
6031
5466
4123
2828
2122
1752
1210
219
-1264
-2252
-3564
-5044
-5663
-6108
-6930
-8238
-9350
-10091
-10893
-11966
-12091
-12443
-12253
-12613
-13800
-14002
-14507
-13061
-11596
-10847
-10544
-10076
-8046
-8610
-9973
-7403
-2499
-98
-2690
-4893
-2100
1815
5010
6094
6719
6730
5547
7199
10912
14635
14084
12043
11762
12644
13599
13493
14092
14196
13801
11839
8824
8146
9513
10541
8739
5145
2894
1326
971
1147
1223
221
-3099
-5950
-6333
-5095
-4339
-4585
-5801
-6618
-7917
-7693
-5956
-3905
-2715
-3662
-4636
-4639
-2636
-656
1095
1814
2118
1275
1398
3419
5546
7469
6796
6110
5514
5935
7004
7449
8036
7457
5803
4356
3602
4072
4401
3652
2048
-520
-1945
-2575
-2592
-2565
-3967
-6004
-8568
-9184
-8891
-9527
-9929
-11558
-12249
-13464
-13853
-13581
-14048
-13414
-13786
-13261
-12860
-13292
-12042
-9196
-6869
-8489
-11906
-8367
-3522
-755
-2596
-4119
-386
883
4166
4934
7213
7705
6213
8702
11434
14397
12805
12269
13807
14970
14562
13243
13148
14229
14743
13116
10125
8800
9620
9689
8141
5696
4111
2298
1153
571
565
-799
-3395
-5152
-5052
-5098
-5685
-6136
-6484
-6211
-7399
-6913
-6429
-5127
-4186
-4521
-4119
-3741
-2250
-1329
-188
1079
1744
1858
2312
3624
5134
6198
6130
6068
6586
6845
7237
7021
7369
7227
5996
5498
4381
4559
3996
3106
2099
213
-583
-1556
-1967
-2654
-4219
-6023
-7322
-7966
-8308
-9335
-10440
-11360
-12449
-12445
-12962
-13341
-14219
-14670
-13541
-12998
-12538
-13417
-12298
-9493
-8166
-9926
-11635
-7537
-3762
-2144
-4429
-4348
-1039
668
3734
4313
6620
6222
5576
8638
11695
14147
12048
11618
13345
14625
14297
13132
13411
14411
14561
12232
9879
9328
10274
10046
7726
5870
3916
2583
1732
1159
1361
-676
-3075
-4770
-4883
-4454
-4604
-5350
-5741
-6560
-7292
-6263
-5724
-3764
-3964
-4103
-4238
-3742
-1456
-785
779
1085
1426
1869
2314
4052
5507
6192
6068
5707
6010
6658
6841
6969
7142
6505
5721
4533
3816
3952
3715
3204
1058
-468
-1052
-1744
-2145
-3112
-4401
-5702
-7493
-8351
-8926
-9185
-9899
-11445
-12261
-13016
-12905
-13515
-13905
-14081
-13523
-13093
-12918
-12657
-10684
-8383
-10610
-11844
-9258
-4124
-2522
-5397
-5666
-2569
554
2568
3381
5275
5711
5049
7158
10637
13639
12336
11268
12527
14332
14380
13416
13478
14424
14925
12861
10475
9394
10754
10787
8809
6401
4418
3132
2104
1696
1515
349
-2417
-4302
-5162
-4548
-4256
-5046
-5256
-6804
-7392
-7227
-6125
-4150
-4029
-3768
-5180
-4363
-2693
-1163
731
623
1675
863
1679
3154
4901
6867
6281
5977
5240
6101
7298
7555
7913
7125
5771
4772
4344
4747
4697
3792
2223
339
-603
-1262
-1623
-1848
-3225
-4790
-6626
-7563
-7963
-8981
-9149
-10114
-11077
-12549
-13422
-13451
-13589
-13159
-13451
-13414
-14000
-14032
-12333
-8980
-8015
-11633
-12812
-8691
-3571
-2830
-5795
-5550
-2666
-58
2396
3558
5400
4645
4583
7667
11129
12868
10606
10987
13256
14536
13749
12423
13093
14652
14902
12576
9929
9239
10704
10386
8518
6289
4238
2990
2066
2023
1703
-262
-2785
-4195
-3938
-3870
-4727
-5678
-5502
-5735
-6577
-6302
-6182
-4012
-3615
-3536
-3839
-3811
-1789
-1298
895
1546
1848
1688
2057
4199
5573
6435
6235
5763
6232
7001
7030
7410
7360
7321
6052
5026
4717
4325
4371
3455
1935
495
-868
-1342
-1739
-2398
-3175
-5755
-6675
-7647
-8297
-8344
-9585
-10201
-12382
-12666
-12626
-13421
-13487
-14279
-13425
-13791
-13787
-13666
-11779
-8407
-9643
-12444
-12888
-7148
-3251
-3687
-6112
-5925
-2482
-131
3009
3734
4963
3833
4271
8138
11729
12953
10525
11321
13399
14493
13574
12716
13960
15346
15010
11989
9583
9973
11273
11067
8600
6293
3914
2734
2675
2360
2333
-488
-3031
-4774
-4708
-3846
-4269
-4545
-5743
-7114
-7704
-6677
-5147
-3427
-3736
-4674
-4923
-3815
-1330
-390
1034
1333
1064
1539
2134
4182
5719
6552
6337
5457
5674
6379
7143
7730
7789
6586
5272
4375
4538
4986
4407
3293
1326
358
-580
-1593
-1883
-2152
-3070
-5087
-6948
-8170
-8250
-8294
-8385
-9727
-11262
-12285
-13623
-13131
-12959
-12771
-13123
-13755
-12893
-13598
-13079
-10385
-7849
-7315
-11561
-11919
-7662
-3412
-1492
-4383
-3605
-2229
-10
2828
4464
6643
5373
5887
8330
11297
12129
11329
12342
14323
14785
12890
12013
13189
15432
15218
12409
9572
8996
9774
9850
8309
6313
4315
2237
1194
1006
803
-622
-2846
-4240
-5305
-5456
-4626
-5032
-5462
-7052
-7089
-6256
-4909
-4294
-4635
-3951
-3490
-1897
-1785
-434
176
1618
2700
2878
3750
3834
5970
6462
6843
6658
6411
7004
6992
7480
7034
6198
5774
4868
4771
3966
2951
1959
907
309
-1048
-2052
-3176
-3792
-4907
-6000
-7729
-8402
-9278
-10229
-10583
-11554
-11882
-13490
-13878
-14438
-14078
-13554
-14298
-14072
-13912
-11624
-9244
-9708
-12195
-13222
-8007
-3531
-3018
-6290
-6869
-3005
23
3800
3707
4631
3423
4428
8463
11495
13515
10788
11573
13337
14954
14045
13039
14602
15781
15584
12679
10229
10237
11940
11896
9508
6506
4340
3385
2912
2676
1934
-445
-2626
-4720
-5055
-4682
-4679
-4660
-5628
-6920
-8750
-8232
-5575
-3639
-3271
-5082
-6467
-4781
-2401
436
1013
815
654
499
2470
4464
6642
7054
6574
5933
6003
7176
8314
8772
8520
7430
5777
4875
5119
5989
5331
3888
1502
-315
-600
-935
-895
-2053
-3526
-5697
-7867
-8028
-8017
-7498
-9340
-11426
-13127
-14050
-12567
-12780
-13096
-14093
-15224
-15382
-15228
-13465
-11369
-9575
-8396
-11517
-14180
-11080
-4893
-449
-3357
-6977
-5904
-2658
2560
5000
5637
5469
3201
5328
9041
12960
13676
11805
13105
13547
13143
12476
13793
16298
17014
14038
10075
8426
10049
12669
11571
8666
4827
2161
1822
2407
3137
2055
-1492
-4418
-5897
-5685
-4920
-4680
-3828
-5979
-9175
-9494
-7500
-4117
-2626
-4487
-5495
-5936
-4296
-1504
-224
2429
1249
821
1107
2355
5953
6400
8221
7090
6372
6725
6761
8803
9694
9818
7362
5307
5073
5816
6172
5675
3542
1210
-139
-983
-714
-1036
-1982
-4018
-6222
-7432
-7933
-8189
-8576
-9905
-10959
-12365
-13444
-14021
-14059
-12770
-13026
-14477
-15856
-15867
-14245
-11108
-9087
-7821
-10303
-14681
-11825
-5665
-29
-1839
-6837
-5525
-2859
2031
4731
5554
6569
4444
5419
8278
12000
13973
12744
13240
14018
13331
12348
13316
15720
17244
14762
10727
8336
8951
11984
11524
8700
5385
2400
1558
1402
2112
1803
-886
-4060
-5860
-6323
-5473
-5045
-5406
-5186
-6919
-8419
-8737
-6809
-3533
-2380
-3559
-5315
-5408
-3425
33
2147
3444
1872
737
1538
4122
8156
8479
8019
6555
6281
7460
8156
9400
9577
8585
6616
4874
4668
5603
5863
4692
2189
-344
-1454
-1593
-1129
-1449
-3605
-6250
-8198
-8437
-8251
-8800
-9895
-11018
-12397
-13664
-14185
-14076
-13000
-13689
-14180
-15336
-15790
-14391
-12953
-8642
-7749
-9947
-14417
-13248
-5122
-1220
-1208
-6478
-5838
-2553
997
5554
5497
6640
4224
5261
8909
12138
13992
12302
13317
14048
13847
12318
12979
15492
16854
15017
10380
8145
8884
11657
11404
8338
5148
1987
1136
1206
2227
1713
-1234
-4423
-6413
-5999
-5679
-4805
-5092
-5206
-6782
-9256
-8085
-5991
-3052
-2173
-4215
-5048
-4803
-2652
711
2102
3554
1733
980
2473
4641
8320
8098
8058
6931
6346
7305
7843
9441
9873
8304
5936
4225
4936
5889
5451
4390
1496
-450
-1826
-1740
-1212
-2026
-4090
-6980
-8180
-8395
-8968
-9260
-9650
-10844
-12100
-14656
-14305
-13704
-12770
-12290
-14894
-14754
-15757
-14033
-12044
-10213
-6552
-8940
-12403
-13839
-7819
-445
-400
-4058
-6328
-3318
144
4040
6071
7217
5738
3953
6963
10797
14216
12920
12445
13438
13242
12519
11778
14501
16312
15316
11537
7720
7977
10160
11423
9208
5945
3108
905
797
1520
2423
227
-3017
-5434
-6090
-5395
-4808
-3994
-4520
-5736
-7747
-7698
-6150
-3614
-2196
-2492
-3363
-4301
-3067
-1009
2234
3568
3391
2129
1653
3915
6405
8820
8575
7339
6643
6316
7466
8668
9440
8751
6486
4983
4363
4513
5008
4166
2628
497
-1590
-2119
-2774
-2488
-3111
-5434
-7328
-9312
-9164
-9106
-9352
-10158
-12316
-13313
-13880
-13576
-13305
-13286
-13678
-14585
-14440
-13972
-13189
-12423
-10560
-7901
-7328
-10911
-12828
-7624
-1623
852
-3652
-5501
-2536
528
5318
5784
7329
5695
4581
8242
11483
14799
12416
11764
13375
14202
13708
12307
13578
15003
14883
11814
8694
7725
9723
10649
8422
5635
2310
1335
1107
1472
1437
-1171
-3343
-5291
-5403
-5197
-5136
-4904
-5063
-5302
-6940
-7476
-6310
-3699
-1938
-1712
-3716
-4254
-2634
3
3130
3360
3385
1781
2356
4458
7112
8912
8008
7292
6276
7040
7717
8724
9055
8326
6518
4425
3871
4122
4828
4063
1998
-427
-2318
-2959
-2892
-2715
-3442
-6246
-8530
-9799
-9464
-8737
-9576
-10803
-12657
-13820
-13713
-13082
-12776
-13277
-14147
-13965
-14008
-14140
-13149
-11803
-8841
-6856
-8265
-11612
-12184
-5476
340
432
-3717
-5688
-2146
1927
6276
6911
6699
5328
5212
8857
12356
14435
12497
12500
13660
13877
12725
12275
14517
15528
14378
10616
7689
8268
10189
10570
8048
4736
2162
1099
1315
1688
1353
-1049
-3386
-5065
-5138
-4791
-4495
-4211
-5010
-6219
-7119
-6250
-4982
-3168
-2622
-2690
-3033
-3050
-1611
178
2245
3243
2948
2440
2912
4299
6335
7546
7717
6594
6023
6292
6920
8030
8130
7050
5046
3742
3454
3909
3879
2823
745
-1355
-2576
-2895
-2660
-3387
-4961
-6837
-8045
-8772
-9233
-9244
-10020
-10450
-11901
-12881
-12928
-12751
-11907
-13007
-13167
-13650
-13347
-12788
-12235
-10938
-9026
-6335
-8011
-11766
-10819
-4251
257
-683
-4966
-4525
-1567
2144
5569
6248
6993
4370
5085
8428
12886
13896
11357
11918
13133
13636
12197
12248
14143
15227
13623
10081
7562
8675
10701
10342
7812
4653
2539
1720
1914
2651
2071
-760
-3508
-4568
-3674
-3670
-3903
-4244
-4538
-5270
-6504
-5684
-4165
-2620
-2049
-2884
-2916
-2403
-1524
419
2204
3716
2444
1703
2539
4539
7011
7136
6830
5332
5702
6293
6744
7593
7094
6140
4179
3604
3628
3664
3277
1649
217
-1679
-2548
-3013
-3229
-3320
-5252
-6950
-8651
-8784
-8829
-8937
-9360
-10840
-11819
-13039
-12248
-11797
-11506
-12423
-13943
-13559
-12780
-11412
-11156
-11019
-9196
-7083
-7651
-10887
-9598
-3899
-393
-1383
-4958
-3705
-833
2618
4983
5761
6598
4236
5359
8317
12832
13465
10918
11318
12229
13490
11945
12423
13698
14131
12498
9319
8161
8974
10701
9168
6815
4192
2679
2444
2050
2475
928
-1248
-3233
-4376
-3458
-3595
-3698
-4859
-4786
-4464
-5922
-5180
-4954
-2418
-1766
-2321
-2814
-3095
-531
265
2661
3097
2710
1973
2182
5175
6954
7620
5961
5362
5641
6729
7215
6756
6526
5678
4661
3389
3395
3071
2620
1477
-538
-1697
-2611
-2724
-3566
-4166
-5080
-7130
-7897
-8661
-8405
-8659
-9738
-10685
-11681
-11250
-11593
-11784
-12146
-12152
-12208
-12558
-12410
-12379
-10697
-10208
-8350
-7734
-7392
-9102
-10482
-4391
-1333
416
-4189
-4900
-1002
1516
6305
4501
6108
4740
5358
8214
10254
13663
11214
11620
11589
12493
12192
11891
13489
13424
13202
10085
8300
8123
9898
10219
7370
5217
2801
2650
2239
2127
1775
-294
-1642
-3875
-3478
-3537
-3100
-3228
-4206
-4331
-6077
-4738
-4209
-2474
-1603
-2298
-2454
-3064
-956
448
2024
2487
2094
1997
2580
4008
5264
6160
5910
5425
4661
5300
5808
6109
6155
4748
3791
2751
2426
2457
1878
1237
-600
-1988
-2566
-3185
-3491
-4168
-5053
-6286
-7638
-7937
-8130
-8494
-8950
-9981
-10048
-10840
-10997
-11435
-11414
-11076
-11867
-11645
-11871
-11165
-11108
-10197
-9246
-7137
-5510
-7692
-10339
-7608
-1675
622
-1415
-5023
-2222
240
4007
5527
5679
6404
4016
6547
9009
12705
12265
10291
11364
12155
12407
11190
11887
13273
13456
11449
8553
7357
8926
9985
8716
6174
4099
2533
1999
1883
2489
1579
-891
-2913
-4134
-3148
-2820
-2359
-3557
-4267
-5344
-5451
-3512
-2912
-1296
-1855
-2531
-2467
-1659
646
1444
2408
2668
2065
2683
3170
4906
6402
6252
5550
4492
4982
6061
6094
5907
5064
3824
3193
2342
2608
2144
1160
-204
-2205
-2527
-2746
-3409
-4343
-5277
-6329
-7111
-7657
-8044
-8403
-9008
-9800
-10448
-10552
-10546
-11395
-11544
-11413
-11782
-11927
-12220
-11506
-10755
-10135
-9793
-8327
-6785
-6263
-9605
-8299
-3007
-988
-549
-5328
-2363
-149
2727
5643
4023
6640
4109
5941
8423
11342
12898
10005
10815
11577
12704
11944
11892
12631
13032
12040
9273
8158
8511
10128
9031
6529
4734
2821
2733
2117
2475
1642
-521
-2441
-3706
-2694
-2744
-2299
-3703
-4182
-5011
-4958
-2860
-3080
-1549
-2259
-2287
-1799
-1594
729
921
2071
2396
1872
2863
3172
4675
5687
5822
5412
4467
4835
5719
5910
5389
4699
3574
3178
2618
2316
1855
972
-74
-1731
-2619
-3016
-3401
-4396
-4976
-6168
-6712
-7222
-8362
-8164
-9159
-9107
-9625
-10687
-10283
-11466
-11067
-11017
-11690
-11341
-11485
-11271
-11215
-10501
-9451
-7704
-6634
-5847
-8744
-9278
-4087
-1331
614
-3917
-3762
-737
1030
5734
4310
6150
4763
4364
7843
9729
12803
10578
10331
11548
12131
11587
11279
12679
13456
13025
9627
8073
7952
9963
10284
7592
5837
3095
2666
2380
2787
3149
722
-1443
-3164
-2815
-2437
-2018
-2249
-2435
-3949
-5728
-3994
-3116
-551
-741
-2250
-2334
-2886
-205
900
2304
3030
1420
1329
1602
3726
5675
5749
5122
3656
3381
4464
4843
5037
5166
3522
2142
852
1188
1969
1220
399
-2254
-3349
-3884
-3850
-3853
-4507
-5434
-7353
-7868
-8846
-8262
-8161
-8739
-9426
-10899
-10931
-11323
-10719
-10199
-10620
-11294
-11865
-11384
-11193
-10159
-9178
-8131
-6622
-5914
-7068
-10194
-6473
-1607
1098
-906
-5702
-2568
-782
4693
6101
5243
5768
2424
5900
8396
12827
12699
9589
10647
11071
12219
11398
12334
13562
13687
11234
8330
7567
9120
11389
9599
7166
3904
2307
2916
3119
4580
2581
-424
-2616
-2970
-1417
-1266
-933
-2329
-3013
-4654
-4801
-3004
-1571
130
-1108
-1970
-3105
-2073
562
2071
3855
2469
368
611
2099
5642
6595
5306
3622
1931
3488
4603
5277
5162
3674
1991
630
505
1791
1867
719
-1058
-3612
-3811
-3881
-3264
-3597
-4864
-6295
-8471
-8415
-7968
-7755
-7990
-9452
-10627
-10758
-10811
-10414
-10231
-10509
-10704
-11565
-11111
-10581
-10207
-9134
-8673
-6547
-5866
-5902
-8683
-8450
-2296
-175
515
-4247
-3458
-473
1883
6415
4356
6078
3773
4515
7931
10128
13083
9570
10230
10826
11376
11311
10882
12770
12830
11785
8838
7586
7954
10012
9623
7127
5283
2383
2758
2693
3392
2979
-45
-1414
-2984
-1596
-1462
-1902
-2037
-2945
-3095
-4306
-3546
-2582
-1064
-503
-1369
-1851
-2016
-453
785
2672
3309
1736
1058
1520
4080
5553
5184
4344
2995
3479
3889
3956
4317
3956
2692
1405
530
920
945
214
-469
-2649
-3259
-4200
-4385
-3821
-4733
-5666
-8011
-8704
-8121
-7970
-7935
-9253
-10153
-10714
-10623
-10138
-10158
-10169
-10754
-10812
-10757
-9897
-9861
-8592
-7503
-6256
-4686
-6971
-8085
-6609
-1152
998
-1221
-3662
-2768
919
3761
5542
4907
5168
3874
5586
8315
11115
11642
9381
10201
10660
11217
10682
11372
12844
12362
10476
8032
7369
9223
10075
8794
6036
3813
2844
2830
3380
3017
1833
-992
-2349
-2444
-1562
-1815
-2728
-2509
-2538
-3184
-4440
-4176
-2144
-395
27
-1458
-3229
-2090
-485
2438
3553
2636
912
-98
2676
5174
6586
5364
3437
3062
3777
4636
4647
4383
4161
2618
1015
561
757
1170
685
-782
-2759
-4283
-4485
-3777
-3689
-4122
-6664
-8394
-8949
-8324
-7559
-8440
-9193
-10865
-10783
-10954
-10966
-10327
-10337
-9884
-11383
-11179
-10641
-9996
-8078
-7597
-5120
-5495
-7674
-9325
-6210
56
1084
-1811
-4999
-2372
687
4523
5373
5473
5023
3439
6089
8123
12233
11272
9964
10492
10649
11291
10210
11995
13276
12886
10245
7454
7496
9492
10774
8829
6144
3707
2672
3083
3130
3677
1625
-880
-2653
-3172
-1889
-2120
-1913
-3056
-3275
-4064
-4533
-3836
-2721
-423
-870
-1423
-3646
-2362
-144
1769
3435
1665
1599
5
2184
4381
6031
6002
3423
3292
2974
4857
4793
4852
4190
3006
2004
720
1054
1300
1559
-38
-2207
-3915
-4079
-3415
-3484
-4127
-5781
-7432
-8239
-8636
-7719
-7900
-8263
-9562
-10941
-10601
-10769
-9829
-9735
-10147
-10472
-10951
-10989
-10357
-9376
-7307
-6691
-6106
-5809
-8268
-8342
-4166
368
1244
-3072
-5151
-1684
1489
6066
5240
4951
3882
3037
7060
9426
12800
10650
9300
10115
11148
11405
11423
12458
13007
12402
9365
8020
7968
10471
11012
8291
5298
3092
3128
4021
3933
3584
1134
-1525
-2667
-2240
-516
-1114
-2233
-3192
-3640
-4586
-3861
-2831
-1178
-612
-2516
-2948
-3433
-189
1355
1838
2391
303
894
873
3909
5591
4669
4080
1838
3063
3990
4894
4341
3407
2962
1724
1074
1171
1784
1344
416
-2178
-3298
-3394
-2794
-3060
-4611
-5562
-6955
-7497
-7285
-7437
-7307
-8294
-9323
-9450
-9599
-8704
-9552
-9494
-9460
-10000
-10053
-10007
-9553
-9334
-8673
-8395
-8055
-6957
-4885
-4779
-7472
-6721
-2609
-144
-188
-3739
-2105
-42
2419
4962
3838
5454
3266
4752
7596
10374
11275
8603
9359
10698
11931
10836
10718
11394
12327
11422
9044
7988
8081
9737
9080
6964
5166
3396
3393
3101
3324
2882
391
-1098
-1987
-745
-1035
-1985
-2665
-1979
-2306
-3451
-3308
-3480
-275
-661
-1143
-2161
-2013
317
624
2656
2050
1383
885
1608
3800
4600
3988
2937
2498
3376
4112
2898
2951
2846
2744
1710
312
303
246
429
-569
-2259
-3471
-3942
-3908
-3990
-4284
-5770
-6806
-6986
-7008
-6935
-7686
-8027
-8263
-8092
-8480
-8876
-9072
-8693
-8115
-8787
-8788
-9415
-8761
-8312
-7972
-7359
-7349
-5672
-4986
-3621
-5910
-7446
-3409
-607
1512
-2708
-3340
-688
1267
5214
3749
5070
3654
4305
6886
8445
11345
9044
9349
9967
11210
10532
9699
11207
12205
12020
9110
7451
7216
9407
9789
7604
5455
3443
3457
3449
3617
3590
1530
-255
-1609
-1163
-1207
-1156
-1208
-1779
-2028
-3966
-3857
-3039
-301
231
-829
-2916
-3290
-499
1269
3014
1188
733
-558
622
2474
3465
4229
1765
1741
1100
2216
2742
2190
2600
1592
607
-608
-1073
50
329
-391
-2289
-4478
-4533
-3896
-3164
-3665
-5116
-6402
-7151
-6912
-5776
-5974
-6070
-7137
-7978
-7615
-7795
-6386
-6929
-6678
-7621
-8655
-8210
-7968
-6206
-6673
-7087
-7830
-7607
-4870
-3429
-2992
-6236
-7763
-3483
-535
1191
-2653
-3329
-852
724
4642
3626
4973
3571
4057
7239
8713
10675
8529
9315
10645
11563
10495
9767
11068
12297
12400
9686
8021
7447
9560
10176
8226
6490
4166
4294
4241
4319
4199
1845
849
-695
-348
-441
-1082
-820
-1873
-2158
-3381
-3531
-2645
-927
-767
-1638
-2763
-2911
-941
5
874
32
-757
-924
-475
951
1425
1308
854
100
541
887
743
1262
954
740
-95
-1148
-941
-786
-418
-941
-2586
-3359
-3979
-3487
-3261
-3626
-4114
-5510
-6157
-5730
-4586
-4198
-4874
-6190
-6809
-6374
-5703
-5643
-5432
-6230
-7102
-7874
-7978
-6488
-6383
-5995
-7885
-8355
-7981
-6816
-4122
-4418
-3617
-7133
-7932
-4440
-1757
1354
-2517
-3139
-2232
-302
4028
3564
5350
4254
4454
5988
7559
10495
9916
10656
10682
11007
9936
10083
11585
13006
13062
10193
8797
7505
9935
10701
9719
8008
4952
4821
4021
5014
4918
3509
1994
-282
-292
-623
6
-327
-1042
-1847
-3533
-2987
-2686
-1157
-1086
-1944
-2565
-3074
-1763
-1540
-557
-502
-846
-1427
-1936
-970
-151
710
582
-79
-722
-454
-244
617
1031
483
-356
-1723
-959
-679
-545
-879
-1840
-2542
-3151
-2871
-2828
-2338
-2926
-3760
-4596
-4363
-3532
-3675
-4232
-5078
-5283
-5389
-5357
-5647
-5370
-6188
-6815
-7411
-7351
-6534
-7309
-7574
-8021
-7749
-7377
-7499
-6514
-4917
-4328
-6099
-8547
-5260
-1641
-57
-1746
-3983
-1351
-477
3401
4192
5219
5404
3607
6292
7752
11333
10439
9502
10275
10550
11169
10255
11612
12369
12438
10771
8544
8360
9507
10606
9463
7627
5551
4155
4120
4333
4826
3068
1088
-766
-964
-423
-905
-730
-2207
-2748
-4161
-4305
-3307
-2834
-2172
-3002
-3871
-4497
-3537
-2502
-1617
-1634
-2344
-2936
-2646
-1312
-425
225
-16
-701
-872
-138
750
1017
1024
772
411
-72
-144
316
373
861
-296
-1149
-1547
-1278
-530
-1218
-1160
-2795
-3055
-3235
-3007
-2666
-3564
-4128
-5388
-4902
-5090
-5465
-5892
-6105
-6555
-7228
-7664
-8102
-7587
-7827
-7378
-8034
-8321
-7867
-7814
-5452
-4135
-4720
-7513
-6721
-2451
-83
226
-2598
-1285
426
3507
5348
5128
6592
5166
7223
8374
10938
11266
9811
11395
11436
12386
10862
11275
12197
12623
12368
9597
8625
8694
10076
9523
7405
5532
3978
4023
3221
3238
2205
576
-874
-2289
-1925
-2245
-1881
-3347
-4507
-5224
-5621
-4478
-4591
-4261
-4716
-5236
-5190
-4588
-3557
-2956
-3040
-3026
-2783
-1999
-1474
-1191
-116
393
717
401
407
1023
1683
2227
2259
1743
1531
1279
1443
2038
1885
1651
496
-154
112
24
-399
-1008
-1714
-2176
-3110
-3439
-3499
-3848
-4272
-5476
-5644
-6279
-6337
-6748
-7035
-7048
-8177
-8636
-9188
-8074
-7751
-8497
-9201
-9204
-7877
-7439
-6884
-5844
-4185
-4081
-6406
-5034
-1484
1263
1445
-1261
531
1947
4487
6244
6628
8321
6381
7406
8529
11466
12601
11115
11374
11325
12182
11128
11331
12075
12771
11540
8910
7453
7657
9361
8376
6585
4353
2497
2228
1597
1989
1092
-716
-2422
-4012
-3966
-3969
-3214
-3924
-5576
-6867
-7293
-6569
-4818
-4337
-4723
-5314
-6405
-4904
-3769
-1723
-1809
-2200
-2050
-1858
-415
213
1983
2313
2035
1650
1987
2760
3837
4328
4363
3791
2875
2802
2878
3914
3567
2658
1031
69
450
353
125
-1087
-1828
-2664
-3878
-3878
-4220
-4059
-4825
-6082
-6866
-7346
-6895
-7243
-6937
-7431
-8249
-9213
-9333
-8113
-7591
-7529
-8217
-8424
-8149
-6806
-5732
-5344
-3883
-3190
-3273
-4670
-3402
400
2041
2453
87
1060
2716
4940
7052
6817
7933
6282
7200
8544
10958
11826
10339
10478
10071
10581
9920
10409
10674
10527
9393
7202
6339
6562
7469
6453
4405
2542
1103
805
242
184
-804
-2669
-3702
-5010
-4827
-5140
-4807
-5024
-6272
-6874
-7247
-5991
-5074
-4577
-4931
-5059
-4982
-3878
-2710
-1713
-857
-1414
-677
-146
1331
2006
2508
3417
3011
3707
3660
4516
5065
5058
4965
3909
3899
3867
3898
3608
2899
1922
1210
468
154
113
-651
-1212
-2796
-3742
-3885
-4125
-4105
-4933
-5637
-6488
-6990
-6534
-6463
-6416
-7001
-7502
-7057
-7137
-6623
-6472
-6700
-6726
-6700
-5694
-5512
-5239
-5425
-4686
-3536
-2793
-2090
-1949
-1022
-1881
-673
961
2323
2701
1417
2733
3310
5133
5868
5913
6556
6165
7337
7594
8655
9294
8706
9065
8863
8830
8069
8223
8353
8059
7352
5662
4886
4250
4912
4005
2625
1264
36
-190
-1072
-1081
-2004
-2744
-3782
-4465
-4396
-4797
-4680
-5124
-4374
-4754
-5426
-5635
-5013
-2700
-2775
-2315
-3449
-2595
-1210
-754
1396
825
1843
944
1775
3380
3674
4693
3698
4272
4331
4395
4299
4153
4609
4435
3434
2539
2130
2065
2263
1313
505
-506
-1203
-1314
-2042
-1935
-2707
-3994
-4493
-4998
-4295
-5055
-5450
-5475
-5966
-5603
-6366
-5779
-5527
-5279
-5332
-5821
-5344
-5549
-4796
-4694
-4178
-4557
-4811
-4453
-3842
-2665
-3185
-2412
-2574
-1370
-958
-1006
-830
-326
1188
956
1676
935
2105
2214
3426
4571
4286
4749
3505
5415
6110
6909
6575
5606
6350
6154
6452
5993
5694
5595
4809
4163
3568
3278
3137
2657
1923
1206
437
-419
-429
-750
-515
-1487
-2558
-2789
-2925
-1948
-2570
-2403
-3017
-3338
-3044
-2311
-1233
-1510
-1109
-1850
-569
-96
781
1375
839
2070
1086
2512
2510
3095
3578
2589
3641
2602
3396
3286
3281
3448
2577
2389
1729
1991
1856
1458
620
30
-353
-612
-592
-1213
-1467
-1945
-2501
-2405
-2613
-2648
-3143
-3359
-3262
-3397
-3292
-3540
-3506
-3396
-3195
-3455
-3532
-3682
-3253
-2930
-2949
-3036
-4115
-3903
-3395
-2677
-2610
-3463
-4107
-4170
-3200
-1998
-1893
-2569
-2797
-2851
-2099
-1502
-827
-459
-634
-768
-425
317
1221
2020
2172
2621
2160
2448
3029
3913
4866
4380
4263
3794
3801
4325
4666
4870
4329
3460
3168
2804
3091
3454
3052
2482
1367
854
922
1100
1245
952
-143
-542
-955
-603
-26
-251
-129
-964
-1637
-1632
-791
181
474
-630
-906
-851
-53
960
675
1312
432
637
715
1097
2108
1792
2024
1488
1279
1341
1624
1874
2276
1824
1105
783
609
1535
1372
1194
576
-192
60
125
359
205
-316
-672
-840
-989
-820
-1007
-1152
-1295
-1746
-1569
-1837
-1890
-1863
-1902
-1788
-2354
-2828
-3078
-3196
-2965
-3119
-3579
-4284
-4942
-4783
-3936
-3933
-4754
-5256
-5817
-4625
-4550
-3936
-3939
-4853
-3970
-4850
-3030
-2674
-2402
-2409
-2973
-1325
-1402
-79
183
963
1289
1310
1959
2343
3683
4004
4338
4265
4469
4703
4862
5722
5927
5730
5450
4843
5154
5272
5707
5399
4586
4105
3508
3625
3351
3300
2457
2018
1057
659
831
572
289
-490
-734
-1149
-1366
-1621
-1208
-1388
-1228
-1959
-2052
-1596
-1654
-741
-1097
-363
-939
-1125
-189
214
1052
644
709
815
983
1530
1660
2157
2361
2189
2044
2123
2487
2838
2906
2588
2530
2080
2131
2062
2209
2332
1454
1154
512
631
240
-74
-258
-973
-1356
-2388
-2424
-2582
-2693
-3460
-4347
-4617
-5225
-5169
-5614
-5685
-6132
-6605
-6831
-7542
-7032
-6808
-6719
-7117
-7657
-6932
-6668
-5931
-5476
-5342
-5385
-5458
-4399
-3357
-2555
-3018
-2494
-1682
-450
360
277
1536
1766
3082
3424
4036
4849
4857
6159
6327
6968
6828
6890
7356
7507
7869
7435
7130
6756
6847
6573
6116
5695
5032
4735
3843
3397
2870
2006
1563
783
830
276
-736
-1604
-1630
-1380
-1767
-1862
-3267
-2825
-2920
-2343
-1751
-2581
-1804
-2963
-1731
-1124
-694
-282
-1040
129
204
1143
1405
1578
2092
2714
2713
2850
3429
3710
4440
3843
4346
4049
3974
4443
3907
4264
3616
3053
2760
2409
2513
1593
1009
388
-178
-705
-1375
-1703
-2637
-2881
-3858
-4313
-4562
-5206
-5503
-6107
-6110
-6767
-7153
-7310
-7342
-7295
-7422
-7893
-8328
-7972
-7650
-7142
-7342
-7381
-7506
-7719
-6022
-5393
-5111
-5123
-5593
-4300
-3724
-2211
-1716
-1963
-952
-884
348
1397
2181
2892
3068
3895
4356
4935
5938
6578
7098
7452
7307
7137
7451
8210
8644
8058
7437
6837
6573
6985
6640
6240
5381
4351
3773
3261
3215
2500
1820
1089
302
-216
-675
-798
-1437
-1793
-1984
-2557
-2837
-2932
-2976
-2563
-2460
-2501
-2656
-2667
-1924
-1672
-665
-263
-410
-140
172
1384
1859
2422
2704
2595
3101
3540
4068
4499
4638
4630
4457
4458
4745
4594
4654
4363
3660
3262
2750
2530
2094
1523
843
-144
-729
-1256
-1869
-2338
-3009
-3683
-4522
-5152
-5354
-5745
-5910
-6443
-7038
-7411
-7602
-7538
-7496
-7638
-7992
-8186
-8215
-7720
-7638
-7249
-7355
-7445
-6913
-6675
-5846
-5777
-5274
-4738
-4539
-3904
-3360
-2531
-1937
-1673
-801
-288
376
934
1357
2670
3016
3727
3906
4673
5386
5711
6544
6657
7190
6954
7420
7685
7886
7982
7570
7436
7117
7080
6764
6379
5918
5366
4709
4174
3565
3086
2512
1774
1022
484
-29
-549
-983
-1215
-1581
-2491
-2596
-2498
-2312
-2595
-3098
-2876
-2598
-2192
-2043
-2049
-1425
-1247
-832
-90
350
857
810
1608
2289
2675
2907
2961
3533
4007
4191
4064
4164
4287
4476
4150
3946
3874
3423
3322
2648
2316
1940
1092
644
-290
-417
-1243
-2129
-2571
-3354
-3594
-4479
-4907
-5483
-5741
-6171
-6521
-6823
-6993
-7093
-7589
-7184
-7510
-7077
-7157
-7218
-7056
-7325
-6257
-6129
-5657
-5592
-5909
-5188
-4724
-3593
-3472
-3353
-3132
-2765
-1895
-1463
-413
-181
639
164
587
1651
2401
3627
2875
3836
3552
4057
4920
5215
6541
5810
5834
5455
6007
6973
6727
6951
6372
6161
5595
5422
5724
5683
5630
4280
3498
2865
3121
3147
2411
2052
741
365
-226
-100
-77
-655
-855
-1614
-1650
-2203
-2058
-1522
-1032
-1217
-2351
-2298
-1722
-508
-157
-211
-377
-517
134
840
1798
2007
1890
1752
2120
2763
3067
3191
3196
3322
3159
2915
2591
2710
3060
2839
2179
1283
883
787
667
443
-378
-1253
-2102
-2473
-2549
-2861
-3546
-4404
-4950
-5258
-5488
-5764
-5898
-6196
-6290
-6560
-6697
-6676
-6538
-6040
-6042
-5932
-5924
-5861
-5364
-5027
-4243
-4078
-4133
-4009
-3706
-2517
-2248
-1897
-1987
-1609
-1046
-502
323
493
612
402
1385
2211
2979
2264
1951
2584
3366
4213
3600
3647
3334
3660
4121
4421
4648
4231
3799
3914
4229
4460
4151
3797
3964
3644
3363
2883
2884
3078
3009
2335
1765
1285
1566
1531
1250
1121
377
427
-104
98
30
-106
-85
-285
-153
-525
-853
-665
250
535
171
-718
-648
128
817
1355
888
749
421
671
1603
2083
2392
1675
1485
1599
1909
2374
2208
2207
1780
1552
1121
939
1229
1311
937
-25
-694
-965
-896
-981
-1414
-1981
-2705
-3228
-3518
-3426
-3533
-3969
-4261
-4692
-4726
-5023
-4812
-4506
-4361
-4413
-4853
-4607
-4242
-3599
-3325
-3093
-2912
-2747
-2649
-2067
-1327
-819
-668
-1051
-624
-197
328
510
539
768
637
683
964
1148
1413
1091
1108
1233
951
1129
755
1292
1296
888
630
124
724
821
977
715
173
309
369
913
1087
956
725
542
985
1268
1527
1389
1368
1457
1463
1525
1461
1855
1828
1760
1459
1265
1502
1440
1616
1371
1172
909
712
924
1044
1165
693
218
266
574
845
702
187
208
235
581
704
483
633
283
801
851
1049
927
613
1101
1031
1244
841
716
773
830
734
437
156
-48
-48
-303
-386
-871
-1000
-1201
-1398
-1490
-1898
-1917
-2049
-2103
-2148
-2433
-2323
-2296
-2159
-2093
-2280
-2071
-1952
-1624
-1540
-1528
-1430
-1179
-866
-714
-595
-607
-466
-360
-23
74
191
-47
-179
-45
14
239
64
10
-314
-586
-655
-362
-61
-323
-857
-1306
-1122
-789
-515
-601
-928
-1253
-1380
-973
-528
-274
-436
-758
-564
-339
93
450
603
862
743
911
1115
1563
2010
2042
2126
1958
2073
2177
2296
2550
2474
2287
1898
1673
1729
1703
1657
1396
1069
662
296
308
411
433
28
-372
-519
-523
-444
-442
-395
-374
-551
-803
-711
-346
93
119
0
-176
-40
278
563
961
822
743
474
665
1068
1150
1122
806
840
696
669
643
667
753
396
114
-118
-100
-22
-82
-210
-419
-626
-892
-821
-739
-584
-759
-1125
-1257
-1329
-1025
-1128
-987
-1177
-1387
-1436
-1554
-1035
-1129
-1106
-1308
-1341
-1175
-1399
-1221
-1071
-745
-1009
-1440
-1567
-1400
-825
-796
-978
-1481
-1712
-1462
-948
-650
-906
-1275
-1514
-1024
-683
-370
-544
-560
-359
-234
29
-34
442
601
908
820
718
955
1125
1723
1832
1776
1413
1321
1748
2075
2246
1846
1612
1571
1505
1677
1545
1619
1387
1071
824
645
872
852
819
415
225
82
138
290
326
390
67
-14
-46
258
384
361
455
325
406
222
450
800
854
902
467
562
605
842
1060
841
782
333
482
482
635
574
211
141
-197
-68
-278
-236
-317
-454
-620
-1070
-962
-987
-701
-900
-1141
-1246
-1377
-1119
-1159
-943
-1065
-1140
-1210
-1258
-1005
-1024
-753
-863
-908
-968
-1125
-825
-850
-477
-586
-920
-1118
-1242
-558
-577
-578
-1097
-1232
-936
-996
-652
-963
-811
-1110
-1095
-968
-911
-657
-946
-685
-898
-664
-741
-647
-373
-378
-104
-390
-133
-112
225
397
417
664
501
816
751
1127
1358
1285
1470
1206
1573
1566
1774
1964
1776
1935
1611
1961
1971
2097
2051
1823
1958
1744
1912
1727
1893
1716
1651
1412
1259
1401
1257
1435
998
927
656
654
706
611
549
200
79
-101
-25
-80
-185
-351
-546
-736
-785
-822
-794
-911
-1124
-1266
-1391
-1365
-1334
-1217
-1388
-1503
-1664
-1512
-1315
-1284
-1304
-1376
-1266
-1241
-1059
-1092
-912
-887
-819
-724
-862
-698
-676
-348
-365
-399
-619
-668
-324
-199
99
-438
-530
-615
-304
-32
-304
-181
-656
-492
-682
-451
-160
-521
-498
-904
-750
-633
-706
-399
-579
-684
-949
-1049
-542
-417
-256
-690
-888
-729
-442
-72
-186
-168
-287
-150
-47
295
474
580
560
564
866
887
1186
1318
1615
1689
1528
1605
1762
2192
2337
2305
2206
1992
2165
2293
2546
2575
2196
2037
1786
2011
2118
2017
1820
1417
1268
1097
1126
1149
1033
706
287
87
73
128
-2
-231
-568
-823
-963
-1028
-880
-1031
-1227
-1568
-1764
-1578
-1577
-1479
-1665
-1806
-1868
-1918
-1733
-1629
-1509
-1638
-1687
-1632
-1542
-1342
-1271
-1079
-1079
-1145
-1148
-990
-699
-591
-485
-679
-658
-583
-388
-50
-188
-264
-407
-316
-46
14
-38
-190
-211
-66
-43
-64
-161
-46
58
-96
-52
-233
-52
-62
-39
57
-166
-215
-345
-47
-3
-8
-271
-360
-167
-124
60
-50
-28
-48
25
73
292
429
449
411
317
628
816
951
877
877
998
1086
1278
1307
1422
1386
1355
1573
1620
1716
1683
1615
1735
1740
1746
1717
1608
1612
1589
1534
1446
1336
1270
1127
1066
934
873
756
569
446
321
202
127
3
-193
-292
-496
-483
-644
-815
-942
-1035
-1057
-1226
-1312
-1486
-1459
-1532
-1572
-1612
-1713
-1712
-1772
-1708
-1678
-1640
-1657
-1673
-1592
-1562
-1476
-1398
-1322
-1191
-1203
-1230
-1089
-992
-748
-705
-730
-708
-751
-493
-348
-103
-198
-302
-339
-150
134
247
189
-28
103
42
392
267
441
380
175
306
174
493
357
393
297
339
209
179
179
349
484
271
204
-49
262
342
545
492
307
270
234
447
738
833
693
495
418
790
942
1103
997
955
953
944
1101
1261
1425
1391
1273
1137
1187
1289
1501
1498
1416
1168
948
1015
1134
1304
1138
787
512
427
530
591
477
271
-39
-249
-298
-265
-168
-360
-590
-881
-1012
-932
-925
-873
-1086
-1277
-1494
-1499
-1413
-1355
-1364
-1556
-1629
-1747
-1666
-1593
-1476
-1464
-1504
-1555
-1569
-1487
-1336
-1109
-1025
-1091
-1217
-1158
-917
-629
-521
-539
-667
-643
-511
-196
-22
40
-93
-150
-18
218
487
390
434
311
580
532
555
660
713
821
585
553
546
686
617
719
535
531
281
252
473
488
621
182
115
83
331
515
387
263
180
185
349
455
556
585
320
417
502
734
771
635
701
740
789
819
775
906
926
915
930
772
902
889
969
934
784
780
684
685
724
647
556
409
267
348
185
157
55
-84
-104
-373
-316
-399
-448
-516
-726
-757
-872
-823
-849
-922
-1091
-1142
-1156
-1139
-1100
-1243
-1194
-1390
-1304
-1223
-1219
-1168
-1427
-1274
-1256
-1126
-1101
-1239
-1090
-1144
-938
-940
-920
-799
-820
-607
-623
-492
-441
-417
-210
-178
51
-57
-51
153
265
597
316
310
369
544
880
640
680
488
650
838
789
849
615
619
678
732
794
654
471
568
600
698
631
363
536
548
666
670
380
595
506
672
743
527
733
455
692
677
637
748
456
642
546
601
576
449
514
512
491
440
394
391
475
422
445
359
338
341
350
448
377
314
181
186
279
250
192
46
-16
-10
-99
-115
-216
-287
-360
-509
-513
-626
-674
-778
-859
-893
-1010
-1107
-1205
-1194
-1223
-1288
-1445
-1482
-1457
-1471
-1472
-1593
-1548
-1533
-1542
-1455
-1506
-1390
-1420
-1344
-1138
-1142
-997
-1114
-864
-685
-511
-394
-503
-229
-208
158
165
279
349
314
611
594
916
803
839
857
937
1172
1044
1137
1026
1191
1170
1103
1176
1086
1230
1056
1057
1030
991
1062
917
997
824
867
784
784
839
633
714
500
669
576
508
513
338
531
366
424
301
245
358
285
344
224
208
203
261
282
300
231
140
288
234
384
281
243
363
214
421
298
335
343
192
367
194
175
92
11
138
-123
-186
-343
-447
-427
-665
-644
-889
-1013
-1158
-1234
-1220
-1380
-1468
-1636
-1635
-1722
-1679
-1780
-1743
-1741
-1776
-1773
-1862
-1610
-1516
-1487
-1550
-1548
-1254
-1173
-1186
-1008
-944
-657
-834
-702
-428
-326
-46
-277
66
17
202
375
501
792
593
691
711
1065
1279
1254
1133
1127
1336
1550
1496
1419
1449
1461
1538
1365
1431
1421
1354
1315
1195
1184
1070
908
1010
936
875
642
461
585
487
562
307
246
146
120
173
84
105
-34
-10
-81
-10
-33
-13
-36
-26
1
-38
-33
-41
109
90
107
17
12
105
125
231
187
81
104
72
254
238
113
98
-33
101
1
-47
-120
-215
-230
-337
-412
-520
-604
-689
-692
-805
-904
-1106
-1153
-1095
-1123
-1160
-1381
-1431
-1442
-1413
-1309
-1367
-1341
-1445
-1482
-1321
-1204
-967
-1112
-1161
-1093
-905
-586
-632
-532
-548
-452
-276
-145
90
103
87
196
375
558
609
607
756
844
941
957
972
1082
1150
1226
1205
1165
1151
1183
1228
1241
1181
1086
958
988
1015
1000
897
697
747
634
667
560
478
504
276
352
233
288
250
129
200
85
163
97
128
167
135
153
98
169
164
187
140
110
179
124
133
32
44
81
12
6
-134
-109
-179
-163
-218
-299
-326
-446
-349
-507
-465
-584
-609
-565
-706
-620
-775
-720
-738
-734
-720
-815
-810
-839
-764
-732
-741
-802
-874
-808
-779
-694
-700
-772
-706
-823
-647
-647
-523
-446
-581
-460
-523
-269
-220
-109
-139
-157
-87
-23
201
191
331
175
244
346
443
598
450
483
518
571
662
561
595
610
607
663
556
573
462
574
591
604
512
361
466
433
636
487
430
356
364
512
430
458
344
365
354
355
371
335
350
296
331
327
276
306
246
327
285
229
246
145
240
158
175
155
92
114
39
34
21
32
1
-34
-129
-137
-140
-140
-120
-225
-302
-365
-358
-295
-327
-414
-483
-537
-478
-454
-498
-526
-593
-563
-525
-574
-573
-631
-592
-529
-577
-591
-650
-636
-536
-528
-496
-503
-581
-490
-508
-376
-344
-368
-267
-353
-236
-285
-119
-11
-12
-17
-113
79
109
255
253
247
287
232
388
393
419
431
389
517
430
419
401
388
553
468
503
326
317
358
416
539
387
399
199
292
344
431
481
297
294
212
329
369
389
370
296
238
240
266
278
287
212
199
121
109
114
111
108
64
-15
-2
-34
-38
-27
-106
-51
-111
-78
-114
-143
-108
-121
-67
-76
-89
-145
-122
-101
-22
-17
-59
-72
-134
-107
-73
-61
-24
-126
-201
-197
-245
-96
-209
-192
-294
-398
-306
-395
-236
-387
-389
-484
-493
-447
-511
-403
-506
-425
-565
-530
-516
-484
-370
-450
-370
-479
-440
-399
-312
-192
-245
-226
-302
-218
-133
-58
64
-50
8
-53
57
183
150
317
173
292
255
304
423
369
549
465
551
428
474
541
605
729
557
643
449
605
645
647
717
466
575
446
532
521
417
427
296
325
256
217
112
68
55
67
42
-117
-180
-280
-196
-104
-158
-212
-434
-439
-346
-249
-121
-263
-361
-443
-352
-182
-63
-93
-194
-228
-241
-2
16
105
7
-83
37
-8
179
86
91
61
17
131
39
72
-12
19
46
-1
-28
-144
-107
-120
-72
-85
-222
-232
-326
-239
-218
-280
-281
-426
-361
-397
-371
-373
-411
-387
-446
-405
-459
-388
-436
-394
-363
-427
-359
-435
-336
-305
-300
-226
-279
-221
-183
-158
-29
-38
18
53
57
143
158
249
317
345
351
349
353
464
528
578
599
501
524
519
615
679
653
587
480
474
503
566
539
487
378
291
305
280
343
275
185
162
57
120
54
19
27
-53
-18
-122
-168
-200
-186
-133
-138
-185
-282
-306
-306
-181
-153
-172
-221
-322
-243
-202
-147
-76
-158
-133
-170
-178
-67
-98
3
-12
-11
-20
-82
-22
22
125
105
105
-43
-66
-39
24
173
42
-24
-185
-186
-69
-24
-15
-111
-246
-283
-257
-226
-139
-271
-289
-377
-400
-321
-393
-329
-371
-384
-350
-396
-399
-374
-377
-271
-248
-261
-273
-331
-244
-168
-80
-64
-82
-138
-67
-5
87
173
115
192
146
233
268
315
382
394
437
411
423
385
501
503
592
541
471
467
387
543
540
592
485
351
312
355
423
440
371
193
159
62
194
202
139
65
-116
-88
-105
-54
-69
-143
-192
-280
-286
-262
-224
-204
-279
-298
-376
-336
-291
-240
-146
-272
-224
-320
-209
-103
-66
24
-131
-88
-129
18
113
171
139
29
41
31
230
225
299
185
64
103
80
269
254
207
97
-35
20
43
117
90
6
-68
-179
-152
-166
-76
-105
-175
-230
-379
-315
-347
-225
-217
-285
-342
-485
-403
-360
-232
-216
-252
-315
-388
-343
-262
-77
-41
-64
-172
-240
-112
8
217
232
154
106
33
207
339
485
511
383
335
283
417
558
664
655
491
369
321
461
596
618
529
311
213
188
284
381
331
233
15
-64
-76
1
72
1
-89
-274
-331
-320
-241
-200
-240
-334
-441
-466
-468
-367
-309
-287
-324
-405
-454
-416
-313
-162
-106
-167
-248
-313
-206
-57
113
103
50
-71
-85
69
197
377
284
211
100
118
283
380
448
325
217
134
177
277
316
276
186
81
59
59
65
84
31
10
-77
-136
-199
-217
-180
-156
-165
-265
-371
-438
-388
-281
-220
-274
-383
-479
-441
-330
-220
-175
-242
-306
-329
-250
-142
-48
-27
-39
-49
-23
58
121
223
252
274
277
280
334
373
446
473
488
450
396
409
422
493
502
444
393
302
334
343
361
326
195
155
85
131
84
45
-47
-146
-103
-172
-134
-263
-319
-348
-350
-290
-360
-383
-501
-468
-471
-413
-401
-457
-441
-497
-421
-413
-338
-316
-289
-260
-272
-180
-194
-69
-24
23
91
9
75
81
209
302
306
307
198
274
290
441
461
389
353
230
343
321
391
301
240
202
124
170
39
113
5
31
-30
-155
-141
-230
-108
-174
-190
-316
-409
-352
-342
-236
-336
-405
-448
-441
-291
-261
-234
-314
-348
-258
-180
-35
-69
-65
-115
-57
65
125
240
159
209
176
275
361
409
487
431
489
386
458
466
551
630
493
455
276
350
434
495
495
261
154
52
186
280
254
144
-126
-158
-193
-78
-61
-167
-259
-430
-406
-436
-341
-363
-375
-413
-518
-457
-517
-367
-373
-342
-356
-451
-397
-432
-256
-239
-169
-197
-279
-179
-173
20
49
58
56
7
96
131
237
221
205
188
168
242
226
260
236
222
254
227
216
175
172
172
188
159
88
21
-58
-23
1
-3
-55
-180
-216
-206
-123
-91
-143
-217
-291
-241
-195
-128
-165
-245
-250
-245
-141
-124
-131
-159
-144
-43
11
49
1
5
72
183
262
217
139
116
216
334
392
313
217
195
266
400
428
378
260
216
264
314
348
250
166
111
114
151
95
44
-45
-57
-42
-50
-69
-167
-196
-220
-189
-157
-210
-271
-360
-369
-316
-256
-249
-307
-370
-404
-360
-282
-194
-166
-220
-273
-298
-215
-113
-42
-42
-124
-158
-170
-68
27
73
74
-19
-7
13
101
168
167
165
115
119
99
129
147
162
187
135
110
69
63
101
146
166
148
85
14
12
36
110
124
79
-7
-82
-81
-32
67
70
27
-67
-128
-70
-3
86
75
17
-48
-65
-23
28
91
79
66
9
-15
19
70
145
170
159
92
71
84
143
216
213
179
93
50
83
132
186
175
123
49
22
52
92
161
129
64
-12
-65
-15
22
56
19
-74
-137
-149
-97
-35
-16
-73
-153
-183
-149
-68
-29
-77
-122
-161
-141
-96
-81
-74
-108
-129
-121
-98
-89
-86
-75
-61
-41
-67
-106
-114
-79
-14
7
-33
-110
-143
-111
-34
23
-14
-74
-145
-131
-49
18
53
-21
-84
-115
-72
4
32
43
-24
-42
-55
-22
39
56
81
54
49
36
48
86
127
166
140
103
57
59
105
170
193
149
77
30
64
134
195
173
101
24
-5
44
103
128
58
-24
-70
-64
-6
19
11
-43
-92
-103
-74
-38
-33
-31
-74
-98
-102
-81
-46
-46
-57
-85
-92
-96
-59
-23
-11
-4
-36
-26
-14
13
43
37
25
0
-3
-7
9
32
35
24
-6
-18
-10
11
38
40
11
-17
-46
-44
-11
5
0
-40
-86
-99
-91
-56
-38
-42
-62
-86
-96
-83
-38
-13
-13
-41
-71
-74
-62
-33
-17
-14
-37
-61
-60
-28
12
31
31
21
23
31
47
61
72
76
66
60
58
46
55
80
103
108
91
71
60
81
112
127
120
76
42
30
39
57
45
25
-11
-37
-40
-32
-9
-8
-27
-59
-83
-86
-78
-72
-83
-105
-128
-138
-138
-129
-120
-114
-104
-93
-76
-68
-67
-49
-28
0
29
33
19
13
35
61
93
106
98
90
95
117
153
186
182
160
137
129
133
149
151
122
86
41
23
15
24
32
15
-17
-48
-57
-58
-39
-33
-55
-80
-117
-133
-126
-106
-86
-89
-107
-129
-122
-90
-41
-6
-2
-12
-35
-25
3
44
62
47
22
1
8
36
75
87
79
66
63
76
92
106
104
95
71
57
49
44
51
43
41
26
7
7
13
22
33
38
25
10
-5
-12
-7
-5
-8
-20
-42
-65
-68
-55
-37
-29
-44
-57
-63
-57
-35
-28
-31
-43
-58
-68
-61
-52
-48
-48
-47
-36
-28
-18
-10
18
47
69
81
74
64
64
84
112
132
122
97
76
81
113
152
162
137
112
95
107
125
131
102
57
11
-21
-13
-14
-20
-40
-77
-101
-108
-100
-92
-90
-95
-113
-123
-129
-128
-106
-102
-99
-96
-105
-102
-81
-41
-4
13
14
10
22
49
86
112
112
93
63
63
90
119
120
97
69
55
63
78
95
84
52
28
11
13
24
8
-24
-54
-72
-72
-70
-74
-79
-86
-89
-82
-72
-58
-54
-59
-61
-47
-38
-44
-50
-52
-45
-28
-16
-10
-10
-9
-3
8
26
31
29
17
13
15
14
12
8
5
-9
-14
-11
-3
4
13
20
19
17
12
14
14
21
23
12
4
-6
-7
6
10
17
12
2
-1
-1
11
21
12
-5
-20
-27
-26
-24
-26
-36
-54
-62
-68
-66
-49
-47
-50
-48
-55
-58
-43
-36
-33
-26
-20
-20
-21
-12
-1
15
25
31
44
42
41
55
60
74
73
58
53
47
49
44
40
27
11
5
-3
-4
-9
-18
-33
-46
-55
-63
-71
-77
-87
-92
-86
-87
-83
-85
-93
-76
-62
-47
-42
-52
-46
-32
-10
4
7
11
11
15
29
41
50
58
54
50
54
58
63
62
52
46
37
30
19
9
7
0
-1
-12
-19
-26
-33
-31
-27
-27
-37
-50
-56
-48
-40
-38
-37
-42
-49
-45
-33
-23
-12
-13
-11
-13
-9
-1
0
8
-2
-3
-5
-16
-18
-18
-14
-13
-8
-5
-9
-15
-19
-16
-12
-11
-21
-35
-45
-45
-34
-31
-29
-31
-37
-27
-17
5
16
9
1
-12
-6
-9
1
-1
-21
-30
-46
-41
-36
-33
-27
-34
-39
-44
-38
-35
-31
-33
-45
-49
-59
-71
-74
-74
-70
-66
-64
-66
-59
-50
-32
-10
7
3
-1
3
15
30
31
32
23
15
20
37
45
55
62
56
58
66
80
84
76
64
56
40
29
23
10
5
-7
-11
-10
-8
-14
-15
-4
5
10
9
6
1
-2
-1
4
3
-6
-10
-12
-10
7
20
29
31
36
38
43
63
66
66
57
42
41
38
35
33
23
20
18
18
17
19
20
21
20
9
8
-4
-5
-5
-12
-18
-31
-39
-43
-38
-28
-22
-31
-34
-30
-18
-8
-5
-5
-9
-17
-22
-19
-14
-9
-12
-20
-19
-11
-7
5
4
6
7
4
10
8
5
0
-4
-15
-20
-20
-16
-25
-17
-5
-1
3
9
17
16
22
26
27
16
9
7
7
12
13
9
8
8
15
29
31
35
33
33
38
45
40
36
35
27
19
14
10
11
11
9
19
25
34
34
39
41
43
40
32
29
15
21
14
15
15
10
20
19
32
34
37
47
41
41
43
37
31
20
11
7
-3
-11
-10
-13
-22
-17
-18
-19
-12
-7
-10
-13
-16
-26
-29
-33
-37
-40
-36
-39
-37
-32
-30
-21
-13
-4
-3
1
7
2
3
6
5
1
-2
-3
-3
2
14
14
17
18
20
25
26
29
24
16
13
5
-3
-10
-7
-8
-16
-18
-17
-16
-18
-11
-7
-2
-7
-8
-3
-11
-11
-9
-11
-16
-15
-9
-7
4
6
7
13
17
19
19
26
29
30
20
19
22
16
19
16
19
20
19
20
16
15
16
17
12
9
10
3
2
-1
-9
-7
-6
-8
-15
-16
-12
-16
-15
-19
-22
-24
-27
-24
-26
-25
-28
-30
-38
-39
-26
-26
-23
-23
-23
-24
-19
-17
-12
-4
-7
-2
-1
3
9
7
11
18
16
17
25
32
32
33
31
30
30
30
32
23
28
26
24
24
18
20
18
21
18
21
9
2
5
3
-1
-6
-14
-17
-20
-25
-22
-21
-20
-25
-27
-20
-22
-22
-20
-18
-19
-21
-21
-23
-21
-28
-22
-18
-19
-17
-22
-18
-17
-7
-4
0
-9
-14
-12
-13
-11
-15
-11
-11
-13
-15
-19
-20
-16
-19
-21
-19
-24
-24
-24
-27
-30
-30
-32
-36
-42
-44
-41
-43
-43
-43
-47
-45
-42
-39
-38
-37
-39
-34
-35
-36
-33
-28
-23
-27
-25
-25
-19
-7
-6
-6
-2
0
7
10
9
13
16
18
20
21
17
15
21
19
17
23
20
13
23
22
18
18
14
16
10
5
-2
-3
1
-2
1
-3
-7
-4
-7
-6
-13
-16
-14
-16
-15
-16
-17
-22
-22
-22
-27
-23
-20
-22
-19
-16
-16
-11
-11
-14
-15
-16
-15
-15
-18
-16
-21
-22
-19
-21
-14
-16
-16
-14
-19
-16
-12
-12
-13
-12
-18
-17
-19
-23
-15
-15
-17
-22
-29
-18
-17
-18
-19
-26
-29
-30
-29
-23
-24
-33
-31
-32
-28
-34
-35
-31
-29
-21
-27
-24
-20
-23
-24
-16
-17
-15
-10
-7
-3
2
4
1
8
12
13
15
22
23
21
23
22
28
31
29
26
32
36
40
41
42
39
40
41
42
38
36
35
30
32
31
26
27
31
26
27
24
19
19
21
25
20
17
17
16
26
21
16
14
20
21
15
18
17
20
13
25
29
24
23
22
32
24
24
21
26
27
25
29
24
29
29
31
31
34
26
26
28
26
31
27
32
30
21
20
22
26
27
26
22
20
21
25
22
20
20
21
19
15
17
24
24
20
20
21
16
17
18
19
25
17
17
19
15
23
24
18
18
20
26
26
26
26
26
31
36
36
41
41
37
40
35
35
36
31
29
32
28
29
29
28
23
21
22
20
23
21
21
20
16
18
16
10
8
3
2
-1
-12
-9
-6
-12
-13
-16
-18
-15
-22
-24
-18
-24
-28
-31
-29
-21
-23
-26
-25
-20
-25
-24
-22
-25
-18
-24
-27
-25
-20
-18
-23
-20
-21
-17
-17
-16
-14
-20
-17
-16
-17
-20
-13
-10
-12
-10
-12
-10
-9
-5
1
3
-7
-6
-4
-4
-4
-3
-2
-8
-6
-12
-4
-8
-15
-9
-15
-16
-18
-18
-13
-13
-14
-19
-24
-19
-17
-18
-14
-14
-19
-20
-22
-20
-18
-14
-7
-7
-7
-8
-2
-1
-4
-4
1
1
2
3
5
7
2
7
4
6
8
8
12
10
6
2
-3
2
6
4
5
1
-4
-4
-7
-5
-3
-9
-6
-8
-11
-15
-15
-14
-17
-13
-15
-18
-21
-20
-17
-20
-17
-12
-15
-16
-11
-9
-6
-5
-10
-8
-8
0
7
1
7
3
0
5
3
6
8
11
16
12
10
15
13
13
17
18
20
16
11
10
13
17
13
14
14
15
11
6
5
8
3
5
6
-1
8
6
4
4
2
2
-1
3
2
2
-4
0
-1
-6
-5
-9
-1
-2
1
2
0
1
6
9
8
7
5
5
0
2
1
0
0
-2
-3
0
-1
-3
3
-4
-7
-7
-7
-10
-12
-8
-12
-9
-8
-12
-13
-13
-12
-10
-16
-13
-15
-17
-13
-10
-13
-17
-11
-11
-9
-11
-12
-14
-17
-18
-12
-13
-11
-5
-10
-1
-2
0
4
5
10
9
12
13
9
7
9
10
9
5
7
8
13
11
11
13
11
12
9
9
6
2
2
1
3
1
-7
-3
1
-2
1
1
-1
-4
-5
-5
-6
1
3
7
2
5
3
6
11
9
9
0
3
3
7
11
7
2
5
13
8
8
11
9
9
7
8
12
10
8
7
12
8
2
8
18
18
12
10
9
5
0
3
6
11
10
13
10
8
12
8
8
9
6
3
12
10
7
3
2
8
7
14
14
10
12
8
7
13
17
16
10
8
4
7
12
9
8
9
9
3
11
8
11
9
11
16
7
10
11
9
12
15
6
3
3
9
15
17
11
-2
0
8
16
19
19
8
11
13
20
19
12
18
9
5
3
9
15
10
5
2
7
8
4
11
16
12
7
6
7
7
9
10
15
7
-3
0
4
14
5
0
6
-1
-5
-3
12
22
11
2
1
8
11
13
9
8
6
-3
-2
13
16
2
-9
-9
0
3
5
3
0
-11
-16
0
16
16
-2
-16
-17
-7
9
13
6
-5
-19
-21
-13
6
14
-4
-27
-31
-16
4
18
6
-17
-36
-25
-4
-7
-11
-17
-14
-17
-43
-51
-30
-6
0
-14
-24
-70
-120
-66
85
154
-24
-263
-236
33
227
89
-177
-214
-56
63
23
-35
-22
-23
-72
-102
-44
24
10
-37
-36
-24
-47
-92
-73
27
83
3
-134
-161
-52
59
55
-35
-92
-67
-42
-48
-35
28
57
-25
-126
-114
15
107
58
-69
-115
-52
23
27
-17
-30
-9
-7
-49
-55
-5
44
29
-30
-52
-20
18
14
0
4
-4
-18
-29
-12
17
14
-7
-26
-18
-2
9
13
2
-8
1
20
26
10
-8
0
18
20
10
-2
-3
-2
-2
18
21
6
-8
1
34
39
20
-4
-5
19
30
22
10
0
-3
13
29
32
9
-15
-13
11
26
18
3
-8
0
5
4
6
16
13
-6
-7
6
11
0
-14
0
21
17
-11
-37
-23
9
21
4
-21
-28
-24
-10
5
13
2
-22
-23
-7
6
8
-8
-17
-23
-30
-25
-7
7
3
-17
-24
-15
-9
3
18
18
-2
-19
-10
20
39
19
-7
-9
4
14
10
-1
-1
-4
-5
2
-1
2
5
6
16
10
-3
3
35
46
22
-6
-7
23
39
21
-15
-20
-1
8
6
1
3
9
11
12
13
29
41
50
35
6
4
23
48
35
5
-6
3
20
16
11
26
35
20
-7
12
60
70
50
29
35
44
37
27
39
47
36
11
-5
5
18
32
22
9
0
6
26
32
22
18
26
22
14
15
23
23
11
-2
-5
-5
-17
-12
1
9
1
-19
-19
3
20
21
17
15
10
4
5
10
11
12
2
-15
-24
-23
-4
6
1
-10
-16
-10
4
14
26
35
20
5
5
19
43
41
15
-6
-14
3
17
7
-1
-3
-6
-7
0
10
25
29
25
19
10
9
12
29
33
7
-18
-17
3
9
2
-6
-4
2
-4
-7
12
29
33
23
5
14
32
42
36
20
6
2
3
2
6
-1
-8
-6
-2
1
8
7
6
13
20
19
13
8
13
14
8
8
-4
-12
-7
-11
-12
-9
-16
-23
-23
-19
-12
-11
-12
-3
1
-7
-19
-21
-13
-9
-15
-19
-26
-29
-27
-23
-15
-18
-26
-28
-26
-15
-5
0
10
15
11
-4
0
19
21
10
-7
-12
-12
-4
2
4
5
-5
-6
4
14
19
30
31
17
11
9
18
19
12
2
-9
-10
-10
-8
-7
-13
-16
-17
-12
-10
-4
2
3
2
-4
-8
-6
-3
-2
-2
-9
-20
-25
-21
-14
-8
-13
-14
-20
-15
-8
-5
-5
-2
-8
-13
-5
-4
-8
-7
-10
-14
-19
-22
-20
-20
-20
-21
-27
-29
-33
-24
-17
-23
-26
-33
-31
-23
-28
-21
-24
-35
-42
-41
-39
-39
-39
-40
-42
-48
-51
-49
-44
-40
-38
-43
-42
-35
-35
-34
-34
-36
-37
-40
-44
-40
-34
-37
-38
-40
-40
-36
-37
-28
-26
-30
-29
-28
-25
-19
-15
-23
-22
-19
-21
-15
-11
-6
-13
-22
-17
-12
-7
-8
-6
-4
-3
0
-5
0
3
4
3
-4
-9
-8
-1
0
-5
-11
-11
-10
-9
-8
-4
-5
-1
-2
-5
6
4
8
8
7
10
5
12
10
6
10
14
13
11
15
17
13
14
18
20
22
24
32
33
30
24
24
22
20
28
23
21
22
23
25
19
17
19
21
20
25
21
21
23
26
30
26
22
22
16
19
20
15
17
5
8
13
18
24
15
18
18
18
21
18
19
15
15
17
11
14
16
18
18
15
16
16
22
21
22
21
28
31
22
19
20
15
12
18
11
15
13
7
14
12
12
8
6
5
1
2
5
2
2
2
4
0
-8
-7
-8
-5
-9
-7
-3
-3
-2
-7
-10
-14
-17
-15
-17
-18
-20
-22
-19
-13
-18
-16
-11
-15
-16
-10
-10
-8
-9
-11
-9
-12
-10
-5
-6
-13
-9
-5
-7
1
5
6
6
8
3
2
13
8
7
10
9
9
9
9
5
7
14
15
16
11
13
12
14
15
8
11
6
9
10
9
8
6
11
10
6
-2
8
10
12
13
8
15
15
11
8
14
13
7
11
7
8
5
6
14
5
1
