9
9
9
13
14
15
14
15
14
18
22
18
17
12
13
13
15
15
13
15
14
12
7
7
9
6
4
2
3
-1
-3
-1
-2
-5
-5
-9
-11
-10
-10
-8
-8
-9
-14
-11
-11
-11
-12
-8
-9
-8
-6
-15
-12
-13
-11
-7
-11
-13
-12
-14
-18
-17
-16
-14
-7
-9
-14
-13
-17
-12
-10
-16
-18
-18
-14
-18
-15
-15
-12
-8
-9
-10
-15
-7
-3
-6
-9
-5
-2
-8
-10
-5
-10
-14
-7
-8
-7
-11
-5
-5
-9
-3
-4
-3
-3
-3
4
-1
-3
2
1
4
5
6
3
0
7
8
6
1
5
9
8
8
7
3
2
8
10
10
8
5
4
7
9
12
14
13
7
12
9
8
7
-4
-3
-4
-5
-6
-6
-8
-13
-6
-8
-12
-15
-16
-14
-18
-17
-17
-19
-21
-24
-24
-20
-25
-27
-23
-19
-15
-19
-25
-27
-20
-23
-22
-23
-28
-25
-24
-24
-29
-31
-32
-31
-29
-20
-24
-24
-20
-21
-18
-26
-22
-24
-16
-10
-8
-6
-10
-8
-13
-8
-9
-9
-13
-13
-8
-7
-5
-4
-2
3
4
0
-3
-2
3
-4
-1
3
5
5
0
4
2
6
9
7
14
16
16
20
18
17
11
10
12
7
10
14
10
15
19
14
9
11
17
16
17
13
12
19
13
16
21
14
14
8
10
13
7
12
12
13
14
14
14
10
7
4
-5
1
1
-7
0
-3
5
1
-3
0
-4
-3
-1
-4
-5
1
2
4
3
4
4
-4
-8
-4
1
-1
2
-1
2
3
1
-2
-4
-2
-8
-2
-2
2
-8
-11
-4
-6
-9
-7
0
-7
-4
0
-7
-12
-7
-1
4
10
2
6
6
1
8
5
4
13
12
9
6
8
9
9
17
12
18
18
24
22
19
15
11
11
5
6
6
12
8
9
6
7
4
-3
-2
0
4
1
3
6
11
7
5
9
6
10
10
9
11
12
16
18
19
24
18
18
16
10
11
11
17
15
12
16
10
6
4
8
9
9
3
-1
2
-2
4
10
7
1
9
3
1
4
-2
1
-2
1
2
9
9
9
13
11
10
9
10
9
13
13
12
11
11
5
3
6
8
9
3
5
7
4
0
-3
-4
0
-3
4
7
2
-4
-10
-3
-7
-13
-9
-5
-5
-4
-1
-6
-5
1
8
4
7
5
4
3
1
2
3
6
9
7
13
16
9
14
13
12
11
8
8
4
4
0
-3
-5
-5
-2
-6
-3
4
0
2
-7
-11
-12
-11
-7
-5
-3
-1
3
1
6
5
1
2
4
6
3
4
4
2
4
6
6
8
6
6
8
8
9
9
9
7
3
4
6
4
9
9
8
8
5
2
1
-3
-5
-3
-6
-7
-3
2
-9
-5
-5
-10
-7
-7
0
-1
-3
-7
-9
-6
0
0
4
8
3
7
7
3
5
4
5
6
6
7
7
10
9
2
0
3
-1
-7
-7
-9
-10
-8
-10
-7
-4
-8
-5
-11
-9
-8
-12
-10
-15
-13
-9
-11
-9
-10
-11
-7
-12
-5
-4
-9
-6
-5
-5
-11
-3
-5
-1
1
1
0
-7
-3
-2
-6
-5
0
0
-3
-4
-2
-3
-3
-3
-4
-1
0
-1
-2
-5
-4
-4
-9
-4
-6
0
-3
-5
-5
-7
-4
-5
5
3
0
2
4
3
-5
-6
-3
-2
-1
-3
-2
-1
-12
-9
-12
-8
-6
-13
-8
-9
-10
-11
-11
-10
-15
-16
-17
-17
-17
-20
-15
-20
-12
-4
-8
-3
-4
-6
-5
-6
-9
-3
1
2
1
-1
-1
-5
-5
-11
-2
-5
-4
1
-5
-5
-6
-5
-10
-3
-9
-12
-13
-20
-12
-16
-11
-9
-10
-4
-7
-13
-5
-7
-15
-11
-9
-4
-3
-2
-3
-9
-7
-3
0
0
-2
-3
-3
-5
-6
-4
-1
0
3
2
3
0
-3
-4
-5
-2
-3
0
6
5
5
3
-3
-2
-2
-1
1
1
1
-7
-4
-2
-1
2
-1
1
0
3
5
2
6
11
11
12
13
9
12
12
9
6
13
15
18
23
14
11
11
12
9
16
23
13
17
12
8
14
9
7
7
12
11
13
10
5
-1
-5
4
0
-2
4
5
4
-2
-2
-2
-5
-1
7
11
5
-4
-5
-3
1
7
5
3
8
8
5
4
7
6
5
8
6
5
8
10
6
3
1
2
5
5
1
2
4
1
-2
1
4
5
1
8
11
4
9
5
3
7
8
8
6
3
1
1
-7
-4
-4
0
-3
-1
-4
-11
-9
-14
-8
-10
-9
-10
-7
-4
-8
-7
-11
-14
-6
-11
-12
-6
-8
-10
-10
-10
-13
-11
-8
-6
-8
-8
-10
-10
-15
-15
-8
-6
-8
-13
-11
-10
-11
-12
-6
-6
-4
-10
-13
-9
-8
-9
-8
-6
-4
-3
-9
-6
-9
-7
0
-3
0
1
1
0
-5
-3
0
-2
-1
1
4
2
1
-4
-7
0
-3
-3
-7
-7
-7
-10
-11
-12
-6
-7
-5
0
-7
-10
-12
-19
-14
-15
-13
-11
-10
-8
-9
-7
-10
-13
-12
-12
-11
-13
-12
-12
-9
-9
-8
-9
-8
-5
0
1
-4
2
1
-2
-2
1
-5
-8
-12
-9
-8
-7
0
-2
3
2
2
-3
-4
0
0
4
4
6
7
6
-1
0
-2
-4
-8
-12
-4
-5
-4
-4
0
-1
-6
-12
-13
-13
-16
-16
-16
-12
-10
-9
-12
-8
-13
-14
-8
-11
-9
-5
-6
-2
-3
-7
-7
-8
-3
-10
-1
-2
-7
4
5
0
0
4
3
11
7
-1
2
1
-2
-1
-1
2
3
-3
2
5
0
-4
4
4
-2
-5
-10
-1
2
1
-1
-2
-1
-2
0
3
2
3
10
9
11
11
11
7
10
13
10
12
9
8
7
8
12
8
9
15
13
13
19
19
25
25
26
26
19
19
15
13
21
21
27
30
31
36
27
26
23
30
29
26
24
21
25
23
26
25
32
26
21
26
18
21
24
28
32
28
34
31
30
31
26
32
29
27
31
28
27
23
24
23
18
20
20
20
22
16
13
18
18
17
17
15
16
18
15
12
14
12
18
22
20
15
16
17
14
13
12
12
15
16
15
14
11
9
3
4
9
11
8
12
12
9
11
0
3
0
-4
2
-3
-3
-2
-4
-4
-6
-9
-11
-8
-11
-21
-20
-13
-11
-12
-14
-13
-18
-17
-16
-9
-2
-8
-3
-5
-5
-1
-1
-3
-9
-9
-10
-9
-3
-1
6
13
12
11
7
2
1
-1
5
12
12
13
9
5
11
7
5
7
14
14
9
8
6
4
3
7
7
11
9
5
8
4
3
6
4
0
-3
-4
-4
-8
-8
-5
-2
-5
-3
-4
-8
-15
-12
-11
-16
-12
-14
-13
-10
-18
-18
-22
-24
-20
-19
-21
-21
-22
-21
-15
-15
-13
-21
-22
-20
-24
-20
-20
-16
-18
-22
-20
-19
-19
-18
-18
-15
-13
-16
-11
-8
0
-1
-8
-7
-9
-7
-13
-11
-9
-7
-3
-1
1
-2
-2
-3
-4
-2
2
2
7
7
6
7
10
14
14
11
7
8
11
13
11
18
20
18
16
17
21
18
12
15
17
18
23
18
18
19
17
15
20
23
24
24
19
22
19
18
14
14
12
6
6
5
5
8
7
0
3
4
0
-2
2
2
5
6
4
2
-2
2
7
-2
-3
-4
-8
-13
-11
-6
-9
-5
-5
-9
-10
-11
-9
-11
-18
-17
-15
-17
-21
-17
-19
-19
-15
-18
-15
-20
-19
-17
-16
-11
-16
-16
-13
-13
-15
-16
-11
-6
-6
-4
-5
-1
-3
1
4
2
6
5
7
9
12
10
7
6
4
9
7
7
7
4
7
10
14
16
9
10
10
11
14
13
14
8
8
15
21
19
16
10
14
17
10
15
16
16
20
15
15
17
15
14
17
17
7
8
8
7
9
7
7
4
6
5
1
1
-7
-11
-6
-7
-9
-8
-5
-7
-11
-15
-15
-13
-14
-16
-13
-15
-14
-17
-14
-7
-9
-14
-12
-7
-9
-2
-9
-5
1
-5
-1
-4
-3
-5
-5
-6
-7
-2
-4
-1
-5
-4
-3
-9
-7
-9
-1
-3
-3
4
1
1
-3
0
-9
-13
-6
-9
-7
-5
-1
-2
-4
-4
-7
-4
0
2
5
6
7
5
6
7
8
6
8
13
9
6
6
14
15
15
16
13
20
16
16
18
22
22
21
22
20
15
12
18
17
16
15
20
19
15
21
22
21
14
12
12
8
10
14
16
16
19
13
11
7
3
0
0
6
1
5
3
2
1
-2
-6
-12
-12
-17
-18
-15
-19
-15
-17
-18
-19
-16
-22
-27
-23
-22
-20
-22
-22
-23
-24
-20
-15
-16
-11
-3
-7
-5
-2
-3
-10
-4
-5
-6
-2
-7
-8
-7
-4
-2
1
-6
-9
-9
-11
-15
-12
-12
-15
-7
-15
-14
-12
-10
-10
-12
-11
-21
-21
-18
-24
-24
-20
-19
-19
-16
-15
-18
-12
-9
-8
-8
-15
-12
-8
-9
-9
-7
-11
-6
-1
-7
-6
-5
-7
-8
2
3
5
6
-3
0
-2
-7
-6
-10
-4
-5
-7
-2
-6
-2
0
0
-8
-2
-4
-6
-2
0
6
6
5
4
3
-3
0
0
-4
-4
-4
-2
3
1
-7
0
0
1
0
-5
-1
-5
0
-2
-1
3
-4
-2
0
-3
-5
-5
-2
0
1
-2
-6
-1
3
-3
3
1
1
5
3
9
3
3
8
9
6
5
7
8
7
13
14
9
11
11
12
9
6
5
6
5
2
5
11
13
11
8
7
5
1
4
4
11
13
4
0
5
5
7
9
1
8
10
5
10
11
12
9
12
14
11
18
15
15
17
18
13
8
8
12
21
20
26
28
23
23
27
28
29
22
21
22
23
24
23
21
18
15
15
17
16
13
11
10
12
10
12
16
13
12
14
10
8
4
0
4
9
3
1
2
-1
-1
0
4
5
5
12
11
11
9
4
2
3
5
-1
3
2
-1
2
-4
-3
1
-3
-5
-5
-4
-2
-5
-2
-7
-15
-14
-10
-8
-12
-8
-4
-4
-7
-13
-10
-12
-11
-8
-8
-7
-12
-9
-13
-13
-7
-12
-6
-4
-4
0
-1
-5
-1
4
-1
0
3
5
2
2
5
4
4
4
3
8
12
6
6
4
3
2
-4
-3
-1
4
-3
-1
-3
-2
0
-6
-3
-7
-7
-7
-6
-3
-6
-5
-1
-8
-8
-6
-4
-2
-6
-3
-2
-4
-5
-5
1
0
-2
-1
-4
0
1
-4
-5
-3
3
2
-4
-2
-4
-4
1
-4
-5
-11
-14
-9
-9
-6
-12
-11
-11
-10
-5
-8
-3
-2
-1
0
-2
0
1
-2
-2
3
-5
-1
3
-1
0
0
6
5
4
-1
-5
-3
-7
-8
-6
-8
-8
-11
-12
-13
-19
-17
-17
-20
-21
-24
-26
-28
-25
-30
-33
-30
-32
-30
-26
-24
-22
-24
-28
-24
-21
-21
-20
-21
-17
-12
-18
-13
-7
-3
-2
-5
3
-2
-3
-5
-8
-7
-9
-5
-6
-2
-3
-7
-8
-6
-3
-2
-5
-5
-1
-8
-7
-10
-14
-18
-15
-12
-17
-18
-17
-16
-5
-7
-12
-8
-10
-8
-4
0
-4
-4
1
-2
1
3
-2
-3
-3
-1
2
2
-4
-2
2
-2
-1
2
-1
-6
-10
-9
-7
-14
-16
-10
-12
-16
-18
-13
-14
-18
-15
-13
-13
-15
-17
-12
-13
-6
-10
-10
-5
-15
-9
-3
-2
-2
-5
-2
5
6
4
6
2
-5
-1
0
-1
-5
-10
-4
-7
-13
-12
-5
-9
-16
-12
-14
-8
-11
-10
-8
-13
-10
-15
-11
-5
-6
1
2
-5
0
-1
6
20
20
17
16
18
12
13
16
15
17
21
23
23
23
30
29
22
24
20
23
21
21
16
16
19
16
12
10
9
6
8
8
14
20
21
18
14
10
8
8
8
13
12
15
15
12
17
18
20
18
19
13
6
12
12
15
15
10
18
19
13
17
12
17
15
11
14
8
12
6
10
11
13
8
5
10
1
7
12
12
9
7
5
1
0
2
5
10
12
16
15
12
14
19
23
16
16
15
16
14
10
13
13
13
11
13
9
8
1
0
1
-3
2
-1
-5
-5
-11
-11
-5
-4
2
5
1
-3
0
2
8
10
3
3
6
12
18
20
23
21
14
13
7
12
16
20
21
18
19
16
17
14
16
12
9
11
6
10
11
7
7
6
0
1
1
0
-5
-5
1
6
10
5
-8
-14
-5
-6
-11
-5
-8
-14
-10
-12
-12
-13
-13
-14
-17
-15
-23
-29
-27
-21
-19
-18
-25
-29
-27
-26
-15
-13
-26
-34
-27
-24
-16
-13
-19
-24
-27
-22
-22
-21
-24
-25
-19
-12
-13
-15
-20
-23
-24
-23
-17
-19
-15
-7
-3
-4
-10
-14
-14
-12
-10
-16
-18
-14
-13
-11
-8
-5
-8
-7
-7
-7
-9
-13
-10
-8
-4
-3
-5
-14
-6
-8
-17
-13
-12
-6
-12
-16
-13
-9
-5
-9
-6
-5
-8
0
-3
-4
-5
-2
3
-2
-4
-2
4
5
3
-2
2
4
6
8
11
14
13
19
12
9
15
16
14
10
11
11
15
12
15
19
18
16
12
11
13
14
11
14
13
16
16
17
20
18
22
27
18
16
18
17
13
10
10
8
12
4
5
11
9
7
9
15
13
12
6
10
8
18
11
0
0
2
4
-2
-4
-8
-3
-3
-8
-7
-1
-7
-3
1
-8
-12
-8
-1
-8
-4
-7
-8
2
-1
-8
-11
-8
-8
-6
-7
0
-1
-4
-10
-14
-3
-5
0
1
1
-3
-8
-4
-3
0
0
2
3
10
11
8
4
7
2
3
4
1
8
5
6
5
5
6
4
1
-4
0
2
0
4
3
-3
-3
1
-2
-1
4
-3
-1
4
6
7
7
6
6
16
13
11
12
6
8
7
1
-1
-1
-6
1
8
3
2
0
-1
-3
-2
-5
-11
-7
-3
-2
-4
-6
-6
1
1
-6
-12
-12
-7
-7
-5
-8
-10
-9
-3
1
0
-2
-4
-2
-4
-2
-1
2
0
-1
-1
1
1
-1
0
-3
-1
0
-1
-3
0
-4
-3
2
3
4
2
4
4
5
9
6
9
12
12
11
10
13
14
21
27
25
26
30
25
27
27
27
25
20
27
22
26
25
23
23
24
29
24
27
24
25
21
21
24
24
24
17
13
16
14
15
12
13
18
19
24
20
16
14
13
22
17
12
14
7
10
7
5
8
5
4
-4
-1
1
5
5
-3
0
0
-2
-2
-6
-7
-4
-10
-13
-15
-15
-13
-12
-13
-15
-15
-15
-17
-14
-14
-17
-19
-16
-9
-10
-10
-11
-9
-6
-8
-6
2
2
2
2
-2
-2
1
3
2
1
-4
1
-4
-5
-2
-1
1
-5
-4
-2
0
-1
1
-2
0
5
3
5
-1
1
5
12
16
13
9
8
16
18
15
19
21
13
15
16
15
14
9
12
14
15
22
23
22
18
23
27
28
26
25
25
25
30
29
20
11
13
14
18
21
15
15
14
11
10
6
3
-1
1
4
3
4
-2
-1
0
-8
-7
-3
-3
-3
-2
-5
-13
-10
-10
-9
-7
-7
-5
-12
-11
-6
-6
-11
-9
-12
-13
-10
-11
-14
-15
-10
-8
-13
-15
-10
-13
-7
-15
-20
-21
-23
-19
-25
-21
-21
-16
-15
-14
-13
-14
-11
-10
-6
-6
-1
-2
-1
-5
-3
0
-2
7
5
7
11
11
14
11
14
14
10
2
-2
0
5
6
0
3
0
2
4
-4
-6
-5
-5
-4
2
0
0
-4
-7
-5
-6
5
4
3
8
9
7
9
8
8
15
13
15
19
16
16
20
21
21
21
14
10
15
14
17
16
13
15
16
12
17
20
19
21
20
14
11
18
14
17
16
14
21
9
11
12
12
8
8
15
12
11
12
10
4
6
11
11
6
1
3
8
9
5
-1
1
3
6
0
-9
-7
-1
1
0
-5
-13
-6
-2
-2
-2
-5
-5
-2
2
1
2
-1
6
16
4
2
8
12
12
7
10
5
3
10
14
12
13
18
17
17
13
13
16
16
14
16
12
16
15
7
4
10
18
14
8
9
9
12
7
-2
-4
2
6
2
0
3
8
8
0
-1
-4
-6
-2
-1
4
2
-3
3
-1
5
8
6
4
-5
3
7
9
7
0
-3
-4
-3
2
5
5
10
10
5
0
-4
3
2
-7
-8
-13
-6
0
3
1
-9
-13
-5
2
-7
-6
-10
-8
-1
-1
-2
-1
0
3
5
0
-6
-14
-8
-7
-4
-1
-5
-4
-3
-10
-11
-6
-8
-4
-4
-8
-5
-5
-3
1
-4
-4
-5
-6
0
-1
3
-2
-2
1
2
3
-4
-1
-2
-6
-3
-4
0
1
-2
1
0
1
1
0
2
0
-7
-8
-12
-11
-8
-7
-5
-16
-18
-18
-15
-18
-26
-25
-31
-27
-31
-27
-33
-37
-33
-38
-32
-34
-28
-28
-26
-23
-23
-22
-29
-26
-31
-27
-29
-30
-18
-10
-3
-7
-11
-13
-5
-13
-24
-21
-29
-21
-20
-12
-12
-16
-10
-13
-13
-19
-19
-16
-15
-12
-11
-16
-16
-15
-15
-13
-14
-7
-6
-8
-9
-11
-11
-13
-15
-17
-16
-16
-16
-14
-20
-17
-14
-13
-9
-14
-9
-11
-5
-7
-10
-5
-14
-8
-8
-12
-11
-8
-6
-8
-2
-2
0
1
1
3
0
3
2
-1
-2
9
13
14
20
16
12
18
27
19
17
22
23
28
24
17
10
16
20
15
13
14
15
20
21
15
17
17
11
8
8
12
11
9
6
1
3
4
3
-2
-1
-2
-3
-3
-4
-5
-7
-10
-6
-14
-16
-14
-14
-12
-13
-13
-17
-17
-16
-18
-20
-21
-25
-26
-25
-25
-26
-24
-22
-23
-20
-18
-23
-26
-23
-21
-20
-25
-26
-27
-18
-13
-13
-10
-14
-12
-7
-2
-5
-8
-8
-7
-5
-7
-3
-4
0
1
2
3
-2
3
0
-2
2
-1
0
0
-2
-2
-6
-6
-10
-9
-8
-7
-1
-7
-3
4
2
1
-6
-7
-7
-8
-2
6
-1
-3
-3
-2
2
-2
-1
-2
6
7
7
6
3
5
5
5
-1
3
7
9
18
14
9
9
3
0
-4
-6
1
1
-1
0
2
0
1
-2
-8
-11
-14
-18
-20
-19
-17
-12
-11
-16
-20
-20
-17
-15
-14
-16
-19
-24
-23
-23
-19
-21
-15
-17
-19
-11
-7
-5
-11
-8
-20
-15
-9
-5
5
-1
5
-5
2
1
2
-7
-13
-14
-17
0
-4
3
2
-1
-5
-4
-2
-1
2
3
12
14
22
8
6
8
4
6
-4
5
3
4
3
-1
9
-1
7
5
13
14
15
31
23
32
16
22
14
6
7
-9
2
-9
4
-1
6
5
2
9
1
13
5
3
-13
-17
-21
-28
-13
-7
11
17
29
26
29
18
-8
-35
-72
-75
-79
-47
-23
8
34
41
60
41
45
4
-12
-44
-71
-67
-83
-51
-48
-6
-2
22
41
33
55
20
18
-27
-51
-72
-85
-71
-66
-35
-23
17
28
47
44
42
32
11
-4
-28
-18
-33
-13
-32
-24
-26
-20
3
-7
18
-4
5
-28
-29
-26
-34
-13
-20
8
7
29
35
21
12
-30
-54
-72
-69
-40
-28
11
19
38
45
37
35
-8
-24
-62
-58
-47
-23
16
21
29
30
29
30
15
8
-9
-33
-31
-43
-18
-18
-13
-23
-40
-18
-2
38
55
64
68
29
18
-20
-41
-58
-98
-66
-71
11
57
131
159
122
110
11
-8
-98
-120
-155
-148
-81
-17
86
153
182
147
82
2
-53
-126
-134
-165
-116
-71
21
132
156
197
107
48
-39
-104
-99
-164
-107
-129
-78
2
38
194
127
188
31
-20
-63
-161
-34
-134
36
-23
88
135
121
211
13
12
-200
-230
-243
-210
-10
7
153
148
189
210
119
128
-47
-118
-245
-289
-214
-179
-21
24
91
118
116
159
131
115
62
-101
-142
-244
-184
-150
-123
-27
-116
-2
-41
109
159
142
179
-2
48
-56
-1
6
-105
-101
-299
-209
-194
-40
125
104
242
92
154
69
57
18
-178
-196
-308
-191
-74
58
178
138
102
67
4
119
59
121
2
-67
-40
-174
-9
-154
-29
-157
-135
4
11
270
179
297
113
2
-67
-202
-93
-209
-90
-133
-60
43
64
188
116
134
-26
-59
-112
-72
-70
-12
16
4
29
-30
88
-44
63
-93
-38
-106
-113
25
-35
182
86
194
129
125
173
80
94
8
-99
-74
-212
-21
-51
48
149
29
299
33
351
96
161
96
-132
92
-255
168
-92
129
115
62
329
4
335
-21
78
-107
-271
-101
-373
28
-142
230
296
426
600
359
453
-29
-131
-532
-568
-604
-545
-273
-47
296
388
522
362
208
-208
-423
-639
-574
-396
-149
200
351
564
411
292
4
-321
-538
-770
-618
-480
-128
214
398
581
343
284
-112
-254
-485
-592
-523
-517
-139
8
449
552
744
618
461
253
17
-120
-315
-346
-426
-286
-157
182
371
653
656
674
440
271
62
-137
-222
-354
-155
-150
239
346
656
642
591
460
195
155
-86
14
-142
-52
-103
-90
-27
-32
108
17
86
30
106
124
161
229
94
5
-292
-358
-562
-536
-549
-495
-350
-351
-100
-165
83
-72
-95
-341
-547
-630
-809
-596
-559
-254
-221
-53
-13
39
41
52
-31
-170
-411
-569
-628
-729
-624
-754
-566
-654
-355
-105
373
793
913
1017
770
636
264
110
-85
-129
-287
-177
13
457
734
931
1034
776
671
197
306
136
283
286
306
608
557
918
830
1037
918
718
691
517
726
557
588
489
308
275
34
239
186
273
210
69
106
-181
-176
-492
-560
-760
-928
-882
-908
-575
-549
-362
-349
-370
-394
-632
-628
-798
-842
-945
-1108
-1050
-1206
-1079
-1118
-1004
-790
-841
-622
-800
-557
-606
-588
-438
-615
-389
-792
-687
-856
-878
-768
-1035
-675
-839
-313
-58
449
1050
1122
1525
1189
1334
1048
895
744
393
344
32
145
281
586
904
1080
1225
1367
1344
1569
1529
1760
1740
1693
1784
1595
1908
1649
1853
1559
1449
1212
860
913
605
751
494
587
502
488
571
507
498
161
-187
-647
-1077
-1402
-1639
-1722
-1700
-1646
-1436
-1239
-874
-686
-628
-781
-1210
-1629
-2232
-2410
-2529
-2329
-2120
-1952
-1454
-1270
-680
-605
-398
-617
-1072
-1203
-1466
-790
-695
-359
-577
-838
-1046
-1601
-1547
-1830
-1803
-2019
-1959
-1239
-439
708
1582
2147
2528
2236
2402
2236
2393
2245
1782
1700
1007
1053
597
711
525
96
-130
-696
-553
-668
-352
-51
122
478
541
964
1351
1612
1912
1767
1932
1616
1353
1029
632
584
84
-75
-435
-491
-376
99
1486
3178
4760
5474
5338
4691
3426
1864
355
-1125
-2164
-3207
-3272
-2530
-1285
176
700
1350
950
787
358
108
312
-549
-815
-1991
-1910
-2080
-1836
-1280
-1462
-1092
-2084
-2051
-2534
-2339
-2223
-2485
-2248
-2700
-2414
-2605
-2375
-2175
-2333
-2334
-2723
-2649
-2655
-2763
-2560
-2654
-2231
-2231
-1985
-1606
-1461
-856
-555
805
2127
3495
4609
5206
5920
5564
4967
3787
2282
783
-1073
-1834
-2261
-1929
-1354
-918
10
129
731
840
1198
1418
949
939
360
741
894
1555
2341
2584
3026
2374
2118
1206
448
-496
-1828
-2602
-3611
-3640
-3536
-2477
-919
720
2431
3668
4833
5416
5483
5200
4437
3388
2037
676
-29
-773
-829
-1175
-969
-929
-1022
-706
-754
-17
-213
99
-108
104
569
840
1635
1632
2021
1479
996
279
-585
-1274
-2429
-3050
-3719
-3884
-3854
-3814
-3296
-3036
-2489
-2317
-2020
-1608
-1565
-1395
-1737
-1669
-2025
-2320
-2460
-2384
-1822
-1794
-1689
-2056
-2342
-2685
-3199
-3221
-3338
-3008
-2755
-1778
77
2314
4894
6470
7804
7809
7268
5915
4133
2253
-180
-1937
-3509
-3495
-2963
-1714
-537
364
941
872
852
574
531
175
-177
-442
-255
353
1430
2558
3614
4075
3986
3275
2247
1100
-328
-1584
-2855
-3429
-3412
-2527
-1210
421
2121
3546
4597
5189
5251
5063
4245
3317
2235
1278
562
-108
-12
-231
318
184
485
409
202
26
-592
-352
-807
-333
-534
-101
118
110
174
-497
-738
-1729
-2076
-2588
-2662
-2594
-2766
-2623
-2721
-2447
-2504
-2547
-2710
-3064
-3225
-3421
-3200
-3062
-2893
-2815
-2628
-2337
-2172
-1974
-2000
-2205
-2695
-2888
-2860
-2444
-2099
-1754
-1354
-834
165
1818
4118
5915
7032
7149
6621
5472
3778
1837
-145
-1878
-3255
-3488
-2674
-1140
482
1581
2116
1997
1694
1085
634
-4
-832
-1373
-1706
-860
604
2885
4436
5194
5156
4169
3114
1210
-201
-1925
-3408
-4433
-4406
-2692
-851
1797
3896
5657
6936
6983
7015
5868
4729
2661
724
-422
-1485
-751
-756
490
1042
1447
1650
958
1109
-182
-270
-1417
-1604
-1474
-1379
-204
77
1189
915
834
-20
-1007
-1613
-2791
-3142
-3796
-3906
-3999
-3897
-3375
-3049
-2562
-2478
-2534
-2493
-2771
-2740
-2888
-2945
-3021
-3258
-2979
-2924
-2281
-2172
-2195
-2383
-3062
-3420
-4060
-3660
-3320
-2433
-1718
-811
694
1959
4054
5848
7643
7892
7560
6382
4790
3034
838
-913
-2870
-3836
-4325
-3263
-1922
-174
1084
1566
1693
1377
1305
814
869
399
236
87
683
1776
3053
4046
4283
4146
3094
1985
564
-604
-1757
-2401
-2628
-1927
-348
1593
3770
5854
7271
7799
7478
6433
4998
3145
1378
-270
-1074
-1799
-1442
-845
117
1021
1532
1904
1571
1433
519
210
-382
-600
-713
-783
-676
-816
-837
-1304
-1472
-1975
-2449
-2970
-3222
-3423
-3379
-3339
-3098
-2855
-2821
-2741
-2852
-2830
-3135
-3052
-3180
-3172
-3232
-3339
-3203
-3178
-2882
-2801
-2929
-3414
-3960
-4190
-4345
-4107
-3551
-2646
-1403
-316
1232
2869
4346
5160
5571
5857
5272
4224
2952
2186
1218
-252
-1179
-1512
-1326
-998
-191
916
1377
1410
935
796
462
-69
-335
-706
-619
-706
-198
538
1625
2516
2711
2802
2354
1943
1183
465
-292
-992
-1279
-980
208
1970
3961
5667
6816
7266
7178
6440
5230
3559
1869
243
-1057
-1451
-1319
-478
321
1101
1651
1962
2125
1827
1657
976
492
-69
-519
-565
-602
-577
-924
-1042
-1424
-1694
-1970
-2324
-2565
-2988
-3289
-3385
-3169
-3037
-2858
-2802
-2937
-2861
-2744
-2839
-3118
-3286
-3680
-3926
-3977
-3894
-3468
-3342
-3229
-3335
-3218
-3549
-3536
-3401
-3675
-3548
-3725
-3229
-2629
-1277
-173
1396
3081
4546
6541
7557
8015
7278
6122
3900
1725
-392
-2068
-2819
-3392
-2992
-2008
-737
57
1036
1409
1311
894
186
-250
-512
-602
-464
331
1247
2429
3474
4055
4334
4035
3064
1748
492
-761
-1592
-1847
-1365
-216
1023
2394
3986
5563
6417
6788
6486
5809
4695
3362
2238
1221
567
-54
86
380
1211
1775
2127
2250
1897
1411
543
77
-620
-853
-1221
-1130
-864
-598
-464
-681
-975
-1584
-1807
-2329
-2505
-2598
-2649
-2901
-2982
-3120
-3658
-4151
-4689
-4680
-4375
-4178
-4039
-3635
-3473
-3361
-3176
-3276
-3721
-4061
-4690
-4827
-4326
-4171
-4105
-4312
-4656
-5079
-4791
-4466
-3793
-2945
-2547
-1126
1049
4086
7502
10276
11087
10277
9048
6832
4738
2160
-496
-2686
-4571
-5040
-3892
-1504
-10
1024
1256
984
942
764
915
738
24
-995
-919
187
2019
4097
5600
6164
6045
5171
4064
2873
1089
-1061
-3205
-4517
-4835
-3190
-602
2346
4806
6659
7871
8256
7946
6722
5143
2640
380
-1109
-1290
-864
276
1521
2516
3302
3508
3581
3089
2462
1098
-100
-1365
-2074
-2276
-2121
-1374
-628
166
414
831
802
548
76
-578
-1423
-2793
-4197
-5358
-5779
-5674
-5213
-4868
-5000
-5114
-4795
-4057
-3070
-2374
-2324
-2682
-2866
-2780
-2426
-2162
-2859
-3883
-4772
-4994
-4492
-4014
-3957
-4436
-5036
-6243
-6445
-5827
-5354
-4796
-4161
-2576
-358
3009
7069
11571
13983
13583
12557
10636
7642
3835
89
-3513
-6372
-7693
-6696
-3731
-839
1382
3122
3655
3705
3764
3600
3040
1829
285
-1012
-876
234
2268
4156
5080
5537
5293
4672
3611
2210
177
-1966
-3612
-4304
-3315
-1203
1447
3773
5362
6472
7128
7069
6421
5139
3430
1630
276
-181
110
807
1167
1711
1566
1475
1248
695
21
-982
-1833
-2659
-2197
-1639
-404
671
1571
2320
2463
2205
1434
567
-1105
-2470
-3882
-4856
-5288
-5316
-5141
-4687
-4265
-4038
-3735
-3420
-2942
-2769
-3328
-4090
-4517
-5099
-4983
-4512
-4002
-3477
-3257
-3475
-3100
-3029
-3987
-5136
-7004
-9533
-11141
-11741
-10880
-8505
-6621
-5070
-2530
2530
9852
17374
19848
19303
17538
14115
9670
5217
1250
-3557
-7555
-10163
-7939
-4098
-339
2767
4302
4030
3024
2758
2328
2595
949
-1636
-3565
-3191
-1020
2501
5751
8090
9283
8499
7348
6234
4544
1231
-2513
-6645
-9524
-10338
-9063
-6281
-3014
49
2325
4272
5947
7569
8995
9117
7532
5428
4073
3192
3108
3812
3285
2284
1003
-7
51
855
811
385
78
-1016
-914
-102
775
1985
2146
873
136
235
295
769
865
95
-496
-1409
-1855
-1371
-966
-1329
-2260
-3432
-4288
-4070
-3832
-3395
-3118
-3536
-4179
-4189
-3700
-2841
-2307
-2747
-3452
-3755
-3792
-3207
-2081
-1695
-2053
-2919
-3247
-3257
-3823
-5355
-6449
-7056
-8240
-9479
-10266
-10595
-10712
-10104
-8458
-6040
-3474
-268
5742
14427
20803
22220
21435
19892
15936
10033
3726
-1460
-6591
-11357
-12830
-9820
-5655
-2321
1236
3332
4681
5179
5532
5290
4758
2700
-223
-1745
-1365
1110
3301
5384
6879
7636
6529
5131
3569
1054
-2774
-7423
-11225
-12963
-12354
-10166
-6351
-2186
2594
7070
11661
15684
18212
17206
14172
10628
5857
1602
-2588
-5593
-7562
-8328
-8349
-6652
-4071
-1992
497
1728
2574
3479
4041
4185
4307
4168
3459
3233
2571
2389
2159
1389
546
-445
-1497
-2639
-3481
-4709
-5532
-6475
-7041
-7103
-6570
-5490
-3873
-2546
-1372
-24
573
1328
1511
1304
515
15
-1316
-2555
-3442
-4295
-4555
-5733
-7113
-7963
-8488
-9591
-9575
-9457
-9762
-9327
-8754
-7967
-5929
-3294
-961
1451
3417
5138
8694
13743
17384
17449
14868
12558
9687
5361
540
-2588
-6089
-9686
-10552
-7995
-4043
-946
1568
2924
3821
3809
4543
5411
5503
4258
2300
942
1281
3164
4475
5613
5882
5362
3959
2555
1287
32
-2474
-5961
-8220
-9148
-8705
-6912
-4184
-1290
1800
4421
6889
9746
11791
12355
11488
9633
7444
4598
1924
-152
-1846
-4010
-5813
-6522
-6246
-4932
-3647
-1894
-500
697
1747
2979
4087
5156
5803
5158
4352
3504
2815
2112
1450
317
-719
-1742
-2666
-3121
-3326
-3544
-4101
-4708
-5219
-5343
-5393
-5208
-4935
-4672
-4659
-4292
-3288
-1902
-267
1064
1580
990
-197
-1705
-3068
-4624
-6373
-8322
-9947
-10841
-11202
-10933
-10230
-9426
-9400
-9237
-8405
-6251
-3200
-759
1586
5699
12307
17754
19634
19145
17652
14029
7869
1854
-2538
-6603
-10645
-11989
-9564
-5653
-2087
1343
4096
5553
5704
5311
5136
4548
2820
463
-985
-602
1377
3861
6310
8572
9584
8796
6999
4827
1909
-2190
-6667
-10469
-12736
-13010
-11178
-7628
-3009
1880
6483
10872
13793
14792
14895
12977
9702
6652
2995
-393
-2241
-3294
-4143
-3596
-3778
-3617
-2318
-1947
-1276
-291
529
1094
2559
3187
4569
6417
6831
7025
6654
5670
4307
3008
716
-1157
-3150
-5254
-6560
-7451
-8009
-7890
-7473
-6962
-5830
-4840
-3657
-2514
-1538
-899
-196
33
166
355
199
-12
-352
-1171
-2385
-3456
-5288
-7026
-8249
-9198
-9824
-10465
-10789
-10651
-10724
-10646
-9612
-8503
-7343
-4883
-1736
1259
3867
7674
13638
18139
17821
15625
13580
9828
4814
-359
-3866
-6997
-9794
-10264
-6478
-1550
1725
4892
6592
7082
6291
5376
4431
3465
1103
-1790
-3074
-2364
234
2896
5314
7158
8247
7410
5955
4443
2008
-1692
-5880
-9581
-11593
-11399
-9822
-6624
-2549
1284
4903
8617
11404
13657
14167
11998
9309
6578
3254
638
-1008
-2174
-2780
-3185
-3432
-2405
-1088
-501
262
582
1008
1677
2633
3559
5310
6576
6685
6749
6293
5842
4726
3114
1094
-889
-3074
-4990
-6375
-7527
-8237
-8703
-8963
-8565
-7351
-6359
-5553
-4673
-3798
-3156
-2149
-938
507
2001
2846
3067
2678
1347
-693
-2669
-5513
-8813
-11523
-13880
-15077
-14583
-13696
-12987
-11439
-9506
-8041
-5320
-2990
-1164
1114
1918
3851
8986
15580
18551
18305
16986
14669
11777
6438
1954
-1587
-6270
-10423
-10373
-6667
-3333
-464
1604
3383
4371
4577
5049
5738
4818
2168
-436
-1688
-726
1045
2803
4391
5882
6230
6030
5642
4673
2588
-1312
-5874
-9383
-10895
-11092
-9210
-5629
-1412
2837
6840
10592
13740
15289
13949
11112
7732
4096
924
-1202
-2024
-2269
-2259
-2380
-1791
-375
678
1147
1173
974
469
642
1192
2283
3811
4574
4840
5068
5560
5872
5670
4580
2702
510
-1839
-3831
-5190
-6671
-8184
-9677
-10624
-10571
-9670
-8374
-7081
-5671
-4664
-3492
-2086
-233
1386
2124
2257
1803
783
-312
-1450
-3505
-6048
-8784
-10994
-12654
-13462
-13118
-12347
-11227
-10164
-8504
-6784
-5934
-4671
-3184
-1786
-407
1125
4116
10103
16902
19860
19530
18186
15573
11163
5445
139
-4022
-8724
-11962
-10464
-5727
-1486
1754
4658
5992
6287
5897
5735
5306
2962
-512
-2957
-3360
-1740
1017
3670
6251
8195
8764
8262
7537
5846
2434
-2525
-7574
-10951
-12416
-12170
-9744
-5519
-898
3558
7950
12280
15483
16727
15341
11888
7849
3793
162
-2036
-2903
-3268
-3340
-2874
-1705
112
1706
1949
2010
1851
1188
1232
1932
2741
3479
3626
3148
3120
3525
3619
3400
2413
772
-944
-2848
-4695
-6292
-7840
-9701
-11142
-11604
-11255
-10028
-8408
-6780
-5110
-3672
-2063
-244
1357
2594
3126
2849
1621
-22
-1777
-3576
-5724
-8125
-10238
-11654
-12438
-12370
-11255
-9706
-8200
-7051
-6076
-5700
-4878
-3917
-3214
-2189
-1557
-414
3431
11026
17601
19188
18444
17004
14822
10551
4770
498
-3853
-8797
-10993
-7947
-3225
335
3459
5370
6494
6384
5787
5627
4657
1573
-2274
-4714
-4827
-2550
655
3421
6129
8354
9014
9066
8538
7134
3746
-1510
-6431
-9443
-10459
-9833
-7428
-3646
880
4639
7512
10455
12808
12869
10289
6737
3442
706
-1149
-1480
-364
489
621
820
1608
2280
2277
1725
712
-85
-862
-1008
-176
1278
2411
2710
2704
2994
3536
3705
3494
2530
1166
-577
-2685
-4466
-5869
-7445
-9473
-11486
-12643
-12582
-11500
-9770
-7695
-5535
-3739
-1990
131
2599
4615
5280
4914
3754
2314
982
-1104
-3875
-6992
-10010
-12195
-13188
-13241
-12233
-10543
-9404
-8195
-6676
-5972
-5592
-5077
-5207
-4504
-3776
-3116
186
7374
17052
22847
23352
22489
21593
18276
11240
4217
-2283
-9258
-14914
-15739
-10683
-5597
-2243
917
3704
5523
6278
7217
7518
5648
1281
-3004
-4344
-2661
407
3731
6405
8898
10665
11011
10711
9369
5971
-478
-7578
-12617
-14908
-15053
-12874
-8608
-3263
1862
6778
11999
15795
17446
16068
12363
7853
3739
529
-1485
-2005
-2188
-2121
-1872
-1213
307
1443
1524
734
-204
-877
-1019
-582
460
1863
2741
3281
3523
4453
4992
4588
3547
1859
-144
-2675
-4981
-6875
-8322
-10029
-11560
-12301
-11713
-10223
-8189
-5979
-4102
-2573
-1403
-129
1266
2814
3660
3482
2525
1546
6
-2055
-4311
-7054
-9551
-11266
-11991
-11280
-9375
-7505
-6344
-5427
-5033
-5237
-4774
-4736
-5125
-5537
-5785
-5323
-3826
-1401
3736
12544
18810
20058
20797
20969
18980
14276
7125
944
-5307
-11262
-13312
-9426
-4584
-1662
1133
3215
5493
6565
6744
6496
4883
353
-4056
-5342
-3616
70
3321
6315
9249
11345
11752
11494
10072
6336
99
-7067
-12894
-15510
-15807
-14571
-11279
-6754
-1644
4176
10471
15471
18525
18297
14846
10898
7234
3278
501
-1802
-3557
-4326
-4378
-3861
-2071
-315
-488
-590
-970
-651
174
1435
2551
3981
4864
4759
4970
4858
4514
2942
737
-2073
-4162
-6140
-7726
-8741
-9783
-10580
-11430
-11607
-10717
-8732
-6459
-4085
-2043
-29
1820
3319
4330
4954
4331
2901
1281
-687
-2253
-4024
-6362
-8813
-10697
-11705
-11872
-11017
-9491
-7795
-5887
-4747
-3331
-2904
-3455
-3977
-5041
-6002
-6107
-5035
-3587
1003
9584
18431
22152
22399
22385
20976
16080
8257
1590
-4691
-10945
-14521
-12149
-6808
-2903
139
2858
5474
6760
7101
7316
5999
2499
-1815
-4199
-3371
-205
3796
7214
9877
11671
12089
11212
8826
4651
-1315
-8869
-15416
-18688
-18977
-16789
-12510
-6727
-134
6558
12388
17501
21132
20724
16765
11814
7162
3196
-286
-3059
-4381
-4961
-5801
-5422
-3728
-2549
-2121
-2000
-1846
-655
1125
2724
4969
6950
7963
8179
7557
6590
5259
2303
-1460
-4883
-8207
-10565
-11799
-12062
-11374
-10197
-9141
-7322
-4766
-2420
-351
912
1147
1133
787
45
194
566
323
-289
-945
-1488
-2165
-2883
-4221
-5996
-7745
-10073
-11530
-11353
-10157
-8447
-6349
-4612
-3533
-1450
-696
-1699
-2587
-4135
-5620
-5847
-5514
-4070
482
7725
15259
19784
20830
20719
19951
16146
9881
3887
-2191
-7940
-11413
-10681
-7385
-4592
-2318
48
2257
3304
3793
4353
3893
1702
-1005
-2171
-999
1770
5000
8201
10718
11861
11361
9520
6441
2030
-3977
-10746
-16024
-18696
-18662
-16155
-11533
-5738
643
6669
12303
17691
20613
20543
17738
13535
9231
4816
822
-2058
-4089
-6251
-7268
-7151
-6030
-4475
-3530
-2586
-1204
524
2579
5274
7402
8893
9171
8404
7168
5627
3372
299
-2802
-6160
-8685
-10318
-10879
-10354
-9249
-8226
-6948
-5305
-3387
-1164
597
1563
1694
1405
540
6
-84
-234
-673
-1507
-2591
-2845
-2686
-3261
-4187
-5308
-6613
-7670
-8152
-8395
-7584
-6500
-5421
-3748
-2174
-1480
-1988
-3414
-5094
-6484
-7595
-8845
-9500
-9005
-6742
-157
10357
19286
22866
23969
23780
22012
17570
10755
3695
-3736
-11183
-14948
-12187
-7480
-3558
-767
1023
2246
3128
4033
5016
4643
1394
-1966
-3115
-1384
2603
6956
9990
11421
11138
9680
7690
4820
319
-5864
-12654
-17791
-19391
-17700
-13456
-7670
-1151
4921
10359
15379
19163
20986
19844
15087
9192
4125
-276
-3479
-5084
-6252
-7061
-6935
-6153
-3826
-1093
414
1107
2277
3245
4711
6799
8237
9016
8369
6372
3745
1476
-1369
-4373
-7378
-10114
-11444
-11442
-10200
-8080
-5640
-3864
-2444
-1316
-87
1008
1437
1114
357
-322
-877
-712
-125
390
109
-889
-1932
-2683
-3411
-4450
-5478
-6882
-8202
-8936
-8808
-7520
-6282
-5618
-4177
-2251
-1329
-1228
-1547
-2884
-4966
-6904
-8452
-9548
-10370
-10297
-7609
196
11062
19485
22996
24373
24956
22869
17091
8921
1380
-7000
-14763
-17491
-13481
-8081
-4457
-1041
1708
4099
5030
6146
7148
5972
1618
-2639
-3879
-2148
1463
4764
7481
9122
9537
8700
7853
6225
2606
-3588
-10538
-15517
-17362
-16411
-13373
-8442
-2839
3139
8989
14401
18648
20542
18816
14218
8913
4307
337
-2844
-4604
-5021
-5122
-5098
-4070
-1699
706
1725
2306
3080
4103
4809
5606
6077
6208
5067
2669
233
-1882
-3789
-6083
-7731
-8630
-8277
-7443
-5787
-3498
-1498
-220
364
654
751
625
-49
-832
-1760
-2230
-2464
-1918
-906
65
197
-415
-1349
-2472
-3340
-4688
-6038
-7161
-7818
-8232
-7551
-5796
-4199
-3109
-2407
-2121
-1580
-850
-1821
-3696
-5422
-7211
-8268
-8818
-9430
-9606
-8357
-3363
7374
18048
21797
22882
23507
21956
16769
9013
1400
-6138
-13773
-18314
-14557
-8233
-3489
466
3791
6310
7377
7880
8124
7626
3086
-2836
-6148
-5725
-2615
1017
4011
6610
8577
8522
8256
7827
5718
625
-6135
-12040
-15050
-15116
-13295
-9373
-3830
2252
7586
12967
18020
20759
20029
15559
9268
3386
-1549
-5536
-7370
-7285
-6904
-5860
-4061
-1044
2391
4463
4696
4459
4269
3393
3117
3046
2923
2057
186
-2061
-3440
-4036
-4664
-5132
-5709
-5699
-5246
-4328
-3068
-1460
-481
-481
-1009
-1167
-904
-617
-548
-669
-310
-207
53
448
836
403
-1071
-3369
-5083
-5870
-6769
-7137
-7172
-7190
-6918
-5873
-4533
-3447
-3027
-2283
-1254
-892
-1726
-3110
-4739
-6701
-8077
-8762
-8010
-6511
-4973
-2209
4149
12721
18200
19193
18361
16861
13538
7871
2575
-1383
-6010
-10375
-10787
-6386
-1933
946
2959
4521
4907
3730
3091
3181
2474
-416
-2913
-2991
-580
2864
5584
7796
9126
8772
6711
4625
2654
-145
-4493
-9236
-12183
-12704
-11498
-8941
-5173
-657
4097
7998
11332
14698
17378
16497
12858
8719
4758
1048
-2449
-4610
-5399
-5488
-6181
-5247
-2592
96
1882
2721
3322
3981
4465
3994
3948
3412
1783
-953
-3279
-4509
-5019
-5428
-5963
-5531
-4884
-3869
-2895
-1836
-1089
-1042
-1825
-2585
-2228
-1539
-738
-194
398
1331
1938
1904
1839
1604
150
-2137
-4424
-6226
-7417
-8027
-7754
-7210
-7022
-6709
-5109
-2998
-1599
-1009
-1296
-2202
-3470
-4349
-4589
-5180
-6098
-6153
-5964
-5952
-5078
-3235
372
6773
12797
15274
15681
15392
14371
11956
6819
1520
-2755
-6943
-8988
-6362
-1807
501
1836
2192
2868
3155
2815
2852
2409
299
-2802
-3340
-1592
2006
5072
6821
7832
8210
7139
5449
3953
1404
-2246
-6879
-10298
-11433
-10487
-8926
-6258
-2881
1428
6759
11467
14625
16225
15958
12821
8709
4702
1307
-1534
-3743
-4862
-4363
-3531
-3091
-1911
-427
348
805
1470
2412
3530
3769
3271
2803
2355
1133
-658
-2358
-3603
-4857
-6011
-6515
-6071
-5229
-4380
-3743
-3202
-2674
-2626
-2477
-2110
-1337
-824
-206
189
920
1810
2084
2018
1711
1240
-118
-1685
-3444
-5023
-6422
-7101
-7484
-7689
-7867
-7718
-6543
-5006
-3444
-2376
-1833
-2274
-2124
-2363
-2814
-3046
-4006
-5204
-6027
-5940
-5500
-1850
4443
11111
14608
14847
15367
15388
13379
8443
3755
-1316
-6301
-8955
-7492
-3048
-345
941
1528
2289
2039
1960
2322
1802
-157
-3047
-3894
-1913
2088
5492
7883
8950
8934
8080
6527
4702
2061
-2010
-7158
-10836
-12159
-11156
-8957
-6288
-3363
-37
4304
9167
13696
16138
16504
13902
9811
6342
3111
407
-2316
-4011
-5387
-5328
-4915
-3694
-1598
-949
-521
-268
1510
3128
5008
5592
5477
4950
2876
908
-1276
-2422
-4337
-5998
-7537
-7602
-6424
-5133
-3696
-3055
-2526
-2712
-2650
-2280
-1232
-339
297
849
1583
2541
3418
3738
3098
1909
-96
-2059
-3908
-5279
-6185
-6630
-7372
-8925
-9583
-8831
-7284
-5498
-4234
-3486
-2846
-2100
-2277
-2422
-2465
-3801
-4893
-5984
-6202
-5627
-2478
4021
11715
15779
15236
15766
15769
13781
8529
3103
-2044
-7270
-10383
-9266
-3784
-547
1405
2118
2669
2167
1520
1570
893
-969
-4735
-5716
-3956
463
5200
9335
11733
12601
12174
10211
7951
4194
-907
-7545
-12955
-15932
-15338
-12539
-8659
-4013
1003
5768
9629
13497
16080
15824
12559
8462
4637
1862
36
-889
-1084
-1025
-1950
-2604
-2266
-2136
-2134
-2461
-2879
-2629
-663
1334
3670
5821
6709
6459
5083
3100
995
-962
-3651
-6310
-8198
-9092
-8612
-7297
-5796
-4319
-3231
-2578
-1883
-818
154
1010
1310
1257
1369
1481
1936
2839
3278
2728
1528
-341
-2180
-3843
-5422
-7144
-8883
-10948
-11724
-10632
-8816
-6332
-4355
-3350
-2975
-2207
-1772
-1597
-2066
-3508
-4723
-5278
-4810
-3100
1389
7818
12542
13660
13587
13985
13229
9929
5057
691
-3677
-7626
-8326
-4951
-1503
-8
744
1386
1783
1288
1119
1000
-128
-2952
-4902
-3811
-280
4317
7899
10823
12516
12680
11211
8926
5758
851
-5412
-11527
-15159
-15800
-14115
-10919
-6557
-1793
3389
8879
13738
16245
16533
14684
10682
6747
3540
1128
-805
-1949
-2441
-2217
-1734
-2176
-2092
-2290
-3062
-3619
-3164
-1426
762
3435
5060
6882
7913
7734
6733
4735
2311
-1281
-4603
-7606
-9059
-9938
-10241
-9593
-8500
-6967
-5546
-3585
-1714
-19
1123
1914
2431
3000
3583
4165
4329
4160
3729
2633
1000
-866
-2839
-5494
-7933
-10243
-11547
-11646
-11304
-10430
-8472
-5786
-3491
-1545
-453
1082
2327
1109
-469
-1125
-1524
-2108
-2379
-2681
-2110
-149
1630
5364
8156
8373
7746
7134
6290
4573
3059
487
-653
-1902
-2419
-899
462
1388
1196
1047
-66
-297
-487
-759
-577
-968
-486
888
3363
6011
8471
9405
8596
6945
4480
1651
-1176
-4270
-7152
-9064
-9982
-9025
-6324
-2891
511
3894
6530
9405
13019
14518
13444
11053
7405
3639
411
-2131
-4088
-5187
-5971
-5898
-3463
-1486
552
1709
2387
2847
3308
4323
4929
6420
5557
4206
2677
1351
-43
-2373
-4525
-7269
-8820
-10113
-9836
-8393
-6793
-5381
-4583
-3194
-1509
290
1579
2429
3178
3520
3728
4076
4481
4315
2766
633
-1606
-3744
-5694
-7286
-8495
-9374
-9576
-9336
-8260
-6533
-5016
-3429
-1782
-545
44
41
-861
-2022
-2812
-4565
-5920
-5444
-4581
-3747
-2450
-486
2475
6420
9351
10119
10284
9181
8136
6791
4642
2676
461
-1386
-2911
-1697
-670
26
137
-442
-761
-1756
-1533
-1099
5
-30
284
1549
3480
6202
8107
9152
8821
7276
4604
1837
-764
-3431
-5907
-7611
-8640
-7774
-5818
-2943
977
5218
8374
9885
11082
10681
9541
7297
4022
913
-1635
-3290
-4099
-3115
-2011
-1117
-383
-267
444
1150
1872
2312
3181
3653
3882
4375
4452
4392
3230
1445
-1141
-3455
-5884
-7685
-8815
-9177
-8839
-8121
-6443
-4566
-2344
-742
698
1446
2234
2716
2891
2901
2709
2528
2161
1987
1480
1034
-13
-1687
-3713
-5380
-6976
-8286
-8510
-8051
-7459
-6725
-5283
-3149
-1522
-1253
-1102
-355
-483
-1632
-2643
-4050
-5980
-7492
-8075
-7232
-5840
-4393
-1390
3532
8710
11682
13446
13472
12853
10544
6995
3993
831
-1887
-4859
-4734
-3592
-1662
-693
107
1306
1165
896
218
710
0
-690
-1006
214
2520
4662
6289
7314
7653
6584
4863
2633
320
-2445
-4966
-7297
-7646
-6743
-4917
-2058
1515
4657
6527
8473
9630
9978
9267
7100
3993
1096
-868
-2396
-2894
-2708
-2646
-1797
-1128
179
1887
3388
3624
3590
3774
3410
3748
3646
3307
2061
430
-1859
-3782
-5358
-6862
-7859
-8571
-8539
-7791
-6089
-4158
-1948
-245
999
1627
1994
2003
2092
1965
1658
1419
1071
1144
1162
842
-136
-1261
-3107
-4967
-6349
-7223
-7667
-7791
-7319
-5810
-4193
-3118
-2233
-1683
-1288
-1255
-2028
-3483
-4449
-6093
-7356
-7305
-6267
-5259
-4485
-2974
168
4796
8444
11590
13120
12698
10780
8782
6617
3776
659
-2734
-4257
-4291
-2602
-437
1441
2207
2058
1644
829
749
502
8
-1055
-1487
-676
1466
4042
5963
7204
7134
6151
4697
3248
1296
-1068
-3821
-5956
-6785
-6366
-4874
-2663
168
3444
6641
8582
9879
10155
8702
6215
3335
234
-2267
-3636
-4062
-3104
-1334
-56
1102
2015
2445
2918
3128
2982
2829
2900
2428
2342
2312
1647
482
-1356
-3342
-5325
-6661
-7401
-7326
-6948
-6244
-4898
-3248
-1266
566
1686
2145
2040
1506
1079
954
794
481
298
-61
-91
179
224
-90
-937
-2664
-5043
-6932
-8098
-8406
-7771
-6884
-6091
-5052
-3430
-1277
-141
-611
-1748
-3017
-4805
-6553
-7106
-6938
-6668
-6651
-5745
-3234
373
5284
10900
14230
14618
13712
12242
9928
6341
2273
-1839
-4837
-6953
-6153
-2776
166
2175
2816
3230
2520
1993
1391
687
-321
-2535
-3377
-2608
206
3327
5942
7507
7624
7197
5828
4368
2455
-421
-3751
-6739
-8048
-7526
-5548
-2546
915
5021
8377
10094
10405
9965
8578
5124
1183
-2192
-4454
-5085
-4557
-2292
277
1861
2266
2419
2956
2703
2718
2006
1621
1519
1190
1587
2165
2834
1706
-58
-2216
-3813
-4707
-5548
-5625
-5609
-5205
-4405
-2974
-1249
255
1014
711
102
-352
-779
-574
-397
-389
-563
-707
-499
166
741
103
-880
-2532
-4371
-6045
-6861
-6899
-6682
-6801
-7107
-6069
-4367
-2973
-2441
-2429
-3056
-4376
-5713
-6654
-6884
-6532
-6173
-4741
-2624
442
5034
10702
14639
14994
14309
12445
10346
6519
2309
-1083
-4099
-6269
-6645
-3442
-535
1892
3147
3543
3258
2038
1109
201
-481
-2092
-2979
-2351
-139
3193
6193
8210
9114
8667
6985
4791
2199
-725
-3997
-7030
-8998
-8745
-7014
-3927
253
4137
7587
9937
10711
10286
9343
6848
3135
-239
-2914
-4050
-3573
-2217
-284
1516
2124
2067
2022
1708
1192
824
183
-208
159
764
1703
2560
2895
2066
289
-1495
-2694
-3506
-4582
-5216
-5516
-5430
-4730
-3725
-2317
-1247
-936
-1227
-1383
-1386
-1057
-433
-493
-578
-338
-33
474
1313
1737
1213
-260
-2415
-4490
-5976
-7343
-8275
-8438
-8612
-8290
-7477
-6261
-4452
-2408
-2286
-3902
-4711
-5498
-6350
-6617
-6651
-5902
-4656
-1564
5076
13356
17598
17735
17725
15650
12180
6813
1766
-2445
-6521
-9557
-9341
-4690
-1354
1880
3590
4476
4321
3355
2551
1568
462
-2671
-4008
-3585
-783
2983
6576
9120
10716
10798
8966
6897
3859
-112
-5026
-9346
-12295
-12237
-10501
-7312
-2719
2356
7076
10552
12692
13607
13231
10130
5804
1950
-1360
-3798
-4518
-4054
-2418
-1020
-272
524
1529
1532
851
505
7
145
234
769
1996
3387
3682
3167
2433
1450
390
-981
-2543
-3778
-4832
-5853
-6310
-6027
-5037
-4373
-4102
-4053
-3378
-2504
-1667
-787
79
640
500
459
960
1909
2161
1205
-387
-1717
-3396
-5037
-6365
-7318
-8280
-9016
-8807
-7912
-6141
-5180
-4901
-5457
-6145
-6279
-5903
-4591
-3777
-2559
-1392
1009
5701
11202
14578
14330
13607
12036
10190
7190
3729
703
-2632
-5515
-6319
-3629
-1214
528
1350
1540
1309
787
628
929
966
-633
-1662
-1306
616
3210
5714
7423
8283
8016
6751
5472
3598
910
-2520
-6000
-8635
-9490
-8778
-6980
-4095
-476
3526
7191
9639
11130
11590
10342
7654
4989
2118
-574
-2225
-2876
-2460
-1822
-1597
-1668
-836
-461
-241
275
703
1264
1656
1994
2388
3568
3969
3574
2779
1670
828
-67
-1069
-2094
-3110
-4365
-5562
-6211
-6295
-5877
-5630
-5570
-4900
-4235
-3315
-2202
-1075
-257
92
216
549
1459
1905
1850
1105
-337
-1888
-3025
-4416
-5808
-6932
-7907
-8620
-8565
-7987
-7223
-5718
-5069
-4858
-5337
-5997
-6004
-5277
-5420
-5754
-4041
-980
4803
11817
16624
17889
17611
15707
13282
9710
4572
-150
-4160
-7213
-7800
-4639
-1839
868
2029
1992
1724
1498
1532
1025
275
-2273
-3432
-3189
-1068
2558
6124
8702
10011
10443
9528
8335
6108
2388
-2346
-7347
-11272
-12635
-11994
-9535
-5843
-1507
3163
7523
10704
12865
13799
11871
8584
4983
1380
-1091
-2423
-2991
-2338
-1692
-1939
-1680
-1133
-1076
-726
-582
-887
-292
586
1461
3091
4525
5244
5277
4563
3576
2927
1912
316
-1112
-3202
-5061
-6484
-7508
-7923
-7932
-7977
-8073
-7195
-5726
-3419
-1072
513
1497
2005
2217
2488
2935
2826
2018
807
-614
-1925
-3394
-5221
-6888
-8218
-9220
-9946
-10256
-9282
-7257
-5662
-5273
-5045
-4682
-4896
-5274
-5081
-3622
-2791
-2419
-709
4225
10271
14303
15484
15129
14442
11817
8529
4633
1621
-2244
-5318
-6462
-4359
-1022
512
2110
2339
2628
1154
933
738
501
-971
-3071
-2555
-936
2396
4977
7650
9061
9605
8798
7161
5502
2790
-1366
-6093
-9866
-11576
-11334
-9781
-6644
-2602
2113
5531
9183
12252
13802
12689
9802
6595
3352
1045
-1230
-2282
-2373
-2503
-2876
-2678
-2148
-1515
-1093
-910
-650
512
1455
2330
3500
4436
5127
4915
4386
3740
3347
2150
610
-1012
-2559
-4376
-6345
-7904
-8493
-8686
-8959
-8757
-7936
-6247
-4530
-2433
-540
1135
1839
1999
2292
2568
2490
1732
580
-724
-1873
-3093
-4327
-5412
-6662
-8342
-9734
-10674
-10211
-9026
-7680
-7023
-6326
-5249
-4407
-3700
-3329
-2811
-3025
-2958
-1018
4422
11238
15093
15799
16188
15795
13628
9845
6141
2066
-2711
-6724
-7657
-4160
-1851
-59
835
1576
1193
619
1454
1680
1805
-1126
-2539
-2034
575
4188
7108
9638
10444
10463
8873
7591
6035
2561
-2434
-7574
-11288
-12640
-12377
-10414
-7638
-4012
-36
4536
10076
14226
16779
16150
13142
9125
5312
1711
-1554
-3583
-4901
-5809
-5483
-4813
-3033
-1566
-1616
-1551
-1576
-70
784
2966
4248
5589
6612
5798
5797
4602
4204
1964
55
-2411
-4656
-6042
-7997
-8368
-9082
-9037
-9337
-8907
-7770
-6244
-4033
-2448
-755
537
1324
2004
2522
3004
2733
1683
43
-1129
-1939
-3297
-4475
-6193
-8150
-9935
-10950
-11161
-10546
-9535
-8004
-6632
-5660
-4433
-3563
-2828
-2271
-1509
-1598
-382
2402
7833
13536
15227
15259
14607
13867
10827
7660
3973
38
-3358
-6589
-5467
-3006
-842
49
821
1193
583
1044
1092
1774
1054
-668
-1072
67
2826
5484
7936
9266
9483
8994
7223
5567
3067
-566
-4675
-8905
-11335
-12136
-10944
-8744
-5981
-2599
738
4834
8854
13189
15958
15579
14269
11291
7935
4569
1263
-1783
-4498
-6150
-8000
-6810
-5540
-4120
-2368
-1838
-632
728
2985
4033
6159
6927
6590
6278
5092
4598
3406
1891
-631
-2527
-4671
-6639
-7760
-8834
-9337
-9738
-10092
-9834
-8457
-6576
-4485
-2153
-139
1435
2625
3033
3560
3644
2815
1340
-354
-2326
-3677
-4364
-5628
-6899
-7930
-9032
-10092
-10277
-9753
-8507
-7412
-6788
-5647
-4062
-2936
-2102
-1236
-986
-654
94
884
3580
8390
12189
12924
12531
12310
11641
9499
5689
2940
281
-2694
-4497
-2791
-409
482
823
622
1126
652
529
434
836
-237
-1633
-1312
374
3586
5850
7705
8523
9071
8125
6508
4632
1702
-2093
-6488
-9787
-11219
-10431
-8498
-5653
-2401
1343
5174
8711
11204
12754
12512
10285
7506
4976
3228
1336
-66
-1135
-1752
-2469
-3274
-3364
-3303
-3171
-3456
-3136
-1818
141
2296
4045
5918
7060
7040
6082
4931
3674
1628
-707
-3078
-4902
-6508
-7804
-8376
-8536
-8369
-8252
-7984
-7294
-5918
-4251
-2733
-1080
358
1359
1802
2300
2859
2894
2140
578
-927
-2345
-4116
-6396
-8482
-9934
-10467
-9826
-9037
-8089
-6498
-4969
-3480
-2944
-3144
-4001
-4552
-4677
-5047
-4269
-3808
-1728
1974
8346
14001
15955
16561
15666
14845
10844
6117
1552
-1970
-4840
-6874
-4194
-986
1734
2680
2895
2770
1752
1175
224
-431
-2286
-4032
-3396
-1193
2728
6467
9552
11698
12165
11505
9240
6664
2719
-2367
-7315
-11477
-12970
-12522
-10024
-6235
-2197
2034
5512
9415
12273
13787
13421
10127
7005
3921
2063
354
-468
-930
-1938
-1789
-2582
-1752
-1431
-1868
-2602
-3109
-2227
-1319
1384
3223
5330
6472
6097
5830
4923
4125
1899
-250
-2877
-5082
-6480
-7801
-8045
-8366
-8393
-8536
-8057
-6790
-5097
-3156
-1738
-538
246
592
973
1247
1441
1474
1054
266
-898
-2117
-3819
-5599
-7482
-9172
-10400
-11026
-10298
-8722
-7391
-6316
-5162
-4466
-4138
-4273
-3689
-2216
-989
-1182
-673
1272
4440
9308
12888
13705
12806
11897
10272
8574
5653
2129
-1044
-3790
-5098
-3499
-469
898
1890
1237
558
-156
220
646
529
-388
-2208
-1473
375
3837
6896
9259
10186
9763
8598
6592
4892
1886
-2237
-6463
-9802
-11444
-10812
-8433
-4989
-1857
964
3867
7326
9878
11086
11364
9497
7132
4789
3297
2536
2130
1343
-103
-1158
-2548
-2928
-2772
-2859
-2898
-2952
-2276
-1047
1196
3035
4664
5461
5027
4180
3042
2296
937
-698
-2860
-4442
-5886
-6995
-7424
-7564
-7349
-7388
-7261
-6850
-5188
-3345
-1560
-17
1076
1556
1750
1945
2138
2426
1726
255
-1391
-2748
-4045
-5182
-6254
-7304
-8223
-8677
-8963
-8732
-7091
-4709
-3511
-3512
-3326
-3523
-3534
-3536
-3761
-3222
-2515
-1554
1673
7939
13244
15054
15251
14005
12811
9977
5834
2577
-388
-3145
-5833
-4309
-1736
536
1765
1695
2393
1538
1411
742
652
-406
-2340
-2372
-1549
1611
4227
6622
8390
8870
8841
7342
5711
2932
-603
-4759
-9028
-10698
-10919
-9628
-7386
-4891
-1106
3222
7603
9893
11577
12486
11337
9417
6203
3676
1334
-696
-2132
-2664
-2391
-3076
-3079
-2670
-1969
-1437
-1390
-658
363
1494
2231
3199
4444
4877
4372
2897
1814
758
-944
-2728
-4502
-5910
-7235
-8019
-8198
-7430
-6557
-6276
-5502
-4197
-2567
-951
542
1467
1839
1696
1386
1447
1704
1548
580
-755
-2060
-3184
-4418
-5676
-6814
-7351
-7528
-8489
-8707
-7184
-5205
-4358
-4646
-4656
-4708
-4475
-4866
-4945
-4736
-5113
-3910
-157
6911
12842
16160
17566
17760
16803
13056
8715
3565
-1323
-6069
-9010
-7573
-4573
-1487
510
1819
2390
2141
2557
2164
1457
-564
-2986
-3581
-2802
417
3835
7396
9639
10503
10671
9436
8175
5195
867
-4469
-9359
-12048
-12810
-11092
-7995
-4268
-583
2871
7248
10271
11984
12230
10358
7443
4001
1859
331
237
46
-449
-387
-1140
-1256
-1260
-1258
-1708
-2269
-2130
-1421
739
2654
4492
5836
5829
5127
3469
2200
579
-1040
-2939
-4692
-5875
-6777
-6399
-5906
-5262
-5104
-5079
-4935
-4353
-3168
-1953
-753
-42
325
430
520
890
1342
1469
1130
462
-493
-2047
-4021
-5778
-6871
-7889
-8865
-9360
-9078
-7749
-5593
-4059
-3154
-2870
-3702
-4727
-5292
-5259
-5312
-4786
-4697
-3895
-1357
3314
10174
15283
17281
17270
16698
14446
10450
6174
1328
-3258
-7623
-9457
-7163
-4261
-1426
741
2636
3114
3048
3497
3082
2777
230
-1763
-2281
-1191
1371
4034
6870
7944
8594
8032
6705
5082
1909
-2005
-6472
-10030
-11812
-11768
-9581
-6588
-2272
1912
5409
8922
11745
14269
14142
11838
7987
4200
1241
-1524
-2279
-3024
-3625
-4189
-4001
-2480
-848
947
1230
1807
1820
1796
2591
3552
4560
4032
2904
955
-56
-864
-1741
-2690
-4094
-5439
-6616
-6583
-5864
-4635
-4123
-4003
-4043
-3618
-2580
-1248
7
741
943
459
435
848
1191
983
138
-1215
-2545
-3488
-4455
-4986
-5629
-7408
-8760
-8696
-7503
-6071
-4933
-4739
-4448
-3785
-4631
-5202
-5330
-5487
-5616
-5796
-5401
-4205
-884
4088
11006
16232
17301
18129
17475
15645
11186
5822
232
-5253
-8557
-10257
-6686
-3840
-1016
1325
2558
3310
2792
3568
2419
1744
-855
-2835
-2426
-825
2501
5551
8255
9237
9376
8348
6176
3923
703
-3590
-7591
-11105
-12141
-11288
-8672
-5158
-1173
3461
6927
10179
12153
13391
12555
9817
6636
3028
775
-532
-1048
-1006
-1108
-1438
-1768
-1271
-812
-152
649
716
1334
2082
3137
4349
5054
4560
3060
1183
-863
-2277
-3496
-4724
-5712
-6379
-6564
-5864
-4938
-3842
-3047
-2908
-3126
-2951
-2075
-981
198
519
451
244
104
296
777
692
-302
-1422
-2616
-3552
-4286
-5143
-6323
-7406
-7953
-7958
-7363
-6107
-4575
-3528
-3181
-3175
-4059
-4781
-4848
-5448
-5898
-6200
-6108
-5407
-3736
-837
4636
11564
14638
15705
16382
15710
13463
8992
4224
-949
-5084
-8728
-8721
-4949
-2471
208
1419
2782
3114
3244
3559
2868
2337
-781
-2093
-1963
-117
2951
5128
7336
7792
7866
6566
5200
3722
247
-3305
-7335
-9810
-10085
-9194
-6695
-4196
-1094
1254
3828
7376
11110
15044
14996
13597
10924
7340
4418
755
-1991
-5265
-6856
-8302
-6846
-2867
-138
3344
4098
4791
4586
4995
4819
4421
4060
1035
-263
-2286
-2828
-3208
-3541
-4448
-5476
-5354
-5593
-4101
-3495
-2837
-2721
-3075
-3313
-2705
-1557
-908
20
202
255
585
907
1128
1073
25
-1636
-3036
-4506
-5610
-5836
-5914
-5731
-5653
-5974
-6160
-5198
-4063
-3387
-3600
-4311
-5021
-6170
-6671
-6209
-5429
-5327
-4396
-3301
-1526
730
3690
7869
11535
12599
11585
11322
10072
8280
5460
2280
-904
-3695
-5290
-4507
-1515
297
1418
1636
1547
1400
1455
1582
1452
925
-512
-1051
-31
2227
4774
6215
6593
6148
5202
3767
2361
820
-1571
-4122
-6642
-7787
-7220
-5665
-3668
-1412
1166
4005
7212
9687
11576
12391
10953
8475
5955
3377
851
-1060
-2791
-3541
-3401
-3339
-2131
-490
828
1442
2409
2916
3520
4030
3428
3074
1879
549
-1216
-2371
-3569
-4558
-5112
-5644
-4905
-4131
-3023
-2221
-1604
-1362
-1502
-1830
-2244
-2111
-2058
-2013
-1666
-905
67
766
1067
1187
1100
264
-995
-2362
-3650
-4706
-5662
-6410
-6992
-7104
-6944
-5732
-4436
-3972
-3703
-2927
-2346
-3070
-4099
-4800
-4958
-5550
-6183
-5981
-4679
-3097
-1797
-50
3122
7630
10928
11942
12086
11662
10152
7068
4136
1852
-743
-2976
-3854
-1701
-213
1040
1787
2311
2332
996
893
309
803
-362
-1031
-589
751
3155
4357
6093
6573
6486
4830
2948
1700
-143
-2268
-4618
-5950
-6261
-6096
-4510
-1737
1851
4669
6215
8056
9932
11366
10096
7955
5267
2381
-221
-2265
-2796
-2807
-2555
-2908
-2038
-657
772
1988
2669
2878
2735
2449
1717
1628
1025
-387
-2187
-3856
-4881
-5190
-4957
-4668
-3864
-3044
-2477
-1818
-1199
-563
-348
-614
-1111
-1178
-872
-418
208
822
1329
1529
1430
1140
905
-23
-1201
-2738
-4354
-5552
-6060
-6024
-5752
-5020
-4875
-4483
-3732
-3136
-3047
-3332
-3399
-3374
-3414
-3798
-3950
-3891
-4576
-5253
-5286
-4876
-4355
-3301
-1567
1263
5654
9133
10699
10985
10652
9104
6976
4226
1804
97
-1748
-2391
-1272
549
1247
2097
2110
1768
1201
654
619
626
179
-564
54
913
2408
3741
4759
4825
4329
3069
1758
954
-419
-1982
-3779
-4820
-5101
-3856
-1931
377
2683
4752
6830
8929
10257
10258
8737
5989
2971
238
-1630
-3179
-3665
-3976
-3380
-2324
-931
814
1966
2736
2337
2096
1790
1691
1538
680
-226
-1584
-2596
-3446
-3968
-3863
-3789
-3478
-3535
-2875
-2063
-1472
-1133
-1325
-1203
-1181
-699
-214
642
1390
1761
1881
1632
1291
708
-172
-1421
-2461
-3390
-4247
-4895
-5030
-4674
-4004
-3638
-3440
-3064
-3148
-3345
-2935
-2341
-2450
-2967
-3267
-2809
-2119
-2647
-3284
-3780
-4754
-5961
-6158
-4920
-3428
-1852
-515
2681
6489
8936
10156
10383
9754
7624
5090
2817
1106
-338
-1982
-2366
-1523
-681
709
1482
2599
2638
2428
1947
1636
2252
1243
1267
658
1046
1428
1920
2769
2639
2794
1486
843
-169
-1236
-1943
-3144
-3445
-3005
-1502
638
3142
6148
8211
9657
9539
8547
7012
4350
1594
-1220
-3135
-4659
-5175
-4528
-3057
-1344
55
817
1724
2267
2609
2568
2404
2011
693
-171
-1528
-1826
-2502
-2924
-3521
-3786
-3296
-3075
-2165
-1810
-985
-891
-837
-815
-370
429
852
1199
1325
1508
1547
1508
1360
1120
293
-884
-2136
-2991
-3705
-4046
-4442
-4574
-4325
-4019
-3786
-3499
-3197
-2983
-2576
-2396
-2108
-2132
-1913
-1942
-2227
-3028
-4160
-5107
-6414
-7148
-7293
-6624
-5391
-4243
-2265
181
3890
7825
10228
11572
11115
10529
7958
5190
2423
-421
-2416
-4915
-4332
-3241
-993
834
2412
3957
3698
4136
3450
3467
2466
844
-169
-1194
-800
-325
1013
2196
2541
2669
2087
1967
1358
250
-862
-2374
-2616
-2293
-586
1447
3269
5118
5893
7148
7821
8057
6934
4634
2122
-603
-2473
-4016
-4627
-4388
-3937
-2725
-1086
1023
2842
3515
3662
2740
2086
1031
288
-263
-1102
-1658
-2941
-3138
-3366
-2860
-2476
-2213
-1674
-1445
-678
-279
519
945
1114
1160
1161
1263
1347
1573
1866
1805
1600
1036
82
-785
-1783
-2523
-3408
-4007
-4748
-5378
-5496
-5293
-4516
-3884
-3686
-3165
-2337
-2008
-2315
-2312
-2146
-2857
-3954
-5480
-6210
-6227
-6662
-6631
-5943
-5118
-4964
-4246
-2065
289
3818
6951
9292
10521
10036
9619
7799
5775
2153
-989
-3115
-4919
-3734
-2062
662
2477
3980
5240
5126
5579
4725
4087
2304
-183
-1336
-2612
-2049
-1525
-189
982
1757
3037
2877
3526
2920
1912
235
-1815
-2823
-3247
-2179
-833
1167
3255
4731
6214
7405
7755
7237
5254
2793
108
-1674
-2894
-3721
-3225
-2768
-1710
-681
557
1819
2466
2519
1510
726
51
-711
-863
-1381
-1590
-2089
-2360
-2196
-2008
-1115
-898
-174
70
628
1219
1421
1788
1393
1230
559
344
240
300
514
271
196
-235
-675
-1159
-1606
-2175
-2908
-3260
-3582
-3441
-3172
-2998
-2696
-2587
-2701
-2913
-2645
-2345
-2215
-2899
-4646
-5994
-6543
-6692
-6641
-6544
-6426
-6677
-6204
-5120
-3408
-2070
-1660
-512
266
2051
4536
7992
9460
8588
7358
5236
3953
1900
1022
-266
-1425
-2129
-1398
1504
3651
5823
6213
5842
4282
2812
1649
468
-419
-1995
-2903
-2979
-1552
473
2639
4266
5052
4768
3744
2608
1436
-72
-1960
-3278
-3721
-3017
-1603
979
3744
5812
6895
6930
6350
5156
3602
1440
-583
-2074
-3130
-3148
-2359
-996
435
1365
1973
2133
2203
1493
851
63
-1064
-1786
-2448
-2412
-2293
-1621
-1175
-601
107
590
1418
1855
2363
2638
2719
2427
2075
1734
1156
731
178
-573
-1136
-1500
-1620
-1661
-1634
-1674
-1927
-2289
-2700
-2566
-2477
-2410
-2535
-2517
-2408
-2226
-2132
-2379
-2586
-3010
-3092
-3541
-4220
-5270
-6027
-7036
-7763
-7566
-7104
-6453
-6063
-4915
-3897
-2377
-1561
-671
130
492
1170
2460
5116
6763
7729
7270
6717
5551
3776
2054
764
49
-989
-968
16
2120
3400
4262
4251
3816
2682
1291
781
99
-116
-892
-675
208
1524
2850
3299
3946
3418
2408
1090
-577
-1637
-3194
-3837
-4161
-2912
-744
814
3071
4313
6148
6903
7129
6476
4703
3040
588
-592
-1444
-1831
-1757
-1811
-1037
-150
721
1381
1028
683
-939
-1763
-2256
-2187
-1267
-1332
-253
-64
1153
1679
2289
2918
2415
2564
1543
1811
1876
2085
1878
1089
717
-312
-572
-1024
-1229
-1489
-2218
-2523
-2738
-2489
-2329
-2159
-2005
-2030
-1853
-1906
-1720
-1620
-1803
-2252
-2870
-3595
-4294
-4884
-5407
-5461
-5564
-5673
-5822
-5780
-5733
-5642
-5358
-5440
-5243
-4971
-4355
-2924
-1276
662
2067
3801
5563
6987
7973
7433
6936
5253
3507
1603
259
-86
-732
-151
234
1591
2347
2964
3356
2739
2166
982
592
99
261
578
967
1685
2354
3139
3533
3524
3011
2013
532
-1008
-2280
-2946
-3554
-3497
-3047
-1722
222
2310
4350
5444
6337
5998
5296
4098
2971
2055
846
637
159
466
368
348
390
-258
-535
-1722
-1720
-2182
-1968
-1615
-1435
-507
-540
278
182
930
1155
1175
1395
1122
1845
1992
2706
2733
2740
2470
1667
1080
215
-208
-852
-1463
-1820
-2106
-2112
-2259
-2275
-2254
-2267
-2181
-2341
-1945
-1517
-1138
-1153
-1457
-1892
-2622
-3414
-4374
-4721
-5042
-5347
-5325
-4919
-4768
-4909
-4835
-4861
-4954
-5301
-5434
-5176
-4811
-4288
-3139
-1395
118
1554
3000
4303
5575
6605
7020
6521
5304
3605
2159
1139
481
37
-287
-364
102
1209
2201
3289
3769
3598
2988
2407
2135
1826
1764
1192
914
695
703
1072
1205
1254
611
-105
-1156
-1607
-1662
-1915
-1947
-1980
-1332
-380
1149
2749
4378
5434
5562
5647
5593
5365
4537
3391
1899
587
-516
-1284
-1569
-1601
-1641
-1605
-1144
-541
272
562
662
344
11
-460
-727
-627
-613
-190
-53
643
1290
2158
2551
2636
2653
2123
1725
815
285
-466
-992
-1639
-2058
-2028
-2049
-1810
-1886
-1710
-1655
-1483
-1563
-1760
-1952
-2443
-2851
-3110
-3027
-3104
-3321
-3523
-3786
-3734
-4000
-4293
-4638
-4898
-5024
-5346
-4934
-5019
-4708
-5028
-5178
-4708
-4368
-3109
-2469
-448
860
2748
4694
5890
7535
6891
6654
4758
3646
2353
781
560
-789
82
-120
1245
2505
3270
4205
3233
3603
2385
2355
1730
1151
1149
287
638
462
1041
1146
993
818
-63
-526
-1024
-1676
-1830
-2363
-2215
-2025
-1307
111
1100
2941
3650
4936
5477
5417
5404
4215
3823
2245
1270
129
-763
-586
-1281
-620
-756
-95
181
161
884
461
1039
376
571
273
-132
-223
-910
-528
-769
-64
307
911
1531
1711
1972
1616
1260
475
-315
-940
-1490
-1509
-1418
-1121
-807
-653
-510
-597
-656
-1181
-1697
-2509
-3257
-3786
-4020
-4078
-3978
-3574
-3261
-2981
-2988
-2769
-2464
-2301
-2766
-3221
-3812
-4347
-4778
-4761
-4489
-4205
-3685
-3164
-1826
-459
1084
2179
2869
3078
2821
2927
2909
2959
2468
1736
1362
892
1092
1214
1638
1523
1061
1013
892
1821
2179
2942
2928
2950
2884
2541
2568
1927
1647
467
-221
-807
-806
-697
-676
-613
-904
-1113
-1442
-1252
-1141
-847
-719
-142
589
1751
3309
4719
5955
6019
5700
4664
3711
2654
1422
541
-691
-900
-1143
-509
2
508
920
609
867
509
1028
666
518
-130
-775
-1147
-1573
-1250
-1456
-984
-1007
-416
12
751
1270
1531
1495
918
475
-213
-428
-753
-671
-840
-714
-783
-795
-781
-1094
-1521
-2331
-2892
-3489
-3684
-3802
-3825
-3581
-3616
-3292
-2821
-2393
-2343
-2496
-2302
-2421
-2188
-2340
-2390
-2552
-3010
-3123
-3226
-2760
-2384
-1488
-446
558
2037
2816
3462
3373
2996
2296
1166
806
53
482
326
713
933
840
1286
943
1616
1051
1539
1181
1294
1838
2020
2994
2702
3263
2535
2336
1826
1104
818
-537
-868
-1809
-1959
-2006
-2087
-1466
-1794
-979
-818
208
1170
1746
3042
3089
3923
3667
4294
4669
4570
4440
3254
2845
1706
1132
713
230
39
-493
-341
127
710
1430
1248
1258
475
-145
-504
-1142
-1092
-1900
-2095
-2644
-2530
-2044
-1774
-957
-1057
-737
-816
-611
17
357
1003
761
684
277
32
168
-159
-102
-873
-1416
-2074
-2409
-2655
-3236
-3623
-4487
-4735
-4898
-4250
-3484
-2782
-2264
-1850
-1183
-898
-432
-545
-827
-1532
-2338
-2754
-2848
-2301
-1720
-741
217
1158
2297
2857
3294
2953
2298
1363
417
83
-336
129
103
268
397
457
813
511
625
93
55
45
357
1329
1798
2655
2865
3226
3268
3145
3162
2427
2017
925
67
-817
-1716
-2206
-2967
-2927
-3064
-2463
-1710
-758
648
1620
2847
3625
4474
4696
4433
4132
3209
2421
1364
702
354
167
512
736
1537
1871
2293
2465
2287
2171
1626
1514
1000
843
304
-165
-631
-1328
-1706
-2317
-2614
-3011
-3043
-3075
-3039
-2756
-2596
-2169
-1687
-1095
-388
253
991
1436
1870
1875
1628
1216
327
-587
-1677
-2428
-3077
-3588
-4043
-4293
-4413
-4497
-4425
-3888
-3324
-2732
-2077
-1490
-509
1
707
832
887
541
-129
-313
-968
-814
-1075
-869
-534
-157
789
1024
1690
1417
1417
1136
792
841
446
525
122
71
-237
-195
-225
-241
-416
-401
-256
118
817
1211
2221
2144
2725
2539
2958
3064
2767
2934
1804
1761
544
263
-442
-1150
-1294
-2103
-1678
-1805
-742
105
780
1755
1993
2784
2823
2933
2692
2126
1782
920
606
353
295
517
567
976
1315
1622
1957
1923
2127
1712
1415
1097
691
676
129
-23
-613
-1005
-1451
-1971
-2325
-3095
-3507
-4049
-4299
-4207
-3878
-3075
-2387
-1561
-659
249
1194
1679
2105
2019
1796
1428
903
451
-327
-1176
-2188
-2998
-3607
-4064
-4212
-4398
-4326
-4035
-3416
-2420
-1465
-438
75
651
655
951
1102
1029
884
214
222
-167
316
138
272
205
-140
150
95
1014
1089
1425
1347
1215
1245
733
771
244
-81
-407
-556
-16
180
704
784
877
1048
878
1373
1257
1739
1882
2049
2615
2704
3298
2960
3016
2400
1726
1181
-8
-284
-1217
-1639
-2142
-2040
-1545
-1115
-31
541
1516
2001
2303
2397
2285
1719
1150
581
49
-315
-560
-522
-621
-17
17
674
1021
1271
1486
1244
1329
839
858
231
-133
-505
-1223
-1498
-2147
-2627
-3453
-4130
-4625
-5081
-4822
-4646
-3735
-2758
-1803
-603
303
1340
1782
2175
2158
1910
1575
984
429
-226
-1098
-1845
-2682
-3336
-3713
-4058
-3759
-3600
-2814
-2333
-1708
-1056
-660
294
736
1657
2080
2620
2830
2695
2421
1522
864
-370
-947
-1574
-1278
-828
-44
1008
1390
2332
2110
2649
2087
1914
1522
893
1181
548
1291
824
1201
892
678
797
311
886
489
1145
1036
1548
1928
2324
3025
2866
3252
2490
2284
1396
815
213
-579
-787
-1589
-1436
-1788
-1524
-1402
-1211
-891
-887
-328
-86
591
760
993
888
592
193
-244
-477
-909
-929
-1088
-801
-495
-126
297
608
995
1019
1119
1008
758
469
-56
-361
-733
-1085
-1607
-2137
-2778
-3372
-3820
-4344
-4529
-4759
-4448
-4021
-2877
-1823
-778
313
707
1352
1224
1328
894
424
-53
-770
-850
-1395
-1478
-1805
-2108
-2168
-2262
-1931
-1589
-914
-245
308
954
1286
1414
1435
1087
1206
1096
1285
1453
1643
2044
1684
1951
1257
1102
462
102
344
344
1372
1500
2542
2481
2632
2439
1898
1733
833
699
167
417
484
773
1027
1019
989
825
782
863
963
917
1086
1015
1171
874
872
578
332
148
-234
-78
-293
-162
-339
-399
-538
-865
-854
-1115
-842
-747
-442
-150
-60
93
-136
-165
-603
-818
-1168
-1285
-1100
-713
11
501
998
1002
957
604
272
1
-171
-196
-85
98
250
156
-297
-1029
-2158
-3150
-4105
-4343
-4379
-3898
-3205
-2560
-1765
-1460
-1133
-1187
-1168
-1190
-1043
-578
-134
467
853
985
816
478
-140
-626
-1067
-1308
-1193
-1079
-527
-248
327
489
580
756
519
899
777
1138
1264
1418
1646
1497
1777
1631
1821
1765
1724
1780
1743
1819
1783
1770
1604
1505
1329
1419
1439
1579
1596
1498
1524
1181
1168
712
458
41
-373
-403
-533
-71
44
457
525
591
608
424
348
-55
-216
-545
-482
-408
-206
-71
-62
-18
-120
-129
-193
-245
-281
-411
-519
-482
-521
-434
-558
-545
-680
-828
-908
-1150
-1077
-1243
-1181
-970
-728
-295
-110
140
190
132
99
-194
-134
-284
-316
-283
-416
-365
-646
-844
-1305
-1735
-2140
-2525
-2566
-2556
-2396
-2220
-2120
-2059
-2017
-1980
-1786
-1490
-988
-489
103
562
883
1091
998
863
548
334
58
53
31
125
220
171
197
30
74
55
357
547
811
1027
1191
1517
1746
2069
2114
2261
2119
2177
2186
2113
2140
1849
1824
1622
1731
1810
1747
1812
1411
1372
1135
1113
1209
1070
1161
841
860
700
614
513
148
-48
-334
-424
-401
-400
-337
-387
-494
-484
-630
-463
-580
-496
-528
-576
-489
-639
-454
-570
-419
-496
-444
-432
-530
-586
-873
-1024
-1350
-1496
-1606
-1538
-1302
-1080
-782
-571
-451
-353
-428
-432
-564
-644
-673
-726
-575
-624
-590
-688
-722
-690
-701
-603
-639
-626
-737
-918
-1102
-1346
-1605
-1798
-1906
-1812
-1511
-1238
-835
-690
-576
-775
-996
-1128
-1348
-1108
-1101
-541
-31
594
1241
1441
1692
1299
1050
552
224
210
112
438
695
1074
1413
1484
1597
1449
1347
1258
1139
1402
1464
1778
1951
1963
2105
1829
1844
1609
1635
1704
1691
1982
1841
2021
1777
1656
1483
1183
1124
871
1014
923
1041
978
812
617
170
-198
-650
-935
-1176
-1255
-1176
-1037
-822
-680
-662
-624
-756
-834
-926
-979
-908
-882
-669
-574
-375
-331
-462
-551
-850
-955
-1174
-1277
-1294
-1339
-1178
-1136
-900
-759
-648
-544
-564
-521
-520
-532
-457
-391
-315
-284
-396
-437
-636
-684
-760
-797
-673
-724
-565
-501
-314
-97
-84
-13
-303
-500
-867
-1114
-1190
-1316
-1211
-1285
-1076
-984
-750
-648
-570
-551
-578
-477
-363
13
260
660
816
1101
1151
1250
1142
997
885
637
670
563
859
899
1170
1243
1334
1504
1435
1585
1424
1419
1236
1101
1138
1137
1410
1471
1600
1616
1491
1499
1295
1255
1028
855
668
589
705
834
998
998
821
477
90
-341
-529
-806
-871
-1069
-1077
-1107
-1061
-941
-1019
-920
-1127
-1100
-1246
-1129
-1088
-936
-724
-626
-351
-366
-225
-313
-323
-431
-544
-592
-706
-689
-721
-693
-621
-585
-566
-593
-674
-706
-775
-715
-658
-496
-303
-207
-26
-92
-91
-242
-400
-395
-462
-216
-118
176
332
378
458
206
151
-222
-429
-678
-835
-753
-750
-483
-419
-259
-260
-317
-320
-374
-315
-294
-207
-139
-42
96
290
508
734
818
865
817
784
805
780
830
736
691
558
553
640
756
968
1010
1100
1022
943
874
744
725
543
491
409
426
604
691
996
1038
1153
1066
904
810
584
564
402
424
337
263
176
39
-79
-275
-472
-677
-784
-859
-816
-775
-689
-668
-663
-678
-690
-668
-675
-675
-660
-645
-619
-611
-646
-663
-705
-689
-647
-533
-425
-343
-305
-322
-345
-366
-400
-364
-304
-214
-111
-48
12
-24
-106
-286
-421
-541
-554
-472
-308
-71
89
209
186
134
42
-71
-99
-153
-115
-88
-39
78
84
143
-1
-100
-279
-417
-414
-437
-253
-146
58
182
277
354
331
330
298
301
323
330
379
433
508
608
647
694
642
556
465
424
441
490
555
599
617
623
603
595
582
542
489
414
361
318
336
334
357
324
290
237
230
292
360
481
512
508
392
232
48
-112
-227
-317
-337
-357
-299
-244
-184
-143
-223
-328
-563
-747
-937
-1006
-951
-883
-664
-577
-415
-413
-399
-445
-523
-534
-636
-595
-628
-539
-459
-330
-207
-158
-128
-192
-212
-246
-229
-190
-157
-135
-155
-197
-232
-260
-247
-202
-135
-36
39
115
148
139
115
-1
-68
-191
-213
-189
-92
107
222
406
379
364
221
68
-12
-131
-75
-74
53
154
279
396
419
472
405
369
312
301
354
416
529
575
623
593
572
564
573
629
643
649
593
497
369
237
107
45
-9
39
107
224
343
359
359
172
16
-210
-350
-386
-368
-179
-38
179
282
314
254
43
-138
-392
-533
-634
-621
-502
-373
-196
-123
-41
-78
-135
-238
-355
-426
-507
-514
-511
-449
-390
-337
-284
-222
-165
-77
-31
18
14
-37
-102
-238
-302
-427
-447
-459
-395
-244
-144
49
110
168
89
-57
-220
-429
-489
-549
-430
-283
-92
77
172
268
223
195
46
-78
-193
-270
-252
-227
-115
-87
-39
-52
-67
-14
20
140
210
291
305
266
201
79
8
-72
-68
-15
118
318
548
756
869
851
707
494
251
86
-2
30
114
261
395
516
585
579
526
363
202
-14
-133
-198
-188
-106
-47
42
45
81
69
65
80
39
46
-10
-17
-37
-40
-27
-42
-21
-49
-28
-19
30
56
54
29
-44
-110
-189
-220
-233
-176
-114
-32
38
72
70
17
-72
-184
-269
-322
-309
-235
-123
-11
75
103
65
-25
-154
-290
-393
-466
-448
-390
-273
-155
-66
9
-3
-26
-100
-163
-218
-267
-269
-251
-209
-138
-65
5
35
35
2
-71
-132
-224
-276
-344
-377
-379
-356
-270
-177
-48
57
149
189
194
179
126
101
43
17
-18
-35
20
80
217
337
473
567
617
649
629
611
541
467
373
270
192
134
112
137
159
187
182
178
140
84
33
-75
-173
-305
-390
-434
-406
-304
-161
-5
124
232
290
316
295
239
138
13
-112
-210
-264
-271
-252
-212
-173
-114
-48
24
105
173
209
204
180
135
86
38
4
-37
-63
-105
-134
-175
-208
-230
-256
-239
-235
-188
-145
-102
-63
-55
-66
-111
-154
-212
-257
-262
-264
-239
-214
-179
-156
-147
-130
-134
-105
-83
-22
26
71
101
101
115
95
89
58
13
-32
-94
-145
-190
-214
-226
-231
-207
-162
-82
21
129
227
281
308
291
264
239
214
202
178
158
140
138
149
181
236
289
346
376
392
393
374
320
251
179
107
67
53
77
109
139
143
102
1
-131
-274
-405
-505
-568
-581
-553
-464
-356
-201
-53
69
157
193
200
159
100
18
-82
-170
-245
-295
-297
-278
-209
-127
-36
44
105
163
180
201
209
213
203
193
162
100
49
-18
-72
-119
-154
-166
-157
-115
-70
3
58
88
88
32
-40
-134
-214
-286
-338
-352
-344
-304
-264
-208
-168
-141
-123
-132
-131
-125
-99
-42
36
112
181
230
248
238
205
171
132
96
60
30
-5
-42
-84
-121
-138
-124
-70
13
145
285
432
559
636
654
616
531
406
288
188
121
94
78
78
86
106
135
173
222
267
304
323
328
317
300
251
183
101
0
-89
-178
-245
-314
-384
-467
-548
-612
-640
-612
-531
-398
-235
-60
97
219
279
283
223
113
-21
-164
-285
-377
-421
-416
-369
-295
-200
-95
7
94
173
227
258
258
225
171
88
11
-57
-119
-160
-182
-187
-186
-175
-146
-111
-77
-54
-40
-30
-29
-25
-23
-24
-32
-63
-116
-176
-233
-283
-319
-341
-354
-360
-349
-326
-272
-195
-112
-7
89
188
269
336
391
407
404
371
322
270
220
177
133
96
58
29
12
-3
7
29
94
191
305
437
562
662
714
723
672
581
456
314
182
69
5
-3
37
113
209
298
367
404
399
368
304
211
108
2
-86
-159
-225
-279
-334
-401
-480
-552
-616
-655
-669
-657
-607
-526
-416
-294
-171
-62
21
66
77
47
1
-58
-130
-198
-251
-272
-264
-218
-143
-67
5
51
68
54
7
-48
-100
-137
-135
-107
-58
1
41
64
53
6
-60
-129
-177
-205
-206
-178
-135
-85
-44
-16
-18
-45
-90
-147
-201
-249
-288
-309
-326
-334
-329
-313
-270
-210
-124
-17
102
228
351
449
517
552
546
508
451
386
316
269
218
170
124
92
74
59
55
77
121
177
258
329
399
442
449
414
353
290
225
172
145
144
155
195
234
273
299
309
303
291
272
263
244
218
191
140
84
7
-66
-147
-223
-294
-356
-412
-458
-500
-558
-602
-634
-650
-644
-598
-527
-427
-324
-226
-148
-91
-56
-68
-90
-129
-166
-184
-178
-164
-119
-73
-36
3
29
40
37
28
7
-14
-34
-37
-46
-44
-48
-47
-32
-24
6
34
59
74
85
81
58
28
-22
-74
-119
-150
-175
-193
-200
-203
-198
-204
-211
-222
-224
-211
-186
-146
-92
-30
35
97
149
199
245
298
339
389
441
491
534
552
557
528
484
418
345
278
224
186
163
156
159
167
173
175
162
143
123
101
92
75
61
52
47
54
65
76
92
120
150
184
218
236
238
221
169
103
26
-57
-131
-203
-255
-303
-339
-360
-381
-408
-424
-442
-466
-467
-469
-471
-469
-462
-455
-440
-411
-382
-332
-269
-195
-129
-61
-6
30
51
48
32
9
-4
-7
7
32
58
88
97
104
96
77
53
36
35
43
69
110
166
209
240
258
255
244
224
206
181
158
134
113
82
46
3
-46
-107
-166
-217
-260
-286
-306
-302
-286
-256
-207
-156
-95
-30
40
109
166
209
263
312
345
371
387
395
395
384
353
304
241
170
104
46
1
-22
-21
-3
32
63
87
101
88
60
24
-17
-56
-80
-92
-92
-74
-49
-27
2
27
42
62
63
55
43
20
-15
-51
-90
-131
-164
-186
-203
-207
-213
-218
-226
-242
-263
-297
-325
-356
-384
-391
-371
-333
-273
-196
-120
-51
18
76
117
139
151
158
152
139
113
91
73
56
50
42
44
50
58
63
66
70
62
46
36
25
32
51
74
115
149
182
202
219
209
194
171
130
97
55
8
-39
-81
-122
-165
-204
-238
-268
-281
-285
-286
-269
-252
-231
-209
-189
-164
-128
-83
-27
42
116
179
229
265
276
258
221
172
107
50
4
-29
-52
-70
-74
-71
-67
-61
-51
-39
-35
-30
-35
-40
-47
-61
-66
-67
-56
-37
-1
38
83
125
150
167
163
144
107
55
0
-58
-98
-125
-142
-148
-141
-124
-108
-89
-71
-49
-35
-37
-45
-67
-89
-115
-141
-148
-137
-108
-57
6
79
153
216
260
271
254
207
138
72
10
-25
-40
-42
-16
17
63
109
145
165
160
154
117
76
36
-7
-34
-50
-51
-47
-9
40
80
120
141
144
129
102
56
-4
-56
-96
-127
-143
-144
-134
-127
-129
-135
-150
-158
-167
-173
-166
-138
-94
-49
16
80
130
176
203
218
221
207
191
166
132
94
56
27
3
-17
-34
-46
-61
-78
-84
-95
-115
-127
-144
-161
-163
-157
-139
-109
-78
-47
-20
-4
19
31
34
40
36
36
33
31
23
15
5
-12
-20
-35
-37
-31
-21
-4
8
18
14
2
-24
-56
-82
-111
-128
-127
-106
-66
-22
32
82
126
158
177
182
169
149
116
80
48
17
-8
-20
-23
-14
4
26
50
58
57
46
24
-1
-31
-52
-63
-56
-37
-4
36
67
90
104
100
81
51
14
-23
-55
-83
-102
-116
-125
-133
-142
-154
-163
-174
-176
-176
-170
-154
-135
-100
-65
-22
16
53
95
133
169
192
215
228
236
234
230
222
215
209
194
180
158
129
94
57
8
-47
-93
-133
-162
-175
-178
-175
-169
-154
-134
-118
-93
-64
-36
-8
14
39
60
66
59
37
13
-15
-48
-73
-83
-92
-90
-74
-60
-35
-15
6
17
13
13
12
5
1
-4
-18
-16
-15
-8
11
40
66
89
107
115
116
99
83
56
30
8
-1
6
14
28
40
51
50
44
25
-8
-42
-74
-99
-112
-112
-102
-83
-58
-35
-15
10
19
31
39
46
37
17
0
-20
-32
-45
-55
-70
-78
-83
-86
-95
-108
-125
-145
-157
-165
-149
-127
-101
-51
-1
45
92
123
139
142
137
125
117
112
119
129
141
156
161
164
161
152
126
102
69
42
11
-29
-53
-81
-93
-99
-98
-81
-56
-40
-18
-1
1
-3
-19
-35
-63
-80
-94
-106
-103
-99
-89
-70
-52
-38
-34
-31
-25
-23
-21
-26
-30
-36
-40
-43
-44
-48
-46
-37
-27
-7
12
32
50
63
65
63
71
62
54
57
55
60
64
72
70
69
65
54
38
19
2
-20
-26
-30
-32
-35
-43
-45
-45
-43
-48
-58
-67
-72
-75
-79
-71
-61
-42
-17
9
35
55
78
86
85
64
36
3
-27
-44
-65
-68
-68
-45
-16
6
30
39
40
30
19
1
-10
-14
-20
-3
15
44
80
106
133
150
158
155
139
116
93
62
29
7
-13
-26
-27
-24
-27
-21
-14
-9
0
4
-1
-11
-24
-34
-38
-43
-41
-39
-34
-25
-21
-9
-6
3
12
14
21
22
28
24
21
18
4
2
-5
-11
-16
-22
-22
-19
-14
-4
-1
-5
-9
-6
-14
-19
-19
-11
0
11
34
44
58
65
65
62
48
34
19
7
-7
-7
-11
-20
-21
-24
-33
-40
-56
-70
-79
-102
-109
-118
-115
-103
-89
-66
-41
-2
30
66
89
107
117
105
99
69
43
25
3
-4
-7
2
7
16
25
27
22
17
4
-14
-24
-33
-35
-31
-21
-13
5
21
46
70
81
97
100
99
86
71
42
18
-14
-45
-60
-80
-77
-75
-61
-44
-32
-23
-26
-22
-27
-43
-55
-65
-69
-62
-50
-31
-14
9
31
53
66
72
79
72
62
46
32
16
3
-4
-9
-4
3
14
23
30
35
30
25
15
1
-13
-23
-25
-24
-18
-4
8
17
19
23
20
22
21
16
12
11
14
11
17
13
7
1
-4
-8
-12
-17
-23
-32
-39
-46
-58
-60
-65
-61
-50
-35
-14
15
41
55
79
86
86
72
61
42
26
14
-7
-13
-16
-17
-13
-12
-12
-11
-14
-16
-23
-28
-30
-31
-31
-33
-26
-12
0
14
36
53
75
85
86
83
67
45
18
-2
-28
-47
-56
-66
-62
-57
-49
-38
-27
-27
-26
-21
-25
-25
-24
-25
-22
-15
-13
-11
-1
9
17
24
29
35
37
44
44
39
32
24
18
14
16
26
30
33
44
46
50
56
51
41
25
7
5
3
-2
3
2
3
11
19
21
28
31
26
30
29
26
24
9
2
-2
-10
-11
-17
-21
-26
-36
-41
-52
-56
-61
-70
-73
-72
-60
-44
-16
0
23
43
53
67
72
69
59
50
44
33
20
9
-2
-9
-21
-35
-41
-48
-50
-47
-41
-33
-29
-18
-10
-2
2
4
7
9
17
23
26
23
22
23
22
8
3
-1
-13
-16
-24
-31
-35
-36
-34
-35
-35
-33
-22
-19
-10
-2
-11
-13
-19
-24
-29
-33
-33
-33
-29
-26
-22
-20
-15
-12
-13
-7
-6
-12
-9
-5
-1
2
4
10
15
17
14
7
-2
-3
-4
-6
-13
-10
-13
-14
-12
-11
-3
-7
0
6
17
30
34
40
42
47
40
41
34
24
20
4
-4
-22
-39
-45
-59
-64
-62
-56
-48
-38
-21
-14
-1
6
7
16
23
27
34
41
46
48
48
44
38
23
3
-13
-23
-37
-42
-37
-37
-33
-23
-10
2
9
13
13
17
12
9
6
-4
-3
-2
-8
-5
-4
-6
-11
-16
-15
-17
-18
-14
-16
-15
-16
-12
-3
7
20
26
28
33
26
23
23
15
15
9
3
7
11
17
17
20
23
27
26
21
24
19
25
29
33
31
27
36
35
30
32
29
26
24
26
26
23
16
11
8
-2
-4
-9
-19
-26
-27
-23
-20
-15
-10
1
10
18
26
32
34
34
25
21
12
-3
-4
-11
-20
-27
-24
-17
-18
-12
-12
-14
-17
-18
-16
-10
-7
-4
5
16
27
28
34
34
33
26
13
6
-6
-17
-23
-22
-26
-21
-13
-7
3
10
20
30
33
29
25
17
13
7
-5
-7
-6
-6
-10
-4
1
-2
2
-2
0
-3
-6
-2
-6
5
7
7
4
2
6
4
2
2
5
1
2
4
11
16
14
13
13
16
12
16
11
7
16
10
10
6
1
2
2
4
9
16
17
19
25
25
20
22
21
17
16
3
-7
-17
-36
-45
-57
-61
-60
-55
-47
-37
-23
-13
-4
9
16
15
20
16
8
2
-10
-18
-27
-26
-28
-30
-31
-28
-23
-23
-22
-25
-20
-19
-19
-9
3
11
20
29
29
30
29
21
13
-2
-16
-29
-35
-42
-45
-40
-34
-25
-16
-4
-1
2
2
4
-4
-13
-16
-21
-20
-22
-19
-22
-23
-22
-18
-13
-15
-14
-9
-6
-4
-12
-12
-7
-4
2
1
5
5
2
-4
-9
-9
-15
-16
-9
-7
0
3
7
16
10
13
9
3
-1
-9
-2
-5
-3
-7
-9
-5
-8
-6
-2
-5
-2
3
2
11
17
21
21
23
24
14
7
-5
-17
-26
-32
-35
-36
-32
-27
-20
-14
-3
4
6
11
13
9
5
1
-6
-13
-23
-25
-26
-30
-35
-39
-37
-35
-34
-33
-30
-31
-28
-26
-13
2
13
21
30
39
42
40
32
23
9
-6
-18
-32
-34
-35
-35
-25
-18
-6
0
2
4
8
6
8
7
0
2
-5
-7
-9
-8
-8
-8
-5
-9
-5
-8
-10
-15
-10
-7
-7
-8
-4
7
5
17
16
17
18
16
16
11
7
5
3
-1
6
6
8
9
6
2
2
0
-8
-12
-17
-20
-17
-14
-11
-3
-8
-6
-3
3
4
9
12
6
13
12
14
10
5
2
-5
-14
-24
-30
-34
-32
-32
-24
-21
-17
-4
6
12
21
24
23
19
17
20
11
0
-5
-8
-8
-10
-20
-27
-30
-30
-29
-32
-28
-21
-14
-7
1
16
21
23
34
39
35
28
21
6
-3
-10
-18
-18
-26
-25
-19
-10
-3
5
6
5
12
15
18
22
18
19
18
12
14
14
15
10
13
8
0
-3
-10
-7
-10
-11
-10
-6
-1
-5
5
7
8
11
10
16
13
13
9
6
9
4
5
7
9
12
14
16
13
13
9
2
-5
-12
-14
-18
-14
-10
-10
-1
2
2
5
3
3
5
9
3
-2
-4
-11
-13
-22
-19
-26
-32
-35
-39
-38
-40
-33
-30
-18
-10
-8
-3
1
7
6
10
8
6
3
1
-2
1
3
-4
-2
-4
-7
-9
-4
2
0
7
14
22
26
26
30
39
39
31
28
22
12
6
-1
-12
-14
-15
-11
-8
0
9
12
18
16
19
22
17
9
9
5
5
10
2
8
10
13
10
9
6
1
3
4
2
-1
-1
-1
4
12
16
12
12
10
7
8
2
-3
-6
-5
-10
-7
-1
5
13
18
21
23
27
15
12
1
0
4
-7
-11
-11
-6
-1
6
7
9
18
23
23
27
24
22
28
25
33
30
25
21
14
15
5
1
-6
-15
-16
-18
-18
-13
-2
2
2
10
12
14
20
21
24
19
15
12
11
16
12
10
7
1
4
0
4
9
13
18
18
23
30
35
32
34
30
21
16
11
8
7
2
-1
2
4
6
6
9
3
6
12
9
5
1
3
1
1
0
5
9
11
14
9
11
12
13
15
7
7
6
4
9
9
17
13
16
12
7
8
1
5
1
-1
0
0
10
9
13
14
18
22
17
16
7
5
5
1
0
-6
-5
-3
0
0
4
7
10
10
10
6
9
17
20
23
23
30
27
27
27
18
19
9
5
2
-3
-7
-6
-4
-3
4
8
15
20
19
17
22
21
18
25
22
16
6
2
4
-4
-5
-14
-17
-20
-22
-20
-21
-16
-10
-4
-3
0
3
9
13
13
6
2
1
-5
-5
-11
-10
-15
-15
-15
-21
-12
-16
-16
-18
-18
-16
-11
-6
-5
-3
2
1
7
6
0
3
-4
-4
-9
-15
-11
-13
-13
-11
-11
-3
-3
-4
-4
-9
-8
-15
-15
-13
-8
-4
2
9
15
16
15
19
8
3
-1
-4
-10
-11
-10
-11
-5
-11
-5
1
0
2
6
4
6
7
5
7
6
12
19
17
19
21
20
15
15
12
10
11
3
0
-3
-9
-9
-8
-3
3
4
3
8
8
6
10
9
10
4
-3
-4
-7
-16
-21
-24
-35
-36
-38
-36
-37
-34
-29
-30
-31
-30
-26
-29
-26
-33
-27
-25
-28
-22
-22
-20
-27
-34
-35
-31
-30
-30
-34
-33
-32
-32
-34
-27
-22
-19
-11
-10
-8
-5
-4
-8
-8
-11
-12
-16
-22
-21
-23
-25
-22
-24
-24
-29
-30
-32
-35
-32
-33
-28
-28
-22
-18
-13
-10
-7
3
-3
-1
0
-6
-7
-6
-14
-15
-14
-22
-16
-18
-20
-14
-11
-10
-16
-14
-14
-16
-15
-16
-8
-9
-4
0
2
6
6
8
8
5
4
0
-3
-2
-1
-6
-5
5
1
2
7
2
3
9
12
11
8
5
1
1
2
5
2
1
-1
-1
5
1
5
1
-2
1
5
9
6
11
6
-1
2
9
7
8
3
-1
0
-4
-1
-10
-8
-7
-16
-15
-10
-15
-11
-6
-12
-8
-3
-1
3
9
10
15
22
18
17
15
11
5
4
4
4
2
-1
0
4
3
-1
-3
-5
-9
-6
-5
-6
0
3
6
11
11
13
17
14
15
13
8
5
1
0
-4
-5
-6
-6
-9
-11
-8
-11
-9
-11
-8
-6
-9
-7
-10
-7
-4
-1
1
4
7
-4
3
1
-6
-12
-18
-14
-14
-14
-14
-13
-13
-8
-10
-7
-11
-11
-3
-11
-9
-10
-6
-3
-3
-3
-4
-3
2
-1
-6
0
-4
-2
1
-1
0
0
0
-1
3
5
1
9
11
13
9
12
10
3
10
7
1
2
1
-2
5
5
0
-4
-3
2
4
8
9
9
11
15
9
10
14
17
10
8
8
8
10
5
1
-2
1
-1
-2
-1
1
-1
2
-1
3
7
3
7
7
8
7
8
7
12
9
6
7
8
11
6
10
6
8
2
4
4
-4
2
5
7
1
3
7
1
5
8
11
14
15
16
17
16
14
13
9
7
6
5
6
0
2
-1
5
6
8
10
5
6
9
12
10
8
5
3
2
3
-1
-3
-4
-5
-2
1
1
4
2
-3
4
4
4
6
10
8
12
22
20
26
24
29
27
20
27
25
23
20
23
23
21
20
20
20
23
26
21
21
22
15
15
15
12
9
7
5
0
5
3
-5
-4
-6
-9
-11
-11
-11
-13
-15
-15
-10
-7
-6
-3
-6
-2
-5
-5
2
-1
-3
-2
-2
-3
-6
-7
-3
-3
-3
-5
-10
-3
-8
-7
-8
-11
-9
-12
-7
-14
-12
-12
-17
-14
-20
-21
-19
-24
-22
-20
-23
-22
-26
-28
-27
-29
-24
-25
-24
-25
-28
-29
-26
-23
-23
-20
-20
-18
-16
-17
-18
-21
-23
-23
-28
-26
-25
-30
-30
-30
-29
-36
-35
-33
-34
-33
-30
-27
-28
-25
-28
-20
-14
-15
-9
-6
-8
-14
-16
-12
-13
-12
-7
-6
1
8
8
7
6
9
14
16
18
20
16
18
17
16
13
6
10
9
6
3
2
-3
-7
-5
-12
-10
-5
-4
-6
-9
-6
-6
-4
-6
-7
-8
-9
-10
-8
-5
-8
-6
-9
-12
-6
-2
-7
-6
-4
-8
0
-3
-4
3
1
3
6
5
8
9
7
3
1
5
6
6
4
3
5
7
6
8
6
4
5
0
7
6
-1
2
4
-1
-2
1
1
3
1
2
0
2
2
-5
-2
-2
-1
-4
-3
-2
-3
-5
-8
-5
-8
-7
-5
-5
-6
-5
-1
-2
-2
-4
-4
-6
-6
-2
-8
-10
-10
-11
-16
-18
-19
-17
-16
-12
-10
-10
-5
-2
-1
-3
2
-1
1
7
7
14
9
11
12
5
9
12
15
14
18
23
18
15
19
17
12
13
16
13
13
15
13
11
8
9
8
11
12
7
4
6
4
1
0
-1
0
3
9
9
3
1
1
2
0
2
1
3
2
3
1
1
2
2
3
3
3
4
4
1
5
1
-2
-1
3
1
-8
3
0
-3
2
-4
-6
-3
-2
-5
-4
-3
0
0
2
4
-1
0
3
3
3
8
10
9
11
7
8
7
9
13
6
11
17
16
8
9
9
5
8
7
7
4
0
-2
1
6
-2
0
1
5
6
7
7
5
6
8
10
6
6
8
5
4
3
6
4
1
-3
-1
3
5
9
8
5
6
5
9
9
2
4
5
7
10
13
14
6
0
-1
0
-1
-4
-3
-1
-5
-7
-5
-3
-6
1
-4
-6
1
2
4
1
3
0
1
-1
0
2
-4
4
2
-5
-1
-3
-3
0
-1
-2
-7
-9
-5
-13
-8
-6
-8
-5
-9
-7
-8
-10
-17
-14
-13
-20
-16
-21
-17
-17
-26
-23
-25
-20
-22
-20
-18
-15
-9
-13
-14
-11
-9
-8
-2
-3
2
-3
-3
-3
-4
-1
-5
1
-3
2
5
6
6
9
16
9
15
12
14
8
10
11
6
5
6
10
4
3
0
-1
-4
-8
-4
-1
0
2
0
0
9
9
6
7
0
4
3
0
5
0
2
3
5
4
6
2
-1
4
10
11
12
16
16
19
16
17
19
13
14
16
16
11
12
12
6
12
12
15
18
9
11
10
7
12
11
9
11
6
6
10
7
2
4
4
3
4
4
7
6
8
7
8
9
9
9
9
11
2
8
2
5
4
-1
-3
-8
-2
-3
0
1
-6
-3
-2
-4
1
-2
-5
-2
-1
-5
-7
-5
-4
-1
1
2
3
0
1
1
0
-1
-3
0
-2
-4
3
4
2
6
9
7
5
6
5
2
3
4
6
7
7
6
6
3
2
8
6
2
4
3
-1
2
-1
-5
-1
-1
-2
-1
-10
-11
-7
-6
-5
-7
-4
-7
-8
-3
-3
0
1
-3
-4
-3
-3
-3
-2
-1
-4
-11
-13
-7
0
-3
-2
-2
-2
0
-5
-7
-2
-1
-6
-6
-6
-5
-2
-9
-6
-6
-13
-12
-11
-11
-4
-4
-8
-2
-2
-5
-2
-6
-10
-7
-2
-3
-6
-6
-6
-5
-6
-5
-9
-9
-3
-11
-6
-3
-2
-2
-5
-2
3
-2
-7
-8
-10
-9
-10
-10
-11
-13
-11
-8
-10
-13
-11
-6
-6
-5
-7
-6
-10
-8
-9
-12
-6
-11
-6
-5
-5
-7
-7
-3
-7
-2
-2
0
1
1
7
3
-1
-3
-9
-7
-6
-6
-10
-9
-4
-7
-10
-6
-14
-16
-14
-14
-10
-11
-7
-8
-5
-10
-9
-11
-11
-6
-14
-15
-19
-15
-16
-14
-10
-11
-6
-4
-5
-3
-5
0
5
4
4
8
14
11
17
13
12
14
13
13
9
16
15
16
21
22
23
22
26
22
18
16
15
16
13
15
14
15
11
14
20
19
23
24
26
27
24
24
26
27
28
31
34
28
28
35
29
28
27
30
24
21
27
23
31
33
32
30
28
28
28
23
23
26
22
22
19
18
16
14
13
14
11
11
9
8
12
8
7
4
2
-4
-2
0
0
5
1
1
1
8
3
0
9
10
9
10
11
7
6
0
1
0
-3
-8
-10
-10
-11
-12
-12
-8
-7
-15
-16
-18
-18
-18
-21
-20
-23
-25
-24
-18
-19
-21
-16
-21
-22
-19
-19
-17
-18
-17
-17
-21
-17
-15
-18
-18
-15
-13
-17
-10
-16
-13
-9
-8
-7
-14
-6
-10
2
-1
-7
3
-2
-1
-5
-3
-4
-13
-15
-11
-12
-11
-8
-10
-7
-8
-6
-8
-14
-13
-15
-13
-9
-7
-8
-10
-3
-5
-5
-4
-4
0
-5
-6
-4
-8
-3
2
0
1
-1
-10
-7
-6
-10
-8
-6
-8
-13
-10
-14
-14
-14
-16
-15
-11
-13
-13
-9
-12
-6
-6
-7
-2
-2
-3
-3
-4
-7
-6
-9
-7
-3
-2
3
-1
0
0
-4
1
3
3
-4
-3
-4
-7
-2
-5
-2
-5
-3
-12
-16
-8
-8
-13
-7
-7
-15
-9
-9
-9
-8
-9
-9
-7
-8
-14
-19
-14
-17
-16
-9
-12
-12
-10
-4
-8
-12
-13
-12
-8
-5
-5
-13
-15
-16
-16
-19
-18
-25
-25
-20
-26
-25
-24
-26
-29
-28
-23
-26
-23
-24
-25
-26
-28
-29
-31
-29
-26
-23
-20
-22
-19
-20
-21
-18
-19
-16
-10
-12
-18
-14
-6
-7
-3
-1
-5
-5
-6
-7
-4
-2
-3
-3
1
-2
-5
-2
0
-2
3
2
3
2
1
7
7
14
9
7
10
8
9
10
11
13
13
12
18
18
24
23
24
25
19
26
22
23
26
28
26
24
24
21
19
17
20
22
21
26
27
24
21
23
23
22
23
22
21
19
22
21
16
23
22
17
18
15
17
17
12
8
5
16
13
8
12
10
9
7
-1
-5
-2
-3
-1
-1
-1
3
1
3
1
3
2
-3
1
2
4
3
3
5
3
7
-1
-4
0
-3
-5
-5
-1
0
-2
-8
-2
-1
-1
5
1
4
2
0
3
4
0
2
6
11
9
10
11
11
13
12
14
15
19
17
13
13
12
13
15
13
11
8
14
13
12
12
13
12
13
18
14
19
17
19
15
14
15
9
14
13
14
12
13
13
15
17
15
15
11
13
18
23
17
16
18
18
15
12
11
13
20
15
20
20
16
16
11
12
12
10
6
9
10
5
8
8
6
6
6
2
5
0
4
3
3
7
-7
-6
-4
-3
-3
-2
2
2
-1
-2
1
2
-2
-3
-5
-6
-3
-7
-5
4
2
0
3
1
2
2
0
-3
0
9
6
4
2
1
2
-1
0
3
2
6
4
-1
1
5
4
0
0
1
4
6
11
8
11
13
11
15
5
8
8
8
7
7
6
6
12
17
10
9
16
10
12
11
5
3
2
-4
-4
-5
-6
1
4
4
-1
3
-2
-1
-4
-8
-3
-2
-1
-6
-3
-4
-1
3
3
5
4
4
4
3
2
3
1
2
6
5
7
6
10
10
14
11
6
7
7
5
4
2
-2
-5
0
4
3
-4
-7
-5
-8
-4
-4
-7
-10
-8
-8
-12
-8
-16
-18
-11
-10
-13
-13
-11
-11
-8
-9
-14
-14
-15
-13
-12
-12
-9
-13
-17
-19
-15
-13
-14
-9
-11
-9
-11
-13
-15
-15
-10
-6
-7
-10
-4
-4
-3
-4
-4
-8
-11
-7
-8
-1
-3
-2
-2
-6
-2
2
4
3
2
8
6
6
6
5
3
3
7
7
8
8
4
2
-3
-5
-6
-6
-8
-12
-12
-12
-8
-9
-10
-14
-16
-15
-13
-10
-12
-10
-8
-9
-3
-6
-11
-2
-2
-1
-4
-7
-1
5
7
4
8
6
2
7
8
6
5
8
5
4
2
0
1
9
1
1
7
9
10
4
12
6
0
3
5
9
8
11
13
13
11
12
8
12
14
16
17
17
14
14
14
12
14
14
14
14
12
9
13
11
14
14
13
16
11
7
6
13
8
9
8
12
13
12
11
7
3
3
5
3
8
4
2
1
3
0
3
6
6
8
2
5
2
1
3
5
5
8
5
3
6
7
4
5
9
3
5
3
1
3
-2
2
-4
-2
-5
-12
-15
-16
-15
-16
-12
-17
-16
-16
-15
-17
-15
-10
-15
-18
-15
-14
-15
-13
-16
-19
-22
-22
-20
-14
-17
-20
-13
-15
-8
-12
-10
-17
-13
-10
-15
-6
-15
-14
-7
-4
0
-3
-7
-3
-7
-10
-5
-5
-10
-10
-11
-12
-12
-12
-9
-6
-2
-5
-9
-7
-5
-7
-6
-9
-10
-11
-12
-4
-3
-3
-8
-2
0
2
2
3
9
7
12
12
8
-3
-3
-2
-5
-4
-3
-5
-6
-5
-2
-4
-2
-2
-2
-2
-1
4
5
5
9
8
10
13
7
9
4
7
13
12
15
11
12
14
13
14
11
11
8
14
18
17
15
18
17
20
20
18
20
18
20
20
17
17
14
17
19
21
20
15
18
16
13
17
14
6
3
7
7
11
7
9
10
13
17
9
8
3
4
8
6
9
9
6
7
7
7
7
10
7
2
4
3
4
4
1
4
8
9
6
0
6
7
4
6
7
8
9
9
15
25
20
17
19
20
20
23
25
21
28
28
26
31
29
35
38
31
31
38
34
31
36
35
36
39
36
33
31
31
37
35
30
28
23
18
18
16
12
17
15
12
12
8
7
11
10
5
5
5
2
-4
-1
1
-1
-1
-3
-8
-11
-7
-13
-16
-10
-15
-16
-21
-25
-20
-18
-15
-19
-17
-22
-25
-27
-32
-34
-32
-33
-39
-39
-40
-33
-33
-33
-35
-34
-30
-33
-34
-39
-40
-41
-40
-45
-39
-36
-41
-36
-40
-38
-31
-33
-33
-33
-33
-33
-38
-37
-39
-34
-29
-30
-29
-29
-27
-26
-24
-23
-22
-21
-19
-20
-14
-16
-20
-16
-15
-12
-15
-10
-9
-5
-1
0
-2
-3
-4
-3
5
12
10
5
6
9
15
13
13
16
14
14
13
10
4
8
10
16
18
13
13
10
14
18
19
15
12
8
9
14
13
16
13
16
16
20
21
15
10
10
19
18
15
14
15
14
13
18
21
17
10
13
16
19
15
11
13
8
5
8
10
11
9
1
4
7
6
8
10
1
1
2
3
4
-1
-7
-8
-5
-4
-3
-10
-9
-10
-9
-3
-5
-11
-18
-15
-14
-7
-12
-9
-3
-4
-5
-11
-9
-2
-2
-4
-1
-3
0
-7
-8
-9
-8
-4
-1
-4
-9
-8
-8
-2
0
-6
-5
-2
-6
9
13
9
3
-5
-2
2
7
5
0
-4
3
4
3
1
2
3
-2
2
-3
0
2
5
6
-1
0
-2
-1
-2
4
14
6
-1
0
4
9
4
4
5
-2
-2
-3
-5
-3
-5
-11
-11
-8
-11
-12
-8
-14
-12
-13
-11
-11
-23
-27
-17
-17
-19
-17
-25
-26
-29
-29
-32
-27
-21
-20
-20
-22
-23
-20
-16
-15
-9
-15
-19
-19
-21
-16
-7
-5
-15
-17
-16
-9
-6
-10
-9
-9
-9
-6
-11
-5
0
-3
-9
-15
-16
-23
-14
-11
-10
-12
-16
-18
-12
-5
-10
-8
-11
-6
-4
-5
-6
-10
-10
-9
-7
-12
-5
-2
2
5
5
8
6
7
9
13
17
14
8
11
13
12
15
11
7
10
13
11
13
14
11
13
8
9
17
10
13
15
13
7
0
0
2
8
9
9
7
8
5
10
18
13
18
19
22
20
25
21
15
19
18
22
19
18
18
17
19
16
16
14
10
12
7
4
0
1
7
-4
-6
-10
-13
-17
-14
