2
4
4
6
9
3
-3
3
5
2
3
2
4
0
-6
0
6
0
-3
2
8
7
2
2
5
8
8
5
4
6
0
-9
-4
1
-3
-4
-4
-3
3
7
-2
-6
10
10
2
5
3
0
-10
-8
-6
-5
-1
-4
-5
-6
-6
-4
0
-1
1
-3
-8
-4
2
-4
-9
-9
-6
-11
-15
-5
-6
-10
-6
-10
-12
-8
-4
-11
-6
-2
-8
-8
-9
-10
-17
-18
-12
-9
-14
-14
-16
-12
-13
-22
-11
-7
-15
-16
-11
-12
-14
-16
-17
-8
-13
-14
-14
-13
-15
-12
-7
-11
-7
-7
-12
-16
-12
-10
-16
-14
-12
-14
-18
-14
-10
-12
-12
-14
-8
-1
-3
-6
-9
-10
-9
-12
-14
-8
0
-13
-19
-9
-3
3
-1
-5
6
8
1
2
4
5
0
-1
10
10
5
12
9
2
5
8
13
15
11
18
17
15
8
12
17
8
7
11
13
9
6
7
9
12
19
11
4
-1
-1
3
-2
3
1
-1
-1
1
7
11
11
8
5
9
9
8
7
6
6
3
8
10
8
5
5
5
6
5
8
11
8
6
5
2
0
3
2
0
-9
-8
-2
-2
-6
-8
-8
-6
-3
-8
-11
-11
-3
-7
-13
-11
-7
-10
-13
-11
-5
-3
-11
-11
-11
-4
-10
-8
-1
-5
-8
-14
-4
-1
-5
-11
-14
-6
-10
-6
-2
-10
-12
-12
-12
-13
-3
-8
-19
-12
-11
-10
-17
-18
-17
-19
-13
-14
-5
-6
-14
-8
-8
-8
-9
-9
-16
-19
-22
-19
-7
-6
-6
-10
-4
1
-5
-3
3
0
-6
-9
-3
-2
-7
-3
-7
-6
7
3
2
2
-2
0
-3
1
6
8
3
-3
3
11
0
3
8
4
12
1
-1
4
3
-1
-4
3
1
-8
-3
3
-6
-2
-5
-13
-9
-11
-15
-13
-13
-11
-14
-9
-8
-13
-13
-16
-7
-4
-16
-14
-13
-8
-6
-11
-13
-13
-4
-4
-6
-6
-6
-7
-5
-5
-7
-7
-13
-7
-5
-10
-16
-10
-11
-16
-6
-1
-2
1
3
-8
-5
-1
-3
-8
-1
-3
-14
-6
2
1
-6
-3
1
0
4
6
1
3
-2
-5
-3
3
-4
-8
-1
-8
-2
-3
-2
3
4
-3
-8
4
6
5
6
3
-2
3
3
-4
-4
5
8
7
8
7
11
5
11
19
10
6
13
13
13
13
7
13
10
10
11
14
24
14
12
15
20
17
18
19
17
22
14
14
21
19
14
13
12
16
17
20
20
14
12
15
18
17
14
7
13
12
8
13
8
11
10
2
6
14
11
4
5
9
3
6
6
4
8
0
2
7
9
3
0
0
1
4
5
5
0
0
-3
-6
-8
-2
1
-2
-9
-2
5
4
4
0
0
-1
-3
-9
-9
-11
-9
-14
-15
-15
-21
-17
-23
-25
-18
-19
-22
-15
-15
-17
-17
-18
-24
-27
-24
-22
-25
-24
-16
-23
-20
-22
-26
-14
-9
-17
-20
-13
-16
-14
-15
-16
-18
-19
-18
-14
-13
-15
-19
-17
-12
-12
-9
-8
-6
-6
-6
-7
0
-4
-10
-9
-6
1
-8
-10
-9
-8
-11
-9
-5
-5
-4
-3
-4
-5
4
-2
-4
-3
3
2
-7
-6
3
9
5
-1
-7
3
1
-3
0
-6
5
5
-1
1
5
6
4
8
7
6
-1
3
7
2
7
11
6
1
4
9
12
3
8
18
17
12
6
14
9
5
7
9
12
13
13
8
10
14
11
10
15
13
14
14
13
13
11
12
13
12
11
12
13
13
18
14
16
20
15
10
13
18
21
20
15
18
25
26
18
18
22
22
16
16
23
20
23
18
19
25
23
24
27
31
25
22
23
23
22
25
19
14
17
13
15
14
13
14
13
14
9
10
15
14
10
12
19
16
14
11
17
13
3
11
12
10
6
9
13
13
14
15
15
13
16
22
22
14
21
20
21
18
12
17
20
25
11
16
25
25
20
22
26
22
21
20
28
19
11
23
23
20
20
16
22
23
15
21
27
22
15
18
25
21
12
10
21
19
17
15
9
13
13
17
15
14
12
9
8
9
17
16
10
11
13
12
9
4
5
4
2
0
4
4
-5
-3
-3
-5
-7
-3
-4
-2
4
1
-2
2
-2
-15
-9
-5
-10
-15
-18
-15
-9
-15
-14
-16
-14
-17
-21
-14
-20
-21
-20
-21
-23
-21
-23
-28
-23
-27
-28
-32
-29
-25
-19
-19
-18
-16
-18
-16
-17
-13
-18
-22
-23
-25
-18
-25
-31
-20
-25
-31
-18
-11
-13
-14
-16
-22
-20
-16
-14
-18
-15
-12
-17
-14
-10
-11
-12
-11
-11
-9
-14
-6
7
-2
-10
-6
-7
-8
-11
-9
-6
-9
-9
-6
-10
-12
-8
-6
-1
-3
-4
-5
-12
-7
-5
-6
-6
-6
-5
-6
-2
0
-1
-3
-6
1
4
1
-5
-4
-2
-7
-15
-13
-9
-20
-16
-12
-9
-3
-11
-12
-6
-5
-14
-16
-9
-12
-21
-23
-12
-11
-13
-15
-9
-11
-15
-9
-6
-9
-9
-6
-6
-8
-8
-7
-8
-6
-8
-14
-8
-1
3
0
-7
-6
-4
3
-2
-7
0
-3
-6
-2
-7
-4
-10
-15
-5
-6
-4
-10
-8
-5
-10
-6
-5
-11
-5
-3
-14
-8
-12
-12
-9
-10
-4
-3
-2
-1
-3
-6
-4
1
3
2
6
15
14
13
17
10
8
14
12
15
14
16
13
14
13
10
8
9
16
12
6
4
8
12
11
12
13
10
11
9
8
18
8
-1
8
13
2
2
10
5
0
-1
5
4
2
1
5
5
0
-1
0
3
-8
-6
-6
-6
0
-7
-8
-2
1
-8
-10
-11
-7
-8
-10
-7
-4
-2
-15
-14
-6
-7
-5
-6
-12
-16
-13
-13
-13
-11
-16
-14
-9
-11
-13
-17
-19
-22
-21
-17
-16
-8
-15
-17
-13
-11
-8
-17
-13
-16
-14
-15
-10
-5
-13
-11
-6
-1
0
1
-1
2
0
2
8
8
6
3
11
9
9
12
14
13
15
19
15
19
16
14
20
16
12
23
21
23
23
20
20
16
16
15
16
16
12
10
9
13
12
9
6
5
8
12
15
3
-1
6
7
5
8
8
1
-1
-2
3
2
-2
-3
-1
-2
-4
-6
0
3
0
-1
-2
0
-5
-6
1
3
-1
-2
-1
-1
1
3
2
1
-1
2
5
-1
1
0
5
2
2
2
-3
-1
-4
-3
-6
-6
-3
0
-1
-4
3
2
-4
-7
1
1
0
4
3
6
2
1
4
8
8
-5
-1
6
1
3
10
8
8
7
0
5
7
3
-1
5
11
4
4
6
4
9
10
4
3
10
9
5
7
8
7
6
3
-2
1
5
1
6
8
8
10
2
4
1
4
5
-1
2
-2
2
1
0
1
-4
-5
-4
7
0
-1
5
7
3
1
6
7
2
-6
-4
4
-6
-9
0
5
1
-7
-6
-4
1
0
-2
-1
-7
-10
-8
-5
-3
-4
-16
-10
-1
-6
-11
-8
-7
-12
-9
-10
-10
-9
-7
-8
-11
-7
-8
-13
-17
-12
-8
-15
-14
-10
-4
-5
-15
-7
-5
-11
-14
-14
-12
-10
-7
-9
-11
-15
-8
-12
-9
-9
-13
-5
-12
-13
-10
-5
-8
-11
-8
-5
-8
-9
-8
-6
-14
-12
1
-3
-3
-6
0
0
-2
1
-1
3
-1
-5
-14
-7
-4
-2
2
0
-2
-7
-7
-7
0
-7
1
4
-2
-2
-1
1
0
6
1
-5
3
5
2
3
0
4
4
1
5
6
13
8
4
7
8
7
6
6
2
10
10
11
21
16
15
10
12
14
21
20
10
11
10
5
3
12
11
11
16
10
9
12
9
10
8
8
12
14
12
6
7
16
12
3
9
10
11
8
2
-1
1
-5
-7
0
-2
3
3
2
0
2
1
1
6
5
-4
1
9
-2
2
8
12
7
2
4
-1
2
2
-1
5
5
3
2
-3
-1
-3
-7
-8
-4
-7
-6
-8
-7
2
-2
0
-1
-3
-4
0
2
-1
2
5
0
-1
2
7
5
-1
-1
-8
-5
-1
-4
-2
-4
-2
-3
1
2
0
-3
-8
-7
-5
1
-3
-4
0
0
-3
-10
-4
-3
-6
-7
1
2
-8
-6
-5
-5
-1
0
0
5
-7
-6
2
1
2
-1
3
5
0
4
10
9
7
4
11
12
4
10
8
8
6
5
14
13
10
12
13
9
12
12
16
12
8
3
3
16
9
3
5
8
7
5
12
11
3
2
8
11
4
1
1
0
4
6
8
1
1
6
0
-7
-1
2
-5
-6
-9
-13
-12
-13
-16
-13
-10
-13
-17
-13
-10
-12
-12
-16
-19
-17
-16
-13
-10
-8
-17
-16
-12
-17
-11
-8
-10
-10
-10
-16
-15
-10
-8
-12
-15
-11
-19
-12
-7
-10
-4
-12
-5
-1
-6
0
-1
-1
-4
-5
-1
1
3
0
-4
-2
6
6
2
5
10
11
13
11
9
13
5
2
2
5
6
3
6
11
10
8
14
11
15
15
13
14
11
11
11
10
9
15
15
7
6
12
20
13
14
20
22
20
12
14
12
8
14
8
-2
2
6
6
7
8
6
7
5
4
5
6
8
6
4
6
3
-5
-5
-4
-6
-3
-3
-3
-1
-2
-2
-3
-6
-2
-2
-2
-9
-5
-2
-12
-5
-5
-11
-4
-1
-7
-6
-5
-6
-2
-5
-7
-6
-3
-10
-13
-8
-9
-10
-8
0
1
-1
1
-1
-3
-1
5
6
1
-4
1
-3
-5
3
4
2
0
-2
7
2
-2
8
2
1
-5
-1
7
-5
-5
3
-6
-8
0
1
-5
-9
-11
-10
-1
0
1
-3
-8
-10
-9
-8
-6
-3
-11
-11
-11
-9
-12
-14
-9
-5
-12
-14
-9
-13
-15
-17
-15
-15
-12
-23
-29
-24
-19
-14
-13
-11
-14
-12
-7
-11
-7
-14
-20
-12
-13
-11
-11
-15
-14
-19
-19
-3
1
-5
-6
-2
-1
-8
-1
3
2
-3
-3
1
-2
5
12
11
4
1
9
13
9
13
19
14
6
5
4
14
18
10
13
10
15
20
12
17
13
11
13
11
15
18
16
11
16
23
17
15
15
18
19
18
21
21
20
21
17
17
19
19
13
8
14
19
15
12
17
15
19
19
21
23
17
13
10
16
16
17
20
13
8
10
11
14
16
12
13
15
11
1
8
16
10
4
4
4
6
3
-2
1
5
7
6
4
5
3
-4
2
3
2
4
0
-3
-5
-3
2
-1
-2
-2
-4
-1
0
6
1
-2
-2
0
2
-1
-3
-2
-1
-5
-3
1
0
-4
1
7
9
2
7
10
3
1
2
6
5
0
1
7
8
8
8
8
5
6
10
17
15
13
17
17
14
9
15
13
11
9
14
17
15
14
11
16
17
19
20
22
19
15
19
22
18
15
17
10
4
12
14
13
10
10
10
6
6
7
9
0
1
7
2
2
7
5
-2
2
4
-5
-9
-4
-6
-6
-7
-6
0
-5
-8
-6
-6
-10
-10
-10
-9
-7
-8
-9
-12
-17
-7
-5
-8
-8
-5
-3
-7
-6
1
-3
-6
-1
-1
-2
-1
4
1
-2
-1
1
2
-1
-1
-1
-1
-5
-7
-3
-1
-6
-6
-8
-10
-1
-8
-8
0
-4
-7
-8
-3
3
1
0
-8
-6
-3
-4
1
-5
0
3
-8
-7
-1
-5
-5
-9
-6
-5
-1
6
2
5
2
-3
2
7
5
5
5
9
5
9
11
7
9
8
13
13
15
20
24
22
26
20
18
22
18
22
20
21
20
17
15
16
16
16
16
12
10
14
14
13
13
11
12
9
5
0
-1
-4
-7
-12
-12
-6
-12
-15
-15
-12
-12
-18
-19
-12
-17
-23
-25
-24
-21
-23
-20
-22
-19
-19
-15
-15
-15
-11
-13
-11
-1
-1
-3
-4
-9
-8
-10
-8
-4
1
1
-2
3
2
0
4
7
1
4
8
8
7
7
8
9
9
9
9
9
5
2
5
3
0
1
1
1
1
-2
-1
-1
-4
-8
-7
-12
-12
-11
-13
-6
-12
-16
-14
-14
-14
-16
-12
-13
-14
-12
-10
-16
-10
-10
-8
-8
-5
-8
-9
-1
-4
-6
-7
3
1
0
3
2
5
4
8
9
8
12
16
16
15
12
19
23
22
22
24
24
15
19
19
17
22
24
21
20
17
19
16
9
15
15
12
10
6
4
3
-6
-8
-3
-5
-8
-9
-7
-4
-7
-12
-15
-12
-11
-13
-10
-13
-16
-14
-17
-17
-13
-13
-14
-13
-4
-3
-2
4
-2
-5
-1
5
8
7
8
6
15
15
15
23
18
19
24
20
23
23
24
29
33
31
23
29
26
23
27
25
22
23
19
12
17
19
17
9
8
5
4
5
-1
5
1
-1
0
4
6
-3
-5
-3
0
-5
-4
-7
-7
-4
-7
-5
-6
-4
-4
-8
-10
-10
-5
-7
-11
-13
-11
-8
-11
-13
-14
-13
-19
-13
-1
-8
-8
-11
-8
-8
-8
-3
-2
-4
-6
-3
-5
-2
0
-1
-1
1
1
-1
3
-2
1
-1
-4
6
5
4
6
6
8
9
10
12
17
15
11
17
8
3
9
12
9
6
13
11
10
13
10
12
12
10
10
11
12
10
9
13
8
3
5
3
1
5
3
-3
-5
-5
-1
-4
-1
3
-2
-4
-2
-3
-6
-6
-5
-9
-13
-8
-10
-12
-9
-8
-10
-12
-5
-3
-6
-10
-8
-5
-8
-8
-8
-15
-18
-15
-16
-13
-10
-13
-11
-7
-4
-1
-6
-6
2
-2
-2
2
1
-3
-6
2
4
0
0
10
7
5
7
2
12
14
9
13
14
11
11
13
12
10
9
10
8
12
11
8
11
18
18
14
19
21
22
21
21
18
11
12
10
9
3
2
2
2
5
0
5
3
3
4
0
-5
-9
-13
-14
-16
-20
-19
-24
-29
-26
-28
-29
-24
-22
-17
-15
-16
-17
-13
-10
-10
-12
-18
-20
-19
-19
-17
-18
-17
-13
-16
-15
-10
1
5
4
6
6
10
5
2
1
-6
-3
5
-2
-1
2
1
6
13
14
16
27
27
33
37
45
42
33
35
36
30
34
33
30
29
28
31
30
48
52
48
51
58
56
58
59
48
42
45
33
24
30
27
21
20
26
28
25
27
27
15
11
1
-8
-25
-38
-60
-86
-99
-116
-132
-149
-151
-162
-165
-164
-166
-159
-163
-161
-163
-161
-158
-173
-174
-168
-174
-185
-179
-161
-162
-148
-125
-105
-88
-64
-54
-47
-30
-35
-49
-46
-47
-75
-98
-103
-106
-123
-120
-112
-106
-92
-62
-38
-17
9
38
53
71
92
95
110
130
148
156
189
209
237
275
318
360
400
446
481
516
540
561
556
560
546
525
507
495
471
436
432
430
409
405
410
395
380
368
350
295
264
208
152
80
15
-63
-148
-192
-260
-321
-370
-396
-440
-484
-501
-520
-575
-605
-635
-689
-748
-797
-837
-898
-930
-962
-993
-995
-998
-986
-948
-923
-884
-857
-809
-783
-762
-735
-723
-708
-705
-676
-658
-630
-590
-553
-494
-422
-353
-268
-189
-110
-52
5
78
122
148
184
216
234
259
307
372
427
525
636
761
891
1046
1210
1354
1515
1658
1816
1959
2080
2204
2323
2444
2547
2644
2760
2856
2950
3025
3090
3125
3113
3081
3003
2889
2699
2465
2198
1892
1525
1132
736
307
-141
-564
-977
-1408
-1798
-2163
-2512
-2847
-3158
-3438
-3707
-3938
-4169
-4371
-4511
-4638
-4732
-4808
-4806
-4777
-4718
-4587
-4441
-4258
-4058
-3816
-3563
-3322
-3061
-2810
-2557
-2307
-2072
-1853
-1609
-1335
-1085
-807
-502
-171
174
555
940
1325
1730
2139
2530
2864
3203
3482
3745
3971
4118
4226
4310
4381
4376
4332
4271
4165
4024
3859
3667
3382
3082
2781
2410
2001
1557
1140
691
267
-133
-519
-816
-1018
-1177
-1298
-1290
-1208
-1055
-846
-569
-301
-9
357
687
988
1266
1558
1808
1993
2200
2329
2457
2562
2617
2621
2540
2477
2299
2089
1810
1442
1016
546
48
-510
-1084
-1650
-2193
-2721
-3192
-3656
-4015
-4329
-4592
-4816
-4985
-5096
-5200
-5243
-5258
-5306
-5323
-5301
-5243
-5200
-5141
-4981
-4856
-4643
-4407
-4115
-3798
-3405
-2936
-2505
-2061
-1576
-1052
-522
55
576
1099
1615
2186
2691
3172
3688
4159
4607
4990
5343
5652
5913
6138
6278
6277
6229
6088
5931
5626
5234
4774
4254
3702
3057
2422
1762
1125
488
-99
-685
-1183
-1582
-1878
-2139
-2346
-2419
-2419
-2311
-2155
-1924
-1676
-1357
-960
-567
-174
273
742
1178
1563
1951
2316
2635
2905
3097
3193
3190
3149
3009
2793
2475
2099
1662
1166
659
111
-398
-911
-1420
-1918
-2406
-2826
-3200
-3569
-3929
-4270
-4570
-4881
-5156
-5351
-5555
-5736
-5873
-5957
-6007
-6015
-5924
-5797
-5672
-5504
-5283
-5037
-4758
-4451
-4068
-3692
-3267
-2816
-2305
-1691
-1035
-298
402
1131
1877
2677
3457
4155
4793
5392
5901
6330
6701
6986
7206
7319
7399
7310
7184
7027
6792
6451
5993
5465
4849
4173
3472
2694
1804
990
182
-593
-1363
-1965
-2419
-2825
-3103
-3271
-3310
-3201
-2954
-2644
-2334
-1989
-1531
-1081
-609
-173
276
706
1111
1509
1863
2212
2551
2861
3069
3194
3245
3298
3227
3062
2764
2397
1956
1422
936
374
-198
-759
-1279
-1785
-2298
-2692
-3022
-3393
-3733
-4057
-4359
-4676
-4941
-5159
-5458
-5721
-5936
-6142
-6308
-6400
-6425
-6446
-6454
-6336
-6200
-6032
-5769
-5469
-5095
-4723
-4236
-3712
-3139
-2412
-1638
-825
-65
767
1654
2574
3441
4209
4945
5640
6304
6858
7355
7734
8078
8340
8459
8442
8369
8258
8005
7597
7075
6431
5720
4992
4147
3191
2198
1332
430
-478
-1306
-1937
-2485
-2936
-3261
-3508
-3603
-3522
-3266
-3115
-2876
-2540
-2065
-1630
-1232
-787
-361
140
617
1038
1416
1831
2290
2675
2894
3100
3245
3406
3394
3222
2988
2720
2413
1994
1502
986
543
110
-307
-873
-1309
-1662
-1965
-2348
-2802
-3167
-3570
-3874
-4252
-4700
-5132
-5435
-5672
-6014
-6338
-6522
-6630
-6677
-6739
-6787
-6803
-6688
-6463
-6328
-6188
-5929
-5510
-5066
-4605
-4077
-3382
-2556
-1637
-800
37
1028
2081
3121
3950
4720
5479
6252
6952
7407
7798
8141
8462
8665
8687
8632
8491
8359
8077
7576
6931
6291
5648
4798
3814
2792
1810
873
-62
-981
-1847
-2501
-2947
-3384
-3749
-3921
-3891
-3719
-3518
-3309
-3030
-2665
-2109
-1687
-1304
-856
-381
183
594
1122
1568
2074
2615
3005
3369
3651
3976
4186
4187
4116
3950
3729
3462
3014
2559
2037
1571
1098
544
55
-443
-897
-1322
-1838
-2315
-2813
-3275
-3733
-4320
-4737
-5269
-5714
-6137
-6531
-6791
-7100
-7259
-7459
-7597
-7569
-7567
-7540
-7504
-7426
-7231
-7064
-6737
-6395
-5997
-5424
-4804
-4058
-3215
-2239
-1187
-220
826
1932
2979
4030
4893
5731
6427
7129
7757
8164
8532
8797
9061
9193
9202
9115
8928
8716
8354
7784
7127
6355
5527
4539
3471
2370
1285
263
-759
-1703
-2513
-3102
-3589
-3968
-4225
-4283
-4181
-3924
-3689
-3418
-3054
-2577
-2049
-1665
-1177
-721
-208
325
857
1424
1926
2538
3097
3526
3983
4351
4662
4786
4778
4734
4458
4194
3774
3260
2719
2096
1539
926
337
-166
-713
-1200
-1687
-2170
-2559
-3120
-3613
-4148
-4653
-5096
-5690
-6113
-6556
-6859
-7063
-7315
-7448
-7562
-7518
-7430
-7466
-7388
-7302
-7145
-6992
-6942
-6737
-6494
-6039
-5576
-5183
-4560
-3690
-2606
-1592
-697
359
1505
2722
3815
4577
5354
6113
6961
7546
7881
8249
8596
8980
9151
9173
9130
9091
9039
8783
8236
7635
7003
6321
5352
4201
3081
2018
986
-156
-1239
-2190
-2883
-3433
-3884
-4327
-4557
-4526
-4307
-4093
-3883
-3539
-3097
-2545
-2037
-1496
-1045
-482
106
707
1291
1887
2554
3166
3765
4323
4786
5169
5467
5620
5635
5429
5203
4774
4268
3673
3000
2262
1465
787
119
-537
-1159
-1695
-2216
-2666
-3151
-3592
-4141
-4653
-5138
-5671
-6193
-6707
-7069
-7360
-7579
-7722
-7763
-7740
-7585
-7403
-7149
-7001
-6815
-6623
-6470
-6376
-6354
-6245
-6142
-5972
-5786
-5422
-4926
-4091
-3151
-2199
-1234
-105
1248
2501
3579
4453
5252
6073
6877
7383
7748
7977
8356
8619
8734
8826
8842
8930
8952
8842
8535
8120
7709
7236
6322
5366
4251
3221
2082
821
-285
-1435
-2281
-3065
-3687
-4173
-4488
-4526
-4367
-4218
-3844
-3403
-2791
-2204
-1727
-1037
-477
171
669
1160
1765
2322
2994
3628
4118
4765
5269
5859
6219
6384
6580
6412
6293
5819
5245
4610
3816
2942
1944
1009
242
-627
-1388
-2035
-2690
-3135
-3695
-4063
-4569
-5129
-5533
-6097
-6588
-7143
-7611
-7874
-8279
-8392
-8485
-8437
-8253
-8109
-7671
-7422
-7100
-6863
-6660
-6492
-6494
-6497
-6477
-6540
-6487
-6414
-6184
-5611
-4935
-3875
-2959
-1932
-693
563
2044
3158
4050
4885
5569
6523
6980
7360
7698
7926
8372
8509
8799
8890
9050
9281
9325
9115
8796
8429
8011
7219
6150
5080
3875
2804
1480
219
-1009
-2000
-2741
-3433
-4019
-4405
-4525
-4315
-4103
-3725
-3278
-2726
-1969
-1427
-642
-146
561
1126
1678
2307
2849
3545
4103
4776
5363
5945
6410
6874
7090
7208
7060
6816
6340
5661
4901
3943
2920
1767
743
-281
-1228
-2096
-2795
-3497
-3983
-4486
-4789
-5231
-5640
-6018
-6596
-6986
-7564
-7899
-8392
-8688
-8916
-9035
-8971
-8766
-8460
-8118
-7661
-7221
-6724
-6437
-6107
-6024
-5949
-5990
-6023
-6143
-6265
-6260
-6019
-5469
-4737
-3782
-2858
-1708
-469
1049
2398
3552
4425
5321
6136
6874
7415
7667
8004
8167
8577
8646
8804
8938
9118
9267
9229
9083
8792
8395
7851
7105
5933
4897
3654
2513
1112
-171
-1234
-2231
-2949
-3552
-3989
-4207
-4104
-3765
-3319
-2965
-2285
-1701
-974
-407
166
642
1072
1588
2018
2502
2958
3569
4089
4772
5325
5964
6331
6695
6852
6774
6562
6045
5461
4559
3639
2618
1553
478
-462
-1312
-2042
-2784
-3266
-3655
-4010
-4373
-4755
-5169
-5635
-6143
-6688
-7324
-7990
-8366
-8786
-8954
-9129
-8999
-8782
-8458
-8000
-7526
-7041
-6627
-6275
-6143
-6040
-6077
-6196
-6448
-6674
-6836
-6863
-6870
-6423
-5834
-4761
-3554
-2362
-1070
246
1842
3300
4367
5128
5865
6457
7252
7436
7848
7957
8297
8705
8809
9152
9306
9772
9989
10027
9750
9549
9050
8634
7519
6398
5102
3847
2674
1166
94
-1127
-1829
-2617
-3102
-3488
-3485
-3380
-3081
-2890
-2410
-1910
-1380
-816
-644
-48
177
779
966
1351
1830
2342
2916
3486
4060
4705
5253
5650
5995
5929
6106
5719
5393
4603
3850
3092
2171
1247
266
-569
-1294
-1922
-2540
-2972
-3545
-3739
-4243
-4585
-5138
-5642
-6126
-6847
-7386
-8026
-8465
-8836
-9088
-9172
-9114
-8923
-8554
-8322
-7850
-7496
-7100
-6841
-6794
-6713
-6863
-6907
-6997
-7187
-7235
-7208
-6908
-6166
-5356
-4047
-2937
-1694
-174
1191
2896
4017
4980
5831
6410
7329
7735
8102
8451
8650
9098
9295
9553
9909
10114
10415
10567
10364
10244
9735
9352
8499
7304
6212
4833
3679
2227
981
-153
-1167
-1897
-2571
-3069
-3291
-3355
-3129
-2982
-2660
-2254
-1904
-1362
-1114
-666
-357
9
357
676
1143
1677
2204
2838
3449
4058
4720
5160
5580
5712
5810
5677
5339
4735
4000
3123
2259
1346
338
-526
-1371
-2005
-2543
-3052
-3453
-3763
-4117
-4373
-4926
-5289
-5828
-6423
-6932
-7720
-8275
-8869
-9196
-9446
-9666
-9606
-9449
-9172
-8663
-8282
-7851
-7615
-7416
-7229
-7307
-7166
-7346
-7370
-7355
-7221
-6596
-5909
-4736
-3651
-2491
-897
571
2306
3739
4928
6124
6901
7910
8591
9002
9550
9705
10104
10316
10393
10798
10851
11071
11086
10886
10808
10238
9695
8938
7683
6598
5173
3781
2325
720
-422
-1742
-2695
-3519
-4299
-4673
-4865
-4773
-4592
-4310
-3842
-3352
-2827
-2199
-1717
-1228
-735
-289
198
719
1293
1932
2559
3339
4003
4678
5360
5838
6312
6475
6552
6361
5977
5479
4662
3807
2858
1787
896
-51
-821
-1444
-2072
-2462
-2979
-3226
-3477
-3991
-4427
-5033
-5744
-6363
-7162
-7805
-8575
-9257
-9602
-10103
-10109
-10086
-9910
-9523
-9157
-8628
-8342
-8022
-7816
-7784
-7674
-7722
-7756
-7846
-7614
-7124
-6361
-5138
-4111
-2840
-1455
266
2095
3562
4900
6029
7051
8206
8956
9506
10118
10289
10780
10876
11070
11300
11286
11545
11295
11066
10858
10253
9670
8782
7537
6338
4855
3576
1968
369
-896
-2224
-3285
-4204
-4993
-5536
-5750
-5768
-5621
-5449
-4915
-4361
-3716
-3065
-2430
-1779
-1068
-408
133
826
1427
2196
2841
3657
4332
4968
5611
6119
6560
6749
6775
6570
6263
5757
5043
4226
3379
2292
1338
396
-383
-1090
-1764
-2292
-2905
-3239
-3517
-3987
-4455
-5048
-5697
-6306
-7048
-7573
-8257
-8747
-9145
-9552
-9612
-9573
-9320
-9012
-8710
-8370
-8078
-7760
-7517
-7433
-7379
-7487
-7483
-7501
-7258
-6803
-6036
-4937
-3953
-2800
-1395
166
1970
3372
4519
5671
6577
7942
8573
9298
9835
10117
10698
10822
11160
11355
11477
11588
11488
11136
10988
10300
9775
8819
7501
6362
4820
3594
1944
348
-1052
-2336
-3419
-4355
-5356
-5843
-6170
-6140
-5934
-5869
-5443
-5008
-4270
-3658
-3027
-2524
-1872
-1302
-540
45
623
1379
2043
2914
3521
4287
4833
5418
5913
6196
6183
6057
5807
5420
4749
3955
3200
2262
1470
529
-145
-832
-1434
-1888
-2306
-2645
-2915
-3278
-3630
-4110
-4634
-5088
-5765
-6308
-6947
-7463
-7910
-8288
-8538
-8564
-8529
-8314
-8113
-7892
-7552
-7406
-7175
-7119
-7124
-7172
-7306
-7381
-7241
-6977
-6215
-5395
-4530
-3447
-2222
-566
1035
2453
3729
4815
6055
7294
8094
8956
9499
10157
10565
10839
11233
11402
11687
11742
11690
11451
11119
10619
10062
9034
7881
6548
5270
3861
2243
818
-697
-1881
-3077
-3986
-4902
-5541
-5872
-5998
-5897
-5660
-5298
-4868
-4276
-3674
-2975
-2418
-1767
-1202
-539
120
682
1393
2121
2846
3557
4132
4751
5234
5690
5987
5923
5856
5500
5131
4451
3691
2844
1956
1138
317
-402
-1064
-1580
-2038
-2331
-2732
-3044
-3451
-3799
-4301
-4927
-5467
-6103
-6647
-7245
-7763
-8168
-8520
-8629
-8596
-8543
-8338
-8301
-8082
-7976
-7880
-7733
-7830
-7825
-7963
-7961
-7718
-7354
-6604
-5750
-5005
-3874
-2702
-1061
466
1670
3002
3985
5424
6563
7471
8379
9020
9859
10444
10923
11495
11821
12186
12318
12214
12180
11753
11373
10627
9590
8441
7101
5920
4424
2816
1321
-117
-1333
-2501
-3591
-4351
-5088
-5382
-5692
-5801
-5514
-5377
-4820
-4505
-3931
-3269
-2750
-1933
-1494
-789
-22
603
1395
2014
2852
3587
4212
4910
5397
5841
6075
6103
6039
5782
5331
4719
3897
3026
2044
1188
324
-556
-1325
-2023
-2486
-2899
-3189
-3595
-3964
-4274
-4700
-5267
-5746
-6312
-6821
-7486
-8064
-8475
-8930
-8891
-9130
-9037
-9008
-8835
-8453
-8398
-8095
-8052
-7937
-7816
-7855
-7701
-7511
-7137
-6268
-5514
-4641
-3728
-2536
-848
483
1753
2872
4008
5492
6569
7501
8368
9085
9992
10449
11031
11539
11838
12236
12372
12412
12217
11814
11462
10798
9743
8586
7252
6146
4654
3169
1713
281
-812
-2050
-2960
-3858
-4455
-4817
-5139
-5128
-5051
-4871
-4550
-4135
-3586
-3039
-2525
-1918
-1351
-696
100
736
1430
2068
2797
3573
4085
4714
5194
5643
5844
5866
5811
5575
5191
4609
3882
2948
2043
1066
156
-801
-1660
-2407
-2969
-3491
-3991
-4451
-4828
-5012
-5469
-5884
-6456
-6924
-7406
-7980
-8390
-8967
-9297
-9490
-9551
-9524
-9500
-9263
-9080
-8862
-8609
-8381
-8328
-8309
-8178
-7955
-7546
-7106
-6211
-5414
-4573
-3501
-2233
-522
758
1969
3094
4253
5681
6719
7659
8534
9365
10125
10627
11303
11966
12384
12643
12886
13016
12873
12557
12095
11446
10384
9188
8003
6654
5160
3592
2137
809
-464
-1626
-2675
-3543
-4170
-4520
-4904
-4968
-4816
-4695
-4216
-3969
-3330
-2869
-2337
-1603
-1341
-555
-10
700
1361
1945
2819
3383
4097
4717
5317
5779
5992
6110
6073
5875
5431
4807
4016
3028
1992
965
-115
-1126
-2022
-2840
-3545
-4127
-4608
-5014
-5456
-5766
-6306
-6742
-7078
-7615
-8138
-8793
-9184
-9688
-10023
-10206
-10414
-10412
-10385
-10185
-10056
-9842
-9411
-9183
-8920
-8733
-8451
-7763
-7198
-6146
-5309
-4528
-3467
-2383
-676
615
1679
2798
3843
5315
6497
7458
8531
9410
10464
11130
11795
12601
13127
13459
13568
13654
13480
13066
12514
11829
10705
9498
8235
7014
5574
4054
2639
1182
47
-1148
-2143
-3091
-3969
-4484
-4999
-5245
-5320
-5468
-5182
-5056
-4512
-3891
-3365
-2515
-1972
-1037
-230
701
1551
2239
3116
3867
4515
5052
5569
6040
6240
6231
6234
6082
5934
5453
4900
4206
3424
2661
1763
823
-157
-1173
-2029
-2925
-3893
-4663
-5601
-6205
-7029
-7676
-8200
-8815
-9144
-9647
-9937
-10229
-10381
-10328
-10443
-10556
-10551
-10625
-10554
-10686
-10568
-10469
-10564
-10343
-10199
-9451
-8541
-7409
-6064
-5035
-3673
-2107
-489
1290
2363
3469
4531
5588
6978
7613
8550
9369
10178
10972
11539
12430
13156
13592
13976
14223
14217
14097
13442
12817
11642
10270
8917
7351
5882
4028
2371
952
-393
-1471
-2614
-3537
-4203
-4825
-5045
-5432
-5373
-5399
-5295
-4996
-4771
-4178
-3753
-2945
-2374
-1612
-744
251
1312
2197
3224
4058
4964
5738
6356
6887
7086
7155
7116
6973
6734
6110
5477
4787
3986
3118
2246
1284
412
-656
-1554
-2436
-3405
-4183
-5256
-6084
-7038
-7840
-8554
-9357
-10123
-10605
-11147
-11390
-11657
-11729
-11604
-11774
-11450
-11597
-11446
-11458
-11321
-11101
-11126
-10918
-10730
-10011
-8885
-7489
-6336
-5234
-3687
-1861
101
1651
3009
4307
5496
6997
7881
8895
9641
10513
11212
11630
12314
12865
13583
13803
14128
14057
14088
13696
13212
12263
10951
9582
8112
6657
4813
3135
1312
-3
-1425
-2513
-3698
-4437
-5044
-5504
-5855
-5904
-5711
-5794
-5437
-5424
-4780
-4431
-3746
-3080
-2570
-1627
-774
281
1343
2375
3503
4536
5433
6436
7103
7813
8107
8244
8190
8068
7781
7268
6536
5698
4960
4057
3212
2210
1266
295
-525
-1389
-2265
-3283
-4251
-5269
-6450
-7507
-8672
-9712
-10705
-11623
-12258
-12832
-13065
-13038
-13041
-12762
-12681
-12409
-12212
-12028
-11727
-11673
-11426
-11300
-11094
-10507
-9546
-8196
-6878
-5789
-4159
-2358
-248
1801
3153
4804
6024
7644
8873
9548
10643
11182
11971
12231
12650
13235
13608
13926
14033
14032
13872
13710
13137
12475
11156
9958
8525
7071
5485
3603
1890
173
-1095
-2496
-3735
-4764
-5433
-5905
-6291
-6502
-6339
-6260
-5895
-5587
-5280
-4675
-4218
-3319
-2821
-2086
-1234
-302
840
1840
2925
3948
4963
6010
6987
7724
8246
8516
8758
8753
8575
8084
7486
6788
5895
5027
3931
2995
2017
1039
131
-867
-1795
-2754
-3777
-4830
-6055
-7303
-8331
-9527
-10541
-11664
-12561
-13143
-13680
-13767
-14026
-13985
-13885
-13668
-13236
-13006
-12587
-12173
-11839
-11407
-11213
-10758
-9899
-8753
-7266
-6271
-5095
-3285
-1306
980
2645
4108
5813
7148
9025
9933
10895
11861
12425
13116
13152
13606
13817
14015
14037
14027
13698
13554
13083
12611
11757
10437
9324
7782
6544
4600
2920
1044
-535
-1997
-3389
-4603
-5642
-6299
-6740
-6942
-7082
-6765
-6738
-6022
-5663
-4999
-4352
-3784
-2775
-2245
-1264
-405
419
1546
2418
3594
4592
5539
6688
7442
8402
8749
9195
9319
9360
9124
8580
8024
7082
6265
5113
4141
2968
1989
870
-140
-1210
-2245
-3164
-4274
-5283
-6552
-7628
-8710
-9927
-10997
-12077
-12936
-13657
-14329
-14525
-14875
-14744
-14598
-14283
-13919
-13657
-13036
-12616
-12112
-11864
-11535
-10912
-9756
-8463
-7191
-6290
-4826
-2813
-740
1393
2769
4630
6210
8062
9687
10687
12008
12760
13560
13799
14034
14376
14462
14500
14301
14076
13665
13333
12807
12161
11074
9855
8618
7247
5707
3930
2170
564
-1028
-2555
-3952
-5179
-5991
-6750
-7003
-7355
-7247
-7087
-6561
-5959
-5472
-4534
-3956
-2843
-2177
-1153
-328
512
1582
2321
3461
4286
5319
6212
7048
7969
8512
9024
9301
9343
9304
8855
8405
7646
6760
5789
4708
3669
2508
1348
304
-797
-1939
-2899
-4030
-5027
-6196
-7214
-8305
-9502
-10529
-11610
-12570
-13334
-14133
-14585
-14868
-14988
-14862
-14900
-14454
-14400
-13878
-13314
-12935
-12578
-12366
-11486
-10348
-8920
-7606
-6671
-5277
-3210
-1177
818
2126
3892
5499
7329
8947
10060
11466
12450
13436
13776
14350
14666
15072
15028
14919
14546
14053
13679
12886
12185
10837
9577
8205
6966
5372
3759
1997
624
-960
-2270
-3558
-4811
-5537
-6473
-6671
-7245
-7061
-7179
-6672
-6237
-5651
-4908
-4312
-3082
-2436
-1135
-475
673
1648
2673
3853
4648
5649
6418
7316
8089
8555
8906
9227
9307
9344
8879
8539
7855
7125
6306
5237
4245
3102
2035
992
-200
-1342
-2498
-3692
-4735
-6053
-7066
-8281
-9336
-10399
-11445
-12275
-13053
-13765
-14219
-14650
-14913
-14996
-15099
-14765
-14842
-14275
-13984
-13589
-13116
-12699
-11544
-10370
-8836
-7578
-6526
-4720
-2776
-784
997
2294
4109
5565
7528
8929
10246
11744
12836
13848
14485
15228
15747
16168
16022
15928
15301
14979
14111
13163
12013
10405
9032
7487
6084
4274
2623
958
-330
-1866
-2914
-4341
-5229
-6087
-6864
-7253
-7800
-7634
-7949
-7438
-7215
-6577
-5888
-4986
-3848
-2878
-1602
-584
642
1838
3057
4088
5060
5909
6752
7494
8200
8512
8860
9064
9245
9121
8855
8503
7910
7320
6419
5558
4504
3517
2256
1127
-141
-1305
-2552
-3758
-5038
-6322
-7382
-8487
-9583
-10715
-11638
-12592
-13191
-13909
-14362
-14960
-15146
-15366
-15481
-15449
-15307
-14991
-14871
-14412
-14077
-13005
-11807
-10218
-8928
-7748
-5964
-3984
-1781
-2
1444
3060
4624
6514
8057
9317
10806
12069
13412
14204
15212
16046
16872
17156
17243
16882
16509
15954
14817
13593
11686
10292
8394
6853
4926
3086
1423
-118
-1414
-2768
-3973
-5038
-5894
-6821
-7174
-7714
-7589
-7946
-7753
-7457
-7072
-6144
-5618
-4533
-3616
-2370
-1081
19
1450
2777
3960
5198
6039
7083
7793
8568
8984
9147
9423
9520
9514
9104
8723
8111
7620
6758
5942
4814
3822
2710
1562
452
-866
-1902
-3209
-4380
-5781
-7023
-8198
-9431
-10641
-11750
-12859
-13476
-14085
-14522
-14914
-15274
-15230
-15633
-15490
-15471
-15328
-15243
-15114
-14540
-13589
-12217
-10701
-9503
-8152
-6115
-4233
-1950
-580
1222
2765
4365
6363
7467
9260
10415
12029
13153
14120
15211
16078
16935
17328
17515
17164
16979
16171
15439
13809
12157
10477
8581
6818
4606
2772
891
-694
-2177
-3588
-4866
-5657
-6544
-7156
-7779
-7942
-8031
-8113
-7892
-7832
-7348
-6802
-5900
-5198
-4089
-2927
-1566
-354
1192
2692
4021
5357
6373
7534
8285
9265
9602
9928
10000
10157
10048
9696
9336
8722
8244
7430
6795
5867
4964
3935
2895
1700
413
-824
-2066
-3506
-5074
-6518
-7952
-9179
-10443
-11580
-12786
-13612
-14098
-14597
-15043
-15475
-15778
-16078
-16162
-16012
-16057
-16026
-15786
-15245
-14225
-12916
-11351
-10201
-8797
-6796
-4791
-2653
-1050
793
2391
4182
6082
7386
9025
10298
11837
12797
13900
14943
15956
16803
17198
17517
17303
17317
16608
15924
14361
12766
11137
9341
7465
5212
3283
1276
-416
-1998
-3456
-4875
-5727
-6696
-7288
-7915
-7964
-8179
-8297
-8031
-8096
-7588
-7231
-6287
-5814
-4854
-3696
-2508
-1082
374
1970
3286
4744
6039
7216
8196
9077
9568
9927
10078
10255
10144
9924
9571
9132
8680
8027
7457
6737
5870
4875
3845
2627
1300
-113
-1534
-3136
-4727
-6217
-7681
-9099
-10212
-11394
-12257
-13092
-13672
-14127
-14719
-14911
-15505
-15728
-16034
-15887
-15935
-16029
-15834
-15443
-14287
-13114
-11509
-10441
-9005
-6883
-4833
-2612
-1079
727
2422
4011
5962
7025
8563
9823
11196
12308
13233
14504
15421
16409
16874
17284
17232
17359
16797
16087
14698
13111
11613
9785
7991
5582
3633
1495
-270
-1975
-3460
-4969
-6039
-7069
-7797
-8294
-8468
-8557
-8977
-8549
-8624
-8057
-7673
-6982
-6283
-5546
-4123
-3121
-1771
-180
1390
2908
4279
5666
6971
8030
9095
9535
9965
10241
10441
10357
10054
9678
9241
8786
8113
7479
6724
5964
4959
4063
2828
1582
231
-1117
-2651
-4269
-5652
-7179
-8605
-9867
-11093
-12138
-12942
-13749
-14288
-15021
-15223
-15680
-15988
-15963
-16112
-15940
-15975
-15675
-15096
-14132
-12717
-11315
-10219
-8574
-6647
-4439
-2420
-975
891
2356
4284
5946
7128
8713
9882
11431
12440
13514
14723
15581
16551
16994
17276
17273
17187
16691
15810
14307
12775
11157
9473
7538
5188
3264
1264
-426
-2131
-3720
-5110
-6284
-7183
-7995
-8732
-8882
-9162
-9250
-9174
-9050
-8514
-8105
-7105
-6462
-5402
-4124
-2839
-1462
3
1682
3139
4523
5816
7092
8119
9100
9605
10067
10320
10542
10461
10208
9857
9452
9038
8353
7738
6891
6160
5156
4223
3080
1792
545
-724
-2189
-3796
-5199
-6688
-8136
-9589
-10781
-11980
-12911
-13602
-14339
-15036
-15431
-15765
-16044
-16175
-16246
-16302
-16326
-15891
-15222
-14147
-12850
-11534
-10433
-8560
-6553
-4407
-2540
-1059
924
2371
4594
5914
7379
8875
10072
11503
12358
13693
14540
15642
16308
16810
16891
17089
16918
16297
15402
13775
12419
10712
9196
6996
4897
2973
1184
-602
-2255
-3848
-5214
-6319
-7278
-7949
-8712
-8915
-9259
-9055
-9094
-8813
-8374
-7808
-6980
-6082
-4931
-3874
-2597
-1168
334
1648
3332
4524
5891
6996
8245
9050
9587
10266
10527
10745
10495
10427
9901
9599
9019
8409
7606
6754
6019
5063
4051
2898
1757
506
-701
-2207
-3567
-5141
-6441
-7861
-9330
-10661
-11775
-12694
-13589
-14343
-15115
-15619
-16162
-16191
-16444
-16668
-16734
-16680
-16183
-15379
-14131
-12846
-11792
-10355
-8308
-6376
-4162
-2526
-784
860
2547
4616
5780
7442
8807
10182
11314
12384
13714
14620
15655
16240
16711
16790
17014
16740
16078
14972
13576
12211
10565
8855
6665
4782
2854
1144
-599
-2157
-3567
-4893
-6026
-6970
-7739
-8253
-8751
-9169
-9278
-9384
-8968
-8776
-8127
-7550
-6511
-5345
-4179
-2814
-1420
244
1650
3272
4458
5859
6941
8068
8730
9294
9838
10208
10419
10224
10273
9903
9825
9270
8829
8097
7302
6629
5625
4658
3470
2308
1029
-285
-1782
-3111
-4659
-5968
-7390
-8707
-9796
-10962
-11810
-12764
-13589
-14395
-15158
-15746
-16123
-16461
-16706
-16889
-16739
-16116
-15036
-13715
-12450
-11408
-9738
-7711
-5748
-3773
-2434
-615
804
2757
4337
5536
7217
8424
9966
10885
12264
13387
14523
15461
15981
16383
16471
16602
16006
15266
13918
12636
11199
9674
7825
5862
4161
2421
810
-763
-2162
-3500
-4662
-5798
-6681
-7497
-7808
-8487
-8867
-9188
-9258
-8881
-8695
-7975
-7518
-6368
-5219
-3999
-2661
-1275
321
1713
3115
4292
5471
6582
7538
8172
8677
9117
9482
9509
9503
9325
9152
8941
8521
8061
7329
6684
5921
5014
3929
2787
1583
385
-949
-2254
-3524
-4910
-6148
-7513
-8699
-9783
-10815
-11686
-12698
-13455
-14137
-14806
-15171
-15508
-15727
-16028
-16019
-15644
-14802
-13652
-12354
-11267
-9925
-7884
-6055
-3972
-2653
-998
466
2026
3843
4836
6466
7630
9096
10176
11292
12524
13494
14481
15056
15475
15672
15880
15526
14996
13864
12670
11307
9971
8348
6424
4715
3104
1603
154
-1174
-2550
-3599
-4757
-5526
-6620
-7169
-7745
-8182
-8359
-8755
-8575
-8442
-7829
-7230
-6420
-5476
-4369
-3164
-1642
-363
1080
2427
3648
4828
5782
6886
7417
8137
8538
9034
9109
9270
9310
9086
8935
8554
8211
7523
6905
6123
5317
4260
3278
2066
894
-371
-1740
-3000
-4416
-5633
-6924
-8125
-9124
-10045
-10847
-11552
-12347
-13020
-13831
-14305
-14658
-15112
-15602
-16025
-15966
-15357
-14279
-13130
-12051
-10945
-8973
-7038
-5039
-3362
-1928
-238
993
2786
3909
5166
6522
7613
8802
9599
11012
12106
13176
13967
14619
15062
15414
15486
15030
14240
12953
11841
10342
8960
7124
5399
3819
2270
892
-430
-1583
-2769
-3881
-4852
-5594
-6356
-6764
-7378
-7687
-8054
-8084
-7956
-7790
-7316
-6762
-5929
-4957
-3790
-2538
-1105
219
1752
2932
4248
5293
6339
7107
7652
8211
8549
8887
8790
8857
8566
8470
8174
7864
7381
6787
6238
5557
4838
3898
2883
1695
596
-741
-2036
-3387
-4658
-6048
-7317
-8360
-9299
-10175
-10963
-11619
-12368
-12966
-13482
-13902
-14305
-14729
-15130
-15409
-15295
-14510
-13480
-12359
-11395
-10052
-8090
-6081
-4047
-2497
-961
577
2154
3808
4897
6261
7463
8600
9545
10498
11672
12517
13513
14019
14517
14648
14970
14805
14210
13284
11925
10820
9324
7948
5998
4341
2796
1362
18
-1220
-2333
-3391
-4361
-5239
-5957
-6593
-7038
-7582
-7816
-8200
-8190
-8118
-7686
-7286
-6580
-5656
-4692
-3451
-2141
-574
659
2140
3307
4517
5494
6428
7067
7533
8034
8443
8695
8734
8798
8677
8692
8373
8160
7633
7049
6360
5567
4734
3643
2549
1332
3
-1353
-2594
-3920
-5246
-6582
-7706
-8752
-9627
-10391
-11191
-11857
-12461
-13037
-13602
-14074
-14307
-14705
-15048
-15236
-15083
-14233
-13056
-11812
-10862
-9585
-7441
-5274
-3286
-1677
-303
1370
2819
4480
5475
6587
7774
8754
9695
10525
11653
12558
13556
14049
14587
14668
15039
14804
14249
13169
11718
10593
9003
7507
5394
3759
2030
719
-675
-1857
-2998
-3888
-4722
-5589
-6033
-6688
-7090
-7647
-7749
-8177
-8171
-8038
-7676
-7361
-6511
-5551
-4655
-3361
-1994
-367
838
2461
3580
4819
5874
6865
7440
7860
8353
8676
8865
8791
8746
8537
8458
8093
7828
7203
6629
5916
5228
4272
3244
2210
1005
-277
-1565
-2734
-4117
-5232
-6519
-7674
-8802
-9494
-10283
-11075
-11687
-12214
-12773
-13218
-13387
-13691
-13968
-14322
-14465
-14500
-13704
-12629
-11600
-10767
-9609
-7438
-5376
-3290
-1729
-258
1478
2928
4737
5668
6842
7952
8897
9866
10529
11728
12406
13324
13755
14307
14381
14665
14590
13949
12973
11531
10542
8849
7369
5170
3395
1628
223
-1165
-2549
-3632
-4617
-5334
-6090
-6444
-7015
-7266
-7697
-7629
-7869
-7749
-7578
-7186
-6662
-5967
-5013
-4175
-2955
-1667
-106
1060
2500
3610
4942
5896
6845
7366
7803
8229
8470
8628
8351
8389
8018
7944
7411
7112
6501
5972
5316
4459
3599
2606
1724
489
-607
-1951
-3049
-4266
-5250
-6451
-7564
-8551
-9373
-10108
-10848
-11432
-12100
-12634
-13149
-13426
-13639
-13789
-14120
-14229
-14106
-13211
-12083
-10962
-10100
-8973
-6858
-4900
-2970
-1600
-74
1491
3045
4737
5748
7054
8252
9395
10291
11165
12302
13045
13881
14298
14640
14702
14895
14645
13866
12808
11398
10253
8703
7082
4997
3210
1572
6
-1344
-2701
-3917
-4915
-5789
-6577
-7120
-7380
-7722
-8239
-8115
-8113
-7869
-7574
-6947
-6423
-5696
-4463
-3544
-2424
-1043
516
1652
2826
4036
5143
6115
7029
7514
7851
8226
8619
8722
8546
8434
8153
7990
7510
7022
6416
5728
5006
4118
3142
2087
1077
68
-1226
-2439
-3469
-4519
-5628
-6654
-7656
-8660
-9389
-10049
-10686
-11530
-11874
-12442
-12938
-13345
-13503
-13617
-14080
-14020
-14021
-13298
-12243
-10927
-10005
-8985
-6978
-4926
-3023
-1549
-2
1500
3056
4703
5838
6929
8147
9372
10288
11163
12225
13118
14002
14529
14964
15095
15279
15069
14383
13283
11861
10608
9034
7299
5174
3389
1554
-25
-1479
-2833
-4128
-5212
-6034
-7004
-7490
-7858
-8130
-8708
-8659
-8590
-8401
-7953
-7468
-6755
-6045
-4694
-3692
-2541
-1067
432
1888
3021
4274
5331
6415
7418
7875
8319
8586
8972
9051
8909
8719
8407
8254
7730
7183
6492
5880
5111
4270
3239
2148
1145
92
-1070
-2345
-3321
-4346
-5363
-6456
-7436
-8345
-9059
-9817
-10520
-11271
-11672
-12052
-12588
-13027
-13428
-13341
-13596
-13706
-13937
-13691
-12821
-11669
-10532
-9680
-8360
-6397
-4398
-2627
-1133
305
2053
3530
5106
6079
7403
8644
9794
10821
11586
12688
13620
14591
14988
15386
15495
15568
15091
14403
13119
11684
10267
8563
6779
4686
3025
1089
-424
-1952
-3202
-4594
-5704
-6781
-7710
-8258
-8764
-9076
-9672
-9507
-9397
-8769
-8195
-7518
-6510
-5482
-4019
-2816
-1486
-32
1332
2836
3868
4944
6064
7019
7978
8362
9053
9291
9682
9912
9872
9666
9254
8997
8297
7598
6751
5917
4819
3832
2681
1506
368
-715
-1887
-3079
-4063
-5002
-5986
-6898
-7773
-8642
-9351
-10246
-10814
-11566
-11902
-12435
-12856
-13189
-13521
-13420
-13536
-13505
-13644
-13382
-12783
-11628
-10420
-9312
-8221
-6573
-4618
-2889
-1166
204
1701
3031
4572
5873
7015
8390
9538
10548
11424
12502
13523
14308
14935
15199
15249
15130
14868
14162
13023
11602
10060
8498
6780
4995
3051
1258
-361
-1760
-3081
-4405
-5605
-6647
-7448
-7994
-8515
-9024
-9400
-9449
-9205
-8870
-8344
-7744
-6853
-5769
-4475
-3224
-1812
-244
1320
2740
3990
5334
6518
7617
8400
8971
9351
9714
9986
10041
9833
9591
9282
8825
8259
7569
6896
6037
5204
4253
3222
2182
1127
-5
-1196
-2396
-3556
-4759
-5893
-6935
-7885
-8692
-9507
-10241
-10805
-11182
-11449
-11693
-11961
-12105
-12398
-12543
-12771
-12763
-12799
-12953
-12822
-12559
-11589
-10391
-9000
-7857
-6499
-4529
-2443
-594
890
2188
3497
4935
6288
7271
8092
9152
10135
11070
11894
12842
13645
14395
14772
14861
14802
14622
14157
13070
11762
10095
8603
6855
5009
2946
1019
-665
-2223
-3552
-4894
-5953
-6871
-7624
-8342
-8646
-8891
-9095
-9298
-9116
-8796
-8160
-7277
-6611
-5744
-4573
-2953
-1606
-96
1384
2831
4321
5838
7083
8068
9019
9681
10059
10245
10471
10321
10161
9763
9264
8719
8196
7627
6871
6093
5234
4285
3365
2336
1134
-40
-1492
-2786
-4215
-5442
-6732
-7896
-8822
-9781
-10366
-10905
-11285
-11616
-11713
-11817
-11941
-12004
-12069
-12296
-12445
-12479
-12540
-12550
-12514
-12349
-11911
-10888
-9541
-8232
-6889
-5231
-3311
-1215
607
2151
3403
4794
6161
7301
8220
9050
10050
10927
11832
12513
13287
13951
14595
14895
14861
14692
14380
13784
12641
11191
9462
7759
5888
3963
1794
-122
-1795
-3303
-4688
-5874
-6773
-7563
-8193
-8708
-8974
-9109
-8886
-8839
-8601
-8208
-7447
-6494
-5689
-4527
-3510
-2107
-562
977
2580
3908
5542
6861
8028
9127
9811
10484
10695
10915
10786
10502
10266
9794
9209
8436
7699
6983
6265
5370
4469
3332
2357
1287
173
-1078
-2539
-3807
-5171
-6423
-7582
-8685
-9665
-10459
-11050
-11367
-11819
-11868
-11930
-11927
-11719
-11678
-11415
-11598
-11576
-11627
-11810
-11719
-11870
-11813
-11664
-11069
-9865
-8698
-7132
-5599
-3895
-1857
111
2059
3462
4763
6002
7089
8145
8959
9603
10293
10968
11702
12319
12906
13592
14033
14388
14416
14176
13783
12942
11744
10094
8190
6333
4302
2349
242
-1666
-3111
-4371
-5281
-6179
-6825
-7270
-7582
-7660
-7809
-7817
-7733
-7647
-7394
-7113
-6536
-5736
-4767
-3707
-2593
-1075
566
2287
3951
5467
6835
8102
9261
9993
10410
10682
10667
10384
10084
9785
9295
8695
8140
7561
6983
6507
5890
5001
4011
3006
1941
682
-643
-2140
-3724
-5203
-6571
-7784
-8862
-9809
-10524
-11074
-11336
-11402
-11443
-11370
-11417
-11233
-11152
-11097
-11098
-11223
-11372
-11602
-11555
-11536
-11451
-11265
-10867
-10335
-9322
-7816
-6245
-4710
-3189
-1436
405
2287
3899
4834
5742
6753
7718
8489
8929
9636
10185
10980
11654
12159
12761
13237
13670
13618
13278
12670
11900
10756
9259
7335
5523
3694
1979
309
-1401
-2661
-3670
-4334
-5030
-5533
-5937
-6236
-6445
-6435
-6559
-6491
-6355
-6218
-5787
-5207
-4260
-3598
-2585
-1394
-108
1408
2888
4235
5501
6856
8111
8870
9517
10058
10230
10305
10030
9777
9240
8825
8212
7433
6712
5948
5277
4430
3545
2504
1549
476
-613
-1888
-3165
-4572
-5840
-7047
-8293
-9202
-10010
-10555
-11053
-11147
-11153
-11181
-11024
-10841
-10743
-10562
-10420
-10383
-10466
-10428
-10352
-10507
-10325
-10193
-9999
-9744
-9173
-8272
-7042
-5456
-3953
-2647
-1067
856
2524
3942
4729
5611
6371
7224
7894
8161
8742
9203
9876
10325
10770
11268
11727
12098
12172
11874
11456
10851
9951
8741
7018
5482
3812
2301
688
-858
-2014
-2968
-3621
-4234
-4677
-4946
-5142
-5277
-5194
-5223
-5177
-5211
-5041
-4795
-4338
-3666
-3118
-2386
-1342
-34
1258
2653
3881
5189
6370
7679
8446
8955
9416
9550
9482
8965
8636
7946
7327
6568
5768
4967
4308
3773
3075
2294
1520
833
-42
-888
-2017
-3067
-4342
-5387
-6519
-7672
-8540
-9276
-9740
-10206
-10254
-10206
-10095
-9861
-9495
-9320
-9042
-8824
-8612
-8636
-8738
-8787
-9094
-9059
-9049
-9027
-9007
-8657
-7824
-6572
-5183
-3735
-2583
-1106
620
2113
3387
3881
4621
5199
5860
6331
6569
7105
7539
8156
8740
9263
9912
10602
11080
11336
11187
11068
10569
9755
8671
7109
5595
4024
2549
978
-545
-1637
-2475
-3227
-3697
-4109
-4281
-4501
-4601
-4513
-4692
-4684
-4815
-4821
-4755
-4430
-3899
-3488
-2795
-1725
-530
768
2170
3487
4801
5993
7280
7996
8491
8892
8950
8787
8229
7841
7185
6554
5886
5149
4511
3906
3502
2958
2315
1663
1003
261
-556
-1463
-2440
-3638
-4739
-5735
-6744
-7573
-8236
-8766
-9181
-9328
-9211
-9144
-9006
-8659
-8471
-8146
-7921
-7694
-7650
-7763
-7789
-8112
-8234
-8328
-8511
-8618
-8519
-7921
-6897
-5720
-4413
-3314
-1961
-308
1163
2486
3188
3871
4490
5090
5658
5927
6389
6829
7417
8084
8673
9380
10132
10817
11223
11377
11323
11036
10371
9478
8209
6725
5279
3707
2258
767
-413
-1414
-2266
-2856
-3385
-3709
-4047
-4330
-4475
-4618
-4767
-4922
-5015
-4960
-4767
-4268
-3779
-3154
-2264
-1120
112
1393
2739
3951
5109
6197
7098
7567
7938
7993
7899
7501
7114
6616
5988
5455
4731
4216
3606
3230
2699
2165
1546
922
330
-331
-1073
-1986
-2945
-4032
-4940
-5947
-6778
-7600
-8162
-8603
-8817
-8785
-8661
-8376
-8037
-7658
-7434
-7169
-7069
-7034
-7216
-7508
-7994
-8375
-8585
-8780
-9030
-9073
-8754
-7998
-6785
-5578
-4387
-3292
-1766
-278
1086
2077
2696
3248
3823
4500
4927
5423
5992
6789
7611
8486
9358
10274
11265
11973
12320
12360
12173
11748
10988
9833
8334
6693
5200
3683
2193
789
-370
-1288
-2027
-2546
-3003
-3416
-3777
-4102
-4381
-4625
-4748
-4871
-5044
-5073
-4823
-4287
-3773
-3069
-2204
-1160
81
1416
2758
3819
4972
6015
6680
7117
7370
7485
7197
6805
6375
5736
5233
4683
4110
3444
2985
2752
2370
1982
1515
1055
527
-56
-792
-1734
-2771
-3804
-4815
-5777
-6570
-7169
-7621
-7923
-8029
-7896
-7687
-7434
-7179
-7081
-6986
-6982
-6976
-7195
-7504
-7894
-8438
-8877
-9204
-9322
-9536
-9620
-9425
-8864
-7770
-6533
-5406
-4373
-3117
-1540
-181
973
1775
2446
3292
4145
4988
5619
6485
7540
8564
9529
10501
11513
12511
13208
13521
13474
13221
12874
12019
10791
9157
7583
6081
4512
2945
1432
192
-788
-1575
-2264
-2861
-3308
-3622
-4116
-4509
-4838
-5046
-5298
-5563
-5680
-5661
-5219
-4596
-3921
-3132
-1985
-666
708
2059
3343
4450
5427
6202
6592
6803
6874
6701
6201
5657
5145
4695
4282
3943
3528
3243
3169
3123
2946
2590
2264
1715
1048
160
-785
-1899
-3061
-4160
-5245
-6078
-6771
-7106
-7452
-7593
-7466
-7250
-7017
-6903
-6725
-6709
-6790
-6889
-7199
-7655
-8060
-8560
-9194
-9854
-10106
-10203
-10340
-10225
-9917
-9190
-8006
-6570
-5286
-4234
-2916
-1383
-30
1189
2044
2902
3736
4680
5694
6529
7615
8637
9747
10727
11707
12695
13513
14041
14159
13955
13516
12860
11829
10488
8797
7194
5580
4076
2688
1419
283
-722
-1450
-2033
-2562
-3029
-3575
-4225
-4744
-5194
-5462
-5829
-5974
-6083
-5971
-5430
-4772
-3851
-2839
-1654
-505
659
2055
3229
4091
4839
5244
5615
5717
5848
5642
5155
4897
4561
4457
4188
4049
3911
3748
3643
3493
3308
3008
2486
1740
837
-179
-1073
-2144
-3280
-4436
-5469
-6207
-6702
-6982
-7228
-7383
-7187
-6989
-6822
-6622
-6529
-6590
-6870
-7076
-7429
-7909
-8322
-8825
-9411
-9873
-10074
-10115
-10132
-9943
-9566
-8914
-7892
-6655
-5448
-4272
-2957
-1587
-235
1058
2209
3144
4023
4990
6033
6952
7940
8867
9831
10640
11489
12336
12942
13424
13551
13507
13013
12476
11717
10735
9434
7976
6550
5211
4016
2797
1667
604
-213
-1011
-1601
-2309
-2920
-3539
-4045
-4533
-5022
-5263
-5448
-5500
-5516
-5318
-4932
-4190
-3408
-2549
-1801
-829
224
1251
2216
2851
3380
3804
4261
4488
4533
4489
4448
4265
4215
4131
4066
3950
3838
3755
3531
3390
3103
2655
1914
1118
235
-716
-1720
-2749
-3818
-4774
-5476
-5996
-6376
-6574
-6577
-6606
-6529
-6333
-6163
-6151
-6260
-6452
-6768
-7132
-7422
-7875
-8371
-8761
-8952
-9047
-9105
-9015
-8827
-8487
-8026
-7454
-6804
-5977
-5013
-3948
-2957
-1947
-871
235
1333
2333
3285
4182
5079
6069
6994
7947
8879
9736
10500
11035
11608
11896
12105
12094
11878
11492
10904
10261
9462
8573
7604
6622
5562
4576
3544
2665
1695
770
2
-781
-1540
-2331
-3062
-3728
-4325
-4670
-4947
-5301
-5289
-5158
-4873
-4548
-4003
-3333
-2657
-1829
-1039
-410
289
1094
1714
2231
2651
3081
3304
3569
3768
3874
3895
4038
4118
4012
3916
3737
3579
3161
2791
2298
1664
937
267
-489
-1318
-2010
-2537
-3031
-3649
-4037
-4460
-4830
-5050
-5223
-5466
-5810
-6042
-6277
-6579
-6728
-6956
-7232
-7446
-7543
-7580
-7618
-7482
-7470
-7489
-7396
-7157
-6968
-6831
-6719
-6562
-6299
-5789
-4958
-4151
-3200
-2285
-1146
89
1228
2492
3503
4502
5298
6087
6884
7487
8111
8596
9079
9475
9922
10255
10563
10740
10806
10829
10723
10545
9993
9322
8413
7391
6297
5213
4092
2898
1748
689
-256
-1088
-1813
-2415
-2854
-3354
-3776
-4170
-4343
-4592
-4741
-4803
-4897
-4905
-4727
-4315
-4010
-3552
-2908
-2063
-1237
-311
527
1241
1910
2630
3196
3574
3811
3822
3764
3540
3449
3189
3025
2848
2678
2490
2309
2195
1979
1736
1331
970
409
-111
-717
-1418
-2213
-2976
-3542
-4143
-4725
-5282
-5769
-6135
-6229
-6200
-6171
-6113
-6065
-6093
-6132
-6152
-6198
-6392
-6503
-6643
-6944
-7110
-7139
-7115
-7097
-6962
-6624
-6210
-5657
-4817
-3919
-2943
-1930
-876
207
1098
1923
2674
3303
3878
4405
5109
5776
6461
7169
7870
8580
9194
9986
10578
11040
11198
11178
10999
10597
10056
9284
8306
7160
6032
4848
3820
2757
1890
1032
267
-361
-992
-1608
-2256
-2902
-3590
-4161
-4672
-5168
-5816
-6163
-6383
-6362
-6169
-5680
-5061
-4419
-3431
-2477
-1424
-455
563
1360
1946
2510
2901
3070
3259
3334
3344
3400
3501
3623
3534
3691
3841
3935
3948
3932
3723
3262
2741
2097
1329
407
-400
-1300
-2301
-3214
-3911
-4488
-4983
-5277
-5429
-5537
-5634
-5530
-5529
-5570
-5560
-5720
-5970
-6323
-6551
-6774
-7006
-7061
-7077
-7099
-6830
-6531
-6236
-5946
-5582
-5084
-4763
-4136
-3530
-2905
-2382
-1743
-967
-243
613
1469
2331
3169
4105
5120
6166
7033
8034
8738
9451
9933
10323
10669
10737
10788
10524
10213
9805
9373
8656
8006
7168
6431
5515
4608
3742
2640
1687
649
-358
-1527
-2583
-3632
-4528
-5529
-6234
-6815
-7182
-7407
-7481
-7314
-7070
-6513
-5922
-5073
-4374
-3437
-2619
-1743
-841
0
815
1501
2219
2791
3304
3847
4410
4718
5078
5428
5759
5811
5920
5929
5806
5517
5211
4833
4103
3389
2521
1657
661
-203
-1080
-1948
-2835
-3527
-4127
-4629
-4975
-5326
-5569
-5815
-6001
-6280
-6473
-6669
-6729
-6919
-6951
-6917
-6933
-6801
-6633
-6361
-6141
-5840
-5553
-5398
-5375
-5177
-5048
-4923
-4737
-4500
-4119
-3620
-2926
-2156
-1397
-335
877
1925
3043
3965
4913
5620
6347
7063
7499
7966
8331
8659
8804
9008
9284
9509
9550
9547
9378
9067
8577
7933
7187
6174
5168
3931
2669
1288
-73
-1327
-2511
-3548
-4476
-5273
-5920
-6447
-6889
-7019
-7095
-7003
-6882
-6630
-6257
-5886
-5416
-4789
-4055
-3163
-2175
-1227
-197
753
1929
2990
4004
4904
5698
6383
6849
7178
7276
7337
7203
7100
6732
6300
5841
5312
4771
4150
3592
3019
2323
1548
710
-232
-1075
-1931
-2658
-3510
-4285
-5004
-5644
-6187
-6617
-6793
-6976
-6958
-6924
-6696
-6464
-6184
-5824
-5491
-5125
-4829
-4600
-4467
-4374
-4331
-4274
-4241
-4221
-4222
-4132
-4039
-3944
-3821
-3386
-2769
-2114
-1353
-642
126
839
1629
2323
2888
3356
3862
4242
4556
4936
5332
5871
6274
6710
7060
7329
7566
7675
7585
7359
6979
6540
5930
5038
4143
3046
2037
1081
133
-767
-1648
-2394
-3029
-3582
-3976
-4313
-4639
-4857
-5049
-5165
-5251
-5189
-5083
-4762
-4420
-3940
-3318
-2591
-1652
-820
244
1309
2364
3392
4307
5028
5556
5981
6311
6450
6308
6132
5862
5553
5230
4866
4551
4241
3867
3606
3207
2761
2281
1781
1184
395
-403
-1222
-2021
-2933
-3641
-4409
-4938
-5308
-5558
-5574
-5574
-5358
-5084
-4766
-4439
-4082
-3836
-3483
-3348
-3191
-3052
-3016
-2858
-2847
-2788
-2759
-2719
-2674
-2607
-2635
-2573
-2649
-2725
-2762
-2867
-2889
-2971
-3027
-2950
-2791
-2540
-2139
-1744
-1139
-650
20
676
1293
1868
2443
3004
3285
3696
3884
4193
4258
4403
4532
4509
4623
4641
4599
4465
4346
4123
3907
3409
3036
2476
1880
1360
749
263
-252
-717
-1107
-1476
-1763
-1846
-2024
-1949
-1936
-1787
-1584
-1339
-1033
-777
-346
15
435
742
1243
1613
1941
2324
2680
2913
3176
3371
3389
3372
3288
3432
3166
3107
2972
2697
2511
2222
2073
1743
1468
1223
900
478
206
-123
-454
-760
-1085
-1314
-1600
-1807
-1918
-2075
-2126
-2075
-2079
-2010
-2007
-1892
-1854
-1801
-1726
-1649
-1622
-1632
-1602
-1787
-1764
-1889
-2022
-2192
-2423
-2606
-3023
-3320
-3634
-4094
-4491
-4784
-5184
-5566
-5746
-5806
-5721
-5571
-5105
-4577
-4157
-3348
-2718
-2037
-1382
-783
-111
254
765
1177
1556
1913
2364
2766
3192
3610
3977
4411
4657
5015
5261
5384
5441
5373
5167
4888
4492
4133
3638
3158
2714
2186
1723
1331
1005
609
438
140
-20
-289
-429
-582
-904
-871
-1010
-1113
-1186
-1149
-1088
-1008
-776
-423
-156
223
642
932
1185
1466
1712
1810
1899
1871
1900
1713
1743
1677
1583
1634
1620
1736
1670
1783
1860
1891
1883
1895
1823
1608
1420
1165
876
537
311
81
-199
-382
-524
-646
-730
-750
-770
-868
-915
-1080
-1250
-1475
-1712
-2040
-2478
-2777
-3279
-3771
-4234
-4647
-5080
-5543
-5807
-6184
-6528
-6751
-6828
-6931
-6981
-6765
-6548
-6237
-5888
-5333
-4825
-4183
-3452
-2800
-2147
-1571
-769
-260
458
1054
1700
2335
2830
3510
3878
4451
4930
5432
5758
6042
6271
6443
6473
6386
6288
5997
5785
5327
4890
4318
3836
3303
2795
2278
1756
1242
678
286
-248
-672
-1023
-1245
-1563
-1817
-1975
-1970
-1995
-1884
-1625
-1449
-1087
-732
-324
3
384
738
1067
1230
1515
1570
1655
1798
1795
1968
1963
2223
2305
2453
2598
2744
2901
2995
3098
3079
3064
2873
2709
2430
2164
1798
1470
1127
782
459
146
-77
-357
-576
-845
-1095
-1376
-1720
-2104
-2463
-2903
-3308
-3713
-4102
-4497
-4926
-5233
-5566
-5868
-6100
-6359
-6598
-6809
-7038
-7234
-7453
-7445
-7480
-7498
-7308
-7094
-6652
-6170
-5479
-4758
-4072
-3143
-2328
-1454
-706
26
794
1455
2147
2656
3261
3796
4398
4874
5429
5960
6432
6950
7221
7553
7595
7699
7586
7381
6982
6419
5870
5218
4602
3853
3241
2614
2046
1458
964
469
72
-365
-733
-1086
-1480
-1743
-2108
-2272
-2507
-2579
-2554
-2463
-2262
-2022
-1640
-1228
-723
-207
321
797
1195
1531
1723
1997
2188
2278
2402
2419
2571
2608
2791
3012
3204
3449
3691
3931
4037
4135
4089
4039
3783
3510
3081
2544
2027
1412
831
279
-194
-616
-1020
-1404
-1715
-2129
-2435
-2776
-3101
-3562
-4092
-4626
-5184
-5669
-6185
-6527
-6882
-7068
-7254
-7322
-7345
-7359
-7289
-7246
-7194
-7281
-7363
-7461
-7464
-7491
-7418
-7151
-6755
-6187
-5536
-4739
-3809
-2848
-1718
-665
312
1209
1947
2694
3233
3787
4219
4630
5038
5372
5709
6065
6493
6899
7288
7624
7935
8047
8107
8027
7813
7465
7017
6480
5810
5050
4290
3531
2745
2068
1373
827
210
-305
-793
-1229
-1565
-1906
-2123
-2421
-2598
-2775
-2826
-2822
-2742
-2542
-2304
-1949
-1590
-1181
-747
-270
191
599
962
1308
1600
1837
2116
2351
2594
2872
3211
3562
3823
4184
4517
4806
5030
5148
5167
5008
4758
4410
3938
3325
2708
2011
1298
537
-192
-827
-1449
-1981
-2489
-2971
-3444
-3848
-4237
-4611
-5017
-5403
-5782
-6203
-6577
-6966
-7304
-7555
-7756
-7914
-8012
-8057
-8019
-7967
-7857
-7682
-7553
-7374
-7177
-6997
-6777
-6521
-6124
-5637
-5125
-4440
-3734
-2924
-2042
-1194
-210
679
1574
2390
3119
3829
4398
5014
5594
6157
6631
7155
7636
8081
8501
8847
9207
9369
9491
9416
9194
8821
8308
7705
6955
6126
5220
4294
3310
2349
1444
633
-118
-794
-1414
-1935
-2453
-2873
-3218
-3492
-3693
-3944
-4038
-4114
-4104
-4097
-3925
-3586
-3227
-2801
-2275
-1619
-1019
-359
336
1050
1624
2208
2759
3206
3612
3916
4266
4558
4842
5043
5202
5369
5446
5433
5333
5201
4936
4508
4005
3375
2710
1923
1121
340
-494
-1303
-2117
-2779
-3437
-4051
-4601
-5052
-5480
-5889
-6238
-6558
-6777
-7015
-7165
-7319
-7395
-7406
-7428
-7366
-7253
-7134
-6939
-6767
-6532
-6308
-6122
-5834
-5623
-5290
-5034
-4772
-4439
-4051
-3564
-3072
-2456
-1700
-897
-96
713
1538
2422
3192
3899
4508
5082
5526
5864
6213
6523
6766
6917
7159
7370
7493
7510
7556
7584
7501
7241
6896
6531
5987
5302
4520
3781
3006
2163
1355
602
-122
-802
-1444
-1938
-2367
-2794
-3162
-3484
-3664
-3865
-4022
-4029
-3922
-3737
-3559
-3255
-2803
-2345
-1771
-1192
-527
204
854
1512
2035
2682
3149
3512
3881
4210
4513
4550
4763
4909
5057
5046
5035
5145
5035
4848
4493
4260
3829
3171
2463
1720
912
-87
-1061
-1957
-2837
-3695
-4487
-5092
-5538
-5949
-6244
-6415
-6415
-6518
-6571
-6574
-6548
-6528
-6560
-6465
-6444
-6255
-6096
-5874
-5563
-5169
-4649
-4205
-3664
-3130
-2622
-2218
-1862
-1511
-1265
-1098
-1045
-954
-848
-804
-711
-483
-77
283
686
1179
1779
2273
2686
3167
3552
3896
3993
4136
4185
4113
3999
3876
3898
3779
3718
3704
3777
3830
3837
3917
3954
3927
3752
3464
3122
2670
2125
1524
957
414
-180
-652
-1079
-1387
-1626
-1753
-1761
-1745
-1610
-1532
-1404
-1280
-1103
-959
-878
-653
-487
-261
-24
248
633
989
1476
1885
2313
2768
3046
3368
3527
3722
3765
3748
3748
3566
3438
3129
2881
2567
2235
1870
1428
1065
574
71
-457
-1025
-1568
-2119
-2651
-3176
-3722
-4137
-4581
-4913
-5192
-5365
-5449
-5474
-5400
-5382
-5178
-5023
-4771
-4575
-4241
-3892
-3637
-3284
-2999
-2605
-2335
-1968
-1625
-1269
-921
-683
-414
-205
-25
42
111
160
110
0
-77
-167
-229
-277
-277
-175
-71
91
219
406
654
802
987
1146
1304
1412
1446
1509
1550
1622
1660
1738
1868
1987
2075
2200
2381
2543
2616
2721
2835
2809
2745
2601
2491
2307
2102
1881
1678
1513
1275
1050
855
761
592
484
380
319
243
147
88
-18
20
3
7
52
162
293
410
618
878
1123
1366
1604
1808
2009
2042
2046
2029
2058
1957
1784
1728
1634
1537
1337
1236
1155
1049
897
685
521
289
-62
-498
-906
-1342
-1859
-2356
-2777
-3168
-3502
-3794
-3953
-4013
-3970
-3899
-3756
-3477
-3246
-3019
-2784
-2464
-2219
-1992
-1735
-1467
-1230
-1035
-827
-676
-463
-326
-216
-90
16
34
-48
-117
-243
-453
-668
-890
-1128
-1293
-1429
-1527
-1599
-1557
-1488
-1433
-1275
-1093
-948
-803
-653
-489
-395
-342
-266
-191
-27
44
180
419
721
978
1248
1680
2057
2446
2763
3063
3319
3475
3493
3466
3460
3354
3165
2964
2797
2557
2225
1934
1664
1383
1139
873
667
437
254
-22
-224
-304
-466
-512
-524
-378
-321
-234
-63
101
353
529
713
878
1098
1262
1284
1389
1493
1593
1694
1815
1962
2000
2091
2100
2079
2024
1904
1763
1540
1294
856
401
-55
-554
-1058
-1519
-1862
-2144
-2365
-2540
-2652
-2651
-2617
-2576
-2469
-2288
-2124
-2062
-1936
-1833
-1769
-1731
-1676
-1621
-1555
-1423
-1365
-1260
-1125
-987
-862
-717
-567
-498
-449
-464
-542
-663
-796
-968
-1132
-1213
-1324
-1475
-1589
-1608
-1675
-1774
-1798
-1801
-1747
-1739
-1724
-1721
-1692
-1630
-1655
-1596
-1471
-1312
-1097
-840
-509
-197
190
562
916
1305
1636
1995
2226
2466
2607
2687
2743
2710
2712
2651
2605
2440
2322
2190
1999
1841
1669
1538
1347
1170
973
697
435
144
-100
-300
-474
-568
-679
-652
-660
-634
-537
-414
-182
48
344
567
812
1075
1272
1447
1597
1755
1882
1978
2052
2046
2043
2010
1960
1877
1754
1651
1503
1357
1117
875
663
462
230
-3
-202
-420
-667
-937
-1171
-1381
-1563
-1735
-1833
-1874
-1882
-1952
-1956
-1906
-1855
-1801
-1714
-1555
-1422
-1267
-1160
-1030
-920
-823
-722
-611
-470
-366
-305
-228
-159
-151
-169
-200
-228
-301
-406
-573
-739
-884
-1054
-1229
-1379
-1513
-1620
-1730
-1801
-1860
-1898
-1884
-1822
-1700
-1586
-1428
-1286
-1121
-965
-854
-724
-566
-396
-241
-81
125
310
512
705
889
1131
1325
1542
1697
1873
1955
1959
1920
1802
1686
1499
1329
1131
986
840
713
611
554
548
543
551
574
543
498
443
358
298
219
209
171
222
256
312
438
591
797
964
1217
1416
1555
1657
1666
1634
1535
1441
1347
1217
1107
946
838
723
610
499
429
409
319
256
167
53
-104
-272
-454
-625
-785
-941
-1087
-1183
-1235
-1253
-1210
-1107
-934
-772
-568
-431
-305
-195
-140
-155
-185
-208
-293
-361
-450
-500
-527
-492
-404
-288
-119
41
157
265
319
273
147
-18
-233
-500
-765
-1025
-1249
-1408
-1535
-1614
-1600
-1533
-1442
-1368
-1240
-1136
-1083
-1070
-1083
-1097
-1155
-1223
-1282
-1264
-1198
-1124
-992
-756
-483
-209
47
353
624
839
985
1074
1152
1141
1108
1026
980
899
823
770
751
755
743
780
832
876
881
846
789
716
584
427
292
227
139
53
31
93
172
255
388
554
754
869
963
1034
1094
1081
1003
918
849
739
594
484
405
349
304
296
304
355
364
375
390
393
365
324
278
215
128
12
-83
-197
-281
-367
-408
-423
-399
-363
-305
-208
-141
-69
-7
64
82
71
68
64
37
-15
-34
-19
-4
0
-7
20
43
50
9
-57
-114
-222
-355
-560
-748
-902
-1025
-1147
-1249
-1261
-1249
-1247
-1264
-1265
-1251
-1279
-1314
-1360
-1408
-1432
-1490
-1493
-1474
-1424
-1327
-1182
-1014
-854
-663
-477
-286
-159
-53
66
168
213
213
230
253
278
286
350
464
571
659
746
861
964
1014
1041
1073
1083
1051
979
902
854
781
683
591
564
570
537
504
496
535
586
590
564
567
565
523
425
318
240
184
105
15
-34
-27
35
70
110
181
304
408
470
496
516
571
589
566
516
517
553
560
521
511
577
631
627
599
592
610
578
478
385
330
290
201
120
101
149
204
241
306
400
485
492
459
431
382
270
119
-29
-169
-332
-528
-715
-877
-1024
-1165
-1295
-1398
-1457
-1495
-1532
-1581
-1588
-1560
-1544
-1564
-1598
-1565
-1534
-1562
-1588
-1551
-1452
-1360
-1302
-1214
-1084
-954
-875
-839
-806
-740
-637
-589
-585
-541
-431
-310
-249
-208
-86
98
208
243
292
370
434
431
383
366
379
398
401
414
474
551
642
716
766
824
888
921
899
850
802
748
677
587
480
399
342
289
224
164
144
179
198
193
238
317
404
454
502
566
605
609
599
611
604
597
628
681
732
763
809
884
952
945
905
896
890
879
833
793
806
831
835
831
843
872
893
870
830
790
737
666
583
475
359
243
108
-44
-209
-376
-526
-655
-821
-977
-1097
-1177
-1224
-1283
-1337
-1332
-1272
-1235
-1241
-1258
-1243
-1212
-1236
-1324
-1396
-1404
-1386
-1373
-1369
-1323
-1184
-1028
-902
-819
-763
-678
-605
-600
-650
-657
-629
-616
-628
-644
-603
-535
-465
-376
-269
-175
-86
12
90
138
151
145
168
156
104
55
20
15
2
-7
15
58
102
152
208
267
319
361
382
393
422
422
406
377
353
362
368
372
379
400
464
562
619
650
695
783
866
889
895
930
992
1027
1034
1038
1070
1087
1093
1109
1150
1199
1221
1261
1298
1308
1320
1337
1336
1321
1269
1237
1203
1104
977
840
726
636
541
411
313
240
174
84
-40
-145
-245
-361
-493
-565
-645
-764
-884
-981
-1027
-1075
-1164
-1241
-1274
-1300
-1315
-1318
-1322
-1339
-1359
-1365
-1346
-1355
-1403
-1432
-1396
-1327
-1241
-1173
-1128
-1047
-923
-775
-654
-578
-530
-433
-308
-209
-199
-248
-258
-225
-219
-271
-322
-350
-337
-321
-333
-374
-391
-384
-372
-358
-386
-414
-418
-404
-424
-472
-485
-434
-388
-385
-390
-350
-262
-209
-213
-196
-92
50
155
199
244
335
427
442
430
468
540
627
715
830
972
1124
1257
1403
1540
1658
1748
1828
1898
1907
1884
1888
1919
1883
1782
1711
1732
1778
1741
1647
1597
1601
1570
1442
1253
1099
994
871
710
539
399
298
197
70
-78
-215
-331
-442
-538
-632
-700
-740
-811
-936
-1039
-1085
-1122
-1205
-1319
-1376
-1391
-1411
-1480
-1566
-1606
-1589
-1518
-1426
-1325
-1213
-1089
-970
-856
-772
-717
-671
-614
-538
-456
-382
-347
-343
-354
-315
-213
-125
-108
-103
-9
147
231
175
83
85
129
78
-60
-204
-304
-412
-545
-653
-733
-816
-875
-844
-783
-736
-750
-798
-795
-764
-757
-795
-853
-877
-822
-754
-692
-627
-540
-416
-249
-68
90
211
295
418
577
682
725
755
821
968
1141
1271
1414
1577
1752
1937
2083
2149
2177
2201
2236
2310
2331
2278
2211
2140
2064
1945
1761
1551
1400
1295
1187
1051
882
730
577
390
177
-19
-201
-378
-556
-738
-868
-991
-1145
-1290
-1394
-1440
-1441
-1462
-1498
-1493
-1485
-1451
-1396
-1383
-1371
-1356
-1312
-1209
-1145
-1156
-1139
-1022
-850
-727
-701
-683
-558
-405
-340
-325
-279
-143
53
165
206
298
413
485
486
425
407
458
443
340
231
148
114
59
-108
-282
-356
-389
-430
-555
-717
-782
-781
-812
-896
-1012
-1084
-1058
-1042
-1087
-1126
-1119
-1034
-902
-846
-810
-709
-640
-599
-567
-525
-432
-335
-275
-169
-14
130
264
376
475
622
789
918
1060
1189
1321
1461
1570
1656
1733
1751
1762
1858
1953
1979
1941
1899
1910
1901
1759
1571
1432
1314
1194
1052
896
776
661
517
404
298
165
20
-128
-264
-331
-413
-569
-726
-849
-887
-895
-958
-1034
-1033
-968
-866
-811
-851
-857
-769
-664
-613
-636
-673
-647
-604
-609
-617
-614
-574
-440
-282
-132
2
122
250
362
406
415
437
391
303
247
196
152
92
20
8
71
138
167
188
184
188
159
43
-95
-283
-485
-634
-751
-868
-988
-1105
-1105
-974
-859
-824
-794
-694
-554
-454
-499
-612
-702
-771
-821
-876
-920
-866
-718
-553
-344
-103
138
345
488
620
806
933
951
903
821
781
737
671
576
501
509
626
784
879
917
956
1004
1024
989
865
711
561
451
395
317
185
84
26
-13
3
8
-26
-102
-148
-84
22
12
-107
-195
-214
-191
-227
-328
-443
-483
-409
-275
-178
-176
-156
-75
17
77
60
-18
-67
-56
18
55
-30
-135
-146
-96
-65
-55
-42
8
100
238
401
516
491
379
303
279
254
122
-74
-188
-161
-45
16
-55
-144
-132
-60
-9
-31
-122
-202
-207
-170
-169
-323
-554
-710
-744
-720
-716
-759
-792
-680
-485
-308
-254
-291
-306
-264
-189
-154
-159
-179
-154
-17
175
269
249
218
315
483
565
524
438
422
477
486
407
289
150
99
119
165
208
204
202
270
409
488
442
301
205
204
185
95
-18
-120
-159
-125
-102
-132
-208
-264
-253
-186
-151
-178
-245
-275
-190
-82
-90
-202
-263
-216
-126
-117
-147
-113
-37
57
156
218
212
196
216
298
346
313
290
329
416
490
498
438
396
425
482
489
397
309
307
311
259
181
77
-20
-69
-53
-3
-25
-113
-135
-50
11
-24
-128
-231
-254
-242
-272
-349
-463
-539
-509
-468
-457
-430
-425
-433
-407
-349
-296
-323
-396
-403
-323
-267
-271
-276
-265
-219
-156
-112
-57
-13
20
122
231
281
288
265
252
269
260
210
156
115
133
156
106
60
111
183
221
224
250
355
445
435
375
299
199
124
52
-27
-116
-215
-255
-217
-165
-163
-197
-201
-172
-121
-94
-147
-194
-230
-264
-312
-423
-484
-473
-433
-356
-292
-231
-139
-49
88
219
235
185
156
211
294
278
182
108
126
187
245
311
335
386
465
532
607
635
585
527
463
413
375
261
129
42
28
34
-3
-51
-60
-29
-10
7
-3
-65
-146
-188
-207
-253
-365
-472
-490
-462
-475
-528
-564
-570
-516
-480
-467
-461
-450
-384
-335
-331
-342
-320
-289
-247
-224
-215
-197
-157
-49
59
107
71
61
144
253
331
309
246
218
231
297
352
297
227
218
283
372
391
361
310
294
325
368
350
232
104
59
77
84
33
-57
-131
-187
-169
-95
-66
-73
-122
-160
-160
-193
-214
-219
-217
-225
-262
-304
-336
-354
-310
-246
-186
-133
-139
-133
-114
-24
165
311
323
191
28
20
134
362
598
579
377
151
169
473
756
799
594
266
117
211
425
597
464
206
-79
-179
-46
108
155
31
-184
-285
-286
-276
-190
-200
-221
-317
-423
-417
-392
-403
-430
-439
-412
-455
-570
-565
-536
-447
-395
-351
-284
-297
-332
-316
-236
-104
-53
-119
-181
-260
-215
-114
-36
7
-4
-36
-9
53
185
299
305
285
260
309
322
310
303
314
303
290
270
291
306
303
339
355
366
335
308
302
307
238
177
73
-16
-62
-122
-163
-239
-287
-293
-258
-240
-223
-210
-193
-187
-140
-102
-108
-114
-150
-133
-115
-135
-149
-152
-131
-62
-19
41
84
145
245
302
329
332
350
367
335
323
339
322
290
233
229
226
194
195
223
254
239
178
154
173
169
147
53
-37
-102
-124
-142
-185
-227
-290
-321
-320
-288
-261
-270
-315
-323
-306
-296
-311
-331
-326
-331
-347
-376
-376
-387
-403
-396
-389
-355
-330
-301
-225
-162
-133
-128
-120
-84
-35
19
57
61
70
102
147
207
237
291
357
408
472
517
577
645
681
686
647
588
573
568
560
501
404
325
238
193
175
162
121
42
-15
-29
-47
-71
-104
-129
-142
-194
-254
-283
-298
-315
-344
-374
-388
-422
-422
-371
-306
-271
-274
-274
-238
-193
-153
-122
-108
-71
-58
-53
-48
-24
22
52
29
38
79
129
217
274
341
340
313
319
350
372
326
241
196
182
169
168
110
59
14
23
56
48
39
28
15
-10
-66
-133
-180
-257
-307
-356
-422
-468
-503
-476
-440
-459
-496
-512
-472
-390
-341
-352
-379
-374
-299
-218
-189
-204
-189
-102
-18
62
128
169
211
288
417
544
555
487
480
557
671
686
613
532
483
509
566
574
516
393
287
263
292
335
269
134
46
25
23
-41
-137
-192
-253
-330
-387
-405
-408
-454
-514
-542
-555
-573
-598
-606
-576
-576
-584
-581
-547
-486
-452
-434
-417
-370
-311
-262
-223
-151
-90
-46
-4
43
113
144
166
207
259
292
297
303
355
405
431
442
434
424
389
386
399
373
325
274
233
217
196
162
121
60
16
-17
-36
-58
-110
-145
-165
-184
-220
-279
-324
-319
-300
-293
-308
-340
-331
-297
-248
-209
-187
-192
-223
-205
-117
-20
8
1
23
104
194
247
286
313
344
374
428
484
496
472
437
435
459
459
415
360
333
351
372
351
296
239
202
170
150
137
94
14
-61
-80
-76
-105
-177
-238
-275
-301
-340
-374
-395
-423
-457
-494
-484
-481
-489
-497
-491
-478
-454
-405
-361
-304
-256
-216
-203
-167
-108
-50
-14
-21
-22
11
65
101
146
170
179
192
214
251
278
296
305
313
300
283
285
295
280
261
234
185
153
146
162
154
112
57
42
46
43
36
12
-13
-48
-51
-35
-35
-44
-57
-66
-72
-59
-44
-41
-55
-47
-25
-21
-28
-13
36
57
30
5
37
89
113
119
132
149
147
165
211
247
244
220
200
195
195
183
151
102
62
37
14
-3
-6
6
-12
-63
-81
-65
-39
-56
-87
-93
-124
-168
-189
-173
-162
-200
-248
-262
-256
-252
-261
-266
-269
-288
-295
-282
-265
-251
-242
-246
-249
-233
-188
-147
-133
-118
-97
-66
-44
-25
-4
0
1
1
13
33
45
52
61
63
71
90
114
133
153
172
178
171
167
192
218
217
191
169
168
178
179
174
170
140
120
122
138
151
144
126
127
145
159
145
102
79
87
90
60
32
12
9
-2
-12
-5
-15
-39
-57
-41
-16
-26
-62
-81
-71
-52
-62
-84
-95
-89
-77
-67
-62
-71
-83
-83
-72
-56
-49
-79
-124
-155
-151
-140
-155
-179
-187
-173
-158
-151
-142
-123
-123
-126
-108
-85
-79
-99
-122
-120
-115
-119
-133
-154
-150
-139
-131
-129
-124
-107
-94
-101
-93
-62
-37
-29
-33
-30
-22
-17
-17
-8
6
16
16
21
32
54
69
79
89
96
111
120
127
118
120
122
122
126
125
142
160
175
192
219
230
225
226
247
268
258
233
213
209
190
175
165
154
133
114
116
124
125
107
89
70
65
52
15
-50
-96
-108
-125
-142
-178
-200
-209
-208
-198
-177
-161
-167
-170
-166
-150
-145
-158
-195
-220
-201
-181
-180
-187
-198
-189
-164
-137
-97
-67
-71
-61
-30
-5
-10
-41
-56
-54
-54
-66
-63
-49
-47
-57
-65
-34
-3
-1
-13
-21
-12
-10
-33
-66
-89
-92
-88
-86
-83
-80
-79
-60
-27
11
41
50
60
76
90
95
95
92
80
67
65
85
92
82
84
98
126
145
145
148
159
162
151
129
108
95
81
67
54
45
52
54
47
51
69
93
116
130
131
126
115
101
93
83
65
44
23
24
26
21
27
22
23
23
34
47
45
19
-22
-41
-44
-54
-88
-132
-153
-150
-148
-148
-165
-176
-173
-163
-145
-131
-130
-151
-165
-154
-134
-120
-118
-123
-110
-64
-21
6
26
42
75
114
146
172
179
162
147
153
160
143
105
72
65
62
52
33
27
14
-7
-16
-19
-18
-46
-92
-111
-111
-117
-149
-176
-178
-174
-173
-176
-164
-140
-121
-108
-87
-65
-37
-27
-22
0
26
54
60
58
70
82
84
94
106
113
117
117
117
120
109
92
87
82
63
37
20
17
18
-12
-35
-42
-43
-42
-56
-62
-64
-57
-63
-70
-59
-39
-48
-58
-51
-33
-16
-29
-48
-37
-1
20
18
4
9
19
23
30
33
22
-1
-11
-17
-21
-41
-62
-88
-97
-97
-107
-111
-121
-113
-109
-97
-85
-68
-51
-50
-36
-4
24
24
18
31
60
87
90
89
112
135
139
127
136
151
150
138
117
124
119
98
68
40
30
16
-10
-37
-49
-56
-75
-101
-113
-114
-115
-133
-144
-144
-149
-153
-151
-135
-126
-127
-120
-96
-67
-44
-38
-10
33
63
77
91
120
138
147
141
143
160
161
136
123
130
132
117
87
72
80
66
40
21
21
13
-13
-33
-47
-48
-69
-98
-109
-103
-101
-112
-120
-109
-95
-88
-73
-61
-38
-34
-25
-7
8
17
17
23
32
49
50
43
47
58
69
62
57
59
58
44
27
20
16
10
-12
-25
-22
-22
-40
-60
-49
-27
-14
-27
-33
-3
22
25
15
16
41
57
55
46
48
53
47
46
53
69
68
56
61
67
65
57
49
44
36
22
15
5
-7
-32
-56
-59
-58
-61
-80
-90
-80
-74
-70
-76
-76
-54
-33
-28
-22
-6
8
15
17
36
61
68
65
74
91
98
97
95
95
102
98
81
71
73
60
38
22
16
12
-9
-23
-25
-31
-39
-51
-56
-49
-55
-78
-89
-87
-76
-81
-92
-86
-74
-65
-65
-52
-33
-21
-17
-8
13
47
61
56
56
72
84
80
72
73
78
73
64
50
51
48
32
20
13
17
12
-7
-16
-10
-19
-37
-43
-33
-24
-30
-43
-39
-24
-14
-19
-26
-2
11
13
15
24
28
27
32
40
56
56
52
52
57
67
70
57
52
57
49
40
21
15
-1
-16
-18
-24
-26
-32
-50
-51
-42
-37
-42
-50
-39
-24
-9
-19
-18
-5
4
11
9
12
27
33
25
33
41
39
27
28
42
46
42
32
29
25
15
0
3
4
-5
-24
-36
-28
-31
-43
-59
-59
-46
-49
-68
-66
-61
-52
-56
-61
-53
-46
-38
-36
-24
-17
-8
0
9
22
27
28
18
22
40
44
35
29
31
35
28
19
14
12
9
2
-12
-12
-14
-26
-29
-34
-38
-48
-56
-55
-48
-44
-58
-55
-43
-35
-29
-32
-32
-22
-12
-7
-3
12
27
18
14
22
39
45
38
36
42
52
45
33
32
30
21
14
1
-4
-5
-14
-18
-12
-16
-30
-36
-36
-27
-36
-49
-45
-38
-24
-24
-26
-19
-8
-4
4
6
14
29
26
27
32
41
49
39
44
53
47
41
33
35
37
34
18
2
10
4
-6
-11
-18
-19
-25
-29
-25
-25
-30
-43
-35
-25
-21
-25
-26
-14
-10
0
1
6
11
10
14
22
32
33
34
37
42
43
42
36
37
39
36
37
33
30
28
18
5
2
7
-5
-14
-17
-20
-19
-23
-27
-25
-17
-21
-25
-25
-15
-3
-10
-10
-1
5
2
3
10
22
28
21
20
24
26
29
27
26
31
26
17
16
16
12
9
-4
-13
-3
-10
-24
-31
-35
-32
-40
-43
-43
-43
-48
-54
-41
-31
-31
-37
-25
-12
-5
-4
-6
6
21
25
22
29
35
37
37
42
45
43
43
39
35
32
24
15
10
13
16
5
-12
-24
-18
-18
-33
-40
-41
-41
-54
-62
-51
-48
-51
-53
-51
-41
-43
-42
-42
-35
-27
-25
-23
-18
-10
-7
-2
7
14
14
9
9
13
16
12
5
7
9
3
-11
-11
-11
-15
-16
-30
-32
-26
-28
-31
-30
-31
-29
-30
-36
-37
-34
-36
-42
-33
-28
-27
-29
-35
-21
-11
-13
-14
-16
-14
-16
-20
-27
-19
-16
-26
-33
-35
-23
-31
-42
-39
-40
-38
-40
-39
-37
-39
-39
-43
-40
-32
-35
-37
-30
-19
-6
-7
-9
4
18
24
18
19
33
40
33
30
33
38
41
40
42
39
39
31
33
37
36
30
20
12
15
17
5
0
1
3
-5
-16
-16
-12
-13
-16
-16
-11
-5
-3
-7
-5
8
-2
-3
3
16
22
18
24
30
38
35
37
42
48
51
49
50
56
60
60
58
52
54
50
45
44
44
42
37
36
47
48
36
29
30
35
29
21
18
21
26
13
4
11
16
10
3
2
5
13
4
2
-1
-5
-3
-8
-3
-1
-9
-16
-16
-10
-4
-13
-14
-9
-7
-7
-6
1
6
6
0
8
15
21
18
16
24
27
25
24
28
30
34
28
35
40
38
30
27
31
35
35
20
18
16
17
15
5
0
0
4
0
-4
-10
-11
-16
-23
-17
-20
-32
-35
-31
-29
-35
-36
-30
-33
-29
-28
-37
-27
-22
-23
-22
-16
-3
1
2
5
15
20
13
12
21
30
36
29
25
35
32
24
29
34
33
29
28
24
26
28
19
14
11
11
2
-11
-10
-8
-8
-17
-21
-22
-28
-28
-32
-28
-23
-26
-33
-34
-26
-23
-30
-33
-27
-21
-22
-19
-13
-8
-5
-8
-7
0
-2
4
2
1
11
11
1
3
4
3
11
6
3
4
2
0
-6
-1
-1
-4
-9
-14
-5
-11
-18
-18
-20
-24
-34
-33
-28
-22
-31
-39
-35
-31
-33
-40
-39
-35
-33
-37
-41
-35
-33
-35
-40
-43
-30
-28
-33
-33
-30
-24
-26
-26
-20
-8
-8
-22
-21
-12
-7
-4
-7
-2
8
6
9
18
22
22
18
20
28
32
33
31
36
36
33
36
37
39
41
38
28
28
32
25
19
21
21
14
8
7
4
0
-7
-13
-16
-15
-16
-22
-24
-23
-21
-16
-18
-22
-18
-19
-19
-14
-4
-5
-6
-5
0
18
16
22
31
34
38
36
37
46
52
49
51
53
51
46
45
42
42
39
35
32
30
26
19
20
16
15
6
-8
-9
-10
-13
-19
-22
-24
-22
-19
-19
-24
-19
-15
-13
-13
-11
-7
-13
-14
-15
-13
-8
-6
-8
-6
-10
-13
-6
0
3
-7
-10
-9
-7
1
-7
-6
1
-1
-2
-7
-7
1
1
-3
-6
-1
5
4
5
8
12
7
7
8
5
5
3
7
8
6
5
1
2
1
2
4
-2
-4
-7
-12
-15
-18
-15
-16
-26
-30
-29
-30
-36
-32
-30
-25
-28
-30
-23
-22
-21
-16
-7
-8
-1
-5
-3
2
10
22
17
26
30
34
40
46
48
55
58
54
54
52
56
51
46
43
43
39
33
31
25
23
16
18
22
16
10
3
1
1
0
-10
-11
-9
-12
-13
-15
-6
-1
-8
-3
3
7
12
13
17
20
18
20
25
27
27
33
35
34
33
35
35
32
34
41
45
39
34
32
31
30
27
32
29
29
25
27
27
22
21
16
16
19
13
8
11
10
17
15
12
13
10
17
15
16
12
6
9
0
3
3
-8
-7
-6
-7
-5
-10
-12
-14
-16
-17
-14
-19
-19
-22
-25
-19
-20
-27
-28
-23
-19
-13
-15
-15
-12
-4
-1
5
7
4
9
3
8
11
8
5
6
10
7
3
3
5
3
0
-5
-7
-8
-10
-14
-17
-20
-22
-28
-39
-32
-32
-37
-35
-39
-37
-37
-34
-34
-29
-25
-31
-20
-19
-18
-24
-25
-13
-7
0
0
8
9
12
20
20
22
23
20
18
17
19
21
10
9
6
2
7
-5
-9
-10
-4
-4
-1
-4
-8
-8
-9
-10
-13
-7
-10
-10
-10
-6
-6
-6
-3
4
6
3
4
3
13
2
2
7
0
3
0
-3
-3
-2
-3
-7
-11
-9
-11
-14
-17
-14
-10
-16
-19
-28
-26
-23
-21
-19
-21
-19
-22
-22
-15
-16
-18
-17
-13
-10
-16
-12
-5
-10
-5
0
-3
-2
1
-2
-3
-2
-1
4
3
0
-3
-1
1
4
4
-2
-7
-10
-10
-9
-10
-12
-6
-11
-10
-14
-16
-11
-12
-4
-4
-5
-2
-4
-4
3
5
5
5
6
7
12
13
11
14
16
19
13
13
17
15
17
16
11
5
3
3
5
8
7
8
7
-2
-4
0
-1
0
1
2
-2
-6
-2
-3
0
0
0
9
4
4
5
1
0
4
3
-1
0
-4
-7
-13
-11
-5
-10
-14
-11
-14
-22
-17
-15
-14
-17
-20
-21
-25
-23
-20
-23
-21
-25
-27
-26
-27
-24
-21
-21
-23
-26
-22
-21
-18
-14
-15
-13
-9
-5
-8
-2
2
2
3
5
2
-3
3
1
4
6
3
6
2
0
-1
1
0
-8
-8
-4
-11
-11
-9
-7
-4
1
-2
-4
-1
-8
-6
1
-3
-4
-3
0
5
5
10
9
8
12
16
15
14
15
14
16
13
13
11
11
12
16
13
16
14
12
14
8
13
12
16
12
8
10
8
7
6
1
-3
1
-3
0
-1
-2
-3
-2
0
2
-5
-3
-4
-7
0
-5
2
3
3
-1
1
-2
-5
-2
-3
7
4
1
-3
-8
-5
-7
-7
-8
-9
-6
-2
-8
-9
-7
-3
4
-3
-5
-4
-9
3
4
1
1
0
4
4
3
4
9
6
6
5
7
10
9
4
0
3
-1
-3
1
3
-2
0
-2
0
3
2
0
-6
-5
-10
-10
-2
-2
2
1
-1
1
0
4
7
5
6
10
8
7
11
15
20
15
18
11
4
13
19
19
15
17
20
21
10
8
12
13
10
6
2
-3
1
-3
-2
1
-2
-3
-8
-11
-14
-14
-13
-12
-9
-7
-5
-6
-12
-9
-6
-5
-3
-13
-14
-16
-12
-8
-8
1
-1
-4
-12
-12
-8
-8
-6
-11
-7
-6
-8
-9
-6
0
-5
-9
-7
-9
-7
-14
-8
-6
-8
-3
-3
-7
-9
-10
-7
-1
2
-2
-3
2
-1
5
5
1
3
7
12
6
4
5
6
5
7
5
10
7
5
9
5
8
6
12
11
8
13
14
16
19
21
15
11
11
10
17
22
16
15
16
16
14
15
15
13
16
12
17
15
13
10
5
9
12
10
-1
-1
-5
-8
-3
-13
-11
-12
-16
-17
-19
-9
-8
-9
-10
-11
-10
-15
-15
-14
-12
-6
-7
-3
-3
-1
3
8
10
6
10
9
12
8
7
10
13
16
12
12
9
6
10
13
12
9
10
7
5
2
6
8
3
7
6
-2
-2
-8
-7
-9
-12
-11
-17
-16
-18
-13
-10
-14
-18
-24
-25
-23
-22
-24
-20
-21
-25
-29
-28
-21
-18
-18
-22
-19
-20
-23
-25
-23
-16
-20
-14
-15
-16
-16
-15
-9
-12
-9
-7
-12
-10
-6
-13
-13
-9
-12
-10
-9
-15
-11
-4
-2
2
4
2
-3
-2
-1
-2
-5
-7
-11
-9
-8
-9
-5
-8
-6
-4
-3
-6
-9
-8
-8
-4
-7
-5
-2
-6
-9
-6
-9
-7
-7
-6
-7
-8
-5
-4
-6
-6
-1
3
-4
-1
5
2
1
0
1
2
2
5
5
1
0
-3
-1
-2
-2
-7
-13
-8
-13
-12
-8
-14
-14
-12
-10
-12
-14
-12
-17
-19
-12
-18
-15
-17
-23
-23
-23
-21
-23
-19
-17
-14
-8
-10
-14
-13
-17
-14
-12
-13
-9
-10
-13
-13
-11
-7
-6
-7
-1
-9
-6
-5
-6
2
-4
-1
-1
-2
-3
-6
-6
-5
-5
-4
4
-1
1
3
5
2
0
3
1
6
8
11
10
8
12
12
12
9
14
13
17
25
18
17
25
25
19
20
21
19
17
19
15
22
28
22
27
22
21
13
14
19
19
20
13
20
16
18
20
16
16
16
26
21
21
21
23
26
20
27
25
18
21
19
17
16
15
13
15
15
9
8
4
1
-1
3
-3
-2
3
-5
-3
-2
-1
3
6
3
2
3
-2
2
6
8
9
10
8
8
11
13
16
17
14
16
17
15
20
19
22
30
28
25
21
17
23
24
29
28
26
28
24
24
27
27
27
25
23
20
18
17
15
17
19
17
13
8
2
3
1
4
7
6
2
-1
0
-4
2
-2
0
-2
-4
-3
-5
-6
-9
-3
0
0
-4
0
1
1
3
5
0
-4
-3
-2
0
-4
-2
-8
-7
-3
-5
-4
-3
-1
-3
2
-1
2
-2
2
6
3
-2
-2
3
1
3
2
7
7
14
12
3
3
-5
-4
-1
2
3
-1
-1
2
2
2
-3
-4
4
6
7
1
1
5
3
1
-1
-4
-7
-2
-2
1
5
4
0
2
0
1
4
2
3
3
5
3
11
14
16
14
9
9
10
11
7
9
10
10
9
6
4
4
4
-2
-2
-5
-6
-6
-12
-18
-16
-17
-18
-15
-17
-18
-22
-28
-29
-25
-30
-31
-31
-30
-24
-27
-30
-25
-22
-23
-24
-22
-22
-18
-16
-20
-21
-20
-20
-20
-15
-13
-11
-14
-17
-14
-12
-12
-17
-13
-13
-13
-12
-11
-6
-7
-9
-8
-6
-8
-5
-7
-8
-8
-11
-7
-4
-2
-3
-2
-4
-3
-1
-2
-3
-5
-7
-3
-1
-3
-3
-8
-3
-3
-6
-2
2
2
2
1
-4
-5
-2
2
0
2
2
3
4
4
7
10
9
10
10
7
8
12
13
9
6
9
9
12
12
12
13
10
15
11
7
15
11
14
17
11
16
10
10
14
9
15
15
12
12
11
7
4
9
4
0
1
1
1
0
-3
-4
-2
-5
-10
-11
-9
-7
-7
-11
-12
-5
-7
-7
-7
-11
-8
-10
-6
-8
-6
-6
-9
-11
-10
-6
-8
-8
-8
-3
-5
-8
-9
-14
-14
-16
-12
-14
-13
-11
-13
-16
-18
-17
-19
-20
-14
-17
-18
-18
-22
-27
-27
-24
-29
-27
-26
-25
-25
-25
-22
-21
-19
-23
-18
-23
-21
-16
-16
-11
-16
-14
-10
-9
-5
-2
-6
-5
-6
-5
0
0
5
6
0
2
4
-2
4
3
4
7
5
13
12
12
11
9
9
13
15
19
18
15
16
13
11
18
20
19
16
16
23
15
20
20
18
21
18
22
16
16
14
12
16
14
13
16
15
15
17
15
19
20
23
26
22
22
22
24
22
25
25
27
26
23
25
21
19
23
29
24
24
22
20
18
13
14
11
15
8
8
8
9
7
5
1
1
1
0
-1
-2
0
-1
6
2
2
-3
-4
-4
-6
-1
-1
-1
-5
-2
0
0
-1
5
1
1
4
2
-3
-3
-1
-3
-3
-8
-6
-6
-10
-6
-3
-5
-1
0
0
-3
-2
0
1
0
0
1
-3
0
4
4
3
4
-2
0
6
6
10
10
6
8
8
2
6
1
2
9
9
12
13
15
17
20
19
19
21
24
19
16
29
26
27
26
24
30
24
24
19
19
24
18
19
20
21
20
19
20
19
17
14
8
9
8
7
3
2
4
0
-3
-1
-7
-7
-6
-11
-9
-16
-17
-13
-16
-17
-20
-17
-20
-27
-22
-28
-27
-26
-27
-24
-32
-30
-30
-34
-30
-31
-34
-35
-33
-31
-34
-31
-32
-34
-34
-28
-32
-38
-39
-45
-40
-40
-42
-39
-36
-37
-38
-40
-38
-40
-42
-42
-43
-32
-33
-33
-30
-30
-30
-32
-27
-30
-29
-26
-26
-25
-29
-29
-23
-17
-17
-19
-16
-17
-16
-15
-12
-14
-14
-9
-9
-6
-10
-8
-10
-7
-2
-6
-7
-10
-3
-2
-3
1
3
1
5
10
3
2
1
2
2
-1
2
2
5
6
5
9
1
0
5
8
6
9
2
0
2
2
3
-1
4
4
9
7
7
9
7
12
16
17
11
11
13
16
16
14
10
10
17
17
16
10
7
8
9
10
7
9
9
9
8
8
9
10
13
10
11
5
5
4
2
3
-2
4
1
2
5
2
-1
-3
-5
-4
2
1
-3
-3
-4
-3
-6
-5
-5
-10
-4
-1
-3
-3
-1
4
-3
-5
-10
-9
-12
-12
-8
-13
-8
-12
-12
-4
-8
-8
-11
-13
-9
-12
-14
-17
-15
-22
-17
-16
-19
-14
-19
-14
-21
-20
-22
-26
-23
-24
-22
-21
-16
-15
-21
-19
-20
-20
-18
-17
-17
-14
-11
-10
-13
-7
-8
-4
-5
-11
-11
-12
-3
-3
-3
-7
-1
4
-3
2
0
7
5
9
20
25
24
22
18
18
22
24
30
30
34
29
28
29
30
35
35
36
34
35
32
40
39
37
34
36
41
37
42
38
34
37
35
35
37
34
35
34
25
31
31
30
29
26
22
20
23
22
21
17
18
14
10
5
10
15
12
13
10
11
10
6
3
7
5
-2
-3
2
7
4
3
1
-5
1
0
5
6
3
9
-2
-5
-4
1
6
4
3
-1
-4
-5
-2
1
1
-4
-3
-2
-4
-6
-2
-2
-3
-4
-7
-7
-9
-4
-10
-4
-3
-1
-2
-6
-1
-4
-1
0
0
-1
-4
-6
-8
-9
-2
-5
2
-2
-5
-6
-11
-2
-3
-5
-2
-1
-6
-10
-6
-9
-12
-10
-10
-9
-4
-3
-2
0
-2
-6
-8
-9
-9
-9
-9
-13
-15
-13
-11
-12
-7
-5
-8
-13
-10
-7
-15
-6
-5
-7
-5
-8
-12
-7
-11
-9
-9
-6
0
-2
-3
-6
-9
-12
-7
-3
-1
-4
5
0
-4
0
-7
-1
-2
0
0
0
5
0
5
1
4
9
2
6
12
7
3
5
7
7
10
10
15
10
5
8
4
5
3
4
9
4
8
3
2
-1
-5
-5
-1
10
7
3
-3
-5
-1
-2
2
1
-7
-7
-8
-18
-18
-15
-13
