-8
-10
-10
-12
-11
-5
-8
-12
-10
-9
-8
-9
-11
-10
-11
-13
-16
-17
-17
-11
-8
-13
-14
-14
-10
-9
-12
-9
-11
-14
-17
-12
-13
-11
-13
-15
-14
-16
-6
-15
-17
-14
-11
-7
-12
-9
-11
-10
-9
-10
-9
-7
-10
-10
-10
-10
-10
-10
-11
-14
-11
-17
-16
-13
-10
-10
-9
-6
0
1
3
5
2
-2
-4
0
-3
-5
-1
1
-1
-2
-2
-2
1
0
-4
3
3
-2
0
-1
0
3
1
-1
1
2
2
2
4
8
8
7
5
10
8
13
13
10
12
3
7
5
5
6
1
9
8
9
13
14
15
10
12
16
17
16
9
14
9
6
13
14
15
14
15
14
13
14
11
10
12
14
12
13
8
5
6
4
1
1
1
1
4
2
5
5
6
5
4
9
5
3
3
0
5
6
4
8
8
6
9
12
7
9
12
8
13
11
8
11
9
7
9
6
4
7
0
3
7
7
8
3
5
2
4
3
6
6
2
5
2
6
4
9
7
-1
1
0
4
4
3
4
5
1
-2
-1
-4
-3
-2
1
5
-2
-5
-5
-3
1
-3
0
-3
-3
-2
-3
0
-4
-4
-3
-4
-4
1
1
0
1
-7
-3
0
1
1
1
1
0
1
-1
3
3
0
-3
0
1
-3
-3
-2
0
-5
-8
-5
-8
-10
-7
-1
0
2
-1
-4
-1
-8
-8
-8
-11
-9
-9
-8
-10
-5
-6
-2
1
-4
1
1
2
-1
-4
-5
-6
-1
-4
-5
-3
-6
-6
-3
-1
-3
0
2
-2
3
3
3
4
1
-2
-5
-3
3
6
9
5
5
9
5
10
12
11
11
8
8
7
10
8
5
6
5
7
11
10
10
13
5
7
11
10
10
11
12
8
8
6
4
4
0
1
3
5
3
7
8
5
8
3
6
4
2
4
4
1
-4
-1
1
4
4
6
4
2
4
-1
2
0
9
13
6
9
6
7
7
4
6
10
4
9
12
6
14
11
12
13
12
16
10
10
9
13
16
10
10
11
12
8
10
8
9
9
9
14
8
8
7
6
7
8
7
4
6
2
5
2
2
-1
-1
-1
-3
2
-1
-1
-1
3
3
4
4
6
4
2
9
4
-1
-3
-1
0
2
5
4
9
1
4
11
2
5
8
11
11
7
4
5
8
1
7
4
1
8
8
13
10
4
5
12
5
1
3
-2
1
0
-1
0
-1
-5
-7
-3
-7
-6
-4
-5
-8
-11
-9
-7
-6
-3
-1
-5
-5
-7
-4
-4
-6
-2
-1
1
0
-1
1
-6
-7
-3
-2
-3
-4
-3
-11
-9
-8
-12
-11
-13
-7
-9
-14
-9
-4
-5
-4
-5
-7
-3
-6
-8
-6
-12
-9
-11
-13
-7
-8
-7
-13
-6
-4
-6
-10
-15
-9
-13
-14
-14
-15
-11
-12
-14
-14
-12
-10
-16
-14
-12
-15
-15
-15
-11
-15
-11
-10
-12
-9
-10
-5
-5
-8
-4
-5
-11
-4
-7
-5
-6
-10
-4
-8
-5
-7
-8
-5
0
-2
-6
-3
-7
-6
-3
-6
-3
-2
-4
1
-2
-5
0
0
-3
1
5
3
12
5
11
15
7
10
8
17
14
12
15
9
13
15
9
13
13
11
20
17
20
20
20
20
21
20
21
24
19
23
25
24
22
27
21
25
30
27
26
25
26
21
22
25
24
22
25
24
26
16
15
21
12
18
17
21
23
24
25
24
21
16
18
17
22
24
23
22
19
20
23
20
21
20
18
23
19
16
17
22
23
18
17
15
11
6
6
8
3
8
7
8
7
7
12
5
7
7
2
-4
-4
1
-2
-1
-4
-4
-2
-4
-3
-3
-5
-8
-7
-5
-3
-6
-10
-8
-3
-7
-7
-6
-8
-10
-13
-8
-5
-8
-7
-8
-10
-5
-7
-9
-8
-9
-7
-9
-12
-13
-13
-10
-8
-7
-7
-7
-7
-6
-7
-13
-9
-10
-14
-12
-10
-7
-11
-8
-6
-8
-6
-1
-4
-2
-3
-3
-3
-3
2
2
-1
-1
6
3
6
10
5
7
7
6
7
8
5
9
8
9
12
11
13
13
12
13
13
11
10
11
7
5
4
3
0
0
0
-4
0
1
3
-3
-1
2
-4
4
-1
0
2
0
1
-1
1
-1
0
1
1
5
3
-1
5
1
-4
-3
-5
-7
-8
-4
-6
-5
-3
-7
-11
-10
-13
-13
-13
-12
-8
-10
-10
-12
-8
-9
-15
-14
-10
-15
-19
-16
-15
-16
-20
-16
-18
-16
-15
-17
-13
-14
-12
-15
-13
-12
-15
-13
-16
-13
-10
-10
-10
-9
-9
-7
-7
-9
-6
-11
-8
-6
-9
-6
-8
-9
-6
-7
-8
-7
-10
-5
-9
-8
-3
-5
0
-4
-4
-1
-5
-7
-7
-5
-8
-9
-8
-16
-11
-12
-16
-16
-16
-14
-16
-13
-13
-12
-10
-8
-7
-11
-10
-12
-14
-11
-11
-8
-7
-11
-9
-10
-10
-10
-13
-17
-16
-13
-13
-10
-9
-13
-11
-11
-15
-14
-14
-15
-13
-11
-18
-16
-15
-17
-12
-11
-12
-13
-14
-18
-15
-11
-13
-15
-13
-12
-14
-11
-15
-13
-7
-12
-9
-9
-13
-13
-14
-15
-15
-13
-15
-12
-13
-15
-15
-11
-9
-9
-10
-13
-6
-9
-8
-10
-7
-4
-6
-6
-6
-6
-9
-8
-9
-7
-3
-3
0
0
-7
-4
-2
1
0
-6
-2
-5
-1
-1
-3
2
1
2
3
4
-1
0
4
6
7
2
5
8
11
14
13
14
12
10
13
14
17
15
11
12
14
15
11
12
10
11
16
12
13
10
10
11
10
5
11
7
6
7
5
6
4
5
9
11
7
10
10
13
12
10
9
9
11
13
15
15
17
15
13
14
15
14
14
16
13
11
12
15
14
15
10
10
10
12
10
10
15
12
15
12
8
8
9
8
10
8
10
9
8
7
5
5
9
13
11
10
5
8
8
6
9
6
6
10
10
7
5
6
6
1
0
3
0
4
5
3
2
-1
1
-1
-1
-2
-7
-2
-2
1
1
-1
2
0
0
2
1
0
-1
-3
0
-3
-1
2
-2
-6
-4
-5
-2
-2
-3
-3
-2
1
-2
-1
-3
1
0
2
6
5
3
-1
-2
-4
1
1
-2
-2
2
2
2
0
1
2
-4
-1
1
3
-2
2
-4
-1
1
-8
-1
-2
-2
-8
-5
-3
-6
-6
-9
-6
-7
-3
-3
1
1
1
0
-4
1
4
2
3
2
1
-3
-2
4
-1
1
0
1
-1
0
6
-1
4
5
1
1
6
5
-1
-3
-2
1
3
-2
1
3
5
8
6
4
2
1
4
11
8
7
8
10
11
9
12
7
9
11
9
11
11
7
5
9
10
11
12
12
11
12
8
12
12
13
13
10
11
11
11
8
11
15
11
11
10
15
18
11
17
10
10
11
9
9
8
9
9
10
11
12
5
3
4
5
3
4
4
1
0
1
4
1
4
2
3
-1
-4
-3
-8
-2
-6
-8
-9
-8
-10
-10
-12
-14
-12
-14
-13
-17
-17
-17
-17
-14
-15
-16
-17
-15
-12
-15
-17
-19
-20
-21
-22
-19
-22
-22
-17
-16
-17
-19
-18
-21
-18
-16
-16
-12
-15
-16
-13
-13
-12
-6
-6
-3
-8
-8
-9
-5
-4
-9
-4
-6
-5
-5
-2
0
-4
-5
2
-1
-1
4
-1
2
1
0
0
-2
-4
-1
-3
-4
1
-1
-1
3
2
-2
-2
2
2
5
6
3
-1
-2
4
1
1
3
1
9
6
2
1
0
0
-1
-1
-2
-1
-2
-5
-5
-9
-9
-12
-14
-12
-11
-8
-7
-12
-15
-12
-14
-8
-7
-8
-10
-9
-15
-12
-9
-11
-5
-10
-5
-8
-5
-7
-9
-3
-9
-8
-5
-4
-12
-8
-11
-14
-14
-19
-16
-14
-10
-11
-12
-11
-16
-15
-18
-18
-16
-21
-18
-17
-14
-11
-7
-4
-8
-7
-12
-12
-11
-11
-12
-16
-18
-15
-12
-10
-10
-10
-13
-13
-10
-12
-11
-19
-21
-17
-21
-12
-17
-19
-15
-17
-10
-6
-7
-9
-11
-14
-16
-10
-15
-18
-11
-14
-11
-5
1
-5
-3
-1
-7
0
-9
-11
-12
-14
-13
-9
-4
-11
-5
-3
-7
1
0
-5
-6
-7
-7
-9
-1
-12
-15
-6
-11
-1
4
5
3
4
3
-6
1
-5
-12
-8
-12
-8
-4
3
2
0
10
5
10
9
3
-2
-2
-1
1
7
-5
-2
-1
-1
11
9
5
1
8
6
1
13
3
-5
4
-3
-4
0
8
-1
1
4
-1
13
10
6
5
8
5
10
7
-4
-3
0
0
8
6
-1
3
2
3
2
9
-2
-6
-5
-13
-7
-5
-10
-15
-8
-5
-7
2
-10
-13
-9
-18
-13
-11
-10
-20
-13
-11
-17
-2
-8
-8
-10
-8
-8
-11
-9
-23
-18
-15
-23
-19
-12
-18
-15
-7
-10
-6
3
-10
-14
-8
-16
-11
-12
-17
-17
-8
-10
-13
6
-2
-5
5
3
6
12
11
0
4
7
2
11
10
5
14
13
10
16
17
8
6
7
-1
7
9
5
7
10
11
7
19
13
14
20
13
11
13
12
1
9
10
0
9
4
4
8
11
8
5
10
2
4
9
4
2
3
1
5
12
6
6
10
7
9
8
6
1
6
8
6
9
5
4
10
11
12
15
11
12
16
15
11
11
12
7
9
5
-2
1
1
6
12
10
6
7
6
3
6
5
-2
0
0
-4
-1
-2
-1
1
4
5
7
4
2
1
1
1
5
7
3
-1
1
9
9
14
10
6
15
14
7
7
6
-1
-1
-4
-4
-5
-4
-6
-2
3
0
-1
0
-6
-4
4
-9
-5
-4
-9
-6
1
2
0
9
6
2
5
3
1
3
1
-1
7
7
7
13
12
11
16
17
9
5
2
-5
1
-3
-7
1
-1
-4
0
-3
-10
-12
-12
-16
-19
-22
-34
-39
-38
-41
-40
-40
-46
-46
-41
-38
-34
-32
-41
-39
-37
-31
-31
-35
-36
-44
-40
-34
-23
-16
-7
-5
1
19
30
45
38
28
25
22
15
4
-3
-23
-35
-31
-23
-17
-18
-25
-30
-28
-19
-27
-34
-54
-78
-78
-74
-67
-60
-54
-52
-30
6
23
38
33
13
1
13
19
6
2
-15
-16
19
39
59
75
61
59
73
88
91
81
54
31
52
70
80
81
70
59
65
89
89
85
58
29
23
33
54
50
43
31
39
75
100
105
91
83
74
79
92
77
61
32
13
12
25
33
-9
-36
-52
-62
-48
-57
-97
-135
-154
-178
-177
-167
-217
-241
-249
-268
-243
-213
-223
-241
-212
-213
-187
-137
-172
-190
-177
-189
-182
-131
-147
-170
-124
-126
-103
-15
-13
-49
-32
-43
-65
-28
-51
-128
-101
-92
-85
16
78
107
199
283
322
453
528
502
544
557
526
568
586
513
509
528
491
540
572
508
499
489
418
410
419
315
252
247
176
216
283
252
274
333
346
388
453
413
366
349
240
174
157
21
-109
-210
-350
-442
-474
-589
-726
-792
-916
-988
-995
-1060
-1119
-1138
-1186
-1201
-1119
-1090
-1076
-1015
-1007
-946
-805
-735
-665
-588
-538
-452
-320
-213
-156
-72
-74
-47
36
34
31
-12
-99
-160
-134
-159
-203
-187
-238
-206
-87
2
119
249
331
423
607
738
845
980
974
1012
1128
1191
1250
1308
1317
1323
1446
1511
1551
1661
1643
1626
1701
1694
1662
1658
1541
1368
1322
1217
1069
1009
849
702
667
600
488
434
297
42
-110
-349
-689
-955
-1322
-1734
-2003
-2223
-2439
-2519
-2544
-2596
-2451
-2297
-2210
-2016
-1897
-1865
-1789
-1725
-1758
-1721
-1662
-1703
-1603
-1459
-1370
-1156
-947
-779
-565
-333
-212
-77
73
64
122
128
40
14
-9
-36
-24
83
154
320
597
819
1151
1436
1612
1789
1899
1936
1872
1774
1521
1288
1136
923
843
759
677
667
685
708
698
684
482
273
76
-218
-405
-626
-843
-974
-985
-888
-715
-428
-243
2
277
467
717
873
920
916
946
969
1011
1145
1152
1213
1326
1416
1581
1675
1678
1565
1456
1271
1045
838
459
97
-242
-539
-732
-881
-1007
-1154
-1177
-1188
-1144
-1040
-1059
-1058
-1102
-1129
-1118
-1096
-1074
-1105
-1034
-974
-824
-627
-510
-388
-331
-282
-271
-297
-411
-629
-834
-1110
-1308
-1472
-1673
-1794
-1922
-1969
-1975
-1918
-1887
-1891
-1853
-1889
-1853
-1809
-1772
-1704
-1592
-1399
-1136
-739
-342
92
576
1010
1476
1885
2225
2475
2656
2778
2805
2840
2770
2659
2523
2331
2138
1877
1613
1299
972
637
307
13
-285
-491
-669
-754
-762
-743
-629
-488
-282
-62
212
472
710
1016
1276
1557
1851
2096
2324
2540
2744
2869
2977
2969
2836
2689
2420
2101
1735
1303
802
355
-49
-468
-758
-1076
-1387
-1598
-1781
-1963
-2133
-2299
-2567
-2773
-2916
-3092
-3163
-3233
-3280
-3213
-3047
-2821
-2572
-2284
-2114
-1906
-1696
-1602
-1511
-1543
-1661
-1786
-1834
-1874
-1879
-1787
-1721
-1485
-1135
-735
-254
166
562
929
1314
1638
1903
2091
2116
2179
2243
2299
2371
2357
2311
2259
2258
2227
2161
2007
1692
1406
1077
731
391
2
-427
-799
-1016
-1180
-1225
-1233
-1266
-1195
-1044
-860
-634
-447
-341
-222
-19
170
407
653
795
1008
1278
1554
1832
2081
2219
2311
2435
2481
2482
2426
2230
1996
1782
1517
1229
936
579
202
-86
-388
-652
-831
-1053
-1248
-1353
-1393
-1413
-1358
-1310
-1273
-1127
-994
-870
-721
-623
-548
-461
-409
-404
-363
-325
-358
-334
-348
-385
-381
-415
-488
-586
-681
-881
-1072
-1248
-1455
-1613
-1811
-2000
-2127
-2172
-2181
-2144
-2107
-2120
-2053
-1926
-1837
-1718
-1611
-1559
-1433
-1226
-936
-593
-201
141
550
1068
1557
2088
2463
2646
2815
2960
3013
2977
2853
2579
2312
2137
1925
1795
1663
1439
1250
1122
1062
1019
974
721
492
409
310
335
338
309
367
621
974
1380
1877
2197
2461
2720
2828
2914
2814
2453
1932
1412
937
460
96
-416
-845
-1099
-1332
-1438
-1584
-1785
-2116
-2400
-2713
-3056
-3276
-3640
-3967
-4217
-4357
-4284
-4118
-3899
-3731
-3452
-3125
-2823
-2460
-2290
-2157
-2071
-2025
-1944
-1827
-1557
-1354
-1044
-656
-150
545
1178
1813
2274
2726
3134
3406
3550
3449
3351
3098
2796
2491
2221
2040
1783
1608
1439
1309
1275
1194
1031
712
427
121
-235
-537
-897
-1155
-1434
-1589
-1600
-1505
-1339
-1186
-959
-850
-618
-356
-213
-178
-196
-220
-257
-226
-195
-137
7
171
478
902
1359
1945
2460
2817
3032
3335
3455
3433
3271
2846
2473
2107
1847
1550
1339
1089
888
841
705
715
669
427
118
-136
-352
-583
-739
-1048
-1360
-1477
-1567
-1554
-1550
-1586
-1683
-1756
-1835
-1938
-1925
-2088
-2309
-2493
-2678
-2711
-2674
-2650
-2801
-2925
-2988
-3063
-3011
-3130
-3318
-3562
-3747
-3787
-3732
-3526
-3372
-3179
-2901
-2405
-1683
-876
-157
412
1019
1769
2574
3332
3848
4077
4325
4590
4811
4954
4951
4690
4350
4100
3803
3542
3167
2506
1817
1189
664
211
-293
-946
-1598
-1950
-2272
-2375
-2371
-2501
-2546
-2449
-2171
-1823
-1331
-1058
-904
-602
-281
171
600
836
1055
1467
1999
2536
3133
3555
3830
4245
4431
4548
4520
4304
3909
3415
2981
2400
2003
1413
819
396
-10
-257
-516
-730
-1004
-1154
-1236
-1441
-1528
-1713
-1903
-2033
-2188
-2245
-2293
-2218
-2295
-2272
-2156
-2113
-1992
-2039
-2136
-2232
-2282
-2402
-2632
-2810
-3052
-3221
-3329
-3583
-3699
-3855
-3955
-4107
-4135
-4065
-4037
-3765
-3633
-3159
-2520
-1766
-1023
-304
600
1491
2502
3171
3679
4214
4576
4855
4965
4943
4835
4726
4575
4242
4065
3810
3522
3135
2572
2013
1434
816
-32
-788
-1555
-2245
-2753
-3143
-3406
-3431
-3300
-3109
-2760
-2259
-1652
-1042
-520
-124
379
764
1055
1295
1563
1836
2169
2545
2998
3772
4703
5495
5892
6100
6225
6390
6098
5284
4126
2920
1977
1136
457
-341
-923
-1274
-1391
-1201
-949
-660
-710
-899
-995
-975
-975
-1372
-1886
-2471
-2778
-2725
-2616
-2483
-2505
-2336
-2173
-1967
-1773
-1759
-1968
-2556
-3107
-3520
-3759
-4052
-4497
-4976
-5361
-5363
-5123
-5022
-5026
-5054
-4926
-4703
-4357
-3887
-3482
-3005
-2614
-1886
-917
247
1457
2349
3081
3866
4982
5829
6243
6341
6223
6143
6098
5981
5694
5217
4662
4119
3707
3286
2817
2182
1132
130
-616
-1230
-2041
-2886
-3737
-4393
-4624
-4620
-4423
-4160
-3817
-3347
-2657
-1892
-1021
-204
281
550
1031
1600
2206
2808
3212
3587
4196
5093
5952
6728
7119
7259
7249
7057
6709
6154
5157
3824
2636
1611
820
207
-444
-1201
-1637
-1702
-1561
-1400
-1489
-1721
-1847
-1911
-1919
-1907
-2091
-2455
-2664
-2675
-2540
-2156
-1983
-2016
-2068
-1962
-1798
-1708
-1908
-2483
-3024
-3535
-3867
-4116
-4479
-4966
-5416
-5676
-5726
-5589
-5544
-5753
-5940
-6004
-5757
-5198
-4628
-4110
-3617
-2738
-1501
65
1566
2649
3580
4414
5470
6448
6970
7079
6846
6690
6554
6544
6430
5934
5415
4784
4430
4076
3545
2787
1600
494
-571
-1336
-2205
-3157
-3929
-4658
-4857
-4731
-4280
-3821
-3443
-2881
-2277
-1376
-541
127
516
619
1031
1571
2268
2833
3207
3703
4367
5469
6388
6934
7098
6999
6970
6583
6018
5088
3863
2695
1594
844
132
-372
-924
-1498
-1675
-1689
-1465
-1559
-1850
-2112
-2298
-2346
-2469
-2556
-2937
-3244
-3258
-3201
-2946
-2689
-2558
-2594
-2564
-2360
-2187
-2088
-2419
-2888
-3274
-3612
-3656
-3818
-4222
-4781
-5044
-5122
-5137
-4940
-5056
-5254
-5335
-5063
-4543
-3880
-3235
-2753
-2015
-1100
338
1869
2921
3630
4466
5420
6116
6773
6916
6736
6476
6217
6029
5768
5425
4791
4154
3408
2822
2472
1667
578
-586
-1596
-2462
-3143
-3739
-4531
-5002
-5201
-4976
-4445
-3840
-3153
-2545
-1841
-1069
-46
765
1189
1521
1816
2279
2981
3738
4196
4555
5255
6110
7015
7585
7715
7628
7278
6860
6196
5360
4083
2826
1719
719
168
-300
-799
-1423
-1641
-1595
-1465
-1468
-1758
-2029
-2285
-2421
-2527
-2686
-2982
-3273
-3421
-3459
-3303
-2988
-2830
-2945
-3077
-3029
-2959
-2996
-3314
-3960
-4589
-4995
-5213
-5327
-5562
-5915
-6120
-6071
-5849
-5461
-5096
-5098
-5052
-4816
-4330
-3505
-2768
-2266
-1763
-920
376
1927
3307
4202
5087
6048
6877
7751
8135
8115
7718
7205
6812
6493
6225
5481
4685
3824
3182
2839
2244
1364
172
-898
-1810
-2572
-3191
-3994
-4624
-5157
-5299
-4911
-4356
-3640
-3103
-2442
-1687
-594
522
1166
1667
1963
2589
3436
4244
4948
5444
6094
6825
7655
8158
8172
8137
7551
6903
6139
5150
4181
2909
1768
606
-13
-612
-1141
-1481
-2122
-2222
-2349
-2397
-2556
-2738
-2993
-3402
-3427
-3686
-3675
-3707
-3928
-3945
-3894
-3571
-3347
-3134
-3276
-3417
-3288
-3585
-3768
-4184
-4704
-5176
-5598
-5906
-6338
-6341
-6512
-6478
-6360
-6313
-5872
-5531
-5175
-4857
-4174
-3470
-2711
-1744
-951
281
1706
3057
4205
5232
6283
7235
8073
8352
8465
8368
7996
7682
7242
6687
5981
5335
4542
3794
3195
2405
1495
376
-740
-1682
-2590
-3524
-4371
-5026
-5488
-5596
-5354
-5039
-4474
-3712
-2936
-2038
-1077
-155
643
1276
1847
2638
3460
4114
4808
5545
6404
7444
8235
8474
8546
8577
8328
7854
6837
5576
4452
3329
2275
1338
505
-360
-835
-1300
-1677
-1685
-1836
-2136
-2504
-2734
-2948
-3057
-3348
-3827
-4030
-4216
-4213
-4055
-3948
-3875
-3708
-3415
-3376
-3172
-3129
-3442
-3803
-4330
-4668
-5076
-5507
-6198
-6722
-6836
-6984
-6767
-6675
-6593
-6264
-5853
-5362
-4832
-3976
-3275
-2606
-1775
-898
649
2279
3609
4573
5449
6595
7779
8804
8974
8836
8701
8510
8439
8164
7620
6760
5908
5091
4313
3687
2715
1480
109
-1205
-2142
-2995
-3932
-5061
-5884
-6307
-6428
-6059
-5621
-5107
-4491
-3742
-2759
-1675
-570
203
780
1497
2374
3566
4576
5330
6149
7069
8016
8625
9011
9021
8753
8342
7447
6468
5432
4313
3122
1859
839
-17
-498
-1084
-1673
-2002
-2283
-2336
-2513
-2715
-3008
-3202
-3402
-3745
-3859
-3967
-4046
-4120
-4153
-4025
-3779
-3402
-3228
-3174
-3096
-3193
-3271
-3516
-3981
-4486
-5022
-5716
-6368
-6670
-6952
-7221
-7299
-7402
-7212
-6743
-6437
-5977
-5284
-4420
-3596
-2702
-1806
-525
1363
2791
3907
4929
6062
7418
8549
9082
9057
9160
9196
9173
9151
8647
8046
7399
6603
5745
5007
4146
2793
1415
-97
-1374
-2326
-3438
-4658
-5686
-6342
-6662
-6472
-6138
-5794
-5125
-4377
-3552
-2411
-1334
-473
255
931
1716
2883
4124
5028
5979
6959
7971
8960
9518
9617
9505
9054
8227
7281
6243
4968
3673
2337
996
85
-624
-1271
-1935
-2481
-2745
-2804
-2877
-3190
-3420
-3659
-3962
-4132
-4326
-4448
-4505
-4447
-4284
-4055
-3610
-3137
-2720
-2571
-2501
-2356
-2407
-2589
-3025
-3661
-4326
-5029
-5648
-6247
-6739
-7200
-7529
-7609
-7589
-7268
-7041
-6647
-5962
-5124
-4258
-3488
-2395
-1140
576
2233
3385
4409
5523
6975
8155
8722
8832
8898
9135
9109
9086
8799
8144
7550
6842
6124
5260
4417
3240
1784
355
-1029
-2003
-3172
-4447
-5517
-6312
-6708
-6740
-6374
-6100
-5613
-4849
-4055
-2875
-1741
-725
24
735
1657
2797
4069
4887
5840
6786
7759
8894
9660
9976
9866
9674
9074
8243
7307
5924
4585
3048
1669
704
-179
-997
-1838
-2310
-2842
-2904
-2973
-3394
-3676
-4076
-4259
-4560
-4691
-4947
-5036
-4996
-5048
-4554
-4079
-3521
-3020
-2685
-2463
-2275
-2030
-2296
-2731
-3390
-4192
-4832
-5593
-6186
-6754
-7247
-7639
-7694
-7537
-7440
-7063
-6575
-5862
-5043
-4216
-3357
-2328
-890
782
2215
3141
4095
5515
6950
7967
8438
8658
8885
9166
9433
9393
9031
8376
7814
7142
6340
5562
4588
3290
1744
454
-659
-1655
-2835
-4118
-5102
-5854
-6204
-6253
-6183
-6085
-5772
-5157
-4445
-3346
-2271
-1473
-688
169
1394
2772
4104
5134
6112
7178
8182
9266
9842
9855
9656
9161
8466
7681
6858
5628
4263
3003
1810
1136
383
-476
-1295
-1996
-2487
-2754
-2961
-3611
-4060
-4452
-4919
-5102
-5233
-5402
-5526
-5542
-5454
-4958
-4235
-3806
-3364
-3115
-3021
-2662
-2479
-2711
-3176
-3694
-4508
-5040
-5400
-5849
-6199
-6671
-7013
-6988
-6643
-6492
-6044
-5567
-5086
-4325
-3501
-2581
-1470
46
1167
2210
3144
4245
5705
6762
7331
7577
7984
8270
8561
8695
8291
7802
7222
6580
5934
5177
4349
3207
2030
807
-111
-836
-1915
-2950
-3934
-4575
-5076
-5238
-5312
-5422
-5247
-4933
-4350
-3531
-2632
-1793
-915
7
1166
2640
4143
5256
6440
7470
8463
9449
10047
10099
9772
9375
8566
7993
7052
5942
4797
3638
2578
1782
1166
171
-471
-1287
-1942
-2346
-2772
-3379
-4042
-4540
-5178
-5444
-5702
-6004
-6050
-6175
-6107
-5779
-5199
-4717
-4399
-4049
-3980
-3529
-3236
-3219
-3478
-3979
-4448
-4943
-5092
-5619
-6150
-6515
-6805
-6795
-6637
-6360
-5915
-5162
-4521
-3899
-2861
-1750
-263
1383
2334
2977
3971
5266
6373
7089
7109
7109
7461
7755
8006
8152
7775
7189
6835
6264
5670
5025
3927
2447
1092
-18
-918
-1778
-2980
-4101
-4706
-5121
-5201
-5104
-5058
-5047
-4869
-4451
-3979
-3089
-2491
-2068
-1468
-498
931
2511
4033
5149
6363
7731
8997
10219
10741
10610
10328
9766
9154
8419
7646
6138
4800
3664
2633
2166
1301
446
-613
-1211
-1784
-2029
-2496
-3530
-4151
-4884
-5337
-5641
-5826
-6248
-6519
-6508
-6321
-5646
-4999
-4759
-4603
-4487
-4069
-3547
-3325
-3647
-4169
-4455
-4934
-4964
-5308
-5688
-6251
-6551
-6531
-6465
-5988
-5922
-5371
-4943
-4247
-3419
-2486
-1288
-40
1512
2361
3158
4321
5581
6697
7045
7105
7300
7696
8162
8138
8133
7518
7142
6882
6254
5617
4487
3472
1925
684
-486
-1566
-2627
-4030
-4893
-5521
-5754
-5717
-5578
-5389
-5233
-4680
-3994
-3394
-2546
-2102
-1441
-770
288
1578
2862
4415
5553
7134
8295
9683
10846
11345
11468
11105
10703
9803
9077
7873
6393
5049
3673
2700
1818
910
92
-687
-1376
-1875
-2073
-2712
-3491
-4122
-4913
-5425
-5920
-6332
-6824
-7140
-7248
-6936
-6367
-5945
-5441
-5110
-4820
-4417
-4031
-4012
-4262
-4737
-5279
-5700
-5992
-6217
-6489
-6818
-6920
-6626
-6302
-6012
-5516
-4925
-4287
-3642
-2957
-2091
-882
714
1929
2688
3287
4586
6079
6979
7286
7336
7701
8049
8551
8673
8445
7939
7460
7053
6436
5749
4805
3522
1930
529
-456
-1444
-2775
-4105
-5172
-5789
-6090
-5983
-5950
-5895
-5587
-5068
-4361
-3600
-2703
-2085
-1449
-714
397
1787
3163
4467
5825
7128
8462
9776
10767
11224
11430
11211
10557
10062
9149
8320
7078
5697
4382
3459
2577
1536
787
-455
-1125
-1586
-2163
-2869
-3532
-4221
-4912
-5404
-5993
-6358
-6589
-7012
-7039
-6749
-6434
-5848
-5518
-5342
-5201
-4744
-4748
-4786
-5069
-5684
-6009
-6450
-6768
-6979
-6910
-7165
-7026
-6761
-6556
-6063
-5485
-4898
-4313
-3594
-2979
-1917
-458
1134
2509
3212
3956
5370
6858
7738
7910
8090
8123
8546
8936
8977
8740
7976
7516
6902
6469
5572
4574
3250
1395
136
-964
-2002
-3413
-4744
-5795
-6578
-6616
-6537
-6406
-6298
-6144
-5397
-4681
-3693
-2910
-2253
-1606
-905
469
1653
3157
4514
5780
7059
8327
9849
10737
11369
11345
10980
10720
10092
9496
8486
7192
5808
4717
3838
2796
2124
1009
-33
-670
-1216
-1688
-2422
-3206
-4082
-4748
-5342
-5806
-6077
-6677
-7017
-7061
-6949
-6484
-6105
-5865
-5917
-5614
-5340
-5125
-4999
-5517
-5977
-6539
-6795
-7001
-7089
-7371
-7657
-7377
-7159
-6635
-6072
-5456
-4724
-3968
-3155
-2299
-1073
447
2038
3112
3579
4602
6087
7354
7987
8073
8253
8522
9052
9368
9378
8939
8204
7724
7156
6473
5469
4140
2443
651
-559
-1662
-2951
-4345
-5649
-6414
-6823
-6747
-6567
-6379
-6158
-5810
-5009
-4317
-3343
-2584
-2181
-1591
-715
595
1905
3362
4631
5964
7574
8969
10375
11210
11528
11544
11205
10685
9908
9145
7866
6554
5412
4283
3542
2722
1891
940
180
-348
-828
-1396
-2378
-3153
-3972
-4821
-5354
-5853
-6290
-6710
-6838
-6855
-6504
-5941
-5691
-5534
-5590
-5444
-5326
-5329
-5722
-6406
-7001
-7593
-7873
-8111
-8293
-8488
-8379
-8021
-7565
-6796
-6020
-5268
-4433
-3677
-2807
-1808
-618
870
2240
3125
3726
5113
6537
7679
8258
8354
8716
9070
9616
9735
9627
8910
8146
7711
6911
6082
4878
3428
1670
115
-977
-2170
-3417
-4824
-5896
-6455
-6767
-6615
-6513
-6326
-6090
-5547
-4771
-4103
-3146
-2562
-1969
-1180
-34
1282
2510
3898
5159
6656
8072
9228
10344
10987
11273
11269
10925
10364
9669
8875
7538
6415
5287
4139
3295
2311
1460
561
-76
-707
-1226
-1872
-2684
-3216
-4044
-4810
-5279
-5774
-6217
-6512
-6507
-6455
-6163
-5776
-5676
-5345
-5286
-5160
-5196
-5534
-6000
-6472
-6830
-7499
-7855
-8293
-8553
-8346
-8173
-7982
-7545
-6868
-5899
-4924
-3976
-3197
-2245
-1101
193
1979
2955
3733
4585
5824
7053
7842
8416
8459
8867
9172
9534
9754
9359
8794
8111
7306
6355
5331
4124
2292
593
-937
-2306
-3322
-4649
-5691
-6622
-7064
-7131
-6836
-6379
-6274
-5720
-5214
-4511
-3520
-2768
-2101
-1500
-564
612
2065
3570
4869
6676
8107
9323
10544
11353
11986
11919
11358
10428
9720
8877
7579
6455
4983
3812
3077
2347
1756
997
425
-252
-623
-1130
-1835
-2389
-3562
-4435
-5196
-5674
-6121
-6492
-6618
-6643
-6169
-5814
-5416
-5140
-5059
-4994
-5153
-5517
-5970
-6550
-7063
-7865
-8409
-8839
-9087
-9011
-8895
-8615
-8468
-7434
-6480
-5316
-4361
-3561
-2482
-1339
476
2006
3191
3571
4564
5973
7165
7910
8216
8643
8876
9476
10016
10383
10077
9485
8890
8155
7308
6226
4844
2913
913
-568
-1862
-3291
-4670
-5915
-6919
-7501
-7391
-7211
-6891
-6726
-6411
-5765
-5086
-4176
-3485
-2969
-2589
-1630
-461
887
2632
4251
5925
7610
9198
10767
12084
12547
12425
11902
10898
10111
9273
7786
6255
4945
3736
3034
2666
2062
1523
887
381
196
-114
-835
-1667
-2665
-3980
-4640
-5201
-5848
-6332
-6602
-6586
-6246
-5595
-5179
-4805
-4688
-4795
-4781
-4972
-5451
-6036
-6842
-7808
-8530
-8829
-9207
-9513
-9533
-9503
-9052
-8282
-7252
-6102
-5177
-4261
-3330
-2072
-620
1107
2558
2852
3601
4913
6454
7526
7864
8219
8508
9312
9911
10521
10502
9784
9443
8674
7937
6989
5710
3924
1681
78
-1350
-2501
-3988
-5540
-6479
-7344
-7358
-7146
-7006
-6975
-6811
-6119
-5587
-4644
-3810
-3301
-2784
-2148
-756
691
2083
3355
4984
7073
8700
10204
11308
12053
12622
12479
11734
10831
9965
8880
7430
6151
4654
3726
3077
2128
1567
837
508
13
-306
-1009
-1652
-2149
-3374
-4046
-4886
-5380
-5900
-6137
-6184
-6135
-5551
-5410
-5026
-4846
-4686
-4594
-4942
-5354
-6024
-6401
-7028
-7845
-8439
-9024
-9166
-9242
-9134
-9144
-8840
-8011
-7266
-5988
-5103
-4204
-3026
-1551
508
2074
3208
3731
4911
6308
7280
8138
8263
8570
8869
9488
10031
10183
9979
9378
8976
8236
7390
6433
4879
2931
993
-642
-2062
-3606
-5027
-6435
-7384
-7873
-7902
-7523
-7399
-7078
-6739
-6110
-5261
-4313
-3514
-3096
-2492
-1599
-149
1565
3148
4632
6212
8006
9868
11358
12165
12494
12357
11874
11197
10461
9328
7865
6449
5150
4308
3492
2827
2017
1185
638
305
38
-648
-1392
-2292
-3082
-3840
-4467
-5079
-5711
-6108
-6137
-5874
-5603
-5151
-4874
-4769
-4705
-4570
-4699
-5050
-5660
-6446
-7096
-7747
-8276
-8590
-9034
-9485
-9401
-9113
-8700
-8129
-7366
-6696
-5807
-4816
-3907
-2572
-1231
478
1881
2714
3807
5348
7002
7779
8370
8763
9252
9957
10254
10541
10169
9741
9219
8627
7914
6782
5667
3935
2156
666
-698
-2109
-3849
-5345
-6580
-7408
-7636
-7925
-7943
-8013
-7681
-6969
-6289
-5292
-4543
-3661
-3129
-2094
-773
617
2207
3519
5320
7085
8867
10305
11503
12366
12774
12625
11920
11191
10409
9248
7780
6387
4909
4097
3252
2497
1689
933
497
143
-167
-1108
-1628
-2608
-3578
-4309
-5065
-5647
-6231
-6454
-6652
-6151
-5711
-5332
-4868
-4753
-4535
-4239
-4476
-5098
-5758
-6473
-7335
-8084
-8774
-9369
-9290
-9588
-9493
-9226
-8729
-7935
-7056
-6111
-5591
-4280
-3262
-1517
483
1790
2718
3658
5226
6521
7805
8112
8443
9007
9443
10098
10608
10524
9941
9743
9248
8637
7888
6708
5024
3232
1432
-39
-1390
-3327
-5012
-6361
-7363
-7906
-7865
-7942
-8067
-7690
-7291
-6554
-5578
-4848
-4242
-3660
-2958
-1806
-344
1079
2592
4393
6249
8378
10379
11562
12646
13165
13284
12872
11926
10984
9575
8297
6623
5636
4394
3338
2810
1831
1434
780
768
97
-471
-1241
-2125
-2766
-4033
-4676
-5714
-6233
-6652
-6671
-6440
-6200
-5501
-5267
-4895
-4504
-4397
-4604
-5229
-5790
-6472
-7077
-8015
-8993
-9324
-9850
-9662
-9665
-9566
-9302
-8437
-7302
-6591
-5380
-4661
-3393
-2178
-548
1299
2330
3043
4063
5648
6919
7807
8396
8712
9177
9808
10273
10709
10216
9761
9162
8495
7675
6576
5496
3463
1784
147
-1141
-2447
-3972
-5257
-6692
-7437
-7743
-7760
-7769
-7998
-7756
-7420
-6651
-5593
-4883
-4149
-3635
-2439
-1136
494
2302
3730
5494
7263
9302
10723
11909
12752
12852
12760
11978
11189
10381
8944
7450
6172
5095
3980
3478
2873
1885
1543
1107
878
317
-414
-1273
-2211
-3224
-4238
-4755
-5717
-6293
-6534
-6619
-6330
-5737
-5299
-5089
-4768
-4523
-4482
-4616
-5129
-5864
-6481
-7313
-7960
-8712
-9111
-9455
-9553
-9570
-9549
-8990
-8424
-7493
-6688
-5474
-4493
-3081
-924
1046
2311
3036
4565
5867
7135
7700
8002
8426
8655
9337
9756
10141
9865
9759
9471
8784
8372
7454
6261
4438
2636
1003
-454
-2032
-3924
-5307
-6596
-7508
-7750
-7887
-8010
-8057
-7764
-7464
-6890
-5975
-5539
-4952
-4458
-3549
-2205
-682
923
2305
4094
6166
8678
10454
11511
12431
12958
13107
12721
11848
10606
9172
7670
6388
5390
4378
3479
2873
2077
1700
1706
1620
994
132
-551
-1430
-2297
-3391
-4387
-5407
-6209
-6528
-6500
-6101
-5697
-5177
-4896
-4562
-3982
-3807
-4189
-4843
-5612
-6484
-7122
-7922
-8767
-9316
-9566
-9776
-9601
-9153
-8948
-8169
-7417
-6521
-5512
-4409
-3373
-1791
335
1613
2702
3792
5168
6622
7850
8229
8649
9160
9506
10087
10365
10267
9825
9505
8662
8138
7428
6204
4811
3018
1334
-110
-1285
-2979
-4602
-5842
-7035
-7617
-7769
-8000
-8235
-8269
-8017
-7669
-6736
-5976
-5437
-4769
-4181
-2870
-1255
327
1568
3043
4887
6961
9089
10197
11134
11938
12313
12294
11623
10770
9542
8438
6930
5708
4764
3658
3064
2191
1719
1324
1495
1107
375
-115
-897
-1496
-2644
-3550
-4614
-5345
-5952
-6304
-6152
-5976
-5418
-5010
-4657
-4312
-3924
-3882
-4290
-4783
-5529
-6192
-6884
-7717
-8334
-8711
-8873
-9212
-9099
-8920
-8576
-7816
-7215
-6395
-5348
-4198
-2772
-729
1203
2262
3435
4900
6157
7645
8111
8489
8762
9101
9678
10042
10376
9662
9736
9270
8726
8317
7272
6165
4302
2731
1027
-330
-1921
-4005
-5284
-6766
-7608
-7831
-8068
-8172
-8428
-7958
-7689
-6792
-6010
-5630
-4882
-4521
-3369
-2124
-689
584
1776
3481
5372
7718
9164
10245
11417
11907
12409
11975
11389
10316
8919
7562
6102
5295
3782
3099
2144
1465
1276
1115
1189
529
293
-375
-753
-1589
-2603
-3342
-4505
-5184
-5723
-5851
-5818
-5505
-5083
-4926
-4225
-3862
-3612
-3694
-4210
-4565
-5294
-5949
-6876
-7489
-8290
-8734
-8877
-9254
-9150
-9026
-8489
-7922
-7089
-6233
-5034
-3788
-2527
-521
1294
2601
3571
4869
6192
7398
8207
8377
8784
9105
9585
10005
10160
9951
9497
9338
8569
8018
7112
5786
4207
2246
673
-933
-2297
-4201
-5744
-6889
-7892
-8091
-8270
-8365
-8336
-8003
-7543
-6854
-5930
-5359
-4743
-4000
-3203
-1884
-446
1015
2443
4072
6086
8137
9942
10926
11836
12287
12253
11877
10898
9776
8284
6927
5479
4510
3558
2671
2202
1507
1284
1160
1144
641
44
-667
-1493
-2175
-3281
-4137
-5004
-5643
-5938
-5939
-5646
-5098
-4530
-4330
-3925
-3498
-3532
-3727
-4256
-5003
-5766
-6555
-7389
-8109
-8511
-8992
-8987
-9014
-9019
-8643
-8123
-7525
-6859
-5986
-5201
-4199
-3034
-1272
794
2268
3068
4497
6205
7705
8835
9150
9492
9730
10283
10429
10653
10290
9429
9069
8258
7706
6788
5694
4039
2131
763
-709
-1910
-3698
-5413
-6672
-7758
-8080
-8412
-8454
-8628
-8504
-7898
-7253
-6020
-5231
-4474
-3809
-2880
-1514
-22
1771
2881
4149
5972
8166
10123
11175
11916
12237
12650
12428
11567
10630
9025
7483
5933
4812
3550
2661
1835
820
586
369
558
173
-350
-1137
-1668
-2243
-3179
-3834
-4979
-5596
-6012
-5970
-5853
-5326
-4849
-4744
-4163
-3781
-3457
-3541
-3924
-4704
-5520
-6114
-6858
-7530
-8314
-9110
-9177
-9060
-8879
-8759
-8648
-8215
-7507
-6231
-5537
-4495
-3531
-2090
162
1904
3378
4231
5804
7069
8444
9205
9309
9920
9904
10223
10309
10461
9883
9268
8812
7735
7100
6023
4685
2870
915
-694
-2249
-3720
-5442
-6747
-7852
-8781
-8789
-8785
-8583
-8307
-7926
-7316
-6443
-5145
-4320
-3423
-2627
-1520
21
1655
3429
4997
6633
8358
10111
11585
12440
12866
12820
12176
11277
10207
9100
7475
5900
4625
3502
2697
1961
1476
837
454
175
-177
-573
-1284
-1993
-2893
-3800
-4486
-5078
-5557
-5907
-5895
-5833
-5352
-4584
-4246
-3925
-3678
-3586
-3689
-3895
-4534
-5258
-5964
-6852
-7525
-8106
-8498
-8691
-8640
-8764
-8572
-8255
-8111
-7435
-6860
-6269
-5581
-4780
-3440
-1493
774
2190
3494
5069
6793
8865
9689
10015
10327
10619
10920
10887
11034
10201
9559
8886
7951
7440
6290
5284
3426
1502
-63
-1470
-2828
-4961
-6361
-7872
-8919
-9121
-9283
-9167
-9075
-8491
-7833
-6715
-5215
-4175
-3067
-2421
-1418
69
1434
2903
4039
5446
6838
9002
10736
11825
12882
13160
13419
12859
12172
10942
9554
7624
5634
4437
2846
1936
958
93
-605
-582
-474
-838
-998
-1674
-2093
-2788
-3523
-4257
-4997
-5588
-6089
-6049
-6001
-5380
-4703
-4493
-4172
-3746
-3354
-3423
-3766
-4470
-5321
-5875
-6720
-7568
-8291
-8923
-9147
-9069
-8917
-8894
-8608
-8105
-7439
-6448
-5687
-4976
-3895
-2510
-508
1505
2909
3944
5348
7043
8435
9420
9758
10030
10338
10567
10782
10882
10295
9496
8779
7832
6971
5974
4649
2580
684
-1028
-2515
-3914
-5653
-7100
-8377
-9119
-9330
-9111
-8845
-8583
-8028
-7352
-6185
-4632
-3480
-2620
-1780
-661
734
2419
4054
5388
6786
8084
9856
11514
12671
13122
13033
12539
11864
11337
10101
8533
6566
4810
3559
2587
1680
762
-35
-774
-843
-811
-1002
-1398
-2067
-2853
-3464
-3908
-4479
-5032
-5654
-6097
-5982
-5559
-4878
-4359
-4295
-4176
-3780
-3339
-3414
-3860
-4702
-5704
-6399
-7180
-7811
-8414
-9147
-9512
-9421
-8838
-8324
-7827
-7202
-6622
-5560
-4553
-3550
-2516
-1343
402
1976
3217
4311
5767
7316
8291
9058
9604
10138
10680
10726
10751
10499
9804
9044
8011
6946
5539
4268
2708
779
-755
-2450
-3737
-5259
-6618
-7631
-8544
-8896
-9216
-8902
-8673
-8135
-7356
-6609
-5314
-4154
-2864
-1794
-582
728
2012
3837
5566
7136
8408
9700
11158
12240
13029
12870
12350
11608
10512
9667
8418
6908
5216
3982
2894
2012
1591
772
128
-500
-846
-1061
-1474
-2139
-3012
-3646
-4494
-4894
-5159
-5499
-5552
-5560
-5191
-4694
-3873
-3573
-3450
-3309
-3520
-3528
-3882
-4408
-5308
-6112
-6907
-7591
-7940
-8402
-8667
-8651
-8529
-8251
-7766
-7398
-6676
-5961
-5233
-4599
-3716
-2371
-663
1410
2525
3644
5080
6583
8222
9012
9399
9619
9971
10270
10257
10453
9576
8781
8003
6867
6089
4756
3518
1496
-224
-1766
-3225
-4303
-6147
-7225
-8341
-9004
-9032
-8883
-8429
-8337
-7533
-6748
-5496
-3854
-2856
-1725
-943
294
1629
3160
4750
5782
7179
8169
9771
11442
12524
12993
12621
12311
11601
11234
10140
8342
6484
4589
3541
2502
1707
677
-143
-850
-1150
-853
-1145
-1464
-2301
-2972
-3605
-3901
-4265
-4959
-5405
-5959
-5760
-5382
-4737
-4303
-4202
-4069
-3841
-3483
-3393
-3741
-4496
-5424
-6253
-6791
-7441
-7960
-8765
-9155
-9127
-8747
-8080
-7781
-7197
-6636
-5701
-4621
-3710
-2848
-1828
-119
1689
2946
4001
5232
6734
8104
8705
9301
9726
10092
10269
10193
10250
9389
8821
7919
6725
5664
4211
3108
1038
-555
-2183
-3622
-4823
-6577
-7347
-8451
-8817
-8973
-8780
-8232
-7880
-6830
-6134
-4748
-3387
-2299
-1118
-302
915
2101
3523
4972
6127
7551
8691
10341
11561
12324
12875
12462
12228
11194
10506
9225
7563
6006
4309
3418
1936
1410
478
-228
-651
-1051
-1036
-1637
-1803
-2624
-3104
-3830
-4425
-4768
-5347
-5535
-5827
-5525
-5171
-4475
-3948
-3831
-3602
-3424
-3291
-3490
-3990
-4762
-5619
-6096
-6821
-7489
-7899
-8533
-8683
-8685
-8439
-8197
-7671
-7219
-6716
-5540
-4936
-3927
-2932
-1988
-396
1493
3089
3847
5357
6664
8110
9273
9463
10072
10081
10294
10117
10230
9522
8388
7940
6325
5439
4131
2903
1136
-750
-2212
-3904
-4600
-6209
-7285
-8155
-8853
-8773
-8609
-8045
-7746
-6784
-5791
-4750
-3071
-1975
-850
144
1052
2223
3361
4907
5932
7326
8585
9970
11523
12208
12963
12823
12538
11521
10591
9390
7590
6050
4130
2880
1468
814
59
-589
-1022
-1388
-1337
-1733
-1940
-2655
-3150
-3967
-4539
-5029
-5625
-5917
-6183
-5947
-5671
-4893
-4382
-3814
-3343
-3207
-2947
-3151
-3528
-4110
-4976
-5829
-6604
-7148
-7816
-8018
-8243
-8637
-8138
-7864
-7282
-6788
-6292
-5680
-4914
-4089
-3611
-2542
-1654
-133
1868
3111
4049
5699
7426
8942
9853
10164
10269
10484
10667
10162
10027
8747
7718
6813
5571
4538
3262
2190
151
-1109
-2506
-3689
-4497
-6035
-7149
-8041
-8295
-8400
-8094
-7604
-7309
-6141
-5157
-3860
-2147
-1105
-48
813
1991
2880
4251
5517
6410
7761
8614
10075
11436
12387
12682
12615
12052
11167
10516
9146
7401
5580
3648
2221
1283
349
-425
-1220
-1794
-2084
-1766
-2014
-2370
-2777
-3571
-4058
-4573
-4951
-5634
-5923
-6306
-6175
-5584
-5009
-4374
-3928
-3665
-3488
-3099
-3237
-3574
-4051
-4737
-5525
-5954
-6486
-7041
-7464
-8003
-8301
-8035
-7604
-7338
-6962
-6776
-6198
-5402
-4582
-4104
-3381
-2609
-1367
817
2578
3929
5108
6788
8259
9637
10349
10433
10480
10121
9875
9524
8946
7644
6611
5406
4182
3359
2352
1019
-634
-1842
-3187
-4084
-5238
-6449
-7324
-8032
-8253
-8091
-7449
-6845
-5924
-4961
-3802
-2221
-655
390
1295
2056
2999
3979
5248
6376
7212
8386
9549
11178
12206
13121
13095
12892
12211
11103
10222
8391
6451
4298
2773
1109
179
-707
-1847
-2411
-2843
-2728
-2584
-2624
-3177
-3458
-3884
-4448
-4668
-5158
-5767
-6090
-6309
-6122
-5402
-4703
-4304
-3826
-3518
-3390
-2908
-2851
-3197
-3904
-4638
-5296
-5723
-6066
-6843
-7373
-7889
-8060
-7787
-7492
-7366
-7379
-6938
-6660
-5891
-5040
-4585
-3816
-2986
-1453
462
2458
3746
5033
6700
7953
9462
10201
10213
10116
9738
9358
8900
8414
7201
6038
5055
3778
3214
2287
1091
-375
-1775
-2852
-3815
-4582
-5877
-6712
-7405
-7762
-7301
-6724
-6034
-5339
-4371
-3208
-1730
-33
932
1961
2698
3497
4696
5994
7385
8206
9268
10051
11414
12767
13469
13548
12815
12033
10969
10077
8480
6350
4152
2034
513
-578
-1373
-2358
-3187
-3594
-3665
-3179
-3094
-3298
-3773
-4270
-4632
-4883
-5011
-5645
-5863
-6239
-6139
-5518
-4732
-4138
-3984
-3615
-3471
-2929
-2667
-2850
-3483
-4282
-4811
-5282
-5497
-6177
-7052
-7712
-7987
-7929
-7705
-7564
-7887
-7715
-7389
-6590
-5623
-5067
-4548
-3707
-2094
-457
1924
3648
4776
6201
7572
9102
10021
10221
9742
9259
8861
8312
8187
7418
6062
5238
4263
3802
3103
2392
972
-596
-1633
-2917
-3436
-4744
-5813
-6800
-7308
-7127
-6666
-5712
-5258
-4264
-3146
-1813
4
1337
2334
2957
3719
4593
5534
6933
7605
8524
9357
10629
12094
12990
13460
12846
12405
11131
9988
8568
6295
3956
1597
-4
-1543
-2295
-3177
-4075
-4191
-4363
-3699
-3343
-3328
-3700
-4119
-4433
-5070
-5010
-5815
-6222
-6478
-6526
-5889
-5105
-4177
-3921
-3221
-2946
-2476
-2068
-2208
-2686
-3437
-4023
-4704
-5029
-5793
-6641
-7396
-7858
-8105
-8033
-7849
-8059
-7780
-7617
-7016
-6150
-5315
-4716
-3986
-2760
-1393
856
2722
4063
5180
6479
7738
9097
9673
9451
9252
8897
8790
8553
8498
7372
6653
5783
4969
4513
3563
2554
813
-384
-1844
-2731
-3685
-5084
-6023
-6917
-7096
-6746
-5999
-5215
-4477
-3237
-2179
-508
1126
2018
2882
3231
4066
4787
6152
7159
7938
8861
9622
11187
12353
13147
12970
12311
11311
10189
9012
7239
4826
2451
349
-1100
-2149
-3007
-3770
-4584
-4682
-4630
-3950
-3790
-3920
-4375
-4803
-4980
-5189
-5143
-5695
-5876
-6005
-5540
-4648
-3655
-2992
-2866
-2470
-2270
-1859
-1699
-2167
-2946
-3853
-4445
-5048
-5470
-6227
-7239
-7898
-8409
-8380
-8173
-7986
-8242
-8304
-8058
-7336
-6356
-5717
-5222
-4611
-3246
-1622
682
2566
3808
4971
6237
7804
9060
9804
9619
9173
8925
8762
8925
8779
7782
6842
5940
5407
4802
4103
2726
774
-661
-2240
-3107
-4262
-5550
-6726
-7415
-7284
-6802
-5536
-4638
-3631
-2482
-1162
574
2018
3012
3436
3846
4363
4989
6114
6922
7562
8211
9176
10470
11627
12684
12622
12036
11068
9930
8731
7070
4583
1926
-111
-1901
-2980
-3633
-4388
-5230
-5159
-4987
-4335
-3678
-3824
-4047
-4325
-4410
-4581
-4296
-4715
-5030
-4835
-4580
-3763
-2793
-2194
-2003
-1611
-1608
-1557
-1456
-2075
-3148
-4098
-5055
-5850
-6187
-6665
-7390
-7755
-8133
-8068
-7547
-7372
-7512
-7678
-7497
-7502
-6754
-6186
-5909
-5183
-4356
-2919
-1007
1226
2915
4472
5919
7167
8858
9948
10031
9899
9461
9120
9006
8817
8028
7073
6326
5224
4756
3978
2743
1365
-271
-1706
-2860
-3580
-4724
-5586
-6127
-6459
-5890
-5072
-4103
-3121
-2071
-996
309
1813
2801
3559
4029
4359
4966
5765
6570
7413
8166
8825
9699
10774
11492
11621
11098
9921
8683
7397
5801
3796
1732
-341
-1860
-2891
-3607
-4151
-4577
-4822
-4993
-4471
-4154
-3813
-3837
-4040
-4087
-3954
-3602
-3602
-3420
-3458
-3199
-2629
-2071
-1628
-1396
-1563
-1891
-2022
-2211
-2750
-3473
-4357
-5154
-5416
-5770
-6032
-6461
-6813
-7293
-7358
-7391
-7662
-7677
-7973
-8075
-8199
-7780
-7375
-6668
-5899
-5178
-3854
-2309
-429
1542
3516
4928
6328
7819
9028
9922
10312
10127
9849
9563
9098
8655
8014
6904
5832
5032
4062
3221
2199
954
-384
-1352
-2281
-3069
-3704
-4503
-4870
-4949
-4700
-4199
-3258
-2404
-1496
-469
608
1756
2857
3620
3968
4455
4780
5284
5815
6321
6690
7133
7819
8513
9261
9627
9356
8783
7928
6811
5646
3908
1853
-203
-1646
-2972
-3881
-4365
-5108
-5189
-5085
-4484
-3795
-3127
-2770
-2631
-2232
-2222
-1804
-1845
-2199
-2507
-2610
-2548
-2509
-2185
-2437
-2544
-2731
-2774
-2805
-3160
-3632
-4386
-4736
-5250
-5499
-5728
-6278
-6831
-7271
-7437
-7717
-7744
-8039
-8406
-8457
-8320
-7910
-7281
-6681
-6227
-5008
-3717
-2219
-409
1260
3092
4719
6318
7423
8823
9720
9909
10273
9856
9665
9360
8944
8246
7332
6720
5623
5102
4099
2990
2169
772
-204
-1287
-1914
-2846
-3511
-3825
-4286
-3782
-3569
-2894
-2224
-1464
-546
282
1296
1686
2393
2783
3007
3323
3458
3917
4380
5148
5886
6506
7395
8105
8927
9110
8695
7897
6767
5710
3801
2144
194
-1562
-2782
-3812
-4184
-4590
-4254
-4240
-3610
-2878
-2353
-1549
-1522
-1403
-1659
-1552
-1915
-2254
-2492
-3029
-2938
-3030
-2710
-2546
-2297
-2468
-2759
-2701
-3024
-3304
-4073
-4796
-5508
-5771
-6036
-6533
-6838
-7431
-7603
-7620
-7550
-7839
-7896
-7983
-8058
-7613
-7344
-6966
-6554
-5671
-4847
-3342
-1921
-315
1707
3488
5216
6643
8317
9158
10238
10441
10287
10146
9797
9419
8689
8148
6991
6449
5699
5019
4352
3518
2504
1618
914
-79
-820
-1720
-2547
-3134
-3367
-3595
-3377
-3095
-2622
-2055
-1300
-661
106
768
1100
1653
2006
2489
2736
3353
3868
4675
5373
6046
6720
7399
7860
7852
7493
6566
5746
4458
3247
1431
125
-1203
-2057
-2555
-2985
-2899
-2978
-2371
-2224
-1518
-1280
-1003
-942
-1156
-1281
-1672
-1690
-2238
-2405
-2756
-2847
-2710
-2608
-2519
-2656
-2699
-2960
-3128
-3362
-4013
-4559
-5149
-5613
-5880
-6210
-6505
-6952
-7067
-7380
-7305
-7303
-7586
-7737
-7808
-7577
-7389
-6968
-6860
-6456
-5682
-4696
-3399
-2115
-690
1043
3158
5097
6653
8199
9269
10215
10833
10799
10622
10046
9583
8727
8214
7460
6668
6264
5414
4972
4359
3855
2975
2104
1165
-34
-830
-2026
-2982
-3718
-4401
-4693
-4621
-4162
-3683
-2806
-2061
-1337
-296
416
1135
1512
1779
1942
2397
2902
3428
4277
4712
5400
6224
6984
7435
7406
6919
6062
5346
4260
2993
1808
234
-756
-1470
-1869
-2043
-2031
-1906
-1942
-1206
-1059
-619
-516
-858
-1131
-1512
-1663
-2260
-2373
-3023
-3270
-3237
-3359
-3166
-3158
-3272
-3690
-3689
-4041
-4473
-4728
-5324
-5851
-6175
-6396
-6611
-6518
-6683
-7006
-6941
-6931
-6878
-6649
-6671
-7002
-6741
-6409
-6080
-5460
-4951
-4402
-3231
-1695
-477
1354
2905
4494
6074
7504
8469
9266
10060
9775
10066
9629
9285
9009
8666
8136
7387
7434
6580
6358
5655
4618
3859
2696
1598
118
-883
-2339
-3500
-4062
-5045
-5058
-5040
-4773
-4210
-3529
-2547
-1980
-841
-611
-58
471
542
814
767
1321
1664
2574
3197
3992
5063
5991
6946
7426
7395
7008
6600
5849
4766
3380
2269
918
203
-568
-922
-1115
-1320
-1126
-1208
-611
-678
-453
-813
-1211
-1469
-1963
-2262
-3090
-3364
-3948
-4056
-4179
-4232
-4082
-4197
-4208
-4573
-4510
-4628
-4797
-5170
-5676
-5682
-5795
-5710
-5923
-6066
-6196
-6318
-6249
-6500
-6398
-6471
-6392
-6149
-5797
-5260
-4711
-4190
-3530
-2626
-1648
-712
224
1613
2913
4807
5822
6914
8006
8931
10091
10123
10538
9943
10125
9790
9367
9158
7972
7579
6352
5772
4571
3619
2561
881
-81
-1570
-2333
-3343
-4235
-4949
-5621
-5495
-5499
-4902
-4507
-4172
-3413
-3005
-2158
-1707
-1095
-853
-577
60
498
1841
2795
3925
4800
5857
7015
7969
8655
8308
7983
7161
6424
5653
4578
3221
2049
1210
477
287
39
-323
-674
-871
-929
-848
-1083
-1668
-2253
-2881
-3344
-3520
-3760
-4171
-4349
-4405
-4298
-3924
-3640
-3565
-3646
-3949
-4130
-4093
-4134
-4550
-4961
-5390
-5544
-5156
-5229
-5313
-5573
-5665
-5494
-5162
-4979
-5231
-5059
-5257
-4836
-4351
-4216
-3906
-3856
-3548
-2832
-1564
-673
227
1452
2690
4676
6404
7498
8549
9276
9904
10257
10538
10046
9545
8944
7983
7500
6757
6172
5140
4330
3157
2475
1982
877
-165
-1568
-2500
-3564
-4049
-4969
-5705
-6042
-6331
-5984
-5504
-4767
-4289
-3457
-2783
-1957
-829
-4
491
911
1415
2166
3320
4266
4665
5323
6541
7428
8432
8755
8607
8266
7974
7147
6065
5260
3342
2378
1123
120
-557
-852
-1554
-2368
-1855
-2524
-1944
-2294
-2734
-3158
-3336
-3588
-4280
-3919
-5075
-4812
-5100
-5147
-4811
-4383
-4208
-4614
-3988
-4353
-3812
-3701
-4105
-4424
-4563
-4430
-4502
-4218
-4663
-4755
-4498
-4624
-4404
-4246
-4322
-4426
-4079
-3928
-3758
-3221
-3318
-3195
-2705
-2007
-1176
-149
723
1961
3779
5183
6604
7903
8644
9271
9785
9823
9422
9234
8588
7746
7180
6176
5720
4869
4095
2983
2296
1555
393
-257
-1866
-2736
-3888
-4795
-5683
-6343
-6543
-6966
-6379
-5972
-5137
-4094
-3286
-2214
-1461
-467
324
1031
1641
2006
3133
3871
4937
5828
6743
7722
8415
9216
9352
9326
8795
8134
7176
5999
4746
3375
1986
805
-353
-1056
-1684
-2190
-2556
-2962
-3067
-3288
-3338
-3833
-3940
-4266
-4528
-4639
-4695
-4608
-4573
-4267
-4121
-3695
-3415
-2963
-2656
-2552
-2569
-2463
-2374
-2556
-2747
-3022
-3180
-3229
-3155
-3189
-3217
-3123
-3141
-3178
-3224
-3383
-3536
-3736
-4075
-4394
-4459
-4544
-4377
-4268
-3964
-3352
-2175
-1007
179
1863
3294
4976
6164
7349
8068
8599
8770
8485
8259
7605
7205
6708
6061
5363
4933
4431
3821
3032
2285
1220
216
-972
-2332
-3295
-4489
-5297
-6163
-6545
-6624
-6307
-5727
-5258
-4278
-3374
-2381
-1359
-657
41
609
1295
1830
2436
3337
4090
5201
6039
7182
8244
9086
9495
9567
9462
8764
8126
6844
5391
3764
2476
998
-162
-1171
-2177
-2606
-3175
-3349
-3629
-3575
-3931
-3947
-4005
-4288
-4070
-4149
-4101
-4110
-3774
-3514
-3118
-2672
-2503
-2043
-1692
-1437
-1169
-1184
-1238
-1385
-1403
-1663
-1889
-1981
-2276
-2275
-2429
-2462
-2753
-2910
-3266
-3548
-3727
-4051
-4264
-4680
-4698
-4886
-4675
-4801
-4617
-4308
-4009
-3118
-2405
-1020
116
1765
3349
4728
6181
7054
8185
8401
8489
8273
7660
7187
6268
5718
4771
4038
3387
2633
2226
1376
853
93
-708
-1496
-2471
-3210
-4237
-4834
-5443
-5834
-5784
-5698
-5063
-4404
-3359
-2433
-1394
-324
523
1521
2039
2727
3253
3788
4419
5078
5776
6325
7031
7553
7926
8255
8150
7887
7193
6114
5137
3789
2574
1032
-189
-1507
-2467
-2858
-3498
-3532
-3902
-3714
-3635
-3313
-2961
-2885
-2534
-2705
-2334
-2193
-1997
-1879
-1861
-1708
-1709
-1178
-1002
-790
-625
-687
-503
-573
-501
-837
-1122
-1566
-2133
-2179
-2647
-2802
-3282
-3663
-3968
-4108
-4043
-4412
-4314
-4574
-4658
-4667
-4684
-4680
-4540
-4387
-4323
-3843
-3222
-2188
-848
528
1599
3145
4441
5570
6570
7042
7098
6919
6602
5950
5633
4946
4288
3625
3153
2558
2423
2081
1394
968
127
-407
-1248
-1806
-2888
-3629
-4247
-4868
-4780
-4742
-4273
-3875
-3113
-2311
-1244
-67
611
1287
1750
2132
2628
3080
3515
3619
4067
4458
5122
5933
6495
7061
6989
7074
6610
6447
5687
4426
3162
1544
570
-544
-999
-1907
-2462
-2612
-2798
-2148
-2055
-1693
-1802
-1795
-1765
-1910
-1545
-2110
-2075
-2510
-2535
-2194
-1926
-1330
-1425
-839
-917
-397
-106
-248
-376
-1014
-1263
-1815
-1892
-2343
-2689
-2910
-3406
-3379
-3410
-3480
-3639
-3792
-4079
-4347
-4204
-4452
-4531
-4726
-4926
-4791
-4531
-4166
-3768
-2849
-2449
-1386
-205
956
2158
3073
3967
4385
5376
5539
5911
5930
5412
5402
5069
4993
4379
4253
3666
2991
2809
1882
1570
694
-165
-1152
-2023
-2575
-3510
-3573
-4244
-4297
-4037
-3767
-2986
-2518
-1718
-1316
-470
133
524
1291
1533
2061
2582
3282
3928
4412
5112
5448
6147
6373
6421
6487
6139
5872
5239
4779
3769
3060
2408
1532
982
161
-271
-862
-1142
-1602
-1962
-2130
-2558
-2513
-2641
-2572
-2492
-2263
-2019
-1795
-1327
-1102
-778
-523
-381
-262
-149
-127
-181
-259
-451
-699
-822
-1030
-1302
-1437
-1767
-2035
-2250
-2486
-2825
-3070
-3428
-3871
-4047
-4374
-4625
-4804
-4988
-5262
-5332
-5426
-5540
-5251
-5088
-4828
-4244
-3629
-2823
-1688
-545
456
1532
2650
3480
4592
5238
5640
6110
6103
6178
6058
6031
5457
5037
4534
3726
3323
2560
1816
966
98
-744
-1431
-2033
-2773
-3339
-3685
-4047
-3952
-3762
-3527
-3081
-2619
-1957
-1339
-369
238
831
1387
1909
2535
3154
3803
4238
4811
5239
5808
6364
6752
6753
6736
6413
5896
5437
4758
3830
2727
1788
704
63
-684
-1399
-1996
-2479
-2805
-2940
-2816
-3005
-2895
-2896
-2783
-2469
-2105
-1796
-1523
-1083
-848
-353
156
413
582
579
539
399
271
-35
-465
-767
-1289
-1521
-1708
-2007
-2315
-2618
-2814
-3238
-3333
-3660
-4038
-4340
-4783
-5037
-5374
-5653
-6178
-6417
-6646
-6835
-6586
-6383
-5881
-5207
-4149
-3113
-1724
-209
1023
2477
3448
4532
5335
6105
6387
6357
6469
5959
6002
5487
5083
4543
3969
3612
2826
2627
1697
1205
436
-490
-1074
-1929
-2255
-3042
-3198
-3443
-3351
-2796
-2627
-1852
-1385
-590
34
721
1395
1619
2326
2512
3017
3434
3749
4218
4417
4983
5382
6096
6300
6228
6527
6355
6262
5620
4682
3606
2492
1581
271
-558
-1757
-2448
-2723
-3082
-2978
-2886
-2469
-2438
-1816
-1490
-995
-441
-363
-132
-24
377
317
649
524
422
511
373
420
297
208
-229
-428
-727
-1093
-1245
-1658
-2305
-2743
-3061
-3387
-3810
-4306
-4814
-5196
-5356
-5710
-5881
-6059
-6330
-6366
-6330
-6373
-6301
-6156
-6042
-5886
-5344
-4649
-3936
-2844
-1986
-687
702
1949
3166
4042
4949
5257
5770
5721
5421
5249
4568
4186
3536
3199
2730
2388
2138
1602
1588
1230
928
499
-55
-435
-988
-1214
-1702
-1819
-1814
-1818
-1273
-959
-267
219
913
1431
1871
2569
2719
3129
3223
3445
3782
4006
4201
4213
4535
4569
4666
4763
4305
4104
3630
3174
2465
1819
1022
183
-185
-1112
-1261
-1635
-1703
-1836
-1619
-1373
-1255
-553
-661
-108
87
457
657
952
1118
1086
1493
1313
1437
1410
1254
1010
873
620
307
131
-366
-877
-1214
-1651
-2152
-2669
-3277
-3952
-4301
-4702
-5117
-5333
-5628
-5760
-5853
-5739
-5869
-5765
-5793
-6095
-6185
-6275
-6339
-6328
-6275
-6229
-5814
-4911
-3993
-2901
-1653
-632
728
1899
2937
3601
4226
4237
4277
4416
4202
4184
3837
3739
3382
3707
3610
3629
3627
3266
3224
2861
2624
1901
1550
910
257
-26
-425
-495
-421
-245
-42
398
1017
1344
1887
2075
2129
2357
2321
2183
1904
1921
1575
1682
1636
1526
1781
1967
2214
2442
2896
2768
2861
2931
2629
2491
2019
1320
750
327
-4
-295
-230
-625
-399
66
243
799
948
1278
1192
1627
1563
1695
1843
1431
1519
1243
1338
1076
1151
702
280
172
-301
-438
-1012
-1534
-2264
-2782
-3348
-3989
-4292
-4938
-5370
-5646
-5799
-5805
-5866
-5928
-6125
-6093
-6126
-6120
-6051
-6153
-6266
-6100
-5944
-5783
-5525
-5334
-4936
-4551
-3740
-3154
-2218
-1418
-508
699
1549
2595
3167
3925
4162
4565
4795
4766
4782
4499
4425
4257
4273
4070
3934
3726
3547
3432
3348
3097
2830
2525
2201
1974
1721
1517
1287
1215
1056
1127
1231
1321
1274
1247
1077
955
761
446
103
-254
-415
-505
-327
-407
-120
201
603
989
1367
1659
1848
2090
2099
2153
2093
1956
1776
1733
1436
1500
1474
1503
1536
1738
1901
1987
2348
2235
2454
2402
2375
2230
2167
1978
1685
1563
1073
748
388
-137
-728
-1227
-1885
-2479
-2982
-3574
-4197
-4443
-4863
-5286
-5529
-5867
-6029
-6104
-6080
-6258
-6080
-6015
-5895
-5528
-5406
-5304
-5141
-4977
-5094
-4952
-4864
-4982
-4786
-4611
-4410
-4020
-3429
-2906
-2083
-1266
-640
269
994
1707
2354
3049
3262
3542
3931
4022
4429
4523
4599
4531
4690
4787
4765
4906
4531
4413
4227
4003
3881
3648
3465
3042
2938
2648
2426
2395
1968
1631
1188
851
472
159
-240
-911
-1297
-1718
-1940
-1991
-2233
-2233
-2127
-1719
-1161
-367
371
846
1685
2245
3050
3580
3883
3997
3906
3992
3896
4037
3716
3538
3385
3235
3333
3367
3385
3152
2962
2688
2483
2281
1815
1287
631
16
-336
-685
-1012
-1481
-1836
-2195
-2384
-2475
-2806
-3081
-3620
-3956
-4323
-4524
-4744
-5082
-5221
-5480
-5324
-5216
-4938
-4753
-4624
-4450
-4364
-4045
-3999
-3929
-4045
-4214
-4373
-4374
-4331
-4391
-4440
-4526
-4421
-4168
-3903
-3625
-3197
-2855
-2187
-1395
-508
304
1280
2129
2901
3749
4276
4897
5091
5242
5138
5261
5128
4987
4981
4613
4559
4442
4504
4341
4260
3991
3593
3380
2854
2386
1819
1030
301
-342
-777
-1297
-1559
-1893
-2214
-2112
-2188
-2043
-1999
-1816
-1852
-1622
-1276
-1092
-554
-172
247
749
1449
2100
2875
3484
3934
4562
5296
5658
5979
6085
5785
5619
5340
4770
4005
3326
2465
1868
1408
905
530
362
-5
-79
-11
-111
-163
-358
-642
-1132
-1205
-1694
-2082
-2560
-3113
-3489
-3707
-3704
-3950
-3841
-4042
-4027
-3915
-3805
-3808
-3940
-4097
-4463
-4424
-4457
-4593
-4699
-4866
-4919
-4801
-4520
-4433
-4336
-4087
-4014
-3698
-3558
-3410
-3336
-3272
-3243
-3293
-2981
-2862
-2309
-1810
-1188
-388
619
1786
2666
3747
4433
5138
5615
5900
5960
5752
5547
5050
4698
4201
3790
3491
3167
2885
2652
2595
2353
2148
1860
1399
1001
529
20
-541
-963
-1374
-1671
-1752
-1847
-1671
-1475
-1248
-1030
-748
-443
-210
129
198
398
665
972
1371
1836
2400
2884
3538
4067
4626
5100
5372
5440
5265
4982
4541
4135
3439
2723
2045
1451
1030
642
443
115
51
-45
-109
-123
-269
-283
-545
-657
-903
-995
-1046
-1251
-1313
-1572
-1641
-1813
-1903
-2144
-2527
-2797
-3181
-3387
-3660
-3879
-4095
-4248
-4295
-4276
-4145
-4035
-3962
-3886
-3785
-3662
-3500
-3439
-3362
-3336
-3211
-3079
-2914
-2777
-2717
-2582
-2472
-2342
-2255
-2072
-1918
-1669
-1398
-894
-344
360
1045
1643
2367
2826
3524
3781
3989
3835
3577
3466
2985
2849
2265
1998
1652
1444
1593
1449
1750
1545
1659
1621
1516
1626
1183
1103
471
281
27
-212
-161
-514
-348
-521
-239
-102
25
255
59
241
158
340
469
513
722
756
1251
1655
2274
2835
3134
3607
3803
4209
4238
4240
3899
3398
3066
2532
2239
1752
1357
856
636
479
426
432
291
187
78
46
-94
-127
-434
-737
-1043
-1302
-1518
-1706
-1845
-2162
-2296
-2481
-2556
-2544
-2732
-2894
-3146
-3214
-3339
-3307
-3301
-3481
-3397
-3450
-3218
-3136
-2962
-2952
-2879
-2736
-2765
-2538
-2574
-2517
-2588
-2487
-2466
-2276
-2102
-1937
-1681
-1458
-1161
-864
-476
-365
-21
159
469
688
1050
1294
1530
1866
1975
2334
2342
2474
2335
2382
2184
2044
2033
1704
1696
1473
1560
1470
1570
1610
1533
1720
1548
1642
1504
1316
1047
671
504
44
-11
-300
-482
-483
-524
-210
-116
294
342
641
892
987
1284
1278
1446
1295
1474
1487
1585
1877
1945
2204
2251
2546
2717
2986
3084
2778
2766
2423
2291
1994
1652
1154
607
568
147
242
-29
-165
-278
-343
-251
-463
-305
-812
-900
-1144
-1318
-1480
-1647
-1787
-2187
-2105
-2294
-2250
-2297
-2413
-2643
-2723
-2746
-2914
-2875
-3069
-3308
-3388
-3342
-3292
-3180
-3057
-3084
-2855
-2506
-2253
-1833
-1610
-1388
-1173
-701
-500
-355
-142
-273
-199
-295
-349
-592
-717
-864
-1007
-805
-789
-573
-193
132
519
896
1301
1445
1680
1811
1661
1735
1515
1404
1274
1229
1127
1127
1268
1194
1394
1465
1514
1525
1546
1376
1274
1147
910
787
668
511
379
476
376
467
531
499
520
544
546
483
564
440
477
635
728
916
1202
1488
1783
2268
2574
2816
3098
3220
3257
3289
3094
2721
2440
1982
1550
1148
724
221
-30
-217
-454
-383
-469
-451
-431
-292
-357
-363
-369
-660
-728
-1014
-1256
-1556
-1721
-2057
-2301
-2417
-2714
-2770
-2872
-2919
-3052
-2961
-2979
-2923
-2727
-2678
-2497
-2314
-2030
-1871
-1532
-1309
-1178
-913
-792
-694
-637
-619
-732
-750
-762
-875
-879
-886
-988
-967
-915
-937
-900
-813
-757
-690
-484
-360
-125
118
260
393
548
634
663
789
685
627
593
639
629
714
771
728
928
980
1177
1254
1353
1274
1273
1300
1109
1088
814
669
462
419
341
283
332
252
444
529
675
766
904
1030
1140
1351
1401
1530
1593
1696
1779
1842
1880
1882
1956
1921
1977
1991
1991
1892
1788
1686
1508
1424
1216
1071
866
728
688
669
675
584
555
490
473
454
332
142
-160
-430
-670
-935
-1225
-1598
-1886
-2138
-2248
-2304
-2356
-2377
-2444
-2409
-2396
-2354
-2388
-2422
-2484
-2553
-2533
-2463
-2329
-2210
-2051
-1875
-1627
-1355
-1083
-844
-694
-607
-500
-365
-287
-290
-347
-462
-549
-544
-545
-535
-585
-617
-578
-464
-335
-270
-216
-222
-190
-80
9
103
102
128
159
252
420
526
679
699
820
938
1126
1283
1264
1282
1157
1168
1145
1129
1019
865
835
764
859
856
826
789
773
810
797
823
687
619
598
558
574
540
550
547
691
852
957
1133
1210
1334
1500
1612
1675
1666
1666
1569
1603
1588
1463
1395
1195
1104
967
929
753
546
387
108
46
-141
-271
-522
-705
-877
-1034
-1036
-1245
-1366
-1574
-1708
-1836
-1944
-2083
-2299
-2375
-2462
-2404
-2321
-2229
-2125
-1937
-1676
-1444
-1198
-1047
-917
-778
-654
-553
-544
-572
-642
-650
-601
-584
-527
-514
-455
-378
-244
-116
-111
-124
-248
-298
-379
-441
-523
-662
-682
-700
-525
-378
-216
-61
78
300
423
587
607
592
537
481
446
375
364
321
413
524
705
903
1087
1267
1419
1549
1555
1510
1360
1209
1022
860
664
518
443
388
450
535
709
849
1062
1194
1348
1505
1573
1642
1575
1535
1433
1438
1396
1350
1341
1280
1336
1364
1449
1379
1304
1147
948
825
576
370
70
-159
-382
-479
-530
-655
-697
-854
-884
-937
-959
-1071
-1266
-1426
-1655
-1720
-1810
-1851
-1936
-1982
-1927
-1771
-1494
-1305
-1161
-1106
-1020
-896
-766
-738
-832
-949
-1015
-981
-905
-854
-873
-883
-868
-753
-636
-567
-603
-676
-707
-724
-670
-681
-706
-753
-711
-569
-428
-257
-202
-108
-40
45
127
120
100
-18
-22
-44
-10
41
31
102
144
315
433
541
585
561
624
609
634
560
485
414
363
436
455
559
613
717
849
962
1126
1175
1263
1253
1276
1310
1281
1308
1276
1331
1326
1390
1440
1477
1567
1533
1548
1437
1347
1221
1081
940
691
547
363
284
224
167
116
32
0
-63
-75
-168
-303
-446
-603
-695
-775
-834
-918
-960
-932
-869
-749
-657
-617
-567
-540
-521
-539
-606
-722
-863
-946
-1042
-1088
-1148
-1198
-1208
-1215
-1172
-1170
-1146
-1185
-1212
-1237
-1270
-1250
-1258
-1208
-1187
-1093
-954
-777
-563
-397
-217
-103
35
135
206
197
131
90
27
22
-10
-9
-30
-33
13
61
147
167
202
203
197
203
210
229
194
170
150
178
245
309
375
405
460
536
635
710
732
735
703
710
710
722
693
631
616
611
683
725
781
805
854
936
999
1084
1068
1049
976
918
870
793
715
586
529
505
562
635
680
714
735
806
846
846
761
605
442
281
167
19
-128
-277
-375
-391
-394
-362
-375
-393
-424
-449
-486
-569
-653
-790
-910
-1028
-1121
-1183
-1237
-1262
-1310
-1341
-1355
-1338
-1291
-1286
-1298
-1333
-1320
-1259
-1173
-1075
-1025
-959
-882
-741
-585
-463
-356
-298
-200
-96
39
157
201
229
202
215
186
160
94
-32
-127
-261
-264
-277
-227
-190
-185
-79
3
220
348
458
469
439
482
460
505
418
361
255
213
273
308
419
390
426
421
468
560
552
561
405
330
252
258
291
234
226
128
188
279
435
546
559
613
636
782
889
979
972
911
911
925
998
1000
953
857
774
751
743
723
625
477
329
198
112
20
-121
-310
-514
-648
-729
-777
-839
-938
-1012
-1054
-988
-923
-878
-885
-932
-906
-898
-846
-881
-937
-1016
-1070
-1046
-1064
-1031
-1082
-1082
-1081
-1037
-959
-934
-849
-842
-745
-678
-566
-438
-354
-231
-187
-51
31
159
235
267
322
317
415
451
531
542
569
631
704
840
868
917
857
835
825
811
805
702
642
559
573
606
650
672
620
585
535
548
512
430
271
83
-22
-52
-6
-2
10
12
95
264
460
609
632
620
589
637
671
682
600
479
420
407
511
556
573
503
460
480
515
560
473
365
204
141
116
106
65
-87
-192
-298
-275
-287
-340
-455
-632
-695
-739
-682
-720
-802
-919
-1018
-999
-996
-957
-1034
-1097
-1144
-1097
-966
-888
-826
-884
-894
-882
-808
-764
-821
-923
-1068
-1099
-1074
-996
-967
-984
-964
-865
-662
-452
-290
-241
-207
-142
-2
154
239
249
236
319
467
670
783
813
790
784
838
871
876
753
655
564
578
666
729
781
741
787
829
931
970
898
783
613
555
482
451
363
263
217
204
299
360
430
406
394
400
411
467
431
407
323
318
350
390
450
428
434
396
419
415
378
314
193
115
34
10
-17
-53
-100
-131
-123
-95
-65
-79
-118
-172
-202
-222
-260
-333
-424
-508
-567
-606
-637
-667
-719
-748
-754
-739
-723
-732
-762
-816
-833
-844
-834
-864
-908
-929
-958
-919
-907
-889
-919
-932
-915
-894
-832
-841
-823
-845
-810
-741
-661
-560
-515
-406
-292
-118
48
186
299
355
447
517
603
636
642
642
643
710
756
825
850
874
912
961
1027
1043
1039
977
938
898
876
832
765
694
632
625
620
645
624
594
538
501
462
412
335
205
126
49
44
30
28
44
64
142
201
283
303
310
296
268
256
202
162
83
50
34
47
93
111
147
150
205
226
227
188
107
29
-64
-105
-174
-209
-259
-270
-234
-189
-110
-75
-50
-65
-77
-99
-156
-245
-380
-507
-624
-691
-743
-793
-835
-873
-875
-863
-833
-835
-857
-909
-947
-987
-1026
-1053
-1094
-1102
-1103
-1033
-952
-828
-714
-597
-476
-375
-258
-186
-100
-82
-41
-15
25
93
152
253
317
413
488
585
680
746
806
811
836
840
861
880
873
873
845
860
866
882
858
804
729
637
575
475
385
245
131
27
-23
-37
-66
-65
-99
-88
-80
-48
-45
-66
-114
-178
-203
-218
-205
-237
-259
-273
-244
-177
-116
-67
-61
-50
-44
-7
-2
-37
-92
-178
-220
-243
-221
-216
-211
-194
-163
-79
-16
33
11
-27
-83
-121
-147
-197
-228
-279
-268
-223
-124
-26
55
123
154
197
199
170
65
-93
-274
-454
-602
-736
-837
-923
-962
-942
-872
-775
-693
-634
-604
-574
-553
-524
-514
-516
-505
-467
-358
-228
-69
81
243
402
558
698
793
840
826
808
761
740
704
672
664
673
737
824
933
1001
1045
1046
1029
984
879
739
554
367
200
75
-21
-91
-123
-139
-109
-53
30
91
110
120
111
128
120
110
60
7
-1
10
63
86
96
83
76
74
66
32
-55
-155
-241
-278
-286
-276
-279
-277
-251
-188
-100
-48
-31
-56
-82
-76
-55
-24
-34
-63
-73
-35
44
116
162
150
136
150
188
202
171
83
-15
-68
-88
-89
-135
-218
-315
-386
-423
-457
-550
-696
-845
-967
-1018
-1034
-1039
-1053
-1057
-990
-856
-679
-520
-407
-320
-226
-94
36
131
169
167
180
230
303
364
397
402
432
486
568
621
621
575
507
476
430
375
279
186
116
83
100
116
135
138
157
192
232
258
244
198
149
124
117
102
80
72
103
172
259
322
378
414
424
436
411
349
246
132
32
-26
-66
-106
-133
-150
-117
-66
-19
-16
-42
-80
-116
-128
-158
-186
-237
-257
-227
-170
-80
-11
42
79
137
205
252
263
210
159
121
119
111
82
40
-5
-11
-17
-17
-50
-119
-204
-295
-346
-380
-424
-489
-546
-570
-543
-483
-439
-424
-415
-394
-357
-306
-284
-272
-265
-251
-207
-159
-89
-47
-14
12
45
98
132
152
139
125
120
142
162
179
191
191
210
218
231
218
191
141
63
7
-47
-75
-99
-121
-135
-113
-60
-4
61
103
134
160
182
204
221
241
221
197
191
211
255
280
290
287
288
298
314
309
273
214
161
125
95
84
48
3
-45
-59
-52
-49
-66
-125
-161
-182
-168
-144
-139
-140
-138
-99
-52
10
52
67
63
57
83
102
117
104
89
89
123
171
192
184
145
120
92
56
-10
-98
-203
-299
-355
-396
-409
-428
-427
-412
-377
-305
-245
-209
-205
-195
-176
-159
-152
-168
-179
-176
-149
-112
-71
-37
-20
6
33
58
68
56
18
-16
-39
-62
-89
-134
-169
-196
-190
-181
-165
-150
-139
-103
-74
-32
-4
22
20
15
27
29
42
36
40
50
75
122
163
200
231
267
291
314
320
312
284
244
213
178
163
142
124
111
106
118
114
111
78
45
8
-39
-74
-114
-137
-154
-147
-133
-105
-58
-19
12
31
56
60
73
72
64
63
52
74
93
128
158
177
188
188
186
177
160
111
59
17
-18
-38
-47
-67
-85
-97
-105
-98
-100
-110
-132
-159
-171
-173
-157
-148
-138
-122
-97
-52
-13
29
39
41
25
12
1
-32
-61
-102
-119
-145
-157
-158
-162
-164
-189
-200
-219
-231
-246
-271
-291
-309
-301
-278
-243
-202
-152
-100
-46
28
85
140
166
177
188
201
211
206
207
191
194
190
217
242
248
255
246
249
234
230
212
177
138
106
101
92
96
86
73
67
68
82
81
64
34
7
-16
-25
-31
-48
-66
-89
-85
-83
-70
-68
-76
-81
-92
-93
-96
-96
-108
-120
-125
-110
-98
-92
-81
-86
-67
-47
-23
-7
4
25
46
85
111
140
166
186
208
217
218
204
191
163
133
102
60
18
-18
-46
-70
-79
-92
-109
-114
-114
-97
-89
-84
-81
-94
-96
-102
-125
-151
-188
-235
-267
-288
-299
-294
-292
-270
-234
-176
-113
-60
-22
-1
23
33
40
34
17
5
5
18
46
90
119
161
195
228
253
262
264
235
216
203
211
222
233
255
282
330
369
398
398
383
353
299
249
177
114
47
-15
-60
-91
-106
-131
-143
-178
-201
-228
-253
-278
-323
-340
-351
-343
-316
-276
-240
-201
-160
-124
-90
-85
-89
-118
-135
-151
-152
-140
-127
-87
-44
23
91
151
191
211
227
213
201
177
139
97
63
52
38
35
32
28
19
17
14
1
-17
-59
-80
-105
-108
-112
-122
-110
-119
-105
-94
-86
-102
-128
-158
-184
-189
-199
-203
-208
-198
-177
-148
-115
-99
-90
-90
-84
-73
-56
-44
-39
-23
3
49
101
152
182
210
233
257
294
288
275
258
247
254
261
277
274
287
305
334
355
370
371
349
334
308
288
241
180
113
51
1
-55
-105
-161
-201
-237
-258
-270
-284
-281
-285
-275
-259
-237
-217
-205
-201
-191
-177
-168
-151
-141
-123
-101
-70
-29
-2
31
60
78
94
97
94
86
75
52
45
45
43
54
61
86
98
115
123
125
123
104
79
41
9
-42
-81
-119
-149
-172
-182
-173
-168
-138
-113
-87
-72
-60
-53
-56
-68
-96
-116
-138
-155
-173
-175
-174
-171
-147
-129
-104
-79
-57
-34
-17
4
12
28
40
47
55
62
78
79
89
93
99
110
121
142
159
179
196
225
250
273
289
301
304
295
285
265
249
212
176
147
125
106
74
61
35
7
-24
-65
-111
-166
-224
-282
-324
-359
-374
-377
-360
-325
-275
-210
-154
-108
-73
-43
-16
-4
-5
-13
-14
-12
-4
9
31
51
64
79
94
115
109
95
84
68
54
41
41
29
34
35
40
51
51
49
24
6
-23
-57
-79
-106
-123
-125
-119
-103
-76
-43
-15
6
23
36
33
18
-7
-42
-74
-96
-113
-128
-133
-131
-119
-93
-67
-42
-22
-7
-2
3
-2
-12
-19
-33
-40
-36
-24
-10
13
39
59
81
103
107
97
80
67
52
40
36
30
44
77
102
138
178
201
216
236
238
216
196
167
125
93
67
39
15
-3
-22
-38
-53
-79
-110
-136
-171
-201
-219
-226
-226
-213
-188
-156
-110
-71
-42
-18
-11
-9
-15
-23
-38
-58
-66
-76
-61
-36
0
38
78
123
145
170
176
167
142
112
85
49
27
0
-23
-37
-39
-35
-32
-28
-25
-15
-11
-4
3
6
7
5
8
2
4
1
-6
-12
-18
-17
-19
-11
-7
-3
1
-2
2
-5
-10
-15
-34
-40
-47
-50
-45
-47
-43
-41
-35
-24
-17
-9
-11
-8
-13
-17
-25
-38
-48
-57
-54
-52
-36
-12
10
37
67
101
119
137
151
159
171
173
168
163
159
139
119
96
60
36
7
-28
-52
-71
-84
-90
-91
-103
-114
-117
-128
-148
-164
-182
-188
-189
-193
-179
-165
-150
-129
-108
-85
-67
-58
-55
-50
-49
-45
-43
-37
-32
-19
1
17
32
44
52
51
49
35
11
-13
-47
-67
-82
-93
-90
-87
-70
-36
0
36
71
95
110
111
112
101
83
70
51
45
46
45
51
55
59
73
76
78
79
76
65
48
38
14
-5
-25
-48
-61
-72
-68
-66
-65
-50
-45
-40
-27
-23
-26
-31
-37
-43
-49
-51
-41
-34
-25
-7
16
36
58
80
99
114
121
126
127
121
107
91
73
60
54
46
37
31
33
31
37
37
25
16
3
-14
-32
-47
-64
-80
-82
-93
-95
-92
-95
-97
-99
-94
-95
-87
-84
-84
-76
-66
-59
-53
-44
-41
-41
-39
-30
-27
-24
-28
-28
-24
-14
-8
-8
-1
2
3
1
6
7
11
8
10
20
27
41
50
55
62
73
78
81
79
75
73
70
69
66
67
62
66
66
68
71
62
50
30
16
-3
-21
-37
-48
-52
-61
-50
-42
-36
-24
-22
-29
-38
-40
-57
-72
-86
-97
-104
-104
-97
-90
-82
-65
-50
-35
-25
-21
-14
-18
-13
-12
-6
5
4
13
22
39
52
62
75
77
76
70
58
47
34
13
1
-11
-21
-27
-29
-32
-45
-51
-59
-67
-74
-81
-88
-92
-96
-101
-105
-106
-102
-108
-105
-102
-98
-94
-87
-69
-59
-41
-22
-2
15
29
38
42
42
40
40
31
32
35
35
40
51
58
63
73
87
99
107
117
119
119
121
123
123
122
118
114
113
103
98
92
81
69
59
52
38
24
16
4
-15
-24
-43
-59
-68
-79
-78
-81
-72
-60
-49
-37
-25
-12
-8
-15
-19
-36
-58
-77
-101
-117
-127
-130
-122
-109
-90
-69
-46
-26
-18
-12
-10
-18
-25
-34
-37
-38
-30
-21
-7
16
42
61
75
82
82
74
58
43
23
8
-2
-13
-9
2
7
18
21
26
26
15
0
-27
-45
-69
-90
-99
-104
-102
-87
-63
-41
-11
12
29
44
52
52
42
30
13
1
-10
-20
-10
-8
-1
19
33
53
69
81
87
88
93
92
84
77
76
75
79
85
83
86
88
95
93
78
64
49
26
8
-16
-40
-53
-65
-75
-79
-80
-79
-69
-65
-56
-46
-42
-32
-29
-31
-24
-23
-28
-25
-29
-34
-30
-37
-42
-44
-53
-53
-60
-65
-62
-66
-64
-63
-59
-53
-42
-42
-35
-22
-19
-11
-6
3
6
5
11
15
23
33
38
47
54
59
68
67
66
65
56
51
45
43
40
35
37
40
37
34
37
35
36
33
29
30
18
18
25
25
33
42
52
62
72
80
81
80
76
68
54
44
32
23
21
21
25
38
47
54
60
63
64
65
59
53
44
33
30
16
9
9
1
-1
-8
-7
-13
-19
-23
-33
-40
-45
-48
-50
-50
-40
-30
-26
-17
-7
3
11
18
25
26
20
17
18
20
19
11
10
6
-1
-6
-16
-18
-29
-38
-47
-50
-49
-53
-53
-50
-42
-41
-43
-38
-37
-39
-35
-31
-32
-23
-20
-14
2
8
19
29
37
44
44
52
55
54
55
60
63
68
71
71
77
76
78
73
70
64
52
47
30
24
18
7
0
-4
-1
-3
-4
-2
-1
-3
-4
-5
-7
-11
-15
-17
-20
-20
-19
-16
-14
-11
-3
8
14
21
30
34
38
30
26
16
5
3
-10
-19
-23
-27
-32
-33
-31
-32
-28
-25
-24
-30
-28
-34
-45
-57
-62
-55
-57
-55
-53
-43
-35
-26
-12
-9
-6
-1
3
2
-1
-6
-11
-19
-16
-15
-21
-22
-19
-19
-24
-15
-15
-15
-15
-19
-19
-19
-21
-26
-18
-17
-10
-8
-12
-11
-10
-8
-10
-12
-10
-8
-3
1
6
11
11
18
25
30
39
38
37
44
47
51
54
55
57
54
50
47
43
26
18
6
-12
-25
-31
-39
-40
-33
-31
-29
-22
-14
-20
-20
-23
-34
-35
-40
-43
-45
-42
-41
-31
-25
-23
-19
-18
-7
-9
-13
-13
-13
-12
-12
-9
-2
6
11
22
27
26
19
21
26
19
15
13
9
1
-1
-8
-14
-9
-4
-3
-4
0
5
12
13
13
12
14
14
13
16
16
16
14
15
13
10
5
9
9
6
14
16
23
26
31
30
28
34
31
26
27
27
23
21
18
17
13
9
8
0
-2
-9
-11
-13
-14
-10
-11
-8
-3
3
10
18
19
28
24
25
27
17
16
13
5
1
1
-3
-5
-4
1
0
-5
-5
-5
-4
-5
-3
-11
-15
-19
-22
-23
-23
-26
-27
-31
-44
-43
-47
-45
-42
-50
-45
-44
-43
-35
-32
-35
-27
-21
-21
-12
-13
-8
-4
-8
-3
-1
0
1
3
7
1
-2
6
4
2
0
-2
-2
-4
-6
-6
-5
-6
-6
-9
-13
-15
-15
-18
-23
-24
-22
-26
-30
-23
-24
-27
-27
-21
-15
-13
-3
-4
-3
4
3
7
9
5
5
-1
-7
-7
-5
-10
-9
-9
-9
-7
-6
-5
-4
-6
-3
-3
-8
-4
-6
-12
-12
-13
-13
-10
-8
-7
-1
7
13
19
22
21
25
30
26
31
31
33
35
30
27
29
29
25
29
23
23
21
14
13
9
2
-2
-3
-6
-8
-7
-6
-3
-2
-3
-2
-1
1
10
10
10
12
9
11
19
24
29
29
38
41
43
47
44
51
48
47
49
44
45
44
42
34
27
24
14
12
7
3
1
-4
-6
-12
-13
-8
-6
-6
-6
3
7
7
4
3
7
7
9
12
8
7
15
12
13
13
9
12
9
8
4
5
3
4
4
-5
-5
-6
-4
-3
-4
-3
-1
-10
-10
-12
-10
-3
-5
3
3
5
8
8
13
10
14
13
18
20
19
24
18
20
13
5
6
8
6
-2
3
-9
-16
-18
-25
-29
-31
-27
-25
-26
-24
-26
-31
-26
-26
-22
-20
-24
-23
-21
-15
-9
-9
-4
3
2
9
13
19
18
22
30
27
33
31
33
31
30
31
24
23
20
17
11
7
5
1
-2
-2
0
-1
-5
0
1
0
-1
5
8
2
8
6
7
10
6
7
5
5
7
6
2
2
0
2
-1
-3
-5
-10
-7
-12
-12
-14
-13
-17
-12
-12
-13
-6
-8
-9
-8
-8
-2
3
5
11
11
14
19
19
25
20
18
26
24
19
23
22
21
20
14
13
11
5
4
0
-7
-14
-12
-14
-22
-21
-20
-22
-23
-23
-25
-20
-25
-27
-22
-21
-24
-25
-17
-17
-15
-12
-11
-12
-6
3
2
7
12
13
15
18
19
18
17
13
14
14
12
10
11
9
4
0
-4
-5
-3
-4
-8
-5
-6
-4
-4
-5
-2
-4
0
-3
-5
-5
-4
-6
-10
-11
-10
-3
-6
-9
-4
-4
-2
1
2
4
-3
-3
-1
-1
4
2
8
6
8
5
7
10
9
8
12
18
15
19
14
15
17
22
21
25
28
23
26
27
23
23
26
20
25
21
23
22
20
22
15
14
9
7
5
6
7
8
1
2
5
1
-2
-1
-3
-6
-2
-7
-9
-8
-5
-8
-8
-3
0
1
-2
-3
0
4
1
7
6
4
5
6
6
7
6
1
3
5
8
3
4
8
3
10
5
0
6
3
-1
1
0
-2
-3
-8
-4
-2
-8
-6
-12
-16
-18
-17
-15
-19
-18
-22
-22
-24
-23
-21
-25
-22
-25
-21
-24
-21
-19
-15
-12
-16
-13
-16
-9
-13
-15
-10
-10
-9
-12
-7
-5
-6
-5
-5
-3
0
0
1
-2
0
1
0
-2
-5
1
-2
-1
-1
-4
-1
-5
-5
-7
-10
-3
-5
-7
-8
-8
-4
-7
-7
-12
-11
-14
-11
-12
-11
-9
-12
-4
-6
1
-2
-3
4
0
1
1
2
6
8
12
9
7
7
10
14
13
21
13
19
21
11
13
13
14
13
12
8
9
9
7
9
9
7
4
5
4
5
4
1
-2
-8
-9
-7
-12
-10
-8
-10
-11
-13
-9
-8
-6
-4
-3
-5
-3
-1
-3
2
1
6
3
5
10
7
10
13
11
12
16
15
12
9
11
14
11
10
13
11
14
8
-1
3
2
-1
0
-5
-7
-8
-9
-7
-8
-7
-7
-11
-8
-13
-17
-12
-11
-11
-17
-15
-17
-20
-17
-23
-20
-20
-23
-22
-23
-21
-24
-19
-19
-21
-17
-13
-12
-15
-6
-9
-13
-9
-10
-8
-8
-12
-13
-9
-2
0
1
2
2
5
-2
-6
0
-4
0
3
1
2
5
7
4
7
4
3
0
-2
-3
0
-2
-2
-4
-1
2
-2
4
6
5
0
-3
-1
-2
0
1
4
0
-3
-5
-3
1
2
0
-2
0
1
1
5
5
3
5
3
3
3
8
9
4
6
8
5
8
7
8
7
0
9
5
1
1
-7
-8
-4
-2
-1
-3
-2
-1
-4
-1
2
4
0
-1
-2
0
4
4
6
1
3
6
6
7
11
8
4
8
8
6
4
3
4
10
5
9
5
0
4
2
4
-1
-1
-3
-6
-4
1
2
0
2
1
2
0
3
6
8
10
11
10
12
9
15
16
9
15
15
14
17
21
20
16
14
13
12
11
8
2
0
-1
-3
-8
-7
-5
-8
-6
-7
-10
-13
-9
-10
-9
-6
-8
-7
-9
-3
-1
-5
3
3
1
-3
-2
2
-1
-2
-4
-4
-4
-2
-9
-6
-5
-9
0
2
2
0
7
10
9
8
3
7
12
12
13
14
14
18
17
19
22
26
26
23
21
20
20
19
18
13
12
14
9
5
5
5
2
4
6
2
3
1
-2
3
3
7
2
2
1
-1
4
5
7
7
5
6
8
9
11
6
10
12
8
4
4
6
9
11
8
9
8
9
5
4
4
5
4
2
4
-1
1
-1
2
1
0
-2
-1
-1
3
9
6
10
10
6
5
