-9
-8
-10
-11
-13
-13
-12
-14
-15
-15
-17
-18
-17
-17
-16
-20
-17
-15
-19
-11
-10
-11
-9
-9
-11
-8
-10
-18
-17
-21
-21
-20
-16
-12
-12
-13
-14
-13
-19
-18
-22
-22
-22
-20
-19
-15
-9
-8
-8
-7
-13
-14
-10
-15
-13
-15
-17
-18
-18
-17
-14
-6
-4
-1
-7
-5
-6
-6
-5
-8
-4
-4
-2
-2
4
7
6
10
12
13
10
9
9
8
5
6
11
13
15
19
19
17
14
17
17
13
11
10
12
10
14
19
22
24
29
32
26
26
26
24
23
16
15
14
16
19
21
27
22
23
29
27
22
22
24
21
20
17
16
18
14
9
5
1
1
5
8
11
15
23
24
25
24
17
16
8
12
6
2
6
3
3
3
3
5
8
9
8
6
7
8
9
10
7
9
5
2
2
2
-2
-3
-2
-2
-3
-7
-4
-2
1
8
9
10
19
19
16
14
7
3
-2
-7
-10
-12
-14
-12
-9
0
9
14
23
24
24
27
16
5
5
0
-6
-11
-10
-6
-6
-3
1
1
9
13
9
13
19
24
26
27
22
19
13
9
2
-7
-4
-10
-4
4
6
13
15
23
27
28
25
22
16
11
14
11
10
6
5
6
3
6
10
17
11
18
20
16
22
19
12
8
5
2
-7
-15
-15
-11
-14
-14
-8
-9
-8
-4
-1
-6
-2
4
5
5
-2
-4
-17
-19
-19
-25
-22
-24
-14
-8
-3
5
7
11
12
9
6
4
-3
-11
-13
-22
-20
-19
-22
-13
-12
-2
6
13
15
16
21
18
18
15
9
3
0
-7
-9
-8
-13
-14
-13
-9
-8
-1
2
3
13
11
9
6
2
-8
-12
-15
-13
-13
-17
-17
-14
-9
-8
-4
-4
0
1
1
4
1
3
6
4
-1
5
4
-1
0
3
-2
-8
-10
-9
-6
-1
8
9
9
12
14
16
14
7
4
-5
-12
-10
-13
-7
-7
-2
1
8
14
16
11
8
6
-5
-4
-4
-5
-4
-9
-9
-8
-6
0
-1
6
12
8
5
1
-3
-4
-7
-8
-8
-5
0
1
8
0
-2
-1
-7
-3
-2
8
9
12
12
10
9
4
4
3
-5
-11
-10
-19
-16
-12
-12
-10
-10
-4
-5
-7
-8
-7
-8
-12
-14
-17
-19
-19
-14
-12
-12
-7
-5
-5
-2
-3
-3
-6
-11
-17
-15
-9
-7
-7
-5
-10
-9
-9
-10
-9
-11
-5
-2
0
2
9
13
5
2
3
-3
-12
-12
-11
-13
-9
-11
-6
6
8
10
14
18
14
7
7
3
-13
-21
-26
-29
-27
-30
-29
-21
-14
-11
-1
2
8
7
5
0
-5
-9
-14
-18
-25
-23
-22
-13
-7
-13
-13
-10
-6
-11
-8
0
-2
-7
-4
-4
-9
-7
-16
-22
-21
-22
-28
-29
-20
-17
-12
-10
-5
-3
-7
-4
-11
-16
-25
-30
-26
-28
-28
-26
-19
-20
-18
-14
-6
1
-8
-15
-17
-19
-24
-20
-21
-27
-21
-22
-16
-10
-10
-7
-6
-5
-11
-9
-6
-9
-7
-9
-12
-6
-1
3
6
14
12
8
1
2
5
-4
-5
-4
-7
-5
3
10
11
9
12
15
15
8
4
4
1
-1
-9
-8
-9
-8
-2
-5
-1
2
5
11
18
26
22
25
22
17
11
4
-3
-2
-7
-9
0
1
2
2
15
17
25
25
20
24
19
19
8
11
3
3
1
-4
-3
-3
5
13
13
5
10
15
14
15
14
17
17
10
10
2
5
1
-10
-8
-3
1
-1
11
16
21
21
17
24
25
20
10
8
2
-5
-7
-6
-13
-9
-5
1
10
17
23
25
26
20
20
18
12
6
-4
-10
-9
-10
-12
-7
0
3
5
14
19
25
25
19
24
17
5
-5
-11
-9
-9
-11
-19
-17
-16
-15
-4
2
5
5
7
15
18
7
3
-3
-15
-18
-21
-15
-22
-21
-13
-5
4
-3
-3
-5
-5
-1
-7
-8
-5
-7
-10
-3
-6
-11
-7
-9
-7
-12
-18
-20
-20
-18
-14
-4
-3
3
0
3
7
0
-5
-14
-10
-7
-15
-16
-11
-6
-3
0
9
12
10
14
14
10
5
4
2
-2
-7
-4
-2
-4
-7
-5
0
4
12
11
6
8
7
7
8
2
1
-8
-8
-9
-6
-1
-2
2
3
2
-3
0
0
-2
-3
3
7
4
0
-1
3
2
3
-3
5
0
4
10
6
7
-3
-2
-2
-5
-1
7
9
8
13
17
21
15
12
4
1
-1
-7
-4
-2
3
2
3
3
6
9
6
8
7
6
4
2
-1
6
9
2
8
8
4
6
8
6
7
7
5
7
2
9
13
13
17
15
17
15
10
12
10
10
4
6
13
14
15
18
22
18
18
15
16
11
7
8
6
7
3
5
6
7
4
-1
-3
1
3
5
8
9
13
16
15
11
15
9
7
10
2
3
8
9
9
13
15
16
24
26
20
17
16
9
6
6
1
3
6
9
12
14
8
3
12
15
16
15
8
9
8
5
1
1
2
0
-2
-6
-5
-2
-1
3
1
-1
-1
3
5
4
-2
-6
-4
-14
-17
-14
-19
-23
-23
-22
-9
-5
-3
-2
-2
5
4
1
1
-1
-9
-15
-22
-20
-19
-20
-13
-12
-8
-10
-3
1
0
-7
-10
-8
-13
-16
-17
-10
-8
-9
-11
-12
-10
-12
-13
-15
-11
-10
-10
-4
-8
-5
-9
-8
-9
-13
-13
-16
-14
-20
-12
-17
-19
-16
-14
-8
-5
2
-1
-1
-3
-3
-6
-6
-12
-13
-14
-16
-16
-18
-10
-5
-4
-6
-11
-5
-1
-1
-1
-2
0
-3
-3
-6
-5
-5
-5
-1
-10
-11
-6
-2
-3
-3
1
9
13
8
2
3
5
-1
-2
1
1
1
2
1
7
13
17
18
15
16
11
12
14
8
9
13
15
12
9
14
14
13
13
11
15
12
12
12
13
13
15
8
9
12
13
11
6
10
4
0
-1
4
5
0
1
2
5
10
7
5
8
0
1
-3
0
2
4
7
-2
-6
-8
-5
-4
-3
-4
-3
-4
-1
1
0
4
2
4
1
3
6
6
4
-1
1
6
5
4
2
7
6
6
11
9
7
3
1
4
6
5
6
10
4
5
6
11
9
8
8
10
11
9
14
15
17
13
15
15
11
9
3
6
7
6
1
-4
-3
-2
2
2
8
8
8
11
6
1
-2
0
-11
-12
-11
-15
-11
-8
-2
0
2
3
3
7
-1
-1
-5
-8
-9
-6
-6
-5
-1
0
1
-4
-7
-5
0
2
-2
2
1
7
8
5
7
7
6
5
11
13
7
6
11
8
7
8
9
10
8
9
6
10
10
11
9
13
20
15
21
18
17
15
14
14
14
18
9
9
11
14
10
9
11
15
19
17
16
16
11
10
13
10
11
10
10
8
11
14
14
14
13
10
9
9
8
7
0
4
7
8
9
4
7
4
2
6
2
2
4
3
5
5
3
4
1
2
2
4
0
1
4
2
2
2
1
-2
-1
1
3
0
-2
-1
-1
1
-2
-1
3
-5
-5
0
-2
-3
-3
-6
-6
-3
-1
-6
-6
2
3
3
0
0
-2
0
4
-3
0
5
5
4
4
4
4
11
4
2
4
4
5
5
9
10
8
7
6
8
9
7
8
6
5
7
8
11
8
10
11
10
13
9
7
11
12
14
17
16
15
17
15
12
13
13
12
12
13
9
5
6
7
4
4
0
-3
1
7
9
9
9
9
5
3
5
2
0
2
5
3
8
5
6
7
12
12
4
9
11
13
13
9
14
12
12
8
6
5
3
8
4
9
9
3
9
8
2
-2
3
4
6
7
4
5
6
6
10
9
3
5
11
10
11
7
8
8
7
9
3
3
0
5
4
4
3
0
1
-1
4
2
2
1
0
0
1
3
2
2
2
-1
1
3
4
4
4
1
-3
3
-1
2
3
-1
-1
-1
1
-3
-1
-7
-7
-1
-2
-2
0
0
-2
-3
-6
-6
-5
-4
-3
-7
-8
-8
-7
-6
-9
-9
-5
-5
-9
-6
-3
-6
-5
-2
-6
0
0
-2
-1
-6
-4
1
0
-3
0
0
-2
-4
-3
-7
0
5
2
2
1
5
1
0
-2
-3
0
-5
-4
-2
-4
-2
-5
-6
-4
-5
-7
-6
-7
-6
-5
-6
-2
-1
-4
-3
-6
-9
-6
-11
-7
-6
0
0
4
8
5
12
8
10
5
3
7
9
6
2
0
-2
4
0
1
2
7
4
4
7
2
11
10
9
7
3
8
6
7
4
6
11
6
6
5
3
2
2
2
3
4
6
8
3
7
10
11
9
8
11
7
3
2
3
4
4
3
4
6
3
2
3
2
5
2
1
2
3
4
3
6
2
6
8
5
4
-1
3
4
3
4
4
2
-1
-2
-5
-9
-12
-10
-14
-10
-9
-7
-6
-4
-2
-4
4
6
6
7
9
7
6
6
6
8
2
0
6
5
-2
-1
-1
0
3
6
7
-3
0
2
3
4
5
6
0
4
-2
0
4
0
7
0
6
4
6
11
4
3
1
0
1
6
6
4
1
2
4
0
3
7
4
8
8
4
1
0
-7
-1
3
-2
2
5
8
3
6
8
7
4
3
7
9
11
10
9
12
19
17
15
11
12
13
17
12
5
12
5
8
13
5
9
14
15
16
16
19
16
17
18
16
19
18
19
18
15
16
14
18
15
11
15
14
13
14
14
16
16
13
18
19
17
14
8
11
9
11
11
8
11
14
14
16
21
23
19
15
13
11
16
8
8
6
7
15
9
6
5
5
6
6
6
8
7
7
7
-1
2
4
4
4
-1
4
3
4
3
-2
-5
-6
-4
-4
1
3
2
-4
-1
-5
-7
-1
-14
-20
-20
-18
-18
-21
-20
-17
-18
-14
-12
-15
-13
-8
-7
-14
-19
-17
-21
-20
-16
-20
-13
-16
-16
-12
-16
-17
-22
-22
-15
-16
-18
-19
-21
-12
-15
-16
-23
-24
-14
-17
-19
-19
-16
-13
-13
-9
-8
-9
-4
-8
-11
-12
-15
-9
-11
-12
-16
-12
-7
-10
-13
-15
-7
-6
-13
-15
-11
-7
-10
-8
-6
-5
-5
-7
-1
0
-4
-4
-2
0
-2
-6
-6
-6
-8
-8
-7
-3
-6
-5
-3
-4
-2
-9
-8
-3
-9
-7
-11
-10
-7
-13
-10
-6
-8
-7
-7
-7
-6
-9
-10
-9
-8
-4
-6
-5
-4
-10
-11
-8
-6
-12
-16
-9
-13
-8
-8
-14
-6
-7
-5
-7
-10
-8
-9
-8
-9
-9
-7
-8
-10
-7
-3
0
2
-2
-4
-2
-2
-3
-2
0
-4
-3
-3
-6
0
0
0
0
-2
2
3
6
4
3
2
1
1
-4
-2
-1
1
1
1
2
2
0
1
-2
-7
1
-1
-3
-1
0
4
3
4
-2
2
1
0
-3
-1
0
-8
-3
-7
-3
-3
-3
-2
-4
-3
-7
-3
-4
-4
-5
-8
-4
-5
-5
-8
-3
-8
-9
-8
-11
-6
-11
-10
-8
-13
-13
-17
-16
-16
-19
-17
-16
-19
-20
-15
-19
-22
-16
-20
-15
-16
-13
-13
-15
-11
-16
-12
-17
-17
-19
-17
-18
-23
-19
-22
-18
-18
-22
-21
-22
-21
-23
-24
-23
-23
-23
-17
-19
-21
-19
-19
-16
-18
-20
-21
-24
-16
-17
-22
-21
-21
-22
-17
-14
-16
-16
-21
-17
-21
-22
-20
-23
-16
-21
-21
-18
-13
-15
-15
-10
-14
-16
-12
-12
-14
-8
-11
-8
-9
-8
-9
-7
-7
-12
-6
-4
-1
-8
-9
-5
-3
-2
2
4
1
0
0
1
1
5
10
10
10
12
13
16
17
13
14
15
17
19
16
20
24
25
22
20
18
20
19
20
20
17
21
16
17
18
14
17
10
15
19
18
19
18
21
22
23
18
17
15
13
14
17
16
14
22
19
13
15
18
19
14
15
16
12
13
16
17
14
13
10
11
12
7
8
5
7
10
11
11
10
12
8
7
8
8
10
8
7
13
15
16
17
16
17
13
12
11
11
11
12
14
11
11
18
16
17
15
14
11
8
10
10
14
12
14
10
7
11
11
12
8
6
3
9
6
12
11
7
11
11
10
9
11
11
11
11
13
13
12
10
11
5
4
7
9
6
5
9
6
6
6
9
6
6
7
7
10
7
12
9
7
8
5
7
4
4
7
4
4
-1
-2
6
1
0
4
3
3
9
5
2
4
1
4
0
-1
-1
0
-2
-4
-4
-4
-7
-10
-8
-11
-12
-11
-17
-13
-12
-15
-17
-12
-15
-15
-14
-17
-16
-20
-24
-20
-23
-24
-16
-18
-19
-23
-21
-19
-20
-20
-20
-21
-24
-27
-26
-27
-25
-25
-25
-23
-25
-22
-21
-23
-21
-22
-22
-21
-21
-23
-23
-24
-22
-21
-19
-17
-13
-15
-18
-19
-16
-14
-14
-13
-9
-13
-11
-3
-5
-4
-3
-6
-7
-6
1
-1
1
6
0
3
6
4
6
3
6
7
5
7
6
14
14
10
13
16
20
17
16
17
19
19
20
18
18
15
18
19
19
20
16
20
19
19
17
16
19
20
18
17
18
12
14
16
20
15
17
15
16
20
18
18
16
15
9
12
8
6
9
6
5
6
3
0
3
3
7
6
5
6
7
2
5
4
-1
6
3
1
-1
-1
-1
-2
-2
3
6
5
7
3
4
1
4
3
-4
-2
-2
0
0
-4
2
-2
-3
-2
-5
-2
-4
-3
-4
-2
-3
-7
-5
-6
-3
-4
-4
-5
-3
-1
-1
-3
-4
-9
-6
-5
-11
-10
-9
-4
-9
-10
-14
-17
-11
-11
-9
-12
-12
-9
-8
-8
-7
-5
-7
-6
-9
-9
-10
-12
-9
-14
-13
-16
-18
-16
-17
-15
-14
-12
-13
-13
-13
-17
-12
-10
-12
-11
-9
-3
-9
-3
-6
-5
-3
-9
-5
-9
-6
-8
-3
-1
-2
-5
-2
0
1
0
-2
4
6
11
14
12
12
16
13
11
13
12
14
11
18
14
16
14
13
14
9
13
8
9
6
7
7
9
10
6
8
-1
1
2
-1
3
0
-1
-1
4
-2
-4
-1
-1
1
-1
-1
-4
-2
-6
-5
-3
-7
-5
-7
-8
-10
-5
-8
-13
-8
-9
-5
-11
-14
-12
-18
-15
-10
-11
-10
-10
-8
-8
-8
-4
-9
-7
-12
-12
-13
-16
-11
-9
-11
-12
-11
-17
-11
-16
-18
-17
-13
-10
-10
-8
-11
-6
-7
-9
-8
-5
-7
-7
-3
-1
1
0
1
2
2
-2
2
4
5
3
5
3
1
4
0
0
1
2
9
5
5
9
5
12
11
9
11
11
12
9
14
9
13
12
9
8
6
7
9
7
6
7
0
3
1
1
0
0
0
-5
-1
-2
-4
-4
-10
-7
-6
-10
-10
-8
-5
-4
-4
-6
-8
-8
-12
-12
-6
-6
-6
-5
-9
-10
-10
-10
-16
-15
-19
-13
-14
-19
-13
-16
-14
-16
-16
-15
-17
-16
-17
-18
-18
-21
-23
-21
-22
-26
-26
-19
-19
-23
-18
-19
-22
-24
-20
-25
-28
-21
-26
-27
-26
-27
-27
-24
-26
-27
-28
-28
-26
-25
-25
-25
-22
-25
-23
-22
-22
-13
-13
-16
-20
-20
-14
-14
-14
-9
-16
-17
-15
-17
-15
-12
-12
-11
-14
-15
-12
-16
-15
-16
-12
-14
-11
-12
-10
-3
-10
-5
-3
0
0
1
1
6
7
5
14
8
4
8
12
10
12
9
15
15
9
7
12
19
15
16
16
19
18
20
19
16
19
24
19
16
18
15
18
15
16
16
17
18
16
19
18
19
18
12
14
17
17
15
14
17
11
15
18
12
13
12
10
8
9
11
12
14
6
9
13
9
12
9
10
13
8
7
7
12
7
10
13
12
8
8
10
9
12
7
9
11
8
12
12
11
9
12
9
6
10
8
11
10
7
9
7
8
10
11
12
9
13
15
12
12
13
13
11
12
7
7
10
10
11
15
13
10
17
10
8
12
12
9
9
10
7
9
6
5
4
1
0
5
6
1
3
3
3
1
-2
-7
-5
-1
-1
-2
-3
-3
-8
-9
-7
-9
-11
-13
-12
-9
-10
-8
-3
-4
-6
-6
-3
-10
-12
-11
-16
-20
-20
-26
-27
-24
-27
-23
-24
-23
-19
-22
-21
-22
-23
-22
-21
-21
-21
-23
-21
-20
-20
-20
-25
-21
-24
-25
-20
-26
-24
-23
-21
-22
-19
-24
-20
-16
-21
-14
-17
-17
-19
-21
-21
-18
-15
-18
-15
-15
-13
-17
-17
-14
-15
-20
-14
-18
-21
-22
-20
-17
-20
-17
-17
-9
-11
-5
-3
-6
-2
-2
1
-4
3
-1
4
8
6
10
8
6
3
7
10
5
1
4
8
12
12
11
12
14
13
15
16
17
17
17
17
16
12
10
10
9
13
12
15
19
18
18
18
19
19
18
16
22
24
24
27
27
25
26
27
28
29
21
23
16
15
22
19
16
19
22
23
23
21
29
30
21
20
17
21
17
13
17
12
12
16
14
16
22
23
20
18
17
15
14
11
11
14
12
11
11
7
7
10
8
10
8
9
12
12
10
6
3
4
8
3
2
5
0
-1
2
0
-2
1
3
3
-1
-1
2
-3
-4
-9
-12
-5
-12
-6
-11
-10
-6
-10
-5
-12
-4
-8
-9
-7
-14
-12
-14
-16
-12
-9
-12
-15
-8
-12
-14
-11
-15
-6
-12
-15
-12
-12
-13
-15
-9
-11
-12
-8
-7
-13
-5
-11
-14
-10
-18
-16
-23
-14
-13
-16
-6
-9
-3
-7
-13
-9
-15
-12
-10
-15
-12
-13
-12
-14
-15
-9
-13
-8
-9
-14
-11
-12
-8
-3
-4
-7
-9
-14
-9
-11
-13
-13
-15
-15
-18
-16
-20
-13
-13
-9
-1
-8
-3
-6
-6
-6
-8
-6
-7
-6
-8
-3
-3
-7
-3
-4
0
1
3
2
-4
4
1
-7
-5
-9
-11
-4
-9
-10
-8
-10
-3
-9
-9
-11
-11
-8
-13
-8
-14
-11
-13
-16
-11
-16
-9
-14
-22
-20
-22
-17
-18
-22
-19
-21
-20
-22
-15
-13
-19
-13
-11
-13
-15
-21
-15
-16
-15
-13
-14
-8
-15
-12
-7
-5
-3
-8
-7
-10
-14
-8
-13
-10
-6
-8
2
-4
6
2
-2
9
-7
0
-3
2
6
3
10
5
13
10
15
21
9
15
10
13
16
12
13
11
9
8
8
16
22
18
18
18
16
15
19
17
19
17
14
15
13
16
12
20
14
14
14
12
19
13
14
6
6
9
6
12
14
13
14
10
7
5
9
5
-1
-6
-5
-7
-2
-7
-10
-2
-12
0
-10
-6
-8
-15
-10
-20
-16
-20
-19
-18
-19
-22
-12
-20
-14
-17
-17
-15
-16
-7
-19
-9
-16
-6
-12
-17
-5
-13
-8
-12
-16
-10
-20
-14
-14
-21
-8
-20
-6
-7
-8
-3
-17
-6
-16
-17
-18
-29
-21
-34
-27
-6
-28
-5
-26
-14
-5
-25
0
-27
-11
-21
-27
-12
-30
-13
-19
-21
-1
-19
2
-6
-14
6
-23
3
-13
-6
6
-16
11
-8
6
21
-1
20
3
2
11
-17
9
-12
-10
9
-14
26
4
15
30
3
39
5
21
18
-1
26
-2
20
16
11
25
11
25
27
18
30
9
17
12
4
15
-8
13
5
16
17
22
25
19
33
14
25
15
13
15
4
18
18
23
36
31
39
36
25
38
13
22
16
2
22
-13
22
9
3
38
-9
46
11
17
39
-16
34
-16
8
19
-15
42
-11
31
33
-2
64
-1
53
18
-1
47
-30
44
-19
9
19
-20
48
-11
31
18
-3
34
-19
21
-7
-20
18
-41
24
-12
10
40
-16
59
-2
32
23
-14
25
-33
8
-11
-27
24
-26
12
17
-9
39
-16
23
12
-23
26
-39
0
-13
-27
14
-24
20
14
-1
32
-9
8
7
-26
10
-33
-11
-8
-28
18
-18
11
8
-4
11
-5
2
2
-15
-13
-17
-33
-10
-28
-5
-1
-2
10
7
2
15
-13
-11
-12
-48
6
-51
-1
-16
-21
29
-30
38
-6
-2
20
-34
4
-34
-35
2
-54
2
-28
-17
17
-28
32
-15
-4
-8
-42
-18
-51
-40
-29
-44
-24
-27
-18
7
-1
7
5
-17
-5
-24
-42
-18
-58
-17
-44
-30
2
-32
29
-10
12
12
-19
5
-27
-28
-14
-50
-9
-33
-30
8
-38
31
-23
10
16
-31
18
-39
-21
-18
-58
-9
-42
-35
15
-49
44
-25
-1
41
-57
68
-61
12
4
-68
58
-85
30
-3
-43
79
-66
64
2
-41
87
-99
70
-34
-37
68
-121
105
-65
22
65
-77
126
-67
55
38
-48
99
-76
40
14
-52
102
-67
71
25
-22
115
-55
99
2
3
72
-60
62
-23
-1
51
-30
69
24
30
94
2
81
32
13
69
-23
42
17
-19
70
-17
55
62
7
128
-5
83
62
-7
102
-46
51
15
-33
89
-51
75
42
-10
127
-41
113
10
-1
80
-76
77
-47
1
18
-38
63
7
46
61
13
65
23
15
34
-25
20
-43
-7
-7
1
19
18
40
23
62
14
56
-1
6
4
-38
3
-47
-5
-1
-16
35
6
42
43
3
52
-38
23
-34
-45
-11
-79
8
-64
13
-3
-2
47
-4
64
-4
16
8
-46
4
-75
-14
-35
-49
17
-65
39
-27
8
16
-47
25
-64
-14
-48
-49
-20
-51
-25
-21
-23
3
8
-5
26
-18
17
4
-36
21
-33
0
8
-55
46
-61
16
12
-77
76
-110
29
-44
-77
74
-118
86
-59
-19
78
-94
115
-73
-7
33
-124
72
-120
6
8
-84
109
-64
99
72
19
144
-32
88
22
-32
56
-92
26
-29
-32
66
-35
97
46
43
91
-10
56
2
-56
3
-98
-19
-36
-82
49
-71
81
34
22
127
-25
104
-6
-17
37
-86
35
-47
-30
67
-51
109
9
42
113
-40
114
-54
-3
8
-101
33
-102
-19
5
-66
68
-60
29
38
-52
82
-78
38
-12
-54
49
-84
64
-13
3
68
-27
93
9
36
50
-34
62
-42
11
-9
-43
19
-56
5
-35
-13
7
-35
-12
-32
-28
-17
-56
-35
-65
-71
-44
-84
-27
-57
-5
-9
-19
29
9
63
40
33
33
-4
15
-4
-19
9
-45
22
-14
15
68
5
111
-15
49
-2
-55
21
-134
-8
-105
-71
-11
-95
63
-21
53
78
-25
107
-21
26
33
-112
62
-106
2
20
-79
143
-48
114
57
-39
143
-93
68
-34
-117
60
-194
30
-99
-104
56
-205
51
-154
-80
-14
-193
18
-185
-45
-43
-108
44
-95
23
-38
-69
-1
-93
-2
-76
-40
-34
-31
38
13
80
21
62
13
-17
-12
-109
-66
-142
-135
-98
-158
5
-73
16
59
-27
130
-63
45
-47
-100
-5
-152
-15
-51
3
130
83
202
196
162
267
84
180
52
7
52
-128
40
-88
29
34
3
87
6
56
17
-33
-36
-117
-146
-136
-201
-92
-136
-59
-31
-41
74
18
103
46
10
36
-91
-15
-103
-85
-33
-137
20
-124
13
-22
-62
38
-170
-10
-174
-126
-120
-260
-98
-260
-113
-116
-149
23
-110
90
23
57
145
26
174
60
119
144
82
183
110
166
229
170
300
196
259
254
196
272
121
203
115
116
123
79
136
138
150
201
185
253
267
234
294
188
297
199
203
187
90
207
101
177
130
77
170
29
132
24
-19
-23
-226
-156
-335
-295
-366
-471
-447
-554
-454
-454
-416
-350
-352
-289
-282
-250
-204
-182
-205
-283
-323
-362
-254
-305
-221
-289
-264
-144
-185
4
-108
-69
-120
-282
-225
-367
-367
-388
-604
-446
-576
-347
-224
-266
26
-124
177
173
235
389
250
386
292
301
488
432
627
562
580
754
690
920
745
739
669
539
587
461
467
464
382
474
442
565
684
643
753
599
719
695
722
744
664
704
708
760
863
874
920
883
738
745
501
479
140
-145
-419
-759
-826
-1074
-1189
-1303
-1491
-1408
-1484
-1456
-1369
-1609
-1458
-1771
-1669
-1684
-1812
-1578
-1849
-1544
-1534
-1385
-987
-1045
-643
-647
-546
-240
-430
-46
-295
-262
-218
-497
-148
-473
-284
-335
-502
-238
-477
-180
-190
-204
27
-183
133
149
249
423
191
377
316
372
533
385
602
605
738
1059
1033
1423
1416
1547
1649
1460
1659
1413
1362
1226
984
1119
986
1163
1282
1293
1638
1626
1916
1947
1939
2054
1750
1767
1513
1441
1427
1206
1291
1148
1255
1344
1260
1321
1015
939
641
267
-48
-583
-867
-1329
-1667
-1913
-2177
-2229
-2325
-2408
-2421
-2534
-2422
-2471
-2518
-2573
-2710
-2656
-2694
-2645
-2643
-2627
-2557
-2366
-2288
-2035
-1950
-1752
-1574
-1550
-1208
-1257
-1053
-1109
-1149
-1070
-1190
-1034
-1089
-1095
-915
-750
-363
-81
189
695
950
1394
1601
1761
1993
1972
2142
2057
2002
2080
2120
2284
2273
2287
2416
2372
2378
2174
1889
1602
1191
841
432
32
-192
-401
-553
-601
-659
-478
-489
-443
-429
-464
-323
-326
-188
-59
151
567
970
1453
1979
2398
2890
3070
3294
3395
3335
3256
2883
2674
2377
2271
2130
1916
1726
1552
1447
1275
967
582
123
-373
-814
-1272
-1576
-1916
-2055
-2203
-2184
-2063
-1895
-1702
-1725
-1688
-1783
-1800
-1921
-2112
-2275
-2472
-2576
-2588
-2585
-2499
-2437
-2372
-2314
-2429
-2435
-2597
-2727
-2960
-3318
-3493
-3791
-3821
-3854
-3784
-3617
-3532
-3192
-2909
-2448
-1999
-1557
-1157
-799
-321
264
916
1459
1994
2468
2996
3556
4078
4462
4569
4509
4438
4221
4070
3641
3207
2658
2041
1721
1270
1047
633
265
-58
-416
-539
-703
-908
-1097
-1411
-1429
-1435
-1306
-1065
-962
-612
-359
243
799
1462
2038
2540
2995
3412
3840
4127
4267
4152
4061
3833
3734
3483
3326
2959
2739
2414
2171
1902
1511
1255
630
241
-377
-738
-1124
-1519
-1763
-2037
-2132
-2042
-1989
-1729
-1666
-1574
-1428
-1575
-1364
-1603
-1543
-1821
-2072
-2068
-2256
-2125
-2232
-2291
-2292
-2429
-2410
-2520
-2823
-2949
-3405
-3500
-3827
-4050
-4044
-4325
-4154
-4233
-4063
-3782
-3762
-3339
-3153
-2746
-2201
-1977
-1227
-878
-157
569
1036
1899
2276
3025
3564
3874
4475
4568
4835
4794
4485
4571
4077
3937
3362
2712
2452
1769
1674
1081
598
285
-265
-341
-791
-1059
-1240
-1636
-1614
-1871
-1778
-1584
-1512
-1043
-876
-284
370
1068
1969
2528
3283
3798
4291
4765
4915
5054
4829
4600
4360
4123
3963
3710
3403
3067
2797
2594
2367
1907
1423
733
177
-445
-984
-1453
-2014
-2296
-2630
-2601
-2558
-2316
-2050
-1957
-1783
-1777
-1571
-1524
-1636
-1785
-2136
-2231
-2281
-2232
-2184
-2372
-2297
-2424
-2383
-2459
-2829
-3032
-3647
-4001
-4341
-4666
-4731
-5083
-5060
-5150
-4988
-4533
-4510
-4209
-4159
-3872
-3255
-2977
-2455
-2053
-1439
-429
180
1279
1877
2744
3867
4235
5252
5303
5813
5955
5679
5747
4977
4935
4226
3620
3273
2456
2340
1744
1216
833
95
-22
-828
-1224
-1749
-2406
-2382
-2968
-2806
-2860
-2697
-2237
-1979
-1143
-590
250
1057
1503
2584
3229
4051
4554
4703
5245
5292
5721
5406
5243
5062
4679
4626
4131
3704
3288
2826
2370
1764
1237
824
159
-236
-1055
-1352
-1644
-2004
-2146
-2491
-2424
-2394
-2072
-1986
-1897
-1722
-1625
-1575
-1514
-1689
-1740
-1859
-2027
-2077
-2144
-2143
-2334
-2331
-2609
-2765
-3063
-3456
-3922
-4286
-4553
-4906
-5068
-5332
-5262
-5083
-4996
-4920
-4913
-4773
-4563
-4323
-4035
-3928
-3368
-2815
-2029
-1046
-233
931
1793
2865
3813
4704
5577
5878
6287
6297
6308
6362
5980
5652
5005
4584
4181
3759
3400
2785
2279
1619
991
472
-148
-861
-1549
-2237
-2684
-2869
-2890
-2864
-2876
-2700
-2258
-1586
-807
-240
410
1066
1801
2857
3655
4336
4748
5135
5510
5760
5976
5865
5567
5234
4760
4587
4226
3705
3172
2391
1924
1285
998
349
-306
-893
-1552
-1817
-2223
-2420
-2718
-2915
-3029
-2916
-2590
-2297
-2104
-1937
-1942
-1783
-1623
-1546
-1668
-1931
-2118
-2337
-2258
-2440
-2470
-2813
-3108
-3389
-3659
-3754
-4205
-4461
-4958
-5267
-5272
-5322
-5277
-5487
-5622
-5466
-5477
-5174
-5075
-4847
-4327
-4066
-3198
-2605
-1608
-469
281
1504
2051
3368
4423
5101
5941
5908
6555
6493
6637
6513
5858
5637
4820
4541
4080
3507
3199
2413
1837
1142
623
218
-743
-1257
-2093
-2505
-2702
-2993
-2891
-3007
-2738
-2473
-1946
-1232
-576
366
1039
1640
2731
3705
4755
5280
5634
5929
6228
6647
6423
6180
5661
5240
5007
4647
4035
3592
2990
2426
1751
1271
776
82
-423
-1410
-1829
-2278
-2576
-2840
-3186
-3350
-3259
-2910
-2637
-2487
-2197
-2166
-2150
-1896
-2091
-1976
-2289
-2434
-2634
-2622
-2489
-2669
-2682
-3100
-3243
-3261
-3543
-3977
-4370
-4837
-5004
-5196
-5288
-5531
-5623
-5518
-5625
-5393
-5489
-5278
-4938
-4749
-4391
-3889
-3081
-2265
-1291
-374
553
1707
2949
4057
5061
5823
6352
6985
7143
7276
7128
6789
6227
5644
5322
4741
4447
3790
3226
2649
2127
1594
912
186
-751
-1377
-1990
-2552
-2884
-3116
-3270
-3151
-2951
-2471
-1912
-1126
-418
359
1275
2067
3216
4190
4892
5490
5948
6345
6696
6805
6676
6295
6032
5594
5254
4881
4177
3595
2985
2312
1792
1229
606
-70
-780
-1292
-1968
-2188
-2802
-3128
-3334
-3572
-3289
-3216
-2852
-2845
-2549
-2367
-2291
-1986
-2095
-2220
-2353
-2598
-2575
-2626
-2699
-2900
-3203
-3261
-3527
-3419
-3739
-4227
-4601
-5048
-5211
-5304
-5371
-5617
-5795
-5918
-5782
-5669
-5394
-5365
-5346
-5141
-5114
-4157
-3397
-2465
-1553
-879
539
1841
3832
5166
5916
6766
7082
8046
8284
8063
7709
6673
6263
5583
5386
5108
4338
4115
3139
2817
2411
1805
1213
-311
-1371
-2471
-3130
-3492
-4241
-4372
-4797
-4569
-3751
-3143
-2011
-1520
-670
-36
779
2043
2844
3857
4223
4718
5501
6141
6882
7097
6905
6719
6438
6474
5946
5431
4659
3615
2972
2113
1701
1072
372
-401
-1120
-1460
-1726
-1977
-2401
-3140
-3307
-3350
-3240
-3038
-3075
-2842
-2866
-2418
-2183
-1823
-1677
-1924
-2087
-2333
-2335
-2305
-2467
-2963
-3328
-3440
-3398
-3503
-3612
-4079
-4462
-4851
-5102
-5221
-5307
-5557
-5988
-6102
-6270
-5733
-5450
-5288
-5299
-5156
-4404
-3838
-2719
-2088
-1340
-269
509
1993
3117
4561
5678
6306
7053
7234
8192
8375
8161
7649
6615
6258
5757
5448
4742
3826
3198
2399
2030
1493
769
144
-1060
-1966
-2712
-3124
-3420
-3889
-4107
-4421
-3986
-3317
-2649
-1818
-1274
-491
331
1283
2409
3497
4515
4903
5400
6030
6624
7262
7192
6755
6301
6044
5985
5541
4936
4026
3249
2797
2047
1756
1139
493
-197
-961
-1293
-1736
-1869
-2542
-3138
-3419
-3520
-3117
-2989
-2958
-2878
-2655
-2277
-2030
-1777
-1907
-2117
-2303
-2646
-2695
-2889
-3069
-3454
-3725
-3893
-3953
-3803
-4202
-4492
-4945
-5217
-5254
-5407
-5483
-5947
-5961
-6058
-5901
-5555
-5636
-5395
-5447
-5147
-4623
-3814
-2817
-2055
-1042
40
1510
3509
5092
6315
7119
7678
8642
9048
9239
8550
7810
7094
6368
6168
5457
4985
4313
3677
3093
2544
2031
1208
55
-1330
-2661
-3499
-4261
-4947
-5473
-5945
-5805
-5276
-4306
-3507
-2587
-1754
-910
26
889
1808
2702
3405
4011
4682
5377
6233
6830
7303
7157
7219
7109
6913
6558
5731
4981
4028
3243
2471
1801
1182
499
-175
-637
-1177
-1248
-1686
-2135
-2644
-3056
-2980
-3147
-2929
-3103
-2875
-2697
-2396
-1969
-1788
-1588
-1690
-1848
-2120
-2337
-2465
-2828
-3311
-3778
-4222
-4193
-4347
-4246
-4555
-4802
-4969
-5104
-4835
-5151
-5311
-5934
-6279
-6268
-6191
-5945
-6075
-6049
-5708
-5071
-3984
-3028
-2046
-958
-34
1469
2867
4538
5966
6698
7492
7774
8525
8989
8857
8555
7428
7032
6470
6144
5853
4790
4246
3122
2578
1981
1105
353
-1218
-2321
-3454
-4202
-4480
-5192
-5422
-5729
-5491
-4633
-3981
-2907
-2394
-1546
-765
-103
1024
1722
2904
3660
4290
5049
5748
6884
7458
7669
7382
6950
6949
6573
6106
5255
4181
3478
2719
2271
1724
1196
717
-67
-475
-988
-1238
-1566
-2361
-2878
-3403
-3321
-3160
-3025
-2847
-2888
-2459
-2150
-1753
-1515
-1677
-1842
-2287
-2520
-2684
-2804
-3019
-3603
-3953
-4204
-4084
-3927
-4117
-4489
-4989
-5062
-5037
-5066
-5364
-5868
-6066
-6118
-5836
-5582
-5456
-5192
-4969
-4302
-3542
-2522
-1420
-547
597
1773
3545
5234
6482
7449
7945
8673
9160
9338
9091
8275
7646
6864
6365
5813
5107
4581
3641
2952
2193
1561
810
-359
-1540
-2872
-3787
-4504
-5162
-5594
-6001
-5923
-5495
-4862
-3989
-3234
-2257
-1541
-730
117
921
1993
2868
3781
4470
5229
6181
6978
7627
7751
7621
7466
7017
6723
6031
5315
4380
3404
2723
1928
1627
1002
477
-206
-784
-1062
-1481
-1914
-2654
-3179
-3571
-3804
-3742
-3707
-3559
-3366
-3191
-2822
-2616
-2246
-2316
-2455
-2775
-3122
-3080
-3464
-3633
-4122
-4378
-4516
-4599
-4514
-4725
-4740
-4872
-4965
-5047
-5262
-5428
-5531
-5789
-5921
-5890
-5837
-5569
-5385
-4878
-4209
-3260
-2044
-1128
318
1758
3606
5476
6439
7519
8202
9023
9547
9237
8998
8045
7685
7207
6429
6266
5195
4975
4177
3411
2999
1937
1463
-265
-1446
-2691
-3949
-4409
-5635
-6044
-6463
-6402
-5624
-5201
-4106
-3501
-2426
-1410
-844
375
990
2145
2976
3753
4743
5464
6684
7318
7959
8254
8200
8391
7856
7453
6686
5846
4996
3811
3232
2267
1844
1136
423
-57
-715
-957
-1630
-2220
-2942
-3497
-3815
-4153
-4260
-4142
-4120
-3820
-3647
-3311
-2959
-2840
-2665
-2969
-3060
-3374
-3508
-3655
-3933
-4159
-4450
-4675
-4635
-4535
-4558
-4634
-4943
-4981
-5223
-5145
-5256
-5456
-5671
-5989
-5798
-5638
-5297
-4923
-4394
-3686
-2593
-1459
-63
1419
3182
5024
6139
7385
8059
9287
9893
9713
9504
8550
8426
7778
7376
6724
5654
5302
4319
3875
3100
2116
1416
-174
-1264
-2575
-3672
-4483
-5756
-6138
-6868
-6780
-6318
-5970
-4984
-4519
-3428
-2499
-1661
-574
142
1369
2276
3291
4458
5159
6393
7119
7849
8210
8187
8391
7886
7548
6753
5989
5238
4057
3299
2358
1744
1185
446
27
-706
-963
-1530
-2167
-2726
-3465
-3670
-4254
-4401
-4601
-4562
-4346
-4236
-3850
-3718
-3466
-3364
-3365
-3338
-3412
-3479
-3691
-4075
-4336
-4577
-4683
-4916
-5131
-5356
-5487
-5441
-5311
-5279
-5317
-5376
-5445
-5309
-5249
-4916
-4926
-4752
-4678
-4053
-3003
-2101
-868
-88
1504
3198
5253
6959
7813
8900
9354
10187
10316
9877
9465
8320
7849
6870
6343
5795
4789
4406
3063
2565
1763
945
187
-1501
-2509
-3948
-4680
-5343
-6237
-6418
-6980
-6576
-5947
-5251
-4046
-3420
-2227
-1537
-587
627
1470
2851
3404
4365
5215
6091
7216
7618
8026
7866
7780
7650
7154
6750
5893
5028
4147
3197
2690
2006
1468
777
99
-217
-645
-844
-1462
-2051
-2587
-3059
-3231
-3460
-3493
-3558
-3516
-3365
-3164
-2892
-2776
-2791
-3025
-3341
-3517
-3703
-3917
-4386
-4845
-5254
-5482
-5487
-5746
-5833
-6049
-5972
-5787
-5863
-5680
-5812
-5589
-5618
-5675
-5365
-5442
-4938
-4705
-4117
-3171
-2261
-771
316
2020
4071
6040
7905
8742
9840
10808
11293
11467
10615
9944
8998
8301
7707
6676
6027
5151
4480
3652
2695
2004
1072
-261
-1731
-3250
-4339
-5475
-6400
-7140
-7833
-7738
-7390
-6494
-5650
-4674
-3520
-2429
-1416
-494
436
1344
2242
3261
4264
5129
6155
7087
8023
8484
8805
8767
8542
8042
7424
6736
5641
4552
3465
2625
1837
1236
607
130
-307
-421
-703
-1030
-1500
-1929
-2172
-2708
-2833
-3034
-2989
-3022
-2948
-2776
-2624
-2436
-2391
-2557
-2835
-3126
-3418
-3653
-4270
-4744
-5351
-5878
-6181
-6393
-6505
-6813
-6931
-6853
-6713
-6443
-6394
-6364
-6288
-6254
-5921
-5726
-5561
-5255
-4720
-3803
-2853
-1603
-254
1208
3264
5366
7350
8692
9690
10719
11486
11761
11334
10575
9665
8785
8007
7284
6334
5583
4727
3863
3016
2120
1372
137
-1295
-2824
-4155
-5220
-6330
-7101
-7690
-8014
-7691
-7103
-6070
-5082
-3969
-2822
-1859
-798
76
1023
1872
2811
3923
4865
5732
6696
7610
8460
8749
8873
8557
8086
7455
6611
5765
4438
3459
2335
1665
950
531
232
-245
-349
-719
-780
-1203
-1568
-1928
-2424
-2694
-2861
-2772
-2630
-2585
-2243
-2010
-1775
-1547
-1745
-1867
-2480
-2938
-3498
-4220
-4785
-5557
-6084
-6610
-6862
-6773
-6901
-7063
-7061
-7114
-6789
-6844
-6857
-6884
-7218
-6874
-6951
-6494
-6347
-6069
-5047
-4454
-2831
-1657
-106
1722
3500
6103
7615
9046
10010
10794
11851
11608
11439
10576
9618
9156
8071
7692
6563
5850
5142
3947
3478
2182
1544
96
-1606
-2879
-4552
-5361
-6661
-7347
-7825
-8192
-7500
-7012
-5801
-4799
-3807
-2511
-1761
-570
184
1104
2045
2799
3999
4716
5779
6816
7649
8367
8476
8581
8299
7721
7005
5987
4951
3751
2582
1743
869
323
-82
-518
-652
-975
-936
-1239
-1630
-1878
-2390
-2504
-2943
-2904
-2818
-2741
-2338
-2216
-1662
-1489
-1355
-1345
-1815
-2115
-2755
-3241
-3969
-4819
-5400
-6137
-6429
-6746
-7035
-7213
-7474
-7382
-7248
-7250
-7313
-7514
-7508
-7535
-7453
-7160
-7231
-6983
-6608
-5813
-4480
-3274
-1811
-478
1387
3789
6154
8246
9193
10194
11179
11895
12244
11654
10890
9851
9101
8399
7747
7103
6194
5361
4377
3492
2694
1896
472
-1283
-2997
-4477
-5510
-6492
-7331
-8011
-8232
-7893
-7006
-5809
-4709
-3625
-2583
-1624
-595
579
1556
2459
3253
4008
5098
6150
7248
7982
8358
8506
8388
8284
7654
6799
5782
4363
3219
2064
1203
567
-228
-591
-1109
-1067
-1127
-1209
-1306
-1961
-2121
-2548
-2603
-2749
-2785
-2658
-2601
-2117
-1750
-1136
-822
-777
-873
-1267
-1613
-2106
-2737
-3522
-4545
-5166
-5793
-6025
-6151
-6550
-6523
-6901
-6722
-6693
-6835
-6867
-7509
-7470
-7837
-7611
-7293
-7456
-6933
-6877
-5641
-4344
-2996
-1494
-464
1696
3724
6258
8054
8970
10157
10854
11874
12071
11777
11169
10212
9636
8712
8277
7543
6644
5812
4584
3849
2982
2249
913
-779
-2268
-3824
-4723
-5788
-6673
-7207
-7634
-7310
-6697
-5605
-4512
-3514
-2385
-1657
-493
609
1699
2739
3416
4278
5246
6393
7330
8025
8398
8404
8313
7996
7380
6605
5597
4335
3082
2081
1206
673
39
-559
-890
-1135
-1081
-1347
-1507
-2005
-2331
-2533
-2906
-2840
-2872
-2651
-2512
-2208
-1783
-1288
-843
-788
-928
-1318
-1700
-2209
-2703
-3459
-4246
-4910
-5583
-5814
-5979
-6084
-6281
-6606
-6623
-6710
-6686
-6896
-7435
-7625
-7962
-7833
-7845
-7943
-7534
-7112
-5679
-4505
-2992
-1368
370
3091
5270
7470
8710
9867
11049
11656
12145
11677
11159
10510
9809
9314
8678
8143
7517
6693
5896
4875
4151
3128
1656
78
-1810
-3286
-4720
-5843
-6880
-7671
-7960
-7920
-7185
-6237
-5193
-4033
-3086
-2112
-1009
108
1214
2046
2964
3795
5064
6421
7383
8212
8602
8960
9116
8894
8237
7302
6225
4977
3639
2619
1475
715
8
-779
-994
-1253
-1102
-1441
-1751
-2157
-2535
-2554
-3053
-3230
-3385
-3388
-3095
-2798
-2331
-1877
-1436
-1162
-1287
-1320
-1593
-1931
-2372
-3142
-3891
-4489
-4972
-5357
-5640
-6065
-6217
-6490
-6430
-6661
-6769
-6742
-7270
-7241
-7710
-7731
-7758
-7895
-7522
-7184
-5950
-4764
-3449
-1703
223
2960
5612
7147
8661
9652
10989
12046
11759
11697
10294
10291
9657
9016
9051
7602
7849
6559
6142
5442
4282
3887
1520
368
-1742
-3322
-4156
-6046
-6702
-7974
-8081
-7588
-7242
-5838
-5598
-4110
-3267
-2463
-995
-555
818
1170
2078
2981
4155
6014
6557
7548
7935
8449
9256
8780
8318
7058
6136
5081
3649
2901
1250
689
-195
-921
-879
-1161
-803
-1321
-1498
-1841
-2117
-1960
-2827
-3087
-3605
-3818
-3460
-3330
-2717
-2600
-1955
-1852
-1683
-1323
-1585
-1590
-2373
-3112
-3959
-4383
-4750
-5263
-5729
-6560
-6885
-6875
-6809
-6930
-7115
-7545
-7814
-7853
-7902
-7908
-8177
-8289
-8158
-7245
-5990
-4755
-3100
-1586
874
3624
6011
7926
9147
10645
11636
12324
12316
11721
11369
10644
10029
9545
8860
8506
7823
7038
6203
5188
4487
3013
1495
-387
-2343
-3734
-5417
-6508
-7598
-8353
-8419
-8254
-7401
-6602
-5588
-4484
-3713
-2634
-1822
-836
112
712
1692
2643
4175
5678
6908
7934
8582
9429
9608
9508
8728
7708
6489
4980
3642
2197
1330
142
-485
-1112
-1312
-1007
-1006
-845
-1321
-1289
-1599
-1821
-2164
-2838
-3018
-3398
-3300
-3102
-2706
-2247
-1998
-1582
-1563
-1401
-1362
-1861
-2336
-3230
-3782
-4420
-4955
-5449
-5999
-5998
-6368
-6351
-6501
-6607
-6399
-6388
-6534
-7107
-7343
-7467
-7538
-7706
-8231
-8057
-7282
-5921
-4576
-3142
-1235
1172
4408
6561
8478
9828
11155
12429
12581
12663
11687
11324
10586
9754
9494
8574
8453
7789
7014
6404
5351
4860
3181
1568
-276
-2435
-3601
-5649
-6706
-7840
-8503
-8291
-8229
-7096
-6380
-5045
-3911
-3295
-2196
-1556
-540
221
672
1587
2489
4098
5479
6677
7776
8431
9384
9539
9312
8573
7451
6265
4746
3353
2038
1000
59
-641
-1092
-1155
-982
-818
-930
-1317
-1396
-1724
-1946
-2521
-3151
-3369
-3653
-3344
-3191
-2665
-2246
-1955
-1478
-1631
-1379
-1618
-2114
-2784
-3701
-4105
-4666
-4967
-5503
-5898
-5941
-6172
-6051
-6116
-6351
-6451
-6660
-6896
-7246
-7434
-7658
-7947
-8050
-8320
-7942
-7282
-6107
-4802
-3188
-1304
902
3981
6013
8261
9567
10925
11988
12271
12621
11694
11574
10606
10018
9740
8859
8758
8001
7363
6644
5691
5102
3378
1994
89
-2061
-3345
-5510
-6437
-7737
-8363
-8432
-8291
-7142
-6550
-5055
-4108
-3269
-2177
-1545
-565
172
835
1718
2557
4138
5362
6907
8020
8649
9701
9610
9716
8798
7895
6513
4833
3669
1895
1184
15
-690
-1003
-1375
-911
-975
-750
-1109
-1429
-1443
-2217
-2364
-3102
-3469
-3641
-3805
-3332
-3125
-2319
-1989
-1569
-1374
-1512
-1435
-1860
-2424
-3268
-4008
-4814
-5388
-5770
-6149
-6417
-6726
-6911
-7003
-7012
-7114
-7356
-7655
-7997
-8205
-8103
-8387
-8329
-8136
-7465
-6263
-5155
-3458
-1935
537
3074
5488
7591
8903
10549
11761
12566
12712
12314
11819
11229
10619
10101
9278
8688
7960
7134
6466
5456
4700
3468
1928
281
-1519
-3008
-4648
-6065
-7144
-8216
-8421
-8412
-7755
-6848
-5937
-4644
-3757
-2512
-1573
-563
275
841
1695
2637
3925
5306
6593
7797
8710
9576
10106
9976
9477
8231
6992
5328
3818
2322
901
-67
-1145
-1390
-1690
-1414
-1123
-1060
-928
-1189
-1004
-1348
-1721
-2213
-2858
-2893
-3100
-2791
-2519
-2158
-1604
-1443
-965
-1068
-1126
-1525
-2392
-3030
-3889
-4457
-5178
-5782
-6125
-6463
-6443
-6459
-6491
-6353
-6630
-6648
-6821
-7187
-7394
-7888
-8080
-8593
-8881
-8886
-8528
-7287
-6072
-4828
-3082
-986
2161
5020
6998
8706
9711
11451
12071
12493
12240
11168
11035
9935
9800
9366
8853
8766
7696
7461
6601
6002
5270
3132
1777
-703
-2383
-3935
-5826
-6678
-8348
-8395
-8661
-7938
-6693
-6059
-4449
-3967
-2867
-1922
-1130
-117
-35
665
1195
2492
4328
5461
7141
8026
9202
10206
10398
10466
9369
8352
6691
4919
3800
2121
1307
65
-927
-914
-1221
-426
-816
-755
-1040
-1568
-1265
-2367
-2449
-3413
-3856
-3881
-4116
-3304
-3099
-2232
-1902
-1698
-1137
-1243
-1121
-1784
-2631
-3462
-4290
-4797
-5439
-5795
-6252
-6403
-6590
-6533
-6679
-6697
-6825
-7349
-7597
-8333
-8417
-8615
-8879
-8957
-9270
-8471
-7491
-6031
-4251
-2887
-105
2412
5378
7556
9002
10941
11780
12948
12615
12363
11933
11310
10876
10042
9610
9077
8811
8087
7360
6425
5692
4393
2711
792
-1330
-2987
-4923
-6531
-7779
-8790
-9017
-8957
-8214
-7253
-6150
-4526
-3736
-2362
-1591
-542
383
830
1690
2263
3807
4989
6644
8095
9164
10188
10744
10727
10401
9415
7990
6193
4196
2811
1123
484
-967
-1453
-1634
-1803
-1023
-1301
-848
-1395
-1385
-1761
-2553
-2655
-3725
-3798
-4204
-4193
-3567
-3179
-2128
-1965
-1278
-1150
-1133
-819
-1825
-2178
-3396
-4034
-4724
-5357
-5441
-6228
-6047
-6402
-6347
-6062
-6490
-6365
-6670
-7128
-7253
-8010
-7814
-8613
-8756
-8884
-9216
-7578
-7153
-5112
-3844
-1508
1743
4425
7237
8523
10461
11743
12679
12877
12556
11613
11358
10378
9939
9547
8778
9026
7808
7776
6584
6219
5349
3233
1872
-869
-2519
-4415
-6277
-7468
-9006
-9218
-9258
-8665
-7327
-6653
-4661
-3947
-2762
-1630
-1023
280
219
1224
1420
2657
4131
5188
7047
7955
9319
10121
10317
10382
9724
8842
7208
5216
3911
2125
1377
213
-886
-1047
-1563
-873
-1031
-825
-964
-1491
-1462
-2504
-2687
-3276
-3902
-3939
-4411
-3879
-3495
-2679
-2006
-1976
-1280
-1420
-1098
-1500
-2398
-3012
-4167
-4705
-5633
-5991
-6482
-6822
-6793
-7113
-7045
-6954
-6788
-7057
-7468
-8194
-8324
-8457
-8501
-8618
-8700
-7834
-6949
-4875
-3292
-930
1936
4567
7070
8605
10561
12038
13121
13072
12509
11898
11680
11185
10777
10077
9262
9283
8399
8162
7016
6262
5111
2945
1302
-1272
-2798
-4829
-6894
-8239
-9845
-9890
-9809
-9233
-8215
-7562
-5755
-4709
-3371
-2193
-1520
-256
-39
839
1661
2812
4684
5844
7422
8466
9769
10996
11082
11036
9822
8731
7206
5306
3827
2088
943
-300
-1085
-1386
-1385
-948
-966
-1121
-1167
-1415
-1493
-2146
-2907
-3635
-4213
-4278
-4404
-3935
-3601
-2916
-2252
-1811
-1289
-910
-843
-1331
-2048
-2947
-3627
-4237
-4965
-5798
-6410
-6716
-6723
-6622
-6716
-6985
-6907
-7204
-7486
-7815
-8198
-8401
-8877
-8986
-9046
-8079
-6848
-5383
-3791
-1906
818
4047
6825
8418
10062
11220
12607
13047
12835
12285
11364
11138
10135
9964
9482
8913
8818
7594
7100
6121
5384
4106
1742
-25
-2565
-3995
-5666
-7396
-8276
-9418
-9262
-8946
-8014
-6815
-5805
-4305
-3692
-2636
-1625
-958
-67
81
760
1543
2932
4484
5857
7690
8768
10042
10631
10674
10539
9561
8280
6159
4382
2816
1525
764
-522
-1000
-1156
-914
-389
-372
-195
-615
-763
-1301
-2138
-2485
-3450
-3794
-4236
-4312
-3778
-3305
-2350
-2235
-1708
-1423
-1434
-1303
-2210
-2968
-4003
-4830
-5435
-6070
-6461
-6830
-6877
-6633
-6683
-6488
-6307
-6626
-6625
-7399
-7776
-8175
-8572
-8805
-9238
-8866
-8161
-6816
-5127
-3452
-1253
1983
4434
7157
8561
10037
11688
11991
12882
11737
11807
11110
10540
10691
9614
9970
9326
8884
8389
7177
6785
5309
3637
1675
-1069
-2432
-4833
-6244
-7795
-9200
-9196
-9564
-8418
-7945
-6627
-5323
-4418
-3159
-2533
-1466
-723
-344
294
739
2144
3540
5012
6673
7778
9633
10333
11188
10948
10367
9505
7759
6271
4219
2909
1488
432
-416
-884
-859
-594
-471
-409
-589
-752
-1047
-1738
-2443
-3262
-3770
-4232
-4342
-4312
-3841
-3288
-2540
-2233
-1784
-1498
-1452
-1490
-2338
-2983
-3931
-4479
-5186
-5978
-6393
-6809
-6770
-6831
-7126
-7001
-7180
-7104
-7433
-7968
-8220
-8823
-8615
-8903
-8400
-7750
-6848
-5131
-3583
-954
1678
4705
6894
8419
10216
11507
12928
12884
12462
11664
11004
10894
10136
10083
9058
8780
8210
7391
7046
5749
5120
3008
1089
-965
-3023
-4247
-6397
-7751
-9089
-9762
-9294
-8961
-7779
-6940
-5723
-4193
-3357
-1775
-1118
-226
263
439
1458
2149
3774
4830
6199
7842
9171
10640
11008
11122
10591
9617
8212
6190
4338
2497
963
-304
-1339
-1770
-1710
-1434
-1056
-757
-453
-230
-261
-652
-1396
-2052
-2722
-3269
-3582
-3739
-3562
-3088
-2592
-2126
-1649
-1340
-1280
-1555
-2203
-2996
-3737
-4559
-5444
-6335
-6804
-7158
-7092
-7148
-7431
-7163
-7364
-7152
-7408
-7709
-7837
-8374
-8251
-8776
-8400
-7733
-7086
-5558
-4609
-2644
-368
2304
5182
6836
8718
9915
11338
12538
12409
12480
11614
11055
10683
9984
9875
8983
8568
7693
6729
6302
5041
4313
2439
477
-1289
-3200
-4431
-6195
-7262
-8351
-8879
-8557
-8218
-7119
-6106
-5020
-3868
-2986
-1796
-931
-123
365
667
1564
2425
3841
5126
6494
8015
9256
10265
10659
10848
10294
9257
7679
5820
4134
2550
1213
-100
-937
-1403
-1393
-1044
-902
-624
-529
-479
-659
-1105
-1624
-2367
-2886
-3495
-3786
-3783
-3564
-3139
-2869
-2521
-2298
-1922
-1893
-2215
-2719
-3696
-4396
-5201
-5698
-6133
-6662
-6861
-7386
-7196
-7020
-6832
-6706
-7416
-7612
-8087
-8200
-8282
-8775
-8369
-8357
-7207
-5957
-4549
-2049
-98
3113
5209
7218
9104
10265
12168
12192
12357
11808
11041
11195
10339
10340
9643
9054
9072
8015
8027
6851
5886
4668
2351
1072
-1413
-2835
-4802
-6694
-7597
-9016
-8829
-8951
-8344
-7362
-6704
-5174
-4410
-3126
-2146
-1495
-540
-411
540
1314
2496
3965
5104
6820
7999
9646
10615
10943
11157
10167
9339
7549
5832
4043
2048
804
-1121
-1610
-2330
-2287
-1938
-2083
-1466
-1653
-990
-1312
-1513
-1971
-2903
-3038
-3759
-3724
-3842
-3664
-3206
-3019
-2253
-2104
-1598
-1468
-2050
-2230
-3310
-3715
-4557
-5110
-5673
-6616
-6453
-6999
-6612
-6796
-6980
-6945
-7343
-7335
-7980
-8199
-8680
-8756
-8349
-7801
-6758
-5438
-3560
-1378
1351
3832
6185
8052
9424
10811
11502
12026
11706
11323
10863
10161
10144
9605
9456
9051
8418
8043
7109
6486
5117
3578
1879
-248
-1814
-3723
-5153
-6458
-7564
-7966
-8155
-7564
-6949
-6125
-5228
-4392
-3287
-2501
-1663
-1132
-642
12
737
2039
3244
4766
6009
7325
8797
9717
10564
10272
9759
8734
7312
5950
4027
2490
826
-517
-1239
-2039
-1906
-1863
-1759
-1306
-1499
-877
-1086
-1068
-1471
-2384
-2502
-3452
-3200
-3565
-3557
-3295
-3324
-2575
-2510
-1934
-1913
-2003
-2331
-3083
-3523
-4146
-4731
-5472
-6080
-6494
-6575
-6495
-6566
-6604
-6738
-6738
-6784
-7285
-7682
-8535
-8703
-8862
-8647
-7613
-7161
-5178
-3788
-856
2163
4478
7229
8078
10439
11159
12195
12509
11460
11593
10282
10390
9937
9572
9685
8752
8748
7860
7253
6808
4966
3695
1157
-721
-2367
-4411
-5457
-7379
-7902
-8580
-8361
-7475
-7100
-5876
-5252
-4377
-3477
-2801
-1953
-1606
-1126
-692
66
1710
3016
4878
6453
8061
9511
10732
11516
11426
10980
9418
7878
5917
4235
2370
726
-812
-2128
-2367
-2624
-2235
-1977
-1804
-1624
-1566
-1396
-1628
-1875
-2535
-3437
-3669
-4069
-3823
-3623
-3295
-2913
-2523
-1634
-1545
-929
-1331
-1789
-2394
-3316
-3742
-4885
-5333
-6380
-6776
-6846
-7293
-6942
-7395
-7409
-7516
-7770
-7565
-8172
-8153
-8473
-8493
-7649
-7373
-5743
-4577
-2767
-113
2148
5338
7045
9276
10770
11754
12945
12487
12600
11723
11046
10520
9609
9344
8497
7998
7372
6407
5882
4729
3626
2116
189
-1278
-3149
-4427
-5889
-6981
-7637
-8070
-7647
-7242
-6344
-5453
-4504
-3479
-2636
-1742
-1112
-540
-45
514
1577
2744
4162
5382
6803
8348
9515
10550
10580
10385
9482
8306
6906
4920
3380
1316
-81
-1331
-2236
-2365
-2708
-2242
-2269
-1770
-1343
-1248
-972
-1534
-1676
-2360
-2708
-2965
-3241
-3099
-3208
-2771
-2465
-1939
-1478
-1443
-1404
-1797
-2127
-2694
-3374
-4029
-5102
-5697
-6391
-6640
-6860
-7206
-7272
-7673
-7461
-7573
-7536
-7615
-8145
-8330
-8640
-8296
-7790
-7265
-6156
-5184
-3164
-681
2043
4942
6543
8701
10000
11535
12481
12153
12240
10873
10701
9744
9284
9157
8081
8125
6820
6712
6037
5209
4541
2308
1123
-916
-2189
-3440
-5163
-5755
-7131
-7041
-6937
-6514
-5281
-4991
-3695
-3355
-2358
-1418
-1113
-240
-588
61
684
1859
3526
4582
6310
7529
9069
10357
10734
11010
9976
8784
7147
5190
3727
1694
241
-1481
-2422
-2632
-2734
-2100
-2059
-1606
-1266
-922
-664
-890
-1061
-1768
-2358
-2898
-3227
-3093
-2996
-2804
-2652
-2228
-1748
-1363
-1306
-1801
-2293
-3092
-3759
-4632
-5346
-5970
-6590
-6714
-7153
-6952
-6957
-6921
-6960
-7324
-7313
-7655
-7585
-7964
-8261
-8293
-8188
-7474
-6693
-5466
-4172
-2262
69
2731
5326
7250
9146
10506
11827
12429
12484
12320
11399
11066
10040
9565
9111
8207
7960
6696
6432
5422
4572
3767
1804
900
-1150
-2312
-3678
-5174
-5638
-6915
-6821
-7021
-6553
-5478
-5127
-3775
-3397
-2385
-1467
-1149
-301
-442
349
858
1938
3443
4359
6125
7187
8717
9696
10115
10176
9176
8273
6531
4994
3258
1472
51
-1433
-2104
-2573
-2423
-2200
-1893
-1456
-1227
-776
-784
-848
-1205
-1708
-2236
-2781
-2798
-2919
-2641
-2474
-2368
-1957
-1800
-1394
-1627
-1872
-2391
-3146
-3554
-4385
-4722
-5341
-5849
-6129
-6417
-6304
-6241
-6300
-6440
-6745
-6891
-7089
-7472
-7478
-8261
-8432
-8757
-8578
-7677
-6891
-5369
-4315
-1996
457
3378
5992
7795
9477
10634
11874
12253
12397
11636
10976
10168
9404
9125
8503
8262
7522
7046
6499
5823
5543
4141
2788
1044
-829
-2112
-3769
-4763
-6192
-6899
-7139
-7148
-6117
-5515
-4457
-3700
-3029
-2068
-1454
-666
-389
-251
50
545
1972
3103
4502
5886
7073
8633
9618
10262
9933
9267
8092
6319
4816
2857
1197
-184
-1561
-2218
-2605
-2107
-1794
-1355
-888
-808
-113
-324
-372
-1052
-1779
-2276
-2865
-2885
-3304
-2984
-2948
-2722
-2115
-1903
-1560
-1709
-1998
-2603
-3110
-3481
-4365
-4897
-5556
-5948
-5928
-5842
-5868
-6021
-6098
-6338
-6319
-6574
-6861
-7487
-7808
-8164
-8336
-8102
-8171
-7303
-6634
-5448
-3937
-2128
442
2780
5291
6816
8368
9968
10949
11802
11591
11094
10401
10028
9608
9102
8769
8020
7592
7065
6775
6254
5678
4597
3002
1674
-52
-1363
-2859
-4428
-5695
-6771
-7143
-7145
-6606
-5887
-5247
-4175
-3374
-2456
-1377
-879
-274
-28
301
886
1847
3352
4635
6279
7433
8470
9521
10070
10047
9288
7868
5994
4539
2863
1681
249
-799
-1712
-2035
-1535
-1506
-601
-752
-545
-589
-750
-839
-1575
-2035
-3257
-3619
-3953
-3851
-3303
-3039
-2637
-2358
-1782
-1480
-1291
-1486
-2422
-2996
-3810
-4390
-4726
-5441
-5827
-6400
-6193
-6219
-6168
-6087
-6933
-6925
-7400
-7816
-8037
-8815
-8751
-9195
-8794
-8390
-7801
-6004
-5202
-3009
-1342
1079
4033
5959
8115
9037
10557
11421
11819
11972
11042
10636
10326
9684
9687
9091
8797
8430
7743
7560
6331
6067
4474
2696
1151
-1218
-2394
-4375
-5699
-7065
-8181
-7985
-8222
-7264
-6564
-5811
-4422
-3898
-2556
-1861
-1120
-508
-442
111
212
1158
2049
2890
4394
5497
6697
8020
9141
9714
9689
9143
7732
6635
5332
3870
2076
789
-510
-1256
-813
-1382
-688
-858
-399
-206
-247
236
-817
-596
-2006
-2474
-2833
-3575
-3110
-3709
-3424
-3513
-2919
-2375
-2357
-1593
-2354
-2427
-2601
-3253
-3438
-4154
-4542
-5728
-5714
-5979
-6332
-5931
-6746
-6804
-7246
-7095
-7262
-7505
-7350
-8133
-7488
-7509
-6826
-5787
-5217
-3754
-2930
-868
836
3218
5188
6211
8106
8821
10247
10950
11111
10883
10407
10525
9804
9995
9670
9018
8804
7924
7443
6485
5690
4194
2170
613
-1652
-2947
-4589
-6095
-7136
-8172
-8089
-8036
-7234
-6538
-5753
-4603
-3983
-2668
-1774
-1046
-346
-24
719
1587
2858
3768
4620
5634
6515
7598
8440
8568
8401
7978
7275
6512
5581
4567
3300
2295
1237
643
285
-14
-420
-846
-1138
-1423
-1404
-1937
-2264
-2893
-3287
-3526
-3642
-3500
-3520
-3173
-3123
-2824
-2367
-2065
-1870
-2031
-2372
-2614
-2787
-2953
-3471
-3938
-4496
-4872
-4944
-5244
-5570
-6121
-6517
-6947
-7064
-7218
-7475
-7630
-7843
-7624
-7297
-6662
-5999
-5226
-4160
-3207
-1616
7
1903
3786
5131
6667
7696
9129
9988
10515
10762
10315
10347
9979
9937
9627
8994
8456
7569
6999
6258
5230
4131
2418
875
-768
-2421
-3709
-5337
-6431
-7556
-8118
-8074
-7893
-7100
-6526
-5669
-4678
-3740
-2542
-1643
-837
-230
199
1141
2053
3313
4514
5301
6243
7138
8288
9059
9329
9008
8249
7554
6932
5955
4945
3745
2348
1589
744
585
148
-239
-613
-1405
-1296
-1849
-1882
-2484
-3325
-3633
-4356
-3983
-4083
-3700
-3553
-3514
-2799
-2699
-1833
-1804
-1954
-2258
-2745
-2750
-3186
-3152
-3854
-4356
-4544
-4865
-4820
-5104
-5370
-5960
-6290
-6459
-6750
-6737
-6969
-7180
-7133
-7018
-6512
-5927
-5058
-4267
-3329
-1998
-554
1554
3278
5052
6380
7669
8939
10045
10941
10865
11049
10481
10364
10013
9694
9160
8172
7627
6177
5687
4515
3306
1923
21
-1341
-3199
-4173
-5565
-6783
-7437
-8412
-8268
-8152
-7571
-6645
-6139
-4922
-4270
-3003
-1966
-1289
-297
-145
902
1672
2755
4145
5019
6294
7318
8758
9741
10275
10372
9763
9219
8313
7265
5746
4479
2789
1698
811
31
-125
-1000
-893
-1734
-1509
-1703
-2105
-2125
-3361
-3221
-4232
-4129
-4328
-4561
-4115
-4420
-3582
-3537
-2745
-2219
-2322
-2013
-2552
-2528
-2897
-3171
-3527
-4334
-4489
-5130
-5078
-5216
-5342
-5509
-5980
-5939
-6218
-6012
-6184
-6263
-6306
-6355
-5917
-5683
-4935
-4292
-3543
-2506
-1356
536
2268
4289
5804
7090
8612
9735
10894
11065
11175
10668
10285
9965
9341
8892
7838
7130
5970
5120
4212
3055
1899
133
-1401
-3032
-4332
-5500
-6857
-7810
-8653
-8865
-8592
-8114
-7204
-6420
-5242
-4186
-3011
-1774
-865
34
403
1125
1885
2985
4080
4847
5924
7094
8751
9758
10279
10460
10130
10010
9188
7971
6533
4843
3715
2162
1310
367
-472
-585
-1566
-1449
-1957
-1908
-2126
-2946
-3087
-4118
-3889
-4411
-4480
-4473
-4703
-3932
-3714
-2935
-2557
-2110
-1791
-1897
-1751
-2201
-2383
-2707
-3439
-3986
-4551
-4714
-5056
-5113
-5426
-5675
-5583
-5853
-5754
-6010
-5887
-6102
-6123
-6018
-6078
-5310
-5187
-4472
-3978
-3191
-1752
-553
1416
2778
4761
6307
7650
9304
9926
10861
10812
10663
10124
9521
9181
8190
7634
6520
5644
4880
3988
3166
1930
799
-685
-2096
-3438
-4858
-5905
-7073
-7919
-8431
-8510
-7913
-7266
-6314
-5434
-4274
-2959
-1917
-761
-134
642
1275
1924
2780
3674
5070
6074
7233
8167
9341
10373
10826
10797
9895
9176
8105
7084
5509
3948
2460
1117
395
-415
-773
-1221
-1450
-1858
-2087
-2184
-2452
-2715
-3391
-3991
-4381
-4428
-4327
-4186
-3942
-3644
-3082
-2508
-2048
-1613
-1635
-1778
-2125
-2408
-2734
-3067
-3481
-4345
-4652
-4877
-4852
-4849
-5203
-5494
-5748
-5498
-5539
-5831
-6084
-6497
-6336
-6225
-6197
-5958
-5485
-4561
-3664
-2603
-1288
545
2746
4655
6089
7526
8831
10146
10986
10896
10715
10168
9729
9103
8296
7590
6548
5816
4732
3637
2995
1814
778
-788
-2287
-3515
-4858
-5642
-7020
-7670
-8177
-8297
-7718
-7321
-6248
-5413
-4316
-3303
-2451
-1214
-482
324
780
1203
2377
3423
4834
5751
6725
7957
8986
10204
10356
10416
10016
9188
8397
7109
5978
4616
3266
1942
621
91
-412
-842
-1300
-1976
-2162
-2310
-2342
-2698
-3130
-3463
-3737
-3632
-3537
-3260
-2965
-2685
-2434
-2030
-1686
-1480
-1432
-1837
-2167
-2504
-2765
-3140
-3527
-3782
-4196
-4156
-4231
-4294
-4081
-4206
-4347
-4700
-5070
-5273
-5677
-5895
-6490
-6757
-6488
-6317
-5567
-5291
-4670
-3750
-2731
-1426
-294
1067
2543
4119
5559
6799
7723
8926
9219
9636
9411
8744
8756
7776
7426
6186
5349
4691
3500
3196
1709
939
90
-1197
-1683
-3066
-3539
-4389
-5261
-5505
-6375
-5886
-5996
-5589
-5005
-4762
-3419
-2792
-1717
-963
-374
660
1055
2115
2822
3865
5209
5852
7035
7642
8665
9243
9324
9184
8403
8019
7135
6251
5170
4017
2962
1995
1139
528
-11
-381
-817
-1274
-1449
-1690
-1743
-2172
-2547
-3017
-3177
-3133
-3059
-2998
-2944
-2714
-2495
-2137
-2092
-2009
-2207
-2406
-2711
-2962
-3055
-3134
-3161
-3430
-3554
-3623
-3499
-3560
-3693
-4076
-4466
-4717
-5161
-5283
-5576
-5735
-5951
-6128
-6019
-5796
-5187
-4827
-4483
-3939
-3259
-2322
-1171
-173
1140
2442
3824
5119
6092
7331
7854
8504
8273
7800
7451
6711
6330
5337
4593
3772
3190
2851
2278
1883
1324
651
2
-931
-1833
-2610
-3575
-4357
-5236
-5693
-5863
-5672
-5078
-4648
-3756
-2857
-1864
-772
85
924
1470
2051
2570
3273
4208
5046
5827
6502
7200
7895
8477
8569
8289
7696
7032
6251
5368
4375
3346
2382
1535
850
397
190
-104
-234
-634
-811
-979
-1164
-1482
-2068
-2478
-2956
-3037
-3147
-3156
-3125
-2943
-2731
-2486
-2156
-2085
-1944
-2108
-2374
-2597
-2823
-2868
-3118
-3274
-3468
-3680
-3468
-3710
-3680
-3888
-4164
-4232
-4662
-4606
-4946
-4816
-4913
-5134
-4880
-4958
-4432
-4162
-3767
-3334
-2878
-2042
-1471
-469
453
1461
2629
3339
4192
4808
5471
5905
5860
5754
5149
5062
4718
4349
4144
3449
3310
2860
2715
2340
1772
1404
332
-295
-1312
-2210
-2790
-3682
-4078
-4622
-4558
-4285
-3877
-3007
-2609
-1680
-1052
-410
334
661
1260
1398
1841
2310
2960
3914
4507
5381
6003
6637
7293
7448
7442
7050
6586
6008
5264
4605
3714
3059
2461
1874
1609
1301
1109
877
546
250
-194
-516
-1076
-1703
-2200
-2743
-2901
-3047
-3015
-2904
-2735
-2345
-2055
-1718
-1554
-1522
-1604
-1850
-2051
-2299
-2526
-2763
-3088
-3276
-3394
-3407
-3457
-3574
-3703
-3782
-3808
-3843
-3880
-4049
-4009
-4175
-4113
-4074
-3981
-3621
-3739
-3379
-3469
-3149
-2680
-2588
-2001
-1956
-1097
-312
642
1812
2207
3213
3706
4358
4946
4832
4950
4485
4348
4131
3723
3670
3027
2719
2278
1740
1575
948
490
-268
-1052
-1537
-2119
-2280
-2694
-2876
-2876
-2837
-2270
-1759
-1147
-578
-102
380
854
1381
1723
1946
2234
2407
2892
3434
3968
4609
5091
5521
5736
6051
6074
6053
5783
5189
4592
3982
3460
2818
2243
1466
864
464
81
-169
-497
-863
-1221
-1493
-1666
-1903
-1977
-2218
-2330
-2272
-2155
-1794
-1560
-1221
-1166
-871
-833
-827
-898
-1347
-1610
-2127
-2356
-2754
-2877
-2991
-3222
-3125
-3252
-3151
-3015
-3022
-3037
-3258
-3359
-3435
-3581
-3533
-3984
-4152
-4343
-4562
-4311
-4572
-4395
-4549
-4380
-3810
-3500
-2595
-2222
-1364
-408
530
1764
2489
3318
3955
4387
4825
4842
4777
4579
4048
3879
3268
3056
2806
2321
2239
1635
1585
1179
855
586
-168
-343
-913
-1143
-1299
-1583
-1412
-1502
-1113
-768
-343
356
686
1182
1460
1726
2143
2325
2700
2828
3044
3478
3785
4533
4815
5290
5374
5392
5483
5171
5048
4199
3589
2610
1934
1361
693
226
-436
-731
-1048
-1063
-1050
-1101
-1138
-1241
-1338
-1182
-1157
-950
-1008
-939
-829
-680
-309
-326
-159
-465
-545
-871
-1079
-1444
-1824
-2086
-2546
-2568
-2833
-2699
-2758
-2716
-2799
-2947
-2950
-3134
-3278
-3610
-4055
-4367
-4680
-4970
-5106
-5497
-5452
-5702
-5493
-5398
-5271
-4698
-4638
-3691
-3294
-2412
-1449
-767
527
1187
2267
2956
3413
4157
4076
4349
4230
3744
3877
3154
3252
2812
2506
2701
2033
2529
1869
1883
1709
1019
1254
301
304
-222
-642
-395
-933
-319
-467
-81
561
505
1517
1418
2038
2220
2232
2785
2550
3276
3212
3460
3809
3840
4523
4589
4794
4659
4254
4187
3500
3119
2283
1370
688
-227
-520
-1039
-1208
-1464
-1582
-1456
-1233
-858
-602
-496
-461
-315
-262
48
21
115
58
118
284
323
504
344
220
11
-266
-421
-637
-987
-1373
-1866
-2124
-2403
-2578
-2871
-3401
-3726
-4175
-4393
-4692
-5108
-5569
-5987
-6155
-6285
-6244
-6460
-6557
-6695
-6478
-6245
-6031
-5635
-5570
-4627
-3974
-2752
-1791
-709
596
1595
2999
3511
4492
4695
5116
4970
4835
4641
4164
4277
3574
3701
3204
3311
3267
3085
3155
2540
2498
1893
1455
1034
283
-57
-642
-907
-896
-904
-341
-243
298
745
1183
1976
2093
2548
2544
2647
2765
2711
3070
3017
3177
3175
3187
3587
3812
3916
3598
3205
2828
2475
2070
1377
485
-164
-751
-1069
-1160
-1263
-1159
-1109
-814
-547
-16
372
619
645
659
707
877
1081
989
1064
851
1063
1152
1389
1374
1229
1041
552
401
10
-428
-1076
-1804
-2619
-3117
-3582
-4103
-4814
-5397
-5904
-6231
-6277
-6673
-6798
-7003
-7059
-7153
-7146
-7113
-7096
-6959
-6877
-6608
-6187
-5382
-4669
-3629
-2720
-1652
-244
784
2206
2936
3716
4318
4603
5195
4949
5214
4895
4607
4694
4202
4366
4013
3883
3688
3187
3246
2597
2319
1790
949
699
-58
-189
-562
-755
-531
-729
-77
82
665
1217
1360
2010
1906
2431
2475
2477
2507
2083
2376
2178
2452
2314
2138
2268
2266
2590
2364
2181
1876
1571
1444
999
519
55
-368
-499
-790
-692
-655
-496
-170
-90
351
617
1073
1238
1321
1433
1491
1723
1827
1839
1828
1815
1800
1822
1719
1539
1176
711
118
-408
-1004
-1660
-2392
-3123
-3881
-4445
-4898
-5446
-5839
-6311
-6569
-6863
-6906
-7062
-7099
-7028
-7133
-7012
-6976
-6695
-6519
-6295
-6090
-5837
-5238
-4551
-3809
-2945
-2130
-1014
260
1288
2437
3124
4048
4695
5178
5607
5356
5663
5330
5220
5105
4570
4656
4128
4177
3782
3435
3468
2666
2606
1811
1406
1062
323
271
-433
-233
-338
-244
215
221
1000
1187
1611
1869
1877
2155
1910
1849
1461
1226
1270
1021
1092
993
1179
1556
1900
2196
2138
2305
2247
2203
1950
1473
997
570
318
17
-52
-108
-7
153
438
833
1250
1616
1732
1888
1995
2099
2177
1984
1819
1645
1550
1435
1192
1062
677
419
-69
-678
-1120
-1761
-2281
-3063
-3698
-4269
-4820
-5038
-5584
-5848
-6105
-6263
-6211
-6457
-6309
-6447
-6246
-6182
-6302
-6075
-6237
-5825
-5881
-5729
-5571
-5461
-4732
-4526
-3567
-3051
-2082
-967
-182
1262
1833
3262
3725
4460
5065
4916
5694
5061
5534
4996
4854
4961
4178
4781
3900
4226
3764
3242
3359
2306
2630
1631
1373
1000
252
673
-131
268
1
16
553
198
916
448
731
701
215
542
-246
15
-443
-501
-164
-346
617
521
1174
1662
1942
2768
2608
3005
2773
2615
2758
2150
2276
1869
1653
1795
1297
1827
1627
2007
2214
1917
2468
1949
2514
2138
1910
1844
1120
1329
661
731
204
-157
-301
-1014
-1027
-1653
-1958
-2483
-3078
-3450
-4067
-4180
-4715
-5028
-5245
-5579
-5439
-5621
-5430
-5484
-5426
-5214
-5353
-4990
-5173
-5026
-5186
-5435
-5331
-5556
-5273
-5474
-5320
-5194
-4822
-4004
-3394
-2474
-1655
-658
421
1519
2474
3316
3882
4480
4666
5000
5197
5200
5398
5061
5181
4913
5057
5026
4766
4714
4196
4085
3619
3310
2895
2249
1835
1148
727
378
5
-167
-561
-630
-774
-798
-719
-969
-950
-1250
-1279
-1335
-1438
-1321
-1366
-1017
-701
-80
559
1051
1805
2340
3091
3693
4082
4238
4235
4287
4104
4026
3631
3209
2835
2591
2421
2282
2297
2003
2006
1810
1667
1669
1460
1319
828
582
206
31
-42
-512
-728
-1158
-1361
-1463
-1652
-1914
-2325
-2609
-2971
-3194
-3330
-3677
-3963
-4204
-4467
-4440
-4455
-4525
-4762
-4892
-5040
-5113
-5037
-5273
-5368
-5570
-5627
-5662
-5654
-5542
-5636
-5442
-5386
-5143
-4465
-3998
-3054
-2409
-1578
-416
499
2060
2606
3705
4266
4672
5703
5416
6146
5666
5776
5729
5197
5691
4824
5296
4791
4534
4619
3820
4036
3097
2746
2014
1090
833
-246
-435
-1079
-1521
-1480
-1994
-1636
-1887
-1665
-1568
-1745
-1364
-1715
-1270
-1396
-1276
-925
-796
84
520
1490
2096
2818
3726
4112
4822
4786
4786
4554
4128
3929
3333
3088
2516
2203
2007
1797
1947
1784
1781
1529
1355
1182
934
770
220
-86
-542
-758
-819
-997
-948
-1229
-1084
-1266
-1239
-1254
-1679
-1750
-2359
-2514
-2907
-3141
-3284
-3772
-3813
-4204
-4259
-4347
-4682
-4787
-5194
-5298
-5370
-5518
-5423
-5697
-5552
-5557
-5469
-5136
-5228
-4906
-4854
-4660
-4269
-4017
-3421
-3031
-2394
-1548
-829
472
1348
2391
3474
4024
5131
5382
6014
6125
6000
6335
5666
6021
5400
5276
5136
4429
4672
3769
3857
3184
2663
2422
1384
1379
348
16
-498
-1189
-1093
-1732
-1454
-1732
-1661
-1299
-1476
-808
-995
-575
-435
-365
132
-46
591
672
1237
1788
2094
2839
3071
3850
4183
4545
4772
4589
4709
4377
4273
3827
3356
2911
2322
2130
1687
1571
1250
981
808
522
529
237
145
-209
-467
-548
-784
-686
-915
-965
-1111
-1216
-1162
-1373
-1336
-1740
-2009
-2383
-2809
-3030
-3544
-3843
-4414
-4666
-4843
-4999
-4950
-5186
-5160
-5243
-5080
-4972
-4943
-4834
-4992
-4827
-4892
-4760
-4710
-4761
-4717
-4845
-4559
-4446
-3986
-3593
-3256
-2567
-1821
-767
264
1264
2203
3121
4072
4927
5459
6000
6029
6076
6066
5674
5603
5030
4695
4147
3660
3435
2863
2758
2160
1735
1457
865
704
196
-164
-465
-865
-889
-1187
-1078
-1080
-1156
-882
-980
-674
-528
-414
-268
-295
-44
-17
297
566
855
1423
1806
2400
2875
3499
3992
4335
4617
4469
4670
4466
4384
3982
3443
3085
2465
2400
1745
1547
1098
731
690
347
489
155
250
17
-72
81
-87
91
-194
-337
-615
-860
-1029
-1582
-1878
-2586
-3040
-3382
-3812
-3890
-4238
-4266
-4461
-4360
-4215
-4206
-4039
-4279
-4298
-4350
-4325
-4323
-4410
-4500
-4592
-4460
-4353
-4225
-4157
-4159
-4123
-4040
-3811
-3694
-3368
-3189
-2877
-2200
-1582
-435
360
1423
2258
3091
4208
4655
5449
5375
5351
5270
4797
4815
4127
3852
3251
2746
2774
2270
2517
2082
1891
1790
1344
1531
979
913
369
-66
-166
-680
-552
-937
-1006
-1044
-1167
-856
-887
-582
-535
-465
-166
-129
303
475
784
1134
1419
1958
2324
2911
3285
3699
4082
4281
4539
4534
4506
4203
3896
3373
2884
2463
1879
1580
1010
848
534
523
545
400
607
293
498
271
237
68
-352
-504
-1073
-1133
-1561
-1755
-1994
-2345
-2363
-2612
-2562
-2719
-2851
-2941
-3175
-3153
-3363
-3509
-3664
-3927
-3927
-4089
-4136
-4192
-4302
-4196
-4266
-4196
-4185
-4248
-4064
-4115
-3978
-3844
-3803
-3448
-3353
-2940
-2529
-2162
-1422
-1083
-246
380
1031
1931
2248
3061
3384
3829
4259
4152
4410
4104
4039
3940
3437
3448
2879
2778
2625
2221
2425
1898
2076
1702
1481
1446
872
946
248
43
-372
-768
-839
-1261
-1158
-1310
-1161
-925
-832
-316
-152
312
504
716
1068
1141
1629
1570
1932
2026
2300
2740
2909
3414
3451
3788
3833
3901
3944
3649
3432
2968
2499
2128
1637
1304
827
467
255
14
89
-97
-96
-175
-228
-217
-363
-483
-725
-922
-1179
-1427
-1650
-1832
-2042
-2175
-2340
-2455
-2464
-2597
-2641
-2768
-2891
-2985
-3227
-3348
-3653
-3803
-4013
-4282
-4298
-4501
-4400
-4375
-4276
-4019
-3901
-3517
-3349
-3075
-2789
-2763
-2413
-2460
-2225
-2051
-1909
-1426
-1264
-559
-114
693
1485
2087
2867
3306
3913
4248
4409
4357
4176
3916
3692
3294
3020
2687
2399
2334
2064
2133
1992
1892
1785
1414
1255
844
527
230
-324
-442
-880
-881
-844
-918
-526
-637
-159
-67
209
522
443
819
644
877
975
1041
1392
1395
1791
1928
2228
2562
2620
2998
2888
3069
2911
2849
2836
2586
2605
2047
2063
1615
1590
1356
943
887
277
469
-37
15
-180
-505
-297
-740
-387
-666
-643
-656
-1020
-821
-1318
-1273
-1626
-2000
-2137
-2708
-2725
-3161
-3299
-3578
-3875
-3905
-4146
-4092
-4275
-4299
-4370
-4343
-4263
-4172
-4023
-3989
-3820
-3686
-3403
-3102
-2887
-2629
-2433
-2094
-1698
-1406
-925
-721
-281
59
453
1040
1329
1841
2009
2352
2644
2914
3137
3182
3090
3016
2850
2747
2713
2272
2202
1581
1560
1347
1181
1255
704
893
502
660
720
510
670
227
322
262
212
436
76
264
143
248
599
483
915
767
998
1124
1194
1529
1400
1543
1464
1487
1685
1679
1839
1897
1927
2165
2204
2496
2548
2589
2571
2398
2377
2178
1922
1638
1247
961
774
443
466
87
217
20
39
193
-137
149
-386
-239
-612
-859
-999
-1614
-1577
-2215
-2284
-2584
-2877
-2856
-3336
-3284
-3586
-3655
-3664
-4059
-3932
-4344
-4211
-4300
-4404
-4156
-4387
-3968
-3992
-3591
-3233
-3038
-2435
-2256
-1636
-1253
-909
-397
-265
216
340
563
822
811
1191
1138
1438
1554
1681
1917
1918
2164
2099
2201
2045
1958
1787
1561
1410
1117
1054
740
725
646
666
870
724
896
789
894
1014
777
892
512
555
497
314
593
272
598
513
624
996
831
1339
1060
1312
1345
1228
1600
1281
1590
1334
1389
1520
1458
1792
1592
1766
1725
1849
2061
2082
2166
2010
1996
1840
1867
1633
1487
1136
832
751
407
589
107
235
-21
-114
51
-371
-40
-661
-615
-1039
-1371
-1350
-1975
-1927
-2516
-2640
-2756
-3038
-2888
-3248
-3231
-3380
-3577
-3416
-3728
-3575
-3814
-3814
-3712
-3716
-3325
-3300
-2830
-2672
-2190
-1856
-1469
-1044
-860
-387
-359
95
125
338
555
517
889
674
894
817
801
1011
740
981
757
845
957
888
1153
1074
1185
1206
1176
1321
1314
1275
1304
1045
1133
1023
997
1129
849
1023
800
919
1084
971
1227
933
1067
1119
1067
1388
1064
1229
1058
1049
1321
1089
1413
1076
1202
1279
1220
1594
1279
1542
1337
1414
1597
1420
1741
1342
1495
1282
1241
1396
1068
1231
772
878
758
729
808
422
438
59
32
-108
-340
-509
-917
-1041
-1215
-1251
-1276
-1429
-1484
-1582
-1574
-1593
-1623
-1787
-1991
-2227
-2464
-2572
-2801
-2864
-3137
-3186
-3233
-3226
-2984
-2990
-2755
-2707
-2550
-2300
-2164
-1897
-1795
-1673
-1419
-1309
-947
-724
-517
-124
-113
254
241
355
488
269
476
124
210
162
61
400
188
523
479
594
909
801
1197
952
1061
1024
846
1122
868
1100
936
954
1106
1106
1501
1423
1593
1531
1515
1735
1718
1855
1665
1536
1445
1375
1541
1398
1397
1176
1082
1197
1188
1410
1203
1262
1078
1136
1311
1233
1444
1123
1188
1018
1074
1212
1005
1107
702
726
720
639
846
484
461
189
110
288
6
150
-302
-415
-450
-662
-502
-874
-976
-1264
-1420
-1394
-1542
-1516
-1718
-1843
-1902
-1880
-1918
-1820
-1888
-2044
-1899
-2185
-1912
-2059
-2048
-1976
-2368
-1949
-2336
-1897
-1880
-2000
-1553
-1945
-1378
-1433
-1208
-945
-1158
-740
-935
-635
-499
-587
-317
-503
-347
-340
-276
-169
-188
-91
-167
-54
-1
143
228
336
353
348
561
567
825
868
833
957
896
1174
1181
1322
1275
1168
1350
1241
1525
1416
1474
1406
1402
1547
1482
1732
1496
1578
1472
1425
1571
1399
1499
1228
1185
1195
1047
1334
1099
1158
1136
982
1301
1102
1304
1105
944
1055
752
1039
755
624
591
213
475
209
317
187
-65
110
-193
71
-136
-253
-346
-644
-599
-766
-790
-942
-1128
-1207
-1317
-1300
-1274
-1381
-1401
-1509
-1512
-1442
-1402
-1394
-1463
-1558
-1630
-1648
-1639
-1673
-1787
-1845
-1939
-1848
-1746
-1632
-1572
-1540
-1505
-1379
-1213
-1080
-1002
-963
-950
-879
-711
-642
-457
-557
-430
-537
-373
-258
-273
-21
-312
-20
-135
108
333
272
598
359
688
748
897
1198
983
1199
1043
1218
1397
1370
1563
1308
1449
1365
1488
1568
1439
1457
1185
1300
1204
1369
1378
1241
1310
1060
1309
1264
1307
1325
948
1079
786
976
973
781
923
543
848
780
905
976
654
697
356
425
294
140
5
-278
-277
-295
-169
-121
-140
-201
-225
-217
-206
-236
-438
-622
-851
-956
-978
-1075
-1065
-1253
-1225
-1186
-1114
-880
-1025
-909
-1126
-1119
-1108
-1283
-1208
-1587
-1549
-1706
-1637
-1411
-1476
-1206
-1299
-1103
-914
-881
-639
-880
-839
-972
-1076
-909
-1157
-974
-1132
-1044
-786
-741
-294
-300
-111
-1
-98
167
-9
13
-53
-347
-84
-263
124
281
340
755
627
1157
1156
1335
1415
1165
1284
1033
1182
1117
1138
1179
1116
1316
1350
1645
1688
1798
1791
1649
1754
1535
1675
1494
1369
1376
1135
1405
1343
1522
1560
1349
1474
1207
1332
1194
939
821
364
352
126
135
43
-158
-201
-402
-274
-337
-229
-376
-480
-588
-750
-635
-843
-797
-1064
-1196
-1185
-1245
-970
-1041
-921
-959
-972
-759
-780
-669
-820
-1014
-1108
-1233
-1178
-1215
-1310
-1345
-1474
-1338
-1225
-1127
-984
-1116
-1037
-1051
-976
-824
-947
-915
-1098
-1161
-1054
-1185
-966
-1137
-1092
-976
-1039
-596
-729
-442
-510
-571
-292
-527
-181
-367
-393
-218
-430
19
-54
113
375
190
797
667
1067
1268
1102
1612
1273
1653
1557
1428
1653
1291
1596
1559
1605
1988
1808
2189
2195
2190
2508
2129
2434
2059
2001
1976
1611
1874
1475
1601
1393
1239
1285
1042
1075
820
636
432
146
-3
-253
-477
-691
-923
-1036
-1137
-1134
-1152
-1110
-1162
-1130
-1168
-1145
-1124
-1179
-1127
-1230
-1105
-1081
-926
-816
-776
-731
-762
-726
-714
-738
-767
-817
-832
-752
-725
-617
-658
-644
-720
-726
-801
-849
-971
-1092
-1105
-1210
-1051
-1115
-968
-939
-854
-659
-589
-431
-395
-482
-486
-633
-712
-723
-981
-891
-1130
-973
-849
-795
-480
-603
-377
-405
-360
-229
-422
-363
-537
-501
-359
-325
-57
-71
203
368
680
980
1127
1362
1332
1618
1642
1876
1914
1867
2015
1922
2222
2240
2325
2386
2166
2308
2107
2137
2050
1757
1756
1426
1526
1423
1367
1324
1002
941
662
541
326
-8
-266
-618
-765
-868
-933
-942
-1037
-1000
-968
-829
-715
-673
-721
-814
-875
-941
-921
-1037
-1021
-1104
-1018
-826
-705
-394
-378
-219
-161
-178
6
-162
-105
-255
-395
-301
-457
-282
-377
-421
-387
-519
-397
-398
-427
-370
-505
-452
-426
-482
-340
-502
-445
-470
-546
-425
-539
-498
-509
-658
-583
-748
-767
-726
-922
-739
-946
-876
-835
-970
-738
-929
-823
-827
-925
-696
-785
-579
-462
-503
-182
-277
29
163
235
623
550
984
1055
1281
1612
1546
1881
1726
1802
1833
1618
1808
1531
1600
1566
1381
1618
1382
1592
1530
1368
1485
1056
1119
811
529
443
-115
-124
-460
-557
-448
-690
-416
-560
-453
-286
-429
-189
-453
-475
-573
-820
-705
-911
-777
-779
-715
-500
-435
-124
-48
159
153
166
116
-22
-17
-290
-275
-507
-538
-470
-536
-233
-275
-76
33
-47
190
-43
23
-99
-363
-247
-587
-354
-423
-344
-72
-196
191
93
308
352
213
287
-17
-18
-185
-311
-303
-486
-442
-481
-502
-379
-482
-390
-526
-620
-660
-861
-781
-926
-898
-880
-885
-665
-537
-297
-114
-46
127
176
315
447
436
553
506
627
765
873
1069
1121
1230
1295
1330
1366
1330
1225
1118
946
799
697
567
523
451
387
391
339
375
373
319
290
164
81
10
-101
-170
-246
-361
-344
-440
-406
-367
-425
-269
-362
-253
-224
-276
-106
-249
-165
-222
-339
-247
-436
-337
-414
-451
-371
-456
-326
-353
-263
-237
-158
-134
-78
-36
-59
47
-65
10
-113
-149
-129
-235
-90
-135
-43
71
74
301
276
378
369
265
287
93
120
-48
-44
-134
-164
-122
-202
-74
-210
-126
-232
-300
-284
-440
-390
-509
-549
-537
-604
-472
-465
-359
-262
-229
-82
-63
38
26
60
9
16
21
43
172
182
352
394
497
609
587
638
531
422
390
216
248
148
88
143
51
224
237
303
389
312
399
376
349
379
197
175
41
-44
-6
-101
-25
-62
-33
55
101
182
223
135
127
-12
-73
-103
-242
-215
-387
-362
-378
-342
-201
-223
-127
-162
-145
-85
-141
-85
-236
-287
-357
-445
-315
-392
-217
-242
-171
-47
-54
158
87
176
132
72
141
70
161
123
118
155
108
195
170
213
230
213
242
218
237
223
238
178
156
55
-34
-90
-205
-187
-269
-279
-279
-334
-220
-216
-140
-68
-136
-81
-181
-188
-209
-339
-330
-457
-476
-432
-427
-234
-162
-45
81
75
205
180
188
167
48
28
-49
-43
9
49
144
211
278
388
444
525
550
535
515
431
372
291
220
164
94
71
63
90
154
204
273
278
277
223
155
83
-37
-89
-217
-251
-294
-311
-241
-261
-164
-168
-161
-133
-210
-187
-283
-319
-356
-427
-389
-409
-334
-295
-251
-192
-186
-151
-186
-184
-228
-236
-200
-204
-102
-66
61
197
276
431
421
456
436
349
357
254
222
170
108
157
155
246
321
348
411
381
375
337
249
185
35
-75
-171
-256
-258
-278
-274
-278
-296
-283
-293
-271
-259
-274
-258
-283
-276
-290
-310
-311
-360
-339
-373
-352
-303
-265
-144
-86
22
76
97
142
111
145
134
131
159
141
209
251
342
411
419
425
377
368
361
371
342
302
212
178
197
192
294
268
307
319
275
370
256
230
90
-130
-177
-376
-328
-346
-359
-231
-292
-150
-150
-138
-105
-250
-279
-409
-466
-460
-458
-365
-312
-231
-163
-125
-109
-85
-82
-93
-77
-131
-100
-107
-61
52
75
199
212
288
378
408
501
430
381
281
170
155
117
156
165
189
246
294
359
357
307
186
64
-56
-151
-204
-259
-257
-250
-194
-112
-81
-69
-126
-215
-288
-367
-417
-463
-504
-498
-446
-368
-246
-174
-100
-37
-16
60
32
21
-22
-109
-93
-110
-40
40
93
216
288
406
487
493
487
396
331
265
224
200
183
201
234
321
381
440
425
367
309
194
123
20
-52
-92
-123
-50
-29
38
56
26
45
-46
-72
-180
-295
-382
-497
-490
-515
-470
-415
-377
-290
-252
-182
-162
-178
-200
-264
-286
-323
-307
-271
-219
-127
-60
47
112
182
229
243
251
211
180
147
152
183
270
353
416
465
457
449
381
324
236
117
41
-79
-125
-147
-167
-95
-75
-30
-20
-55
-57
-125
-140
-194
-284
-333
-434
-445
-424
-371
-285
-268
-229
-236
-206
-137
-128
-82
-129
-177
-184
-210
-143
-104
-39
44
60
135
150
165
226
226
298
321
300
320
272
324
380
393
442
368
336
319
303
381
330
298
228
151
193
170
209
158
73
43
-7
27
-7
-32
-113
-197
-220
-254
-246
-305
-325
-386
-396
-349
-391
-338
-385
-409
-378
-414
-349
-370
-308
-222
-202
-76
-131
-138
-81
-48
131
180
107
-41
-200
-138
65
327
456
217
42
22
164
670
824
650
339
-111
-118
106
402
467
96
-216
-519
-382
72
223
286
-44
-446
-529
-401
-98
-12
-78
-368
-644
-545
-414
-182
-15
-157
-297
-378
-368
-287
-131
-15
-42
20
-6
-56
58
155
237
333
302
139
44
60
127
313
453
390
338
312
331
474
626
590
463
363
207
225
336
344
311
239
149
121
241
314
286
302
164
45
57
1
-13
-44
-96
-183
-219
-219
-298
-274
-300
-392
-415
-477
-550
-527
-487
-465
-414
-384
-378
-370
-291
-268
-270
-204
-297
-302
-229
-224
-91
-31
17
63
84
195
211
301
311
234
259
183
170
167
160
167
178
222
195
223
220
173
172
137
75
-6
-67
-138
-183
-173
-201
-202
-205
-219
-204
-171
-150
-171
-167
-190
-170
-112
-83
-74
-84
-81
-83
-27
16
25
59
75
119
162
207
224
224
272
294
337
356
339
323
301
320
311
336
343
333
367
359
377
363
357
343
301
299
244
223
195
156
146
112
120
102
108
107
52
30
-32
-82
-102
-139
-179
-215
-273
-334
-370
-414
-418
-447
-459
-474
-518
-470
-483
-445
-403
-429
-373
-385
-324
-290
-292
-268
-339
-298
-269
-203
-95
-76
-5
14
88
183
216
281
222
189
161
122
144
102
103
67
67
112
130
186
179
152
103
55
26
-15
-29
-86
-135
-162
-183
-146
-105
-53
-30
-15
-1
-14
24
45
46
46
30
31
57
105
138
168
180
166
176
196
208
211
212
195
190
207
221
255
282
292
283
269
261
232
237
234
215
214
188
182
181
188
216
228
251
227
192
164
116
117
118
101
85
32
6
-7
-12
10
-17
-51
-120
-182
-220
-258
-276
-321
-365
-411
-448
-451
-444
-428
-412
-414
-413
-427
-411
-386
-368
-334
-334
-323
-334
-330
-305
-259
-193
-150
-105
-97
-89
-63
-23
25
54
60
30
7
1
4
42
56
63
69
52
70
66
81
67
32
7
-24
-24
-28
-17
-23
-16
7
33
67
87
108
121
124
123
110
105
106
124
159
183
211
207
218
223
224
233
194
173
128
102
86
70
90
80
101
133
149
181
170
155
122
89
77
41
37
22
19
56
71
110
137
159
176
177
190
169
150
124
95
102
104
108
117
115
109
89
70
30
-22
-59
-105
-132
-160
-199
-225
-239
-241
-233
-214
-220
-251
-289
-337
-369
-384
-385
-373
-364
-340
-310
-265
-214
-181
-154
-153
-144
-143
-147
-142
-153
-147
-148
-128
-100
-70
-25
9
34
50
58
62
59
54
53
50
39
27
14
-5
-3
11
32
56
83
98
101
119
126
141
155
156
152
129
111
102
104
123
120
126
133
125
137
132
142
126
103
84
40
30
14
11
14
-9
-25
-49
-51
-45
-40
-26
-39
-44
-46
-45
-19
-8
23
36
40
51
57
78
79
88
86
84
90
100
115
127
145
163
175
175
171
155
130
92
50
5
-34
-72
-103
-127
-143
-141
-147
-138
-133
-143
-152
-180
-211
-234
-255
-269
-282
-291
-284
-271
-239
-207
-180
-155
-138
-124
-104
-86
-79
-70
-77
-68
-47
-18
18
46
78
82
81
81
87
94
90
99
97
93
105
114
137
155
168
178
166
161
145
142
135
132
127
113
119
118
127
134
137
136
129
127
121
110
97
70
38
5
-33
-52
-77
-84
-87
-88
-85
-93
-96
-101
-102
-91
-76
-80
-94
-115
-130
-139
-134
-118
-95
-75
-59
-43
-31
-1
19
43
69
95
117
128
138
138
135
118
110
100
85
81
71
55
37
20
8
3
3
9
5
-10
-45
-81
-117
-153
-175
-194
-196
-206
-213
-220
-225
-219
-197
-166
-142
-119
-108
-104
-106
-106
-100
-83
-64
-51
-37
-23
-7
14
44
74
105
134
161
181
192
199
192
178
160
150
140
145
150
155
149
144
146
153
170
184
189
187
177
148
125
103
88
75
66
55
42
24
2
4
-5
-2
3
12
12
4
-14
-39
-54
-77
-90
-99
-102
-104
-100
-85
-76
-62
-48
-32
-15
-1
16
20
11
6
-8
-10
2
22
46
63
78
81
83
92
108
124
140
142
133
122
100
79
61
40
28
17
-3
-15
-30
-40
-44
-50
-56
-58
-60
-76
-89
-108
-132
-155
-173
-174
-175
-165
-150
-139
-130
-128
-125
-116
-100
-84
-62
-46
-34
-31
-37
-30
-21
4
31
42
47
43
38
47
57
76
97
105
114
106
99
92
81
73
62
63
69
77
83
90
92
88
85
84
80
74
67
45
29
13
-4
3
0
8
19
23
18
2
-14
-27
-34
-36
-36
-43
-46
-56
-66
-75
-78
-68
-59
-56
-49
-54
-67
-66
-63
-55
-48
-39
-37
-40
-32
-31
-20
-12
-7
12
21
43
69
77
81
63
60
53
49
55
54
51
45
32
22
25
27
32
23
10
-12
-36
-56
-76
-88
-99
-106
-111
-117
-127
-134
-148
-151
-149
-144
-136
-131
-129
-122
-111
-102
-90
-81
-75
-72
-59
-55
-37
-21
-6
7
17
40
59
71
82
85
71
62
59
66
79
89
92
83
91
88
85
89
86
74
61
46
32
20
15
14
4
4
-4
-10
-11
-24
-24
-26
-32
-29
-33
-34
-39
-40
-39
-39
-45
-51
-52
-52
-47
-39
-28
-23
-17
-18
-14
-14
-9
-3
-12
-16
-23
-22
-22
-8
8
12
14
12
16
24
29
31
33
25
24
27
36
46
50
51
48
46
40
39
40
39
32
28
29
24
23
21
7
-1
-2
-17
-20
-20
-33
-34
-36
-41
-39
-37
-40
-43
-39
-41
-38
-44
-52
-51
-50
-36
-23
-11
-7
-5
-10
-10
0
14
22
23
29
27
23
26
39
47
52
52
47
45
40
41
42
39
38
35
31
33
30
29
31
21
15
19
14
10
13
10
5
3
-5
-6
-4
-8
-7
-8
-8
-16
-18
-16
-18
-11
-9
-8
-10
-14
-19
-28
-29
-27
-25
-25
-20
-23
-27
-20
-23
-15
-8
-8
-4
-7
-13
-8
-5
-2
0
11
22
24
35
34
32
33
35
31
39
48
48
48
44
51
47
43
44
42
38
32
34
26
21
28
25
19
19
10
7
6
4
-3
-8
-10
-7
-6
-11
-7
-10
-10
-12
-12
-13
-14
-8
-6
-4
1
3
6
8
8
12
11
10
16
16
17
20
20
27
38
40
35
35
30
29
25
25
29
28
28
31
34
31
32
32
29
26
25
19
16
11
10
11
10
14
18
20
11
8
6
8
6
3
-2
-7
-5
-10
-14
-14
-10
-11
-12
-14
-21
-22
-20
-22
-19
-24
-23
-21
-20
-18
-18
-11
-10
-8
-10
-6
-4
-2
2
2
2
2
4
4
4
10
9
6
9
3
2
5
5
1
-5
-6
-7
-12
-11
-12
-21
-22
-19
-19
-18
-18
-19
-20
-19
-19
-22
-27
-27
-24
-27
-27
-26
-30
-29
-30
-25
-29
-34
-32
-27
-29
-33
-33
-38
-37
-36
-36
-40
-37
-38
-35
-28
-23
-21
-20
-14
-13
-15
-9
-5
-7
-4
-3
-8
0
4
2
2
2
-1
1
3
-4
0
-3
-5
-1
-4
-2
-4
-1
-8
-8
-12
-10
-9
-13
-10
-14
-10
-18
-19
-17
-20
-22
-27
-27
-26
-24
-18
-11
-14
-11
-9
-7
-9
-8
-4
-3
1
-1
2
3
-1
3
6
7
8
5
1
-2
-1
-5
-3
3
-5
-1
-5
-3
-6
-13
-9
-11
-10
-15
-12
-12
-12
-10
-9
-4
-8
-11
-11
-12
-10
-12
-7
-4
-3
0
-6
-2
-2
-5
-10
-9
-9
-4
3
-1
1
8
11
13
12
9
8
6
8
-1
2
14
16
20
17
22
18
19
17
18
18
19
22
23
27
20
22
21
15
9
12
14
3
9
10
7
9
7
4
-1
-1
-5
-4
-5
-12
-11
-13
-10
-4
-4
-5
0
-3
-5
-2
-9
-5
-6
-2
5
7
1
7
12
4
5
3
-1
-6
1
-4
-6
-2
-6
3
-2
2
6
0
1
-5
-7
-9
-7
-3
-1
-1
1
-2
-5
-8
-7
-5
-5
-1
-2
-1
-1
4
5
0
2
-2
-4
-6
-4
-2
-3
-2
6
3
5
14
9
9
6
5
1
1
10
9
14
18
15
18
21
18
22
21
15
13
15
16
19
23
18
19
21
22
24
23
24
19
16
22
23
25
25
19
21
17
12
9
13
12
11
17
14
13
15
12
17
16
16
16
11
10
8
8
7
11
9
3
7
8
10
12
9
6
9
16
15
16
16
17
20
16
15
13
8
5
8
6
5
8
7
8
4
9
9
5
5
1
1
-1
2
8
3
7
6
7
5
4
8
3
7
1
1
5
2
4
7
6
1
-1
-3
3
3
8
11
6
10
12
12
10
10
11
8
19
17
18
23
22
26
23
27
22
25
25
21
21
22
31
23
24
22
23
21
18
26
21
18
13
14
15
8
10
12
14
15
8
3
2
1
-1
1
-6
-10
-8
-13
-10
-6
-9
-10
-8
-14
-15
-12
-15
-15
-17
-19
-27
-22
-21
-23
-15
-20
-21
-17
-17
-14
-19
-17
-14
-14
-15
-16
-8
-8
-4
-9
-11
-10
-10
-10
-7
-6
-6
-1
-7
-6
-6
-14
-14
-13
-12
-13
-20
-18
-11
-13
-12
-6
-8
-10
-12
-8
-8
-9
-5
-5
-7
-3
0
2
5
5
3
9
12
9
10
9
5
4
2
6
4
0
-1
-3
0
1
1
4
6
4
-1
5
2
5
4
2
5
-5
0
-9
-3
-3
-8
-3
-5
-1
-3
-1
-5
-2
0
-5
-8
-9
-10
-11
-17
-22
-22
-22
-20
-23
-24
-27
-25
-25
-22
-22
-24
-27
-28
-27
-26
-19
-28
-23
-18
-21
-16
-15
-13
-14
-12
-17
-17
-10
-10
-10
-10
-12
-12
-11
-4
-5
-5
-5
-9
-13
-10
-11
-9
-9
-14
-10
-13
-10
-11
-10
-10
-11
-13
-13
-13
-15
-16
-17
-14
-20
-18
-13
-13
-12
-8
-9
-15
-18
-16
-8
-11
-15
-18
-19
-19
-17
-12
-7
-11
-12
-15
-14
-14
-19
-14
-16
-13
-12
-13
-9
-12
-9
-5
-8
-5
-1
-3
-3
0
0
2
3
1
8
11
12
14
15
9
2
7
2
5
1
1
4
-1
-3
-5
-5
-9
-10
-11
-11
-16
-13
-8
-7
-2
-3
-7
-5
-4
-4
2
1
0
-3
0
1
1
6
3
6
7
6
8
6
7
8
7
3
9
8
1
3
-4
-8
-7
-9
-8
-4
-6
-8
-5
-9
-9
-5
-4
-2
-1
-3
-1
0
-2
-3
-1
3
2
5
-2
-7
-3
-4
-2
-4
-5
-4
-2
-5
-1
0
-4
-6
-7
-10
-13
-11
-12
-12
-12
-14
-13
-16
-13
-14
-10
-4
-8
-4
-5
-2
4
-1
1
3
1
1
-1
2
5
3
9
8
7
3
10
10
7
5
5
11
7
5
3
7
0
-3
1
-1
0
3
2
7
13
4
11
6
5
5
8
7
2
12
6
10
12
15
16
11
14
14
14
13
11
13
13
7
9
12
4
11
7
2
11
5
7
9
11
11
9
10
8
9
7
11
8
6
8
8
9
11
14
8
9
9
6
9
9
10
8
5
-1
-4
-4
-8
-6
-7
-6
-6
-9
-11
-11
-15
-19
-19
-13
-12
-18
-14
-16
-15
-14
-15
-10
-7
-3
-3
6
4
6
13
15
18
16
19
19
13
10
15
18
19
18
21
19
12
12
11
10
13
12
15
17
15
14
11
11
9
10
5
6
10
7
7
2
2
5
4
0
3
5
-1
1
0
-9
-9
-6
-4
-6
-11
-7
-12
-16
-15
-15
-14
-11
-7
-14
-15
-13
-15
-13
-13
-11
-6
-9
-5
-5
-8
-6
-4
-2
0
1
1
4
3
8
10
9
7
6
3
-1
4
1
4
-1
-10
-9
-9
-8
-1
-5
-15
-22
-21
-19
-19
-20
-19
-18
-22
-18
-17
-14
-9
-9
-10
-6
-12
-8
-4
-8
1
1
-5
-6
-4
-10
-7
-3
-1
0
0
3
1
-1
1
2
1
5
6
2
9
11
8
12
9
13
14
6
12
6
0
0
2
3
4
-5
-1
8
2
-2
-1
-7
-14
-7
-11
-9
-6
-9
-6
-9
-12
-11
-17
-18
-15
-16
-16
-11
-15
-19
-12
-17
-17
-9
-14
-15
-15
-15
-12
-18
-15
-6
-6
-4
-1
-3
-3
-3
-9
-8
-1
-6
-1
-1
-4
-5
-7
-2
-1
-1
-3
-7
-12
-12
-11
-14
-14
-15
-20
-17
-13
-19
-13
-16
-19
-15
-17
-18
-12
-11
-14
-6
-13
-14
-7
-8
-6
-12
-11
-10
-12
-2
-7
-6
-6
-8
-6
-2
-4
-4
-4
0
4
7
7
3
9
4
10
15
12
18
17
15
19
20
13
21
22
21
22
20
19
16
11
18
23
18
24
22
16
25
19
10
20
11
16
24
13
18
21
17
24
32
21
21
18
9
17
16
10
23
20
12
23
22
21
18
18
17
21
19
20
20
14
21
24
21
19
13
12
18
7
6
9
-1
4
5
-7
0
-4
-15
-6
-12
-16
-7
-18
-21
-8
-16
-19
-9
-19
-11
-11
-22
-12
-22
-25
-22
-25
-23
-18
-23
-24
-17
-24
-23
-23
-29
-26
-23
-34
-26
-24
-35
-23
-29
-29
-22
-32
-34
-22
-25
-21
-11
-27
-21
-12
-31
-18
-14
-27
-14
-20
-25
-12
-20
-24
-11
-19
-24
-10
-16
-12
-8
-23
-13
-19
-28
-12
-18
-22
-11
-12
-20
-10
-24
-24
-5
-16
-7
3
-3
4
8
-6
2
-1
-6
14
0
-2
9
-4
-2
6
0
5
8
-3
8
7
-4
8
-2
-5
6
-1
0
9
0
2
9
-6
2
9
-2
1
4
-3
8
7
-1
10
-9
-6
2
-11
-6
-6
-15
-8
-5
-13
-9
-7
-14
-7
-14
-17
-6
-12
-9
-4
-12
-6
-7
-16
-8
-3
-7
-2
-3
-6
0
-3
-8
-5
-1
-7
-3
-6
-8
1
-4
0
0
-5
5
0
-4
0
-2
-4
-5
-5
-9
-6
-8
-9
-2
-6
-7
-10
-15
-9
-6
-12
-13
-12
-9
-5
-3
-4
-4
-1
-1
-4
-3
-6
-4
3
-3
1
5
-2
8
7
5
6
-1
5
8
-1
6
12
5
6
6
3
5
5
-4
2
1
-8
5
0
-4
6
-9
-4
7
-9
-2
1
-13
-1
-4
-14
8
4
-5
8
3
-3
3
-4
-9
5
-7
-13
4
-8
-4
6
-1
0
3
-6
-1
-4
-9
1
-10
-5
-4
-8
5
6
2
8
7
-2
6
0
-3
5
-1
8
11
0
5
0
-3
4
1
3
3
0
-6
1
-6
-11
0
-12
-8
-6
-12
-10
-14
-17
-13
-10
-18
-6
-11
-14
-4
-10
-6
-4
-11
-7
-1
-9
-4
-2
-11
-3
-3
-9
4
-3
-5
5
-4
2
7
-3
1
7
1
5
7
1
5
2
-3
8
11
10
18
8
9
16
12
13
18
14
8
17
8
19
22
9
17
17
11
11
14
12
13
9
1
3
1
0
5
1
1
0
-5
3
1
-4
7
2
-6
-5
-10
-6
-1
0
-3
3
-3
-3
3
-1
6
4
6
9
7
8
6
7
5
5
5
5
7
7
3
6
-1
-2
4
4
6
-1
2
4
5
-1
2
5
-4
1
-2
-4
2
3
-3
14
6
-5
14
5
5
13
7
5
8
9
8
7
8
10
8
9
12
16
14
17
14
4
14
3
-3
10
1
0
11
3
5
12
8
7
17
13
10
20
12
14
16
11
20
23
17
23
17
14
20
6
14
13
8
19
12
7
10
6
3
9
0
4
6
-2
-3
3
-6
-1
12
-1
7
6
-5
1
2
4
11
0
7
11
4
14
6
7
12
9
9
14
13
6
11
1
10
17
3
17
15
5
17
15
10
15
12
11
25
12
13
20
8
20
17
7
22
13
7
22
12
10
11
6
8
17
16
13
21
5
10
16
0
17
11
1
19
7
4
21
9
15
21
11
9
11
8
5
12
4
9
8
1
16
13
11
15
10
7
16
7
12
21
10
21
13
6
15
14
17
16
17
16
20
21
12
20
14
9
9
4
10
5
7
5
4
5
5
6
7
2
2
3
-4
1
-5
-12
-7
-3
-6
-12
-11
-14
-3
-9
-11
-5
-19
-15
-13
-19
-14
-13
-20
-22
-10
-20
-18
-10
-22
-8
-14
-31
-7
-16
-21
0
-13
-15
-7
-23
-17
-9
-30
-23
-15
-37
-22
-14
-34
-8
-17
-37
-12
-32
-29
-18
-28
-26
-18
-28
-39
-11
-28
-26
-4
-33
-16
-16
-32
-10
-17
-22
-3
-8
-18
-4
-14
-17
-3
-16
-11
5
-6
-5
6
-9
1
9
-14
10
-4
-14
15
-11
-4
-1
-18
-6
-1
-9
-10
5
-14
-11
-3
-14
-3
-8
-9
-6
-7
-16
-9
-13
-20
-11
-21
-11
-15
-24
-12
-17
-20
-5
-17
-16
-13
-31
-21
-25
-27
-27
-26
-28
-35
-20
-39
-23
-23
-37
-14
-36
-22
-15
-30
-20
-18
-19
-26
-9
-27
-16
-10
-37
-5
-28
-30
-9
-33
-14
-10
-19
-16
-11
-22
-20
-4
-26
-14
-10
-35
1
-14
-27
15
-15
-5
13
-11
10
6
-5
2
8
0
7
22
-2
24
28
4
33
11
9
37
11
17
38
11
22
43
17
36
43
22
43
36
23
46
29
22
39
31
24
36
31
17
45
19
14
43
4
31
26
6
33
6
17
15
4
20
9
12
6
15
10
5
25
-4
21
17
3
30
5
14
15
7
5
14
8
3
23
-4
19
16
0
34
2
13
18
7
23
6
16
2
13
4
-7
26
-16
18
13
-17
23
-14
1
15
-10
12
-2
-7
-5
-11
-4
-10
-5
-12
-14
-5
-16
-9
0
-19
5
-1
-16
13
-16
-4
16
-17
2
-2
-12
7
-2
1
4
7
9
3
17
3
7
20
-9
23
18
-12
30
-4
2
24
-12
15
4
2
16
7
14
0
16
-2
1
23
-14
19
16
-14
27
-1
6
25
-9
17
4
3
13
0
10
0
13
0
2
12
-14
11
4
-9
10
-7
-9
16
0
-2
27
-4
18
21
-5
32
6
12
21
7
5
12
21
-8
28
7
-2
37
-9
22
12
-3
23
7
12
9
21
0
7
19
-11
20
-6
-9
34
-9
8
25
-10
22
12
0
24
-1
2
12
-7
7
10
3
2
12
8
-2
19
-1
4
17
-7
14
11
-6
33
2
-2
37
-12
21
19
-12
30
1
7
29
-1
14
22
7
9
23
11
9
24
-1
7
11
-10
9
8
-20
5
-3
-19
22
-14
-6
19
-19
-1
6
-23
-1
-11
-36
2
-16
-33
2
-22
-25
-12
-22
-25
-14
-16
-37
8
-30
-29
16
-48
-2
-11
-45
3
-30
-26
-3
-33
-23
-7
-27
-10
-2
-31
2
-4
-16
6
-8
-8
-9
11
-18
-5
6
-37
18
-18
-18
18
-29
1
-8
-16
-1
-19
-1
-2
-8
-10
1
-6
-17
12
-16
-17
8
-23
-6
1
-22
-3
-1
-20
-4
4
-33
4
-2
-43
23
-25
-20
20
-38
12
-7
-32
3
-24
-13
-8
-14
-19
-1
-4
-21
4
-13
-15
1
-5
-8
11
-19
-16
16
-37
10
7
-29
17
-18
-9
-2
-15
-3
-20
0
-15
-19
1
-26
-3
-9
-29
6
-19
-11
5
-18
2
-17
-9
4
-22
3
-7
-16
-4
-3
-11
-4
7
-17
-2
-5
-20
1
-16
-7
-5
-23
7
-13
-9
3
-25
3
-17
-12
3
-23
10
-16
-8
-4
-27
10
-20
-6
4
-33
-7
-11
-28
-3
-15
-25
-2
-24
-15
-18
-18
-17
-36
9
-37
-16
14
-32
14
-14
-26
-3
-26
-9
-12
-5
-9
-13
-1
-20
11
-8
-21
20
-21
3
9
-20
12
-8
-1
5
-1
9
-1
9
-9
10
3
-14
20
0
3
13
0
8
14
6
18
22
2
27
20
6
24
17
16
20
29
12
19
29
16
30
23
20
20
11
26
8
7
28
-5
23
25
2
28
12
1
21
16
-6
31
11
-4
36
-8
7
24
-2
6
18
9
6
22
3
17
17
4
21
