-11
-11
-14
-7
-6
-12
-13
-14
-9
-11
-13
-12
-12
-11
-11
-14
-12
-16
-18
-13
-12
-10
-9
-7
-12
-10
-10
-13
-8
-3
-5
-11
-6
-4
-9
-12
-7
-7
-6
-3
-2
1
-1
2
2
5
9
5
6
11
12
11
12
12
7
4
3
4
5
6
12
12
10
9
11
10
9
9
10
13
8
12
4
4
5
-4
-1
-7
-2
-1
-7
-7
-4
3
0
-2
1
3
3
-4
-6
-6
-7
-6
-7
-7
-9
-9
-7
-7
-6
-3
-4
-1
-1
-2
6
6
9
8
7
8
7
10
8
10
5
5
3
5
3
1
1
6
6
2
1
-1
-4
-5
-4
-4
-4
-10
-10
-7
-5
-5
-9
-3
-1
1
2
6
2
7
10
10
15
14
14
13
16
17
17
20
19
18
19
22
21
18
23
25
23
20
21
20
21
19
12
12
10
13
5
7
4
-1
-1
1
3
-3
0
-4
-1
-1
-4
-6
-4
-3
-4
0
-1
0
0
4
0
4
7
2
1
3
6
3
2
4
3
8
8
7
6
3
3
-1
-4
-2
-1
-6
-3
-5
-5
-2
-4
-8
-8
-9
-13
-9
-12
-13
-14
-11
-11
-15
-9
-11
-11
-6
-12
-12
-6
-6
1
-2
1
0
0
-2
-4
-6
-12
-3
0
0
-4
-7
-5
-2
-7
-9
-7
-7
-10
-15
-16
-19
-16
-19
-20
-18
-24
-21
-19
-20
-17
-12
-9
-13
-12
-14
-15
-16
-16
-12
-11
-9
-6
-2
-6
-2
0
0
1
-7
-4
-5
-4
-1
1
4
-2
-6
5
5
-2
-1
-2
-3
-7
-10
-10
-11
-9
-9
-19
-12
-13
-19
-18
-20
-20
-22
-18
-26
-23
-21
-22
-22
-17
-19
-24
-17
-22
-19
-19
-16
-10
-8
-8
-9
-4
-6
-8
-2
-1
3
3
2
-2
-2
3
-4
-4
-5
-6
-1
1
-2
0
3
1
-2
0
6
-1
3
5
2
1
1
4
0
-1
3
4
1
-3
-2
4
3
2
-2
-6
-7
-11
-7
-8
-5
-12
-11
-6
-9
-5
-1
6
2
-1
-3
0
8
3
1
10
9
5
-1
-1
6
4
-1
2
6
-1
-3
2
1
-4
-6
-1
0
-5
-2
-3
-6
-9
-14
-13
-9
-5
-10
-6
-2
-2
-3
-2
-4
3
9
3
3
7
7
2
8
9
7
7
2
4
4
6
1
5
7
2
1
0
0
-5
-9
-3
0
-6
-2
8
4
-2
-3
8
7
-1
2
6
9
6
3
0
7
9
3
-2
8
15
7
1
0
5
10
8
8
11
6
13
8
3
10
6
3
2
3
4
5
-1
-12
-5
3
-2
-7
-5
-1
-1
-3
4
8
6
-1
-5
0
1
1
2
6
5
-4
-3
5
5
5
6
-4
-5
6
12
9
6
5
2
3
5
7
8
8
4
5
5
9
8
8
12
12
7
7
10
8
6
5
6
4
-1
-5
-2
-1
1
-3
-7
0
-1
-6
0
1
-2
0
-2
0
-9
-7
-4
-7
-6
-7
-6
-1
2
-1
1
0
2
1
4
7
2
5
0
-1
-4
-4
-4
-2
-3
-6
-2
-3
-2
2
6
-3
-3
-3
-4
1
-3
-7
-9
-9
-5
-8
-13
-4
-1
-6
-5
-3
1
-2
-6
-5
1
-3
0
7
7
5
4
0
4
8
5
6
3
5
1
2
-1
-3
3
-3
-1
-4
-2
0
-4
-3
-6
-3
-8
-5
-1
-7
-5
-12
-10
-2
-9
-5
1
-6
-6
-3
-6
-5
-7
-7
-3
-6
-4
-5
-6
-4
-5
-4
3
5
1
2
3
1
-3
0
0
1
-6
0
1
1
0
-4
-2
-7
-4
-6
-7
-6
-8
-8
-1
-2
-5
-2
-1
-2
-4
-5
-13
-10
-12
-16
-14
-7
-8
-8
-6
-9
-3
-6
-9
-4
-4
-3
-1
-2
-1
1
-1
-6
-4
-5
-6
-6
-6
-4
2
-2
-10
-8
-2
-4
-11
-10
-12
-15
-11
-11
-5
-3
-6
-4
-3
2
-2
-6
-6
-5
0
-2
-3
1
3
1
-3
-2
4
5
-3
-2
3
12
10
0
4
14
9
-3
0
11
9
-1
-2
4
4
-6
-6
6
2
-8
-9
-10
-4
-5
-16
-16
-6
-8
-14
-13
-6
-1
-9
-6
-5
0
-1
-5
3
6
9
5
4
13
9
1
3
12
18
6
0
6
11
8
5
10
9
9
5
10
16
13
6
6
11
8
9
9
3
-1
-6
0
3
-1
-3
-2
-6
0
7
4
12
9
3
6
6
8
9
7
0
1
3
-3
0
12
12
4
0
12
11
0
8
10
12
9
7
4
7
10
1
-1
-3
-5
-4
-5
-8
-10
-12
-10
-12
-17
-16
-11
-20
-23
-20
-26
-21
-18
-12
-13
-19
-24
-21
-14
-17
-11
-10
-10
-5
-8
-5
-5
-7
-8
-14
-11
0
1
3
7
0
3
5
5
4
1
6
-2
-6
-1
1
-2
2
7
-2
-2
-3
0
-5
-7
-9
-7
1
-6
-8
-2
-2
-5
-7
-6
-3
-5
-11
-9
-7
-12
-15
-13
-11
-13
-16
-20
-16
-12
-21
-17
-19
-16
-19
-20
-22
-23
-23
-25
-18
-22
-29
-31
-32
-27
-26
-32
-27
-24
-27
-25
-25
-26
-25
-22
-26
-24
-18
-19
-21
-21
-22
-15
-17
-18
-16
-21
-13
-11
-7
-9
-11
-8
-11
-7
-10
-9
-8
-8
-4
-3
2
4
7
9
4
7
5
0
4
8
8
4
6
10
12
9
8
12
9
12
11
12
21
18
17
21
17
19
21
18
20
23
14
17
20
17
23
16
18
13
11
16
12
11
8
6
9
8
6
4
5
8
6
3
1
3
2
4
5
2
3
1
1
2
1
2
3
1
0
7
10
8
4
1
1
3
1
3
2
2
7
7
6
2
5
5
0
2
-1
1
7
7
7
11
9
6
5
6
4
3
2
-3
4
1
9
9
7
9
8
10
3
0
0
-3
-1
-3
-9
-4
-4
-5
-7
-7
-1
-6
-4
-2
-3
-1
-8
-8
-6
-6
-5
-5
-4
-4
3
-1
0
2
4
6
4
9
6
13
7
9
9
6
11
13
8
-2
0
-2
1
0
-4
-3
-6
-2
-2
-1
1
-2
-8
-6
-8
-7
-11
-13
-8
-15
-15
-15
-15
-17
-14
-14
-15
-13
-14
-13
-12
-10
-9
-12
-10
-4
-4
-1
2
2
5
3
2
0
4
6
1
1
-1
0
3
2
4
4
4
4
5
5
3
5
8
10
10
8
15
22
13
5
5
7
7
-1
1
5
4
0
0
5
4
-3
-1
8
12
5
-2
8
13
11
10
13
13
7
1
6
11
6
-3
1
12
3
-3
0
4
-3
-11
-7
-4
-1
-5
-6
-1
-2
-9
-5
4
-1
-14
-14
-3
-3
-10
-9
4
1
-13
-8
5
5
-7
-11
1
5
1
-2
-1
2
-5
-9
-2
14
7
-10
-6
3
10
6
-1
-3
-9
-13
-11
-10
-6
-2
-2
-11
-12
-3
-1
-7
-14
-9
-6
-6
-8
-9
-7
-4
-7
-13
-10
-6
-8
-13
-3
2
-5
-15
-5
2
-12
-18
-3
2
-6
-11
-8
-3
-5
-11
-16
-7
-5
-12
-10
-2
-6
-18
-17
2
4
-7
-5
-4
0
-3
2
12
6
-5
-7
0
-2
-4
-8
-1
-3
-15
-6
6
4
-4
-9
-1
6
-6
-5
-9
-7
-6
-10
1
6
-6
-21
-12
-12
-12
-6
-9
-2
-11
-22
-11
9
10
-12
-16
-11
-7
-2
-2
-1
-4
-3
-1
6
4
1
4
-7
-5
7
15
11
2
-5
-4
4
0
0
6
-4
-15
-14
-1
6
-2
-7
-8
-12
-9
-9
-10
-11
-19
-17
-6
-7
-6
-10
-7
-7
-11
-6
-2
-6
-15
-16
-13
-3
1
-2
-9
-13
-13
-4
-3
-15
-10
-13
-12
-16
-11
-2
-10
-10
-10
1
9
5
-3
-16
-17
-7
-3
-1
1
-4
-17
-8
13
9
4
4
-2
-6
0
11
15
13
3
1
5
1
-2
4
3
-3
-7
-5
-2
-9
-13
-4
-3
-2
-7
-10
-9
-15
-18
-23
-9
-9
-26
-27
-29
-25
-18
-15
-12
-10
-9
-12
-9
-4
-5
-8
-4
-4
-6
-6
-5
-11
-16
-15
-8
0
-8
-11
-7
0
0
-15
-11
-4
-7
-9
-5
-3
-4
-1
2
-14
-14
-12
-10
-4
-9
-3
-3
-3
2
6
9
5
1
4
2
3
1
1
11
4
5
1
-3
-1
1
0
-5
2
13
5
-3
8
7
2
-2
-4
1
0
-6
-4
1
-3
-9
-4
-2
-4
-6
-13
-13
-25
-22
-10
-16
-16
-11
-8
-6
-9
-7
-2
-1
-3
-6
-8
-9
1
1
-1
3
5
1
-4
4
3
1
5
14
4
-3
8
4
-7
0
10
7
7
5
9
12
8
8
-2
0
7
1
-6
8
15
8
7
7
13
9
2
3
14
15
8
13
13
9
5
9
14
17
6
10
14
11
18
8
6
13
13
16
15
9
10
6
9
11
8
8
6
3
6
11
12
14
12
16
20
17
12
12
23
21
16
16
17
16
10
13
20
25
21
13
19
14
9
12
15
15
4
4
7
6
2
6
12
12
13
10
9
16
18
18
14
7
7
6
3
1
9
3
-9
5
7
2
0
1
-1
1
5
0
6
-2
1
7
5
3
6
14
0
1
3
5
6
-4
1
6
2
0
1
2
1
-1
-4
-5
-2
0
-11
-8
2
3
6
5
5
3
-5
-1
2
10
13
9
9
7
13
12
8
10
14
13
6
6
13
13
5
6
7
5
6
5
4
3
5
3
6
4
0
3
12
12
6
16
11
5
6
8
14
12
16
11
2
12
13
8
5
6
11
13
14
11
13
10
4
12
14
7
12
8
12
17
16
18
15
19
18
19
15
14
14
12
13
16
11
6
14
14
21
17
10
11
11
10
6
6
4
1
3
14
4
8
10
3
10
-1
11
4
5
11
7
6
0
1
-3
3
-3
-6
0
4
-7
-15
-6
-1
-3
-8
-7
-11
-9
-19
-19
-14
-10
-15
-14
-9
-11
-3
-6
-5
-18
-8
-12
-15
-7
-15
-11
-19
-19
-26
-23
-20
-19
-12
-20
-18
-17
-20
-25
-24
-23
-22
-17
-30
-25
-23
-22
-17
-11
-5
-3
1
-6
0
-1
-2
1
-1
3
2
1
5
7
7
13
11
8
2
2
7
7
13
4
2
8
6
7
6
7
7
5
8
6
3
-3
-3
2
5
1
1
-2
-8
-5
-2
-2
3
-1
-12
-13
-10
-4
-4
-8
-10
-11
-10
-7
-7
-6
-8
-9
-9
-6
-1
-6
-4
-13
-16
-14
-25
-21
-18
-23
-24
-20
-22
-20
-19
-22
-28
-25
-22
-23
-22
-24
-23
-20
-20
-23
-22
-18
-18
-20
-9
-7
-6
0
-6
-1
-1
1
2
0
0
-6
-7
1
-2
-3
-1
-3
-5
-8
-4
-6
-7
-3
-12
-13
-9
-10
-10
-19
-21
-19
-20
-19
-18
-17
-23
-20
-15
-16
-12
-11
-10
-12
-12
-14
-10
-10
-14
-12
-11
-12
-11
-8
-7
-7
-1
-4
-3
5
-1
-6
-5
-6
-7
-6
-6
-7
-8
-4
-6
-8
-4
-7
-9
-9
-9
-12
-13
-11
-12
-17
-14
-13
-9
-6
-8
-10
-15
-11
-9
-6
-6
-7
-2
1
-1
-1
2
1
5
7
5
9
8
8
7
7
9
6
5
2
1
4
4
9
10
4
3
3
6
3
0
11
12
11
10
12
15
19
19
18
23
21
17
15
6
7
17
16
10
10
16
19
12
9
12
16
15
8
9
6
6
10
12
10
11
7
7
15
9
6
3
2
4
0
-2
4
2
-5
-3
3
7
1
3
2
-3
1
3
3
3
0
1
6
6
9
5
8
5
11
17
9
11
6
9
7
1
4
2
-6
-8
-3
-6
-10
-13
-13
-13
-16
-14
-14
-16
-12
-17
-16
-14
-12
-8
-4
-2
0
2
-4
-1
7
0
2
3
3
4
3
6
7
9
12
8
6
6
5
7
9
4
-3
3
4
4
4
1
5
6
1
1
8
10
8
1
3
9
3
3
1
-1
4
8
8
13
13
10
11
12
16
20
16
17
20
16
9
9
15
15
8
13
18
11
10
12
12
7
4
9
8
9
7
1
9
8
3
4
5
12
8
11
12
5
9
6
11
12
7
11
5
0
-2
-3
2
3
-6
-7
1
2
-1
-2
-1
1
8
3
-3
-2
0
-1
-1
5
9
6
1
1
2
10
9
6
9
10
10
2
3
10
10
11
13
20
22
18
21
20
19
16
15
17
18
26
22
18
21
26
27
25
30
31
32
27
24
28
26
27
27
28
24
27
34
22
21
26
21
23
14
11
18
11
8
14
14
11
14
18
18
13
10
9
5
16
12
7
9
9
8
5
9
6
3
1
4
11
8
6
7
7
6
2
2
5
1
0
-2
-4
-4
-13
-10
-4
-4
-8
-3
5
3
6
8
5
1
6
6
8
12
0
-4
3
6
1
-1
-3
-4
-4
-3
-2
3
4
-5
5
-1
-2
2
-8
-4
-5
-2
0
-4
5
3
-1
-1
-1
6
3
2
0
2
5
8
6
7
2
0
2
0
4
1
3
0
-1
1
-3
2
4
4
4
4
1
1
1
0
0
-1
-1
-3
-4
-8
-9
-6
-9
-9
-6
-8
-5
-7
-10
-8
-7
-9
-8
-11
-16
-17
-15
-18
-17
-18
-22
-17
-18
-24
-24
-19
-23
-24
-29
-34
-32
-32
-28
-30
-28
-24
-21
-22
-25
-26
-23
-19
-19
-20
-18
-14
-21
-14
-13
-12
-14
-19
-12
-19
-18
-12
-13
-12
-9
-6
-16
-7
-6
-13
-12
-14
-8
-15
-13
-16
-15
-16
-23
-22
-24
-16
-22
-23
-21
-21
-16
-18
-24
-24
-18
-17
-13
-13
-12
-16
-15
-14
-18
-11
-10
-12
-10
-7
-13
-12
-4
-4
-11
-13
-12
-13
-6
-5
-14
-17
-13
-12
-14
-12
-8
-12
-9
-13
-14
-10
-11
-7
-5
-1
-1
4
5
4
2
1
8
8
11
10
12
16
15
14
14
15
15
17
10
8
10
6
6
5
3
5
4
-5
-1
-1
-9
-11
-10
-11
-13
-11
-17
-15
-10
-12
-9
-10
-8
-10
-6
-4
-2
-4
-1
-4
-5
-1
-2
0
-5
-2
-2
0
4
2
0
-1
7
5
9
9
3
2
6
7
5
6
8
6
4
7
11
7
5
13
13
17
19
19
20
19
23
26
27
27
32
30
32
28
26
30
30
29
28
32
34
34
31
29
29
28
23
21
19
17
16
17
16
13
13
6
7
10
11
6
6
10
3
8
9
6
4
1
-1
-4
0
-1
5
6
5
10
16
16
16
18
15
17
16
14
17
17
22
22
23
27
30
33
27
25
24
18
21
21
19
18
15
17
17
20
19
14
11
14
14
10
7
9
9
10
7
4
6
8
6
10
9
5
11
9
11
13
9
12
12
10
6
8
11
7
11
13
18
17
16
18
10
15
13
12
10
8
12
7
8
13
15
10
9
6
4
13
9
5
8
9
4
-2
0
7
5
1
4
4
3
9
13
13
10
12
18
19
16
20
25
23
16
13
13
13
12
13
10
7
13
7
4
7
12
9
4
3
0
0
-5
-1
-3
2
2
2
2
-4
-3
-2
1
2
3
-1
0
0
-3
-5
-6
-2
-3
-5
-3
-3
-4
-9
-10
-5
-3
-4
-9
-5
0
-4
-11
-12
-7
-3
-5
-9
-8
-12
-17
-22
-20
-18
-21
-20
-16
-17
-16
-19
-19
-15
-18
-9
-7
-8
-12
-8
-7
-10
2
2
0
-3
-1
0
4
9
10
5
3
11
12
14
13
15
13
11
10
8
8
7
5
7
10
9
11
11
13
14
7
8
8
5
11
9
13
18
16
17
14
18
14
7
9
2
0
-2
-6
-3
-5
-3
-5
-7
-8
-13
-10
-10
-7
-8
-14
-12
-12
-13
-16
-16
-17
-12
-23
-26
-23
-28
-20
-23
-19
-18
-19
-24
-26
-25
-21
-21
-23
-22
-22
-21
-24
-24
-19
-19
-19
-21
-23
-19
-13
-8
-12
-12
-10
-10
-7
-6
-7
-5
-7
-12
-8
-10
-11
-8
-10
-13
-9
-8
-9
-6
-9
-16
-17
-8
-7
-5
-5
-3
-3
-4
3
3
-2
1
2
-3
2
3
4
7
3
1
0
1
9
6
4
7
2
2
-2
0
1
2
0
0
0
-2
1
6
10
12
7
11
13
12
16
10
9
9
3
4
7
3
7
6
3
1
3
10
2
-1
2
0
1
-1
-4
-5
-8
-4
-7
-11
-5
-6
-10
-8
-10
-11
-12
-13
-10
-12
-9
-10
-15
-12
-15
-16
-16
-19
-22
-23
-21
-21
-20
-20
-22
-15
-13
-18
-19
-21
-19
-16
-18
-9
-9
-14
-12
-16
-12
-9
-8
-11
-9
-5
-8
-7
-10
-13
-10
-7
-10
-9
-8
-7
-5
-3
-2
-7
-6
-5
-3
-9
-9
-6
-1
-3
-3
-4
-5
-3
0
1
-5
-7
-3
-1
-9
-11
-4
-2
-4
-9
-4
-3
-4
0
1
-1
-4
-2
-4
-9
-7
-7
-7
-6
-8
-8
-7
-3
-1
-1
-4
-1
1
3
-1
2
5
-2
-2
1
2
1
1
-4
-1
-1
4
2
-4
-2
-6
-4
-5
-2
-3
-5
1
0
1
-2
-4
-3
-3
-6
-3
-2
-5
-1
0
-3
-2
-2
-2
0
1
-5
0
2
-5
1
-2
-1
0
-1
1
-3
4
0
3
7
4
2
2
3
4
8
11
8
8
8
3
5
10
4
8
8
5
11
9
11
14
13
9
7
7
6
9
10
15
14
15
9
12
11
12
12
6
8
7
11
8
12
9
8
10
13
14
13
14
11
13
13
16
9
11
8
6
13
7
7
4
4
9
5
9
9
4
5
7
6
6
8
4
5
5
4
3
7
8
3
6
5
5
9
10
12
11
12
9
7
13
9
8
11
10
12
11
10
9
10
7
10
9
8
8
8
9
10
6
8
7
7
6
6
7
1
2
2
4
7
7
7
9
7
5
3
3
5
3
1
0
4
1
7
9
7
8
5
4
2
6
7
12
10
8
9
5
6
4
7
6
9
12
8
5
3
3
1
1
0
0
-4
-4
-8
-2
0
-4
-6
-13
-9
-10
-12
-13
-8
-8
-9
-8
-9
-4
-6
-9
-14
-17
-9
-7
-8
-8
-6
-11
-15
-13
-15
-11
-6
-5
-7
-3
-3
-3
-4
-7
-5
-10
-12
-12
-5
-10
-11
-8
-7
-5
-11
-6
-6
-3
-3
-5
-8
-3
-5
-14
-7
-3
-10
-15
-10
-10
-8
-13
-19
-15
-13
-16
-15
-13
-11
-7
-2
1
-2
2
-6
-9
-4
0
-2
-5
0
2
8
2
3
3
3
3
0
3
3
-1
-3
-3
-2
2
-5
-2
-6
-3
-4
-7
-3
-7
-7
-5
-4
-6
0
-1
3
2
4
-4
-3
-1
-2
3
2
0
3
6
5
8
2
10
8
9
11
12
19
14
23
21
16
19
21
20
11
6
9
5
10
14
10
10
9
11
11
6
10
10
2
4
3
4
6
11
7
6
4
-1
6
3
5
12
16
14
16
18
19
18
16
22
17
18
19
14
9
14
12
7
4
3
11
8
3
6
-1
-2
1
-1
0
-4
-7
-6
0
0
-1
-3
2
3
-9
-8
-6
-3
-6
-13
-12
-8
-11
-11
-4
-2
-3
-4
2
2
-2
2
1
0
-1
4
0
-1
5
-2
-1
-4
-3
0
-8
-8
-11
-14
-15
-19
-16
-13
-12
-20
-23
-18
-21
-17
-16
-19
-22
-14
-14
-13
-8
-12
-13
-9
-7
-14
-7
-3
-4
1
-1
0
1
1
-1
-3
0
-7
-11
-11
-7
-9
-11
-9
-5
-8
-17
-10
-10
-14
-18
-19
-16
-17
-19
-22
-20
-15
-15
-18
-14
-11
-11
-11
-12
-9
-16
-13
-8
-9
-10
-14
-12
-9
-9
-8
-10
-5
-10
-8
-4
-8
-1
-7
-13
-7
-11
-13
-12
-15
-17
-15
-15
-15
-14
-22
-26
-21
-19
-20
-23
-24
-20
-21
-26
-22
-21
-18
-21
-23
-20
-23
-26
-23
-23
-23
-17
-19
-20
-16
-17
-13
-8
-7
-10
-9
-7
-7
-9
-12
-14
-13
-13
-14
-18
-16
-12
-17
-14
-12
-19
-17
-13
-9
-4
-9
-13
-7
-1
-10
-12
-12
-14
-3
-2
-9
-10
-6
-4
-3
-1
6
3
2
4
3
5
1
0
-3
3
11
9
7
1
1
7
10
9
7
3
6
5
3
9
3
3
3
1
4
1
8
9
8
10
5
8
11
12
7
4
3
0
0
2
-4
-3
-4
-7
3
4
6
0
0
2
0
-5
-5
-6
-3
-5
-3
6
-5
-6
-8
-2
-1
-6
-6
-9
-3
-1
-3
-4
1
3
1
2
4
-7
-6
-3
1
6
5
9
1
-2
5
10
5
9
12
15
16
13
12
11
13
13
15
13
13
13
12
17
14
20
24
19
21
25
26
24
26
23
18
23
26
26
32
28
27
33
29
21
25
24
26
22
11
14
18
17
12
12
11
9
7
6
6
3
0
-1
-7
-7
-2
4
3
-5
-4
-4
-2
-6
-2
-9
-10
-3
-6
-4
-6
-5
-5
-9
-11
-9
-9
-9
-17
-16
-13
-5
-3
-4
0
-4
-3
-2
4
4
2
3
7
6
7
19
19
12
12
12
8
4
5
9
8
5
4
4
-1
3
-1
3
6
6
9
4
5
3
8
6
11
13
7
11
7
4
2
4
5
3
6
5
7
3
4
8
-2
5
6
3
4
4
4
8
17
12
17
14
10
16
23
28
18
19
16
15
22
22
28
23
23
20
15
13
9
11
9
10
7
9
10
8
6
-1
-6
-5
-2
5
-3
-6
-3
-4
-2
-2
2
-8
-5
-3
-5
-1
-6
-4
-7
-10
-6
-7
-9
-13
-14
-18
-16
-11
-13
-18
-16
-11
-12
-7
-12
-16
-14
-15
-19
-22
-10
-14
-16
-15
-12
-8
-12
-19
-11
-9
-11
-13
-14
-14
-21
-18
-20
-20
-16
-11
-8
-18
-18
-10
-12
-13
-9
-5
-6
-13
-15
-15
-10
-9
-12
-16
-15
-21
-15
-10
-14
-9
-11
-13
-17
-12
-10
-12
-14
-16
-17
-8
-7
-12
-16
-13
-12
-13
-8
-14
-9
-15
-9
-4
-4
-4
-6
0
0
0
-8
-3
1
-1
-7
-4
-1
-3
-5
-3
1
3
5
-2
4
-2
-7
-9
-9
-5
-7
-3
-5
-8
1
2
-3
-2
-5
-6
-6
-9
-11
-5
-6
-6
-12
-13
-12
-8
-1
-6
0
0
-7
-7
-2
0
-4
2
4
6
4
3
2
1
2
2
-2
-7
-6
-3
1
-2
-3
-8
-9
-6
-11
-8
-6
-11
-8
-4
0
-7
-14
-9
-8
-10
-11
-8
-7
-3
-5
-7
-2
-7
-12
-8
-9
-5
0
-6
-5
-6
-7
-2
-8
-6
-8
-13
-11
-13
-12
-12
-11
-12
-12
-11
-12
-9
-9
-10
-11
-13
-8
-8
-12
-4
-3
-5
-2
-5
-9
-6
0
-2
-7
-1
2
1
1
3
9
4
5
8
8
8
4
4
2
1
3
1
3
4
8
4
5
7
3
-1
-7
-4
-7
-7
-7
-9
-5
-4
-5
0
0
1
3
6
10
6
9
7
9
13
11
6
5
8
12
7
1
6
4
1
2
6
8
1
0
1
4
0
-4
-1
-4
-3
-4
-3
-8
-9
-2
-5
-4
-3
-5
-4
-7
-7
0
1
-2
0
4
3
8
6
8
11
3
11
11
7
10
7
6
3
2
0
-2
8
5
-3
-5
-5
-6
-8
-7
-8
-9
-13
-11
-8
-11
-14
-12
-13
-13
-10
-17
-11
-10
-9
-8
-11
-7
-3
-7
-5
3
3
4
3
-1
-1
-5
-2
-3
-4
-1
3
5
6
5
4
1
2
8
6
5
4
5
5
10
12
3
7
8
2
4
5
7
8
3
6
4
-1
0
-3
2
2
6
4
3
6
3
11
9
10
16
15
15
13
15
12
8
12
8
5
8
5
4
3
-3
-2
-1
-5
-7
-8
-9
-13
-12
-12
-16
-13
-10
-13
-14
-14
-11
-11
-8
-11
-7
-3
0
-1
-3
4
-2
0
6
8
4
3
3
2
5
0
2
0
1
1
-2
2
4
2
-5
-5
-2
3
2
-1
2
1
-7
-1
0
-5
-2
0
0
1
1
-6
0
5
4
-1
0
1
1
6
4
-3
-6
1
1
0
7
5
4
9
7
8
12
11
12
13
9
8
14
15
9
17
17
10
13
15
16
11
9
5
10
17
9
15
11
12
13
10
8
12
12
5
6
4
7
6
6
3
-3
-1
0
-1
-1
3
-3
-7
-6
-9
-6
-5
-5
-5
-8
-7
-1
-3
-6
0
-1
2
9
8
11
9
7
9
10
10
5
7
11
11
8
10
16
7
12
14
6
11
13
15
16
23
21
11
13
11
13
16
19
16
14
17
20
16
13
14
14
9
7
9
7
11
7
6
6
5
6
10
12
3
1
-2
1
4
9
6
-1
5
4
2
0
-5
0
0
-4
-5
-7
-11
-8
-6
-11
-15
-16
-11
-16
-19
-17
-17
-18
-10
-11
-12
-7
-11
-11
-6
-4
-6
-1
3
0
-4
1
3
-3
8
9
1
9
4
3
11
14
8
9
7
8
11
7
10
3
6
10
6
7
3
2
5
10
8
2
2
6
7
8
10
6
1
5
7
5
7
4
4
4
0
1
1
7
-1
-2
2
-4
-1
-5
-4
-7
-2
-1
-9
-7
-6
-4
-2
-4
-6
-2
-6
-3
2
5
1
5
3
-3
4
9
8
17
16
9
15
13
15
16
16
17
16
19
21
22
21
20
13
15
11
8
11
12
8
4
9
9
5
4
3
5
-1
-4
-7
-9
-8
-14
-15
-18
-13
-13
-18
-18
-17
-22
-23
-17
-18
-11
-11
-11
-5
-8
-13
-12
-6
-6
-11
-9
-7
-12
-8
-10
-11
-4
-10
-11
-8
-9
-8
-14
-13
-8
-14
-18
-12
-19
-18
-16
-24
-24
-27
-28
-25
-18
-20
-21
-18
-25
-25
-29
-27
-25
-23
-20
-16
-21
-22
-18
-20
-19
-19
-18
-18
-14
-18
-19
-13
-17
-17
-15
-18
-23
-23
-17
-22
-24
-19
-17
-22
-24
-22
-21
-20
-24
-25
-21
-18
-14
-15
-16
-14
-15
-16
-11
-7
-4
-6
-6
-13
-14
-8
-6
-6
-6
-2
-3
-3
-7
-8
-1
-5
-6
1
-4
-6
-2
-7
-8
-6
-5
-9
-8
-4
-9
-16
-16
-19
-23
-20
-22
-17
-15
-16
-12
-17
-14
-12
-11
-5
-1
-1
-1
0
2
2
5
7
16
18
16
17
14
17
21
17
19
21
16
20
14
13
14
10
16
11
6
6
8
7
5
2
4
4
4
2
5
4
0
4
0
-4
-6
0
1
1
3
3
3
8
8
9
8
6
9
9
12
5
2
4
4
8
13
15
15
16
16
13
8
3
2
11
8
10
19
20
21
19
21
17
16
16
22
25
29
26
18
17
16
18
10
6
10
8
11
12
12
9
3
1
3
1
-2
-6
-9
-2
3
-2
-2
0
-8
-6
-5
-1
3
4
12
14
18
26
27
26
27
17
21
26
30
33
33
41
30
32
30
27
27
27
34
28
23
22
21
16
22
29
15
11
4
-8
-6
-3
-3
-5
-4
-3
-13
-28
-25
-23
-27
-23
-25
-26
-22
-9
-5
-3
3
-8
-7
-6
-9
-6
4
7
11
17
21
19
22
23
25
27
25
26
34
34
27
28
30
28
19
18
13
17
20
19
17
18
8
-6
-1
-9
-11
-12
-14
-24
-24
-16
-20
-21
-29
-39
-45
-40
-38
-36
-34
-39
-32
-23
-24
-13
-19
-19
-14
-15
0
3
5
11
14
17
24
15
14
24
24
31
34
41
39
42
37
35
23
21
32
26
30
23
28
28
26
23
15
7
-5
-12
-14
-22
-31
-29
-41
-42
-45
-45
-37
-40
-38
-43
-53
-45
-36
-35
-34
-32
-23
-19
-23
-27
-26
-22
-19
-11
-14
-17
4
19
15
17
18
26
31
28
27
26
35
37
46
37
26
30
25
19
13
20
11
4
11
6
1
4
2
2
-2
-17
-19
-24
-30
-28
-22
-12
-23
-39
-36
-37
-42
-41
-46
-47
-40
-30
-20
-14
-10
-10
-17
-16
-15
-4
4
3
11
13
15
13
11
7
4
7
-2
6
24
18
24
33
25
15
12
8
1
-2
-2
-12
-13
-14
-26
-33
-46
-47
-35
-42
-43
-40
-48
-41
-23
-16
-9
-4
-9
-11
-6
-8
-3
-9
-18
-18
-20
-9
-3
-5
-1
10
9
7
13
15
16
25
36
36
36
43
33
27
25
14
11
4
0
0
10
9
13
5
-3
5
-2
3
-1
0
1
3
0
0
1
-3
-11
-23
-26
-27
-18
-19
-5
4
9
9
9
8
0
2
1
11
18
22
27
30
26
22
16
4
4
3
8
17
29
33
34
31
28
21
8
10
6
8
20
20
20
21
15
11
5
-7
-8
-14
-13
-3
-3
6
7
1
4
4
-2
-10
-9
-9
-6
-4
2
3
1
2
-7
-12
-18
-9
-8
-3
6
14
27
29
23
17
14
10
12
16
20
25
28
32
29
30
28
27
20
20
19
18
28
25
22
27
20
12
14
16
13
12
18
20
14
14
18
14
7
3
7
3
3
5
1
6
4
7
5
-1
1
0
1
3
3
1
6
2
-3
-7
-7
-8
-9
-2
-2
0
-2
-6
-8
-7
-16
-18
-13
-14
-9
-10
-5
-8
-1
2
0
2
-10
-11
-9
-5
1
0
-2
-3
-5
-2
5
-3
-1
5
9
20
21
18
18
7
-2
-4
-6
-10
-9
-6
-8
0
11
9
6
4
-3
-5
-5
-8
-4
0
0
-1
3
-2
-2
3
-1
5
1
12
26
29
26
12
12
9
10
10
5
-2
-2
3
6
8
0
-3
0
0
1
-6
-8
-7
-8
-6
1
-6
-10
-8
-18
-22
-17
-10
-7
-14
-14
-22
-18
-12
-19
-13
-13
-12
-12
-5
6
8
6
-1
1
4
6
9
5
-4
-12
-12
-7
-1
1
-4
-1
7
18
30
30
21
11
8
-4
-7
0
-2
-5
0
11
23
27
20
17
16
15
19
13
13
10
11
18
17
22
24
21
14
16
23
29
32
31
34
31
23
12
8
-4
-17
-28
-22
-8
13
31
20
18
12
8
6
-5
-16
-22
-24
-11
-5
1
3
1
-6
-14
-8
-10
-7
0
7
-1
4
16
16
9
-7
-14
-15
2
8
1
-4
-6
-4
0
0
-3
-12
-11
-7
-13
-11
-3
4
3
-2
0
1
2
5
-5
-21
-29
-24
-9
-3
-9
-11
-4
8
22
23
14
6
2
-3
5
8
5
6
2
2
0
3
2
-1
1
3
8
14
15
9
-1
-6
-11
-7
-4
-5
-6
-11
-5
1
7
7
5
-2
-4
-4
-6
-8
-11
-16
-22
-20
-11
-1
-7
-16
-16
-8
-8
-3
-5
-14
-17
-12
-2
4
4
-10
-10
-11
-11
-11
-12
-6
-2
-4
0
8
7
6
5
4
-2
-1
7
13
12
17
17
10
9
8
3
-7
-8
-11
-6
4
5
6
-1
-1
3
-4
-8
-4
-6
-8
-8
-8
-6
-8
-16
-17
-17
-13
-15
-10
-8
-13
-5
-4
-3
2
4
-1
-3
-3
-3
-4
0
1
-5
-2
-2
1
3
-2
-3
-6
-2
1
-3
-6
-1
0
0
2
2
2
-3
-3
-5
-5
-5
-1
-1
-5
-4
0
-1
6
9
4
8
10
7
5
4
7
10
11
11
9
9
7
1
4
4
5
6
8
11
7
3
-3
1
-5
-17
-13
-13
-7
2
2
6
6
11
5
-2
-4
-4
2
6
11
11
15
20
22
17
9
13
18
23
22
18
24
22
23
30
24
28
26
17
23
22
25
33
27
27
23
16
15
11
7
4
2
0
9
11
11
10
5
3
3
0
-2
-6
-6
-7
-4
4
1
-1
-3
-5
-12
-14
-5
-5
-4
-1
-5
-7
1
-5
-8
-14
-17
-7
-2
-3
-6
-13
-4
6
4
4
-5
-18
-16
-17
-23
-14
-7
0
4
-1
2
5
14
16
8
2
4
14
17
5
2
6
8
16
6
-11
-19
-9
-9
0
2
-3
-8
-19
-20
-29
-31
-24
-27
-34
-31
-33
-20
-20
-25
-22
-28
-15
-5
-6
-23
-30
-33
-22
-14
-11
-7
-8
8
6
6
-4
-22
-17
-16
-15
1
8
20
31
19
10
-1
-13
-8
-2
-3
3
9
23
29
20
-4
-19
-21
-27
-18
-10
0
3
12
10
-3
5
-4
-8
-12
-20
-8
-10
-5
-1
-7
-2
3
0
-7
-9
-8
0
0
-2
-5
-12
0
3
4
2
-3
-6
-7
-16
-13
-13
-8
7
5
3
-4
-10
-14
-17
-28
-36
-33
-22
-1
3
1
-7
-14
-9
-13
-14
-10
-18
-2
7
6
14
4
5
-6
-17
-19
-20
-2
-1
0
1
2
5
3
-2
-5
-4
-4
0
3
-3
-3
-3
-11
-9
-15
-20
-15
-16
-14
-16
-6
-1
2
4
-3
2
-1
0
-2
-2
2
-3
7
10
9
-1
-5
-3
-2
6
5
7
10
4
5
5
5
4
-4
-3
-7
-4
-1
0
9
7
5
5
8
4
5
12
14
11
7
12
12
13
12
9
8
10
8
16
22
23
18
11
11
11
15
12
13
17
18
22
15
8
3
-1
4
0
-9
-2
-2
0
5
7
7
1
0
4
5
0
1
6
10
14
10
7
4
3
1
1
4
7
11
14
22
29
30
29
23
12
5
2
4
6
9
8
16
21
25
17
9
8
0
1
1
5
13
21
20
21
15
12
11
6
5
-2
-1
-1
11
20
26
26
22
13
4
6
1
1
-2
-2
-5
10
25
28
26
15
6
1
3
7
6
6
10
16
13
4
-8
-20
-23
-21
-18
-9
-4
-3
7
11
20
22
16
6
3
6
-4
-5
-10
-17
-17
-20
-24
-18
-21
-15
-12
-8
-10
-11
1
10
31
31
21
2
-11
-8
3
12
4
-20
-41
-38
-18
4
16
16
-1
0
3
9
2
-11
-9
0
11
13
14
2
-18
-6
-8
-21
-21
-42
-26
-17
10
25
26
29
5
-3
-37
-56
-65
-72
-35
-9
23
47
48
49
11
-9
-33
-46
-23
9
78
99
91
68
9
-21
-55
-67
-89
-99
-62
-19
62
93
101
87
30
-7
-36
-43
-44
-28
11
35
76
85
52
15
-48
-79
-100
-105
-96
-74
-37
2
61
77
62
39
2
-6
-5
-21
-1
-21
-13
16
33
40
22
25
-22
-34
-47
-66
-62
-74
-46
-28
5
54
55
61
37
30
24
1
12
3
15
11
22
33
-4
-24
-42
-68
-81
-92
-85
-102
-74
-11
4
56
63
76
39
0
1
-7
41
56
72
57
16
-13
-57
-99
-118
-128
-108
-68
2
58
65
70
31
30
1
-11
24
7
48
59
96
88
50
8
-85
-111
-154
-142
-120
-99
-44
-10
26
56
29
-7
-62
-81
-45
-21
59
60
70
54
27
22
-28
-57
-118
-148
-154
-151
-91
-50
-7
22
14
47
14
-11
-48
-84
-73
-76
-2
24
57
87
58
57
-13
-56
-116
-198
-180
-204
-129
-92
-18
57
27
81
19
14
-43
-81
-68
-91
4
56
128
140
100
71
-17
-72
-123
-182
-200
-211
-149
-82
-12
64
81
82
64
38
-3
-36
-58
-33
-18
62
98
74
68
-21
-18
-101
-100
-129
-160
-89
-102
30
21
85
69
57
94
50
96
19
38
-5
9
32
44
60
10
14
-59
-66
-118
-120
-108
-93
-30
-21
31
28
41
54
51
89
45
36
-10
-39
-4
-19
27
-5
-27
-19
-39
-31
-68
-64
-68
-90
-27
-7
35
66
50
101
41
47
7
-30
-8
-63
-13
-44
-5
12
-29
-6
-60
-60
-91
-116
-82
-71
-7
94
124
135
60
5
-59
-157
-147
-189
-86
-39
44
179
159
213
120
65
-44
-173
-174
-250
-150
-141
-67
58
45
143
14
36
-48
-82
-32
-97
61
-2
161
169
204
215
76
61
-153
-153
-278
-230
-180
-107
33
118
244
224
270
135
69
-103
-153
-134
-97
59
128
343
325
355
219
10
-128
-352
-368
-445
-338
-198
-11
249
353
514
463
382
252
34
-64
-239
-253
-266
-216
-83
-12
128
153
148
69
-58
-130
-163
-182
-71
11
163
267
310
372
209
181
-63
-166
-327
-432
-335
-323
-68
-35
144
169
207
243
161
212
109
99
2
-24
-84
-147
-145
-175
-144
-140
-68
56
132
187
137
89
32
-35
-31
-62
33
36
132
188
215
210
131
135
-7
-42
-175
-154
-153
-115
-37
19
152
122
194
103
104
71
34
80
45
40
-33
-76
-71
-107
-77
17
124
326
265
347
195
16
-114
-351
-284
-466
-278
-234
-78
150
147
394
296
328
213
101
126
17
14
-127
-216
-222
-307
-186
-94
-63
26
-54
67
76
112
190
117
140
-19
-80
-59
-118
-2
-40
-19
86
-46
65
-88
-30
-65
-126
88
-40
164
36
118
125
-55
-46
-201
-96
-13
137
308
280
209
41
-190
-152
-294
-154
-188
-138
16
8
300
246
368
167
41
-34
-144
-40
-32
-28
-48
-122
-55
-24
5
149
8
191
-33
139
59
-5
101
-184
44
-327
-88
-162
24
270
175
492
140
151
-302
-451
-492
-651
-416
-497
-167
-105
57
333
314
369
209
152
301
161
361
263
136
89
-487
-213
-670
-386
-515
-574
-92
-528
225
-157
445
225
92
377
-35
486
-64
402
182
230
204
-7
152
-197
-123
-321
-178
-259
-217
-211
-143
-47
-69
101
189
293
306
278
475
361
322
158
-24
-29
-330
-67
-121
176
136
124
166
-91
-89
-475
-435
-582
-457
-319
-55
241
352
495
455
392
137
-66
-212
-206
-170
-15
110
189
-14
-224
-485
-674
-736
-867
-740
-711
-489
-245
89
529
711
870
892
779
639
284
172
-6
-386
-526
-815
-628
-641
-493
-134
-175
160
-176
-13
-50
-61
217
104
618
510
809
776
823
753
270
-15
-493
-581
-783
-448
-207
291
414
479
506
249
255
-69
54
-51
111
317
339
644
425
382
95
-210
-135
-469
-27
-198
49
30
-201
198
-316
199
-198
13
-43
-227
127
-244
111
-221
-134
-128
-224
-90
-125
-159
-207
-456
-434
-383
-371
-119
-84
367
336
95
18
-500
-653
-1021
-1263
-680
-825
126
286
922
1413
775
1064
-272
-232
-1121
-1322
-822
-834
141
102
848
984
898
746
154
-197
-699
-1018
-833
-523
57
506
795
953
899
745
595
490
384
323
50
154
-119
160
63
238
317
131
316
95
405
241
495
287
300
232
276
545
485
695
258
152
-374
-661
-674
-791
-390
-304
64
450
423
591
252
119
-232
-903
-1122
-1610
-1429
-1026
-531
539
857
1165
832
101
-256
-1177
-1231
-1577
-1368
-1008
-728
-20
272
500
212
-179
-798
-899
-1158
-670
-439
-106
310
34
462
89
464
415
44
310
-458
-220
-654
-698
-144
-584
272
-283
401
478
395
1043
367
1033
273
506
450
429
732
368
646
455
578
661
683
788
630
359
365
218
554
524
895
890
961
1017
633
763
296
423
62
89
122
161
455
411
590
379
68
-369
-812
-1070
-1184
-1209
-1026
-889
-688
-627
-489
-241
-229
-120
-295
-380
-384
-558
-262
-403
-238
-475
-707
-644
-958
-531
-859
-697
-998
-1251
-1251
-1451
-969
-853
-377
-208
-73
128
47
41
-102
-421
-491
-768
-550
-346
-20
372
249
542
184
154
-73
-307
-102
-284
87
302
617
1090
985
1352
1128
1233
1351
1137
1593
1149
1422
1137
1069
1286
973
1417
1095
1341
1301
1101
1363
1010
1225
970
876
943
753
981
768
838
619
329
-12
-312
-586
-757
-1007
-1207
-1215
-1491
-1225
-1335
-937
-874
-778
-662
-882
-813
-1073
-1113
-1106
-1213
-1132
-1065
-1073
-729
-961
-631
-915
-872
-911
-1223
-877
-1238
-807
-970
-917
-940
-1181
-1124
-1185
-1173
-967
-1048
-935
-818
-910
-390
-780
-253
-473
-567
-194
-581
429
281
848
1165
719
1347
306
703
319
59
823
120
1562
1218
2086
2558
2317
3332
2197
2916
2067
2040
2059
1365
2088
1390
1981
1698
1777
1919
1362
1498
792
699
283
66
159
172
573
757
1079
1108
959
651
148
-383
-1002
-1529
-1910
-2071
-2066
-1828
-1504
-1237
-933
-891
-720
-728
-721
-818
-1088
-1141
-1453
-1264
-1183
-948
-761
-855
-806
-921
-1041
-1161
-1468
-1686
-1902
-2111
-1809
-1741
-1189
-1159
-1173
-1164
-1509
-1316
-1549
-1426
-1298
-1350
-1014
-1068
-777
-532
-654
-98
-416
143
148
387
957
762
1416
914
1304
1098
1301
1752
1871
2261
2013
1721
1181
662
147
13
-379
-74
-170
397
693
1118
1681
1589
1994
1567
1660
1376
1378
1398
1407
1593
1751
2152
2562
3001
3251
3403
2997
2491
1547
849
238
-281
-420
-585
-308
-134
321
817
1018
1194
716
561
111
8
-1
-60
56
-543
-733
-1474
-1603
-1820
-2013
-1960
-2317
-2288
-2374
-2078
-1605
-1466
-1223
-1497
-1883
-2171
-2657
-2310
-2543
-2321
-2470
-2230
-1987
-1922
-1715
-1879
-1824
-2659
-2903
-3608
-3284
-3674
-3472
-3118
-2731
-1724
-1589
-116
688
2057
2648
3122
3593
3241
2852
2434
2631
3092
2720
2448
1999
1516
1025
-18
212
-618
-631
-1500
-1119
-231
314
1487
1404
2297
1649
1726
1329
1456
1512
917
657
156
359
136
331
221
364
-144
-757
-1214
-1241
-956
-726
-152
649
1765
2654
3606
4409
5130
4956
4277
3500
2648
2246
1288
820
397
-242
-324
-1115
-405
-570
-86
-28
-101
799
245
1301
689
1651
1347
1300
1495
843
1500
93
19
-1475
-2058
-2996
-3929
-3871
-4064
-3491
-3503
-3211
-2847
-2547
-2374
-1973
-1975
-1436
-1608
-1288
-1195
-1359
-1304
-2085
-2273
-3064
-3644
-4030
-4491
-4383
-4292
-4257
-3600
-3386
-2508
-1650
-921
158
137
928
1324
1944
2950
3252
4090
3399
2889
2511
2191
2270
1079
1007
14
-57
-531
-431
136
-606
-9
-772
718
1018
2104
3049
2579
3277
1810
2376
1671
1704
1617
466
565
-457
-103
-198
-155
134
-481
-515
-810
-855
-554
-582
56
575
2247
4971
7399
8831
8430
7606
5508
3036
471
-1307
-2540
-3753
-3710
-2521
-398
994
1812
1834
1371
401
-167
-25
517
910
706
834
798
996
635
313
-290
-1155
-2317
-3253
-3253
-3116
-2793
-3091
-3091
-3411
-3532
-3750
-3542
-2942
-2497
-1971
-2006
-1528
-1698
-1557
-2058
-2415
-2796
-3566
-3896
-4529
-4242
-4298
-3955
-3930
-3812
-3529
-3300
-2781
-1996
-820
440
1613
2639
4124
4787
5508
5019
4994
4279
2963
2240
807
812
-214
-377
-539
-902
-472
-764
-44
182
476
1074
942
1403
1292
1239
1312
1054
1656
1626
1969
1935
1725
1732
1107
1031
435
17
-384
-954
-817
-599
454
1559
2527
4209
5225
6294
6176
5736
5343
3757
2885
1242
949
299
-153
320
62
960
240
608
200
23
91
-450
344
-59
639
344
614
623
234
-53
-915
-1152
-1948
-2290
-2881
-2973
-3094
-3051
-3035
-2975
-3058
-3207
-3520
-3590
-3329
-3019
-2315
-2462
-2199
-2632
-2693
-2772
-2893
-2401
-2850
-2990
-3682
-3825
-3415
-3680
-3576
-4633
-4942
-5124
-4595
-2932
-1727
566
1272
2591
3165
4152
4873
4461
4690
3786
3901
2301
2062
1840
1507
1237
-209
424
-389
-49
-122
76
1140
154
900
346
930
1250
925
2070
1367
2280
1475
1592
1932
1506
2075
966
1364
633
232
-17
-419
194
-213
12
112
496
1778
3317
5822
7429
8326
8057
6553
5064
2524
885
-1397
-2666
-3126
-2710
-776
522
2611
2794
2784
1818
808
480
-138
37
-544
-357
-462
-42
229
125
-139
-1187
-1999
-3023
-3261
-3454
-3313
-3164
-3195
-3077
-3467
-3586
-3919
-3677
-3493
-3411
-2951
-2813
-2216
-2307
-2387
-2742
-3473
-3988
-4525
-4395
-4076
-3895
-3829
-4341
-4902
-5272
-5982
-5588
-5185
-3790
-2279
-369
2606
4392
6217
6978
8055
8258
6580
5375
3693
2446
722
-735
-504
-1278
-879
-1006
172
1154
1008
1805
1100
1764
799
1002
891
1129
1632
1350
1954
2058
2951
2959
3304
2845
2631
1236
487
-583
-919
-1344
-1845
-1247
-1298
597
1300
3324
4409
5771
6562
5920
5601
4593
4011
2878
1627
1380
874
539
499
290
1190
98
322
-717
-540
-644
-1145
-188
-729
600
-23
901
963
1123
1216
115
78
-1002
-1267
-2190
-2847
-3132
-3758
-3891
-4197
-4021
-3681
-3994
-3807
-4166
-3673
-3558
-3426
-2983
-2774
-1985
-2262
-2039
-2387
-2397
-2901
-3553
-3493
-3908
-3818
-4600
-4579
-4993
-5771
-6006
-6691
-5783
-5324
-3465
-1650
13
1968
2679
4365
5185
7336
8655
8731
7960
6225
5158
3063
1355
-203
-1812
-2736
-3213
-1893
-58
1352
2562
2561
2857
2150
2082
1929
1887
1931
1344
1727
1985
3343
4075
4638
4609
3766
2562
951
-334
-1166
-2170
-2524
-2918
-2579
-1737
-988
1053
2626
5542
6676
7794
8143
7626
7025
4569
3133
710
-952
-2343
-2997
-2016
-1560
-612
-255
-302
-95
-814
-408
-591
37
264
224
1048
1030
2188
1745
1833
782
-334
-1177
-2412
-2711
-3582
-3749
-4172
-4309
-4167
-3971
-3633
-3275
-3106
-2805
-2968
-2874
-2886
-2615
-2304
-2397
-2573
-3152
-3165
-3090
-2890
-2531
-2321
-2544
-3353
-4496
-5285
-6775
-7392
-8115
-7778
-7652
-6704
-4305
-1884
1422
2547
4325
4359
6053
7993
9447
9702
7922
7196
4752
3213
1250
632
-670
-2041
-2263
-1724
-263
468
1571
1755
1370
739
620
1244
2040
2596
3021
3067
3836
4538
4987
5094
4567
3642
1416
-495
-1924
-2962
-3675
-4362
-4055
-3629
-2680
-1250
381
2973
4451
6040
6622
7544
7941
7085
6137
4078
3037
837
-629
-1746
-2171
-2130
-2539
-1885
-1619
-957
-679
-368
511
953
1504
1662
2076
2718
2728
2963
2360
2078
1154
21
-934
-1774
-1928
-2739
-3218
-3800
-3975
-4224
-4195
-3993
-3625
-3372
-3192
-2766
-2234
-1541
-1580
-1534
-1661
-1484
-1345
-1574
-1889
-2516
-3167
-4103
-5002
-5674
-6382
-6927
-7291
-6989
-6575
-6035
-5871
-5312
-4820
-4226
-3610
-3133
-1238
-466
1222
1791
4383
7822
10746
12802
11644
11591
8237
5455
1691
-861
-2879
-5671
-5644
-5055
-1514
490
2924
4532
4748
4331
2841
2745
2231
1735
727
108
810
1757
3303
4857
5719
5697
3856
1773
-185
-1857
-3489
-5116
-5782
-5973
-5268
-3887
-1707
1139
3576
6462
9538
11728
11982
10910
8838
5662
2199
-1325
-3553
-5745
-6072
-5781
-3513
-1527
24
1683
1252
2095
954
2035
1770
2503
2744
2177
2962
2156
3369
1987
2087
607
-435
-1502
-2691
-2522
-3458
-3193
-4190
-4048
-4186
-4046
-3879
-3647
-3171
-2677
-2456
-2372
-2219
-2005
-1680
-1839
-1683
-1757
-1670
-2231
-3028
-3876
-4827
-6199
-7118
-8307
-8198
-8570
-8066
-6961
-6471
-5520
-6357
-5235
-5291
-3418
-1587
102
2755
5625
11204
14931
15953
14391
12049
8444
3504
-1235
-3041
-5946
-7143
-7476
-4562
-511
942
4601
4395
5907
3488
2927
2799
1688
2670
402
1682
1283
3357
4731
5230
6340
4938
3291
315
-1710
-2737
-4710
-5929
-6679
-6498
-4771
-3778
-353
2134
5387
6898
7648
9282
9111
9103
6862
5350
3292
1251
-486
-1947
-2347
-2708
-3161
-2979
-2767
-1853
-953
-234
1306
2335
3933
4316
5241
5469
5385
4966
3658
2943
1733
1217
365
-238
-883
-1876
-2870
-4237
-4828
-5415
-5740
-5731
-5622
-4856
-4342
-3494
-2990
-2223
-1847
-1487
-1049
-1051
-906
-1286
-1511
-2486
-3232
-4341
-5042
-5655
-6489
-7111
-8059
-8086
-8144
-7696
-7588
-7389
-6823
-6691
-5583
-4907
-3242
-1988
-85
2302
4445
8688
12215
15640
14155
12393
9239
5423
1562
-2702
-3490
-6503
-6066
-5709
-1609
1705
3877
6327
5401
5417
2970
3083
2117
1650
1132
248
702
1423
3486
5071
5720
5645
4146
1724
-499
-2911
-4171
-6504
-7298
-8056
-7174
-5483
-3304
191
2554
5418
6694
8482
9869
11281
11453
9899
7687
4952
2126
-513
-2654
-3913
-4753
-5318
-4357
-3060
-501
791
2613
3479
4131
4873
4858
6034
5654
5875
4531
3633
2755
1811
1290
-43
-458
-1845
-2891
-4158
-4907
-5605
-6680
-7371
-7928
-7669
-6941
-5478
-3543
-1932
-544
165
629
737
451
-12
-1233
-1902
-3104
-4033
-5347
-6168
-7120
-8434
-9392
-10127
-9462
-8857
-6886
-5675
-4249
-3887
-3745
-3984
-4636
-3754
-3721
-2920
-1727
990
3739
5799
8936
12495
13724
12399
9540
7851
4829
1299
-646
-2574
-2859
-4423
-2653
78
2730
4828
4835
5386
3965
3301
2697
2028
2130
774
192
39
802
2964
3408
4367
3572
2734
944
-1486
-2278
-4271
-4966
-6820
-6845
-5663
-3939
-972
1325
4354
6184
8172
10412
12169
13390
11599
8792
5404
1736
-608
-3772
-5010
-6261
-6034
-4694
-2825
949
2566
5087
5306
5928
6388
6181
6717
5390
4903
2694
1685
457
-235
-365
-1455
-1896
-3302
-3853
-4770
-5174
-5824
-6658
-7217
-7864
-7390
-6481
-4979
-3298
-1885
-565
297
926
1247
958
434
-1189
-2484
-4124
-5530
-6628
-7797
-8085
-8673
-8527
-8428
-7628
-6396
-5497
-4361
-3196
-1859
-980
-1177
-1938
-3058
-4305
-5336
-6352
-6047
-5610
-3651
151
5665
11833
14884
16142
14915
12896
9518
5060
1717
-2221
-4706
-6422
-5164
-1584
1358
4304
4882
5280
4408
2981
2239
446
-304
-2477
-3062
-2380
-485
2976
4666
6904
6922
6575
4933
2558
821
-2242
-4501
-7258
-8118
-7519
-5885
-2849
-3
3349
5860
8334
11183
13702
14702
12958
10128
6298
2697
-786
-3236
-4732
-5538
-5328
-4242
-1400
794
3234
4289
4866
4670
4523
4824
4572
4788
3648
2892
1406
610
-154
-932
-1629
-2755
-3564
-4978
-5678
-6094
-6310
-6407
-6722
-6507
-5879
-4706
-3013
-1521
48
717
1296
920
339
-166
-1320
-2579
-4086
-5213
-6305
-6790
-6950
-6601
-6114
-5646
-5263
-4468
-4334
-4041
-3908
-3634
-3117
-3020
-2776
-3690
-3823
-4944
-5285
-5858
-6602
-6396
-6907
-4390
-404
6100
11922
15175
17140
15933
14821
10916
6804
2603
-2775
-6269
-8988
-7468
-4501
-1088
2179
3625
5060
4555
4197
4515
3365
2578
-84
-808
-571
545
3469
4601
7116
6514
6205
4293
2321
822
-2561
-4949
-8238
-8789
-8588
-6829
-3810
-78
4112
7738
10920
13563
14782
14607
12787
9974
6391
1998
-1478
-4656
-5941
-6412
-5840
-4635
-2844
-623
1575
3512
5017
5717
6006
5169
4447
3778
2703
1744
-374
-1596
-3562
-4263
-5268
-5296
-5169
-4995
-4294
-4382
-3686
-3545
-2997
-3264
-3125
-3139
-2670
-2323
-1753
-1150
-673
-531
-617
-766
-1461
-1970
-2879
-3733
-5130
-5730
-6257
-6152
-6213
-5537
-4717
-4149
-3264
-2501
-1494
-1712
-2271
-3550
-4435
-5664
-6938
-7595
-7678
-7040
-6906
-5487
-3573
-56
3101
6404
11057
14063
15954
14247
13949
11364
7488
2452
-2136
-3896
-7053
-6445
-5495
-1324
661
2599
4356
5381
6567
5769
6095
4729
3933
1887
1248
979
2257
2931
3417
3243
3035
2027
16
-1286
-3693
-5000
-7579
-7822
-7789
-5561
-3135
-94
3334
6119
9335
11499
13144
12885
11758
8988
5888
2174
-789
-3749
-5510
-6839
-6595
-5441
-3591
-1229
1010
3411
4492
5383
5209
5398
4245
3035
1136
-334
-1800
-2950
-3541
-3672
-3125
-3109
-2714
-2604
-2009
-1906
-1467
-1938
-2140
-2845
-3218
-3421
-3087
-2118
-1405
-251
-33
825
812
748
-75
-1155
-2755
-4102
-4758
-5056
-5278
-5512
-4761
-4265
-3845
-4363
-3876
-4226
-4460
-4610
-4281
-3596
-4102
-4449
-4893
-4528
-5424
-6164
-6765
-6450
-5978
-4651
-1749
3887
10685
14924
17354
17520
16824
12777
7838
2504
-1976
-6712
-10058
-9611
-6200
-1714
1963
5799
7515
8550
7126
6872
5247
3640
352
-2912
-4175
-4486
-1809
-357
3006
4255
5292
4049
2743
1493
-807
-3440
-7054
-8801
-9110
-7329
-4683
-441
3494
7357
9606
11892
12661
12918
11222
8663
5646
1635
-1597
-4413
-5200
-5736
-4682
-4104
-2268
-598
2172
3837
5454
5364
4669
3459
1413
723
-1185
-941
-2766
-2605
-3750
-2847
-1990
-1397
-111
-416
575
-562
-323
-1203
-1364
-2432
-3475
-4205
-4416
-3740
-2741
-1696
-739
81
217
270
-706
-1060
-2465
-3352
-4997
-5843
-6296
-5929
-4955
-4489
-3849
-3937
-3804
-3759
-3571
-3700
-4006
-5007
-6013
-6775
-6589
-7290
-7595
-7899
-6387
-4283
-1189
4606
11644
18038
18907
19226
17012
14105
8133
2068
-1980
-6803
-8998
-10279
-5752
-1600
1934
4623
5489
6665
5152
4928
3757
2589
951
-1780
-1919
-1433
1248
3467
4620
5922
5271
4404
1973
454
-1334
-4392
-6772
-9454
-9262
-8282
-6049
-2782
290
4071
6268
9067
10840
12650
13194
10999
9207
6457
4108
917
-1583
-3393
-5132
-6126
-7054
-5717
-3677
-1528
906
2572
3886
4309
4067
3533
2689
1785
-107
-1099
-1840
-1838
-1196
-881
-156
-168
-230
-963
-1386
-2074
-2960
-3876
-4928
-5177
-4947
-4265
-3364
-2159
-1190
-301
268
605
529
218
-602
-1846
-3125
-4574
-5356
-5737
-5904
-6439
-6973
-6876
-6325
-5359
-5609
-5565
-5287
-5328
-4805
-4767
-4511
-5684
-5933
-5679
-4773
-1291
3187
10768
15312
17418
18274
17109
15052
8765
4119
-1968
-6686
-9274
-9852
-5438
-3647
140
1757
3335
4221
3611
5107
3541
3339
829
-451
-314
166
3128
4379
6140
6352
5623
4533
2332
1164
-1573
-4562
-7169
-9252
-9189
-8812
-6209
-3538
-576
2335
4314
7404
10077
13221
14713
13738
11029
7673
4776
1345
-1212
-3502
-5579
-6855
-7294
-5521
-2565
79
1412
2419
2889
3529
4486
5275
5665
4738
2751
278
-803
-1858
-2080
-2700
-3259
-3633
-4086
-3833
-3390
-2383
-2832
-3457
-4431
-4355
-3482
-2314
-1096
-182
726
937
1187
1329
1296
466
-1269
-3041
-4072
-4741
-4697
-5054
-5332
-6528
-7530
-7887
-8281
-7471
-6979
-5737
-4679
-3381
-2101
-1673
-1792
-3165
-4980
-6013
-6510
-5265
-2660
2378
9556
13766
16111
16115
15787
12808
6928
2187
-2971
-6205
-9043
-7975
-3872
-1153
1834
3066
4558
4504
3422
3161
1597
901
-897
-1310
-126
1451
4631
5831
7250
7254
6276
4636
1872
121
-3166
-5906
-8769
-9825
-8970
-7906
-5365
-2843
236
2702
4912
6974
8586
10107
11005
11903
12363
10500
8693
5517
2237
-1050
-4669
-6430
-8747
-7586
-6938
-2822
359
2710
5868
5896
7989
6523
7606
5699
4571
2132
-1254
-1812
-4391
-3410
-5042
-4343
-5127
-4984
-4864
-5012
-3672
-4565
-4181
-5209
-4379
-3419
-2006
-594
589
1655
2010
2353
2252
1338
-110
-2333
-4462
-5803
-6670
-6746
-7246
-7197
-7769
-7693
-7338
-6496
-5872
-5212
-4176
-3330
-2301
-1999
-2268
-2962
-4359
-5380
-5806
-4683
-833
4766
11007
13467
16131
15990
14941
11290
6110
2085
-3948
-6511
-9068
-6482
-4180
-1753
889
1724
3451
2973
3903
3762
2957
1839
-63
24
957
2776
5309
6133
7675
6635
5688
3537
1099
-1030
-5222
-7469
-10398
-10361
-9917
-8045
-5004
-2138
1367
3785
6643
9000
11091
13445
14226
13256
10856
7940
5262
1595
-1096
-4543
-6920
-8812
-9192
-6782
-3878
-707
1454
3909
5360
6705
8286
8883
8983
7320
4417
1781
-666
-2310
-4069
-5275
-6847
-7767
-8181
-8147
-6702
-5703
-4724
-4422
-3799
-3038
-1625
-383
689
1497
1694
1814
1816
1608
1190
522
-838
-2519
-4523
-6197
-7802
-9125
-10074
-9668
-8866
-8105
-7328
-6083
-4210
-2506
-1716
-949
-810
-1709
-3118
-4351
-4747
-5927
-5399
-2826
4001
10427
14300
16981
18097
17464
12863
7411
1948
-3179
-7505
-9718
-8066
-4652
-2186
831
2022
3712
3658
3574
3474
1883
1193
-1624
-1078
-559
2690
5650
7459
9423
9183
8547
5487
2883
-566
-4494
-8472
-11510
-12564
-11474
-9585
-6199
-2660
1380
4433
6410
8507
9314
10703
10736
11355
10927
10286
8138
5145
2457
-1190
-4473
-7940
-9692
-10136
-8099
-5306
-1512
2609
5669
8116
9306
10363
10239
9374
6933
3776
868
-2244
-4333
-6305
-7250
-8004
-8602
-8708
-8369
-7342
-6511
-5431
-4716
-3533
-2234
-650
979
2600
3573
3717
3561
2883
2111
701
-907
-2680
-4643
-6533
-7695
-8169
-7884
-7827
-7265
-7258
-7208
-6576
-5703
-4108
-3798
-3081
-2936
-2666
-2401
-2385
-1891
-1978
-1936
-1720
246
4786
9386
11947
12760
12681
11784
8851
5382
2923
1
-3344
-6015
-5365
-3145
-1982
-115
910
2242
1471
877
1489
1232
1420
-124
421
1068
2964
5154
6556
8329
7995
6862
4151
1633
-678
-3919
-7157
-9744
-10725
-10145
-8995
-6208
-3166
490
3463
6209
9254
11131
13225
13129
12257
10097
8073
5506
2080
-456
-3676
-5481
-7365
-7624
-6387
-4597
-2264
-545
2839
5014
7554
9030
9499
9577
7583
5778
2399
667
-2032
-4238
-6278
-8078
-8186
-9122
-8501
-8547
-7557
-7315
-6847
-5750
-4439
-2058
-497
1374
2646
3526
3899
3800
3523
2606
1519
19
-1792
-3542
-5430
-6549
-7417
-7913
-8325
-8397
-8412
-8492
-7720
-6285
-4794
-3937
-3297
-2898
-2672
-2734
-2671
-2840
-2646
-2109
188
4654
10101
14361
16205
16327
14209
10596
5599
1056
-2830
-5993
-7941
-7527
-4735
-1817
755
2704
3694
3527
2586
1811
753
-342
-1575
-2084
-1115
834
4188
7015
9451
10090
9460
7239
4030
522
-3719
-7340
-10798
-12344
-12249
-9914
-6400
-2192
1817
5461
8554
10399
11732
12805
13258
11542
8661
5512
3111
837
-1287
-2921
-4329
-5621
-6508
-5991
-4387
-2847
-1431
71
2280
4597
7212
9647
11070
11138
9027
6448
3261
688
-2535
-5516
-8090
-10025
-10810
-11230
-10173
-9279
-8128
-7692
-6957
-5522
-3549
-1159
672
2239
3151
3768
4209
3997
3641
2499
1013
-875
-2704
-4020
-5446
-6328
-7929
-9163
-10803
-11301
-10853
-9863
-8037
-6322
-4365
-3057
-1635
-783
-778
-1133
-2055
-1839
-606
1973
7298
12465
16576
16465
16287
13928
10456
5555
-284
-3524
-8205
-8928
-9363
-4844
-2165
249
2308
2819
4582
2930
3783
1727
1208
-941
-1604
-280
1530
4615
6052
7732
7942
7337
5526
3254
377
-3006
-7658
-10261
-12508
-11421
-9546
-6230
-2177
1452
5530
7365
10277
10412
10914
9498
8208
8689
9861
9231
6351
3910
9
-3734
-7570
-10113
-11146
-10479
-8935
-4766
1126
5633
9227
11481
11882
11499
10075
8301
6045
3859
296
-2894
-5128
-7191
-7785
-9319
-9706
-10329
-10008
-10198
-9077
-7642
-6277
-4400
-3247
-1002
738
2732
3563
4893
4986
4685
3838
2205
261
-1789
-4039
-6108
-7349
-8395
-9579
-10296
-10230
-9902
-8246
-7710
-6541
-6206
-4876
-4827
-4109
-3436
-3520
-2323
-2249
634
5181
12766
17758
19574
19487
17474
14365
8589
2301
-2801
-8162
-11489
-12176
-8362
-3412
-697
2552
2895
4653
3417
3976
3738
2231
728
-2283
-1326
-533
3134
5593
7968
9175
8670
7309
4939
2447
-684
-5019
-9086
-12011
-12749
-11236
-9386
-5055
-1944
2241
4833
7975
10663
12697
14515
13578
12798
9943
7447
4606
1714
-1015
-4148
-6928
-9001
-9388
-7492
-5633
-2731
-987
1138
3355
5222
8049
9341
10993
9571
8281
5741
3944
2184
-382
-2607
-5873
-8161
-10722
-11211
-11135
-10273
-9776
-9428
-8574
-6825
-4470
-1971
162
1587
2352
2607
2974
3060
3438
2755
1760
-421
-2364
-3986
-5017
-5979
-6995
-7958
-9188
-10145
-11190
-10134
-8832
-7815
-7718
-6646
-5695
-4789
-3148
-2304
-953
-54
3969
10604
17237
20192
20859
20871
17206
11604
4533
-1095
-6816
-11280
-12848
-10409
-6007
-3166
262
2085
3558
3255
3523
3550
2873
1394
-845
-745
109
3311
6033
8727
10001
9941
8190
5226
2677
-984
-4963
-9322
-12342
-13688
-12960
-10853
-7228
-2939
1088
4144
7232
9535
11023
11104
10090
10238
11324
11983
10272
8358
5125
1803
-2858
-6977
-10203
-11976
-12402
-11118
-6201
-1560
3995
6829
9635
10818
11401
11101
9538
8574
5271
3150
-316
-1681
-3110
-4807
-6636
-8933
-9633
-10784
-10124
-9907
-8731
-7688
-7214
-5700
-3897
-1315
518
1931
2763
3211
3672
2952
2070
834
-823
-2762
-4518
-5260
-6281
-7276
-8827
-9536
-9784
-9901
-9627
-8795
-6955
-6629
-5410
-5469
-5263
-4955
-5130
-3832
-2291
4186
10460
17796
20924
21467
21715
17542
13441
5575
339
-7123
-11399
-12618
-10842
-5972
-4174
-202
722
2768
2653
3800
4217
3077
1659
-689
-235
738
3638
6091
8565
9313
9464
7957
6165
3422
267
-4266
-8920
-12088
-13758
-12846
-11360
-7543
-4133
308
3396
6921
10304
13439
15673
16271
15326
12179
9603
6195
3097
-372
-3430
-6848
-8927
-9666
-8541
-6082
-3975
-2218
-42
2281
4650
7499
9479
10527
9899
8159
5654
4398
2887
1619
-368
-2257
-4270
-6115
-7464
-8297
-8510
-9793
-10360
-11084
-10110
-8693
-6232
-3870
-1428
435
1607
2758
3160
3582
2767
1058
-1283
-2524
-3440
-3892
-4713
-5419
-6569
-7715
-9034
-9604
-9613
-9691
-9326
-9239
-7568
-6711
-5458
-5033
-3832
-2865
-2524
1187
7366
15910
19509
20377
20804
19229
16057
9099
4662
-1955
-8037
-11718
-11546
-6210
-4074
-148
636
2035
1801
1289
3011
1893
1833
-1415
-2100
-1313
1704
6017
8589
11187
11356
10289
8055
5384
2857
-1632
-7012
-11824
-14747
-14558
-13612
-10232
-6658
-2368
1302
4526
8535
11476
14003
13960
13377
12226
10876
9018
6272
3965
1111
-2235
-5414
-7687
-7937
-7848
-6754
-5272
-2981
-268
2184
5523
7582
9765
9894
9453
7937
6353
4708
2258
580
-1702
-3194
-5460
-6716
-7682
-8350
-9119
-10138
-10418
-10366
-9653
-8518
-6440
-3850
-1256
889
2409
3495
4204
3489
2062
61
-1655
-3205
-4210
-5087
-5547
-6375
-8523
-10058
-11070
-11210
-11418
-10712
-9504
-7451
-5533
-4492
-3070
-1967
-1246
-167
3446
10190
17031
20078
20145
19545
17594
12629
6682
1550
-3630
-8804
-11681
-9671
-5134
-1958
277
1478
2212
1670
1369
2222
2161
1400
-1314
-1762
-431
2985
6949
9534
11478
10741
9365
6643
4222
1524
-2561
-7335
-11893
-14072
-13980
-12412
-9109
-5463
-1467
1736
4432
7865
10552
13128
13465
12899
10810
8613
6883
4604
3047
710
-1557
-3960
-5271
-5133
-4446
-3554
-3418
-3148
-1936
-386
2457
5225
7978
9185
8816
8007
6784
6334
4320
2393
-330
-2729
-5085
-7349
-8720
-9962
-10667
-12133
-12477
-11944
-10079
-7785
-5174
-2488
-252
1210
2079
3043
3531
3347
2265
663
-978
-2024
-3603
-4969
-6538
-7967
-10069
-11412
-11622
-11452
-11067
-11299
-10506
-9628
-7634
-5159
-2011
-41
2706
8291
16000
21537
22699
22078
19315
15408
8385
3084
-1549
-5819
-9457
-10360
-6451
-3101
401
2076
3307
2678
755
265
-154
-200
-1327
-2171
-1292
735
4694
7863
10483
11694
10742
8868
5391
3165
-293
-3990
-8155
-11242
-12160
-12242
-10104
-7421
-3653
-640
1993
4183
5821
7424
8265
8415
8561
9151
10119
10417
9752
8031
5443
1937
-2375
-5190
-6983
-7606
-7669
-6107
-3527
-428
2163
3981
5810
6519
6730
6020
5775
5306
4907
3925
2708
1831
527
-1163
-3532
-5980
-8494
-10999
-13202
-14191
-13874
-12459
-10773
-8382
-5699
-2706
-344
1569
2997
3760
3694
2641
1810
449
-643
-2543
-4214
-6434
-8514
-10077
-11366
-11409
-11908
-11846
-11264
-10339
-9495
-8186
-5671
-2958
-751
2595
8105
16010
21766
23609
23336
20497
16079
9398
3230
-2030
-7017
-10333
-11160
-7422
-2645
655
3443
3878
4095
2171
922
684
-421
-1002
-3133
-1580
529
4331
7678
9331
10821
9481
7871
4706
2468
-25
-3639
-7180
-10300
-11218
-10425
-9173
-6471
-3710
-676
1472
3714
6995
9593
11986
11150
10149
8417
6690
4788
2599
1268
-741
-2073
-3529
-3373
-2225
-1212
-526
-254
548
1583
2546
3474
4215
4672
4005
3013
2489
2880
3515
3470
3205
2541
1532
-96
-1712
-3522
-5640
-8508
-11342
-13293
-13708
-13062
-11577
-9440
-7025
-4390
-2252
114
1909
3400
3622
2817
1766
653
-57
-1044
-2319
-4607
-7410
-9614
-11210
-11800
-11825
-11304
-10409
-9516
-8210
-7091
-4985
-2912
-873
667
2842
7721
13999
20140
21802
21183
18364
13853
8687
2621
-1387
-6450
-9306
-10398
-7552
-2020
1421
5314
5594
5653
3341
1641
1170
-665
-1454
-3912
-3366
-1815
1425
5579
8114
10057
9314
7621
5481
2913
756
-2970
-6345
-9317
-11038
-10157
-9008
-5660
-3075
-263
1544
2903
5295
7068
9909
10802
11343
11355
10320
8583
5949
3546
-272
-4227
-7527
-9641
-8631
-6594
-3259
287
3198
5221
6293
7497
7450
7553
6005
3658
1755
541
337
593
994
832
294
-1251
-2667
-4048
-5441
-7574
-9742
-11846
-13053
-12823
-11903
-9391
-6770
-4503
-2484
-487
1681
3486
4388
3880
2616
720
-1784
-3793
-5789
-7772
-9443
-10476
-11516
-11558
-11332
-10901
-9679
-9103
-8045
-7877
-6057
-4564
-2471
1497
8030
17994
23437
24900
23649
21704
17954
10384
3641
-2607
-8497
-12724
-13295
-7143
-1816
2500
5091
5688
6446
3705
3571
1768
391
-2863
-6020
-4908
-2759
3126
6825
10342
11862
11365
9457
6257
3815
222
-4755
-9582
-12924
-12894
-11254
-8676
-4845
-1747
1832
3203
5522
6963
7887
7889
7273
8972
10002
10729
9476
8116
6409
2860
-1214
-5662
-8652
-9936
-10086
-7110
-3814
829
3988
6609
8784
9741
11037
9255
7731
4093
1702
-433
-1456
-1286
-1418
-1065
-2281
-2751
-4035
-5040
-6980
-8987
-10908
-12425
-13021
-12528
-10571
-8108
-5479
-3052
-876
1107
2548
3305
3618
2591
1166
-1462
-3306
-5516
-7392
-8938
-10098
-10084
-11462
-11856
-12512
-11778
-11261
-10364
-8426
-6682
-4391
-2742
2497
10194
19882
25645
26722
25199
21501
17174
9224
3027
-4315
-10200
-14460
-14285
-7614
-1612
4534
6719
8219
7135
4486
3601
1807
479
-3412
-6689
-6759
-4360
1190
5689
9915
11855
10986
9413
6152
4365
514
-4126
-9285
-12994
-13059
-12024
-8561
-5041
-1240
1345
2625
4459
5922
7438
7894
8199
9496
10157
11116
10577
9384
7023
3067
-1156
-6106
-8906
-10396
-9454
-6973
-3676
766
4303
7528
9792
11218
11725
10300
7923
4717
2332
392
-1224
-1718
-2220
-1904
-2348
-2770
-3430
-4381
-6049
-8556
-10398
-11882
-12150
-11894
-10787
-8832
-6775
-4615
-2343
111
2342
3383
3155
1759
378
-1230
-2996
-5039
-7650
-9399
-10412
-10763
-10574
-10021
-9993
-10170
-10593
-10332
-8748
-5764
-3622
-2016
583
4955
12584
19403
23828
23893
21730
17364
11798
6544
477
-4214
-9446
-11753
-10375
-5145
723
4915
7752
7455
6368
4355
3638
2719
880
-1978
-4083
-4050
-2089
1762
5237
7980
8371
7485
5302
3821
1886
-1089
-4769
-8430
-10349
-10709
-8873
-6381
-2872
-389
1288
2367
3878
5495
6838
7973
9106
11441
12541
11616
9989
7972
4350
-318
-5439
-9001
-11354
-10898
-9211
-4740
179
3605
7407
8771
10940
10829
10888
8568
5993
3600
335
-215
-1633
-1093
-2127
-2753
-3881
-4817
-5195
-6604
-7197
-9200
-10303
-11391
-11451
-10279
-8249
-6155
-4574
-2975
-1458
125
1199
1765
1637
1138
-763
-2897
-4711
-6260
-7578
-9046
-10589
-11956
-12524
-12543
-12045
-10813
-9528
-8406
-6502
-4515
-1874
1677
7476
15561
22862
25543
24512
22340
18580
12642
4948
-1462
-8001
-12200
-13862
-9730
-2826
2149
6534
7203
8084
5973
5072
3951
1945
-54
-4057
-4369
-3788
231
4265
7092
8852
8141
6950
4487
2572
379
-3555
-7413
-10737
-11819
-10649
-8519
-4660
-1955
1006
2343
3982
6142
7652
9496
9275
8895
7626
7202
6506
5451
4101
1853
-1001
-3815
-5472
-5658
-4953
-4590
-3368
-2045
741
3409
6697
9568
11142
11357
9294
7497
4945
3451
1498
-501
-1960
-3450
-4077
-4849
-4724
-5272
-6392
-7935
-9634
-10160
-10315
-9871
-9072
-7995
-6702
-5677
-4160
-2235
-416
385
378
145
-492
-1298
-2384
-3538
-5422
-7770
-10203
-11414
-12085
-12651
-12363
-12106
-11274
-10280
-8607
-6809
-3839
-382
4547
12077
20774
26465
26861
25355
21382
16868
7873
81
-6065
-10995
-12904
-12587
-5108
-363
4879
6677
7745
8119
5189
4661
1253
-167
-3798
-5346
-4045
-663
5248
8939
11797
12243
10575
7497
3575
-51
-4005
-8871
-12248
-14684
-13065
-10727
-6829
-2472
806
4174
5065
6770
6841
7642
7608
7630
9252
9532
9809
9145
7500
5322
958
-2823
-7495
-10116
-10687
-10453
-6301
-4132
1062
3673
7164
9900
11090
13041
10730
10289
5850
4173
1858
205
-495
-2792
-3066
-5425
-5672
-7065
-7454
-8081
-9950
-10576
-11652
-11046
-10038
-8843
-6872
-5876
-4163
-3393
-2088
-923
-1197
-1261
-2381
-2214
-3091
-3329
-3878
-4747
-6389
-8324
-10023
-12078
-13156
-15174
-15278
-14974
-12109
-8488
-4040
2282
10175
20255
26666
28997
28475
24933
19178
10709
2567
-3400
-9584
-11974
-12173
-6691
-1401
2579
7158
7736
8584
5006
3914
1726
-1117
-3273
-5647
-3485
-1443
3779
8805
12881
15478
14274
11429
6408
1175
-3965
-10037
-13846
-16708
-16200
-13776
-9956
-4088
272
4790
6272
7689
7655
7088
6654
5372
5458
6449
8836
9743
9587
8472
5960
2048
-2533
-6815
-9486
-11044
-10938
-8443
-4020
402
4343
7859
10197
11779
12046
11303
9738
7812
4941
2661
786
-159
-1370
-2774
-4405
-5856
-6879
-8386
-8663
-9363
-9464
-9885
-9779
-9073
-7950
-6570
-5676
-4601
-3877
-3019
-2260
-1870
-1938
-2347
-3292
-4704
-5450
-5657
-5642
-6244
-7875
-9048
-10988
-11831
-13751
-14034
-13560
-12516
-9218
-6252
377
7516
17880
25258
27855
27837
24528
20875
13016
4938
-2370
-9293
-13318
-14606
-9521
-2718
2180
6959
8057
9859
7635
6371
4915
1538
-791
-5635
-4980
-3831
1107
5747
9444
12876
12553
11712
8239
4990
707
-4820
-10120
-14220
-15548
-14268
-12151
-7700
-3855
602
3581
5878
8382
9529
11609
10936
10934
9098
7405
6262
4472
3463
933
-1313
-4272
-6744
-6975
-6785
-5157
-4625
-3540
-1027
1042
5094
7693
11073
11493
10754
9162
7154
6692
4392
3344
677
-1120
-3066
-4413
-4988
-5749
-6341
-8247
-9673
-10229
-9920
-8884
-7618
-6678
-5810
-5697
-4746
-3728
-2462
-1863
-2196
-2885
-4026
-4548
-4553
-4655
-5436
-6652
-8465
-10143
-11870
-11911
-11883
-12051
-12332
-12860
-11442
-9300
-6001
-1823
4516
13522
22200
27017
27851
26725
23650
17113
7352
-554
-8258
-13236
-15698
-13282
-5921
-1501
4274
6140
9292
9539
8020
8235
4500
3385
-1997
-3208
-2598
139
5225
7010
10616
10519
10292
8018
4398
1956
-3087
-7477
-11794
-13885
-12612
-11484
-7840
-5172
-1218
2127
3712
6449
7511
10396
10417
9563
8897
8869
9528
7863
6320
3888
612
-3414
-7302
-8765
-8760
-9077
-7977
-6314
-2549
1192
5124
8950
11077
12892
11367
10554
8999
7822
6126
3083
1334
-1197
-2456
-4732
-5811
-6423
-7580
-8292
-9324
-8609
-7779
-7139
-6892
-6645
-5885
-5804
-5795
-5205
-4525
-3422
-3264
-2643
-1939
-1825
-2151
-3511
-4438
-6838
-8903
-10996
-12742
-13475
-14136
-13856
-13125
-11861
-10450
-8511
-5403
-2178
982
6367
13027
20933
24569
24555
23451
19681
14784
5985
242
-5590
-10360
-12385
-11995
-5586
-2162
2985
5661
7852
8888
7096
8023
5728
4917
1394
-547
-225
557
3876
5269
7603
8233
7506
5597
2570
548
-2519
-6309
-9323
-11407
-11094
-10507
-8345
-5199
-1990
1340
2829
5078
6663
8651
10450
12149
13131
11754
10291
7330
4857
1831
-1769
-5001
-8803
-9691
-10312
-7567
-5317
-2781
645
1991
5619
6837
10839
11737
12341
11321
8726
8125
5130
4719
1380
-266
-3301
-5689
-7039
-8272
-7648
-8679
-8459
-8958
-8381
-7592
-6952
-5817
-5006
-4498
-4119
-3851
-2581
-2379
-2204
-2913
-3798
-3816
-4475
-4197
-5109
-6020
-8492
-10911
-12774
-13728
-13670
-13728
-12779
-11569
-9308
-6825
-3763
-559
1857
4995
8718
15117
20829
22614
22284
18676
15323
8323
2026
-3202
-7560
-9102
-11154
-6705
-2527
2688
6262
8102
10025
8148
7911
5492
4147
2088
-545
-873
-950
1854
4318
6484
7912
7425
6510
3529
986
-1635
-4930
-7459
-10360
-10889
-10655
-8781
-5694
-2726
1030
3476
6139
7727
9249
11015
11007
9911
7755
5658
3532
1042
-291
-1707
-2852
-4163
-5567
-5037
-4906
-3588
-2564
-861
1314
3061
5965
7695
10138
10695
10137
8852
6871
5551
3266
1520
-618
-2453
-4031
-5616
-6351
-7056
-7532
-8243
-8913
-8873
-8626
-7908
-6934
-5725
-4604
-3895
-2951
-1984
-1329
-1346
-1799
-2270
-2810
-3449
-4372
-5596
-7167
-9138
-10889
-12511
-13179
-12953
-12492
-11650
-10847
-8990
-7647
-5661
-3462
-1237
3116
8239
16291
21675
23988
23671
20605
16989
8873
2557
-4061
-8900
-11140
-11553
-5880
-1664
3731
6945
8878
10272
8360
8335
5499
3294
215
-2607
-1918
-995
3170
6100
8472
9571
8676
8015
4969
2340
-1253
-5532
-8909
-11989
-12009
-10857
-8230
-5127
-2578
694
2796
6274
9583
11676
12047
10442
8696
6487
4720
2752
623
-1334
-3314
-4638
-4460
-4535
-3967
-4136
-4021
-3200
-1682
1707
4309
7677
8995
9916
9756
8703
7921
5745
4255
1658
-336
-2174
-3455
-3801
-4781
-5397
-6825
-7969
-8835
-9683
-9313
-8921
-7882
-6968
-5819
-4229
-2860
-1207
-310
-314
-1069
-2034
-2877
-3498
-4080
-4860
-6581
-8363
-10242
-11877
-12347
-12384
-12145
-11466
-11014
-10138
-8911
-7476
-4933
-2639
1269
5245
12018
19328
22911
24725
21872
18602
12109
4424
-1543
-7726
-9445
-11320
-8327
-3181
1174
6885
8327
11112
9872
8413
6669
2961
1685
-1932
-1620
-1041
1439
5241
6953
9360
8716
7876
5681
2459
-17
-4372
-6985
-9632
-10784
-9377
-8331
-4914
-2913
171
2015
3157
4832
4677
6526
7068
8637
10020
10295
9774
7270
4688
1074
-2777
-6162
-9235
-10167
-9365
-7076
-3014
417
4201
6417
8260
9374
9355
9552
7833
6464
3897
2449
1710
955
969
-171
-752
-2605
-4024
-5476
-7071
-8112
-9787
-10333
-10473
-9745
-8420
-6916
-5097
-3780
-2561
-1581
-955
-452
-850
-1953
-3008
-4089
-5087
-6230
-7531
-8597
-9949
-11157
-11928
-12144
-11768
-11607
-10981
-9971
-8656
-6645
-4696
-2102
1428
6134
13103
18745
22197
22387
19927
16204
9815
3919
-2258
-6622
-9039
-9467
-5809
-1426
3496
7209
8877
9554
7987
6952
4832
2360
541
-1878
-1328
-639
2817
5935
8180
9753
8775
8006
4647
2347
-800
-4351
-7136
-9480
-9539
-8849
-7074
-4497
-2200
379
1917
3631
5743
7651
10674
10744
9601
8195
6674
4821
1968
-341
-2607
-5225
-6563
-7176
-4890
-3125
-2560
-398
-153
2802
3748
6794
8344
8880
9186
6211
6583
4083
4232
2311
1062
454
-1346
-1302
-3194
-3062
-4855
-6689
-8544
-10450
-10306
-10058
-9046
-7960
-6881
-4943
-3825
-1997
-799
-23
-108
-1627
-2042
-2768
-2806
-4219
-5309
-6581
-8441
-10243
-12342
-12592
-12592
-12531
-12195
-11074
-8885
-7534
-5612
-2926
-825
2354
5761
12009
17694
20051
20671
18245
15441
9582
3294
-1337
-6645
-8198
-9549
-6448
-1612
1921
7248
7859
10202
8434
7254
5878
2260
1416
-2600
-1986
-1846
688
4085
5849
8541
7897
7386
5351
2942
1137
-2481
-4953
-7295
-8771
-8218
-7764
-4748
-3121
-468
1600
3568
6669
7735
9727
9643
8905
7576
5710
4295
1740
-286
-2371
-4738
-5224
-6417
-4916
-3938
-2677
-596
715
3906
4908
7682
7821
8334
7965
6328
5729
3611
3049
1482
702
-414
-1174
-1370
-2230
-3076
-4431
-6130
-7220
-8709
-9160
-9152
-8663
-7720
-6834
-4922
-3717
-1704
-828
3
-178
-971
-1896
-3192
-4187
-5389
-6218
-7788
-9099
-10047
-10473
-11127
-10917
-10816
-9887
-9152
-8130
-6467
-4986
-2586
-1280
1490
4563
9414
14541
17104
18291
16798
14055
9214
3998
-149
-4435
-6902
-7888
-5645
-1624
2086
6430
8660
9669
8301
6732
5181
2934
1312
-829
-1024
-834
834
3302
5534
7277
7371
6538
4401
2328
283
-2022
-4319
-6159
-7326
-7211
-6340
-4302
-2055
122
1991
3393
5218
6635
8219
8796
8488
7142
5598
3631
1542
-348
-2034
-3577
-4993
-5244
-4917
-3322
-2102
-323
1343
2984
4475
5589
6853
7129
7199
6005
4741
3503
2463
1649
630
-48
-824
-1494
-2351
-3238
-4021
-5301
-6518
-7873
-8700
-8982
-8855
-8129
-7107
-5120
-3717
-2253
-1535
-1088
-1079
-1940
-2321
-3255
-3756
-4960
-5632
-5840
-6745
-7597
-8645
-9255
-10054
-10656
-10214
-8891
-7493
-5804
-4360
-1862
148
2454
5524
7948
11867
13569
14923
13294
11245
8671
4562
1364
-2686
-3558
-4819
-3328
-957
2869
5627
6777
7702
6808
6223
3756
2772
880
119
-812
-247
1378
3359
5331
6088
6461
5519
4381
1863
207
-2161
-3591
-5569
-6289
-6374
-5607
-4160
-2774
-626
992
3346
5199
7537
7980
8081
6837
5550
3725
1674
123
-1636
-2384
-3185
-2822
-2394
-2062
-1646
-1145
-636
315
1263
2903
3827
5036
5618
6055
6139
5394
4850
3298
2389
882
75
-830
-1357
-2054
-3141
-4139
-5222
-6053
-6949
-7709
-8064
-7978
-7589
-6501
-5464
-3954
-3181
-2406
-2485
-2579
-2457
-2555
-2495
-3014
-3259
-3866
-4783
-5999
-7530
-8820
-9961
-10685
-10537
-10335
-9157
-8068
-5909
-3754
-1651
915
2870
6055
8712
12683
15016
15008
13555
10085
7453
3193
343
-1946
-3662
-3533
-3433
112
2501
5295
6740
6189
5844
3382
3080
1601
1443
1359
1000
2131
2566
5080
6527
7410
7091
5229
3387
712
-973
-2436
-3895
-4811
-6170
-6213
-5452
-3907
-1832
-629
930
1518
2637
4925
7873
10325
9654
7801
5668
3381
1374
-806
-2350
-3854
-5550
-5236
-4159
-1335
430
1232
2014
1159
2513
2671
4696
5360
5275
4944
3054
3702
2626
3417
2153
974
-484
-2429
-2764
-3973
-3743
-5187
-6334
-7907
-8884
-8514
-8153
-7149
-6324
-5189
-3972
-3099
-1917
-1447
-1433
-2099
-3356
-3758
-4043
-3572
-3913
-4952
-5845
-6985
-7917
-9145
-10142
-10290
-11108
-10279
-9163
-6622
-3879
-1660
2229
4716
8909
11468
14317
15101
13777
11758
7590
4478
882
-1134
-3051
-3610
-2818
-677
1568
3909
5555
6253
5546
3889
3031
1464
1384
575
1372
2092
3463
5366
6549
8208
7753
7036
4346
1824
-416
-2818
-4359
-5910
-6229
-6338
-5483
-3842
-2174
-267
822
1960
2956
4346
6589
8224
8281
6906
5337
3595
1635
-264
-1618
-3084
-4072
-4506
-3384
-1620
-599
535
870
1592
1807
2628
3637
4194
4671
3992
3809
3481
3535
3425
2742
1947
666
-543
-1889
-2689
-3258
-4299
-5484
-6724
-7278
-7391
-7228
-6911
-6632
-5853
-5414
-4490
-3944
-3407
-2805
-2674
-2221
-2239
-1588
-1491
-1695
-2661
-4192
-5681
-7625
-9446
-10791
-10955
-10837
-10077
-9005
-7065
-5238
-3425
-656
2057
4960
6802
9195
12132
13416
13719
11464
9253
6019
2210
-191
-2845
-2785
-3345
-1896
144
2266
4835
5196
5947
4896
4020
2774
1936
2072
2203
2685
3390
4231
5685
6463
6623
5819
3840
1932
-859
-2558
-4568
-5445
-6280
-6444
-5522
-4055
-1837
-179
1685
2952
4535
5917
7799
8717
8365
6617
4427
2350
104
-1564
-3157
-3935
-4188
-3745
-2264
-924
339
1029
1202
1526
1503
2765
3174
4084
4039
3933
4018
3442
3644
2738
2541
1046
186
-845
-1528
-1842
-2672
-3230
-4333
-5220
-6336
-7009
-7403
-7517
-7257
-6526
-5688
-4409
-3839
-3219
-3259
-3144
-3265
-3295
-3018
-3034
-2525
-3017
-3212
-4624
-6495
-8676
-9949
-10242
-10515
-9991
-8829
-6954
-4701
-2401
1053
3986
6452
8723
10625
12473
11985
11934
9450
7097
3162
327
-1425
-2966
-2441
-2614
-199
195
3007
4174
5659
5846
4809
4560
2522
2905
1831
3031
3135
3866
4552
4885
5729
5292
4425
2317
135
-2133
-4136
-5473
-5751
-6069
-5137
-4347
-2195
-487
1556
3744
5471
7069
7268
7682
6502
4989
3036
965
-817
-2512
-3360
-3439
-3110
-1732
-887
690
744
1032
1253
992
1843
1484
2832
2381
3268
2968
3187
3547
3018
3150
1720
1474
11
-309
-1399
-1638
-2103
-2914
-3495
-4382
-4548
-5289
-5346
-5852
-5939
-6014
-5873
-5416
-4993
-4871
-4564
-4592
-4225
-3878
-3339
-2840
-2855
-2517
-3318
-4095
-5440
-6606
-7617
-8810
-9298
-9078
-8140
-6653
-4850
-2037
1141
4229
7371
9362
11215
11487
10768
9247
6542
4272
1108
-1041
-2549
-3290
-2197
-1631
498
1569
2740
3776
3644
4697
3666
3920
3260
3256
4025
3962
5646
5687
6369
5604
4473
3666
1573
363
-1838
-3242
-4395
-5464
-5014
-4519
-2791
-1558
-311
1167
1884
3206
3487
4439
5180
6099
7361
7874
7857
5705
3341
291
-2517
-4939
-6727
-6993
-6516
-4455
-1786
1392
3766
4667
4881
3985
3263
2536
2080
1781
1135
1081
741
1244
1578
1771
1573
425
-605
-2111
-2880
-3620
-3999
-4550
-5300
-5446
-5417
-4788
-4156
-3677
-3652
-4135
-4530
-4971
-5058
-5233
-5492
-5523
-5497
-4831
-4150
-3365
-3256
-3671
-4592
-5750
-6595
-7230
-7514
-7179
-6176
-4371
-1715
1118
4090
6327
8533
9556
9944
9189
7561
5746
3425
1719
110
-794
-1506
-1637
-1327
-698
48
886
1218
1893
2314
2914
3577
4233
5213
5414
6052
6033
6527
6045
5297
4295
2908
1293
-603
-1837
-3122
-3895
-4508
-4423
-3946
-3091
-2221
-927
0
1347
2735
4845
6685
7922
8412
7354
6391
4078
2269
-332
-2466
-4280
-5467
-5107
-4517
-2861
-1757
-710
199
726
1624
2234
2896
3182
2781
2658
1887
1994
1718
1647
1490
704
378
-601
-702
-1290
-1742
-2511
-3465
-3838
-4298
-4161
-3869
-3388
-2950
-2860
-2637
-2645
-2725
-3002
-3695
-4255
-5076
-5355
-5527
-5032
-4340
-3928
-3734
-4126
-4027
-4317
-4537
-4903
-5483
-5868
-6363
-5477
-3928
-1889
419
2295
4556
5968
7324
8215
8048
7361
5357
3728
2055
871
561
-324
-522
-1263
-1310
-799
-308
1124
1428
2311
2434
3134
4304
4995
6178
6028
6211
5604
5233
4865
4096
3529
2009
706
-789
-1712
-1997
-2341
-2329
-2671
-2689
-2440
-1986
-821
323
1871
3302
4797
6444
7037
7027
6204
4705
3116
517
-1103
-2901
-3896
-4121
-4417
-3069
-3188
-1735
-1502
-685
137
89
1484
912
2163
1705
2271
2368
2007
2361
1083
1131
-140
-383
-1146
-1702
-1936
-2738
-2885
-3467
-3418
-3425
-3329
-3055
-2969
-2673
-2564
-2410
-2387
-2764
-3025
-3504
-3442
-3765
-3991
-4445
-4717
-4820
-5182
-4975
-5191
-5023
-5333
-5260
-5054
-4782
-3887
-2761
-969
680
2106
3461
4282
5096
5042
4628
3870
2900
2460
1670
2048
1900
2146
1440
960
578
-66
-5
-522
95
-255
514
1170
2525
3643
4375
5259
5279
5592
5273
5426
4973
4504
3554
2618
1510
605
-101
-540
-1005
-1230
-1355
-1228
-436
458
1854
2327
3183
2959
3128
2859
2657
2576
1736
1679
1170
1512
1303
1150
715
-450
-1465
-2600
-3120
-3326
-3409
-2883
-2542
-1627
-798
361
1557
2076
2643
2128
1928
1108
698
137
-476
-893
-1731
-1991
-2376
-2302
-2356
-2402
-2432
-2508
-2493
-2339
-2302
-2272
-2593
-2934
-3222
-3454
-3139
-2797
-2247
-2020
-2191
-2616
-3312
-3710
-3963
-4414
-4637
-5028
-4822
-4524
-4038
-3065
-2541
-1550
-943
183
1548
2412
3573
3414
3379
2599
1635
1464
632
1139
532
858
1229
1358
2307
1510
2012
1003
611
112
-574
190
-211
1020
1457
2789
4160
4948
6158
5865
5769
4628
3650
2736
1950
1578
1141
868
837
855
951
1172
1209
1603
1238
1446
1294
1663
1640
1398
1510
1206
1571
1292
1982
2123
2494
2185
1609
955
-277
-1109
-2356
-2910
-3639
-3756
-3643
-2952
-1995
-988
-245
295
698
887
984
765
770
357
17
-567
-934
-1273
-1684
-2027
-2362
-2590
-2543
-2382
-2095
-2029
-2160
-2358
-2745
-2695
-2584
-2046
-1825
-1514
-1273
-1094
-1034
-1277
-1534
-2184
-2734
-3276
-3422
-3428
-3455
-3410
-3550
-3347
-3019
-2422
-1552
-717
499
1051
1660
1846
2175
2307
2008
1980
1554
1506
1064
1191
1204
1256
957
700
547
405
372
171
221
-153
-74
-215
521
1175
2059
2678
3083
3667
3739
4159
3973
4009
3552
3087
2764
2316
2072
1526
1184
1139
1134
1784
1941
2293
2165
1721
1561
629
787
134
408
330
386
1068
944
1762
1240
1189
319
-557
-951
-1788
-1594
-2059
-2005
-2212
-2323
-1863
-1744
-1072
-906
-487
-126
143
725
796
958
500
-63
-774
-1474
-1821
-2246
-2338
-2496
-2460
-2294
-2084
-1752
-1766
-1854
-2047
-2180
-2175
-2281
-2208
-2277
-2224
-1999
-1500
-997
-740
-871
-1148
-1657
-2202
-2509
-2931
-2763
-3053
-2446
-1901
-1006
-165
-68
622
402
968
969
1336
1581
1227
1036
561
500
519
364
457
639
701
1376
1184
2007
1455
1348
872
346
962
211
1055
522
1332
1535
1907
2849
2890
3534
3004
3047
2774
2582
2469
2294
2127
2133
1760
2010
1961
2283
2227
1629
1546
880
1177
616
665
377
114
130
-43
485
588
737
536
234
126
-37
-103
-214
-643
-931
-1660
-1959
-2342
-2339
-2189
-1993
-1350
-842
-26
364
681
541
202
-343
-771
-1160
-1309
-1651
-1856
-2067
-2138
-1938
-2040
-1673
-1819
-1479
-1623
-1592
-1548
-1809
-1840
-2378
-2240
-2058
-1520
-953
-637
-246
-277
-501
-839
-1344
-1675
-2148
-2333
-2161
-2022
-1653
-1522
-1133
-846
-806
-609
-522
-6
459
892
1325
1402
1538
1372
1165
1047
733
531
212
186
556
785
1221
1261
1479
1636
1690
2082
2111
2323
2081
1906
1938
1985
2226
2162
2014
2004
1790
1949
1927
2048
2286
1900
2158
1659
1992
1847
1683
1800
1051
1351
612
903
697
452
535
-270
16
-517
-238
-250
-478
-304
-850
-570
-850
-696
-604
-731
-545
-967
-947
-1306
-1408
-1512
-1585
-1375
-1331
-936
-629
-148
152
187
19
-457
-928
-1323
-1688
-1748
-1911
-1847
-1818
-1858
-1567
-1700
-1444
-1577
-1389
-1174
-1284
-1055
-1296
-1047
-997
-937
-820
-1032
-1158
-1279
-1380
-1035
-1008
-910
-932
-1310
-936
-1309
-806
-863
-681
-257
-522
226
13
615
472
259
327
-149
167
-25
440
863
1100
1511
1305
1475
1152
924
792
572
1016
1013
1616
1721
2214
2504
2505
2661
2183
2096
1353
1243
1140
1480
1662
1613
1505
1372
1477
1620
1950
1823
1781
1084
935
584
796
878
795
887
559
821
652
990
891
578
16
-751
-977
-1131
-883
-638
-595
-553
-884
-951
-1051
-1095
-1052
-1376
-1303
-1480
-1128
-879
-595
-394
-475
-434
-547
-447
-449
-421
-614
-685
-1003
-1209
-1804
-2376
-2768
-2973
-2434
-1947
-993
-531
-216
-120
-226
-148
-455
-686
-1255
-1657
-1911
-1799
-1394
-998
-631
-734
-676
-890
-533
-375
-185
-179
-757
-817
-1346
-903
-855
-540
-187
-192
494
531
1324
1600
1763
1693
1011
775
208
183
125
97
309
406
861
1275
1741
2162
2313
2260
2185
1918
1884
1637
1620
1617
1381
1465
1126
1382
1144
1176
952
783
837
602
834
632
1044
979
1299
1309
1428
1584
1428
1604
1275
1249
756
345
-55
-407
-503
-565
-598
-472
-672
-673
-909
-1009
-903
-1095
-811
-1039
-802
-960
-1023
-1081
-1357
-1332
-1521
-1295
-1026
-542
-62
263
374
195
-303
-970
-1771
-2476
-3105
-3448
-3441
-3009
-2212
-1324
-410
164
572
582
421
-63
-624
-1188
-1696
-1940
-1924
-1563
-1109
-600
-267
88
173
221
135
0
-66
-302
-318
-485
-470
-429
-387
-165
-86
174
413
629
1024
1178
1353
1206
939
803
488
503
316
537
740
1033
1322
1383
1532
1310
1277
1077
1306
1419
1700
1781
1812
1853
1628
1587
1201
1115
766
699
641
785
945
972
990
903
941
950
1110
1255
1541
1602
1652
1374
1198
781
418
-65
-506
-668
-942
-783
-858
-592
-623
-657
-688
-859
-851
-1137
-1296
-1513
-1644
-1614
-1625
-1416
-1237
-1004
-726
-541
-203
-84
20
-146
-456
-825
-1348
-1788
-2258
-2520
-2664
-2729
-2523
-2226
-1700
-1191
-792
-246
-70
265
200
126
54
-431
-477
-896
-769
-657
-554
-2
-7
556
488
551
550
120
252
-258
-81
-236
-196
-39
-70
360
532
947
1058
1170
1107
1191
1096
1188
1060
941
828
509
639
437
689
581
633
648
651
946
1129
1504
1561
1583
1358
1214
1057
921
740
419
163
-180
-305
-383
-376
-238
-216
-10
181
530
931
1137
1348
1286
1325
1215
1142
1055
894
750
505
336
66
-183
-546
-819
-1077
-1219
-1290
-1324
-1214
-1123
-950
-837
-741
-687
-698
-783
-885
-1002
-1033
-996
-920
-687
-497
-253
-157
-205
-312
-649
-950
-1328
-1590
-1716
-1873
-1831
-1809
-1709
-1494
-1347
-932
-619
-303
-13
43
350
297
402
242
24
-22
-221
19
99
451
666
840
963
958
875
687
396
123
-101
-208
8
253
919
1227
1671
1613
1520
1181
698
430
-28
35
-221
124
197
613
795
828
813
444
407
170
405
523
855
935
1035
860
661
281
-97
-402
-764
-790
-981
-719
-678
-311
-145
69
256
417
726
979
1334
1483
1640
1463
1336
915
658
292
72
-51
-179
-87
-143
-22
-105
-140
-328
-586
-846
-1102
-1199
-1162
-979
-724
-469
-267
-198
-239
-369
-536
-718
-926
-1031
-1117
-1059
-992
-832
-653
-500
-456
-563
-795
-1078
-1359
-1611
-1764
-1870
-1846
-1815
-1574
-1193
-664
-124
245
453
512
480
514
512
596
555
400
287
105
303
368
660
681
646
524
300
381
334
557
412
396
259
371
655
958
1290
1238
1145
729
488
209
58
-147
-397
-611
-702
-549
-253
134
447
647
640
630
528
526
400
286
45
-122
-262
-344
-290
-303
-221
-334
-329
-378
-209
8
259
569
788
1089
1308
1538
1686
1719
1637
1436
1172
936
609
341
-17
-247
-398
-440
-306
-201
31
50
70
-35
-132
-201
-379
-483
-690
-755
-802
-787
-697
-711
-665
-761
-742
-656
-537
-346
-320
-252
-355
-439
-602
-806
-997
-1269
-1420
-1526
-1425
-1260
-1050
-837
-614
-353
-111
140
325
472
517
536
563
569
579
491
392
305
261
291
347
417
437
419
383
373
392
404
342
267
201
231
324
464
572
569
460
206
-45
-334
-510
-692
-744
-673
-475
-123
187
535
658
699
561
387
239
66
-6
-118
-144
-189
-199
-217
-245
-277
-327
-361
-361
-245
-79
208
471
774
1006
1150
1238
1221
1234
1159
1110
977
818
594
343
96
-159
-337
-506
-552
-580
-450
-305
-85
89
179
202
27
-149
-416
-584
-700
-715
-673
-610
-512
-436
-374
-350
-367
-429
-471
-511
-461
-370
-246
-172
-171
-303
-491
-745
-947
-1065
-1114
-1012
-904
-637
-404
-78
190
420
611
692
745
699
667
555
489
339
267
159
108
57
17
98
127
286
296
346
261
121
-13
-154
-141
-133
-11
87
207
274
290
244
114
-25
-199
-326
-385
-364
-293
-249
-219
-205
-184
-136
-88
46
149
281
372
418
450
374
265
69
-103
-229
-282
-252
-150
15
178
324
448
555
630
695
757
861
955
1038
1025
904
674
365
32
-279
-485
-612
-613
-554
-377
-181
27
190
258
269
165
62
-90
-186
-274
-346
-420
-491
-521
-550
-523
-498
-423
-348
-261
-166
-78
-2
29
3
-61
-162
-258
-341
-412
-460
-530
-570
-628
-614
-546
-400
-193
-1
209
327
427
463
490
486
435
367
242
154
43
-24
-87
-127
-124
-135
-92
-45
42
127
172
196
150
108
46
6
10
-17
-5
-63
-75
-106
-138
-137
-200
-181
-221
-170
-122
-45
53
71
93
34
47
60
133
222
279
315
285
230
161
72
-15
-122
-201
-227
-173
-14
156
376
514
631
680
709
728
701
674
568
481
329
190
39
-103
-222
-332
-383
-377
-288
-158
-17
102
196
228
229
168
94
-15
-110
-206
-285
-339
-405
-428
-473
-456
-437
-381
-325
-268
-197
-141
-55
-14
7
-51
-184
-365
-551
-687
-757
-736
-655
-532
-380
-237
-78
63
160
200
178
141
92
96
120
169
203
209
196
167
164
137
131
78
14
-68
-152
-188
-206
-175
-140
-76
0
114
240
348
431
419
347
218
63
-60
-166
-217
-247
-245
-187
-116
24
154
292
358
353
312
209
159
96
90
77
60
38
13
46
91
183
268
327
368
387
428
462
474
469
395
317
232
207
219
246
279
213
137
10
-73
-127
-140
-111
-116
-88
-74
-23
12
38
27
-35
-91
-149
-152
-138
-133
-153
-218
-293
-369
-421
-455
-480
-480
-490
-464
-428
-378
-328
-319
-326
-391
-431
-464
-473
-459
-431
-379
-339
-274
-213
-140
-88
-40
5
50
95
132
168
171
162
130
65
-5
-69
-111
-126
-100
-38
26
97
142
166
164
145
139
117
108
91
108
145
193
236
238
212
129
60
-11
-32
-15
20
83
132
196
251
298
323
308
269
202
151
128
126
150
155
160
143
139
141
166
234
284
343
380
413
433
412
367
282
190
102
39
16
34
89
133
162
172
129
79
10
-48
-93
-118
-120
-110
-64
-46
-32
-56
-108
-161
-221
-238
-242
-219
-214
-242
-299
-388
-462
-529
-554
-536
-496
-421
-351
-278
-226
-216
-253
-339
-438
-522
-543
-511
-423
-322
-238
-175
-164
-153
-135
-97
-41
22
87
138
188
230
238
224
167
82
-7
-67
-71
-37
35
95
145
172
177
190
193
205
208
214
216
223
248
258
267
256
220
175
145
166
205
279
350
397
412
382
322
232
154
85
48
28
25
54
75
107
137
149
160
162
155
147
137
127
123
106
83
54
28
25
42
79
123
149
140
115
68
21
-12
-32
-36
-52
-66
-75
-79
-76
-85
-114
-154
-194
-236
-266
-280
-284
-281
-267
-253
-251
-265
-288
-340
-400
-451
-489
-492
-472
-440
-411
-383
-357
-333
-326
-348
-374
-400
-402
-373
-323
-249
-195
-158
-127
-103
-47
20
98
170
220
247
230
214
179
136
100
56
47
40
69
132
200
283
339
385
387
369
329
289
271
256
267
265
258
246
261
312
372
426
416
359
280
194
166
165
203
226
192
139
100
114
157
203
164
87
5
-80
-80
-10
68
105
97
25
-50
-75
-77
-45
-4
-2
-18
-22
-10
34
94
108
89
53
8
-6
8
47
92
100
49
-39
-148
-244
-292
-296
-280
-270
-271
-289
-300
-291
-281
-268
-277
-318
-362
-390
-398
-358
-286
-249
-250
-283
-334
-369
-362
-335
-289
-253
-254
-274
-303
-308
-295
-253
-203
-147
-82
-29
35
103
163
200
211
209
201
191
197
229
273
309
317
286
220
158
136
162
234
320
384
417
424
428
438
450
455
434
383
309
248
224
241
280
304
307
284
267
261
257
248
210
149
64
-10
-55
-65
-50
-25
-4
-1
-8
-17
-32
-44
-61
-104
-152
-208
-254
-278
-278
-254
-222
-189
-148
-99
-41
24
86
131
138
122
60
-22
-95
-149
-176
-193
-197
-187
-173
-161
-152
-164
-217
-300
-387
-467
-506
-496
-438
-354
-274
-205
-169
-146
-150
-161
-172
-179
-196
-227
-248
-283
-299
-292
-289
-274
-263
-259
-245
-222
-174
-109
-42
22
76
121
154
188
218
236
234
214
186
176
193
224
254
266
249
206
149
87
54
64
104
181
274
374
476
563
626
648
641
594
520
430
344
284
241
225
210
190
155
121
96
84
93
99
100
101
98
91
85
72
50
12
-29
-53
-57
-37
-16
-5
-34
-111
-218
-357
-483
-564
-606
-594
-531
-437
-325
-191
-63
56
149
201
226
209
160
80
-7
-90
-168
-235
-282
-305
-307
-299
-287
-289
-315
-344
-361
-367
-341
-291
-229
-149
-77
-12
44
87
109
119
115
82
45
-20
-93
-182
-281
-359
-400
-387
-326
-231
-124
-34
37
95
134
158
159
142
112
99
102
123
156
180
173
141
96
31
-36
-106
-173
-226
-245
-216
-136
-14
117
236
326
384
437
482
507
502
461
386
286
183
90
7
-58
-84
-85
-58
0
61
97
110
89
47
23
4
17
56
97
135
172
192
186
164
119
49
-37
-146
-272
-383
-489
-556
-575
-535
-441
-314
-154
-3
132
235
299
323
308
270
235
204
176
156
124
76
15
-50
-115
-168
-220
-264
-306
-331
-327
-287
-218
-132
-40
40
123
197
254
289
303
292
259
219
175
121
48
-28
-118
-186
-227
-239
-219
-196
-161
-130
-103
-62
-25
17
52
82
116
143
166
170
157
103
26
-59
-136
-187
-216
-236
-266
-271
-263
-225
-154
-73
22
107
187
252
305
341
351
336
299
251
189
136
84
31
-13
-60
-87
-95
-80
-62
-40
-18
-10
-4
-13
-13
-3
6
24
50
73
95
103
80
32
-30
-102
-183
-252
-321
-371
-395
-392
-360
-305
-231
-144
-52
35
107
156
186
200
203
195
178
156
117
74
27
-32
-81
-114
-149
-174
-197
-201
-190
-164
-127
-84
-30
32
91
139
187
219
240
234
205
176
148
126
102
66
19
-39
-100
-153
-182
-183
-182
-154
-112
-59
8
72
132
164
174
169
155
131
95
54
-1
-56
-112
-150
-157
-148
-119
-91
-71
-61
-56
-40
-22
-4
21
57
103
164
220
261
290
295
271
229
170
109
45
-24
-77
-113
-120
-97
-48
-2
31
46
45
28
3
-10
-12
1
25
62
98
124
127
89
23
-66
-157
-237
-298
-334
-347
-347
-327
-280
-209
-125
-39
47
117
168
204
213
199
173
140
107
81
63
55
36
18
-18
-60
-96
-132
-152
-148
-127
-98
-52
0
49
99
147
188
227
253
263
250
215
172
129
85
49
21
-8
-30
-56
-84
-106
-136
-144
-141
-125
-93
-55
3
31
45
50
34
20
-9
-23
-34
-41
-62
-87
-105
-131
-141
-148
-144
-118
-92
-64
-39
-29
-26
-24
-7
26
67
122
180
217
226
215
172
122
73
27
-14
-42
-56
-63
-61
-59
-56
-42
-20
5
40
64
68
58
28
-5
-41
-68
-83
-79
-76
-78
-84
-107
-140
-182
-203
-216
-208
-176
-123
-58
-5
43
76
99
119
125
125
117
101
75
47
13
-16
-39
-63
-77
-85
-87
-95
-102
-103
-102
-93
-69
-35
10
71
126
166
192
212
209
192
167
129
90
44
2
-39
-82
-110
-137
-155
-148
-118
-78
-42
-5
13
18
8
-10
-24
-24
-16
-14
-6
-15
-34
-54
-82
-117
-144
-149
-151
-137
-123
-106
-99
-93
-79
-67
-40
-13
10
42
78
108
148
183
206
212
209
190
157
116
67
10
-36
-67
-77
-61
-28
7
34
53
44
31
18
7
-8
-14
-7
-7
8
-1
-21
-51
-90
-116
-139
-140
-134
-117
-102
-91
-78
-70
-56
-43
-25
-4
28
58
86
111
116
101
76
46
13
-14
-32
-44
-53
-51
-51
-45
-30
-10
11
17
35
53
69
69
66
70
69
79
89
91
101
88
56
17
-32
-57
-70
-80
-80
-84
-77
-68
-72
-76
-82
-87
-81
-71
-50
-30
-18
-19
-29
-36
-41
-43
-46
-44
-53
-67
-76
-92
-112
-120
-121
-113
-84
-49
-10
35
74
114
146
177
208
227
233
220
199
164
119
75
31
7
-1
-14
-13
-9
-13
-12
-8
-9
-7
5
22
43
51
55
45
17
-15
-40
-58
-69
-70
-79
-78
-67
-72
-72
-82
-89
-80
-68
-46
-23
-7
18
34
44
59
65
66
63
46
20
-1
-29
-43
-51
-53
-41
-22
-3
9
20
23
30
53
83
114
146
162
166
155
131
111
90
78
69
70
72
70
62
41
14
-22
-51
-57
-64
-73
-75
-76
-81
-89
-90
-81
-61
-41
-23
-12
-13
-18
-34
-47
-61
-75
-84
-85
-87
-102
-109
-114
-114
-95
-62
-23
24
81
123
155
180
192
196
197
191
176
148
114
78
30
-8
-38
-59
-59
-48
-40
-21
0
8
15
14
24
35
49
61
54
35
9
-28
-62
-80
-95
-96
-83
-72
-66
-64
-65
-64
-61
-48
-34
-11
10
20
13
-3
-12
-22
-25
-33
-33
-35
-32
-31
-39
-48
-58
-48
-38
-22
-1
22
37
52
65
64
73
78
79
81
76
71
68
62
60
68
75
74
72
58
29
3
-33
-62
-75
-84
-76
-65
-51
-50
-51
-59
-60
-45
-31
-6
18
44
54
47
18
-24
-58
-96
-125
-140
-143
-138
-126
-107
-84
-60
-28
9
40
67
85
96
111
115
109
114
108
105
88
60
27
-8
-28
-39
-44
-35
-11
13
38
47
53
61
60
58
58
59
50
49
33
11
-11
-35
-46
-48
-47
-43
-41
-39
-42
-55
-57
-57
-44
-28
-20
-1
7
5
-6
-16
-28
-35
-25
-26
-25
-30
-43
-44
-46
-44
-35
-21
3
27
51
55
57
59
53
48
40
37
37
30
29
19
12
18
21
30
38
37
25
3
-24
-54
-76
-89
-89
-87
-85
-67
-51
-42
-34
-21
-10
5
23
34
37
17
-2
-26
-56
-69
-77
-78
-75
-60
-58
-66
-67
-69
-54
-33
-8
30
61
94
118
130
126
118
104
79
56
33
16
6
-3
-12
-15
-2
11
18
25
27
28
32
32
24
22
30
29
25
14
-2
-8
-20
-26
-26
-23
-13
-1
12
9
-8
-30
-41
-59
-74
-78
-67
-35
-11
13
29
34
28
8
-21
-56
-72
-75
-73
-62
-39
-4
32
64
79
83
80
73
62
42
29
20
16
16
12
13
16
28
35
31
30
36
48
52
49
44
35
14
-2
-27
-47
-56
-58
-48
-46
-28
-7
-2
4
-4
-21
-28
-34
-41
-40
-43
-43
-41
-45
-61
-81
-101
-112
-111
-108
-89
-63
-41
-5
28
48
64
70
73
74
63
52
40
25
18
10
17
30
43
54
44
45
44
45
57
50
56
64
62
56
34
23
11
6
9
7
10
9
21
17
4
-17
-35
-47
-68
-70
-80
-80
-74
-71
-57
-45
-32
-26
-30
-46
-60
-68
-82
-86
-88
-82
-56
-27
7
35
40
52
52
42
37
28
26
31
37
35
33
34
39
42
49
57
64
77
75
77
66
60
52
41
34
21
15
9
7
2
2
9
17
23
31
31
27
20
9
-5
-13
-16
-16
-9
-10
-13
-26
-37
-43
-53
-68
-70
-58
-40
-23
-8
5
9
20
28
42
48
46
56
45
36
20
11
9
4
11
12
27
34
45
57
51
51
49
50
47
48
43
44
48
39
42
38
45
47
36
29
14
-3
-16
-23
-41
-42
-39
-38
-27
-29
-26
-21
-17
-12
-18
-24
-34
-40
-53
-67
-77
-87
-84
-73
-63
-45
-22
-2
18
30
26
18
14
12
2
-5
-12
-14
-3
-1
20
32
45
56
63
68
56
51
43
26
8
-6
-12
-9
-11
-12
-9
-10
-6
6
5
3
9
3
-1
-7
-23
-35
-41
-51
-61
-74
-77
-76
-73
-61
-58
-54
-45
-32
-29
-28
-17
-4
3
5
9
14
25
32
29
32
28
25
21
8
-1
-13
-8
-10
-7
-1
7
21
28
31
27
23
17
12
7
6
9
12
13
11
5
-3
-7
-9
-17
-24
-33
-42
-36
-38
-32
-17
-2
8
21
25
15
9
7
-8
-25
-33
-44
-41
-48
-48
-51
-47
-30
-13
7
14
27
32
37
23
3
-11
-23
-26
-33
-31
-20
-8
12
23
30
35
38
40
35
24
9
-8
-19
-27
-34
-35
-25
-8
9
25
34
36
40
30
20
15
9
2
-9
-17
-25
-29
-27
-29
-32
-30
-24
-13
-5
-8
-8
-6
-3
1
3
12
27
43
50
53
53
50
44
35
21
9
5
-3
-10
-12
-14
-9
3
18
30
42
50
60
56
45
34
20
11
-4
-13
-20
-26
-22
-21
-22
-16
-18
-21
-18
-21
-23
-25
-28
-29
-24
-16
-7
-1
11
15
13
11
5
5
-6
-6
-12
-10
-11
-9
-1
-5
4
15
21
29
40
43
45
49
46
39
37
35
33
34
32
37
30
22
19
1
-12
-20
-31
-31
-39
-36
-27
-17
-3
2
5
14
22
10
-1
-5
-15
-28
-47
-52
-50
-45
-40
-41
-38
-33
-26
-30
-33
-32
-35
-33
-36
-29
-29
-27
-18
-16
-4
4
15
27
32
26
13
-5
-22
-33
-41
-52
-55
-48
-36
-24
-5
13
34
59
73
79
67
56
39
16
-5
-26
-31
-30
-21
-8
-3
4
14
17
8
1
-1
-5
-2
-2
-1
-4
-7
2
12
12
11
19
13
9
-1
-18
-30
-31
-31
-33
-24
-16
-2
1
8
16
23
26
25
31
35
37
36
40
34
25
20
19
21
18
12
11
6
-5
-17
-29
-25
-17
4
15
26
33
35
45
40
32
23
14
3
-7
-31
-47
-50
-59
-56
-48
-34
-17
-4
5
9
3
-6
-22
-34
-38
-31
-22
-11
0
9
22
34
42
39
37
27
13
4
-9
-23
-38
-35
-29
-12
1
15
35
46
47
41
36
29
23
17
5
2
2
2
-1
-5
1
1
3
14
23
22
20
14
11
14
4
10
21
26
27
32
35
36
34
24
23
14
16
9
1
-1
-10
-3
4
14
29
43
52
56
51
37
21
12
10
11
13
20
29
32
35
30
17
7
1
-7
-15
-26
-30
-34
-32
-24
-18
-12
-7
9
17
16
6
4
-9
-27
-35
-49
-46
-44
-43
-37
-34
-30
-32
-32
-33
-27
-21
-23
-22
-27
-31
-27
-26
-26
-29
-25
-18
-8
-1
0
-2
-5
-2
0
-2
-1
-2
0
-4
-9
-7
2
6
6
16
16
15
19
12
7
4
-3
-2
3
8
12
15
11
3
6
4
6
10
10
6
9
12
9
10
10
12
8
13
16
17
17
12
8
2
3
3
1
1
0
0
-1
7
12
19
24
26
31
30
29
23
11
4
1
-3
-1
4
6
6
5
6
5
0
-5
-1
-7
-13
-13
-17
-13
-14
-15
-17
-19
-17
-18
-21
-18
-15
-20
-26
-27
-33
-33
-31
-32
-29
-28
-22
-19
-23
-23
-15
-14
-16
-15
-21
-21
-16
-13
-9
-4
0
15
27
34
36
35
29
29
32
28
25
27
25
30
34
32
38
39
39
49
55
59
56
51
46
43
44
44
45
45
58
60
59
51
51
55
45
48
45
43
42
40
43
32
38
45
38
34
29
25
20
25
25
18
11
8
5
9
11
12
13
12
16
15
21
14
8
4
-4
-1
-11
-17
-22
-20
-16
-13
-4
2
7
3
-4
-10
-19
-23
-28
-31
-28
-19
-14
-7
-5
-7
-5
-7
-8
-16
-27
-30
-40
-44
-46
-45
-36
-28
-26
-20
-16
-16
-19
-23
-29
-24
-24
-23
-17
-20
-12
-9
-4
1
13
13
20
25
28
33
25
22
12
15
13
14
13
18
24
26
36
29
32
29
27
21
18
14
6
10
14
14
18
25
25
19
18
25
15
11
3
-6
-8
-7
0
-4
1
8
9
9
8
-5
-11
-7
-14
-14
-17
-25
-24
-22
-10
-4
-4
3
3
6
5
3
-9
-18
-22
-32
-33
-41
-35
-26
-23
-16
-19
-12
-4
-8
-10
-11
-21
-29
-31
-40
-43
-30
-26
-24
-14
-5
-3
-3
0
-6
-8
-16
-21
-24
-21
-25
-31
-21
-14
-6
1
6
5
3
0
-9
-13
-13
-16
-23
-15
-9
-1
9
14
15
15
11
3
-1
4
0
-5
4
1
2
3
11
19
14
17
13
18
17
18
21
17
17
12
13
14
22
23
17
18
9
11
17
19
14
7
1
-1
-2
-7
-12
-10
-12
-12
-4
-8
-7
-7
-9
-16
-23
-31
-37
-31
-31
-27
-23
-14
-7
-9
-1
-5
-11
-11
-16
-13
-7
-10
-5
-2
-2
3
1
-5
-8
-5
-6
-12
-10
-5
0
-8
-13
-7
-8
-2
1
2
0
-3
-4
-3
-10
-8
-14
-12
-6
-13
-5
-9
-12
-9
-10
-12
-7
-2
8
6
2
3
2
4
5
6
6
12
15
16
17
17
21
22
21
22
22
11
11
6
7
7
10
11
16
17
13
10
10
10
7
7
-5
4
5
0
1
-3
-6
-5
-3
-11
-12
-13
-11
-6
-3
-2
-6
-13
-7
-7
-11
-13
-15
-10
-7
-6
-14
-20
-27
-26
-22
-21
-14
-13
-14
-13
-15
-10
-3
1
2
-5
-2
-6
-6
-5
-9
-16
-18
-17
-18
-10
-5
-2
7
7
3
7
5
-4
-3
-2
-4
-6
0
5
3
4
2
2
4
1
-2
-4
-4
-10
-6
-7
-7
-2
-3
-4
-4
-2
-10
-10
-9
-14
-10
-11
-15
-17
-18
-17
-11
-14
-10
-2
-6
-2
-1
-6
-4
-2
-5
-4
-2
-7
-10
-7
-4
-4
1
-1
2
3
2
10
6
6
1
-1
-3
-5
0
-1
4
2
5
10
0
-3
-3
-1
0
-3
-3
-2
-1
4
12
7
7
9
13
10
9
12
2
2
6
8
0
-3
3
11
17
20
18
13
10
13
12
4
-1
-3
4
2
3
2
0
10
5
14
18
11
7
6
4
1
2
1
3
2
3
7
0
2
9
9
10
5
-1
1
1
2
8
2
10
17
19
20
9
4
-3
5
5
1
2
-3
4
14
11
9
11
13
18
19
13
14
11
9
15
14
13
8
10
11
10
6
1
4
-2
5
10
16
22
25
29
23
19
23
25
29
30
25
28
25
24
21
19
20
23
25
21
19
14
18
14
13
5
4
7
7
7
8
4
0
3
-1
-3
0
-1
8
9
6
9
7
8
8
10
2
-8
-7
-4
2
-11
-9
-8
-4
9
4
1
4
6
10
10
-5
-5
-10
-6
-2
0
3
-5
0
0
3
-9
-8
0
-1
-1
-11
-8
-3
1
-1
-4
-5
-4
0
-1
-5
-9
-7
-7
-6
0
-8
-5
-3
-1
9
2
0
-2
1
7
-3
-6
-5
-5
-7
-5
-12
-24
-18
-12
-6
-5
-14
-15
-8
-1
-7
-15
-24
-17
-10
-14
-12
-23
-22
-11
-5
-4
-15
-17
-11
-7
-11
-15
-15
-11
-2
-2
-1
0
0
6
4
-1
-4
1
7
14
7
2
6
6
16
13
5
2
4
11
9
8
-2
-6
-2
2
0
-9
-15
-16
-5
-1
-5
-13
-13
-2
7
4
-14
-18
-8
0
3
-3
-12
-9
1
-4
-8
-10
-19
-3
3
-5
-11
-18
-11
-6
0
-9
-18
-15
-7
1
-8
-20
-28
-23
-10
-13
-23
-28
-23
-6
0
-5
-11
-11
-1
3
2
-10
-14
-8
-3
-1
-6
-2
-3
6
10
6
9
18
24
26
23
9
6
10
11
8
3
-10
-9
3
5
-2
-5
-11
-1
11
3
-4
-16
-15
-12
-12
-13
-18
-19
-15
-1
-1
-13
-23
-25
-17
-16
-20
-22
-24
-16
-4
-5
-7
-6
-3
-1
-4
-6
-2
2
-1
-4
-7
-8
-2
5
3
-4
-10
-8
-2
1
-4
-17
-22
-14
-9
-4
-6
-10
-10
-10
-3
-2
-4
-7
-12
-10
-3
-1
-3
-3
-9
-5
-3
-2
6
4
0
-11
-8
1
8
12
8
5
9
15
17
20
15
12
8
19
18
11
7
2
6
3
6
-3
-14
-13
1
6
4
-2
-6
-4
8
18
7
-6
-12
-9
-6
6
8
5
0
-4
1
10
25
24
14
-3
10
19
27
28
18
12
7
20
25
26
21
16
12
17
17
14
15
4
-3
-6
-4
1
5
8
1
-5
-10
-5
5
-3
-6
-13
-9
-6
-4
-9
-20
-12
-9
-3
-4
-14
-17
-8
7
4
-17
-28
-25
-16
5
-4
-19
-25
-21
-1
6
0
-12
-24
-23
-29
-28
-19
-12
-13
-26
-33
-38
-22
-5
-7
-30
-50
-39
-22
2
3
-27
-46
-38
-11
8
6
-11
-23
-20
-1
11
12
1
-2
4
6
8
9
14
16
9
4
1
12
25
21
16
8
3
10
18
19
10
4
6
3
1
2
1
5
9
10
-1
-10
-2
14
25
23
4
-3
12
22
33
21
3
-2
10
31
30
21
6
0
7
17
19
12
12
16
8
7
13
20
17
7
-3
-14
-7
8
17
-2
-17
-20
-16
6
7
-1
-19
-24
-10
5
13
3
-1
-4
-5
4
7
3
-4
-13
-13
-1
9
18
6
-1
-10
-6
11
15
17
7
-6
-5
4
9
8
-1
-2
5
9
10
5
-5
-11
-1
1
2
-4
-6
-8
-10
-1
-1
-4
-8
-8
-3
1
10
13
8
7
3
9
8
4
8
-3
-7
1
6
6
0
3
-2
-4
-1
-9
-7
-8
-3
0
-3
-4
-13
-9
-3
5
3
-6
-17
-21
-5
8
9
-7
-15
-14
-7
8
10
8
-4
-6
-2
8
17
15
15
1
0
3
12
20
11
7
1
6
13
19
14
7
1
2
4
4
5
1
-2
1
5
4
8
7
6
10
9
12
10
5
1
-4
0
10
10
6
-3
-7
-2
11
17
8
1
-3
-5
-1
4
1
-5
-5
8
14
6
2
-1
12
12
-1
-15
-24
-12
-2
7
7
-3
-7
1
12
14
9
1
-3
2
9
12
10
9
17
9
4
12
26
34
18
3
-2
5
16
22
13
-4
-12
-4
11
13
-6
-19
-20
-18
-4
-5
-11
-18
-19
-19
-23
-25
-22
-17
-21
-29
-35
-27
-14
-8
-17
-29
-30
-18
-6
-2
-8
-23
-25
-14
-7
-6
-13
-17
-13
-14
-20
-33
-26
-9
-6
-6
-19
-29
-26
-6
3
-2
-20
-36
-30
-12
0
3
-9
-18
-14
-17
-6
-2
-7
-23
-37
-30
-22
-2
7
-4
-20
-32
-30
-9
12
15
0
-25
-27
-8
9
13
9
-14
-24
-19
-8
3
-5
-6
-14
-12
-11
-14
-9
-3
-2
-5
-13
-23
-15
-4
0
-6
-11
-18
-14
-10
-3
-9
-16
-13
-14
-7
-4
0
0
1
-1
2
-5
-2
9
-1
-7
-8
-6
2
13
12
4
-15
-24
-10
7
19
13
1
-7
-10
0
11
19
15
-8
-12
-3
11
19
12
2
-10
-17
-9
13
26
12
-1
-7
-3
4
13
22
15
5
5
11
21
20
15
4
2
5
14
24
23
21
15
10
7
15
21
25
27
16
4
4
14
30
44
37
18
-2
3
22
33
32
18
8
2
10
17
16
11
6
0
6
15
16
24
21
11
4
3
2
12
21
7
-3
-9
-9
6
14
8
-1
-15
-14
6
18
18
4
-9
-12
1
11
4
-4
-15
-17
-15
-8
-2
0
4
-7
-14
-18
-10
1
5
-1
-16
-22
-18
-1
0
-2
-11
-19
-12
-4
-1
-15
-16
-9
-13
-12
-13
-16
-27
-23
-17
-20
-14
-10
-7
-4
2
-2
-8
-11
-7
-1
-4
-3
-1
-4
-9
-7
0
1
4
1
3
3
2
3
-5
-2
-1
1
1
-3
0
1
4
2
0
-5
-4
3
10
7
4
0
-8
-10
-10
-9
-7
3
7
6
0
-5
-7
-7
4
7
3
-5
-12
-7
-1
-2
-4
-11
-11
-7
-3
0
-2
-4
-5
-7
-7
2
9
8
1
-10
-10
-10
1
1
-6
-10
-20
-14
-12
-5
-9
-4
5
-3
6
2
0
-9
-12
-7
-5
-4
-8
-4
-7
-17
-18
-12
-8
-1
-2
-10
-20
-15
-2
-5
-7
-13
-16
-14
-4
3
-4
-15
-18
-8
-2
-1
0
-3
1
4
4
10
1
8
13
13
10
3
8
8
15
13
9
7
10
18
17
19
7
3
3
8
12
3
1
7
6
0
-7
-12
-9
-6
4
5
-3
-10
-8
-1
2
-4
-7
-4
-1
4
3
0
-6
-3
-2
-2
-1
0
0
1
4
3
3
-1
0
-1
7
2
9
9
-4
-9
-20
-14
-9
-5
0
-1
-13
-13
-11
-9
-3
1
2
-5
-2
-4
-5
-12
-11
-2
0
3
-5
-1
-1
0
-1
-3
5
9
18
18
12
10
13
19
20
21
18
11
10
14
20
27
22
8
10
10
14
12
14
8
2
5
1
11
13
11
8
4
3
6
3
3
5
-1
3
1
9
10
9
13
6
2
-3
-2
10
14
22
12
5
7
0
6
4
5
6
0
-6
-8
-6
-6
-5
-10
-15
-17
-19
-12
-2
-2
-11
-19
-22
-16
-9
-10
-9
-10
-10
-6
-12
-9
-6
-11
-2
0
2
3
5
12
6
8
13
12
13
22
16
9
6
5
16
20
26
23
17
14
16
21
24
22
23
21
15
17
17
28
24
25
20
19
24
27
29
25
29
20
22
23
26
28
37
38
37
35
26
25
15
26
33
29
17
18
21
21
23
21
20
15
13
9
13
12
12
10
6
5
3
-2
-1
4
1
0
-12
-7
-1
4
3
-8
-10
-12
-10
-5
-1
-6
-8
-10
-8
-5
-6
-4
-6
-11
-7
-10
-5
-2
-4
-1
-6
-13
-13
-4
-1
-2
-5
-3
-7
-5
2
1
5
5
5
1
6
-2
2
2
3
5
2
7
0
1
2
8
6
11
12
1
4
1
3
6
7
7
5
-7
-4
0
4
12
7
8
1
-1
-4
-4
2
0
4
3
-2
-5
-6
1
11
14
7
1
-5
-7
3
-1
-3
-5
-5
-2
2
4
4
4
1
2
2
5
4
3
5
7
6
0
-3
-2
3
0
0
-5
-11
-13
-16
-14
-15
-16
-19
-21
-24
-21
-18
-16
-12
-20
-27
-22
-23
-24
-29
-29
-26
-21
-22
-28
-28
-28
-21
-18
-27
-33
-37
-30
-27
-27
-21
-22
-32
-30
-23
-21
-15
-15
-14
-20
-27
-25
-19
-11
-8
-14
-20
-17
-23
-20
-13
-14
-18
-21
-17
-15
-12
-16
-15
-16
-16
-15
-18
-20
-16
-16
-17
-16
-19
-12
-14
-11
-10
-8
-10
-15
-15
-12
-8
-6
-2
-9
-4
-7
-5
2
3
6
2
0
-6
-4
1
6
10
9
-3
-6
-12
-9
-3
-1
0
-4
-2
-3
-1
-7
-4
-7
-8
-7
-8
-1
-6
-7
-13
-10
-4
-1
0
-8
-12
-11
-12
-13
-5
0
0
-3
0
-3
-4
0
-2
-2
2
1
4
5
-3
-4
-6
-3
-3
4
4
-3
-4
-11
-9
-5
5
6
1
-3
-9
-9
-11
-6
-9
-11
-6
-11
-4
3
0
1
1
1
-3
2
7
6
5
-1
-4
1
3
5
8
5
-1
-3
0
4
7
10
5
-2
-7
-8
-11
-7
-2
-7
-7
-7
-12
-15
-12
-8
-5
-4
-5
-7
-12
-13
-6
-7
-6
-7
-8
-3
-10
-9
-9
-6
0
1
-2
0
-3
-8
3
6
5
1
-1
-3
-2
1
6
15
14
11
3
0
5
9
9
4
-2
5
4
4
3
2
5
2
1
-8
-12
-1
7
10
10
3
-3
1
12
8
6
0
-4
-4
-10
-5
1
3
2
-2
-1
0
2
5
5
0
-5
-8
-9
-4
2
4
0
-7
-9
-11
-9
-7
-10
-11
-12
-8
-11
-7
-3
-3
-3
-4
-2
-1
3
1
-2
-1
2
5
2
2
8
14
17
14
14
12
10
14
16
23
25
23
14
9
10
8
14
13
13
9
-1
-1
5
17
16
8
11
10
10
7
4
6
3
6
3
2
-3
0
4
4
9
7
5
4
4
9
16
11
5
-4
-4
-5
-6
-4
-5
-3
-7
-7
-7
-5
-2
1
-2
-5
-1
-1
1
-1
1
-3
-4
-2
-3
-2
-5
-2
1
0
1
9
17
21
13
21
26
23
23
20
22
16
14
16
25
27
24
26
20
27
30
23
19
22
24
24
25
27
17
12
16
21
24
17
9
-1
2
7
14
15
14
13
6
2
3
8
20
21
15
14
10
17
10
16
17
11
8
13
22
25
29
21
13
13
16
16
22
14
6
5
1
3
3
8
3
2
-3
-6
-10
-15
-11
-14
-10
-10
-9
-15
-16
-19
-24
-18
-14
-5
-10
-14
-14
-22
-20
-11
-7
-9
-18
-18
-19
-21
-9
-12
-18
-16
-20
-18
-12
-15
-24
-32
-32
-31
-24
-17
-22
-21
-27
-28
-23
-23
-16
-23
-21
-22
-23
-16
-21
-16
-11
-7
-3
-6
-10
-14
-8
0
4
9
5
12
16
14
16
20
28
22
16
17
14
15
15
15
13
-1
-7
2
8
6
7
2
0
5
9
9
12
8
2
1
-7
-2
0
-6
-8
-10
-10
-6
-3
-1
-1
-4
-4
6
11
4
3
3
10
18
17
9
4
4
7
9
9
10
6
6
1
4
11
7
5
-2
-4
-9
-11
-7
-11
-16
-20
-18
-13
-6
-7
-14
-15
-18
-13
-13
-8
-6
-11
-10
-16
-20
-9
-3
-7
-11
-7
-7
-10
-10
-9
-11
-14
-12
-15
-18
-11
-10
-9
-16
-21
-26
-26
-17
-13
-11
-15
-19
-26
-19
-18
-17
-12
-14
-11
-13
-11
-6
-3
-2
-3
-7
-10
0
2
-4
-7
-7
-7
-5
0
7
6
10
10
10
11
8
11
9
11
10
11
9
10
11
14
14
11
16
6
3
2
5
3
0
5
8
13
9
3
4
5
7
7
3
-4
-4
5
8
3
3
5
8
10
6
2
2
3
7
12
10
13
13
13
11
6
1
6
8
14
13
6
10
12
20
17
12
8
7
10
7
11
3
7
14
11
11
10
13
10
4
2
-1
0
5
7
3
-4
-9
-10
-11
-7
1
1
1
-3
-3
-1
-7
-4
-6
-2
3
3
4
6
2
0
-2
-6
-3
1
3
1
3
0
5
7
9
13
14
11
5
4
4
9
8
11
5
12
6
2
14
7
4
2
1
2
5
2
4
-4
-4
3
4
7
4
-2
-4
3
6
10
7
4
1
2
0
-3
-2
-6
0
2
0
3
2
-6
-8
-1
-5
-12
-10
-6
-7
-9
-10
-11
-5
-5
-8
-10
-7
-7
-9
-10
-11
-13
-12
-6
-8
-3
-11
-11
-10
-4
2
-1
5
2
2
7
9
5
9
8
10
13
8
11
5
8
12
6
2
6
5
6
3
5
6
8
6
3
4
1
6
3
0
-1
1
0
-2
-5
-7
-5
-5
-3
-1
-3
-5
-6
-7
-6
-10
-9
-10
-11
-11
-14
-13
-19
-14
-14
-15
-10
-15
-16
-15
-12
-6
-15
-12
-11
-13
-8
-3
0
3
1
-4
-4
-8
-5
0
4
-2
-4
3
2
7
11
12
8
1
4
8
8
13
7
1
1
3
12
7
11
8
8
7
7
14
5
3
0
-3
1
4
12
11
9
6
3
8
6
4
7
11
15
17
14
14
12
12
11
8
14
14
14
13
8
8
9
14
14
16
22
16
16
14
12
14
9
10
13
10
13
10
8
12
5
10
11
10
10
5
12
3
2
5
1
11
8
11
12
7
2
1
2
2
5
4
0
-1
2
3
-3
2
9
5
2
-6
-3
-9
-10
-10
-16
-8
-10
-2
-2
-3
-8
-16
-14
-12
-8
-11
-9
-12
-12
-10
-2
-6
-6
-1
-4
0
-1
11
5
3
5
9
18
19
14
13
19
16
21
19
24
20
13
17
15
15
17
16
15
20
22
25
18
16
11
7
8
14
17
10
10
1
3
1
5
6
4
12
5
14
13
2
2
5
8
4
-2
-3
1
7
7
6
0
2
4
8
15
11
13
7
3
7
7
6
6
10
4
6
-5
-8
1
0
8
1
0
1
-1
2
-4
-9
-8
-11
-9
-3
-8
-15
-11
-8
-8
-3
4
-1
-1
1
0
6
8
4
3
8
6
-2
-5
-8
-7
-2
4
3
0
-1
-11
-12
-11
-11
-7
-6
-11
-9
-14
-20
-12
-11
-15
-13
-12
-13
-10
-15
-19
-14
-13
-11
-8
-11
-11
-5
-1
-2
-1
4
0
-2
1
-4
-2
2
1
-2
-1
-2
-3
1
-2
-2
0
-1
6
7
3
-3
-7
-5
-2
1
-1
-4
-2
0
-4
-1
3
-3
0
1
6
8
9
11
9
5
3
8
10
14
15
8
6
16
20
18
20
11
9
8
8
9
11
11
5
5
6
2
-3
0
0
-5
-12
-10
-5
-6
-5
-7
-10
-9
-3
-1
-4
-4
-7
-3
-2
-2
1
2
5
11
7
1
3
10
14
16
15
14
15
16
18
8
8
12
11
16
15
10
1
8
6
5
5
-3
3
4
2
-4
-4
-6
-3
5
6
6
5
0
1
5
7
7
10
17
12
12
14
17
16
12
13
11
12
12
10
9
12
11
7
2
-2
2
1
-5
-1
-6
-9
-10
-14
-12
-15
-13
-18
-17
-23
-26
-22
-21
-18
-23
-22
-22
-20
-20
-13
-16
-16
-12
-13
-10
-9
-5
-7
-7
-5
-10
-9
-4
-6
-4
-5
-3
-5
-3
6
5
1
0
-2
-5
-2
-3
-6
-5
-8
-7
-4
-6
-4
-4
-7
-9
-7
-3
-7
0
4
-3
0
3
13
9
5
3
3
11
20
22
14
13
14
17
17
19
15
7
5
1
2
-5
-1
-2
-2
0
-7
-11
-12
-13
-14
-16
-20
-24
-28
-27
-24
-22
-26
-29
-30
-31
-29
-25
-29
-29
-24
-20
-15
-18
-16
-20
-18
-14
-16
-10
-6
-8
-6
-6
-8
-3
-1
2
-1
-3
-3
-7
-6
-8
-11
-8
-14
-9
-8
-13
-13
-15
-9
-12
-14
-13
-18
-19
-18
-15
-17
-18
-19
-23
-14
-14
-17
-14
-19
-11
-6
-6
0
0
2
2
0
1
1
-2
-4
-5
-3
-5
-2
-4
-5
-2
-2
1
-1
-3
-6
-4
3
-4
-1
0
-2
2
-4
1
-1
-3
4
3
10
5
2
10
9
7
1
3
7
13
15
10
10
9
9
6
8
11
13
16
17
14
10
11
6
2
8
8
6
2
-4
-5
-4
-8
-4
4
4
-2
-1
-3
-3
4
-1
-5
-4
-2
-1
-5
-8
-7
-9
-8
-5
-4
0
1
0
1
-2
-4
2
0
1
-5
-3
-2
-7
-4
-8
-9
-12
-5
-5
-2
0
-5
-10
-14
-10
-4
1
0
5
0
-3
-6
3
7
5
9
0
6
14
14
11
6
-3
1
7
13
18
11
9
3
7
12
11
14
10
8
8
9
11
11
9
9
11
16
12
16
15
6
9
5
10
14
12
11
6
13
12
14
19
17
16
16
18
22
22
20
15
12
12
15
19
21
17
13
17
15
23
28
25
22
17
18
20
25
22
18
16
11
11
6
14
20
15
19
13
8
6
12
17
11
6
6
12
15
13
10
10
13
16
13
5
6
3
3
2
5
14
12
10
7
3
2
-2
3
3
2
8
10
9
12
13
11
10
-1
-3
-3
2
4
3
-2
-3
-3
-4
1
-4
-6
-2
-7
-8
-7
-10
-4
-4
-3
-1
-8
-10
-5
-9
-9
-7
-12
-4
-3
-1
-4
-4
-4
-6
-3
0
4
-2
-2
4
2
1
4
0
-3
-5
0
1
2
6
0
-3
-3
-1
1
4
11
10
4
3
-1
-1
-4
-4
9
11
4
-1
1
-6
2
4
0
1
1
1
-6
-4
0
1
1
3
2
-2
3
5
6
1
-1
4
3
1
-1
-3
-3
-5
-8
-10
-7
-8
-12
-4
-11
-16
-20
-26
-20
-21
-18
-13
-8
-13
-15
-18
-25
-16
-19
-19
-13
-20
-21
-17
-23
-22
-21
-18
-11
-11
-14
-16
-16
-13
-16
-18
-13
-6
-4
-1
-3
-7
-6
-5
-4
-2
2
5
3
-5
-6
-3
0
6
3
2
2
-3
2
12
15
11
-2
-1
3
2
15
16
4
3
3
10
15
13
11
5
9
10
16
19
12
9
11
12
10
10
-1
2
7
8
1
-2
-2
2
8
-3
-13
-16
-11
-10
-10
-16
-19
-22
-14
-9
-14
-14
-14
-13
-15
-14
-16
-18
-6
-6
-8
-19
-25
-20
-12
-7
-10
-18
-18
-5
-2
-1
-5
-12
-13
-7
-6
-12
-12
-11
-6
-8
-13
-14
-5
-1
-7
-13
-15
-17
-11
-7
-9
-16
-21
-12
-1
-2
-10
-11
-10
-9
-8
-8
-3
2
0
-4
-2
1
1
-2
4
5
4
2
-1
-6
-5
0
-8
-9
-12
-11
-7
-9
-7
-12
-17
-18
-10
-3
-4
-11
-14
-17
-11
-5
1
-4
-8
-7
-7
0
-1
-4
-5
-6
-5
-7
-7
-9
-8
-7
-6
-9
-10
-5
-5
2
-3
-9
-14
-21
-16
-10
-11
-17
-23
-22
-19
-21
-24
-20
-22
-24
-27
-28
-26
-27
-29
-25
-25
-28
-27
-29
-19
-18
-20
-23
-32
-27
-16
-11
-11
-15
-15
-9
-5
-1
-6
-2
4
11
6
1
1
-5
4
0
0
3
3
4
-1
2
2
2
5
2
-3
-5
-3
1
-2
-7
-8
-5
2
0
-1
2
-1
2
2
4
10
8
8
8
9
11
15
10
10
13
12
18
22
13
4
11
12
18
12
5
10
11
9
6
5
5
8
6
6
2
-5
-3
-2
-1
0
5
9
6
11
8
11
14
10
11
11
12
17
20
23
22
12
16
16
17
20
19
23
19
23
23
21
21
17
20
17
13
18
21
15
10
8
11
14
15
13
8
6
6
5
8
10
12
10
9
11
8
10
12
14
17
14
17
20
20
17
14
15
26
30
29
25
23
28
27
25
16
19
20
23
25
22
24
19
16
14
16
17
23
23
15
11
12
11
14
16
7
9
15
14
9
9
16
22
16
1
6
9
14
23
15
6
12
19
18
13
10
9
10
12
8
9
10
10
8
4
0
0
5
1
-6
-2
-3
1
7
-2
-8
-6
1
3
1
-4
-8
-2
0
5
1
1
5
9
11
7
4
2
12
13
15
13
6
4
7
16
12
12
4
2
9
11
2
-10
-6
4
12
9
-1
-10
-3
10
4
-7
-11
-5
4
6
-3
-16
-17
-13
-3
2
-10
-13
-10
-8
-8
-7
-9
-10
-8
-6
-8
-11
-9
-8
-6
-10
-13
-9
-12
-9
-11
-11
-11
-8
-7
-10
-8
-6
-3
2
-3
-6
-7
-11
-5
-3
-1
-1
-10
-4
-1
1
8
-5
-12
-10
-8
-6
-9
-9
-12
-7
1
1
-5
-4
-1
-4
-10
-11
-14
-11
-3
-5
-5
-8
-6
-2
-1
-6
-5
0
-4
-5
-12
-20
-17
-14
-13
-11
-16
-12
-5
-10
-15
-19
-11
-8
-7
-17
-25
-18
-10
-2
-9
-19
-22
-17
-4
-2
-15
-22
-16
-7
-2
0
-4
-6
-4
6
5
-2
-8
-8
-4
-3
4
1
-3
-5
-2
3
5
7
-1
-2
3
11
13
8
3
-5
-4
-3
-2
-1
-9
-7
-7
-8
-2
-13
-13
-7
-2
-2
-8
-16
-19
-5
-1
0
-6
-9
-5
-7
-6
-13
-10
0
3
2
-1
-2
-3
-1
4
-2
0
-3
-9
-4
-8
-4
-5
-5
-6
-10
-6
-8
-9
-23
-20
-9
-6
-14
-24
-20
-15
-12
-21
-28
-28
-25
-17
-15
-16
-22
-26
-25
-24
-19
-17
-23
-27
-23
-24
-17
-14
-20
-17
-21
-19
-10
-9
-9
-11
-14
-8
-6
-7
-9
-9
-7
-9
-15
-14
-6
-10
-14
-12
-10
3
5
1
-6
-8
7
18
13
3
-1
0
6
17
9
0
-2
5
8
-1
-1
0
-2
6
5
-1
-4
-6
-7
-14
-12
-5
-4
-14
-26
-21
-8
-1
-6
-18
-19
-21
-11
0
-8
-19
-25
-18
-7
-5
-15
-19
-16
-12
-3
-2
-8
-7
-2
8
12
7
9
8
8
9
6
6
13
11
14
14
5
6
11
21
24
18
13
17
29
33
27
16
5
13
24
24
17
3
5
13
22
21
14
7
15
25
19
17
20
18
16
21
22
29
23
11
6
10
30
32
22
6
-3
9
23
28
13
-3
-4
7
18
17
8
-4
-1
5
7
4
1
5
4
1
6
4
3
7
3
3
8
9
9
5
-1
4
8
11
6
-1
8
9
14
14
12
9
4
5
8
17
9
5
0
-5
2
3
12
3
-6
-10
-8
1
-5
-3
-12
-7
3
1
-4
-11
-9
-9
-4
-5
-8
-13
-16
-7
-2
0
0
0
9
0
-4
-3
3
12
14
9
-2
1
6
7
6
2
-7
-6
2
4
2
-4
-4
-12
-11
-6
-1
2
-4
-13
-18
-4
6
-1
-10
-16
-4
10
9
-1
-17
-11
4
16
11
-8
-18
-4
16
16
13
0
-1
0
6
11
4
0
-2
-4
-3
2
-1
-8
-15
-14
-10
-4
-6
-12
-14
-12
-8
-7
-8
-5
-7
-9
-7
-13
-8
-1
-4
-14
-18
-7
2
9
3
-4
-2
2
2
2
-2
-6
-2
3
9
4
0
-7
-6
-4
-8
-3
-8
-14
-17
-17
-12
-9
-15
-19
-26
-17
-9
-7
-15
-26
-24
-19
-16
-23
-29
-30
-21
-18
-14
-7
-9
-12
-12
-8
-1
6
2
-8
-7
-8
1
10
3
-6
-10
-4
-1
-4
-3
-5
1
6
8
-2
-8
-6
-7
-5
-4
-2
-3
-3
-8
-17
-13
-5
-6
-8
-12
-8
-3
-3
0
-8
-14
-4
2
4
-2
-5
-2
7
11
-2
-1
2
13
23
13
9
0
-2
7
4
4
-3
3
2
-6
-3
-6
-6
-8
-2
-4
-9
-10
-11
-5
-5
-3
1
3
-4
-2
0
6
6
7
9
9
17
15
14
9
5
8
10
10
10
8
7
9
13
11
4
-1
3
11
17
16
6
0
9
12
15
8
-9
-8
6
15
17
0
-8
0
12
19
19
13
-2
-2
5
21
23
6
3
3
19
34
26
7
1
8
20
32
26
9
1
6
25
33
22
14
1
12
25
20
9
-2
2
10
21
14
2
-4
4
13
13
10
0
-3
6
13
11
9
0
-1
3
6
9
-1
-4
2
14
14
0
-3
6
14
14
4
-7
-10
-5
2
6
2
-10
-15
-7
2
13
1
-13
-12
-4
17
17
3
-9
-18
-2
15
14
-1
-15
-13
6
21
16
9
0
-2
12
18
13
10
2
-1
6
16
23
18
19
12
8
21
25
18
5
0
2
11
17
12
10
8
14
13
20
16
6
8
11
21
18
19
14
-2
0
7
17
18
10
2
-1
6
9
12
7
8
12
9
11
10
8
11
13
16
14
9
6
