5
7
6
4
4
8
9
7
1
2
4
4
7
8
5
7
7
7
7
2
3
-3
0
4
-1
-8
-26
-18
4
0
3
3
-8
4
-4
-7
-7
-13
-4
-11
-5
2
2
7
5
3
7
-1
0
-1
-4
0
-4
-4
1
9
4
8
0
-1
1
-5
-2
-7
-9
-8
-7
-6
-10
-10
-10
-12
-6
-4
-6
-3
-5
-5
-1
-5
-4
0
-2
0
1
2
3
1
0
1
1
-1
0
0
4
5
3
4
4
6
4
3
6
9
12
8
12
13
16
17
12
11
14
18
9
13
14
16
19
12
13
18
19
14
10
14
16
11
11
10
16
19
15
13
17
21
14
15
11
12
15
14
9
12
12
14
14
10
11
8
6
6
6
6
7
6
10
16
10
13
16
7
8
8
7
7
4
5
5
4
4
6
4
4
5
8
5
5
3
-3
3
1
3
5
-1
4
6
5
3
-1
-2
-2
3
1
-1
-2
-3
4
2
-2
1
1
0
3
0
-3
-1
-2
1
3
4
0
1
-2
2
2
8
9
2
5
5
11
3
-2
0
3
11
7
6
11
14
17
8
5
7
3
4
0
6
16
9
8
11
15
12
0
2
6
10
6
-2
5
6
10
10
4
10
12
10
8
10
10
7
0
-5
2
3
0
2
6
12
4
-3
-5
-2
3
0
1
7
3
4
6
2
7
1
3
-1
-4
7
0
8
8
2
1
-14
-15
-11
-17
-14
-5
6
9
-2
-11
-4
-7
-15
-15
-17
-10
-2
-4
0
-4
-3
-9
-14
-12
-17
-9
-12
-10
0
-4
-10
-20
-19
-7
-6
-10
-13
-12
1
-2
-19
-26
-18
-10
-8
-6
-2
2
-6
-12
-16
-19
-18
-26
-44
-35
1
18
1
-12
-3
-2
-12
-33
-23
-7
-2
-3
-1
14
15
4
-2
-9
-11
-8
-15
-10
5
15
16
2
-13
-5
2
-10
-18
-10
10
20
6
-1
-1
-4
-8
-15
-9
-3
-5
3
4
8
9
-3
-5
-1
-1
-1
-8
-6
7
5
5
0
-10
-10
-8
-4
-8
-3
7
3
4
7
4
-6
-10
-11
-7
1
-3
2
1
5
0
-8
1
-3
0
7
2
6
3
-4
0
-4
-7
-2
-6
1
7
1
0
-1
-2
-5
-8
-3
5
1
-6
7
5
8
6
-2
0
-1
3
-4
-2
-1
-1
0
-4
-6
-2
2
-5
-5
-2
4
0
-4
-7
-1
3
-3
-3
-1
3
0
-2
-2
0
3
-4
-5
1
2
5
5
3
9
8
7
8
8
8
9
5
3
5
7
17
9
7
5
8
15
9
8
6
10
8
3
0
-3
-2
-1
2
-4
1
4
-8
-3
-3
-3
-2
-10
-6
-1
1
-7
-8
-7
-6
-1
-8
-5
-8
-8
-6
-3
1
-5
-4
-6
-8
-13
-11
-4
-7
-6
-3
2
-3
-5
-7
-7
-4
-1
-5
-10
-7
-3
-6
-10
-10
-7
-1
-5
-5
-8
-1
-2
-8
-3
-3
1
-3
-2
-3
-6
-5
-7
-11
-5
1
-3
-4
-4
2
3
4
6
10
9
8
6
8
13
10
6
6
9
3
3
0
0
3
1
0
-5
-2
0
2
0
5
6
1
2
1
-4
0
0
0
3
2
5
0
3
5
3
1
-1
1
4
3
-2
0
6
9
6
11
7
1
1
-5
-1
6
6
10
9
8
3
-2
2
-2
0
0
-1
3
0
-4
-4
-6
1
6
-3
-6
-3
-7
-9
-5
-3
0
-4
-3
2
1
1
1
5
1
5
-1
-7
2
4
0
-3
1
2
1
2
-2
-1
0
1
6
10
6
6
8
5
7
7
4
4
5
2
5
4
0
-1
6
2
3
6
0
2
-1
-2
2
7
-2
1
8
7
5
6
9
1
6
7
7
0
-2
1
-2
0
7
7
0
6
1
1
7
9
7
4
2
-2
3
1
3
3
-3
-3
-1
6
3
1
0
-3
2
-1
-1
2
1
-2
-5
-1
0
1
3
4
6
0
3
6
3
4
5
-1
-3
-6
-6
-6
-4
-9
-10
-8
-13
-6
-8
-11
-7
-9
-9
-8
-9
-6
-6
-10
-13
-16
-9
-6
-5
-7
-4
-5
-3
0
-3
1
-6
-1
-3
-2
1
-8
-6
-4
-7
-5
-1
-2
-5
-6
-2
-4
0
1
0
-1
-8
-4
0
1
-2
-5
-5
-8
-8
-7
-2
0
-3
-3
-3
-2
-5
-5
-9
-5
-5
-8
0
-4
-5
-1
2
-8
-7
-4
-4
1
-2
-1
-2
4
4
2
8
8
5
5
5
3
4
12
8
0
5
4
5
2
2
3
3
7
0
-5
0
1
-1
3
9
10
9
6
0
5
3
4
2
0
1
-6
-1
-1
4
1
1
4
-6
-2
0
5
7
-2
-3
4
6
5
8
7
6
2
0
7
10
6
-2
-1
3
7
10
12
8
12
9
4
6
5
7
3
9
2
5
13
8
7
1
8
7
4
1
0
2
0
5
5
1
2
1
4
-2
0
3
-4
-4
-4
-2
-1
3
-1
-4
1
0
0
-3
-2
-1
0
-6
-8
-4
1
6
8
3
4
8
3
-2
-1
5
4
3
0
0
7
5
8
4
3
2
-10
-2
-5
-7
-1
5
11
8
12
4
4
1
-7
3
2
-3
1
-2
-6
-2
2
-3
-1
0
-5
-2
-6
-3
0
-2
-1
3
1
5
4
0
0
3
1
-7
-4
-7
-2
-8
-10
-3
-8
-4
-10
-11
-7
-11
-10
-11
-12
-10
-6
-10
-9
-7
-6
-1
-5
-7
-8
-9
-5
-6
-6
-1
-1
-4
0
-6
-11
-12
-15
-7
-8
-1
-4
-7
-3
-5
-3
-3
-5
-4
-5
-3
-4
-2
-2
-5
-10
-10
-8
-11
-11
-8
-12
-7
-6
-8
-8
-8
2
0
0
-1
-7
-13
-11
-7
-5
-5
-9
-5
0
2
0
-3
-6
-6
-5
2
7
6
8
7
9
8
11
10
5
5
8
9
6
13
15
9
9
7
4
12
14
3
5
7
3
5
4
3
13
13
8
8
3
1
4
3
-1
1
7
8
14
13
9
7
1
4
7
10
11
5
4
9
13
13
8
2
2
7
7
10
10
6
7
5
5
0
4
4
4
6
4
2
1
3
-1
0
-5
1
3
-1
3
4
-2
-1
3
5
10
8
11
12
11
14
9
8
8
8
7
5
6
6
8
1
-2
4
3
1
6
3
-4
-2
1
2
5
8
5
1
8
7
4
11
10
7
6
4
2
2
10
15
10
9
10
13
14
11
4
4
7
8
14
18
18
19
9
6
8
7
9
3
5
7
7
11
10
10
6
-1
-3
1
0
4
4
8
1
-1
0
-4
3
4
0
-1
2
2
7
8
9
8
6
9
12
11
7
6
9
11
7
11
16
9
9
10
8
10
7
1
-3
-2
3
3
4
10
6
-1
2
-5
-5
-1
-6
-8
-9
-5
-5
-4
-7
-2
-2
-11
-6
-12
-12
-5
-6
4
-2
-5
-5
-4
1
-4
-7
-9
-3
-1
-6
-5
-5
-8
-7
-8
-2
1
-4
-7
-11
-18
-22
-15
-15
-10
-11
-5
-8
-15
-15
-17
-10
-15
-17
-10
-9
-13
-10
-13
-16
-9
-12
-12
-16
-12
-9
-12
-14
-11
-9
-10
-9
-9
-9
-3
1
-1
-1
-4
-4
-7
-6
-3
-5
-1
-4
2
0
-12
-9
-3
-1
-3
-4
-5
-5
-4
-3
-6
-6
2
-1
-5
-5
-6
-2
-1
-4
1
-1
5
9
3
-5
-4
4
8
10
10
16
8
9
8
1
5
10
14
9
10
7
4
13
14
9
9
11
9
2
-5
-3
0
0
0
12
13
6
8
6
3
1
6
4
6
7
6
5
2
-2
0
4
2
-2
-5
-1
-1
-1
0
4
5
1
1
1
6
8
6
5
3
0
6
6
2
-1
3
6
0
1
-2
-6
-6
-8
-14
-9
-7
-6
-14
-16
-12
-10
-5
-12
-9
-18
-19
-13
-19
-13
-15
-12
-19
-19
-18
-20
-20
-25
-19
-23
-20
-19
-17
-15
-13
-19
-23
-21
-11
-1
-5
-12
-10
-8
-9
-7
-7
-1
-7
-6
-1
-5
-5
-6
-5
-7
-1
8
12
11
3
-1
2
7
11
15
10
-1
0
3
8
11
7
1
4
7
9
16
13
13
5
2
4
5
12
19
15
9
9
7
5
6
11
12
16
20
29
28
22
17
5
3
1
10
15
13
18
19
13
9
9
6
1
9
14
14
14
14
15
6
6
3
4
4
1
2
-1
-6
-6
-5
-8
-5
5
12
1
0
1
-3
-8
-13
-17
-20
-10
-5
-6
-3
-4
-14
-28
-29
-16
-18
-8
-8
-15
-15
-20
-11
-20
-20
-7
-8
-10
-6
-9
-12
-15
-12
-2
-4
7
10
6
-3
-9
-15
-23
-12
-2
3
1
10
9
-4
0
4
2
9
2
4
1
-6
-1
-11
-9
-5
9
6
7
6
7
3
-14
-15
-18
-3
9
12
11
14
4
-6
-13
-9
-3
2
2
-4
7
3
9
-7
-4
-3
-16
-9
-12
-8
4
-8
-13
0
2
19
3
-9
-9
-26
-28
-11
-20
3
20
6
26
4
17
-2
-36
-21
-23
-27
-17
-14
25
33
19
4
-42
-30
-25
2
-24
-21
10
-3
9
5
20
0
-21
-5
-28
-22
-9
-27
2
-40
6
4
-39
21
-12
14
-7
-36
-10
-69
-58
2
-11
6
-8
-14
-10
1
15
-26
-18
-52
-25
-52
-40
16
-35
10
3
-26
19
-33
-38
-36
-75
7
-1
9
-24
-77
-48
-25
41
-17
-38
17
41
59
-32
-81
-53
-33
50
-79
-96
59
40
-31
-47
82
79
120
118
-19
7
-34
-290
-643
-464
270
327
387
682
424
376
-68
-681
-1024
-952
-261
-61
286
1064
1232
842
280
-309
-868
-1150
-1042
-823
-37
825
1219
1073
574
362
-270
-831
-1032
-1008
-469
51
498
773
818
779
345
-198
-574
-820
-701
-585
-125
383
642
800
580
326
-100
-495
-685
-721
-476
-55
319
613
728
590
179
-253
-517
-638
-499
-297
142
469
583
557
238
-23
-269
-474
-434
-265
3
249
306
352
274
115
-80
-241
-293
-213
-39
30
140
187
165
145
44
-5
-85
-174
-77
-56
10
105
121
152
68
43
-41
-114
-101
-122
-53
9
85
189
95
45
-10
-109
-98
-130
-43
45
83
127
96
32
12
-25
-65
-49
-24
19
41
65
55
25
-30
-63
-77
-42
27
82
82
13
-17
-49
-17
-5
-3
-9
-19
18
55
39
7
9
-25
-10
13
17
19
10
24
25
-42
-53
-37
-21
39
38
49
13
-15
14
2
4
32
7
1
-1
25
48
-3
-16
-7
35
41
32
18
16
29
21
-6
-35
-34
-11
-13
-15
53
35
24
17
7
20
15
-17
-38
-21
-8
15
4
54
60
31
8
-16
-29
-21
-4
0
50
57
47
13
-36
-77
-65
-77
-55
26
91
114
104
96
11
-37
-87
-81
-81
-39
39
40
98
131
96
15
-19
-65
-86
-61
-34
0
50
81
66
50
16
-15
-77
-61
-37
-19
45
80
98
92
78
7
-45
-79
-75
-45
-18
46
59
65
94
69
9
-46
-113
-103
-63
-22
21
47
71
36
2
-7
-23
-44
-34
-26
5
50
47
48
20
9
-27
-62
-55
-44
23
70
59
22
-28
-55
-51
-28
7
-23
-17
27
44
49
15
-10
-52
-43
-7
24
28
34
44
11
12
-2
-40
-49
-50
-33
-3
0
15
27
37
22
-26
-49
-51
-37
-29
1
-4
15
64
57
23
-10
-47
-74
-54
-13
20
20
30
29
15
-5
-42
-71
-61
-25
-1
15
20
25
3
-15
-33
-50
-34
-6
19
26
26
23
27
15
15
1
-23
-21
8
35
40
31
3
-10
-19
-10
-6
-4
-2
16
34
9
3
-3
-20
-28
-22
-19
-3
28
54
51
28
19
-7
-25
-25
-24
-28
-13
4
16
23
12
-7
-29
-30
-32
-25
-23
-5
12
22
15
-14
-6
-7
-12
-24
-25
-3
26
49
45
18
-6
-25
-44
-42
-31
-16
-6
18
33
33
11
-10
-28
-41
-20
-11
-7
7
34
38
17
-11
-22
-25
-7
9
1
8
19
31
21
3
-8
-27
-32
-24
-15
8
16
12
25
31
17
2
-14
-26
-8
8
15
16
29
41
23
12
-5
-12
-14
-10
5
16
26
25
6
-12
-11
-10
-15
-14
1
13
11
7
10
16
12
-4
-4
0
7
17
15
21
23
24
9
1
8
4
-2
-7
0
16
21
23
13
3
-1
-17
-23
-19
1
14
18
24
22
15
-6
-24
-33
-27
-5
12
19
27
20
14
5
-15
-21
-28
-27
-17
-1
12
16
15
11
1
-6
-10
-12
-7
4
18
20
25
36
36
18
3
-2
-7
-2
10
24
31
29
19
16
13
2
-12
-21
-13
9
33
35
27
13
2
-1
-7
-2
2
12
15
14
17
16
20
7
-4
-10
-7
7
19
23
19
6
0
-1
0
6
3
-3
-3
8
24
32
29
18
4
-4
-5
-2
3
-3
1
4
4
6
2
0
-7
-15
-19
-22
-15
-2
5
-2
-7
-10
-15
-9
-11
-9
-12
-21
-13
-6
1
-1
-4
-7
-6
0
-3
-14
-23
-18
-11
-3
4
12
12
3
-3
-17
-23
-14
-14
-3
8
16
19
19
16
7
-5
-19
-12
4
15
23
22
24
20
20
13
4
-3
3
14
9
17
24
23
20
8
3
2
0
3
10
19
29
27
24
15
4
-1
-15
-18
-1
15
25
26
32
20
6
-5
-21
-12
-6
-7
-8
2
11
3
-2
-9
-12
-15
-19
-17
-7
6
6
-3
-3
-5
-4
-9
-24
-27
-25
-18
-15
-13
-8
-9
-9
-17
-20
-18
-17
-22
-27
-21
-14
-4
4
5
-1
-9
-21
-36
-29
-16
-16
-20
-19
-12
-5
-5
-15
-19
-29
-38
-31
-22
-16
-10
-12
-23
-17
-14
-11
-5
-11
-10
-8
3
3
-4
-7
-19
-23
-20
-13
2
4
0
-1
-4
1
4
-1
-4
-10
-10
-2
3
18
20
10
-4
-8
3
10
7
7
10
11
8
3
-6
-13
-14
-18
-11
3
16
21
17
6
-7
-5
-5
-9
-9
-4
1
4
4
3
-2
-5
-10
-7
-1
3
6
-6
-12
-13
-12
-13
-16
-14
-9
0
7
7
6
-2
-13
-25
-31
-32
-23
-18
-11
4
9
8
-3
-4
-19
-28
-24
-22
-15
-7
7
5
2
-5
-10
-13
-13
-16
-7
9
14
12
-2
-16
-27
-32
-34
-29
-22
-8
2
14
8
6
-8
-24
-26
-34
-28
-22
-14
-7
1
7
7
-3
-10
-17
-22
-20
-21
-7
-3
0
0
-6
-5
-4
-7
-9
-2
6
20
30
25
14
2
-12
-16
-16
-3
8
18
23
24
24
11
1
-17
-25
-13
-2
4
11
13
9
10
8
0
0
3
-5
-9
1
7
5
3
-4
-7
-10
-7
-3
-5
-6
-8
-6
0
7
3
-8
-18
-22
-18
-9
0
4
5
4
5
4
-2
0
-3
-12
-15
-8
-5
-4
-1
-6
2
15
20
26
15
3
-2
-6
1
11
16
13
8
12
19
25
19
14
12
4
9
12
6
9
3
-4
-1
6
13
22
25
22
15
17
14
9
7
-3
-1
-2
0
9
13
14
14
12
9
7
2
-1
2
3
3
13
11
11
12
13
17
21
26
17
11
7
4
8
12
10
7
7
-4
-4
1
-1
6
9
16
11
4
1
-4
4
3
5
5
0
7
2
5
12
11
11
2
-2
-8
-9
-5
-7
2
6
7
18
15
14
8
1
-5
-13
-9
-8
-2
-2
0
10
12
14
9
4
0
-1
-1
-1
3
6
8
16
23
19
15
9
9
7
19
23
24
24
13
11
1
-3
2
5
13
15
9
17
16
13
17
4
3
3
9
9
11
13
10
16
5
1
4
2
2
2
3
12
11
4
5
-5
-2
1
-1
0
3
5
2
5
5
4
-2
-7
-11
-4
-1
3
-6
-8
0
-2
3
1
5
-7
-16
-19
-24
-12
-8
-4
5
-6
-10
-6
-10
-13
-17
-20
-26
-20
-14
-12
-8
-10
-11
-12
-13
-17
-25
-28
-32
-26
-13
-13
-11
-8
-9
-18
-25
-22
-18
-14
-10
-11
-5
-5
-8
-8
-15
-17
-29
-26
-19
-14
0
-1
1
0
4
0
-12
-17
-18
-19
-14
-12
-1
0
-7
-11
-12
-7
-8
-8
-17
-15
-13
-11
-5
4
13
7
1
-2
-2
-5
-7
-8
-6
-5
1
8
2
-5
-14
-17
-16
-7
-4
0
0
-6
-10
-10
-10
-5
-2
-11
-11
-14
-3
2
-4
-3
-8
-4
-7
-8
-9
-10
-9
-13
-7
-1
4
6
0
-3
-10
-11
-9
-9
-5
-1
4
4
-1
-2
2
3
6
3
-1
-1
-5
-7
-8
1
2
7
12
6
1
-9
-8
-4
1
3
8
10
8
3
-7
-5
3
9
13
15
14
10
10
1
-3
-4
2
12
13
8
1
2
-3
1
11
16
16
6
-3
-12
-5
5
1
4
3
1
4
8
10
8
9
14
11
11
14
9
2
-2
2
7
11
13
9
10
4
7
10
10
8
6
5
5
15
11
18
17
14
15
8
7
6
16
14
15
17
17
10
14
15
16
25
19
29
20
22
15
1
15
8
17
15
13
15
8
9
3
15
19
21
23
14
9
1
-8
0
5
15
22
21
18
13
15
0
3
1
1
10
2
4
-3
4
4
16
26
21
20
10
1
4
8
12
13
11
18
6
15
1
1
0
0
16
9
14
-5
-11
-13
-2
11
10
13
1
0
2
2
7
8
16
18
19
16
3
1
-7
-3
-3
-1
6
3
-1
3
2
-2
-3
-10
-15
-16
-16
-20
0
-3
3
9
10
11
-10
-20
-39
-33
-24
-4
2
2
-6
-16
-7
-1
-3
-11
-17
-22
-18
-13
-4
-11
-19
-17
-10
-6
-1
-9
-16
-15
-4
8
4
1
-23
-33
-36
-24
-8
-6
7
0
-3
9
5
-3
-7
-24
-27
-28
-19
-20
-13
3
-3
16
6
6
-9
-18
-6
-17
5
-13
0
-3
-12
1
-14
-6
-12
-2
10
11
17
1
-10
-14
-24
-2
-9
1
0
-6
20
0
20
-9
-26
-23
-38
-6
-22
-17
-15
-25
15
2
17
1
-20
-2
-6
38
12
10
-22
-46
-23
-27
1
-1
-8
-5
12
41
43
14
-15
-69
-51
-37
5
48
34
32
2
8
-1
9
10
-2
-12
6
9
26
36
14
7
-26
-34
-41
-33
-1
27
63
80
38
25
-41
-51
-49
-25
35
26
76
48
55
38
-1
-10
-38
-35
-8
1
37
24
27
45
-7
38
-32
-4
-29
-22
38
16
76
2
0
-36
-55
-21
-9
14
34
30
45
39
32
18
-35
-13
-56
-22
-17
7
27
17
25
-27
-40
-66
-46
-5
53
67
58
2
-35
-67
-66
-38
-27
10
9
21
29
43
28
19
-44
-68
-87
-53
-19
17
53
30
60
-10
-15
-83
-79
-83
-38
35
48
113
57
53
-12
-26
-59
-51
0
26
49
53
21
-4
-26
-54
-34
-80
-55
-102
-30
14
74
126
62
30
-86
-101
-101
-44
18
34
46
32
-7
36
27
43
4
-41
-58
-95
-21
-22
47
16
-21
-84
-93
-82
-38
16
22
36
7
52
16
89
33
31
-17
-36
-2
-11
54
-5
32
-4
11
8
-9
-65
-90
-123
-69
-3
48
106
18
51
-64
8
12
35
57
-46
0
-80
31
65
88
118
17
-9
-84
-101
-46
-52
42
2
-20
-25
-121
-29
-67
8
2
5
61
31
93
48
42
23
7
1
1
-21
0
-14
31
38
43
51
-29
-26
-99
-72
-81
-6
6
40
22
-19
-10
-49
41
-24
71
6
53
85
46
83
-39
-2
-55
23
64
46
19
-23
-25
16
23
-29
-89
-187
-114
-44
147
181
135
59
-80
-34
-40
39
9
-8
-12
19
119
133
100
-33
-88
-158
-63
-9
60
110
50
89
-17
-26
-136
-186
-154
-123
54
119
203
180
95
20
-104
-110
-105
-50
33
34
86
50
60
43
-38
-72
-181
-139
-108
-47
42
48
126
113
80
4
-176
-176
-174
48
232
244
183
-137
-190
-232
-17
140
125
82
-106
-44
-7
153
127
26
-137
-214
-154
-38
102
76
100
-6
40
14
62
63
38
60
33
64
42
20
-69
-98
-214
-81
-61
160
190
113
97
-145
33
-100
49
-22
-84
35
0
215
137
85
-4
-97
-22
-37
-74
-48
-143
75
90
163
85
-138
-70
-186
68
45
113
95
21
73
3
19
-63
-115
-140
-34
57
257
239
209
13
-177
-201
-175
12
49
3
-113
-145
-58
163
180
201
-72
-137
-103
20
371
278
329
-18
-166
-224
-276
-64
-88
72
128
113
196
32
-16
-144
-305
-188
-211
112
202
325
317
131
114
-85
-38
-129
-125
-174
-123
34
235
377
317
72
-259
-421
-443
-191
18
227
193
151
-11
-87
-132
-136
-54
-32
157
137
340
303
330
221
-40
-167
-431
-345
-304
-112
44
85
147
99
57
-17
-103
-162
-130
-93
58
135
198
190
40
-1
-132
-45
13
118
157
50
34
-126
-31
-130
-122
-197
-223
-65
-18
158
83
-11
-143
-173
-94
130
161
279
124
97
109
9
210
-96
10
-268
-157
-6
24
239
-94
-88
-355
-254
-103
-55
37
-44
35
198
259
347
162
-60
-171
-303
-10
-21
154
47
-34
-1
-87
72
20
71
-37
-94
-155
-203
-166
-124
-27
35
22
50
-64
-43
-64
61
281
258
309
-21
-41
-185
-63
87
66
62
-272
-302
-326
-81
82
168
111
26
-104
-27
32
76
162
56
233
67
168
-4
-100
-185
-309
-101
-37
220
107
152
15
20
18
-18
68
-179
-188
-320
-52
197
310
292
-18
-246
-380
-250
-6
198
103
137
48
191
195
24
-54
-397
-261
-209
85
125
-10
-84
-152
41
41
159
29
100
60
188
272
120
-20
-373
-333
-350
-141
-25
11
83
65
209
244
161
-64
-329
-340
-132
159
473
375
205
-129
-246
-91
-101
-5
-187
-205
-78
-6
227
118
-73
-223
-380
-58
44
172
127
-101
8
-36
201
255
116
-14
-185
-67
188
264
283
0
-253
-294
-343
-9
-19
100
-24
-139
-69
-157
26
-114
-45
-88
35
214
269
360
189
125
-49
-22
-3
9
0
-98
-29
-42
14
-77
-227
-204
-191
58
194
181
150
-95
-25
-43
3
69
-92
124
151
418
499
187
38
-468
-458
-419
-234
164
123
363
192
172
99
-146
-90
-318
-136
-120
93
290
223
261
-92
-124
-297
-230
-111
-50
196
146
299
272
222
93
-193
-235
-201
-87
113
58
140
52
-65
-16
-257
-100
-305
-123
104
169
381
-13
34
-244
-235
-223
-311
-20
-43
265
387
458
334
-48
-236
-254
-155
34
85
62
71
-184
-70
-153
-59
-90
-322
-65
-144
294
323
346
293
-169
-101
-246
140
292
320
336
90
-5
-200
-282
-290
-352
-241
-20
186
527
286
314
-70
-189
-151
-319
167
-169
163
-37
80
354
-41
189
-373
-72
-65
51
552
252
484
-117
-329
-346
-605
-179
-296
152
273
102
192
-210
-107
-380
-461
-126
-137
370
220
326
435
-86
108
-560
-270
-398
-375
307
178
897
131
56
-405
-657
-351
-619
122
-27
319
200
137
217
-65
-114
-272
-135
35
293
472
609
456
366
33
-72
-390
-452
-424
-321
228
165
488
-53
-253
-284
-256
456
286
588
208
124
390
257
554
-62
-269
-519
-418
192
405
639
217
-162
-320
-180
16
25
-160
-127
-140
233
355
271
93
-658
-385
-643
97
148
2
223
-404
237
-183
101
-191
-533
-290
-538
53
-59
51
-173
-550
-468
-525
-316
-295
-368
-115
-188
102
9
-33
32
-416
124
-216
189
-63
-432
326
-204
615
90
99
381
-239
683
257
797
372
-96
227
-62
692
145
342
91
-125
208
-13
752
706
770
689
414
751
547
552
452
171
414
81
414
439
362
464
-255
89
-258
-99
-197
-449
-13
-95
462
314
455
54
-292
-322
-446
63
-319
-263
-489
-540
-293
-458
-343
-693
-914
-1127
-1002
-772
-685
-644
-816
-814
-983
-1041
-1045
-1051
-1044
-928
-721
-283
34
28
-182
-633
-886
-1034
-920
-804
-569
-524
-412
-259
-58
108
-88
-99
-178
166
245
524
815
1018
1333
1080
1204
942
784
717
847
1399
1405
1568
1301
1324
1271
911
1273
1145
1541
1441
1388
1787
1433
1520
1052
1037
1153
1092
1488
1429
1644
1406
1017
1082
574
579
-114
-527
-384
-732
17
-408
-181
-601
-1312
-1295
-1963
-1354
-1755
-1586
-1611
-1864
-1458
-1872
-1518
-1599
-1793
-1726
-2177
-1727
-1747
-1496
-1176
-1376
-1006
-1756
-1390
-1535
-1252
-945
-1608
-1024
-1647
-1306
-1283
-1481
-1071
-1695
-1478
-1355
-1206
-765
-1353
-1364
-1679
-1395
-885
-545
361
92
787
543
1031
1184
749
1136
675
1861
2541
3674
4365
3805
3631
2735
2618
2603
2170
2587
2102
2565
2889
2842
3207
1967
1550
645
868
1374
1955
2795
2930
3339
2883
2899
2409
2026
1727
1210
1266
1315
1217
1233
350
-313
-1215
-2036
-2181
-2636
-2177
-2416
-2159
-2262
-2274
-2589
-3207
-3392
-3487
-2786
-2638
-2222
-2269
-1937
-1663
-1190
-888
-1197
-1637
-2135
-2199
-2070
-1803
-1856
-2061
-2686
-2873
-3044
-2780
-2906
-2880
-2839
-2654
-2579
-2664
-1962
-1817
-1082
-1279
-733
-186
-189
2
-65
950
1882
2389
2746
2570
2303
2387
2254
2916
2730
2437
1778
1426
1619
1472
1299
424
157
-449
-57
-36
180
259
46
386
364
754
823
888
876
1036
1320
1938
1932
2106
1573
1483
1780
2353
3633
3662
4026
3268
2763
2475
2212
2158
1703
1220
1117
1363
1950
2287
1889
1514
745
747
691
1335
1419
1604
1673
1395
1616
991
724
-193
-789
-1359
-1803
-1823
-2139
-2606
-2994
-3639
-4011
-4481
-4461
-4370
-4460
-3955
-4405
-3904
-4029
-3785
-3731
-3817
-3443
-3526
-2856
-3033
-3271
-3681
-3917
-4193
-4181
-3728
-3134
-2708
-2296
-2292
-1999
-1952
-2629
-2449
-1210
1817
3814
5650
5841
5166
4631
3585
3654
3130
3034
2323
2283
3444
3951
3609
1991
-304
-2013
-2857
-2551
-1766
-671
228
366
892
969
1090
599
434
626
1506
3146
4066
4665
4169
2967
1425
475
21
-266
-668
-1023
-1478
-1369
-907
-147
925
1383
1376
951
1525
2289
3524
4125
4285
3975
3558
3703
3627
4038
3331
2612
1719
1503
1677
1651
1548
773
456
120
191
122
-369
-908
-1543
-1781
-1722
-1841
-1654
-2193
-2701
-2817
-3029
-2607
-2908
-3221
-3500
-3896
-3862
-3986
-3740
-3276
-3385
-3610
-4093
-4202
-4279
-4468
-4841
-4940
-4552
-4658
-4031
-4166
-3854
-3626
-3598
-2783
-2694
-2068
-1974
-1883
-1042
-299
930
2477
3908
5318
5153
4900
4332
3787
3839
2969
3135
2336
2238
2178
1885
2209
1017
208
-1200
-1479
-1322
-1323
-430
-58
1074
1327
1555
1891
1442
2042
2001
2759
3526
3483
3829
2878
2407
1451
463
139
-575
177
869
1938
2509
1933
2165
1288
1546
1369
1390
2521
2240
3561
3575
4438
4326
2877
2559
1057
1738
1492
1978
2452
1838
2086
708
408
-275
-1380
-1616
-2419
-2255
-2506
-2893
-2888
-3772
-3630
-4124
-4284
-4131
-4294
-3592
-3777
-2894
-3107
-3561
-3691
-4715
-4142
-4468
-3792
-3292
-3412
-3018
-4455
-4422
-4913
-5152
-4868
-5339
-4670
-4556
-3289
-2293
-1537
-714
-1502
-1667
-1288
-122
1696
3436
5569
5860
5785
5774
4864
4832
3477
2881
2234
2069
2794
2076
2581
1138
-274
-1402
-2597
-1911
-2134
-1116
-747
-131
1292
1203
2070
1681
1555
1791
2079
3472
3810
4540
3936
2880
2163
1068
653
-78
192
995
1931
3316
3236
3022
2411
1666
1967
1684
2482
2617
3104
3999
4139
4934
3918
3067
1713
1102
1582
1816
2697
2526
2441
1703
981
253
-658
-1399
-2378
-2605
-2959
-2824
-3078
-3402
-3754
-4533
-4881
-5172
-4995
-4753
-3958
-3573
-3150
-3409
-4018
-4020
-4525
-4175
-4297
-3664
-2835
-3072
-3430
-4163
-4613
-4792
-5227
-5315
-5181
-5469
-5370
-5403
-4222
-3297
-2713
-2678
-2610
-1134
-17
2434
4526
7037
7606
7209
7515
6205
6050
4606
4119
3886
3443
3795
2354
2097
554
-1306
-2193
-3277
-3158
-3092
-2278
-1546
-772
244
635
1072
1664
1858
2229
3172
4108
4879
5428
5545
4341
3653
2194
1026
254
-579
-489
-668
1129
2061
2098
1650
1075
986
1400
1815
2248
3293
3470
4555
4998
6126
5473
3833
2856
2019
2780
2792
3434
3031
3015
2427
1163
603
-646
-1464
-2710
-3086
-3169
-3261
-3377
-4399
-4852
-5069
-4986
-4652
-4637
-4066
-3988
-3716
-3331
-3567
-3792
-4537
-4707
-4022
-3479
-3308
-3435
-3882
-4576
-4803
-4383
-4435
-5492
-7090
-6520
-5621
-5032
-4895
-5356
-4639
-5151
-4419
-3567
-1868
-134
871
3780
7028
9385
8304
7262
6840
6457
6006
5164
4952
4534
3815
2629
1830
1291
-535
-2879
-3797
-3917
-3091
-2543
-1664
-782
-96
533
88
894
1863
2480
3370
4416
5708
6494
6384
5542
4203
3120
1977
1160
812
488
69
126
889
1145
1410
983
689
913
1551
2181
2980
3612
4127
4668
4993
5554
4825
4558
3541
3282
3461
3290
3328
2465
2258
1501
1251
765
-203
-1101
-2230
-3243
-3801
-4256
-4675
-5127
-5454
-5361
-5166
-4580
-4585
-4396
-4362
-3897
-3892
-4176
-4443
-4879
-3776
-2943
-2611
-3109
-4293
-4981
-5352
-5241
-4981
-5143
-5279
-5984
-6113
-5490
-4799
-5142
-6495
-7265
-7537
-5888
-4102
-2448
-1190
-128
1431
3438
6833
9620
9737
8036
6347
5755
6581
6652
6120
4291
2900
1927
1190
1623
305
-1520
-3783
-4565
-3608
-2125
-635
-565
-384
90
584
1792
2667
3468
4060
4562
5887
6661
7896
7259
5594
4033
2326
2109
1347
1408
1293
919
617
-52
817
827
769
876
642
1946
2396
3914
4722
5007
5550
4361
5277
4648
4668
4339
3354
3770
2715
3272
2054
1444
1082
-713
-542
-1813
-2311
-3309
-4732
-4718
-6070
-5242
-5749
-5894
-4808
-5440
-4575
-5242
-4033
-4179
-4388
-3455
-4723
-3256
-3800
-3575
-3806
-5056
-4729
-6561
-5109
-5183
-6442
-6713
-8484
-7159
-7337
-6566
-7238
-8545
-7363
-7887
-5101
-4299
-3002
-1975
-2577
-533
785
5815
9118
10897
12110
9447
9008
7706
7266
6589
4567
4357
2018
3017
3335
2082
697
-3481
-4695
-5667
-3925
-2599
-2271
-403
-387
1529
2590
3206
3366
2870
3933
4652
7200
9008
9135
8567
6191
4457
2555
1642
702
-580
-1257
-2796
-2544
-991
243
259
-355
-754
-211
1236
2836
4391
5124
5909
5936
6713
7530
6741
5889
4499
3998
3929
3937
3749
2356
1683
268
-496
-849
-1861
-2233
-3662
-3589
-3891
-3508
-2951
-4242
-4154
-5492
-5244
-4705
-4015
-2407
-2991
-2288
-3150
-3162
-2966
-3932
-3388
-4978
-4680
-4833
-4129
-2947
-4988
-6116
-9308
-9509
-8405
-7320
-5633
-7534
-7968
-8844
-8369
-7705
-8446
-7813
-9075
-7312
-4501
-1782
1578
1845
5910
10877
14820
13922
9540
9751
8139
8233
7969
7453
6908
3889
3099
1732
2380
-126
-5389
-6703
-6630
-4878
-4226
-2893
-1118
-509
1441
1027
2094
3801
4024
5553
6801
9636
10623
10836
9860
6741
5121
2825
1464
889
-151
-1611
-4329
-5565
-6097
-5451
-3866
-3728
-1833
-371
1631
3479
4438
6121
6266
7388
7734
8451
9270
8553
7847
6434
5352
4082
2424
1002
-496
-874
-1014
-1327
-1017
-2044
-2976
-4254
-4916
-4343
-3762
-2501
-2286
-1792
-1773
-2453
-2502
-3000
-3039
-3285
-3298
-2645
-2361
-1475
-1856
-2114
-2995
-4870
-5785
-6833
-6597
-6893
-6946
-7463
-7791
-6816
-6788
-6827
-7225
-8008
-8656
-8658
-8133
-8060
-8309
-7876
-7876
-6026
-3823
-2661
-1264
932
6077
12198
16617
14960
11075
8986
8017
7489
7477
7607
5531
3875
3009
2877
2290
-822
-5906
-8847
-7627
-5726
-3755
-1403
-22
465
878
1400
2197
3681
4600
4924
7188
10005
12053
12040
10645
7488
4004
2374
951
801
24
-1714
-4490
-6335
-6358
-5293
-3736
-3432
-2630
-1063
1060
3401
5092
6275
7038
6760
7651
8615
9928
9698
7656
6154
3971
3588
2380
1528
118
-836
-938
-1706
-1157
-2469
-3756
-5243
-6030
-5201
-3790
-2246
-2115
-2307
-2262
-2200
-2211
-2483
-2302
-2211
-1999
-1606
-899
485
-333
-1848
-4367
-6267
-7407
-7895
-6736
-6150
-6086
-7632
-8122
-8041
-7651
-8044
-9671
-10441
-10310
-9488
-8823
-8053
-6782
-6623
-6426
-5115
-4103
-1655
249
5512
12134
17199
16551
11681
10712
8838
8226
6231
5495
4998
3435
4024
3030
3234
-275
-6391
-9279
-9031
-6496
-5112
-3094
-779
195
2360
2259
2824
3810
4076
5248
6749
11158
12930
13338
11947
8413
5692
2549
656
-754
-1546
-2496
-4953
-5910
-5894
-5449
-4865
-5183
-3517
-2258
708
3092
4763
7059
7131
8169
8128
9483
10008
9206
8661
7195
6366
4943
3599
2032
606
-193
-1225
-1702
-1657
-2809
-3523
-4663
-5063
-4483
-3949
-2803
-2962
-2335
-2081
-1918
-994
-644
-213
-434
-800
-1046
-1166
-810
-1855
-2961
-4630
-6837
-7146
-6981
-6640
-8466
-9625
-9283
-9067
-8004
-7369
-7529
-9483
-11203
-10687
-9108
-8132
-8961
-10505
-9106
-7303
-5492
-4741
-3738
-1197
1944
10445
17174
18657
14275
9611
8673
8039
8357
6624
5217
3992
3344
3844
3743
1913
-3437
-8430
-9249
-7793
-5086
-2736
-1047
520
1118
2105
1990
3127
4404
4931
6987
9780
13307
14925
14169
11114
6584
3757
1615
576
480
-1075
-3456
-6872
-7728
-7345
-6076
-4684
-4656
-2774
-911
2271
4694
6327
7426
7317
7902
8980
10475
11034
9913
7864
6177
4871
4366
2884
1304
-234
-1152
-1275
-1663
-1672
-3222
-4654
-5611
-5342
-3913
-2549
-1736
-2005
-1814
-1129
-546
-205
49
10
-87
-357
-313
-694
-1476
-2953
-5384
-6301
-7276
-8199
-8858
-9677
-9952
-10355
-9545
-9588
-10219
-10243
-11043
-10622
-9670
-8509
-8806
-9200
-9149
-10480
-9088
-7522
-5781
-4286
-2535
2675
10421
19002
19593
14054
9887
7463
6985
7093
7624
7372
5438
4721
4237
5069
3047
-4468
-9669
-10902
-7218
-4267
-1672
633
871
1977
1270
2186
3544
4431
5133
7081
11525
14845
16491
15269
11602
7367
3392
1255
334
-54
-1185
-4365
-6791
-8797
-8965
-7973
-7456
-6460
-4578
-1789
1210
4057
5608
6816
7059
7944
9089
10700
12070
11409
10318
8626
6841
4871
3239
1136
-294
-666
-1172
-1158
-1378
-2542
-3921
-5315
-5410
-4988
-3716
-2084
-1754
-9
622
1398
1070
113
-29
-1086
-422
-861
-947
-1052
-2312
-3189
-5111
-6429
-7945
-9963
-10932
-11815
-10981
-10692
-10277
-11660
-13179
-10531
-10769
-9576
-9868
-9812
-8232
-8236
-6843
-9467
-9423
-8778
-8709
-5341
-1565
4307
12430
20811
20787
14511
11313
7855
6690
6968
7016
7196
4915
5842
5347
6643
4087
-5737
-10622
-11492
-7357
-4230
-1035
1027
774
3006
2551
3208
4238
3757
4541
6545
12497
15679
16514
15007
9517
6107
2126
425
-1274
-1756
-2786
-6245
-7763
-9370
-9527
-9805
-8948
-7209
-4419
-1182
1912
4356
6879
7984
8531
9613
10218
11896
11976
12602
10866
9460
7316
5209
3756
1377
303
-1385
-1194
-1942
-1777
-2635
-3591
-4235
-4368
-3102
-2011
-502
-435
329
390
664
554
367
666
840
676
-66
-841
-1978
-4438
-6111
-6870
-8088
-8591
-9742
-10272
-11815
-11323
-11077
-11218
-10392
-11041
-11202
-11756
-10741
-9512
-8815
-8426
-9987
-11822
-12094
-11346
-8518
-6569
-3625
-1754
4678
16151
21487
19997
12468
10391
8430
7974
8831
8432
8739
6047
5625
5874
7099
1450
-7797
-11970
-10943
-7536
-4198
-1379
154
922
1417
1059
1826
4730
4573
5957
8977
14372
17263
17624
15258
9412
5834
1592
-392
-1373
-1146
-3333
-7288
-9422
-10459
-10657
-10382
-9636
-7736
-4600
-944
2387
5007
8237
8521
9942
10460
12222
13695
13604
13512
10905
10243
7726
6106
3803
1819
292
-1243
-1075
-1733
-1815
-3005
-4533
-4713
-4278
-3251
-2267
-2183
-931
-487
1071
999
277
-118
-1144
-694
-1184
-477
-1655
-2723
-4714
-6247
-6533
-7944
-9145
-11036
-12027
-12927
-13760
-12355
-11067
-10742
-9668
-10666
-10996
-12070
-11262
-10927
-10225
-9933
-12953
-12278
-10310
-6081
-4522
-2134
882
7450
18101
21463
17863
13164
11067
8942
8887
9864
10122
7673
6042
4492
5829
5853
-1601
-8782
-11503
-8609
-6883
-3402
-583
724
2013
1709
2084
3614
5726
6131
7766
12102
15678
16876
16577
12856
8406
4067
1131
-919
-1412
-1739
-4950
-8049
-10467
-11398
-11846
-10626
-7998
-4192
-685
1967
3935
6498
8308
9534
10554
11355
12789
12716
13873
13121
11837
8761
5485
3408
1479
840
-807
-1295
-1884
-1838
-2429
-3360
-4415
-5187
-5255
-4245
-2780
-1314
-163
-107
146
-825
-717
-793
-386
-619
-828
-1007
-2501
-3558
-5698
-7090
-8432
-10046
-11745
-12198
-11311
-11272
-12112
-12616
-13220
-13110
-13202
-13540
-12239
-10846
-9872
-9764
-9662
-11352
-12436
-11365
-9027
-5664
-1918
4562
14775
23626
22880
16072
11450
9525
7502
7827
9500
9555
8438
7234
7157
7108
2799
-6787
-12821
-12089
-8355
-4924
-1349
1043
1459
1942
1341
1351
3044
4245
5463
9386
15023
18783
19143
17002
11900
6346
2257
-309
-989
-757
-1903
-5456
-8490
-10757
-12566
-14011
-13438
-10564
-5990
-501
4192
6856
8139
8641
8359
9774
11378
13185
14063
14865
15159
13429
11120
7094
3020
-203
-1690
-2288
-2009
-1288
-1560
-2488
-3628
-5264
-6566
-6200
-4947
-2929
-1034
920
1702
2005
1496
13
-596
-634
-116
-592
-691
-1263
-3132
-5202
-7968
-9455
-10086
-11159
-12226
-12380
-11511
-11632
-12271
-13148
-14145
-13958
-12645
-11080
-9888
-8648
-8525
-8539
-8501
-10228
-11164
-9579
-6889
-3562
-195
5970
15032
21599
20691
14122
10329
8446
7212
7544
9459
9545
7552
6641
5925
6251
1850
-6121
-11405
-10544
-6380
-3612
-853
403
663
884
891
1686
3639
5089
6331
9430
14585
17503
17438
14955
10065
5736
2103
62
-982
-805
-2285
-6222
-9275
-11075
-11747
-11517
-9340
-6771
-3053
1565
4477
6672
8056
8705
9013
10080
11918
13103
14205
13796
12093
10127
7959
5062
1936
422
-950
-1698
-1903
-2254
-2448
-3205
-4877
-6312
-6571
-5572
-4216
-2894
-1414
-407
577
391
23
-13
390
-49
-798
-831
-1517
-2018
-4308
-6255
-8084
-9551
-9893
-10700
-11560
-12863
-13297
-13580
-13057
-13007
-13725
-14166
-13400
-11377
-10226
-9892
-11124
-13285
-14160
-12319
-8569
-4135
-1188
4261
15261
24196
23459
16476
12187
10069
8818
8855
10731
11803
10083
7715
6364
6786
2184
-7056
-12670
-12250
-8880
-5869
-2841
-350
690
427
-642
-326
2202
4102
5972
10353
15835
19653
20310
18525
14095
9319
5451
2171
1248
801
-871
-4926
-8622
-11134
-13490
-14024
-12871
-9971
-6385
-1554
2540
5291
7056
7815
8319
9196
11040
12906
14775
15267
14471
12300
10217
7081
3794
1577
-208
-572
-951
-1043
-2371
-3877
-5915
-7944
-8482
-7650
-5906
-4151
-2813
-2081
-695
41
645
107
89
64
-252
505
584
918
-1207
-4349
-6948
-8492
-8891
-10510
-11193
-11793
-12314
-12928
-14059
-14450
-16407
-16795
-15769
-14074
-11631
-11230
-10905
-12008
-12860
-12671
-11942
-8253
-4822
-55
9863
21989
27825
22197
16081
12444
10882
10380
8943
11328
10553
9535
7384
7033
6311
-3640
-11867
-15584
-12321
-8287
-5583
-2315
-1087
944
240
-806
1012
2935
4924
7555
13427
19556
21917
22483
18191
13595
8630
4360
2610
1240
1429
-2810
-6776
-10222
-13136
-14433
-15798
-13885
-10631
-5085
513
4009
6511
7421
7756
8379
9942
12189
13910
15413
15550
14459
12869
9601
5901
2243
25
-797
-1259
-661
-1157
-2643
-4603
-7325
-8774
-9232
-8520
-7068
-5312
-2813
-1214
47
409
-225
-193
-308
-45
469
1297
1631
172
-1064
-3630
-6764
-9854
-11801
-12038
-13083
-12220
-12444
-12047
-12006
-14186
-14625
-15837
-14485
-14233
-14227
-11429
-11151
-12061
-14178
-14118
-10826
-6782
-864
9465
23336
28008
21954
16441
14573
13717
9304
9286
11364
11044
11578
8988
9686
6287
-3449
-13269
-16996
-12601
-10836
-7583
-3934
-947
1094
74
-563
-1291
575
2720
5818
14205
20785
24037
23621
19732
15294
9585
6799
3994
3274
2928
-1432
-5658
-9706
-11738
-14582
-15800
-14640
-12614
-7825
-3612
856
4221
6156
7535
7800
10035
11672
13695
15671
15799
15748
13326
10675
6899
3478
1645
14
-111
-548
-995
-2533
-5760
-8309
-10276
-10500
-9676
-8432
-5625
-4015
-2254
-1855
-1941
-828
-650
280
667
1634
2472
2683
2285
695
-1313
-5072
-8846
-11461
-12428
-11614
-11785
-12069
-12798
-14454
-15079
-16628
-16672
-16011
-15843
-15062
-14873
-13725
-12858
-11544
-9651
-7421
-3483
4465
16522
24100
23712
19133
15528
14524
12692
12153
12156
11304
9728
7638
8463
7298
985
-8672
-14925
-14934
-12747
-9247
-6571
-3608
-1790
-1075
-545
39
1901
2673
4955
10006
16382
21861
23464
21889
17412
12679
9172
6247
5220
4125
1570
-2848
-7210
-10132
-13201
-15089
-15439
-13650
-10173
-5654
-1377
1391
4317
5517
6945
8844
10193
12824
14486
16420
16172
14609
12433
8007
4718
1768
763
324
472
524
-932
-2511
-5565
-8380
-10827
-11704
-10957
-8989
-5942
-4180
-3111
-2441
-2145
-1348
-662
549
1697
2231
3269
3226
2778
1360
-1375
-4686
-8244
-10818
-12757
-13529
-13647
-13571
-13744
-13660
-14077
-15758
-16496
-16548
-16661
-17005
-16564
-14862
-12255
-8172
-4193
1020
10673
20373
21649
17506
15182
14178
13758
12891
13745
14133
12479
10140
7540
7696
3508
-5755
-12767
-13807
-11696
-10451
-8419
-6890
-5368
-3612
-3224
-2627
-350
1802
3141
6699
13409
18499
20852
20815
18287
15159
12195
10317
8567
8221
6148
1460
-2829
-6353
-9042
-12534
-13744
-12555
-10290
-7449
-5293
-2976
-859
1190
2883
5242
8123
10438
12639
14415
16084
15628
13333
10454
6895
4484
2820
1764
1671
1648
1107
-807
-3787
-6354
-8903
-10386
-10709
-9847
-7979
-6374
-5075
-5063
-4647
-4183
-3249
-2082
-886
866
1898
3330
3772
3630
2130
-813
-3193
-5522
-7150
-9189
-11668
-13357
-14998
-15604
-15180
-14433
-14070
-15802
-16907
-17518
-17848
-16854
-15292
-11975
-8223
-3336
5149
17347
24145
20247
14068
11496
12322
12319
13058
14914
14026
12366
10082
9297
7788
-627
-10716
-15664
-13558
-10271
-8265
-6072
-5758
-5175
-5464
-5319
-3579
-783
2074
4251
10176
16873
20625
21281
18706
14985
11600
10016
9593
9586
9680
6465
1582
-2573
-5597
-8246
-10823
-10712
-9632
-7348
-4938
-3454
-1569
-761
-277
603
2731
6181
9225
12186
14144
14746
14024
11966
9154
5908
4031
2810
2736
3272
3279
2497
-86
-3676
-7124
-9430
-10262
-10193
-9398
-7952
-7101
-6012
-5945
-5488
-5096
-5474
-4872
-3756
-399
2681
4779
4425
2323
377
-1560
-2936
-4496
-5857
-8314
-10035
-10834
-12314
-13300
-14318
-16132
-17734
-18046
-16244
-15749
-16211
-15775
-15227
-11538
-7780
-3366
5039
16565
22588
18596
14991
13805
13222
11276
10345
12181
12259
11787
9752
9386
7773
-1478
-11051
-14975
-12911
-10628
-8882
-6277
-4808
-3008
-2746
-3380
-2855
-1395
139
2907
9842
16745
20093
20770
18377
14777
11377
9191
7847
7208
7556
5355
2278
-928
-3725
-6213
-8690
-8846
-8157
-5997
-4146
-2623
-1117
-259
538
1098
3081
5515
8118
10176
11702
12897
12372
10814
8569
6127
4698
3968
3695
3711
3542
2447
-279
-3130
-5706
-7795
-8813
-9181
-8660
-7492
-6420
-6201
-6451
-6015
-5571
-5242
-4290
-2689
-390
1998
3449
3142
2039
329
-1924
-3888
-5727
-7331
-9023
-9981
-10508
-11275
-12000
-14070
-15783
-15958
-16010
-16150
-16818
-16730
-15553
-13788
-10846
-7199
-2549
6204
17698
22996
19737
14787
12702
12176
10626
10377
11495
11115
10329
8489
8741
7020
-1949
-11252
-15186
-12853
-10905
-9074
-6543
-4734
-2912
-2721
-2649
-1890
-16
722
3078
9829
16111
19396
19772
17627
13975
10354
8226
6559
6318
6653
4046
546
-2614
-5065
-7555
-8774
-9029
-8313
-5398
-3003
-603
672
1652
2223
2353
4393
6351
8846
10728
11469
12211
11433
10512
8037
5754
4469
3505
3838
3178
3481
2168
-243
-2925
-6214
-7547
-8670
-8089
-7435
-6599
-5401
-5646
-5430
-5645
-4917
-4171
-4134
-2667
-1248
1380
2746
2708
1811
-487
-1650
-3948
-5516
-6888
-7928
-8936
-10643
-10900
-12330
-12786
-13298
-14527
-15039
-15982
-15526
-16138
-15437
-13010
-12437
-9769
-6470
-910
8838
19555
23615
18283
14348
12625
11915
10907
10283
10483
8743
8397
7006
7135
5261
-3952
-12377
-15270
-12636
-10393
-8449
-5466
-4295
-2327
-1168
-612
730
2272
3389
5121
10924
16544
19495
19845
17380
13883
10195
7836
5873
4998
4937
1942
-1835
-4633
-6517
-7873
-9999
-10245
-8883
-5796
-2200
352
2017
3301
4608
4922
6512
8191
10284
11302
11575
12102
11085
9703
6662
3862
2577
2480
2373
2454
2734
1793
-410
-3501
-6191
-8213
-8910
-8630
-8007
-6446
-4741
-3956
-3626
-4026
-4064
-3842
-3268
-2334
-999
1028
2148
1816
-173
-2505
-4190
-5158
-6692
-7493
-8120
-9834
-10940
-11313
-11918
-12506
-13568
-15159
-16089
-15448
-13474
-14676
-14412
-13523
-12789
-9362
-5682
-305
8634
20221
23355
19338
15734
14222
12285
9768
9774
9326
9296
8086
6331
7131
5106
-3925
-12569
-14408
-12158
-10996
-8958
-6146
-3900
-1137
-224
33
1076
2892
3180
5390
11188
16400
19200
19627
17774
14413
10909
7727
5195
4524
4155
705
-2691
-5479
-7279
-9613
-10541
-10191
-9261
-6131
-3436
-536
1425
4057
5036
6368
8052
9235
11070
12460
13246
12025
11233
8969
6371
4068
2855
2238
2060
2360
1595
288
-1791
-4530
-7201
-7977
-8493
-7658
-6436
-5060
-4575
-4609
-4531
-5074
-3980
-2445
-606
200
1199
2259
2689
2363
-252
-3153
-5027
-6638
-7529
-8487
-8734
-9941
-11481
-12012
-13933
-13887
-14557
-14446
-14927
-14636
-13288
-14119
-12852
-12527
-11520
-9240
-5374
663
11421
23045
24768
18329
13989
12477
11119
9980
9725
10300
8425
7824
5391
6107
3196
-7354
-14833
-16398
-12171
-10778
-7266
-4373
-2743
-387
-256
160
1243
3277
3736
6267
13194
18126
20166
20113
16605
12808
8700
7093
5222
4976
4157
-569
-3687
-6697
-8559
-10998
-11399
-10888
-9554
-5883
-2791
200
2714
4204
5506
6581
8965
10673
12298
14363
13317
13305
10848
8655
5606
2763
1910
856
1994
1415
1468
-380
-2527
-5232
-7478
-7833
-8075
-6721
-5331
-4193
-3711
-3877
-4345
-3468
-2224
-252
359
986
1506
1872
2459
1311
-579
-3784
-6066
-8187
-9006
-9429
-9987
-11317
-12641
-13266
-14529
-14594
-14923
-15366
-15499
-14691
-13706
-12939
-11668
-10719
-10539
-8504
-5070
2095
15101
24791
23126
16316
13185
11417
10567
9592
9868
8845
7231
6213
5481
7139
1036
-9991
-16330
-15121
-11984
-9457
-5831
-3925
-2168
-188
308
774
2468
2884
3401
7774
15278
19774
21927
20553
15835
11665
8388
6752
5392
5650
3123
-1565
-4816
-7066
-8931
-10805
-12022
-12168
-10133
-6569
-2436
716
3238
4437
5243
6996
9308
11237
12966
13766
13269
12603
11342
9541
6322
3465
1629
1141
1357
1745
1215
-666
-3010
-5810
-7148
-7904
-7669
-7102
-6041
-4711
-4280
-3624
-3267
-2052
-590
472
1294
1039
1391
1835
1733
888
-1063
-3073
-6029
-8325
-10197
-11304
-11800
-12988
-13377
-13727
-13072
-13338
-14386
-14852
-16301
-16658
-15701
-14377
-12099
-10105
-7770
-5133
-2005
5146
15600
23088
20402
14229
11542
11881
11994
10826
11930
10002
7435
4886
3997
4683
-1198
-9665
-14950
-13173
-9783
-7982
-5325
-3746
-2378
-1320
-505
1074
2994
4316
5332
9364
15898
19769
21048
19198
15349
11672
8556
7091
5757
5491
2677
-2532
-6533
-9418
-10911
-12509
-11754
-10813
-9241
-5746
-2894
35
1808
3579
4907
7118
9938
11992
14106
14931
13999
11973
10600
8301
5880
4231
2915
2294
2421
1998
495
-1282
-3865
-6565
-8393
-7768
-7187
-5724
-4403
-4426
-4194
-4507
-3723
-2794
-310
1100
1378
2008
2505
3057
1629
330
-2672
-4747
-6478
-8621
-8544
-9940
-11125
-13233
-13765
-13141
-13977
-14574
-16641
-16983
-15929
-14052
-12472
-11420
-10751
-11579
-10876
-8039
-3883
1964
10989
20781
23369
18515
14895
12251
11388
9225
7889
9040
7523
7552
5369
5851
2460
-6876
-13129
-15255
-11436
-9722
-6483
-3572
-1437
1315
668
947
1042
2353
4020
7277
14628
19654
22024
21018
16791
12982
8945
6529
4568
4152
3754
-306
-4245
-8102
-10952
-12898
-13652
-12633
-10887
-6058
-2988
23
3111
3798
5749
5882
8201
10066
12814
15481
14672
15033
12463
10114
6453
3608
1876
672
1973
1523
1666
583
-2562
-5760
-8439
-9419
-8815
-7269
-4806
-4106
-2692
-1667
-1984
-961
-795
303
655
1416
1886
2578
3678
2012
-191
-3708
-7316
-10310
-11859
-11993
-12154
-11808
-12597
-13378
-13600
-14064
-15347
-16238
-15605
-14908
-12637
-10752
-9977
-10654
-10973
-9895
-7006
-1454
4753
15050
22435
21564
15837
12139
11524
9371
7538
7321
7687
7257
6633
5592
5215
-98
-8901
-14558
-13417
-9078
-6573
-3134
-1126
1220
1900
1457
917
1590
3779
5528
10831
17200
21310
21083
18119
13958
9823
7339
5133
4160
4030
2065
-2161
-6742
-9867
-12825
-14472
-13658
-11688
-8925
-5507
-1265
1948
4120
4547
4730
5997
8200
10999
13940
15978
15707
13643
10806
8314
4792
2785
1351
1123
1735
1459
715
-1616
-3964
-6939
-8860
-9078
-7274
-4861
-2662
-1838
-1660
-1163
-1177
-146
710
1926
1973
1505
1578
2214
2166
-328
-3445
-6689
-8219
-9345
-10546
-11111
-12489
-12681
-13798
-14493
-14003
-14763
-14249
-14508
-13436
-11614
-10462
-10750
-12564
-12267
-11913
-10085
-6462
-1717
4469
13264
21545
20849
14502
10580
8241
8137
7762
8051
9344
8022
7466
5043
5577
1838
-7439
-12012
-11599
-6484
-4142
-1136
178
548
1687
-108
286
1966
4687
6847
10678
17157
19780
19843
17279
12592
9218
6523
5389
4189
4118
2392
-2947
-7379
-11525
-14238
-15432
-14557
-11574
-8360
-3578
-29
2139
3821
3489
4611
5990
9283
12310
15082
17318
15769
14247
10285
7393
4113
2234
1965
1136
2244
1909
1217
-1099
-4523
-7555
-9017
-8755
-6593
-4433
-2261
-1206
-955
19
-354
234
-77
370
457
805
1911
1777
1318
-1773
-4725
-7561
-9245
-9977
-11320
-11170
-12419
-13341
-13968
-14702
-14035
-14606
-14276
-13883
-13092
-11518
-10586
-10419
-10824
-11294
-11348
-10376
-7783
-3469
1250
10152
19528
21700
16029
11898
9898
8476
7794
6938
8788
7661
7895
6577
7149
5484
-3888
-10017
-11214
-7178
-5288
-2344
-109
717
2292
1753
2046
2895
4709
5317
8045
14297
18369
19345
18591
14918
10357
6810
4577
2936
1758
644
-3293
-7074
-9491
-11763
-12738
-12652
-11748
-10205
-6000
-1353
1464
3737
4273
5789
7433
10672
13027
14538
15482
13386
12579
10666
9658
6885
4550
2787
1151
1242
37
-570
-2446
-4192
-6286
-6715
-6305
-5000
-3886
-3151
-2624
-2347
-1011
-1085
95
98
977
1102
961
834
-608
-813
-3159
-4706
-6405
-8040
-9359
-11514
-11925
-13151
-13557
-13361
-13998
-13034
-12570
-12031
-12233
-12182
-12557
-13292
-12179
-12176
-11794
-11168
-10598
-8859
-6182
-1058
8678
18868
21823
14680
10897
10851
9737
9313
8011
9676
7205
7739
8004
9166
8471
-2033
-8703
-10787
-6763
-5233
-3559
-793
-431
1440
1663
1844
2497
3230
3533
5638
11993
17761
19359
19491
15337
11254
7460
4809
3646
1912
1442
-2895
-6553
-8678
-10534
-11981
-13450
-12679
-10756
-6800
-1876
930
3620
4734
6493
8271
10250
13036
13184
14243
13141
12947
12147
10861
8310
4610
3031
1126
745
177
-328
-1980
-3439
-5514
-5814
-5900
-5073
-4709
-5057
-3190
-2650
-538
-696
-406
-660
-564
-16
-247
227
-631
-767
-2542
-4526
-6145
-8057
-9645
-11229
-12750
-13034
-13378
-12603
-12262
-12002
-11349
-12456
-12799
-12510
-11740
-11862
-11573
-11645
-12011
-11713
-10781
-8920
-5422
-817
8000
18288
21374
16498
10780
10602
9851
8909
8422
9527
9130
8739
8867
8907
7821
-1002
-8077
-10551
-7373
-5428
-3939
-1251
-240
1437
1117
876
827
2236
3082
5529
11340
17019
19066
18646
15383
10936
7108
4234
2908
1809
1534
-1963
-5439
-8090
-10271
-12575
-13956
-13061
-10950
-7031
-2681
1104
3672
5401
6035
7505
9587
11899
13268
14341
14306
14042
13000
11120
8593
5079
2946
445
-26
-325
-477
-1663
-3100
-4477
-5587
-5788
-6167
-4846
-4062
-2208
-1329
-432
-474
-1151
-783
-589
250
431
613
-301
-1152
-2142
-3903
-5500
-7661
-9941
-11207
-11711
-11217
-11654
-11458
-11828
-13083
-12619
-13664
-13060
-12801
-12105
-11346
-11247
-9884
-11015
-11418
-11851
-11506
-8828
-5334
1516
11488
21086
21536
15001
12174
10556
9997
8361
8330
9693
8538
9614
8834
10053
6225
-3777
-10051
-11360
-7366
-5611
-2787
-426
94
1569
864
826
1326
2286
3699
6906
14160
18719
20185
18390
13398
9101
4977
3665
1677
1301
781
-3030
-6155
-9842
-12431
-15644
-16615
-13651
-9147
-3666
794
4131
6177
7229
7565
7878
10007
11753
12922
14520
15177
15007
12334
9392
5599
1956
86
-1446
-1273
-714
-314
-1178
-2117
-3617
-5494
-6520
-6463
-5016
-3521
-1367
-463
105
229
-87
229
-40
237
-222
-452
-230
-1059
-2910
-6231
-8837
-10435
-10855
-10207
-9737
-9526
-10977
-12136
-12841
-12278
-10942
-11781
-11474
-11426
-10985
-10339
-11136
-11935
-13943
-13980
-13192
-11907
-8084
-4103
2288
12370
21499
21349
14857
11511
9564
10293
10279
10736
11513
10253
11340
9762
10423
5499
-4598
-9888
-10163
-5650
-4404
-1963
-900
-819
607
-379
-288
457
2018
3835
7258
14257
17969
18992
17375
12139
8196
4150
3193
1663
1438
632
-4112
-7369
-10608
-11974
-14554
-15233
-13236
-9940
-3784
712
3959
5851
6224
7342
8065
11085
12941
13493
14681
13834
14276
12300
10596
6515
2494
666
-1370
-608
-912
-155
-1232
-2874
-3929
-5236
-4924
-4821
-4854
-3137
-986
1248
1574
689
-167
-2314
-1761
-1718
24
771
-160
-2361
-5106
-4989
-6800
-8281
-10380
-11029
-9955
-8389
-7400
-8961
-10819
-13224
-15002
-13929
-12023
-9863
-9237
-10172
-11008
-12438
-11514
-12596
-13759
-13155
-11090
-7265
-2605
3504
10695
18821
20175
15369
11659
11305
10782
9559
10105
12464
11946
10918
9333
7109
4770
-3329
-8875
-9873
-6075
-3782
-3317
-1482
-952
-68
-221
438
1273
3692
5497
7846
12113
15828
16283
14490
11214
6835
3836
1748
1000
-19
-545
-3511
-7527
-10017
-11205
-12009
-12178
-10339
-7363
-3400
1184
4542
6198
7821
8105
9487
11064
12972
13957
14101
14294
13118
11873
9636
6666
2899
376
-1227
-1726
-1155
-771
-1345
-1981
-3570
-4670
-5149
-5014
-3436
-2487
66
456
871
346
-443
-416
-1107
-453
-1665
-1878
-2771
-3616
-3504
-4605
-5662
-7407
-8321
-8983
-9687
-9261
-10494
-11308
-11829
-12377
-12174
-12342
-10879
-11762
-11922
-11770
-11771
-10290
-10962
-10144
-9484
-8375
-6963
-7122
-4447
-1243
3139
9679
16382
20235
16475
12677
9845
9484
9850
8645
9615
8147
8393
6667
5357
4176
-1578
-6109
-8928
-7037
-4321
-1935
811
1507
2572
3108
3021
3755
4589
5943
6536
8952
11642
12266
11737
8242
4704
770
-825
-1380
-1987
-1682
-4007
-6303
-7975
-8869
-9358
-9642
-7605
-4844
-1493
2933
6757
9415
10175
10397
10130
10907
12086
12225
12545
12305
12088
10371
8004
4730
559
-2344
-3801
-3943
-2594
-1235
-993
-1700
-2710
-3005
-3618
-3059
-2457
-1361
439
1836
2574
1838
749
-1229
-2458
-2736
-2641
-1964
-1718
-2577
-4618
-6302
-7187
-8233
-9081
-10612
-11591
-11565
-11269
-10246
-10933
-11885
-13111
-13938
-12235
-10383
-8813
-7550
-6693
-6558
-7002
-6884
-8305
-9624
-9862
-8531
-5820
-2996
2305
6663
12785
16945
15086
11647
8182
7480
7099
8210
9770
10025
9677
8337
6450
4225
663
-4277
-6678
-4480
-1312
874
2808
2870
3078
2429
2172
1952
2176
3494
3650
5697
8099
9351
8079
6156
3506
627
-473
-786
358
787
271
-1691
-4548
-6237
-7790
-8329
-6466
-3891
-964
2494
6114
8604
9141
8622
8142
8534
9788
11125
11746
11717
10131
7787
5731
3698
1225
-1429
-3198
-3337
-2330
-750
268
-88
-432
-1302
-1806
-1230
-270
884
1557
1760
1924
1379
174
-1313
-2834
-3390
-4014
-4137
-3878
-4256
-5440
-7672
-9444
-9933
-9941
-10315
-10617
-11156
-10991
-10243
-10412
-9670
-9906
-9854
-8637
-7663
-5315
-5096
-5597
-5859
-5864
-5421
-6049
-7079
-7870
-7513
-7373
-6111
-4675
-2428
1040
5716
11948
14148
11835
9536
8133
8490
9135
8512
8525
6652
6494
6630
7266
7124
2373
-1091
-3007
-1256
-197
831
1608
1316
2536
1847
1491
112
-487
-734
-166
3044
5510
6920
6761
5235
3615
2426
2102
1885
1697
1695
-92
-1712
-2822
-3206
-3264
-3353
-2584
-1756
854
3739
6602
7992
7950
7673
6375
6572
6294
6068
6273
5982
6438
5806
5041
2825
-25
-1406
-1685
60
1675
2788
2382
1531
1391
826
682
649
497
-53
-117
385
443
-552
-2593
-4734
-5884
-6277
-6693
-7153
-7201
-7385
-8339
-8656
-8951
-9277
-9912
-10591
-10275
-9695
-8036
-6513
-5482
-4127
-4066
-5231
-5541
-4250
-3153
-3068
-4224
-6001
-7331
-8217
-7935
-7466
-7384
-8492
-10026
-9412
-6629
-3381
1434
7737
12040
13126
10968
10059
9451
8775
8640
8397
9570
9426
9714
9828
9436
6311
1056
-1979
-2900
-2017
-1719
-1319
-690
-423
-283
-987
-2018
-2606
-3438
-2620
-20
4048
7568
8736
8962
7338
6028
4469
3744
3512
3331
2966
1042
-133
-1485
-2446
-3638
-4218
-3108
-1649
804
3077
4581
5601
4740
3936
3402
3334
4270
4706
6313
7194
7385
6600
5041
3502
1640
1078
694
1776
3113
3816
3852
2567
1459
-446
-1768
-1920
-1912
-1210
-962
-1118
-1760
-3498
-5311
-7121
-8136
-8195
-8325
-7629
-6652
-6309
-6647
-7407
-8063
-8289
-7527
-6767
-4990
-3381
-1969
-1344
-2036
-2142
-4175
-4866
-4764
-4257
-3233
-3821
-4776
-6965
-8602
-9674
-10804
-12089
-12176
-11538
-10156
-7672
-4965
-1711
1127
3991
8144
12332
13212
12836
11873
12014
11811
10974
11688
10520
9346
7261
5719
4885
2521
-521
-3723
-4555
-4897
-4915
-4388
-3734
-2895
-2844
-2098
-1444
53
2029
3389
5488
7293
8708
9174
9171
8611
7263
5748
4339
3359
2666
1476
-736
-2800
-4506
-5403
-6040
-5377
-4817
-3961
-1440
1601
4262
4651
4795
4258
5115
6138
7137
8440
8367
8395
7290
7432
6634
4913
2842
1271
1044
1088
1772
1575
1363
422
-571
-2029
-2518
-2928
-3386
-3273
-3834
-3861
-4576
-4733
-5806
-6694
-7098
-7652
-7102
-6540
-5324
-4855
-4797
-4853
-4964
-4239
-3506
-2935
-2898
-2716
-2273
-2044
-2002
-2411
-3052
-4003
-5196
-5808
-6440
-7833
-8777
-9669
-8944
-8531
-8969
-9732
-10815
-9757
-9454
-7989
-6573
-4294
-808
4110
10895
15348
16824
13650
11353
10358
10439
10318
9144
8973
7713
7012
6324
4687
1289
-3413
-6924
-7507
-5968
-3379
-1781
-344
464
593
956
704
1330
1357
2529
4369
7103
9772
10467
9814
7373
5232
3322
2366
2269
1773
1058
-579
-2448
-3850
-5280
-6131
-7094
-6451
-4555
-2432
-131
2133
4935
6661
7588
7014
6916
6917
7314
8016
8239
8662
7304
5689
4088
2863
1637
487
-299
-273
181
411
-12
-952
-1957
-3575
-4482
-5041
-4762
-4339
-3883
-3978
-4110
-4055
-3902
-3711
-4058
-3616
-3710
-3117
-2406
-1721
-781
-1125
-2093
-2810
-3000
-2489
-2152
-2234
-2427
-3120
-3835
-4717
-5699
-6387
-7119
-8763
-8481
-8150
-8164
-8458
-9626
-9521
-9941
-9394
-8660
-7001
-4762
-3407
-3097
-2194
-135
2033
5312
8172
10306
10920
10413
9881
9876
8988
7306
4702
3596
3699
3591
4413
3795
2807
717
-456
-1158
-1354
-843
-896
-64
805
1934
2219
2229
1999
1528
1605
2233
3594
4805
5398
5206
4082
3579
2735
2029
1598
565
8
-992
-1391
-2154
-3009
-3734
-4030
-3497
-2095
-604
589
2184
3494
5411
7150
7920
6966
5878
4762
5105
5450
5884
6081
4805
4424
2922
2730
1838
705
-657
-1677
-1708
-2155
-2278
-3258
-3799
-4465
-4462
-4833
-4164
-3429
-2725
-1757
-1009
-46
-24
240
-45
129
65
345
201
143
-259
-2162
-3468
-4618
-5053
-4732
-4768
-5024
-5483
-5672
-5288
-6103
-6524
-6938
-7165
-6509
-5751
-5355
-5240
-5722
-6757
-6754
-6169
-5059
-4376
-3607
-2681
-2418
-3090
-2865
-3101
-2300
-1312
-38
3834
6968
9625
9162
8524
7157
5994
5595
5159
5631
5412
6144
6079
6247
5162
2523
-417
-2199
-2689
-2055
-1106
-548
-384
-710
-885
-1645
-1269
-935
104
1177
3132
5327
6660
7526
6424
5152
3568
2277
1541
1311
1262
423
-642
-1557
-2472
-3358
-4386
-4160
-3042
-862
971
1720
2869
3629
4692
4796
4853
5055
5322
5745
6120
6458
5947
4472
2677
1746
1170
552
-568
-1181
-1699
-2156
-2712
-3158
-3410
-3640
-3654
-3516
-2312
-996
396
775
927
875
573
895
1134
1363
862
72
-1182
-1967
-2364
-2733
-3186
-4060
-4251
-4442
-3998
-3451
-3866
-4092
-4371
-4604
-4330
-3655
-2923
-2718
-2694
-3173
-3818
-3944
-4293
-5657
-6496
-5568
-5903
-6942
-6664
-5475
-4266
-4131
-4179
-3892
-3034
-1716
-411
2234
5170
5940
5930
6642
7621
6806
5658
4706
3974
4221
3623
3458
3242
2934
1402
-667
-1147
-1649
-1725
-1430
-1116
-522
347
1285
1577
1944
2494
2342
2534
3295
4475
5087
5164
4793
3761
3033
1991
1047
571
-35
-701
-1682
-2454
-2869
-3382
-2984
-2876
-2077
-827
565
2133
2742
3379
3413
4283
5253
6142
6352
5630
5112
4202
3770
3174
2044
1128
-269
-913
-730
-845
-549
-1328
-1530
-1821
-2098
-1793
-1730
-798
-598
-214
28
292
876
556
733
834
1248
1863
1725
2432
1735
763
-515
-1553
-1649
-2357
-2026
-2499
-2544
-3031
-3602
-3713
-4038
-4064
-4779
-5288
-5014
-4558
-3679
-2850
-3003
-3096
-4161
-4321
-4370
-4478
-5136
-6036
-5525
-4858
-4230
-4944
-4952
-5259
-5199
-4617
-4041
-2498
-1566
-628
777
2323
3640
3718
3517
4029
4133
3911
3883
4351
4783
4991
4404
3915
3058
2379
1681
862
744
432
771
1096
1684
1383
1189
736
623
1070
1331
1799
1434
1861
2173
2574
3010
2716
2150
1488
738
518
72
63
-563
-1349
-1398
-1846
-1184
-1196
-781
-756
-276
612
869
2038
2923
4739
5829
6008
5426
3643
3189
2322
1981
1896
619
378
-636
-129
124
-142
-183
-1279
-496
-42
1254
1995
2278
2998
2555
2875
2691
2793
3073
2692
3314
3223
3336
2854
1365
706
-1001
-1514
-2229
-2442
-2267
-3277
-3408
-4548
-4799
-5010
-5069
-4493
-4396
-3574
-3604
-3286
-3185
-3568
-3450
-4131
-4178
-4480
-4656
-4626
-5490
-5280
-5864
-6241
-6581
-7776
-7770
-7795
-6503
-5571
-4608
-3595
-3759
-2392
-1365
467
2129
3010
4266
4688
6161
6561
5919
5643
4181
3625
3464
3576
3745
2981
2642
1357
1241
1301
772
606
201
738
811
1615
2106
1718
1731
1018
582
880
1496
2341
2548
2917
2616
2060
1920
1247
870
45
-318
-934
-967
-742
-1453
-1855
-2815
-3302
-3358
-2945
-1874
-861
562
1553
1609
1774
1895
2438
3067
3710
3794
3516
3842
3647
3883
3575
2877
2461
2008
2674
3396
4228
4892
4507
4306
3822
3327
2917
2448
2451
2103
2141
1885
1743
1719
845
266
-368
-242
103
41
46
-824
-1520
-2535
-3391
-3511
-4224
-4558
-5113
-5134
-4623
-4691
-4713
-5459
-5574
-5662
-5789
-5035
-4807
-4059
-4164
-4095
-4210
-4984
-5096
-6178
-6126
-5910
-5461
-5111
-4781
-4236
-4540
-4106
-4176
-3901
-3079
-2031
-346
953
2336
3253
3292
3751
3268
3168
3457
3860
4868
5314
6110
5544
5127
4031
2698
1796
594
609
418
1107
1302
666
380
-610
-825
-678
-338
513
903
1869
2224
2508
2333
1691
925
-65
-145
-279
332
309
-56
-731
-1735
-2471
-3082
-3326
-3052
-2681
-2102
-1188
-570
296
427
834
1505
2790
3783
5110
6461
7293
7887
7008
6725
5970
5684
5303
4681
4509
3921
3354
2920
3001
2727
2202
1693
1482
1713
1985
2080
2139
1800
1083
197
-367
-485
-646
-707
-775
-891
-1067
-1474
-1876
-2297
-2726
-3087
-3548
-3690
-3879
-4000
-4162
-4481
-4924
-5508
-5671
-5650
-5243
-5146
-5243
-5045
-4896
-4442
-4181
-4218
-4488
-4646
-4740
-4410
-3952
-3746
-3677
-3812
-3560
-3484
-3163
-2732
-1806
-1142
-209
391
798
1846
2087
2407
2000
1841
1478
1458
1862
2287
2611
2565
2443
2293
2516
2412
2128
1777
1764
1410
1560
1332
1396
1013
528
209
-361
-111
-480
-197
10
284
481
684
747
587
393
151
-125
-139
-221
-28
282
377
606
86
565
349
693
1067
1206
1568
1493
2051
2457
3198
3290
3031
2786
2612
2726
3120
3827
4838
5103
5334
4892
4539
4350
3568
3254
2305
2117
1715
1715
1990
1854
1626
710
106
-403
-453
-262
-277
-87
-169
-75
-257
-914
-1350
-2270
-2594
-2689
-2433
-1891
-1832
-1794
-2234
-2565
-2944
-3341
-3700
-4041
-3875
-4009
-3836
-3826
-3716
-3548
-3652
-3515
-3864
-3612
-3719
-3335
-2832
-2386
-1834
-1664
-1102
-1133
-1308
-1690
-2242
-2698
-2817
-2648
-2289
-2047
-1575
-1478
-705
-384
-327
-123
-496
-194
-868
-450
63
642
878
230
148
11
90
52
175
397
289
521
877
1442
2036
1302
937
207
612
903
1139
1982
1972
2408
2056
2281
2159
2032
1546
1012
1376
1896
2635
2950
2686
2526
1896
1482
1538
1291
2091
2031
2521
2812
3061
3046
2033
1243
350
500
567
1626
2607
3459
4116
3323
3117
2929
2511
2386
1555
1784
2006
2067
2596
2279
2128
998
111
-616
-615
-460
-666
-323
-676
-429
-741
-1219
-1289
-1959
-2123
-2214
-2038
-1375
-1332
-1262
-1613
-1903
-1984
-2150
-1909
-2055
-1900
-2111
-2214
-2197
-2611
-2579
-2943
-3094
-3263
-3257
-3074
-3005
-2731
-2838
-2738
-2919
-2759
-2684
-2467
-2038
-2232
-2470
-2724
-2719
-2842
-2859
-3199
-3048
-2585
-1665
-703
-624
-694
-1230
-1498
-1269
-753
-88
108
-305
-451
-404
-78
-123
-302
-496
-459
119
735
1700
2153
2267
1899
1638
1898
1997
1929
1912
2079
2727
3135
3422
3136
2633
1934
1193
1472
1621
2523
2434
2570
2663
2513
2691
2029
1993
1770
2029
2159
2613
3111
3331
3310
2530
2051
1466
1189
1377
1195
1534
1744
1612
1926
1669
1776
1332
740
494
345
522
405
441
269
311
200
-16
135
-50
91
85
-247
-122
-618
-615
-766
-626
-349
-546
-312
-807
-537
-746
-748
-774
-1069
-787
-1123
-1034
-1292
-1330
-1626
-2136
-2585
-2879
-2469
-2251
-1701
-1623
-1850
-1926
-2454
-2720
-2740
-2831
-2590
-2678
-2308
-1807
-1921
-1842
-2736
-3222
-3672
-4085
-4008
-4010
-3588
-3726
-3203
-2842
-1953
-1354
-1269
-946
-1511
-749
-528
9
216
-277
-77
-383
353
397
466
138
-197
436
894
2015
1834
1541
1248
1205
1866
2079
2515
2470
2424
2631
2849
3170
3136
2732
2566
2540
3163
3720
4052
4137
3579
3363
2880
2853
2624
2263
1960
1671
1634
1503
1714
1316
1188
597
364
521
207
648
303
477
517
316
631
660
1012
678
561
274
354
482
489
776
309
290
-72
122
335
355
125
-337
-298
-441
-185
-341
-293
-582
-858
-845
-809
-507
-386
-226
-286
-46
203
501
500
268
-320
-906
-1238
-1380
-1264
-1675
-1900
-2420
-2304
-2176
-2461
-2817
-3672
-3719
-3961
-3452
-3072
-2957
-3027
-3586
-3057
-2978
-2336
-2827
-3326
-3182
-3184
-2126
-2242
-1838
-2000
-2050
-1755
-1634
-767
-678
-645
-1017
-807
-229
-82
-332
-953
-1347
-1228
-1308
-886
-232
235
939
790
1529
1687
2098
2326
2242
3019
2993
3383
2974
3385
3694
3588
3508
2776
2917
2520
2558
2421
2245
2383
1902
1714
1486
1518
1344
1186
1365
1539
1799
1436
1146
784
786
1141
1091
1298
1451
1542
1646
1638
1693
1714
1253
1036
720
845
927
521
368
-61
107
-53
100
0
-287
-420
-566
-40
96
350
-45
-349
-405
-70
582
825
874
368
56
-194
-57
-43
-81
5
-71
-37
-193
-317
-795
-1461
-2082
-2321
-2318
-2178
-2042
-2155
-2043
-2372
-2571
-2850
-2800
-2560
-2613
-2150
-1948
-1421
-1490
-1493
-1776
-2377
-2315
-2726
-2347
-2201
-2011
-1972
-2391
-2397
-2700
-2851
-2735
-2488
-2263
-1950
-1916
-1845
-1686
-1319
-985
-700
-386
-471
-342
-288
242
415
266
261
-11
540
1225
1846
2210
2168
2227
2114
2160
2092
1847
1465
1289
1749
2328
3025
2770
1999
1425
932
1190
1386
1795
2247
2321
2645
2664
2740
2671
2134
1557
1263
1629
1746
2322
2304
2113
1860
802
1083
834
1185
1332
857
1303
1222
1295
1154
636
-36
-389
-560
13
466
443
337
-206
-278
-133
-219
-328
-287
-451
29
21
207
226
-199
-99
-612
-345
-304
-129
-34
-127
106
-210
-282
-684
-811
-923
-1205
-1317
-1603
-1440
-1554
-1678
-1859
-2045
-1886
-2069
-1750
-1570
-1587
-1464
-1363
-960
-600
-972
-1215
-1632
-2062
-1562
-2022
-1691
-2084
-2621
-2488
-2570
-2062
-2537
-2946
-3488
-3104
-3037
-2167
-1746
-1760
-900
-1075
-103
-451
-547
-693
-827
-91
78
505
606
758
352
197
90
251
382
434
714
695
886
879
1112
1236
1289
909
799
1728
2542
3458
3159
2712
2454
2352
3231
3226
3408
2759
2418
2675
3073
3883
3194
2518
1412
1051
1376
1731
1896
1558
1274
1069
1316
1365
1649
1260
818
674
812
1261
1484
1433
1008
641
52
-100
-334
-386
-560
-826
-519
-167
469
405
266
-216
-799
-803
-799
-52
148
77
62
-108
160
36
-301
-776
-1319
-1309
-953
-444
-105
-336
-601
-1098
-1228
-1268
-1369
-1269
-1499
-1060
-712
-220
-137
-723
-1112
-1696
-1562
-1343
-914
-535
-1004
-1493
-2124
-1823
-1296
-1674
-2036
-2755
-2761
-2672
-2745
-2270
-2236
-2491
-3029
-2894
-2079
-1217
-1117
-1361
-1049
-1476
-1648
-2051
-2077
-845
-744
-166
-216
-208
366
-498
-368
-488
-106
18
-110
712
1131
1880
1344
707
410
521
1229
1512
2286
2892
2853
2787
2775
3157
3171
2552
2155
1965
3059
3836
3997
3729
2837
2206
1233
1339
1778
2143
1960
1329
1273
1275
1696
1126
468
102
-211
350
644
1472
1498
1009
797
403
905
611
239
-284
-509
146
376
616
516
29
-405
-765
-1004
-847
-1202
-1252
-1267
-901
-228
-248
-247
-765
-766
-873
-592
-287
-126
262
153
698
821
766
290
-570
-614
-595
-164
73
-185
-158
-488
-436
-334
-500
-758
-1448
-1554
-1278
-978
-923
-1124
-1297
-1159
-1031
-1690
-2181
-2293
-2260
-1660
-1895
-1445
-1708
-2916
-2605
-2935
-1767
-1496
-1901
-1526
-1773
-893
-868
-766
-898
-1334
-1632
-1841
-740
-129
353
316
-236
153
-228
-239
-223
-285
534
708
1126
1418
1805
1773
1674
1868
1947
2132
1673
2078
2666
2810
3185
2693
2178
1769
1251
1534
1282
1401
1309
1171
1546
1724
1773
1051
972
499
754
1315
1528
1952
1292
1349
1156
897
1273
480
-77
-387
-407
228
208
340
-207
-888
-948
-757
-392
-185
-126
-531
-568
-385
-151
-121
-408
-551
-606
-331
320
404
390
22
-461
-424
-225
284
145
28
-121
-28
161
363
381
-73
-224
-516
-354
-243
-214
-364
-738
-793
-890
-1086
-1403
-1799
-1986
-1890
-1740
-1509
-1461
-1416
-1424
-1460
-1178
-1013
-1220
-1437
-1650
-1609
-1294
-1248
-1032
-1315
-1910
-2059
-2207
-1625
-1252
-1212
-1335
-1696
-1439
-1233
-646
-443
-343
-305
-491
202
539
1031
927
425
519
723
1278
1362
1327
1188
1219
1319
1463
1803
1575
1250
813
677
1237
1585
1541
1434
1149
1241
1259
1502
1831
1772
1541
1085
1251
1442
1813
1348
756
576
410
925
1114
1442
1182
615
311
185
499
523
266
-115
-121
247
337
284
-21
-499
-821
-861
-486
69
208
174
45
-39
394
354
578
528
348
248
158
410
320
235
-322
-383
-615
-344
-21
-60
88
-368
-510
-660
-657
-657
-785
-1036
-977
-995
-819
-711
-808
-920
-1291
-1176
-929
-379
-260
-426
-922
-1311
-1372
-1498
-1360
-1628
-1702
-1880
-1803
-1172
-1070
-958
-1427
-1771
-1775
-1823
-1369
-1207
-751
-769
-995
-1090
-869
-373
-253
-169
-217
-264
-257
217
528
872
717
734
1048
1363
1585
1222
1013
822
954
885
1133
1039
884
1151
1558
2077
1929
1581
1416
1335
1279
1552
1511
1731
1624
1367
1430
1097
1102
859
882
1249
1288
1304
1162
1207
1004
620
321
116
234
3
132
108
58
68
-383
-494
-671
-682
-668
-540
-142
101
87
47
-95
-195
-301
-211
-14
25
194
-30
-95
-320
-331
-373
-569
-449
-674
-508
-669
-723
-724
-1020
-935
-1185
-1142
-957
-801
-546
-500
-470
-499
-485
-498
-511
-558
-608
-446
-414
-646
-818
-1495
-1829
-2071
-2038
-1464
-1744
-1524
-1551
-1085
-613
-728
-509
-975
-822
-997
-852
-459
-623
-415
-588
-186
231
126
189
153
375
395
411
608
789
1124
970
1253
1228
1186
1515
1202
1698
1375
1032
1220
1082
1684
1393
1113
1063
1021
1281
1404
1490
988
641
249
481
913
791
1022
725
912
1306
1129
1177
544
55
-188
-241
175
266
207
-74
-267
-416
-290
-177
-364
-455
-604
-367
119
481
777
457
-34
-282
-446
-144
-59
-77
-278
-500
-463
-414
-421
-503
-548
-622
-449
-368
-131
-122
-183
-288
-440
-473
-594
-600
-621
-389
-391
-303
-350
-479
-563
-958
-899
-859
-723
-565
-952
-1033
-1216
-1101
-700
-738
-503
-753
-810
-641
-508
-269
-602
-891
-1114
-870
-506
-196
-15
-207
-246
-520
-360
-175
-174
49
-66
369
750
1068
1422
1147
1026
600
407
579
640
808
733
820
795
902
849
770
686
381
652
570
998
1157
1029
1180
817
858
604
379
329
36
15
143
299
553
417
162
-172
-305
-253
-77
33
-108
-81
-348
-59
-81
32
-71
-453
-345
-339
177
345
511
503
441
411
199
87
-30
-148
-246
-277
-141
-49
-80
-94
-213
-242
-452
-372
-476
-232
-165
-281
-61
-93
312
187
32
-52
-198
-39
116
219
273
-33
-389
-545
-567
-450
-628
-781
-754
-484
-449
-281
-437
-427
-478
-747
-421
-480
-185
-208
-221
31
-80
-183
-362
-520
-425
-344
-382
-109
-45
17
-124
-280
-161
-90
-44
192
203
197
324
89
215
35
-114
-206
-258
192
465
528
570
433
303
293
142
279
292
439
619
826
959
705
250
-158
-256
-300
-39
20
268
269
76
-19
-212
-333
-611
-640
-376
-156
-33
316
277
386
139
-241
-408
-513
-91
153
605
814
648
182
-44
-276
-432
-456
-540
-269
-178
48
73
-5
-47
-97
-192
-59
-19
160
434
500
777
523
289
-57
-216
-56
140
309
338
214
81
119
-77
11
10
-62
-48
12
223
489
435
375
133
-224
-125
-207
77
202
168
47
-102
-84
-65
-119
-328
-332
-408
-181
37
152
152
12
-216
-323
-406
-372
-245
-278
-62
-74
7
-95
-132
-134
-119
-31
-36
181
239
434
394
244
93
22
139
225
297
343
274
201
202
129
46
-191
-302
-322
-89
127
94
-42
-192
-241
-355
-349
-249
-87
9
79
152
200
126
-43
-218
-240
-216
-258
-258
-189
-53
-123
-223
-327
-240
-255
-295
-255
-277
-219
-288
-246
-91
179
298
299
170
132
91
-55
18
72
201
231
324
454
569
410
36
-331
-584
-536
-488
-186
140
349
373
252
115
2
-83
-127
-48
45
247
383
511
489
311
9
-284
-363
-257
68
356
465
392
301
161
-1
-203
-322
-336
-360
-307
-171
17
159
94
-107
-221
-338
-318
-205
-33
126
100
-4
-62
-57
-45
-35
-85
28
124
154
190
166
164
164
117
70
100
71
84
2
-49
-24
-113
-167
-235
-210
-124
-76
-59
-41
-82
-152
-178
-147
-3
108
173
218
262
261
124
-21
-148
-296
-360
-274
-101
23
21
16
43
119
160
8
-87
-71
3
100
150
218
191
118
83
89
107
108
101
105
195
173
10
-131
-164
-47
5
-50
-30
-52
-58
-56
-93
-98
-253
-337
-231
18
279
320
184
-2
-135
-215
-172
-58
68
131
122
263
342
250
54
-234
-375
-307
-42
239
383
434
388
207
76
-30
-241
-340
-281
-40
247
375
285
35
-316
-497
-515
-392
-152
-117
27
209
324
286
88
-70
-192
-229
-177
-2
104
116
4
-164
-169
-152
-230
-229
-244
-126
115
224
227
31
-154
-293
-315
-115
94
114
85
30
-80
-58
-44
-141
-189
-102
-16
68
122
178
107
8
-36
6
186
214
148
109
215
203
219
253
22
-40
137
189
201
317
221
55
-45
-125
-246
-338
-664
-742
704
2139
525
-2382
-2228
329
2310
1511
-1256
-2394
-789
1206
1355
802
290
-1089
-1879
-437
1136
1054
-49
-1041
-765
452
750
-246
-838
-322
148
-230
-347
-2
442
731
361
-24
45
241
190
80
132
160
-4
69
344
494
257
-282
-478
-96
338
188
-229
-379
17
347
279
-66
-311
-121
1
-40
-44
20
-39
-143
-53
214
262
68
-172
-302
-222
-5
152
112
13
-184
-210
-56
181
184
-178
-434
-422
-238
-56
-4
-178
-296
-294
-244
-122
-35
27
28
-69
-26
133
233
272
116
35
47
136
360
473
461
366
192
102
255
333
198
3
-63
0
77
191
203
81
-20
-96
-131
33
162
183
79
-28
-47
-18
70
24
-47
-139
-231
-296
-295
-219
-151
-160
-162
-122
-156
-204
-184
-107
-72
-113
-241
-202
-87
-7
-17
34
150
95
78
92
148
181
192
233
299
302
232
147
136
93
2
35
117
162
62
6
14
38
49
112
106
54
82
53
63
90
94
68
89
110
19
-62
-10
-11
-24
14
-64
-219
-261
-199
-218
-217
-161
-137
-225
-281
-257
-247
-162
-76
-68
-44
-39
-64
-60
41
141
2
-140
-112
-58
-29
-20
-20
25
115
140
58
-14
0
68
119
199
278
247
185
184
237
222
180
149
84
57
113
68
-3
114
166
45
-44
-88
-66
42
66
-59
-189
-145
-170
-301
-294
-249
-269
-294
-356
-396
-230
-37
-24
-65
-26
37
60
125
270
248
157
100
69
151
150
28
-38
16
75
100
84
80
39
11
-17
-50
-47
-62
-94
-114
-72
3
96
48
-32
18
126
136
89
88
96
72
12
-48
-66
-36
-31
-90
-188
-181
-148
-98
-37
-32
-104
-128
-56
-10
83
106
26
-67
-60
-31
-53
-35
-9
-33
-14
69
131
159
128
60
62
113
86
29
-17
-30
-48
-115
-179
-206
-214
-181
-120
-67
-12
34
104
153
155
97
33
31
80
88
75
81
64
61
42
20
34
14
-15
-40
-76
-64
-36
-60
-120
-143
-159
-197
-217
-164
-86
8
97
104
101
97
55
9
41
73
62
49
82
104
124
160
139
77
30
22
-25
11
114
158
127
78
24
6
5
-42
-113
-119
-79
-98
-90
-45
-8
-15
-29
-97
-151
-142
-131
-116
-83
-30
-44
-89
-111
-93
-74
-71
-101
-123
-54
44
47
29
32
-4
-39
-8
36
14
16
32
45
91
139
114
76
81
86
91
88
64
39
57
67
37
-34
-35
1
5
-3
-6
17
29
22
-19
-76
-95
-97
-105
-99
-71
-66
-82
-85
-92
-55
-24
-54
-125
-146
-49
39
42
-20
-51
-48
-48
-46
-48
-40
-10
-13
-3
35
46
6
-45
-57
-83
-80
-55
-18
36
97
79
-3
-31
0
36
52
45
67
137
162
161
143
123
65
2
-13
43
124
166
194
201
191
130
37
-42
-64
-38
-28
-68
-78
-39
-21
-57
-157
-242
-251
-206
-171
-135
-60
15
38
42
22
-22
-88
-158
-199
-159
-46
32
41
32
48
30
-2
-38
-64
-53
-53
-63
-39
24
65
60
27
2
-13
2
60
128
190
222
211
188
177
190
165
103
46
37
67
88
95
84
99
82
20
-28
-34
-21
-38
-67
-83
-86
-92
-130
-177
-183
-170
-141
-134
-103
-30
19
54
52
40
49
34
-1
-26
-15
10
21
13
-7
-31
-65
-99
-136
-130
-97
-73
-40
-9
17
21
23
22
11
23
54
88
146
206
248
275
282
272
239
206
167
136
131
124
88
59
35
18
-16
-46
-65
-84
-79
-95
-110
-122
-101
-77
-72
-78
-100
-105
-82
-57
-50
-53
-51
-40
-34
-20
-13
-8
0
-14
-55
-78
-62
-66
-81
-98
-99
-90
-87
-75
-59
-40
-23
-36
-39
-13
28
64
85
105
107
115
140
154
156
161
153
140
136
158
153
121
104
75
37
-12
-53
-78
-87
-88
-122
-148
-129
-109
-116
-115
-103
-80
-43
-18
-17
-20
0
21
12
11
14
-3
-8
-23
-24
-9
2
-15
-45
-45
-40
-52
-58
-59
-60
-49
-42
-33
-29
3
41
48
65
72
83
121
162
169
150
144
131
111
103
77
40
17
18
28
28
21
4
1
12
19
0
-25
-41
-46
-42
-61
-85
-101
-93
-70
-49
-45
-58
-66
-51
-18
-4
-12
-20
-22
-12
3
5
-18
-46
-43
-33
-26
-24
-34
-25
7
37
28
-1
-10
5
21
31
35
35
60
93
115
106
98
97
93
112
103
78
38
15
3
-15
-23
-70
-100
-110
-102
-90
-81
-80
-83
-71
-55
-38
-31
-15
0
21
33
35
24
22
23
10
1
-11
-23
-29
-15
-21
-39
-60
-77
-66
-54
-37
-36
-30
2
33
51
55
54
51
49
48
35
31
45
53
55
49
42
41
29
19
17
17
20
17
24
34
39
28
-2
-27
-38
-42
-55
-61
-56
-31
-13
-27
-41
-60
-69
-75
-78
-76
-59
-25
0
31
34
23
16
15
21
25
18
11
13
19
24
0
-42
-79
-92
-91
-84
-68
-48
-15
20
38
43
56
72
90
91
79
76
73
73
70
53
30
1
-30
-51
-51
-61
-73
-89
-105
-89
-85
-93
-103
-97
-79
-66
-48
-47
-39
-19
6
30
29
44
48
43
55
49
37
20
11
14
37
48
49
53
61
80
83
76
52
49
46
39
28
8
5
-20
-36
-48
-58
-64
-65
-63
-48
-15
12
34
43
50
52
54
42
34
23
17
26
14
12
6
-9
-27
-48
-60
-66
-70
-86
-93
-84
-68
-68
-64
-59
-53
-23
-4
23
51
71
98
110
117
115
102
80
61
50
32
17
-2
-4
0
4
4
-1
5
10
21
16
10
12
16
21
19
22
14
9
7
11
19
18
17
22
33
40
36
17
-6
-21
-39
-61
-86
-108
-118
-121
-114
-122
-130
-130
-124
-112
-110
-103
-101
-73
-30
3
18
26
35
60
93
120
138
143
164
188
212
204
175
135
103
90
63
41
7
-19
-30
-42
-54
-68
-73
-75
-64
-44
-20
-2
16
17
18
22
15
4
-10
-11
-11
-16
-29
-33
-43
-63
-81
-102
-111
-119
-123
-130
-136
-139
-143
-143
-144
-136
-122
-99
-68
-27
14
48
71
89
107
105
113
124
129
145
151
145
138
131
119
100
70
44
35
39
41
36
19
-3
-26
-43
-49
-60
-64
-63
-40
-14
4
12
5
0
1
9
21
23
22
15
2
-22
-56
-87
-123
-154
-176
-190
-198
-204
-205
-209
-217
-221
-217
-194
-158
-125
-96
-61
-15
26
64
84
99
112
136
174
195
208
200
196
199
192
179
150
122
99
90
81
62
37
14
13
15
17
15
5
13
28
40
48
56
58
61
70
63
41
14
-6
-13
-23
-38
-60
-84
-103
-106
-111
-138
-157
-169
-162
-143
-132
-137
-149
-150
-138
-106
-77
-48
-19
23
79
116
147
151
154
165
176
198
204
210
199
173
141
99
77
58
32
18
16
19
19
9
-11
-42
-63
-63
-51
-32
-13
5
21
37
45
39
27
26
27
42
55
49
28
-10
-51
-97
-132
-173
-199
-206
-203
-193
-198
-200
-204
-202
-190
-174
-154
-126
-87
-52
-25
-21
-10
12
35
71
91
108
124
151
174
173
157
127
110
101
96
94
70
48
35
30
24
14
10
14
34
49
56
55
54
57
59
56
44
38
37
42
35
20
8
-2
-1
-5
-19
-49
-70
-79
-91
-102
-117
-141
-156
-142
-122
-108
-103
-95
-77
-54
-20
13
32
51
75
98
117
124
121
113
104
104
100
98
94
82
59
45
30
12
3
-19
-39
-48
-52
-46
-45
-50
-56
-64
-60
-42
-31
-16
-2
11
20
30
32
26
23
14
-2
-7
-13
-22
-33
-43
-49
-67
-79
-95
-98
-96
-98
-104
-107
-97
-85
-77
-83
-83
-78
-57
-40
-21
-10
-4
18
36
59
68
59
51
51
58
64
59
54
46
51
52
42
39
32
26
32
44
53
66
79
82
86
86
81
83
87
93
92
99
102
98
97
80
58
39
27
24
24
10
-8
-26
-29
-46
-62
-74
-95
-93
-82
-57
-42
-32
-27
-24
-20
-12
-1
4
12
28
40
46
48
34
8
-16
-32
-45
-37
-28
-30
-32
-48
-65
-81
-95
-105
-110
-110
-98
-78
-62
-57
-60
-63
-71
-58
-36
-17
5
19
33
36
33
24
1
-8
-14
-11
-4
5
0
-15
-30
-51
-66
-72
-67
-64
-48
-40
-31
-25
-26
-35
-43
-48
-50
-20
5
21
28
21
10
9
3
-1
-5
-10
-4
6
20
14
-1
-18
-29
-33
-22
-6
13
32
46
51
55
68
70
85
86
102
118
128
141
137
125
105
86
74
79
80
80
65
53
44
30
20
1
-14
-20
-11
-1
9
7
-5
-11
-9
-10
-3
4
13
20
20
24
15
2
-12
-20
-31
-36
-38
-37
-44
-63
-86
-108
-116
-124
-131
-133
-130
-124
-117
-108
-113
-118
-125
-116
-94
-80
-61
-54
-51
-43
-30
-30
-29
-27
-28
-18
-21
-10
-16
-17
-21
-34
-40
-48
-42
-39
-34
-34
-30
-27
-15
-8
-3
1
-3
4
17
34
38
41
32
29
28
31
29
24
18
14
19
18
22
8
-1
-4
-9
-5
1
5
5
14
24
30
44
44
49
55
59
75
86
90
86
86
83
85
89
78
68
67
61
61
66
52
49
39
21
19
14
18
19
18
21
17
24
25
24
23
18
20
22
29
32
26
27
17
0
-5
-15
-15
-21
-27
-31
-40
-44
-53
-66
-79
-90
-95
-91
-85
-78
-81
-83
-80
-77
-79
-73
-70
-66
-57
-57
-49
-47
-41
-42
-37
-35
-32
-26
-27
-19
-17
-11
-16
-13
-7
-5
-1
-1
-1
7
19
22
22
19
21
24
28
27
30
23
22
23
25
27
15
12
5
9
6
3
4
7
9
6
13
9
8
8
8
9
9
10
15
14
15
15
13
18
12
8
7
2
5
12
4
6
3
0
0
0
3
1
1
-7
-3
3
3
7
1
3
5
7
11
7
1
2
0
-4
-4
-8
-7
-13
-15
-16
-26
-20
-22
-22
-22
-28
-25
-22
-16
-20
-21
-18
-19
-17
-15
-11
-12
-14
-18
-18
-13
-13
-13
-14
-18
-15
-14
-16
-17
-18
-15
-14
-9
1
6
8
9
12
13
22
29
31
38
49
50
54
67
63
61
54
55
50
49
45
31
27
22
21
11
9
9
8
7
5
6
5
-2
-3
-4
-5
-3
-3
1
5
9
11
13
13
10
7
-3
-6
-9
-16
-24
-25
-21
-25
-33
-33
-39
-37
-39
-39
-31
-28
-18
-17
-18
-19
-10
0
4
7
8
13
15
21
22
20
18
14
13
10
9
6
-1
-2
-4
-9
-12
-12
-13
-18
-18
-18
-18
-15
-13
-15
-13
-6
-3
9
18
22
33
33
37
36
31
27
20
17
9
8
10
5
1
4
-1
0
1
4
3
-2
7
5
8
20
26
28
33
39
44
46
50
55
48
42
41
35
34
30
16
13
8
3
-3
-3
-1
-6
-4
-8
-6
-8
-9
-8
-14
-9
-10
-12
-4
-10
-7
0
-5
-3
-6
-8
-10
-9
-10
-20
-29
-33
-34
-37
-31
-30
-31
-25
-24
-23
-15
-14
-14
-16
-22
-23
-16
-10
-10
-4
1
3
10
13
18
11
7
8
2
8
0
-2
-3
-7
3
0
3
7
7
4
5
6
4
-7
-12
-12
-9
1
2
1
2
11
1
4
9
4
5
1
7
4
5
0
-6
-8
-8
-3
-5
-3
-1
-1
-5
-3
-2
1
0
0
-2
-5
7
9
10
9
12
14
15
16
14
11
3
2
-4
-11
-15
-14
-14
-12
-9
-8
-2
1
5
4
1
4
10
4
9
9
4
7
0
3
-4
-4
-10
-13
-12
-20
-16
-25
-24
-27
-26
-23
-20
-13
-15
-17
-19
-16
-17
-11
-10
-9
-7
-8
-6
-8
-8
-9
-6
-9
-13
-5
-14
-10
-8
-14
-10
-19
-22
-20
-17
-15
-10
-4
-1
9
3
9
10
10
14
6
10
13
17
15
9
17
16
17
18
15
13
16
14
9
8
4
10
5
8
11
8
20
21
28
26
25
27
23
33
28
29
32
33
37
30
35
41
37
32
27
36
26
30
28
18
19
11
15
15
19
20
20
21
19
20
14
15
12
21
20
19
23
17
15
10
8
6
10
6
-2
2
3
4
1
-6
-8
-9
-9
-11
-15
-15
-9
-10
-9
-6
-7
-7
-8
-9
-14
-13
-10
-11
-7
-8
-7
-1
0
-1
-3
-3
-1
-2
-4
-6
-8
-6
1
-5
-7
-3
-2
-5
3
7
5
7
5
4
-1
3
3
5
8
6
7
9
6
4
8
3
8
6
1
3
13
13
10
12
4
8
6
3
6
6
8
10
13
17
13
9
8
7
15
20
20
18
18
27
26
24
24
18
22
21
17
17
13
8
5
7
6
-2
2
8
8
8
13
10
0
-2
0
1
3
6
3
3
2
-5
-4
-7
-11
-9
-12
-14
-6
-9
-11
-9
-2
-6
-7
-7
-7
-2
-5
-2
-1
1
1
5
6
1
6
6
4
4
1
3
6
6
4
4
7
7
7
9
8
10
15
10
11
7
8
6
3
5
0
7
2
2
4
4
11
7
5
5
9
7
8
8
-1
2
-3
-4
-2
-5
-5
-3
5
5
4
6
7
4
4
1
-1
-1
-5
-5
-3
-1
2
4
2
0
6
6
0
2
-2
2
1
-3
0
-5
1
-2
2
2
3
4
-3
0
1
1
0
-6
-4
0
-2
-7
-7
-3
-7
-6
-13
-11
-3
-11
-12
-13
-14
-12
-16
-20
-25
-25
-24
-24
-19
-20
-19
-20
-15
-12
-13
-20
-21
-22
-21
-16
-17
-10
-7
-7
-4
1
1
-1
-3
-6
-3
-8
-8
-8
-8
-5
-9
-10
-6
-5
-7
-5
-5
-10
-6
-6
-5
-6
-11
-5
-8
-5
-7
-6
-6
-11
-6
-5
-5
-3
-5
-2
1
0
-2
-4
-1
-1
-1
-4
-4
-4
-5
-4
-6
-4
-6
-3
-5
-3
-2
0
-2
0
5
3
9
8
11
8
9
11
10
9
4
6
9
9
13
16
10
11
6
6
11
9
7
11
11
11
12
5
10
7
8
9
8
16
4
2
5
1
3
5
6
0
6
9
6
9
5
2
3
-5
-9
-6
-18
-16
-15
-15
-15
-12
-5
-7
-6
-7
1
-1
3
1
-6
-5
-11
-10
-13
-10
-9
-11
-13
-16
-11
-13
-6
-5
-11
-8
-9
-8
-8
-2
-3
-7
-7
-11
-5
-5
-9
-3
-5
0
-1
-4
-3
-2
-5
-3
2
5
9
0
10
6
1
4
2
7
9
11
4
6
9
10
8
6
9
10
11
13
15
12
15
15
14
14
14
11
12
17
20
16
22
15
16
21
13
18
14
17
17
19
18
9
12
12
14
10
8
11
12
13
15
9
6
12
9
5
11
8
10
15
14
9
7
14
4
4
7
0
2
-5
-7
-7
-9
-10
-13
-6
-5
-5
-9
-11
-10
-7
-12
-10
-7
-8
-7
-6
-1
-3
-3
-11
-9
-14
-21
-11
-14
-13
-11
-8
-10
-8
-10
-7
-10
-12
-7
-8
-6
-14
-10
-11
-13
-14
-8
-3
-3
3
1
5
1
-1
3
3
3
2
2
2
3
3
3
5
7
6
6
8
7
5
4
-3
1
1
5
3
2
11
7
6
2
2
1
-2
1
1
1
-4
-5
-5
-4
-1
2
1
0
2
-2
-6
-8
-9
-4
-8
-9
-7
-8
-5
-7
-1
0
3
0
4
5
-2
0
-5
-3
-5
-7
-2
-2
0
0
4
5
-2
1
-4
-7
-10
-11
-7
-12
-10
-12
-14
-12
-13
-11
-8
-9
-6
-8
-5
-6
-10
-9
-12
-11
-7
-10
-5
-4
-6
-7
-11
-4
-5
-4
-3
-5
1
-2
-5
-4
-2
-4
-7
-3
1
2
-2
3
9
1
2
-1
5
10
9
10
7
7
0
4
2
2
5
7
2
-1
-3
-7
-3
-1
1
-1
-3
-2
0
3
0
-4
-2
-6
0
-3
-2
-4
-7
-1
-6
-3
-6
-8
-9
-6
-2
-6
-3
1
-2
7
8
7
9
7
9
-2
4
1
3
3
9
8
7
14
5
7
6
2
-2
-1
-1
-2
-3
-7
-8
-10
-7
-10
-9
-8
-10
-9
-12
-11
-10
-11
-17
-18
-11
-12
-15
-10
-8
-13
-14
-13
-18
-17
-15
-19
-18
-16
-20
-16
-18
-17
-16
-13
-15
-15
-11
-16
-16
-16
-15
-18
-17
-13
-14
-13
-11
-12
-6
-2
-4
-5
-3
3
-4
-2
-3
-6
-6
-5
0
-3
-3
0
10
6
0
-1
-7
-5
-5
-2
2
3
5
6
5
4
9
5
3
4
2
2
3
2
4
4
2
5
2
6
5
-2
-2
-2
-2
4
4
3
10
10
9
10
11
13
17
15
14
14
14
17
8
7
11
19
14
13
19
15
19
15
16
7
5
10
2
6
6
7
9
8
11
17
18
18
19
17
13
11
16
18
14
14
16
15
12
12
11
7
13
12
12
15
6
6
3
3
7
13
19
19
22
24
24
23
21
13
12
16
15
15
11
21
25
23
18
20
21
17
24
17
11
8
4
4
2
1
3
2
1
4
9
9
11
7
2
5
2
5
9
9
12
7
7
7
9
13
7
9
11
5
-1
-5
-7
-8
-4
-2
2
4
5
11
6
4
