-1
0
0
5
-2
-4
-1
-14
-7
0
-4
-5
-4
-5
-3
-2
-4
-3
-6
-5
-9
-7
-5
-4
-2
-4
-2
-3
2
4
8
4
4
9
10
11
7
12
15
22
22
19
24
22
19
26
21
22
25
22
20
23
27
18
23
28
21
24
27
28
26
23
22
20
20
19
17
21
14
15
17
14
15
9
14
11
6
5
1
3
4
1
3
1
-1
-1
-2
-4
-5
-3
-6
-6
-4
-5
-12
-7
-3
-11
-8
-3
-8
-6
-6
-14
-14
-9
-13
-11
-8
-8
-9
-5
-7
-12
-11
-13
-10
-10
-10
-12
-12
-11
-12
-14
-10
-3
-12
-8
-3
0
-4
-1
0
-8
-4
1
-1
0
3
0
-1
-3
0
0
-1
2
-2
-5
-4
-5
-6
-3
-12
-9
-5
-9
-6
-9
-6
-4
-9
-11
-12
-10
-10
-11
-10
-13
-10
-6
-16
-22
-15
-15
-18
-12
-18
-18
-16
-21
-14
-18
-17
-13
-14
-16
-12
-11
-15
-11
-10
-11
-7
-9
-8
-6
-10
-11
-9
-2
-9
-11
-4
1
-2
1
5
-5
-5
-6
-3
-4
-3
-1
-1
-2
-6
-2
-2
-5
-8
-1
-4
-5
-3
-9
-6
-6
-6
1
-5
-8
-3
-7
-8
-8
-3
-5
-9
-3
-5
-4
0
-3
1
-1
-2
0
-2
-4
1
-1
2
3
0
4
2
5
7
7
9
13
12
8
7
8
3
7
13
5
8
13
14
8
11
15
11
18
17
10
13
14
14
16
20
14
10
15
9
10
11
5
2
5
5
0
2
5
3
8
4
2
4
2
1
-4
-2
-3
-7
-4
-5
-9
-3
-4
-5
-5
-8
-7
-7
-4
-7
-6
-3
-8
-4
-2
-9
-11
-17
-10
-9
-9
-7
-12
-9
-14
-14
-9
-8
-13
-13
-13
-10
-10
-9
-9
-9
-3
-15
-10
-6
-9
-14
-9
-10
-10
-6
-12
-10
-5
-6
-3
3
0
2
-6
1
3
-3
0
-2
1
-1
5
9
2
4
7
6
12
7
6
5
0
1
5
6
8
9
0
7
8
2
5
6
4
2
5
2
7
9
-1
5
7
4
8
4
0
1
6
5
3
4
6
6
1
7
7
1
3
5
7
3
1
5
3
1
2
4
1
7
3
0
1
-4
-3
-4
-1
-3
-3
2
0
-2
-1
-3
3
5
5
0
0
3
1
5
2
-2
0
5
3
5
3
9
5
2
7
2
6
6
3
2
7
6
6
3
7
6
6
6
4
7
2
3
4
4
4
3
0
3
5
0
4
5
0
0
2
5
6
5
5
6
10
12
5
3
6
6
4
9
6
0
6
5
1
6
5
2
5
3
6
10
5
6
6
3
6
5
1
5
-1
-5
-1
-6
-7
-3
-2
-3
-8
-10
-9
-11
-7
-5
-9
-9
-9
-9
-8
-12
-12
-13
-12
-13
-18
-18
-14
-12
-8
-8
-7
-8
-4
-5
-14
-11
-10
-9
-8
-10
-6
-3
-5
0
-1
-1
0
-5
3
5
5
6
4
11
8
8
9
10
13
13
19
18
15
20
23
24
22
23
22
22
25
20
24
22
23
27
27
26
27
24
22
21
22
25
20
22
23
23
25
25
26
19
18
22
19
18
18
25
29
22
22
19
13
10
10
6
4
9
5
2
7
3
0
0
0
-1
-1
0
-5
3
3
1
1
-4
0
3
4
3
2
0
1
0
6
5
2
7
4
3
2
0
0
1
0
-3
-1
-2
0
-4
-9
-2
0
0
-2
-1
1
-3
-6
-6
-8
-5
-2
-4
-1
1
0
-3
0
1
2
6
3
0
6
9
4
-3
-1
-4
0
0
-6
-2
-3
3
-1
-5
1
2
3
-2
2
7
5
8
4
0
5
5
3
7
7
4
4
3
1
4
-1
2
1
-5
-2
-4
-2
-1
0
1
1
2
-1
-1
1
-6
2
3
-4
-7
-8
-1
-5
-6
-5
-6
-3
-2
0
0
-1
-6
-6
-5
-4
-2
-3
-7
-9
-7
-3
-6
-4
-2
-5
-3
-2
-6
-2
1
-4
-2
-2
-5
-5
-5
-3
0
-1
2
1
3
4
4
3
-3
-2
2
-1
-2
-3
-2
-5
-8
-6
-7
-6
-11
-4
-6
-12
-7
-9
-7
-10
-16
-11
-6
-12
-12
-10
-12
-12
-14
-12
-14
-10
-13
-15
-14
-12
-11
-17
-17
-18
-22
-24
-23
-22
-19
-22
-23
-20
-20
-24
-26
-25
-24
-20
-28
-24
-23
-23
-21
-27
-29
-27
-24
-21
-17
-18
-19
-19
-21
-22
-20
-19
-20
-17
-14
-16
-18
-16
-17
-12
-13
-18
-8
-12
-12
-8
-11
-6
-12
-10
-6
-6
-6
-9
-4
1
-1
0
-1
-2
1
-3
-2
-4
-3
1
7
7
3
6
4
2
1
3
5
3
6
8
6
6
6
4
1
5
-1
-3
5
0
3
1
-2
-6
-5
0
-4
-2
-7
-10
-7
-3
-10
-12
-10
-12
-12
-7
-6
-9
-3
-8
-10
-7
-2
-7
-11
-9
-10
-4
-6
-5
-6
-4
-4
-6
-8
-10
-5
-9
-12
-15
-5
-5
-7
-3
-10
-6
-7
-3
-6
-10
-6
-9
-6
-10
-5
-6
-8
0
-9
-3
-5
-8
-5
-6
-5
-8
-5
-6
-5
0
-5
-4
-3
-5
-3
-1
-2
2
2
-5
-2
-1
-3
2
2
4
2
1
2
4
4
4
9
12
13
13
11
14
14
7
12
13
8
16
19
17
16
14
19
24
18
15
16
20
18
15
17
14
14
16
14
11
15
15
9
8
11
9
6
6
6
4
3
10
0
3
8
4
5
1
4
5
3
-1
-3
-1
1
-1
-3
-6
-5
-6
-5
-3
-6
0
-4
-1
2
4
1
2
4
-3
4
3
8
5
6
8
7
12
9
8
6
10
10
10
9
10
12
13
11
12
11
10
15
8
13
11
7
6
6
2
0
6
3
0
-1
-6
-2
1
-2
-2
-2
3
-1
1
2
0
1
-3
1
2
1
1
4
8
7
6
5
4
1
1
5
1
1
6
6
3
-2
1
5
0
1
2
6
2
-2
-3
-4
-2
-2
-1
-5
-3
-7
-9
-2
-5
-6
-6
-3
-9
-7
-7
-12
-5
-5
-3
-4
-6
-4
-9
-9
-10
-7
-6
-15
-12
-12
-13
-10
-12
-13
-13
-12
-18
-16
-13
-17
-14
-12
-12
-7
-10
-10
-9
-14
-8
-8
-4
-3
-13
-14
-10
-3
-9
-9
-6
-8
3
3
2
4
2
2
4
7
8
8
9
12
12
12
14
11
17
11
12
13
12
18
16
16
15
16
12
10
12
11
11
11
9
4
5
0
-8
-7
-11
-18
-13
-17
-24
-26
-23
-21
-28
-24
-30
-27
-33
-33
-29
-34
-35
-33
-29
-34
-33
-32
-26
-30
-31
-28
-29
-24
-23
-20
-18
-17
-16
-13
-10
-5
-2
-1
-4
-5
-2
3
1
5
7
6
8
10
16
14
22
22
18
21
21
26
28
31
28
28
37
37
30
34
38
35
36
37
32
30
34
31
28
29
23
23
18
16
12
7
4
-4
-5
-10
-14
-18
-20
-21
-21
-23
-30
-33
-36
-36
-36
-37
-37
-33
-30
-33
-32
-31
-28
-24
-21
-18
-15
-15
-12
-10
-10
-3
-3
1
6
5
11
13
15
18
24
33
30
34
35
36
39
34
33
32
35
35
31
31
29
32
28
27
29
31
32
23
24
27
23
19
19
17
18
14
6
2
5
-1
-6
-11
-20
-26
-31
-36
-50
-53
-67
-82
-90
-107
-122
-138
-153
-167
-173
-177
-190
-194
-191
-192
-196
-197
-189
-193
-182
-171
-170
-155
-144
-133
-112
-95
-80
-54
-35
-12
6
26
51
61
80
93
103
112
119
123
133
144
151
157
164
176
183
191
193
198
200
196
197
198
190
182
181
180
178
174
177
185
191
200
200
205
212
219
218
215
207
198
194
184
169
162
148
139
130
112
98
76
49
11
-26
-71
-119
-175
-239
-303
-364
-428
-490
-539
-588
-625
-658
-686
-706
-714
-726
-729
-728
-724
-706
-691
-660
-632
-588
-536
-476
-403
-331
-248
-166
-83
1
82
151
219
270
314
354
382
399
416
428
438
451
456
471
483
494
499
511
515
507
501
480
454
424
391
353
315
283
254
232
218
207
205
212
218
229
245
254
271
279
284
292
299
311
324
341
361
382
411
444
480
514
544
576
588
592
580
550
495
421
328
221
98
-42
-174
-322
-465
-603
-729
-852
-963
-1059
-1146
-1224
-1291
-1349
-1402
-1442
-1472
-1489
-1489
-1474
-1442
-1390
-1313
-1216
-1092
-950
-798
-630
-457
-279
-111
38
178
290
389
473
527
582
616
645
665
697
736
769
816
846
890
923
953
969
952
935
888
827
756
677
591
504
427
356
292
242
203
171
142
121
97
62
28
-28
-87
-155
-217
-281
-344
-379
-408
-407
-392
-354
-289
-197
-98
5
122
229
338
432
503
560
601
625
632
634
628
611
590
569
544
509
467
412
344
273
177
65
-53
-191
-333
-466
-609
-743
-862
-957
-1038
-1098
-1118
-1127
-1117
-1079
-1035
-981
-917
-854
-782
-716
-658
-588
-529
-473
-404
-345
-281
-220
-153
-82
-22
41
100
147
179
213
233
229
217
201
172
145
117
86
64
43
40
42
55
78
109
147
192
231
270
312
344
381
410
436
460
491
525
560
603
645
696
751
803
867
918
968
1011
1032
1066
1068
1067
1053
1024
986
930
878
807
728
640
546
434
313
183
42
-104
-264
-426
-588
-746
-908
-1064
-1207
-1338
-1446
-1545
-1623
-1688
-1727
-1752
-1758
-1747
-1720
-1686
-1630
-1567
-1493
-1397
-1308
-1193
-1089
-973
-840
-719
-584
-453
-323
-206
-79
36
137
239
320
390
455
512
564
605
649
676
706
745
772
811
844
870
894
916
933
943
948
944
941
929
911
894
877
859
843
833
828
825
827
829
832
830
829
833
824
814
802
787
775
756
740
724
712
696
681
668
635
605
562
505
425
326
220
83
-74
-236
-409
-593
-773
-952
-1127
-1292
-1441
-1574
-1696
-1797
-1881
-1947
-1997
-2040
-2065
-2078
-2077
-2056
-2028
-1984
-1916
-1821
-1714
-1580
-1434
-1270
-1089
-898
-707
-517
-325
-137
32
182
328
435
540
618
682
728
752
785
793
814
817
830
849
860
875
889
907
910
920
921
914
906
884
847
808
757
709
649
589
534
475
425
372
324
275
229
187
142
100
65
27
1
-22
-35
-17
13
69
146
250
380
532
699
879
1068
1249
1429
1590
1733
1849
1924
1978
1991
1964
1898
1800
1673
1504
1311
1093
854
593
318
24
-281
-597
-915
-1237
-1555
-1862
-2168
-2443
-2700
-2929
-3122
-3282
-3399
-3480
-3506
-3498
-3447
-3358
-3238
-3083
-2907
-2709
-2497
-2277
-2050
-1814
-1585
-1357
-1136
-912
-685
-461
-234
-24
203
419
636
854
1059
1275
1476
1674
1846
2005
2157
2279
2386
2457
2498
2522
2505
2471
2403
2304
2190
2044
1884
1697
1484
1261
1022
775
511
247
-2
-254
-489
-711
-906
-1064
-1191
-1268
-1316
-1312
-1257
-1161
-1021
-857
-646
-414
-155
119
389
677
954
1229
1488
1725
1942
2120
2277
2396
2469
2506
2501
2460
2369
2236
2071
1857
1623
1349
1051
745
415
84
-269
-601
-940
-1268
-1573
-1887
-2161
-2421
-2647
-2852
-3020
-3143
-3247
-3306
-3329
-3337
-3308
-3245
-3170
-3072
-2974
-2843
-2712
-2566
-2408
-2274
-2099
-1933
-1756
-1580
-1402
-1194
-1004
-782
-573
-365
-126
86
324
535
758
986
1173
1392
1563
1741
1911
2048
2184
2269
2359
2413
2441
2466
2435
2394
2338
2247
2140
2001
1870
1708
1534
1361
1152
971
779
598
423
255
128
0
-87
-146
-184
-162
-118
-58
43
178
346
522
718
916
1112
1332
1519
1697
1870
2000
2118
2191
2254
2252
2221
2181
2054
1913
1712
1491
1226
917
598
226
-134
-518
-917
-1299
-1682
-2050
-2393
-2713
-3008
-3282
-3497
-3687
-3858
-3975
-4066
-4128
-4160
-4157
-4125
-4080
-3988
-3883
-3761
-3611
-3451
-3260
-3070
-2845
-2627
-2386
-2106
-1834
-1537
-1235
-903
-568
-224
141
499
863
1240
1587
1925
2264
2572
2857
3092
3315
3492
3637
3749
3788
3806
3783
3721
3618
3475
3297
3069
2834
2554
2242
1915
1563
1206
822
457
92
-262
-587
-888
-1150
-1360
-1517
-1624
-1671
-1658
-1588
-1475
-1286
-1073
-822
-532
-225
110
431
791
1110
1436
1765
2041
2318
2556
2783
2943
3069
3161
3174
3154
3073
2924
2720
2470
2174
1815
1429
1017
562
118
-338
-810
-1244
-1682
-2091
-2484
-2850
-3177
-3502
-3759
-4010
-4231
-4387
-4525
-4622
-4703
-4709
-4702
-4672
-4559
-4460
-4330
-4161
-3981
-3783
-3572
-3328
-3095
-2848
-2540
-2254
-1933
-1576
-1217
-825
-433
11
423
852
1312
1703
2129
2511
2861
3184
3461
3718
3876
4046
4160
4202
4243
4218
4156
4047
3904
3724
3473
3218
2906
2530
2169
1747
1323
888
462
54
-346
-664
-982
-1220
-1378
-1500
-1537
-1532
-1439
-1309
-1128
-878
-644
-341
-26
295
636
970
1326
1634
1960
2265
2519
2764
2967
3112
3204
3244
3217
3105
2946
2721
2400
2067
1660
1212
745
256
-235
-750
-1204
-1666
-2111
-2500
-2876
-3211
-3522
-3783
-4033
-4248
-4412
-4571
-4697
-4775
-4837
-4871
-4853
-4821
-4752
-4657
-4527
-4391
-4225
-4026
-3847
-3628
-3413
-3165
-2902
-2614
-2282
-1962
-1576
-1166
-733
-255
222
734
1242
1768
2275
2744
3213
3613
3979
4287
4550
4751
4880
4987
5011
4981
4915
4778
4604
4380
4097
3767
3377
2976
2501
2005
1503
966
456
-52
-505
-929
-1279
-1539
-1760
-1871
-1905
-1866
-1752
-1573
-1329
-1067
-735
-382
-32
361
740
1126
1505
1883
2247
2567
2889
3166
3384
3588
3710
3767
3751
3662
3497
3232
2938
2540
2094
1624
1097
564
10
-516
-1055
-1556
-2013
-2470
-2878
-3266
-3634
-3971
-4273
-4558
-4833
-5069
-5280
-5461
-5585
-5668
-5728
-5718
-5667
-5585
-5458
-5292
-5105
-4923
-4693
-4474
-4243
-3977
-3715
-3405
-3099
-2717
-2320
-1889
-1371
-860
-269
349
987
1614
2231
2866
3425
3944
4408
4779
5090
5345
5522
5616
5668
5669
5587
5487
5323
5099
4849
4541
4192
3756
3305
2790
2228
1662
1044
445
-134
-656
-1147
-1572
-1867
-2109
-2249
-2276
-2226
-2073
-1852
-1560
-1237
-870
-435
-23
408
844
1262
1697
2110
2520
2874
3218
3549
3794
4021
4163
4233
4231
4138
3971
3672
3350
2930
2423
1901
1311
721
123
-451
-1036
-1601
-2098
-2583
-3038
-3462
-3859
-4241
-4563
-4854
-5144
-5378
-5559
-5703
-5809
-5863
-5873
-5838
-5745
-5625
-5495
-5323
-5129
-4943
-4755
-4555
-4354
-4147
-3917
-3678
-3413
-3095
-2730
-2336
-1891
-1385
-834
-223
404
1010
1631
2253
2862
3387
3859
4282
4634
4950
5175
5330
5431
5500
5508
5455
5380
5231
5037
4820
4532
4177
3765
3320
2810
2249
1687
1093
530
-15
-528
-968
-1313
-1548
-1743
-1825
-1797
-1695
-1469
-1189
-877
-536
-124
322
720
1153
1561
1947
2354
2728
3054
3338
3635
3868
4023
4156
4203
4165
4064
3876
3588
3230
2827
2312
1736
1161
553
-78
-690
-1295
-1903
-2429
-2905
-3360
-3791
-4146
-4446
-4733
-4937
-5154
-5346
-5478
-5583
-5647
-5729
-5736
-5717
-5683
-5563
-5473
-5335
-5185
-5031
-4834
-4713
-4516
-4373
-4240
-4064
-3928
-3686
-3480
-3194
-2845
-2463
-1926
-1371
-731
-92
577
1350
2075
2801
3425
3972
4499
4950
5362
5622
5816
5971
6050
6110
6111
6054
5917
5741
5550
5247
4901
4503
3990
3425
2799
2176
1503
852
193
-475
-986
-1402
-1712
-1978
-2115
-2107
-2010
-1740
-1450
-1138
-760
-344
138
558
1000
1397
1734
2133
2457
2788
3073
3337
3583
3728
3914
4016
4020
3960
3759
3508
3152
2741
2252
1624
1013
361
-268
-864
-1486
-2044
-2558
-2985
-3333
-3692
-3968
-4216
-4430
-4603
-4825
-4963
-5143
-5269
-5349
-5468
-5514
-5558
-5493
-5415
-5352
-5201
-5089
-4935
-4756
-4630
-4504
-4425
-4305
-4249
-4205
-4063
-3940
-3774
-3564
-3252
-2838
-2278
-1606
-944
-266
542
1410
2263
3071
3730
4319
4875
5445
5846
6083
6292
6429
6522
6598
6638
6571
6454
6326
6152
5900
5617
5212
4663
4040
3404
2705
1986
1250
446
-300
-901
-1271
-1643
-1937
-2113
-2133
-1958
-1693
-1346
-1077
-736
-274
177
610
1015
1369
1689
2007
2394
2671
2933
3244
3433
3604
3746
3907
3930
3829
3660
3342
2972
2611
2063
1384
700
41
-617
-1322
-1899
-2538
-3083
-3463
-3819
-4130
-4380
-4520
-4687
-4894
-5025
-5210
-5390
-5481
-5676
-5864
-6002
-5970
-5909
-5895
-5733
-5571
-5391
-5136
-4931
-4777
-4679
-4606
-4552
-4656
-4634
-4638
-4628
-4497
-4374
-4049
-3606
-2869
-2069
-1371
-466
531
1605
2613
3423
4177
4777
5432
5997
6303
6639
6794
6947
7094
7211
7349
7279
7289
7240
7039
6863
6575
6201
5618
4861
4147
3323
2531
1658
650
-170
-896
-1395
-1780
-2085
-2206
-2317
-2124
-1738
-1350
-906
-573
-109
350
793
1308
1566
1856
2077
2326
2705
2958
3259
3418
3621
3910
4076
4221
4156
3972
3689
3253
2830
2225
1484
671
-189
-940
-1706
-2360
-2975
-3599
-4058
-4387
-4594
-4752
-4918
-5077
-5255
-5392
-5478
-5688
-5866
-6011
-6216
-6321
-6325
-6211
-6177
-6093
-5818
-5627
-5381
-5107
-4945
-4800
-4704
-4598
-4640
-4758
-4735
-4891
-4913
-4784
-4719
-4487
-4025
-3147
-2416
-1693
-632
408
1624
2735
3604
4357
5045
5907
6382
6707
7106
7166
7363
7548
7762
7777
7714
7957
7907
7861
7812
7563
7232
6687
6023
5178
4304
3546
2399
1289
418
-383
-998
-1565
-1850
-2155
-2268
-2003
-1742
-1383
-976
-584
-162
246
751
1073
1275
1582
1679
1885
2125
2428
2616
2692
3027
3268
3494
3646
3634
3498
3242
3001
2558
1925
1310
511
-298
-1067
-1761
-2422
-3089
-3502
-3953
-4262
-4365
-4427
-4521
-4673
-4717
-4862
-5034
-5122
-5330
-5615
-5808
-5901
-5958
-5989
-5880
-5839
-5737
-5415
-5158
-4977
-4827
-4613
-4599
-4627
-4595
-4812
-5057
-5239
-5296
-5415
-5391
-5071
-4599
-3815
-2985
-2162
-1164
81
1389
2340
3174
4030
4779
5552
6062
6477
6736
6981
7346
7506
7779
7877
7992
8201
8310
8389
8224
8075
7794
7181
6517
5712
4882
3918
2706
1676
702
-50
-787
-1494
-1904
-2216
-2236
-2171
-2030
-1698
-1358
-928
-509
-160
243
476
824
1040
1121
1327
1508
1823
1991
2250
2542
2818
3134
3296
3354
3329
3217
2942
2484
1968
1391
611
-116
-909
-1604
-2211
-2721
-3150
-3615
-3758
-3888
-3955
-4062
-4176
-4306
-4530
-4670
-4982
-5323
-5581
-5814
-6053
-6217
-6268
-6225
-6137
-5857
-5682
-5537
-5208
-4971
-4785
-4889
-4902
-5063
-5324
-5460
-5832
-6069
-6245
-6203
-5895
-5386
-4499
-3769
-2884
-1571
-236
1214
2270
3351
4274
5127
6107
6589
7111
7412
7700
8025
8269
8577
8710
8856
9162
9234
9354
9307
9131
8910
8182
7581
6655
5782
4634
3273
2099
895
13
-924
-1749
-2383
-2658
-2802
-2774
-2663
-2340
-2075
-1650
-1117
-879
-476
-182
230
337
569
847
989
1360
1704
2013
2269
2793
3189
3370
3582
3706
3595
3370
3097
2560
1894
1342
642
-196
-838
-1385
-1963
-2467
-2790
-3105
-3431
-3526
-3662
-3905
-4034
-4236
-4501
-4869
-5086
-5411
-5848
-6065
-6321
-6523
-6618
-6498
-6370
-6263
-5979
-5642
-5433
-5189
-5059
-5097
-5208
-5397
-5569
-5953
-6158
-6324
-6495
-6277
-5702
-4850
-4130
-3193
-1861
-480
1064
2380
3468
4380
5361
6369
6915
7405
7748
7978
8207
8556
8769
8825
9009
9260
9317
9286
9369
9166
8867
8319
7659
6706
5810
4783
3370
2083
905
-88
-1217
-1966
-2652
-3159
-3301
-3186
-3059
-2919
-2440
-1976
-1493
-1022
-531
-301
78
416
579
706
964
1295
1391
1730
2097
2467
2850
3249
3518
3614
3702
3656
3273
2828
2289
1589
866
112
-611
-1363
-1895
-2339
-2772
-3145
-3377
-3637
-3768
-3937
-4103
-4344
-4679
-4888
-5376
-5705
-6125
-6474
-6810
-7118
-7203
-7224
-7089
-6834
-6603
-6365
-6016
-5917
-5806
-5966
-6027
-6236
-6550
-6599
-6805
-6743
-6496
-5827
-4998
-4232
-3167
-1930
-550
1016
2236
3365
4464
5596
6662
7210
7927
8357
8702
9138
9385
9640
9703
9905
10120
10041
10071
9831
9491
9163
8424
7641
6555
5643
4457
3048
1880
657
-393
-1395
-2276
-3024
-3464
-3591
-3563
-3636
-3307
-2964
-2474
-1877
-1452
-995
-786
-188
89
312
580
838
1158
1423
1872
2191
2585
2992
3367
3538
3758
3841
3769
3489
3113
2628
1989
1447
672
-64
-823
-1355
-1882
-2386
-2693
-3022
-3203
-3441
-3602
-3840
-4086
-4326
-4812
-5269
-5717
-6069
-6459
-6837
-7022
-7233
-7219
-7053
-6903
-6812
-6710
-6551
-6539
-6660
-6702
-6859
-7031
-7060
-7141
-7028
-6677
-5874
-5091
-4379
-3223
-1928
-424
1019
2303
3521
4617
5985
6990
7711
8489
9004
9544
9925
10344
10572
10607
10804
10818
10639
10501
10135
9743
9125
8264
7372
6235
5369
3972
2575
1258
49
-995
-2199
-3044
-3866
-4296
-4582
-4685
-4655
-4420
-4102
-3601
-3090
-2570
-2042
-1597
-999
-671
-175
106
558
985
1308
1661
2028
2597
2921
3263
3513
3744
3833
3836
3677
3326
2889
2401
1711
1003
366
-340
-955
-1619
-2094
-2527
-2809
-3026
-3377
-3662
-3931
-4188
-4523
-4992
-5486
-5926
-6314
-6681
-6983
-7192
-7357
-7389
-7258
-7161
-7119
-7046
-7037
-7124
-7204
-7291
-7416
-7430
-7367
-7279
-6990
-6128
-5217
-4403
-3407
-2169
-691
706
2107
3229
4330
5662
6755
7610
8545
9271
9885
10309
10882
11258
11312
11633
11534
11460
11155
10860
10409
9683
8910
7770
6672
5646
4365
2908
1564
319
-721
-1970
-2775
-3551
-4084
-4420
-4819
-4696
-4614
-4249
-3868
-3520
-3012
-2496
-1898
-1210
-865
-348
8
545
1285
1599
2110
2394
3049
3465
3687
4046
4068
4109
3955
3657
3362
2840
2361
1642
819
306
-476
-996
-1620
-2222
-2606
-3076
-3235
-3599
-4011
-4243
-4702
-5065
-5604
-6171
-6503
-7073
-7347
-7650
-7807
-7775
-7851
-7687
-7666
-7592
-7469
-7638
-7713
-7869
-7947
-7860
-7892
-7624
-7423
-6716
-5627
-4845
-3849
-2730
-1282
251
1382
2696
3814
5021
6312
7068
8057
8830
9602
10263
10786
11426
11759
12017
12321
12406
12205
11875
11370
10862
9883
8789
7578
6357
5082
3573
2122
777
-329
-1540
-2591
-3391
-3878
-4375
-4759
-4809
-4693
-4506
-4134
-3811
-3445
-3027
-2458
-1835
-1488
-801
-518
89
768
1398
1977
2306
3096
3489
3834
4250
4377
4327
4213
3896
3648
3052
2612
1881
929
528
-300
-819
-1518
-2082
-2484
-3072
-3204
-3637
-4063
-4295
-4820
-5140
-5635
-6060
-6421
-7097
-7269
-7671
-7881
-7927
-8168
-8064
-8235
-8154
-8003
-8213
-8074
-8237
-8156
-7899
-7893
-7399
-7168
-6288
-5359
-4796
-3705
-2697
-1218
-18
926
2252
3267
4651
5746
6610
7731
8431
9342
10029
10717
11421
11644
12039
12370
12425
12395
11955
11603
11018
10070
9116
7925
6931
5515
4099
2737
1522
396
-787
-1772
-2703
-3257
-3760
-4191
-4370
-4428
-4411
-4129
-3888
-3415
-3267
-2656
-2016
-1658
-979
-641
121
553
1229
1757
2174
2842
3293
3630
3900
4119
4130
4026
3815
3613
2913
2538
1809
1157
478
-329
-862
-1809
-2197
-2828
-3381
-3764
-4297
-4564
-5031
-5384
-5681
-6193
-6359
-6760
-7150
-7364
-7675
-7631
-7996
-8093
-8148
-8384
-8217
-8432
-8418
-8532
-8714
-8266
-8240
-7828
-7379
-6800
-5583
-4945
-3834
-2799
-1725
-192
545
1696
2710
3772
5047
5631
6830
7685
8428
9349
9925
10750
11147
11508
12057
12110
12335
12079
11688
11497
10600
9920
8646
7728
6552
4942
3787
2347
1265
33
-1090
-1948
-2664
-3125
-3417
-3927
-3850
-3958
-3759
-3387
-3296
-2847
-2761
-1952
-1539
-1074
-568
-97
590
1106
1725
2261
2895
3425
3856
4174
4612
4655
4739
4565
4321
3875
3296
2811
1946
1251
289
-551
-1332
-2081
-2833
-3623
-4183
-4649
-5183
-5601
-5994
-6515
-6843
-7325
-7578
-7960
-8378
-8602
-8938
-8931
-9136
-9278
-9213
-9278
-9214
-9116
-9189
-8973
-8708
-8424
-8026
-7635
-6458
-5623
-4758
-3574
-2554
-1124
134
1175
2178
3045
4387
5361
6051
7218
7845
8761
9456
10244
10813
11104
11676
11875
12011
11988
11767
11267
10878
10029
9171
7950
7160
5873
4365
3352
1978
1074
-233
-977
-2000
-2818
-3064
-3434
-3858
-4000
-3988
-3956
-3550
-3232
-2905
-2864
-2016
-1265
-945
-270
493
1075
1663
2451
3150
3613
4192
4750
4892
5236
5518
5425
5095
5004
4490
3940
3458
2838
2023
1038
495
-408
-1174
-1901
-2791
-3636
-4345
-5013
-5848
-6612
-7303
-8050
-8751
-9032
-9494
-9894
-10171
-10239
-10156
-10297
-10151
-10185
-10244
-10152
-10220
-10144
-10064
-9812
-9286
-9029
-8157
-6954
-5909
-4754
-3577
-2023
-565
730
2003
3114
4101
5530
6263
7189
8081
8796
9671
10002
10990
11272
11708
11994
12239
12264
12067
11751
11202
10584
9529
8557
7162
6316
4763
3586
2172
1123
168
-1045
-1570
-2505
-2881
-3507
-3654
-3881
-3989
-4105
-3940
-3858
-3566
-3163
-2953
-2213
-1732
-884
-334
654
1624
2365
3088
4002
4780
5297
5699
5972
6197
6116
6131
5743
5413
4953
4518
3904
3322
2807
2115
1372
734
50
-804
-1558
-2375
-3214
-4368
-5256
-6260
-7320
-8327
-9233
-10069
-10722
-11037
-11413
-11618
-11616
-11459
-11457
-11366
-11187
-11160
-11219
-10889
-10738
-10568
-10003
-9308
-8158
-7106
-5834
-4495
-3141
-1221
306
1532
2985
4213
5608
6718
7677
8717
9320
10212
10908
11458
12084
12296
12595
12742
12812
12669
12149
11644
10841
9921
8681
7450
6284
4790
3368
1911
696
-417
-1606
-2511
-3459
-4165
-4320
-4681
-4799
-4851
-4871
-4520
-4302
-3669
-3500
-3316
-2591
-2065
-1357
-750
40
759
1489
2560
3402
4241
5003
5569
6101
6539
6926
6893
6604
6479
5893
5375
4830
4025
3337
2343
1791
1074
297
-255
-1236
-1903
-2665
-3500
-4363
-5431
-6359
-7499
-8549
-9261
-10131
-10923
-11599
-12028
-12211
-12592
-12626
-12803
-12894
-12726
-12684
-12146
-11850
-11322
-10587
-9763
-8195
-7070
-5935
-4487
-3001
-1216
52
1373
2944
4146
5642
6715
7804
9101
9902
10900
11619
12516
13198
13452
13886
14083
13930
13536
13002
12297
11282
9979
8727
7291
6053
4559
3004
1707
605
-429
-1693
-2426
-3054
-3753
-4305
-4518
-4707
-4939
-4938
-4771
-4699
-4397
-3886
-3535
-2980
-2200
-1485
-875
202
1173
1848
2575
3654
4449
4842
5481
5888
6061
6241
6329
6111
5907
5731
5440
4765
4491
4047
3239
2758
2032
1344
355
-236
-1028
-2306
-3120
-4092
-5058
-6113
-7072
-7983
-8976
-9504
-10102
-10952
-11350
-11745
-12274
-12754
-13166
-13326
-13952
-13831
-13494
-13521
-12919
-12137
-10631
-9513
-8246
-6507
-5117
-3053
-1347
-41
1395
2890
4642
5670
6750
8107
8911
9898
10908
11724
12459
12937
13693
14111
14209
14461
13865
13510
12758
11582
10277
8715
7538
5512
3690
2238
769
-599
-1824
-2964
-3830
-4410
-4429
-4694
-5196
-4924
-5017
-4758
-4529
-4280
-4370
-4401
-3562
-3071
-2749
-1983
-1054
-311
665
1886
2927
3630
4711
5463
5929
6477
6852
6786
6493
6477
6080
5543
5196
4756
4079
3664
3369
2938
2371
1987
1474
680
30
-828
-1869
-3009
-4179
-5413
-6637
-7600
-8530
-9485
-10126
-10563
-11025
-11567
-11911
-12202
-12773
-13226
-13362
-13522
-13563
-13311
-12462
-11533
-10700
-9370
-8062
-6379
-4532
-3071
-1635
-145
1788
3449
4523
6074
7284
8287
9363
10431
11395
11899
12524
13202
13649
13906
14038
13668
13438
12744
11831
10659
9521
8313
6453
4839
3249
2007
363
-1048
-2366
-3433
-4220
-4792
-5150
-5524
-5656
-5765
-5467
-5295
-4833
-4785
-4478
-3980
-3496
-2918
-2414
-1481
-823
-120
751
1854
2728
3536
4292
4955
5567
6089
6392
6426
6442
6312
6025
5548
5292
4786
4205
3767
3213
2710
2107
1680
1070
193
-543
-1427
-2397
-3415
-4499
-5608
-6660
-7493
-8267
-9016
-9577
-10142
-10801
-11338
-11750
-12329
-12917
-13217
-13447
-13559
-13318
-12481
-11528
-10764
-9568
-8179
-6533
-4743
-3412
-1973
-658
1142
2730
3841
5293
6348
7438
8402
9530
10483
11136
11699
12504
12930
13271
13428
13164
13082
12225
11570
10425
9479
8250
6582
4999
3568
2323
729
-628
-1981
-2840
-3811
-4140
-4610
-4977
-5200
-5207
-5000
-4919
-4565
-4692
-4412
-4038
-3384
-3143
-2521
-1687
-1057
-357
601
1772
2462
3417
4101
4812
5331
5948
6214
6215
6310
6247
6016
5721
5543
4919
4481
3919
3533
2969
2375
1970
1189
572
-190
-970
-1923
-3047
-4091
-5135
-6113
-6968
-7759
-8519
-9090
-9658
-10277
-10873
-11307
-11916
-12484
-12716
-12833
-12768
-12475
-11476
-10739
-10016
-8703
-7479
-5890
-4598
-3274
-2009
-763
1126
2308
3432
4741
5871
6873
7855
9003
9876
10460
11183
11959
12216
12557
12439
12234
11759
10909
10035
8859
7949
6583
5131
3734
2668
1592
410
-711
-1606
-2266
-2917
-3281
-3724
-3982
-4443
-4564
-4622
-4655
-4624
-4746
-4619
-4359
-3896
-3398
-2808
-2038
-1259
-587
502
1539
2451
3111
3818
4509
4956
5417
5620
5682
5590
5663
5434
5261
5056
4836
4464
4048
3864
3340
2912
2339
1672
769
-67
-870
-1889
-2975
-4010
-4930
-5836
-6489
-7260
-7930
-8643
-9242
-9849
-10429
-10863
-11546
-11845
-12129
-12139
-11910
-11413
-10556
-10058
-9050
-7952
-6677
-5116
-4011
-2759
-1630
-79
1416
2442
3746
4816
5837
6892
7996
8946
9727
10384
11113
11617
12022
12225
11924
11755
11152
10418
9372
8436
7295
5764
4362
3049
1966
639
-466
-1623
-2421
-2918
-3170
-3446
-3708
-3708
-3772
-3613
-3488
-3330
-3622
-3802
-3642
-3565
-3434
-3195
-2810
-2418
-1854
-883
31
915
1905
2744
3571
4331
5149
5457
5636
5729
5621
5447
5110
4922
4366
3934
3727
3457
3193
2855
2555
2100
1516
1058
320
-669
-1623
-2704
-3696
-4681
-5562
-6549
-7595
-8188
-8865
-9562
-10126
-10591
-11026
-11484
-11440
-11527
-11532
-11103
-10446
-9754
-9170
-8084
-7070
-5804
-4504
-3399
-2364
-1189
408
1449
2613
3808
5029
6047
7109
8373
9218
10041
10663
11313
11595
11803
11657
11347
10893
10132
9184
8064
7184
5861
4581
3156
2068
1005
-67
-1088
-2133
-2625
-3235
-3633
-3953
-4050
-4277
-4402
-4139
-3949
-3827
-3638
-3389
-3215
-2879
-2361
-2027
-1711
-1151
-755
-221
510
1356
1791
2302
3051
3611
4111
4591
4957
4998
5157
5242
5217
4977
4897
4505
4082
3830
3475
3109
2486
2096
1404
706
14
-754
-1761
-2828
-3693
-4500
-5366
-6181
-6795
-7654
-8337
-8948
-9476
-10284
-10782
-11008
-11417
-11459
-11129
-10327
-9752
-8897
-7797
-6898
-5494
-4058
-3031
-2144
-1095
431
1367
2305
3597
4324
5308
6300
7420
8267
8970
9985
10544
11047
11602
11571
11282
10943
10335
9285
7960
7136
5680
4070
2748
1444
317
-922
-1721
-2876
-3565
-3604
-3917
-4203
-4167
-4039
-4090
-3892
-3428
-3444
-3697
-3189
-3024
-2951
-2566
-2118
-1736
-1411
-510
-26
542
1532
2179
2570
3080
3803
4043
4097
4390
4336
4153
4169
4053
3853
3577
3498
3289
2983
2960
2526
2119
1767
1354
837
-17
-605
-1374
-2308
-3163
-4019
-4800
-5661
-6431
-7103
-7933
-8512
-8955
-9626
-10024
-10249
-10295
-10427
-10055
-9076
-8511
-7815
-6712
-5638
-4453
-3319
-2249
-1463
-685
784
1581
2452
3572
4478
5403
6276
7625
8427
9036
9912
10537
10874
11142
11111
10842
10137
9439
8423
7127
6146
4631
3266
1704
629
-335
-1627
-2440
-3281
-3849
-4172
-4367
-4278
-4467
-4594
-4158
-4113
-3684
-3512
-3435
-3206
-3020
-2286
-2198
-1769
-1122
-714
-232
476
1422
1896
2382
3061
3408
3785
4184
4280
4162
3991
4148
3744
3544
3564
3157
2929
2636
2701
2412
2097
2001
1547
1169
718
116
-576
-1416
-2234
-3094
-3974
-4575
-5375
-6018
-6668
-7305
-7743
-8405
-8927
-9452
-9723
-10009
-10088
-9719
-9098
-8393
-7698
-6643
-5717
-4386
-3136
-2253
-1275
-402
967
1833
2821
3948
4628
5578
6431
7451
8174
8862
9528
9994
10403
10786
10745
10431
10108
9355
8404
7243
6343
4900
3457
2118
868
-244
-1466
-2296
-3338
-3983
-4384
-4829
-5046
-5043
-5005
-4953
-4898
-4377
-4104
-3880
-3433
-3124
-2671
-2369
-1640
-1253
-742
-233
347
977
1573
2288
2566
3012
3501
3905
4030
4302
4356
4414
4257
4273
4186
3825
3784
3284
3055
2616
2382
2001
1441
1017
345
-266
-919
-1571
-2385
-3136
-3828
-4348
-5047
-5539
-6105
-6728
-7374
-8077
-8646
-9424
-9823
-10124
-10268
-10211
-9635
-8747
-7979
-7035
-5838
-4734
-3406
-2218
-1214
-295
690
2098
2744
3800
4699
5492
6292
7099
8140
8716
9409
10063
10613
10862
11203
10908
10665
10002
9195
8125
6846
5828
4129
2810
1211
48
-1262
-2461
-3494
-4364
-4813
-5306
-5492
-5425
-5220
-5304
-4915
-4686
-4219
-4033
-3734
-3490
-3350
-2636
-2340
-1885
-1409
-683
-174
492
1402
2014
2507
3105
3719
4065
4427
4729
4703
4602
4702
4442
4160
3872
3637
3168
2748
2615
2231
1940
1575
1145
557
5
-543
-1328
-2196
-2978
-3797
-4495
-5099
-5727
-6289
-7049
-7599
-8215
-8791
-9398
-10052
-10315
-10646
-10533
-10084
-9355
-8493
-7729
-6401
-5266
-3778
-2422
-1480
-407
494
1995
2827
3763
4802
5561
6486
7354
8492
9220
9996
10654
11278
11579
11998
11953
11430
10881
9928
8895
7497
6407
4836
3200
1719
572
-649
-1924
-2820
-3845
-4573
-5100
-5352
-5735
-5829
-5781
-5775
-5782
-5298
-4917
-4842
-4469
-3976
-3471
-3087
-2259
-1711
-1202
-531
323
925
1587
2416
2864
3262
3807
4395
4462
4680
4739
4790
4603
4613
4606
4167
4098
3739
3474
3054
2754
2355
1535
885
234
-510
-1366
-2155
-2995
-3848
-4570
-4995
-5598
-6209
-6640
-7239
-7813
-8437
-8891
-9700
-10393
-10570
-10946
-10942
-10538
-9592
-8783
-7987
-6377
-5080
-3547
-2080
-948
196
1244
2758
3571
4288
5401
6126
6823
7695
8706
9483
10063
10917
11676
11976
12482
12482
12184
11627
10740
9673
8165
6967
5269
3355
1667
277
-1164
-2642
-3760
-4727
-5516
-5964
-6050
-6253
-6168
-5995
-5794
-5571
-4996
-4699
-4618
-4302
-3824
-3416
-3163
-2351
-1951
-1355
-680
203
1009
1761
2720
3195
3936
4645
5227
5339
5525
5600
5438
5199
4902
4530
3961
3591
3067
2707
2301
2010
1602
1128
697
172
-356
-1137
-1927
-2878
-3805
-4715
-5451
-6300
-7151
-7798
-8434
-9066
-9649
-10045
-10602
-10926
-11067
-11076
-10973
-10270
-9316
-8680
-7721
-6462
-5124
-3837
-2445
-1331
-330
921
2423
3438
4489
5719
6615
7576
8647
9819
10449
11219
11987
12533
12831
13075
13005
12519
11862
10864
9583
8247
7021
5234
3561
1853
651
-741
-1985
-2981
-4113
-4730
-5343
-5588
-5949
-6072
-6229
-6198
-6149
-5699
-5546
-5344
-4886
-4549
-3841
-3515
-2495
-2005
-1317
-565
196
1181
1779
2567
2993
3570
4145
4580
4751
4980
5051
5112
5032
5005
4991
4593
4449
4038
3766
3382
2917
2489
1719
1104
330
-445
-1231
-2227
-3207
-4157
-4853
-5536
-6273
-6909
-7468
-8070
-8587
-9208
-9901
-10542
-11175
-11559
-11912
-11903
-11589
-11040
-10038
-9071
-7917
-6441
-5000
-3294
-2073
-735
575
1780
3323
4145
5303
6200
7140
8104
8935
9996
10665
11432
12186
12746
13086
13353
13161
12794
11987
11037
9821
8402
7010
5155
3463
1845
339
-1110
-2440
-3606
-4528
-5180
-5540
-5911
-5850
-5787
-5748
-5455
-5113
-4739
-4744
-4247
-4089
-3813
-3410
-2918
-2472
-2068
-1145
-588
283
1217
2158
2753
3579
4424
4899
5251
5528
5648
5288
5356
4920
4561
4081
3729
3393
2766
2799
2328
2012
1579
1048
426
-373
-1041
-2033
-3185
-4177
-5011
-5937
-6560
-7374
-7938
-8662
-9198
-9563
-10337
-10679
-11366
-11656
-11837
-11890
-11337
-10961
-9971
-9117
-8102
-6567
-5382
-3708
-2564
-1316
35
1250
2832
3774
4999
6144
7153
8213
9357
10316
11195
11857
12652
13162
13328
13678
13163
12813
11947
11096
9812
8489
7229
5498
3949
2443
1154
-423
-1552
-2791
-3622
-4493
-4882
-5339
-5610
-5490
-5622
-5323
-5299
-4745
-4750
-4371
-4031
-3648
-3189
-2807
-2129
-1759
-953
-352
528
1224
2042
2680
3350
4044
4493
4884
4911
5154
4942
4894
4578
4223
3995
3522
3334
2821
2585
2285
1763
1397
754
116
-599
-1401
-2229
-3321
-4267
-5035
-6009
-6633
-7407
-8140
-8750
-9385
-9737
-10436
-10768
-11251
-11765
-11854
-11903
-11622
-11144
-10331
-9501
-8775
-7320
-5840
-4437
-2993
-1900
-554
688
2398
3554
4508
5767
6836
7880
8977
10192
10965
11696
12356
13110
13275
13614
13479
13010
12391
11560
10590
9275
8183
6538
4993
3258
2188
631
-777
-2024
-3188
-3993
-4775
-4850
-5339
-5445
-5605
-5189
-5083
-4466
-4144
-4097
-3759
-3416
-2544
-2638
-1826
-1468
-996
-369
462
1485
1803
2704
3296
3876
4439
4938
5095
5075
5159
5146
4794
4510
4312
3650
3098
2519
2094
1530
855
411
-317
-817
-1282
-1848
-2598
-3572
-4274
-5169
-6004
-6738
-7497
-8234
-8873
-9199
-9647
-10204
-10423
-10867
-11283
-11504
-11631
-11542
-11344
-10413
-9631
-9032
-7850
-6425
-4982
-3529
-2411
-1104
6
1587
3119
3945
5361
6327
7557
8432
9544
10614
11125
11916
12548
13082
13385
13529
13367
12948
12109
11388
9958
8893
7330
5655
4119
2440
1450
-233
-1191
-2362
-3261
-3894
-4391
-4666
-4917
-5112
-5113
-4994
-4794
-4320
-4515
-3966
-3860
-3280
-2939
-2509
-1657
-1418
-402
119
1155
1974
2611
3391
3877
4626
5003
5157
5423
5379
5244
5113
4684
4477
3947
3559
3123
2546
2422
1850
1337
858
195
-396
-1385
-2209
-3290
-4495
-5354
-6334
-7119
-7841
-8425
-8828
-9255
-9483
-9852
-10412
-10683
-11175
-11440
-11710
-11928
-11729
-11396
-10465
-9677
-8988
-7675
-6324
-4853
-3357
-2307
-762
416
2109
3478
4377
5947
6824
8018
8866
9918
10841
11403
12145
12711
13026
13287
13317
13019
12638
11746
10974
9702
8685
7201
5620
4132
2587
1322
-266
-1533
-2784
-3573
-4256
-4652
-5053
-5122
-5194
-4829
-4529
-4404
-4071
-4160
-3643
-3552
-2956
-2863
-2465
-1699
-1205
-290
361
1574
2153
3011
3922
4537
5166
5575
5877
5855
5922
5901
5630
5039
4839
4138
3601
3141
2476
2038
1053
705
-93
-785
-1395
-2376
-3174
-4270
-5097
-6015
-6941
-7722
-8447
-9200
-9611
-10150
-10438
-10960
-11278
-11429
-11879
-11699
-11908
-11553
-11208
-10299
-9308
-8765
-7571
-6283
-4867
-3492
-2323
-1133
137
1596
3192
4059
5429
6607
7648
8651
9635
10670
11217
11978
12531
12967
13120
13294
13005
12591
11867
10961
9688
8552
7169
5499
4038
2426
1354
-291
-1106
-2231
-3022
-3522
-4112
-4230
-4601
-4461
-4663
-4663
-4540
-4292
-4315
-4032
-3798
-3421
-3035
-2422
-1496
-1081
-36
641
1723
2527
3271
4091
4372
5148
5411
5532
5642
5617
5556
5203
4858
4639
4099
3660
3351
2649
2365
1827
1396
739
-136
-598
-1795
-2664
-3786
-4949
-6109
-7117
-7720
-8664
-9266
-9651
-10010
-10382
-10567
-10820
-11135
-11560
-11443
-11710
-11827
-11427
-11022
-10191
-9567
-8553
-7408
-6146
-4520
-3110
-2125
-446
853
2474
3722
4865
6363
7071
8413
9207
10207
10925
11590
12055
12464
12819
12945
12812
12401
12088
11077
10279
9092
8092
6475
5141
3723
2159
945
-472
-1617
-2854
-3512
-4284
-4774
-4892
-4634
-4938
-4606
-4101
-3835
-3344
-3107
-2655
-2815
-2137
-1683
-1507
-1006
-299
221
765
2039
2722
3249
4062
4977
5370
5755
6297
6324
6079
6053
5729
4861
4516
3821
2919
2009
1496
1115
246
-71
-727
-1307
-1953
-2517
-3338
-4503
-5351
-6363
-7119
-7958
-8584
-9229
-9848
-10310
-10614
-11216
-11554
-11828
-12064
-12095
-12257
-11550
-11070
-10139
-9172
-8465
-7241
-6039
-4532
-3397
-2494
-1147
-7
1477
2803
3986
5249
6275
7642
8646
9759
10689
11477
12096
12650
13019
13271
13039
12663
12101
11064
10258
8853
7913
6208
4858
3499
2141
1121
-282
-1118
-2285
-2845
-3474
-3898
-4281
-4421
-4541
-4543
-4492
-4348
-4093
-4111
-3602
-3484
-2876
-2506
-1798
-985
-398
633
1349
2367
3134
3885
4553
4975
5575
5803
5936
6057
5935
5830
5376
5074
4722
4171
3803
3220
2738
2354
1782
1371
603
-250
-971
-2105
-2914
-4177
-5217
-6135
-7155
-7593
-8414
-8901
-9265
-9623
-9801
-10327
-10496
-10788
-11271
-11330
-11656
-11682
-11623
-11273
-10539
-10013
-9145
-8054
-6887
-5330
-3893
-2657
-1131
127
1990
3150
4377
5875
6699
7991
8620
9721
10401
10920
11698
11942
12350
12549
12533
12308
11881
11294
10411
9168
8285
6783
5249
3816
2318
1118
-401
-1382
-2448
-3250
-3581
-4116
-4356
-4394
-4507
-4346
-4325
-4078
-3958
-3984
-3519
-3416
-2892
-2518
-2024
-1346
-657
271
928
1978
2796
3505
4227
4945
5539
5901
6190
6380
6356
6327
6173
5549
5162
4491
3855
3077
2383
1868
1020
501
-56
-648
-1302
-2015
-2861
-3870
-4880
-5726
-6702
-7552
-8241
-8932
-9347
-9716
-9851
-10323
-10696
-10756
-11035
-11244
-11407
-11525
-11428
-11138
-10366
-9662
-9205
-8006
-6862
-5549
-3938
-2690
-1182
41
1674
3255
4150
5678
6646
7582
8531
9394
10350
10842
11664
12201
12490
12734
12852
12560
12154
11447
10502
9333
8183
7024
5378
4072
2608
1453
200
-923
-1749
-2610
-3114
-3670
-3973
-4159
-4355
-4386
-4382
-4430
-4406
-4221
-3983
-3850
-3328
-2983
-2432
-1747
-815
43
553
1833
2602
3440
4289
5066
5616
5887
6427
6550
6421
6418
6187
5514
5157
4603
4084
3303
2913
2418
1493
1207
515
-9
-825
-1585
-2330
-3512
-4303
-5279
-6309
-7060
-7956
-8593
-9132
-9503
-9502
-10002
-10156
-10350
-10532
-10582
-10966
-11037
-11447
-11561
-11134
-10672
-9972
-9460
-8501
-7124
-5797
-3958
-2717
-1319
206
1642
3320
4322
5776
6755
7569
8609
9472
10313
10866
11484
11956
12172
12376
12550
12206
11897
11157
10300
9320
8420
7319
5646
4417
3073
1887
593
-419
-1516
-2530
-3073
-3623
-4074
-4322
-4506
-4930
-4911
-4650
-4527
-4652
-4201
-3939
-3592
-2891
-2217
-1520
-1041
201
824
1720
2955
3709
4452
5134
6122
6465
6694
7157
7079
6700
6484
6027
5391
4692
4033
3288
2466
2149
1493
796
229
-287
-847
-1714
-2355
-3169
-4128
-5021
-5744
-6495
-7280
-7880
-8258
-8740
-9132
-9241
-9652
-10050
-10309
-10481
-10987
-11288
-11367
-11670
-11730
-11178
-10389
-10025
-9225
-7888
-6602
-5150
-3453
-2163
-870
628
2406
3589
4626
6119
6932
7927
8941
9963
10541
11125
11926
12272
12430
12688
12738
12300
11837
11152
10296
9190
8359
6962
5479
4172
3055
1901
439
-412
-1616
-2531
-3238
-3783
-4378
-5017
-5288
-5557
-5793
-5574
-5421
-5423
-5043
-4577
-3772
-3311
-2285
-1502
-810
292
1271
2419
3071
4042
4746
5343
5998
6368
6523
6542
6558
6388
6003
5720
5372
4690
4124
3479
3032
2397
1873
1215
433
-102
-722
-1337
-2215
-3042
-3991
-4872
-5679
-6342
-7136
-7806
-8288
-8709
-8942
-9243
-9439
-9873
-10249
-10714
-11052
-11439
-11733
-12062
-12248
-11857
-11375
-10341
-9597
-8500
-7017
-5557
-3684
-2325
-729
749
2056
3716
4727
5987
7020
7879
8874
9485
10462
11093
11737
12377
12655
12951
13155
13151
12922
12247
11480
10580
9492
8454
6833
5451
3960
2611
1332
-127
-1168
-2374
-3236
-4049
-4842
-5257
-5772
-6102
-6285
-6457
-6317
-6239
-5859
-5471
-4999
-4253
-3517
-2563
-1581
-480
436
1585
2703
3660
4506
5247
5925
6300
6578
6748
6738
6596
6479
6037
5685
5300
4917
4428
3799
3423
2837
2235
1548
866
142
-678
-1442
-2371
-3394
-4267
-5062
-5888
-6744
-7397
-7987
-8672
-8973
-9287
-9749
-10135
-10401
-10714
-11305
-11569
-11805
-12276
-12363
-12258
-12014
-11475
-10404
-9342
-8506
-6933
-5229
-3664
-2161
-664
809
2028
3728
5018
5868
7029
7987
8870
9650
10551
11306
11749
12502
13088
13316
13615
13682
13449
12936
12225
11383
10207
9061
7564
5824
4281
2801
1311
-351
-1742
-2960
-4044
-4824
-5565
-6144
-6441
-6651
-6795
-6850
-6611
-6277
-6005
-5467
-4836
-4158
-3240
-2124
-1178
-138
937
2089
3159
4141
5142
5611
6363
7020
7361
7503
7585
7623
7279
7010
6588
6105
5515
4984
4190
3480
3005
2378
1599
722
56
-910
-1747
-2722
-3746
-4802
-5837
-6694
-7672
-8402
-9187
-9849
-10407
-10750
-11033
-11274
-11492
-11755
-11956
-12175
-12238
-12334
-12475
-12605
-12402
-11761
-10824
-9903
-8900
-7573
-5940
-4178
-2489
-1050
417
1963
3476
4926
6016
7275
8266
9247
10254
11142
11971
12647
13383
13844
14208
14465
14665
14378
13868
13062
12043
10869
9583
7974
5983
4302
2596
1041
-798
-2209
-3594
-4805
-5474
-6245
-6837
-7359
-7337
-7404
-7362
-7027
-6680
-6379
-5739
-4958
-4305
-3509
-2505
-1452
-680
612
1734
2749
3879
4929
5932
6614
7528
8119
8298
8579
8586
8382
8061
7603
7018
6211
5630
4966
4203
3573
2985
2343
1605
877
101
-784
-1816
-2927
-4183
-5296
-6527
-7620
-8695
-9644
-10250
-10935
-11333
-11686
-11726
-11698
-11827
-11774
-11857
-11938
-11927
-11951
-12068
-12266
-12113
-11563
-10795
-9824
-8795
-7689
-6069
-4163
-2322
-720
834
2598
4065
5711
7104
8380
9475
10413
11438
12153
13061
13662
14129
14417
14694
14826
14748
14492
13918
12966
11848
10751
9373
7804
5816
3979
2018
386
-1335
-3021
-4460
-5804
-6698
-7548
-7835
-8105
-8183
-8190
-7905
-7435
-6785
-6169
-5663
-5018
-4410
-3378
-2580
-1517
-654
329
1596
2803
4288
5357
6435
7383
8158
8869
9196
9400
9259
8819
8373
7707
7046
6293
5421
4567
3709
3060
2480
1673
991
19
-955
-1790
-2904
-3918
-5479
-6639
-7791
-8902
-9622
-10593
-11118
-11671
-11887
-11834
-11739
-11423
-11280
-11261
-11053
-11026
-10903
-10959
-11277
-11331
-11619
-11286
-10721
-9873
-8786
-7997
-6380
-4506
-2462
-301
1259
3146
4801
6588
8332
9364
10701
11379
12079
12778
13374
13992
14117
14307
14420
14398
14434
14236
13670
13026
11802
10729
9374
7989
6215
3983
2167
153
-1473
-3216
-4835
-6285
-7358
-8135
-8643
-8758
-8502
-8397
-8276
-7536
-6872
-6008
-5350
-4611
-4165
-3336
-2179
-1166
-159
931
2129
3110
4713
6046
7090
7854
8811
9482
9801
10213
10144
9739
9033
8418
7408
6516
5598
4411
3145
2166
1474
592
-225
-1130
-2087
-3049
-3829
-4679
-5741
-6859
-7905
-8852
-9657
-10314
-10956
-11472
-11849
-11911
-11781
-11497
-11096
-10827
-10663
-10522
-10327
-10211
-10226
-10437
-10638
-10768
-10533
-9828
-8936
-7816
-6782
-5281
-3316
-1154
952
2739
4411
6001
7654
9184
10260
11028
11675
12038
12500
12867
13183
13123
13062
13135
12946
12865
12597
12151
11309
10344
9228
8063
6673
5103
3104
1184
-464
-2130
-3573
-5286
-6432
-7509
-8113
-8447
-8525
-8256
-8170
-7633
-7031
-6224
-5375
-4433
-3666
-2993
-1979
-814
216
1339
2461
3329
4417
5779
6978
7720
8560
9283
9636
9984
10214
9935
9380
8807
7953
6852
5942
4948
3587
2333
1305
298
-715
-1459
-2391
-3367
-4211
-4875
-5593
-6474
-7248
-8256
-8974
-9602
-10059
-10510
-10976
-11060
-11119
-10921
-10741
-10357
-10030
-9890
-9608
-9387
-9235
-9188
-8964
-8972
-9002
-8805
-8278
-7462
-6369
-5042
-4082
-2631
-659
1314
2943
4229
5557
6650
7887
9054
9614
10090
10518
10861
11122
11337
11619
11513
11464
11527
11372
11160
10847
10318
9478
8349
7246
5999
4596
3074
1195
-458
-1952
-3200
-4492
-5802
-6670
-7332
-7670
-7649
-7413
-6956
-6499
-5939
-5064
-4205
-3072
-2373
-1753
-930
-72
1023
1873
2803
3548
4437
5590
6607
7503
8273
8775
9165
9431
9510
9111
8432
7725
6490
5331
4129
3052
1762
504
-417
-1406
-1892
-2401
-2948
-3610
-4143
-4543
-5250
-5927
-6734
-7648
-8494
-9086
-9518
-9981
-10278
-10264
-10157
-9919
-9482
-9022
-8532
-8188
-7723
-7422
-7306
-7004
-6973
-6993
-7094
-7070
-6911
-6638
-5629
-4645
-3792
-2768
-1302
475
1972
3480
4452
5400
6507
7536
8211
8437
8896
8975
9110
9294
9468
9419
9367
9541
9524
9475
9354
9253
8722
8050
7096
6089
4963
3712
2110
372
-1040
-2312
-3336
-4573
-5307
-5867
-5986
-5962
-5714
-5140
-4658
-3999
-3410
-2632
-1981
-1251
-708
-248
166
882
1503
2162
2887
3525
4386
5107
6243
6749
7266
7659
7813
7859
7443
7083
6232
5321
4263
3115
1996
994
-6
-973
-1724
-2156
-2429
-2767
-2987
-3319
-3578
-3987
-4441
-5063
-5909
-6611
-7299
-7896
-8397
-8768
-8919
-8960
-8689
-8243
-7845
-7180
-6547
-6014
-5681
-5368
-5179
-5325
-5398
-5678
-6020
-6347
-6434
-6279
-5778
-4879
-4156
-3368
-2148
-515
935
2184
3142
3948
4879
5772
6418
6605
6927
7122
7288
7564
7825
8002
8158
8503
8700
8800
8868
8871
8570
8074
7256
6347
5428
4476
3141
1633
494
-604
-1500
-2535
-3225
-3775
-4061
-4074
-4107
-3779
-3376
-2927
-2664
-2281
-1768
-1371
-1109
-726
-442
-43
533
1205
1851
2367
3275
3970
4778
5476
5918
6192
6345
6516
6098
5507
4915
4118
3093
2159
1325
472
-236
-777
-1278
-1583
-1651
-1807
-2155
-2379
-2563
-3064
-3688
-4461
-5259
-6096
-6771
-7330
-7842
-8045
-8037
-7792
-7428
-6926
-6358
-5819
-5335
-4896
-4671
-4572
-4639
-4911
-5307
-5932
-6315
-6847
-7375
-7647
-7515
-6785
-6050
-5105
-4175
-2916
-1282
184
1368
2199
3099
3967
4732
5317
5724
6019
6305
6621
6999
7404
7783
8309
8784
9235
9619
9998
10242
10133
9689
8981
8115
7214
6080
4539
3004
1626
482
-703
-1691
-2383
-2999
-3302
-3310
-3121
-2884
-2604
-2302
-2101
-1869
-1503
-1455
-1462
-1377
-1230
-1044
-784
-166
263
817
1626
2441
3182
3831
4441
4735
4859
4926
4686
4209
3715
3029
2189
1420
830
207
-384
-734
-953
-1106
-1101
-1071
-1141
-1194
-1360
-1612
-2146
-2697
-3293
-3982
-4613
-5284
-5683
-6008
-6173
-6207
-6140
-5861
-5446
-5016
-4715
-4493
-4261
-4217
-4586
-5029
-5732
-6504
-7301
-8148
-8889
-9608
-9630
-9267
-8573
-7651
-6707
-5268
-3548
-1591
-23
1173
2387
3434
4472
5198
5669
6063
6389
6805
7291
7949
8659
9291
10028
10759
11373
11949
12292
12325
11950
11220
10279
9097
7866
6253
4382
2737
1306
116
-1075
-1983
-2675
-3199
-3312
-3405
-3376
-3278
-3156
-3064
-3068
-2904
-2847
-2921
-2851
-2781
-2690
-2432
-1952
-1347
-828
-64
774
1542
2476
3186
3668
3960
4252
4395
4112
3924
3499
2889
2416
1949
1600
1175
1005
833
542
629
609
427
149
-213
-623
-1262
-1819
-2556
-3445
-4104
-4774
-5311
-5755
-6033
-6149
-6237
-6009
-5795
-5630
-5472
-5499
-5555
-5867
-6363
-6948
-7718
-8503
-9344
-9982
-10434
-10779
-10798
-10581
-9928
-8823
-7542
-6275
-4839
-3036
-1228
338
1758
2984
4068
5162
6138
6890
7501
8183
8832
9449
10159
10738
11193
11663
12131
12408
12441
12397
12164
11590
10760
9709
8572
7316
5843
4265
2709
1413
201
-975
-1998
-2821
-3404
-3910
-4219
-4329
-4327
-4254
-4208
-4138
-4047
-3953
-3811
-3700
-3583
-3392
-3119
-2557
-1903
-1178
-421
389
1365
2237
3041
3643
4191
4686
4916
5002
4980
4854
4565
4191
3822
3440
3055
2714
2300
1930
1663
1372
1022
568
106
-391
-920
-1456
-2154
-2898
-3559
-4170
-4717
-5330
-5865
-6309
-6646
-6868
-7130
-7253
-7392
-7544
-7647
-7815
-7995
-8201
-8455
-8833
-9284
-9509
-9666
-9829
-9761
-9582
-9000
-7989
-6621
-5264
-3982
-2281
-531
1216
2739
3983
4997
5937
6954
7669
8217
8697
9094
9397
9792
10223
10558
10855
11187
11447
11550
11675
11569
11210
10541
9618
8546
7340
6081
4580
3038
1631
361
-775
-1841
-2783
-3572
-4221
-4684
-5015
-5157
-5207
-5299
-5304
-5251
-5207
-5120
-4996
-4855
-4687
-4356
-3761
-3136
-2242
-1223
-252
844
1959
3109
3899
4711
5412
5748
6024
6106
6099
5781
5452
5064
4458
4013
3569
3035
2546
2167
1841
1360
916
507
-170
-818
-1567
-2426
-3379
-4342
-5161
-6060
-6787
-7413
-7970
-8306
-8482
-8520
-8524
-8455
-8204
-8017
-7816
-7558
-7356
-7213
-7270
-7295
-7418
-7553
-7554
-7536
-7457
-7213
-6607
-5764
-4708
-3473
-2198
-1016
374
1847
3066
4070
4901
5724
6360
7028
7587
7881
8228
8605
9022
9406
9861
10322
10644
11014
11345
11421
11293
10963
10415
9557
8476
7289
5948
4551
3124
1732
444
-715
-1744
-2652
-3424
-3958
-4351
-4655
-4869
-4957
-4951
-5004
-4968
-4930
-4916
-4909
-4747
-4514
-4253
-3746
-3100
-2288
-1365
-196
907
1940
3037
3954
4647
5151
5567
5587
5385
5168
4808
4303
3791
3315
2731
2222
1914
1598
1264
1080
887
574
233
-94
-638
-1370
-2123
-2989
-3958
-4886
-5670
-6437
-7070
-7426
-7628
-7694
-7547
-7263
-6925
-6540
-6080
-5707
-5479
-5251
-5182
-5222
-5415
-5689
-6024
-6390
-6563
-6679
-6659
-6435
-6001
-5276
-4329
-3224
-2071
-1005
133
1246
2276
3175
3796
4367
4812
5307
5816
6238
6671
7088
7635
8257
8863
9484
10007
10378
10677
10768
10722
10372
9798
9011
7904
6840
5661
4460
3216
1982
909
-121
-919
-1628
-2317
-2883
-3392
-3783
-4107
-4413
-4648
-4924
-5094
-5175
-5209
-5098
-4941
-4598
-4112
-3517
-2732
-1871
-903
84
1030
1977
2731
3439
3953
4271
4481
4470
4435
4239
4081
3852
3528
3291
3043
2842
2608
2363
2060
1724
1375
958
359
-251
-974
-1779
-2581
-3445
-4189
-4998
-5553
-5984
-6289
-6359
-6416
-6291
-6168
-5934
-5654
-5465
-5259
-5154
-5100
-4998
-4962
-4931
-5018
-5189
-5311
-5497
-5522
-5534
-5524
-5370
-5139
-4657
-4071
-3316
-2485
-1799
-971
-90
812
1709
2440
3146
3732
4459
5242
5817
6381
6879
7364
7836
8323
8766
9006
9207
9372
9324
9215
8998
8584
7992
7253
6483
5529
4619
3692
2619
1529
507
-411
-1336
-2177
-2982
-3750
-4380
-4792
-5124
-5344
-5411
-5404
-5328
-5113
-4685
-4280
-3813
-3331
-2762
-2158
-1459
-676
-54
630
1276
1962
2591
3191
3742
4059
4376
4650
4802
4837
4743
4534
4219
3868
3540
3081
2579
2045
1436
920
420
-84
-707
-1344
-1875
-2446
-2955
-3461
-4027
-4499
-4914
-5191
-5443
-5626
-5667
-5738
-5653
-5520
-5320
-5125
-4924
-4659
-4472
-4269
-4076
-3937
-3907
-3945
-4092
-4258
-4423
-4510
-4629
-4749
-4633
-4399
-3889
-3245
-2436
-1635
-806
216
1194
2149
2951
3635
4167
4709
5317
5768
6100
6427
6731
7021
7400
7787
8064
8230
8417
8502
8465
8343
7977
7363
6561
5696
4701
3585
2461
1279
80
-991
-1914
-2728
-3505
-4154
-4634
-5019
-5218
-5274
-5256
-5204
-5015
-4712
-4446
-4138
-3723
-3318
-2900
-2293
-1641
-1010
-238
673
1502
2274
3145
3842
4357
4892
5266
5340
5333
5320
5087
4694
4382
3942
3336
2891
2458
1905
1389
1000
537
-12
-395
-872
-1509
-2061
-2607
-3259
-3878
-4356
-4819
-5286
-5480
-5568
-5650
-5481
-5268
-5014
-4735
-4347
-3958
-3705
-3363
-3171
-3093
-3023
-3030
-3104
-3310
-3532
-3764
-4027
-4119
-4142
-4165
-4036
-3791
-3325
-2773
-2123
-1396
-781
-40
668
1355
1975
2431
2924
3299
3722
4141
4490
4858
5161
5531
5877
6195
6498
6663
6712
6642
6474
6211
5736
5125
4382
3550
2746
1897
1101
264
-482
-1073
-1627
-2031
-2397
-2691
-2944
-3121
-3165
-3255
-3246
-3145
-3061
-2855
-2562
-2168
-1775
-1328
-697
-162
501
1219
1817
2400
2934
3488
3771
4011
4223
4154
4094
3980
3786
3520
3289
3125
2803
2548
2375
2044
1768
1481
1117
702
264
-86
-640
-1136
-1567
-2110
-2522
-2933
-3239
-3522
-3683
-3666
-3733
-3656
-3492
-3355
-3135
-2966
-2822
-2725
-2611
-2421
-2414
-2344
-2301
-2354
-2342
-2398
-2452
-2642
-2820
-2959
-3212
-3350
-3440
-3597
-3679
-3677
-3534
-3379
-3113
-2698
-2441
-2004
-1478
-940
-441
21
552
890
1331
1805
2076
2348
2652
2911
3104
3334
3624
3703
3791
3949
3923
3935
3925
3836
3574
3322
3174
2854
2565
2280
1869
1495
1195
960
637
306
91
-204
-398
-525
-657
-749
-884
-901
-879
-787
-577
-414
-244
-108
137
559
804
1013
1212
1324
1493
1716
1927
1846
1801
1919
1895
1903
2001
1967
1791
1772
1854
1732
1617
1606
1299
981
846
685
347
14
-219
-645
-837
-847
-999
-1230
-1287
-1238
-1281
-1165
-1061
-1149
-1232
-1153
-1166
-1223
-1230
-1277
-1426
-1527
-1465
-1548
-1652
-1819
-2062
-2362
-2633
-2870
-3324
-3827
-4295
-4673
-4971
-5223
-5410
-5551
-5543
-5290
-4924
-4526
-4053
-3511
-2898
-2317
-1702
-1120
-649
-208
204
595
962
1353
1735
2046
2385
2800
3214
3618
3937
4249
4527
4772
5009
5080
5082
5000
4889
4698
4394
4080
3677
3276
2881
2459
2045
1649
1298
923
537
237
-50
-317
-535
-751
-917
-1030
-1050
-1076
-1125
-1047
-968
-861
-724
-583
-412
-291
-59
99
214
385
531
680
749
892
1030
1144
1302
1449
1553
1681
1819
1928
1959
1951
2006
1938
1892
1790
1670
1542
1385
1295
1098
928
762
572
347
97
-125
-349
-636
-893
-1182
-1502
-1755
-2044
-2327
-2710
-3022
-3336
-3718
-4043
-4425
-4827
-5218
-5561
-5911
-6283
-6540
-6728
-6932
-6957
-6879
-6711
-6422
-5982
-5455
-4942
-4219
-3490
-2847
-2160
-1473
-856
-293
291
807
1210
1693
2186
2589
3045
3545
4040
4496
5013
5481
5852
6224
6513
6640
6655
6574
6362
6023
5609
5136
4542
3986
3429
2869
2340
1873
1438
975
611
273
-85
-392
-629
-930
-1191
-1333
-1458
-1628
-1672
-1584
-1609
-1494
-1229
-1015
-794
-411
-12
197
575
1011
1223
1446
1746
1927
1977
2213
2404
2397
2527
2724
2775
2829
3027
3084
3007
3047
3029
2812
2676
2501
2142
1754
1424
1048
542
164
-278
-790
-1207
-1587
-1991
-2410
-2763
-3129
-3517
-3860
-4163
-4492
-4809
-5129
-5375
-5663
-5936
-6108
-6327
-6565
-6786
-6880
-7053
-7178
-7114
-7089
-7033
-6785
-6394
-6003
-5496
-4790
-4158
-3548
-2729
-1985
-1339
-663
12
553
1055
1698
2193
2629
3178
3674
4113
4580
5100
5509
5833
6206
6413
6527
6619
6597
6441
6174
5908
5520
5078
4685
4221
3718
3272
2882
2454
2039
1731
1360
958
649
329
3
-302
-521
-792
-1064
-1142
-1235
-1301
-1276
-1157
-1013
-827
-461
-178
114
503
843
1143
1412
1695
1839
1941
2084
2125
2173
2265
2330
2399
2474
2610
2710
2824
2952
2972
2999
2943
2844
2680
2430
2143
1769
1334
859
377
-103
-656
-1189
-1685
-2263
-2739
-3175
-3633
-4116
-4479
-4790
-5215
-5468
-5666
-5955
-6207
-6322
-6506
-6775
-6869
-6964
-7231
-7359
-7368
-7508
-7561
-7405
-7242
-7127
-6724
-6227
-5828
-5200
-4442
-3765
-3067
-2214
-1412
-758
20
734
1263
1857
2446
2911
3294
3777
4168
4480
4919
5287
5576
5871
6196
6411
6559
6733
6777
6710
6635
6455
6180
5872
5523
5113
4619
4175
3668
3166
2681
2167
1687
1191
725
266
-128
-480
-833
-1077
-1259
-1420
-1433
-1367
-1259
-1132
-901
-615
-415
-105
178
355
539
747
898
972
1116
1265
1300
1455
1684
1862
2106
2398
2704
2913
3250
3537
3654
3790
3789
3685
3460
3210
2824
2285
1792
1194
526
-57
-654
-1263
-1829
-2326
-2790
-3255
-3552
-3909
-4286
-4580
-4924
-5244
-5586
-5886
-6255
-6628
-6899
-7236
-7500
-7694
-7878
-8015
-8091
-8081
-8070
-7940
-7708
-7502
-7154
-6703
-6213
-5636
-4957
-4218
-3517
-2734
-1904
-1165
-384
392
1095
1754
2418
3116
3705
4315
4929
5448
5976
6469
6966
7366
7700
8013
8184
8303
8351
8310
8129
7828
7482
7028
6497
5962
5354
4684
3977
3305
2637
1900
1273
605
-73
-646
-1137
-1574
-1978
-2183
-2366
-2546
-2536
-2446
-2406
-2306
-2113
-1991
-1901
-1651
-1405
-1296
-1033
-721
-494
-211
215
596
880
1346
1789
2113
2530
2975
3265
3478
3757
3904
3876
3905
3843
3581
3327
3071
2725
2308
1977
1592
1083
672
238
-275
-792
-1294
-1848
-2486
-3057
-3617
-4236
-4806
-5328
-5845
-6342
-6736
-7007
-7278
-7443
-7491
-7518
-7500
-7389
-7205
-7120
-7014
-6854
-6793
-6726
-6568
-6402
-6271
-6019
-5599
-5157
-4601
-3843
-3057
-2227
-1281
-286
638
1547
2473
3254
3903
4526
5058
5432
5754
6054
6276
6436
6681
6922
7078
7288
7505
7651
7711
7761
7670
7390
7056
6618
6001
5290
4581
3794
2929
2152
1469
721
77
-415
-897
-1369
-1684
-1899
-2231
-2439
-2504
-2659
-2829
-2786
-2700
-2742
-2587
-2220
-2022
-1758
-1188
-728
-369
201
813
1090
1479
2072
2302
2433
2811
3020
2948
3135
3389
3299
3289
3540
3476
3325
3447
3396
3054
2849
2700
2126
1616
1240
554
-259
-876
-1559
-2455
-3126
-3690
-4437
-5042
-5371
-5799
-6154
-6286
-6342
-6472
-6466
-6304
-6279
-6175
-6001
-5883
-5827
-5731
-5611
-5545
-5463
-5335
-5194
-5037
-4821
-4520
-4149
-3784
-3289
-2729
-2168
-1580
-895
-216
364
1008
1623
2095
2516
3013
3369
3634
3959
4261
4444
4670
5014
5204
5403
5660
5848
5904
6015
6090
5972
5821
5657
5334
4905
4551
4055
3497
2955
2441
1861
1328
915
404
-31
-392
-735
-1095
-1373
-1602
-1872
-2058
-2147
-2243
-2263
-2178
-2057
-1843
-1578
-1232
-886
-516
-131
241
636
955
1225
1502
1688
1853
2031
2162
2246
2310
2466
2506
2608
2770
2827
2869
2911
2950
2820
2705
2531
2179
1771
1371
834
236
-315
-930
-1548
-2138
-2612
-3184
-3608
-3947
-4343
-4582
-4801
-4952
-5148
-5196
-5237
-5333
-5290
-5272
-5260
-5191
-5026
-4889
-4725
-4472
-4214
-3973
-3645
-3301
-3010
-2659
-2340
-2011
-1698
-1360
-1037
-783
-446
-236
11
268
467
683
847
1090
1206
1419
1658
1834
2028
2232
2446
2565
2794
2941
3066
3134
3275
3321
3324
3393
3350
3334
3200
3180
2999
2870
2727
2517
2320
2060
1888
1563
1328
1019
751
448
180
-60
-306
-464
-620
-633
-710
-669
-638
-554
-464
-315
-143
-80
94
239
392
556
828
997
1103
1377
1590
1743
1989
2207
2269
2341
2585
2611
2541
2665
2595
2429
2327
2327
2035
1798
1749
1436
1138
975
734
281
-4
-273
-742
-1187
-1467
-2003
-2499
-2788
-3171
-3568
-3895
-4026
-4399
-4479
-4458
-4569
-4558
-4485
-4334
-4316
-4065
-3841
-3748
-3535
-3231
-3034
-2768
-2416
-2110
-1873
-1535
-1116
-929
-619
-383
-237
-153
-86
-47
-204
-263
-333
-478
-528
-552
-577
-530
-404
-178
-31
224
485
666
946
1137
1311
1410
1479
1527
1502
1557
1542
1483
1504
1484
1533
1593
1677
1754
1794
1937
1983
2039
2118
2085
2071
2008
1934
1824
1645
1528
1310
1164
1041
856
760
615
550
457
403
381
278
266
246
220
241
278
335
371
470
642
736
908
1088
1206
1338
1474
1635
1684
1758
1850
1812
1833
1867
1850
1793
1741
1717
1562
1466
1373
1154
920
665
348
-30
-395
-779
-1258
-1690
-2052
-2494
-2825
-3119
-3364
-3567
-3690
-3700
-3767
-3659
-3548
-3410
-3197
-2977
-2716
-2500
-2230
-1961
-1745
-1495
-1280
-1127
-978
-898
-783
-764
-762
-768
-851
-898
-999
-1022
-1096
-1157
-1159
-1162
-1132
-1064
-962
-887
-820
-713
-608
-557
-437
-367
-313
-249
-153
-45
20
184
310
448
638
844
1061
1283
1540
1769
1974
2210
2395
2517
2638
2714
2732
2711
2680
2575
2427
2299
2121
1904
1698
1476
1220
974
788
566
353
212
69
-59
-151
-170
-228
-253
-205
-186
-144
-58
46
114
234
362
469
593
752
878
975
1127
1245
1374
1504
1642
1716
1764
1816
1790
1736
1638
1486
1240
994
715
385
75
-243
-578
-901
-1150
-1397
-1615
-1782
-1918
-2056
-2143
-2174
-2245
-2281
-2294
-2309
-2328
-2304
-2270
-2282
-2209
-2130
-2074
-1960
-1819
-1692
-1579
-1381
-1214
-1100
-935
-810
-752
-670
-560
-540
-541
-494
-510
-565
-525
-518
-591
-597
-582
-607
-650
-595
-619
-691
-666
-680
-726
-735
-681
-700
-686
-545
-435
-319
-86
154
356
634
956
1206
1436
1730
1919
2046
2216
2316
2342
2361
2393
2342
2255
2245
2147
2017
1953
1852
1710
1558
1450
1261
1065
936
736
528
375
235
77
-25
-51
-95
-125
-44
14
89
221
355
469
577
744
829
911
1023
1067
1092
1133
1149
1121
1081
1046
952
849
756
598
452
296
123
-74
-266
-437
-644
-817
-975
-1152
-1303
-1441
-1578
-1693
-1794
-1870
-1958
-2007
-2034
-2061
-2031
-2006
-1955
-1879
-1778
-1673
-1570
-1432
-1316
-1209
-1074
-973
-867
-768
-680
-592
-530
-439
-400
-373
-331
-330
-335
-370
-414
-485
-575
-640
-726
-801
-841
-884
-903
-906
-865
-829
-778
-700
-644
-566
-486
-378
-297
-217
-102
-6
123
268
406
554
717
896
1071
1246
1426
1557
1685
1802
1884
1944
1960
1962
1912
1851
1788
1683
1575
1471
1367
1259
1176
1114
1028
975
938
890
863
822
785
726
669
627
542
479
416
338
304
269
260
262
283
334
360
438
495
525
560
555
538
485
435
332
200
88
-58
-196
-314
-438
-541
-638
-693
-744
-796
-797
-843
-879
-899
-933
-976
-1046
-1083
-1158
-1227
-1252
-1303
-1315
-1301
-1280
-1225
-1157
-1054
-987
-907
-798
-750
-677
-625
-597
-572
-551
-507
-491
-452
-406
-391
-341
-291
-245
-209
-194
-157
-181
-198
-221
-303
-348
-427
-502
-565
-621
-629
-655
-623
-560
-501
-382
-286
-155
-39
70
206
274
375
432
457
509
518
558
579
613
683
717
812
892
966
1070
1128
1202
1216
1241
1226
1140
1090
963
837
710
555
435
299
219
154
81
95
78
104
145
176
242
254
310
317
306
334
291
278
249
220
213
174
197
192
188
234
226
262
273
268
270
223
201
121
49
-21
-139
-206
-295
-366
-426
-492
-516
-567
-573
-578
-598
-570
-566
-536
-498
-469
-415
-397
-357
-336
-343
-312
-311
-303
-303
-302
-288
-289
-253
-231
-207
-148
-111
-48
5
53
99
117
152
144
129
115
62
20
-33
-85
-126
-173
-179
-204
-202
-180
-179
-137
-120
-94
-83
-81
-64
-83
-96
-113
-141
-144
-153
-143
-124
-100
-29
30
123
216
307
426
502
580
634
656
669
624
584
513
413
341
243
180
117
71
72
64
90
103
125
172
178
193
178
147
117
39
-9
-81
-140
-178
-224
-216
-202
-156
-93
-30
60
128
191
245
256
263
216
155
77
-33
-123
-241
-324
-398
-441
-445
-451
-395
-348
-274
-187
-122
-49
-16
13
23
-7
-37
-108
-180
-243
-333
-372
-415
-423
-405
-381
-298
-229
-128
-39
28
127
169
224
260
235
256
213
183
159
107
106
62
75
86
88
147
157
196
232
217
231
183
141
68
-32
-98
-228
-293
-376
-428
-437
-462
-404
-374
-304
-203
-135
-28
45
101
156
162
191
156
132
111
40
25
-15
-25
-17
-11
31
61
107
154
169
207
210
207
198
163
147
95
77
50
25
31
19
41
52
85
129
141
191
220
231
251
234
237
201
162
124
54
12
-51
-105
-148
-195
-213
-245
-261
-270
-300
-289
-316
-316
-321
-346
-333
-365
-360
-369
-378
-362
-369
-341
-318
-294
-232
-192
-124
-69
-30
39
56
105
135
153
182
188
223
244
272
324
359
412
450
465
494
487
487
463
422
377
307
253
191
125
60
6
-50
-104
-148
-187
-235
-270
-309
-350
-384
-414
-446
-482
-497
-516
-521
-521
-506
-486
-464
-424
-395
-363
-314
-278
-238
-197
-157
-92
-46
27
88
163
244
303
377
420
473
498
518
535
531
539
542
538
542
537
533
530
517
516
485
472
438
391
355
291
235
162
95
12
-65
-126
-197
-259
-314
-366
-409
-443
-475
-504
-536
-561
-600
-617
-632
-641
-633
-632
-601
-577
-529
-481
-427
-357
-302
-226
-157
-93
-16
44
109
171
216
269
301
346
384
413
451
466
495
520
550
592
604
626
640
646
654
618
598
555
508
454
372
314
207
126
44
-61
-137
-235
-313
-378
-454
-486
-544
-591
-623
-684
-702
-756
-787
-812
-861
-859
-888
-878
-853
-833
-759
-702
-608
-509
-421
-292
-196
-72
53
142
268
347
437
527
582
664
694
746
790
810
859
868
899
913
905
911
874
853
809
748
695
611
541
455
365
294
192
109
12
-90
-170
-271
-344
-433
-506
-558
-632
-676
-725
-766
-802
-844
-880
-916
-948
-966
-980
-966
-945
-911
-849
-783
-689
-600
-483
-375
-259
-134
-17
116
227
340
433
514
597
665
723
792
833
894
943
997
1062
1095
1148
1159
1156
1124
1075
1014
912
801
676
542
423
284
162
46
-72
-161
-271
-350
-444
-521
-576
-652
-701
-765
-828
-886
-955
-1016
-1079
-1134
-1170
-1204
-1186
-1159
-1102
-1010
-930
-811
-704
-596
-472
-367
-258
-161
-66
42
125
224
309
388
489
569
674
774
881
1001
1113
1244
1355
1433
1480
1475
1434
1350
1234
1102
936
792
638
492
375
250
144
28
-76
-167
-264
-335
-412
-493
-544
-609
-675
-750
-838
-922
-1004
-1060
-1105
-1136
-1124
-1088
-1046
-973
-912
-856
-800
-755
-715
-680
-621
-566
-499
-413
-311
-199
-81
37
154
266
386
513
636
765
878
996
1097
1181
1236
1253
1252
1215
1161
1105
1031
951
874
785
711
623
530
424
310
205
93
-11
-113
-211
-317
-427
-533
-644
-763
-869
-978
-1064
-1121
-1151
-1144
-1119
-1069
-1012
-933
-846
-768
-699
-634
-575
-506
-440
-370
-295
-214
-119
-32
75
176
277
390
499
612
724
821
904
969
1020
1059
1069
1072
1050
1021
995
959
918
874
825
757
686
605
507
389
268
136
9
-108
-226
-347
-456
-555
-647
-716
-799
-874
-935
-986
-1018
-1038
-1055
-1056
-1045
-1033
-992
-951
-901
-835
-773
-691
-598
-502
-401
-299
-190
-80
28
150
255
360
475
577
683
779
859
912
940
967
968
947
918
862
805
745
692
643
587
530
467
402
348
293
226
156
72
-10
-92
-160
-242
-336
-411
-497
-556
-601
-643
-674
-706
-716
-713
-701
-681
-681
-666
-649
-617
-567
-535
-486
-449
-392
-316
-241
-157
-92
-20
74
162
259
343
408
481
543
617
672
719
747
757
783
804
817
810
781
750
720
677
640
579
496
415
334
252
158
61
-43
-143
-235
-315
-394
-473
-543
-600
-639
-665
-692
-712
-738
-752
-751
-742
-735
-739
-739
-725
-687
-644
-594
-549
-506
-449
-380
-299
-222
-154
-86
-8
78
166
227
283
329
367
419
456
485
492
491
503
510
516
511
491
481
464
460
455
416
385
347
310
274
227
169
98
38
-17
-68
-114
-173
-229
-270
-289
-300
-319
-334
-354
-359
-350
-342
-325
-326
-326
-305
-287
-247
-211
-186
-147
-103
-46
16
67
119
155
198
255
281
318
328
331
350
357
378
379
371
373
370
374
379
369
356
341
318
308
288
253
218
170
128
91
33
-21
-86
-141
-189
-251
-294
-348
-396
-431
-457
-478
-504
-534
-563
-579
-588
-589
-597
-603
-598
-580
-544
-501
-462
-418
-368
-318
-245
-180
-124
-66
-24
38
87
124
167
178
211
253
278
306
310
319
334
347
379
384
384
380
369
384
382
375
370
358
362
347
329
310
275
255
226
192
150
82
30
-22
-51
-75
-122
-159
-201
-215
-202
-193
-183
-193
-201
-195
-169
-130
-110
-110
-111
-93
-60
-23
2
22
30
49
88
122
164
179
188
215
237
260
278
276
298
303
304
303
276
270
247
236
230
197
180
146
132
151
140
132
98
57
33
-13
-32
-76
-133
-194
-279
-329
-382
-428
-462
-507
-532
-560
-577
-580
-587
-569
-577
-581
-579
-594
-568
-550
-520
-474
-464
-420
-378
-305
-205
-154
-79
-36
21
119
172
240
259
247
276
282
335
373
350
337
309
327
377
398
418
403
368
379
379
414
433
394
376
338
319
313
288
271
232
193
167
137
130
117
88
57
34
26
15
14
-8
-28
-41
-63
-61
-58
-65
-81
-105
-90
-60
-33
-10
-20
5
40
62
114
118
121
146
166
232
263
248
227
198
242
267
266
268
221
194
147
88
70
68
89
76
-7
-140
-271
-289
-146
24
18
-252
-589
-664
-463
-155
7
-228
-654
-922
-860
-457
-106
-162
-559
-959
-988
-658
-266
-99
-285
-574
-721
-638
-339
-102
-82
-185
-310
-337
-230
-125
-16
85
119
88
-32
-69
23
189
359
359
226
102
49
177
368
415
332
178
136
250
385
432
358
283
298
355
387
389
333
292
334
377
391
312
190
172
225
290
253
110
35
30
96
132
61
-6
-83
-94
-1
46
41
-11
-53
9
67
100
86
50
98
133
145
158
149
175
223
238
228
196
168
194
249
284
250
162
109
118
158
145
60
-21
-57
-58
-43
-58
-124
-175
-210
-197
-153
-183
-240
-284
-289
-229
-234
-279
-325
-366
-340
-354
-360
-365
-421
-408
-409
-403
-376
-423
-429
-383
-356
-331
-362
-371
-334
-302
-251
-259
-265
-261
-277
-221
-166
-143
-123
-126
-100
-60
-25
17
52
103
135
150
187
227
285
339
362
379
376
386
408
460
484
448
419
391
398
403
366
326
290
257
238
208
190
145
86
77
57
51
20
-26
-21
-14
-8
-30
-48
-28
-41
-39
-27
-42
-27
-41
-27
19
10
-25
-67
-40
18
22
11
-17
-31
-4
-11
23
61
27
0
-16
30
79
71
58
51
78
77
43
57
70
54
38
18
19
6
-35
-62
-65
-60
-106
-156
-166
-174
-186
-207
-233
-230
-239
-283
-311
-311
-304
-314
-332
-342
-338
-347
-364
-340
-313
-303
-325
-328
-283
-240
-200
-185
-178
-133
-109
-80
-14
29
68
85
109
178
231
261
288
310
359
384
404
455
470
491
480
454
479
462
451
434
392
371
335
310
297
268
236
174
127
129
109
86
61
20
7
-23
-50
-76
-118
-150
-184
-194
-200
-229
-267
-290
-292
-275
-273
-289
-287
-284
-257
-211
-169
-148
-141
-129
-87
-35
-2
25
36
78
108
133
174
184
201
215
217
224
218
203
206
199
195
172
121
98
68
49
31
-25
-51
-78
-112
-126
-155
-187
-222
-246
-239
-249
-280
-312
-344
-323
-303
-314
-319
-342
-354
-353
-329
-289
-262
-268
-265
-234
-183
-128
-97
-55
-13
25
58
89
148
208
237
273
307
327
351
370
416
455
468
455
448
471
491
482
472
455
427
401
354
334
315
277
226
168
127
83
42
9
-9
-39
-92
-152
-183
-193
-204
-235
-280
-311
-333
-352
-358
-344
-348
-358
-375
-364
-331
-299
-254
-224
-189
-156
-128
-84
-18
46
83
91
108
143
184
225
251
255
245
231
232
268
279
268
234
191
185
170
148
136
113
83
42
-4
-31
-63
-79
-109
-142
-163
-218
-251
-255
-243
-242
-264
-304
-322
-310
-289
-265
-260
-249
-256
-251
-222
-198
-157
-139
-132
-108
-98
-86
-70
-33
4
22
27
16
32
68
110
146
167
157
155
184
223
265
269
256
242
242
258
264
251
238
217
190
172
142
123
105
87
72
51
19
-8
-21
-22
-18
-33
-53
-73
-80
-73
-73
-80
-94
-108
-109
-110
-110
-107
-106
-97
-80
-73
-67
-58
-47
-27
3
24
32
37
49
80
103
113
103
101
106
117
135
136
138
129
122
127
133
129
115
99
92
86
64
51
31
20
2
-31
-57
-80
-83
-91
-106
-119
-139
-153
-148
-141
-133
-133
-146
-145
-142
-134
-122
-121
-108
-99
-99
-110
-120
-120
-112
-100
-96
-111
-126
-130
-129
-112
-92
-95
-112
-112
-99
-78
-60
-44
-32
-18
-11
-1
18
33
56
68
68
64
48
38
50
57
55
32
3
-12
-6
7
12
16
0
-2
4
17
32
35
38
39
47
43
36
33
33
36
33
19
1
-6
-12
-3
3
-5
-21
-31
-26
-9
2
2
-4
-9
-7
1
10
13
19
22
27
32
31
25
31
42
42
47
38
37
41
49
54
51
48
38
37
42
45
35
30
26
29
38
38
30
25
31
35
40
42
36
32
29
28
32
27
16
6
-5
-8
-25
-43
-54
-58
-62
-82
-96
-104
-112
-118
-119
-115
-122
-129
-131
-122
-107
-102
-93
-94
-87
-63
-53
-53
-45
-31
-16
-4
-4
0
-1
1
14
22
27
24
26
41
54
64
70
82
98
114
128
136
132
129
137
134
132
118
99
87
78
79
75
63
46
28
17
23
17
15
10
7
9
-2
4
7
8
17
19
9
-3
-8
-2
11
13
15
3
1
4
16
36
40
31
25
34
42
58
68
69
65
69
71
75
78
78
90
91
83
76
71
72
78
76
72
64
53
43
41
41
30
9
-11
-24
-28
-39
-53
-66
-78
-82
-81
-82
-89
-99
-101
-97
-98
-103
-105
-113
-114
-110
-108
-115
-118
-116
-112
-102
-90
-87
-76
-59
-38
-17
-11
0
10
27
51
67
79
78
83
95
107
114
119
114
108
108
109
99
95
90
81
75
59
46
25
18
17
6
-11
-28
-30
-37
-30
-30
-38
-49
-51
-46
-43
-36
-39
-46
-46
-45
-49
-42
-48
-54
-49
-48
-42
-48
-47
-42
-30
-21
-18
-18
-15
-7
-5
7
9
6
9
14
23
25
26
25
30
34
37
38
30
22
22
21
25
17
7
4
-6
-2
-4
-9
-11
-11
-15
-18
-17
-16
-19
-21
-20
-25
-35
-52
-58
-63
-69
-73
-92
-104
-111
-111
-114
-116
-119
-122
-116
-113
-104
-96
-90
-77
-65
-48
-32
-21
-3
11
39
56
67
80
94
109
123
133
140
138
137
142
139
135
124
118
110
107
100
83
71
58
51
39
27
12
-4
-20
-28
-38
-53
-67
-74
-83
-89
-96
-99
-97
-101
-89
-88
-84
-82
-80
-68
-61
-57
-54
-55
-47
-33
-20
-10
-2
3
8
17
26
37
42
47
50
51
54
54
50
42
39
32
26
18
8
11
6
4
-4
-13
-19
-20
-22
-18
-21
-24
-24
-31
-30
-41
-39
-34
-37
-38
-41
-44
-43
-39
-35
-32
-38
-37
-36
-34
-33
-28
-36
-41
-40
-39
-30
-39
-38
-34
-29
-19
-10
0
8
17
28
44
48
55
62
65
70
72
79
83
87
92
95
96
97
100
98
95
92
84
76
72
65
52
40
27
7
-6
-18
-31
-38
-47
-55
-63
-65
-77
-86
-87
-89
-88
-86
-88
-90
-81
-84
-79
-68
-60
-50
-35
-14
0
14
25
45
55
67
78
81
88
84
86
85
80
77
67
64
54
47
47
44
34
27
19
3
0
-13
-21
-30
-45
-55
-68
-70
-73
-72
-69
-67
-66
-61
-49
-41
-33
-27
-19
-8
-7
1
11
17
24
29
35
37
46
49
51
59
61
68
66
68
67
62
57
50
46
37
29
22
19
13
9
2
0
8
6
7
18
17
23
29
31
36
40
42
45
48
48
50
49
54
59
60
63
64
67
61
62
53
48
39
23
15
2
-4
-16
-28
-34
-40
-46
-53
-51
-55
-56
-47
-49
-50
-49
-44
-36
-30
-17
-15
-8
0
6
13
15
29
40
47
55
55
52
56
57
54
54
41
34
31
20
10
1
-12
-24
-36
-46
-50
-51
-57
-61
-61
-60
-61
-68
-68
-68
-66
-61
-59
-49
-52
-46
-37
-27
-11
0
8
18
35
43
50
59
63
60
66
67
63
59
51
53
47
44
37
28
19
8
5
-7
-17
-28
-36
-43
-53
-61
-65
-66
-69
-70
-69
-64
-65
-58
-47
-42
-30
-18
-11
-4
6
12
21
29
36
42
40
45
47
43
45
43
41
41
35
31
22
20
10
1
-2
-15
-22
-24
-35
-39
-42
-46
-45
-52
-48
-39
-33
-30
-27
-21
-16
-12
-3
10
12
18
28
30
39
41
42
55
55
56
57
57
57
51
50
48
43
41
39
32
31
25
16
8
3
1
-8
-16
-15
-14
-19
-20
-21
-22
-20
-21
-19
-17
-12
-5
2
10
15
14
19
24
27
32
29
31
30
31
27
25
26
22
13
9
5
-7
-9
-22
-28
-28
-35
-38
-47
-49
-54
-57
-55
-56
-58
-56
-51
-48
-42
-36
-32
-24
-19
-14
-8
3
12
15
26
29
34
41
36
39
40
41
40
35
32
27
22
13
2
-9
-19
-33
-41
-50
-64
-72
-79
-87
-94
-97
-96
-96
-92
-86
-88
-83
-76
-69
-52
-42
-33
-22
-11
2
14
25
35
47
54
56
63
74
79
81
83
80
79
70
62
56
41
31
24
11
2
-9
-21
-31
-41
-51
-61
-69
-72
-78
-84
-86
-86
-86
-84
-76
-68
-62
-60
-57
-44
-35
-24
-14
-4
6
12
22
24
29
38
39
49
47
48
43
39
34
24
22
16
10
-2
-8
-15
-21
-26
-31
-36
-40
-45
-46
-44
-47
-40
-40
-35
-31
-26
-23
-17
-5
7
17
21
30
33
37
44
50
54
52
49
47
42
40
30
19
16
2
-5
-8
-13
-19
-25
-37
-40
-37
-43
-45
-45
-46
-40
-34
-30
-26
-16
-6
5
15
26
42
50
63
72
76
81
98
101
101
101
93
91
86
83
79
66
54
48
33
22
10
0
-12
-26
-41
-48
-57
-70
-77
-81
-80
-85
-78
-76
-77
-75
-68
-65
-56
-45
-36
-20
-15
-2
11
21
35
40
43
54
61
63
69
73
72
67
65
56
50
49
43
30
21
12
5
0
-9
-15
-19
-22
-29
-31
-34
-32
-31
-29
-23
-14
-8
-4
-2
6
16
21
34
36
39
49
49
52
58
65
62
61
60
52
43
40
38
27
20
15
6
-1
-6
-10
-18
-25
-31
-35
-33
-36
-33
-33
-38
-29
-27
-25
-13
-4
2
5
8
12
18
28
28
36
44
45
53
58
57
58
55
49
47
38
42
38
30
23
13
8
-1
-7
-16
-24
-28
-37
-41
-41
-45
-46
-48
-50
-44
-42
-42
-38
-32
-30
-27
-17
-13
-6
2
9
15
22
36
41
48
50
46
49
49
52
51
45
42
38
37
33
28
22
15
13
2
-4
-5
-9
-11
-15
-20
-25
-26
-28
-29
-25
-27
-29
-25
-26
-25
-21
-24
-17
-15
-20
-11
0
-9
-4
-7
-11
-5
-5
-5
-9
-4
-7
-9
-12
-12
-20
-19
-14
-25
-22
-23
-25
-24
-20
-15
-15
-10
-13
-10
-9
-12
-3
-8
-2
2
1
5
5
8
9
11
13
17
17
10
6
3
1
0
-3
-9
-9
-10
-12
-14
-21
-27
-30
-26
-30
-31
-31
-33
-35
-32
-27
-31
-31
-29
-26
-32
-26
-19
-19
-12
-10
-6
-1
4
8
12
12
23
19
24
31
32
39
38
42
37
41
46
37
37
37
34
32
29
29
27
26
24
19
18
13
11
5
3
1
-2
0
-1
-4
-9
-9
-12
-9
-6
-9
-8
-7
-8
-6
-7
-1
1
2
6
0
-3
2
4
3
6
7
8
7
4
4
7
12
9
13
14
11
15
12
5
9
10
7
5
9
11
6
1
1
3
-3
-3
-7
-8
-7
-9
-8
-11
-12
-9
-12
-19
-15
-23
-24
-27
-28
-25
-25
-28
-30
-29
-33
-33
-36
-35
-37
-36
-36
-39
-42
-38
-42
-39
-37
-37
-35
-41
-27
-23
-23
-22
-17
-10
-10
-6
-5
0
2
5
6
11
13
14
15
20
22
19
19
21
23
21
23
18
20
17
11
16
6
-1
-3
-7
-4
-3
-11
-8
-8
-10
-13
-12
-10
-13
-11
-21
-21
-17
-20
-18
-17
-17
-14
-16
-11
-11
-11
-1
0
3
4
9
18
24
20
29
28
28
28
24
26
22
28
24
24
30
28
27
27
29
27
21
21
17
16
20
14
8
6
-3
-3
3
-7
-4
-7
-13
-12
-13
-12
-14
-13
-19
-20
-19
-22
-23
-28
-33
-31
-33
-29
-29
-26
-24
-25
-19
-20
-20
-15
-12
-13
-10
-13
-15
-14
-11
-9
-11
-10
-8
-3
4
4
2
8
10
10
14
14
7
5
11
6
4
5
5
5
0
-5
-6
-11
-8
-12
-13
-11
-17
-22
-23
-27
-28
-32
-33
-32
-38
-32
-41
-43
-39
-37
-29
-33
-29
-32
-30
-25
-22
-18
-19
-15
-15
-11
-9
-10
-5
-1
0
3
8
11
12
18
15
12
21
18
15
14
13
8
6
11
7
4
3
4
3
0
2
-4
-9
-7
-14
-16
-14
-16
-17
-16
-14
-18
-20
-18
-16
-19
-12
-7
-6
-10
-11
-8
-8
-10
-8
-10
-8
-6
-6
1
-3
3
2
1
8
7
11
10
14
11
13
16
17
17
18
20
15
12
12
15
13
10
11
12
6
7
10
9
10
4
3
3
-6
-5
-3
-7
-11
-8
-9
-11
-13
-15
-15
-19
-21
-22
-22
-34
-35
-33
-35
-35
-34
-29
-34
-33
-38
-35
-39
-37
-38
-36
-29
-28
-19
-19
-15
-10
-12
-11
-9
-9
-5
-7
-5
-2
1
-1
-1
-5
-8
-4
-5
-4
-11
-9
-15
-17
-16
-19
-23
-27
-28
-35
-29
-32
-32
-30
-28
-25
-31
-28
-28
-31
-29
-25
-27
-26
-23
-19
-16
-17
-17
-12
-11
-8
-3
-6
-1
0
3
5
4
5
5
5
5
9
6
7
10
12
13
6
11
14
9
14
11
9
8
5
7
9
8
10
10
7
11
15
17
22
20
15
15
13
16
16
11
16
11
14
15
11
9
7
3
1
5
1
0
2
-2
-5
-4
-4
-2
-4
-2
-6
-15
-7
-10
-7
-5
-6
-1
-3
0
1
5
4
6
11
14
11
8
12
12
