-3
-9
-4
-8
-5
-2
-1
3
0
5
0
3
3
3
-2
-5
0
-2
1
1
4
-2
-1
0
0
3
2
8
4
6
7
4
1
1
-1
-1
-1
0
2
-2
-2
-2
2
4
0
-2
-2
-6
-5
-5
-5
-8
-11
-9
-8
-9
-9
-12
-10
-8
-10
-7
-8
-5
-8
-11
-4
-2
-6
-6
-8
-12
-13
-11
-5
-10
-9
-10
-10
-12
-14
-10
-13
-15
-13
-8
-9
-16
-15
-16
-18
-20
-15
-11
-17
-17
-20
-17
-19
-19
-22
-29
-19
-26
-24
-22
-25
-25
-27
-25
-27
-19
-21
-25
-21
-20
-19
-19
-19
-15
-17
-22
-22
-18
-18
-13
-10
-13
-7
-7
-6
-11
-10
-6
-4
-1
-6
2
-1
-3
3
3
4
1
3
3
0
6
8
8
6
8
11
9
8
10
8
1
5
4
4
6
3
4
5
7
6
9
6
1
3
3
2
5
5
4
8
4
5
6
3
1
1
1
2
5
1
1
1
3
4
7
9
9
9
12
11
12
9
10
12
8
8
8
8
11
7
5
8
5
9
10
3
3
9
11
8
9
3
6
7
1
2
5
2
2
7
5
3
6
5
3
6
4
3
3
7
6
3
6
12
14
9
8
8
6
9
11
12
8
8
4
8
10
9
12
14
16
13
19
18
17
17
15
18
18
16
16
14
13
10
13
17
9
9
9
7
9
11
11
9
7
13
11
5
10
7
6
6
5
12
11
10
7
10
12
5
3
2
7
10
11
8
6
4
5
3
6
8
6
7
6
10
9
8
5
3
5
4
12
11
12
9
9
10
15
13
11
17
15
17
11
11
7
6
8
5
5
2
1
5
3
1
2
0
1
1
3
1
-2
4
2
2
6
-1
0
2
-3
-4
-4
-2
-3
-2
-4
-2
-1
0
-3
-7
-4
-1
-4
-5
-6
-8
-2
-1
-2
-1
-5
-5
-2
-2
0
2
1
4
8
2
1
3
0
2
1
-1
-5
-5
-6
-4
-5
-9
-10
-7
-9
-9
-10
-13
-12
-13
-14
-17
-11
-10
-10
-9
-12
-8
-9
-11
-11
-11
-9
-6
-10
-9
-14
-12
-9
-16
-11
-9
-7
-9
-10
-5
-6
-7
-8
-11
-7
-5
-9
-5
-4
-6
-4
0
-3
-8
-9
-6
-2
-1
-1
-1
-1
1
-2
1
3
2
4
1
2
-1
-1
3
-3
2
1
-3
5
1
3
0
1
6
4
10
7
6
3
1
3
2
4
4
-2
0
1
-5
-1
-3
-6
-2
-4
-2
1
-2
-4
-5
-4
-8
-11
-9
-6
-7
-10
-7
-5
-5
-3
-9
-6
-1
-3
-7
-5
-2
-2
3
-5
-3
-1
-5
-2
-1
0
-4
0
-1
-1
1
-4
-3
-2
-2
2
-1
2
4
1
6
1
6
11
9
6
7
6
8
5
9
9
7
13
7
7
3
3
4
7
9
9
9
9
14
9
12
8
4
3
5
5
-1
3
3
3
2
-1
0
-2
-1
1
-1
-1
-2
0
-1
-5
-5
-4
-5
-9
-9
-9
-13
-14
-13
-16
-15
-18
-17
-23
-20
-21
-20
-19
-21
-14
-17
-16
-17
-19
-18
-22
-22
-21
-27
-24
-21
-22
-23
-24
-26
-27
-24
-26
-28
-27
-20
-22
-18
-21
-22
-16
-19
-17
-22
-18
-15
-18
-17
-12
-12
-13
-13
-9
-3
-6
-4
-3
-2
0
4
2
-1
1
2
4
7
12
7
7
10
9
12
14
14
8
9
12
13
17
15
17
16
17
17
12
12
8
8
12
16
13
13
19
11
14
14
13
15
12
15
12
17
17
10
15
15
18
18
15
16
12
8
10
12
9
9
13
14
8
7
8
5
4
2
0
-2
1
-5
-4
-3
-6
-4
-2
-3
-5
-2
-4
-5
-5
-1
-4
-4
-3
-3
-3
-3
-4
-6
-2
-4
-2
-6
-2
-3
-5
-2
-4
-4
-8
0
-4
-9
0
-3
-3
-2
0
-1
-2
2
-2
3
5
1
3
6
8
6
4
7
4
5
9
3
5
6
6
7
6
9
0
2
1
4
8
6
3
-1
0
-1
2
3
0
0
0
2
1
1
1
0
-4
-8
-9
-6
-7
-7
-6
-7
-7
-8
-13
-9
-7
-13
-7
-12
-10
-7
-13
-11
-11
-10
-15
-15
-15
-17
-17
-9
-8
-12
-6
-5
-5
-4
-3
-5
-8
-12
-12
-12
-8
-9
-10
-4
-8
-9
-3
-6
-6
-5
-5
-8
-9
-9
-13
-12
-12
-10
-6
-9
-11
-10
-8
-3
3
-6
-6
-6
-8
-4
-8
-7
-7
-6
-4
-9
-5
-6
-6
1
3
1
-1
1
2
3
5
4
5
3
0
3
-6
-2
-3
-2
3
2
1
-2
0
-2
-2
0
-5
-2
-2
-6
-4
-6
-6
-2
-4
-5
-11
-8
-7
-11
-3
-10
-9
-2
-2
-2
-5
-5
-7
-4
-13
-8
-9
-15
-10
-11
-10
-13
-8
-11
-15
-14
-13
-11
-11
-11
-15
-15
-11
-12
-10
-10
-7
-5
-9
-8
-13
-7
-6
-13
-8
-8
-8
-7
-7
-8
-3
-5
-2
-1
-8
-4
-4
-2
-3
-4
0
0
1
-2
-2
2
0
-1
3
2
4
4
6
6
11
14
9
9
9
12
8
10
12
6
4
5
6
11
14
11
9
9
10
7
10
8
7
8
4
4
3
2
-1
-2
3
5
0
2
2
-2
1
5
-2
-3
-1
-1
2
-5
-5
-5
-2
-4
0
0
0
1
0
3
4
2
-3
1
-4
1
0
-5
-5
-3
-3
-6
-1
-6
-3
-6
-8
-3
-5
-5
-7
-7
-8
-8
-2
-3
-6
-7
-10
-11
-15
-12
-13
-15
-11
-15
-12
-13
-13
-14
-17
-16
-14
-11
-16
-16
-13
-15
-15
-10
-12
-12
-8
-5
-5
2
3
-1
3
1
2
2
3
1
2
6
4
6
3
7
1
1
7
10
12
10
11
11
12
9
10
8
5
12
13
12
9
10
12
11
10
10
12
10
15
16
16
19
17
14
15
19
15
14
18
18
18
19
17
22
17
17
21
19
22
19
21
20
18
20
21
18
17
18
15
19
21
19
16
16
17
16
17
15
14
12
12
13
12
16
17
16
17
11
9
14
8
7
6
5
5
6
10
7
5
1
0
8
9
9
6
1
5
6
7
2
1
8
5
5
3
3
4
6
4
0
5
7
4
0
3
1
1
-2
-3
0
0
1
-3
0
3
-6
-2
0
-5
-6
-4
-3
-4
-1
1
2
3
3
-3
0
-3
-2
-2
-4
-6
-6
-1
-4
2
2
-2
1
2
-5
0
4
-2
-1
0
1
3
4
3
1
6
10
9
12
10
10
11
8
5
7
11
7
6
7
9
9
9
6
8
9
13
16
11
7
5
9
6
6
7
7
5
10
11
9
8
4
4
6
11
8
8
9
6
7
5
9
12
7
10
7
11
8
6
4
5
4
3
6
3
8
8
7
8
12
9
7
6
1
5
3
1
-2
0
-3
-5
-6
-4
-1
-7
-5
-3
-2
-6
-3
-4
-10
-10
-8
-8
-9
-7
-6
-10
-9
-6
-6
-6
-7
-7
-5
-5
-7
-7
-3
-2
-1
0
0
-2
1
-1
-4
3
0
-3
3
1
-1
-1
3
-1
-3
5
2
3
1
-1
2
-3
-1
0
-2
-4
-4
-5
-4
-2
-9
-6
-9
-4
-5
-7
-6
-9
-7
-9
-10
-8
-8
-7
-9
-12
-9
-8
-9
-14
-14
-12
-12
-8
-12
-15
-13
-11
-9
-8
-10
-12
-12
-12
-10
-5
-8
-10
-12
-9
-11
-12
-10
-16
-14
-11
-12
-15
-14
-10
-11
-13
-8
-6
-10
-14
-12
-10
-13
-10
-9
-7
-11
-16
-9
-8
-10
-13
-10
-11
-13
-12
-9
-9
-6
-5
-7
-4
-9
-4
-4
-9
-2
-4
1
0
-1
-2
-8
-3
-5
-3
-9
-7
-5
-4
-6
-12
-9
-6
-2
-4
-6
-9
-7
-8
-10
-8
-8
-13
-6
-7
-8
-4
-5
-3
-8
-8
-12
-12
-7
-9
-7
-7
-9
-10
-5
-8
-7
-3
0
-4
-3
2
-4
0
-6
-6
-4
-2
0
-5
-3
-5
-5
-1
-2
-3
3
-2
-2
2
-6
-4
0
1
0
-4
-2
0
0
-2
1
3
4
6
8
3
2
5
6
5
4
7
4
5
4
-2
-1
-2
7
7
1
8
5
5
4
1
8
5
5
5
0
-1
0
0
0
2
1
1
1
2
2
-1
-2
-2
1
-2
-6
0
0
-4
4
4
4
1
2
2
0
1
-2
1
-2
-2
-2
-1
2
1
-4
-5
1
6
1
-3
-1
0
0
-4
-5
-6
-3
-5
-4
1
-2
0
-1
-3
-5
-3
-4
-6
-7
-7
-10
-12
-8
-8
-10
-6
-5
-8
-6
-5
-4
-5
-5
-5
-11
-10
-7
-11
-9
-9
-9
-8
-9
-8
-8
-5
-9
-8
-8
-9
-9
-7
-3
-2
-1
-1
0
0
-1
0
-1
0
3
2
3
8
10
9
12
11
4
4
7
6
4
8
6
7
6
4
9
9
7
7
7
-1
0
-1
-1
1
-2
4
0
0
5
0
-1
2
2
3
1
1
7
7
4
5
2
4
5
5
4
-2
2
4
2
7
6
3
1
-1
1
-2
-3
-2
-10
-3
1
4
3
-4
0
1
4
6
7
6
2
-2
-1
-1
4
-1
-1
6
0
6
7
3
5
2
2
6
5
5
3
5
5
3
9
8
8
9
9
8
11
10
10
9
8
11
10
12
5
7
10
8
9
10
7
9
8
7
11
9
8
7
1
1
3
4
3
-3
-2
0
-1
4
1
-1
-2
-1
1
0
0
0
-3
-6
-4
-4
-7
-7
-6
-3
-3
-5
-5
-13
-12
-7
-9
-11
-15
-13
-10
-9
-12
-6
-7
-11
-5
-4
-7
-9
-6
-10
-14
-13
-5
-5
-6
-1
-3
-2
-8
-2
-2
-5
-3
-7
-1
-2
-2
-1
-2
0
0
0
4
5
2
4
5
3
5
9
7
4
0
-1
2
7
14
12
6
9
11
6
7
8
11
10
11
10
6
9
9
10
13
11
4
6
7
4
2
2
3
4
7
-4
-4
-1
-1
3
3
3
-3
4
-2
-4
-4
-5
0
-1
-4
-6
-4
-9
-7
-4
-8
-9
-11
-8
-6
-6
-6
-5
-10
-8
-2
-8
-6
-7
-9
-9
-12
-8
-5
-9
-8
-12
-13
-7
-6
-13
-12
-12
-12
-7
-12
-9
-6
-1
-3
-4
1
-3
-2
-3
-3
-5
-3
-2
-9
-5
-2
2
0
0
2
-2
1
-2
1
-1
-2
4
1
1
-3
-2
-2
0
4
4
8
10
4
6
6
4
6
8
6
0
4
4
1
2
2
2
5
6
7
2
7
5
2
6
6
7
6
11
4
5
6
-2
0
-2
2
-1
7
7
1
5
-1
4
5
3
0
0
3
-6
-7
-8
-6
-4
-2
-5
-7
-2
-6
-8
-11
-6
-11
-12
-8
-13
-14
-12
-15
-10
-10
-15
-16
-16
-14
-15
-13
-15
-12
-18
-18
-20
-15
-7
-10
-9
-10
-7
-9
-4
1
0
3
4
1
7
8
7
6
-3
1
-1
-1
1
2
5
0
6
6
4
5
2
6
6
10
9
8
4
8
12
7
10
8
10
9
10
11
8
8
5
9
9
6
10
12
7
8
10
10
7
15
14
9
13
10
10
12
12
6
3
6
10
5
2
3
3
4
1
5
5
11
13
11
9
7
15
12
8
7
11
10
4
3
3
3
3
1
-2
1
2
3
5
-3
-3
-2
-7
-3
-8
-5
-8
-9
-4
-8
-4
-11
-7
-6
-7
-7
-6
-7
-12
-8
-11
-13
-14
-13
-17
-17
-11
-8
-8
-12
-7
-5
-2
0
-7
-10
-9
-11
-9
-7
-7
-10
-11
-10
-7
-4
0
-2
-3
2
3
7
10
1
-4
1
-4
-3
7
8
11
8
10
7
3
3
-6
-1
-4
-3
4
6
1
-3
1
-4
1
3
4
3
0
-1
-2
-12
-16
-12
-3
1
6
11
1
2
-3
-12
-17
-18
-13
-5
3
5
7
3
2
-2
-8
-9
-10
-10
-11
-8
-3
-5
-10
-19
-23
-20
-18
-4
4
10
10
2
-1
-6
-13
-12
-2
7
16
14
9
4
-3
-11
-18
-19
-14
-2
7
17
21
14
11
3
-10
-15
-15
-13
-7
0
3
7
6
9
6
9
13
11
15
13
10
2
-3
-7
-12
-8
-5
-1
14
21
20
22
9
5
0
-1
4
11
19
20
28
16
14
13
8
10
11
17
13
8
3
7
4
-6
-5
3
9
13
22
17
10
0
-9
-11
-1
9
17
23
25
31
22
12
-7
-25
-33
-32
-23
-10
4
9
14
10
7
-9
-12
-12
-9
0
3
8
0
-7
-17
-22
-24
-26
-15
-1
11
22
21
16
10
-5
-18
-27
-20
-15
-5
3
4
8
9
1
-14
-18
-20
-20
-7
5
12
13
14
11
-4
-10
-15
-18
-13
-10
-7
1
9
6
3
-1
-6
-4
-5
-5
-4
-2
-10
-9
-10
-12
-7
-2
2
4
7
5
1
-1
-1
-3
-2
-4
-2
1
1
7
6
8
-2
-3
3
-1
2
5
8
-1
-3
-8
-16
-10
-9
1
4
15
15
16
15
2
-3
-12
-10
-8
0
7
10
17
19
12
4
-1
-7
-2
-2
9
19
26
22
19
12
0
-7
-14
-10
-3
10
6
14
22
17
11
5
4
-9
-7
-5
-2
-3
3
3
-5
-7
-11
-10
-10
-7
0
2
3
7
-2
-6
-8
-10
-22
-21
-19
-19
-10
-12
-4
-8
-4
-5
-5
3
-8
-5
-15
-13
-8
-3
0
4
6
1
7
0
5
-7
-12
-19
-17
-11
-7
2
2
9
-4
6
6
16
26
27
32
15
27
13
11
13
7
0
2
8
12
25
28
19
9
3
-12
9
24
46
49
45
31
4
14
5
20
15
15
15
15
39
43
42
36
7
-13
-14
-5
14
14
26
-7
-7
-11
-6
26
38
66
31
33
6
-1
-4
1
-3
-12
16
5
31
12
9
-38
-65
-72
-66
-9
34
81
71
68
5
-38
-51
-56
-45
-15
20
33
61
65
33
-6
-33
-100
-90
-67
-26
11
14
27
-35
-28
-33
-23
31
57
68
55
38
-14
-68
-55
-62
-42
9
41
70
56
42
-59
-90
-116
-106
-30
56
148
142
162
63
-26
-76
-137
-131
-72
19
91
152
165
90
-4
-55
-138
-122
-57
13
97
152
152
71
18
-80
-126
-110
-61
12
73
155
125
115
50
-41
-76
-98
-34
3
109
127
113
72
12
-63
-90
-83
-87
14
36
123
85
105
37
-22
-6
-53
1
-6
72
56
101
68
31
-18
-58
-53
-73
5
-11
32
29
33
9
3
-1
-16
29
33
47
36
30
-8
-43
-30
-42
-29
3
15
29
37
20
-23
-23
-33
-9
-5
57
45
56
37
7
-16
-82
-33
-102
3
-12
50
58
43
81
-40
33
-50
-4
51
68
117
39
27
-76
-135
-61
-107
-2
28
57
59
15
23
-111
-36
-43
7
50
93
104
100
133
64
-45
-68
-149
-108
34
71
192
52
141
-100
-78
-104
-177
-1
-31
180
57
175
48
24
9
9
-30
-59
30
-19
159
120
146
-29
-52
-134
-117
-11
62
73
93
113
-14
21
-105
-69
-112
5
13
24
70
23
1
-30
-17
-128
-55
-24
63
139
133
59
-50
-100
-101
-143
-28
-54
-50
35
12
79
-49
-53
-195
-201
-100
-22
112
174
141
26
-46
-146
-125
-89
52
66
56
49
-60
-54
-40
-22
-2
-45
-69
-118
-71
10
3
19
-79
-103
-127
11
140
202
262
76
-56
-207
-199
-86
1
183
143
111
35
-115
-128
-199
-112
-96
25
141
154
256
161
138
-30
-143
-196
-260
-65
19
164
183
76
23
-129
-70
-89
-76
-14
-62
16
1
73
56
17
49
-25
77
55
70
14
-50
-22
-141
-16
-47
58
54
6
-37
-216
-161
-248
-114
24
148
200
200
162
97
-11
-21
-99
-136
-32
-124
57
21
123
-23
-102
-187
-305
-98
-23
226
226
293
96
-74
-160
-287
-224
-106
51
183
209
190
65
-46
40
-116
25
-25
-10
104
128
263
56
8
-203
-389
-253
-195
68
197
279
229
-4
36
-278
-140
-43
38
227
127
254
-23
17
-50
-202
-43
-123
-9
104
210
279
91
125
-175
-266
-241
-336
-98
-90
134
105
250
270
91
99
-39
-92
-64
46
137
154
195
72
-82
-31
-312
-193
-261
-104
-83
-48
166
-8
237
109
167
24
6
-161
-128
24
-38
28
-107
-46
-154
13
86
116
98
100
-80
-12
-4
-60
19
8
55
-59
57
-70
-2
-103
-26
-157
-89
36
-13
287
192
134
-132
-222
-262
-131
119
323
212
238
-103
-286
-221
-333
-41
-146
235
99
231
279
86
66
-214
-244
-448
-165
-181
94
353
378
391
54
-131
-365
-384
-118
36
233
338
15
96
-25
-24
-28
-237
-58
-257
71
82
83
255
-94
123
-51
79
68
-89
214
56
179
-7
-215
-294
-321
-107
61
282
233
140
162
146
128
4
-140
-118
-213
10
91
139
225
-74
-43
-131
-83
-131
-70
127
71
227
30
84
20
-61
103
-11
163
-64
-215
-80
-88
49
48
59
-44
-97
-58
9
265
210
99
-9
-142
-106
-235
-98
-22
-57
97
49
114
91
-51
-91
-41
54
10
78
74
114
152
68
92
-243
-319
-404
-301
105
135
380
262
241
99
-188
-116
-297
-164
-16
45
296
107
37
-44
-208
-5
-178
-45
110
159
350
352
355
50
-239
-576
-574
-330
-49
283
362
383
199
-55
-40
-31
-43
64
-64
11
31
-39
59
55
176
131
51
0
-143
-173
-159
-107
-7
8
-56
8
84
188
214
49
-48
-267
-261
-89
44
252
151
40
18
-140
-104
-106
-251
-86
-152
79
358
278
265
-217
-419
-539
-509
-158
82
299
340
296
110
-2
-249
-447
-289
-132
143
235
196
162
-78
-66
-123
-90
-10
-58
131
349
421
292
-37
-281
-304
-338
18
141
283
255
33
-25
-177
-162
-293
-25
174
565
647
571
387
-147
-359
-603
-454
-152
189
323
481
309
159
-121
-275
-284
-459
-52
-56
215
302
121
35
-148
-224
-321
-257
-171
-61
128
308
276
36
-258
-319
-356
-29
19
-73
20
-181
-194
-142
-230
-317
-389
-311
59
234
352
78
-124
-258
-334
-340
-270
10
-64
292
231
220
124
-188
-114
-44
13
-40
-179
-220
133
109
422
365
93
-36
-396
-366
-322
-98
19
299
314
331
167
-21
198
107
328
346
208
275
208
236
270
155
110
-38
-91
-126
-195
-15
139
353
434
449
328
103
8
-16
-9
-62
-129
-131
92
283
211
151
25
-104
-68
-143
-10
-45
-156
-60
-190
-170
-349
-591
-530
-408
-162
-126
-123
-166
-344
-281
-268
-298
-367
-385
-297
-136
123
11
-92
-117
-309
-265
-247
-287
-319
-399
-227
-154
-97
-191
-353
-388
-324
-90
-71
198
68
-166
-96
-224
-33
95
282
528
572
530
364
217
87
9
-27
132
251
157
258
306
431
529
480
512
439
444
503
647
852
876
704
731
709
779
771
636
571
344
329
322
473
406
444
320
373
563
392
405
37
-150
-403
-452
-396
-287
-307
-248
-251
-575
-627
-1120
-1079
-1046
-866
-644
-740
-707
-847
-725
-599
-592
-962
-1176
-1342
-1215
-543
-121
194
9
-573
-971
-1292
-1193
-1125
-944
-524
-505
-525
-551
-646
-770
-834
-975
-833
-685
-375
-70
498
1101
1025
853
397
213
-22
185
396
795
1129
1142
1138
957
1040
549
567
466
603
896
1079
1434
1598
1767
1695
1545
1387
1569
1421
1722
1841
1884
2148
2036
2025
1841
1618
1412
1072
993
1163
1138
1399
1249
1114
861
396
-110
-665
-1077
-1520
-1789
-1993
-1795
-1840
-1658
-1701
-1708
-1521
-1610
-1658
-1874
-2053
-2030
-2037
-1894
-1503
-1598
-1248
-1442
-1414
-1202
-1467
-1473
-1878
-1856
-1892
-1943
-2119
-2014
-1754
-1279
-875
-1047
-1156
-1735
-2014
-1873
-1306
-495
-196
-236
-190
-169
-18
-93
-270
-46
212
607
965
1509
1745
1687
1523
1310
1238
1001
789
1019
1619
2180
2230
1828
1592
1116
971
974
1256
1666
1882
2164
2372
2804
2829
2836
2650
2911
2974
2781
2927
2809
2976
2913
2714
2484
2237
1737
1411
1064
1056
993
757
767
441
267
-414
-879
-1491
-1845
-2026
-2243
-2035
-1973
-1613
-1613
-1477
-1580
-1807
-2045
-2428
-2551
-2602
-2421
-2396
-2361
-2426
-2682
-2953
-3311
-3530
-3602
-3641
-3357
-2901
-2430
-2155
-2140
-2247
-2168
-2092
-2085
-1928
-1817
-1493
-1145
-558
1
362
231
-8
-62
-21
130
391
1048
1641
2189
1976
1643
799
198
54
258
1295
1784
2218
2016
2073
1647
1214
847
358
594
452
1087
1195
1582
1766
1293
1164
538
185
-53
145
720
1451
1782
1843
1485
1112
1246
1490
2222
3219
3955
4133
4199
3373
2996
2211
1463
1357
840
1512
1289
1782
1888
1406
1079
-132
-277
-599
-231
112
533
991
899
735
55
-175
-701
-923
-898
-994
-671
-948
-1123
-1570
-2487
-3075
-4107
-4376
-4354
-4211
-3548
-3304
-3098
-3241
-3841
-3999
-4218
-4087
-3482
-3179
-2538
-2619
-2448
-2468
-2366
-2252
-2424
-2563
-2667
-2022
-1681
-385
-283
103
-98
-525
-229
-541
384
874
1744
2073
2190
1645
1359
1165
1459
2422
2617
3099
2398
2124
1653
1225
791
83
-398
-688
-233
588
1496
1970
1862
1356
840
191
228
375
1020
1639
1803
1687
1055
341
-190
-352
354
1555
2596
3962
4640
5030
4891
3957
2615
1967
1098
1498
2096
2514
3552
2716
2576
1452
941
551
287
544
898
1841
1811
2154
1317
712
-264
-976
-1112
-964
-496
-324
-259
-801
-1251
-2132
-2701
-3185
-3411
-3565
-3498
-3686
-3914
-4261
-4708
-4855
-5027
-4715
-4466
-3934
-3465
-3018
-2643
-2637
-2981
-3319
-3753
-3652
-3543
-3427
-3408
-3726
-3745
-3478
-2525
-1686
-1057
-888
-43
397
1512
2010
2205
2854
2170
2534
2015
2398
3181
3466
3603
3384
2681
1403
445
-481
-103
97
576
534
155
325
125
186
387
458
613
781
1293
2099
2635
3173
2913
2388
1496
685
227
288
676
1081
1687
2115
2218
2400
3009
3301
4175
4000
3618
3451
2903
3026
3121
3119
3239
2751
2339
2512
1953
2066
1510
1294
1291
1114
1030
670
852
432
627
68
-230
-726
-1336
-1140
-1305
-1032
-1438
-1927
-2290
-2591
-2664
-3124
-3249
-3677
-3944
-4068
-4473
-4161
-4865
-4801
-5106
-5378
-4869
-5217
-4529
-4228
-3724
-3316
-3743
-4410
-4699
-5334
-5168
-5250
-5455
-4837
-4774
-3667
-2548
-1008
331
1178
1193
1947
1877
2610
3525
3318
4767
3554
3918
3980
3686
3635
2264
2263
1614
975
337
8
-198
258
-18
-126
392
138
361
179
1027
2160
1909
2375
2342
2650
3513
3093
3190
2815
2384
2054
1129
814
582
-270
337
783
1599
2894
3036
4149
4250
4028
3379
2942
2836
3325
3237
3689
4090
3262
3512
2002
2004
1394
1019
1099
1031
1698
1530
1597
1067
965
84
-42
-697
-491
-106
-153
120
-704
-1050
-2261
-3030
-3696
-3814
-3612
-3120
-2803
-3206
-3576
-4701
-5657
-6370
-6555
-5952
-5464
-4735
-4277
-4084
-3974
-5110
-5875
-6581
-6571
-6222
-6214
-5956
-5636
-5779
-6034
-6177
-6330
-5342
-4415
-2694
-760
1419
2880
4181
4270
4626
5241
4898
6160
5503
6195
5726
5163
5071
3633
2455
431
-336
-947
-641
-566
32
366
544
632
127
203
338
802
1934
3435
4315
4929
4595
5049
4651
4592
4339
3179
2688
1630
1473
869
243
-774
-1673
-1267
-501
147
1063
2069
3056
3800
3804
3666
3601
3594
3745
4431
5118
5463
4689
3875
3165
2449
1891
1277
1007
1259
1467
1332
1093
439
-187
-1149
-1180
-1202
-848
-468
-458
-208
-392
-747
-1785
-2488
-3017
-3000
-3150
-3107
-3254
-3580
-4101
-4808
-5286
-5984
-6358
-6776
-6181
-5808
-5035
-5036
-5449
-5866
-6793
-6935
-7425
-7016
-6648
-6442
-5755
-5354
-5854
-6284
-6945
-7081
-5955
-4565
-2398
-909
577
2046
2920
3730
4497
4907
5442
6227
6359
6322
5723
5275
4820
3846
3551
2203
953
680
170
712
827
818
601
87
319
596
1125
2034
2853
3498
4353
4658
4754
4724
4832
4907
4538
3880
3217
2382
1835
1142
-66
-391
-1323
-1329
-855
32
1702
2384
3259
3403
2922
3050
3153
3465
4610
5108
5406
5476
5161
4634
3656
2831
2048
1504
1415
1505
1153
1298
786
-8
-740
-1674
-1948
-2128
-1571
-878
-434
-460
-941
-1716
-2063
-2431
-3304
-3313
-3449
-3385
-3590
-4500
-4557
-5002
-5558
-6374
-6980
-6274
-5987
-5821
-5637
-5589
-6067
-6668
-7436
-7009
-5696
-6176
-6514
-7039
-7112
-6594
-7365
-7499
-7453
-7305
-5498
-4328
-2218
-236
680
2317
2967
4143
4622
5928
7662
9318
10138
9050
7813
5171
3903
2648
2535
2591
1920
1941
857
879
172
-596
-996
-1527
-898
-119
1354
3009
4370
5674
5945
5572
4875
4439
4720
5084
5582
5441
4871
3629
1737
80
-1499
-2588
-3487
-3600
-2652
-1722
-214
1289
2697
3208
2871
2460
2242
3352
3935
5164
6093
6582
6575
5179
4322
3159
2222
1338
974
905
1184
1105
652
390
-404
-1239
-2232
-2670
-2418
-1665
-824
218
320
157
-657
-1761
-2238
-2900
-2868
-3122
-2953
-3232
-3924
-4329
-5365
-6158
-6644
-7060
-6913
-6638
-6130
-5689
-5432
-5209
-5726
-6024
-6538
-6924
-6935
-6260
-6164
-6484
-6465
-7194
-6738
-6377
-6160
-5279
-4408
-2389
-726
761
2514
2786
4191
5013
5562
6596
7103
8167
7705
7920
6884
5392
4222
2485
1963
1662
1733
919
613
568
245
120
-144
153
492
1146
2149
2822
4553
5139
5195
5768
4905
4874
4003
3685
3659
2997
2581
1237
98
-930
-2253
-3255
-3085
-2498
-1105
235
1210
2404
3137
2708
2647
2499
3006
4049
4166
5522
5659
5872
5179
3710
3087
2215
1584
1201
1424
1387
1606
1003
463
-159
-937
-1377
-1638
-1076
-239
232
414
241
-514
-1067
-1957
-2461
-2653
-2778
-3184
-3449
-3779
-4415
-5685
-6908
-7125
-7402
-6826
-6401
-6025
-5331
-4785
-5093
-5709
-6544
-6987
-7091
-7215
-6646
-5994
-5251
-5355
-6138
-7473
-7988
-8716
-8272
-6488
-4138
-1472
-84
1631
2775
4348
5837
7591
9537
9943
8860
8015
7426
6714
5732
4405
4057
2504
1216
-50
-474
79
-482
-1141
-1499
-1403
-1523
-748
811
2886
4629
4850
4938
5017
5325
5746
5481
6396
6148
5218
4248
2481
1759
68
-1366
-3056
-4331
-4822
-5018
-3995
-2160
338
1610
2134
2483
2212
2534
3258
4138
5989
6943
7959
7712
6996
6111
4373
3658
2296
2188
1580
1626
1751
1192
1210
-146
-899
-1637
-2183
-1795
-1071
74
968
1018
807
-326
-1318
-2119
-2578
-2551
-2635
-2484
-2755
-3074
-4282
-5308
-6605
-7363
-7223
-6942
-6636
-6669
-6929
-7466
-7989
-8813
-9188
-9110
-7810
-6669
-5133
-5007
-5945
-6752
-8764
-9537
-9509
-8272
-5877
-3566
-1303
1093
2394
4111
4505
5741
8932
10131
9981
8892
8819
8021
6682
4552
3179
2139
851
29
-674
659
415
-661
-1027
-1319
-1424
-1500
-658
1809
4037
5677
5676
5367
5784
5480
5835
6025
6482
5809
4838
3330
1914
933
-687
-2579
-4243
-4763
-5558
-5495
-4739
-3004
-488
1492
2204
3050
3271
3759
4558
5407
7164
8009
8632
8060
7570
6465
5203
3338
2293
1835
1428
1779
1223
1422
692
20
-1019
-1513
-1475
-1153
-337
534
1198
1125
717
-246
-984
-1656
-1995
-2639
-2473
-2996
-2781
-3831
-5136
-5872
-7489
-7486
-8355
-7582
-7177
-6540
-5753
-6814
-7847
-9177
-10504
-10659
-9367
-7762
-6888
-5670
-5676
-7047
-7552
-9241
-8788
-9075
-7378
-5226
-3305
541
1688
5044
7947
11444
12305
10163
8894
7192
7087
6866
6718
7349
6058
4160
2170
761
691
-1312
-1893
-2519
-1560
-1913
-2340
-729
616
3862
3850
4447
4157
4297
5545
6295
8608
9106
8035
6308
4124
2982
1683
231
-1097
-2931
-3347
-5376
-5620
-5524
-4439
-2487
-1006
1167
1437
2596
2723
4070
5115
6135
7241
7527
8391
8541
8353
7845
6057
4479
3228
1715
2105
1343
1996
1747
1016
106
-1301
-1861
-2548
-2105
-1544
18
-15
430
-212
-1017
-1603
-2677
-3300
-3796
-3566
-2979
-2384
-3288
-4348
-6517
-6993
-7461
-8083
-8282
-7793
-7043
-7267
-7939
-9418
-10422
-11510
-11817
-11186
-7856
-6565
-6502
-7308
-8091
-8410
-10202
-10219
-9541
-6681
-3522
-438
2394
5643
7726
10075
13146
12696
10345
8757
7872
7799
7810
7501
7228
4230
2936
36
-1145
-892
-2747
-2643
-2514
-1310
-1799
-1236
130
1544
3124
4084
4523
5006
6355
7628
8851
10062
9672
7645
5997
3387
2152
204
-636
-2257
-3733
-4109
-5975
-5659
-5657
-4295
-2562
-720
1238
2294
3631
4987
5378
6556
7354
8376
9097
9104
9808
8631
8234
5969
4446
3055
1993
1777
1283
1855
1023
263
-1115
-1811
-2525
-2825
-2313
-1545
-894
-95
-469
-461
-1202
-2261
-2340
-3739
-2491
-2776
-2519
-2959
-4841
-5417
-7069
-8088
-8911
-9266
-8426
-7290
-6919
-7297
-8278
-9389
-11472
-12314
-12398
-11386
-10668
-8473
-6732
-7111
-6146
-9348
-10647
-11160
-10425
-6945
-4347
1066
4800
7899
13136
15842
15130
11662
8448
7478
6868
7052
7498
9174
8672
6508
2821
-280
-1630
-4827
-4925
-4340
-2319
-1174
-1449
198
1592
3411
3466
2451
3150
4438
6760
9534
11241
12298
10289
7859
4939
2603
1288
-625
-2115
-3164
-3359
-5047
-5825
-6291
-5442
-3600
-2648
-1112
54
1809
3884
4956
6473
7752
8165
9026
9256
10400
10574
9637
7938
5990
4718
3229
2263
1267
1247
752
-153
-1593
-2559
-2874
-3333
-2803
-2083
-1457
-757
-466
-311
-103
-709
-1522
-2749
-2981
-2813
-2531
-2582
-3244
-4266
-5628
-6369
-7532
-7778
-7835
-7680
-7838
-8554
-9940
-11626
-12356
-12726
-11528
-10439
-11452
-11824
-10381
-9590
-8958
-8623
-8939
-9549
-8753
-6577
-3860
-749
1909
4984
9732
16222
17069
13496
11422
9552
8265
7248
6365
6307
5725
5134
3977
2211
698
-3223
-5944
-5408
-3865
-3519
-2947
-1449
901
4026
4825
4716
3988
4870
6336
8250
11428
12324
11346
9658
7481
5257
2529
-312
-2635
-4113
-4069
-5096
-5705
-5641
-5450
-4492
-3143
-1788
-843
777
2540
4617
6404
8233
9149
9797
10260
10358
10746
10098
8643
7359
5893
4342
3211
1664
1205
-148
-1355
-2143
-3285
-3142
-3477
-3562
-2525
-1974
-1725
-952
-950
-323
-511
-789
-935
-2027
-1788
-1900
-2344
-2111
-2868
-4424
-5681
-7186
-8003
-9165
-9545
-9533
-10232
-9877
-10570
-12203
-12320
-12477
-12421
-11671
-11933
-10125
-9225
-8181
-6940
-9718
-10830
-11195
-11091
-7305
-3428
609
4932
8767
14734
17945
16026
12174
8069
6585
7284
6562
7738
9001
7695
7231
3762
1136
-2275
-6228
-6063
-4974
-2114
-630
-524
1360
3591
4629
4580
3215
3049
4793
7424
10942
12970
13165
11941
9044
6508
3724
857
-851
-2819
-3036
-3430
-4681
-5667
-6168
-5638
-4189
-3084
-1948
-149
1358
4009
5573
7731
9022
9268
9846
9820
10254
9977
9266
7722
6198
4915
3443
1853
1147
38
-820
-1949
-3325
-3854
-4405
-3909
-3478
-2172
-1409
-1139
-1086
-1026
-492
-644
-764
-1620
-2093
-1982
-2430
-2118
-2583
-3866
-5715
-7921
-8590
-9747
-9128
-9420
-9934
-8976
-9352
-9539
-11254
-12218
-12824
-13805
-12785
-11892
-10453
-8638
-8905
-8138
-8031
-8034
-9262
-9455
-6224
-3153
1220
3891
9213
13674
17764
17470
12754
11345
7136
6035
5054
6573
9188
7468
6427
3214
890
-1274
-5213
-6499
-5194
-2568
-798
690
3120
4876
5657
4680
4289
3920
5403
7570
9949
13821
14125
12493
9092
5163
2872
-365
-2312
-3094
-3992
-2773
-3994
-4022
-4012
-4412
-3579
-4097
-2184
-846
1652
3514
6202
7920
8745
9435
8219
8852
8403
8871
8068
7185
6445
4922
3651
2160
670
-415
-1488
-2918
-3493
-3746
-3045
-3592
-2837
-2484
-2447
-2174
-2589
-1984
-1625
-1092
-1523
-1554
-1427
-1695
-2994
-4548
-5303
-5756
-5244
-5982
-7033
-6772
-7932
-8261
-9663
-11150
-12157
-13987
-13026
-12703
-10937
-10728
-10860
-10399
-9941
-9737
-10666
-10345
-11001
-9117
-7307
-4012
-1109
1370
5090
10089
16810
19262
16476
13507
11740
8854
8142
6508
7254
6572
5387
4788
2186
1293
-2778
-5557
-6313
-5315
-5241
-4255
-1373
1550
5201
6198
6145
4813
4749
6661
8406
12015
13942
13247
12371
9462
7454
4359
1497
-1411
-3910
-4322
-5180
-5080
-5005
-3928
-3653
-3559
-3818
-3330
-2182
327
3317
6085
8601
9491
9920
9278
9767
9135
9116
7649
6887
5893
4825
4515
2493
2018
-573
-2082
-4265
-5025
-4793
-4901
-4020
-3641
-3252
-3328
-2909
-3403
-2746
-2702
-2153
-1913
-1648
-1148
-2009
-2767
-3402
-3349
-3582
-4362
-6038
-6818
-8030
-8767
-10007
-11720
-12026
-12966
-12552
-11667
-12137
-12274
-13554
-13860
-11899
-11227
-10830
-11568
-11812
-9775
-6524
-4111
-98
2541
7170
15202
19095
20842
16529
13782
10962
8306
8456
7875
7642
6100
5763
3410
1955
-2254
-6482
-8355
-8147
-5807
-5771
-3553
-971
1841
4369
4765
3917
3666
4717
7945
11831
15732
17204
15833
14040
11224
8037
4680
1635
-1340
-2407
-4194
-5573
-6596
-6536
-6119
-6441
-5808
-5300
-3768
-2186
1019
3961
7039
8828
9517
9551
9482
10033
9867
10160
9343
8451
6806
5126
3603
2245
743
-312
-2018
-3203
-4049
-4939
-4840
-5284
-4779
-5389
-5210
-5071
-4577
-3752
-2655
-1815
-1251
-169
-716
-1097
-1859
-1552
-2218
-3107
-3910
-5248
-6080
-7620
-9486
-10532
-11104
-12599
-13134
-13017
-12802
-13871
-14197
-12859
-12965
-12627
-12224
-13226
-12578
-11709
-9087
-4829
-1002
2496
5252
11845
18680
20723
17359
15412
13348
11204
9999
7679
9295
7901
6441
3829
880
-995
-6043
-8815
-8933
-6919
-5965
-5555
-4170
-910
2630
3538
3253
2787
4248
6887
10089
14572
16929
17250
15864
12944
10796
7475
4306
1097
-1031
-1728
-4009
-6302
-7382
-7689
-7577
-7491
-7164
-5916
-4330
-1828
1185
4589
7454
9085
9517
9915
10257
10341
10557
9891
9844
8430
6529
4529
2552
1522
247
-630
-1904
-3311
-4411
-5511
-6263
-6368
-6568
-6349
-6235
-5369
-4511
-3460
-2148
-1931
-923
-692
-555
-1202
-1508
-1193
-1355
-1861
-3381
-4021
-5843
-7095
-8668
-10485
-11167
-13540
-14084
-14213
-13627
-12519
-13269
-12588
-11973
-12531
-14366
-14645
-12735
-10366
-6877
-2964
2403
9731
18052
21110
19068
16557
13259
10093
8121
8840
11189
11862
10975
8653
5287
1711
-4612
-9346
-10361
-9917
-9122
-8277
-4938
-1441
948
1473
-74
-990
116
2673
7174
13031
17360
18717
18002
16143
13032
9507
6229
4157
2837
2325
614
-2084
-3988
-5818
-7401
-9811
-10217
-9385
-7826
-4031
-952
2546
4882
6026
7103
7534
9354
10455
11383
12202
12421
11591
9368
6881
3954
2427
657
-616
-1219
-1833
-1900
-3581
-5013
-6388
-8300
-8860
-9166
-8036
-6046
-4699
-3007
-2322
-1520
-1214
-1909
-1544
-941
-570
-145
-68
-276
-713
-2779
-5680
-8124
-10812
-12107
-12806
-12459
-11285
-12827
-13000
-13096
-13472
-12925
-14254
-14509
-14901
-14290
-11460
-8936
-5050
-1188
4541
14167
19752
18298
14870
13137
11895
10630
9313
10820
12206
10681
9687
6267
4565
-201
-6917
-8752
-9547
-8808
-9208
-7975
-3999
-872
701
-73
-1990
-1346
968
4528
10449
15227
17503
17336
15963
14744
12452
9552
7037
4592
4379
3184
119
-2201
-4406
-5495
-7089
-8842
-8881
-8468
-6351
-3247
-633
3022
4442
5047
5969
7563
10144
11087
11924
12318
12341
11283
9213
6338
4103
2138
183
-671
-1636
-1840
-2706
-3618
-4520
-6046
-7614
-8865
-8932
-7649
-6193
-5149
-4729
-4392
-3898
-3732
-2809
-2535
-1330
-511
-9
616
-241
-923
-2248
-4019
-6626
-9048
-11333
-12599
-12726
-12563
-12758
-12687
-12466
-13365
-12479
-12609
-14360
-14954
-13793
-10410
-6518
-3389
863
5835
13331
18908
16177
13286
10954
8970
8718
8446
10895
12277
10807
9234
5970
2930
-1669
-7991
-9919
-8406
-7371
-6833
-6061
-4466
-1505
-1448
-1289
-2082
-1541
2231
4992
11591
16088
17558
16951
14578
13017
10498
8240
6123
4511
4280
3679
795
-2056
-4134
-5795
-6957
-7517
-7496
-6078
-4574
-2134
530
2449
4480
3930
5087
6688
8602
10961
11516
12423
11975
10850
8719
6122
4521
2636
1188
22
-947
-1136
-2149
-3476
-5096
-6158
-7487
-8840
-8668
-8097
-6233
-5742
-5143
-4639
-4480
-3125
-3460
-2527
-966
-703
-514
-963
-335
-465
-1960
-3676
-6988
-8900
-10738
-12036
-11984
-12142
-12009
-12539
-13129
-13540
-12793
-14683
-15542
-13738
-11487
-7205
-5146
-2147
2455
9473
18202
19058
14760
12391
9433
8402
7795
7960
10731
9998
9135
6416
3824
1200
-4839
-8698
-8621
-7403
-7993
-7575
-6106
-2397
584
595
-676
-2439
-362
2541
6877
13387
15938
16766
15577
13564
12566
9345
7482
4658
3343
3814
1419
-1092
-3315
-4560
-6011
-6950
-6636
-5896
-4314
-1945
193
2438
4048
4191
4280
5762
7887
9811
10901
11227
11410
9898
9106
6725
4877
3956
1866
1303
256
-261
-1240
-2944
-4302
-5896
-7731
-8214
-9041
-8201
-6289
-6106
-5257
-5987
-5642
-4705
-3607
-1488
-485
-202
-157
-1047
-1667
-1473
-2971
-4361
-5843
-6788
-7750
-10251
-11436
-12022
-12359
-11638
-12952
-13627
-12751
-13476
-12615
-12670
-11826
-9239
-9134
-5958
-1195
3774
11942
18038
19893
17211
12938
10461
8122
6514
7232
9185
9292
8622
5244
2599
-10
-5188
-7797
-9953
-9348
-9001
-7827
-3475
-377
1930
1562
-132
-739
457
3563
8012
12781
16041
16180
15095
13340
10753
7985
5818
3969
2515
2017
296
-618
-2044
-3074
-4223
-5971
-5920
-5627
-3775
-1671
952
3334
4503
5467
6048
7010
8204
9401
10270
10526
10257
9256
7686
6322
4871
3190
1938
1300
491
-393
-1644
-3396
-5161
-6842
-8244
-9802
-9944
-8860
-8038
-6127
-4702
-4391
-3965
-3689
-2743
-2703
-2595
-1671
-768
451
236
-1245
-2946
-4722
-7702
-10184
-11000
-10927
-10930
-11439
-10490
-10442
-11282
-12733
-14824
-15195
-15335
-14857
-12831
-9102
-4145
-10
4016
10948
17915
19429
15707
12183
11346
10455
9505
9585
11602
11592
8471
4443
1324
-1021
-5794
-9058
-9552
-8433
-8038
-7963
-6135
-3376
-985
-1077
-2014
-1826
728
4427
8705
13319
15796
15667
14337
12150
10578
9052
7408
5741
4090
3581
1143
-1442
-3397
-4924
-5361
-5398
-5140
-4407
-3013
-1196
907
2415
3989
4553
5381
6876
8635
10611
11524
11354
10676
9304
7557
5623
3539
2971
1896
1570
1232
548
-226
-2769
-4909
-6791
-8141
-8891
-9137
-8878
-7619
-6844
-5922
-4684
-4203
-3102
-3020
-2846
-2248
-1896
-378
-91
-564
-2
-1858
-3748
-6133
-9137
-10206
-11771
-12115
-12252
-12953
-12577
-12519
-13028
-11932
-12371
-14165
-14954
-14999
-11795
-8077
-4300
2184
11349
20665
22333
17027
14002
11040
9071
7820
8785
13017
12868
11253
8130
5611
1727
-5817
-11890
-12940
-11867
-11269
-9115
-5829
-826
65
-1926
-4395
-5710
-2896
1310
7046
14404
18380
19275
17880
14863
13018
8933
6005
3845
3471
4449
2939
1093
-552
-2595
-5308
-8085
-9209
-7294
-5474
-2455
678
3061
4866
4554
4197
5372
7011
9342
10565
11213
12826
11621
10253
7480
4916
3153
704
-430
-505
-59
103
-1478
-3925
-5290
-7937
-9047
-9825
-9092
-7315
-6247
-4668
-3726
-2739
-2521
-3178
-3426
-1836
-1614
-297
573
801
1500
-502
-3008
-6347
-9438
-10838
-12103
-12730
-12068
-13267
-13061
-12604
-12771
-12593
-13916
-14674
-15874
-15571
-13134
-10065
-6041
-681
6408
15964
21742
19657
15410
12742
11183
9730
8923
11174
13000
11878
10193
6284
3727
-1551
-8558
-11730
-12595
-11700
-11537
-9156
-4570
-1009
-707
-2747
-5123
-4259
-655
4259
10816
16677
19244
18560
16920
14696
12723
9472
7282
5115
4911
4495
1510
-129
-2370
-4242
-7464
-9434
-9421
-8579
-5721
-2153
1426
3811
4139
3481
3576
5682
8148
10277
12317
12899
13200
11789
9792
6655
4005
2437
282
-310
-524
-398
-1394
-3344
-5200
-7601
-9220
-10275
-10454
-8625
-6829
-4523
-3335
-2260
-1996
-2935
-2446
-2421
-815
295
1915
2512
1848
1065
-1435
-3782
-7510
-10620
-12755
-13633
-12795
-12825
-13136
-12840
-13148
-13535
-14784
-15802
-17158
-17040
-14008
-11160
-6329
-1940
3391
11033
19153
22302
18040
14452
12136
10886
10386
10970
12825
12412
11105
7593
3704
99
-6021
-10665
-12653
-11757
-11589
-10885
-7598
-4627
-2164
-2407
-3842
-4806
-2523
2503
8183
14783
18856
19465
18709
17007
14878
11928
9340
7556
5925
5435
3176
499
-2027
-4249
-6726
-8958
-9256
-9607
-7899
-5258
-1633
1315
2357
3073
3085
4630
6846
9103
11305
12482
13097
12419
10962
8700
5917
3897
1987
764
-144
-945
-1874
-3128
-4792
-7122
-8893
-10372
-10552
-9402
-7723
-5165
-3604
-2456
-1675
-1696
-1124
-1565
-1532
-444
897
2024
2235
2108
714
-1739
-5407
-8805
-11779
-13552
-13788
-14180
-13910
-13802
-13713
-13765
-14278
-15102
-16942
-17240
-15703
-13413
-8238
-2601
3177
11359
19463
22173
18091
14014
11831
10295
9721
10480
12325
13052
11957
8119
4726
1235
-5148
-10579
-12676
-11706
-11457
-10450
-7040
-4091
-2055
-3070
-5532
-6345
-3929
854
6628
13825
18919
20067
19458
17590
14831
11960
9322
7542
6787
6863
5327
2298
-685
-3545
-6945
-9894
-10323
-9951
-7706
-4802
-1940
1175
2194
2634
2389
3117
5724
8159
10703
12519
13345
13284
11684
9059
6017
3502
1724
804
474
219
-168
-1922
-3998
-6492
-8936
-10493
-11472
-10568
-8878
-6309
-4067
-2940
-1830
-1605
-1339
-1645
-1840
-827
600
2322
2958
2637
1298
-1445
-5014
-8469
-11036
-12700
-13198
-13475
-13033
-12009
-12235
-13503
-14682
-15415
-16554
-17543
-16314
-13301
-8653
-2955
1824
9501
18431
21580
17953
13499
12140
10577
9442
10302
12996
13927
12134
8280
4211
1765
-3846
-9515
-11770
-11333
-11104
-11473
-8798
-5090
-3136
-3468
-5850
-7282
-4896
-772
4752
11552
17180
19277
18543
17045
15311
13018
10733
8979
7673
7991
6493
3120
202
-2267
-4960
-8325
-9920
-9213
-7454
-5118
-2331
118
1627
1811
1151
1689
4649
7446
9723
11603
12721
12602
10707
8508
5797
3841
2321
1401
689
520
224
-1409
-3229
-5713
-7851
-9764
-10676
-10762
-9833
-7724
-5987
-4750
-3340
-2456
-1817
-1088
-944
-484
9
1178
2069
2194
1264
-559
-3284
-6258
-8918
-11149
-12284
-13276
-13078
-12876
-12463
-12535
-13699
-15116
-16768
-17425
-15910
-13680
-9842
-3702
4493
15537
21628
20609
15758
12127
10220
8692
9001
12142
15595
14995
12894
8739
5192
-718
-8095
-11727
-12779
-12310
-12283
-10340
-5975
-2580
-3147
-6278
-9366
-8838
-5425
277
7730
14632
18738
19145
18013
16276
14242
11110
8855
7871
8838
8841
6301
3567
860
-2199
-6335
-9622
-10015
-8427
-5543
-2501
-91
2407
2162
1238
378
1582
4534
6948
9392
11064
12674
12156
10319
7367
5084
3051
1199
466
393
686
-48
-1807
-3948
-6215
-8647
-10218
-10929
-9379
-8098
-6409
-5126
-4293
-2966
-2730
-2334
-2580
-1544
-514
525
1401
2074
2415
797
-731
-3034
-6085
-8359
-10465
-11149
-11626
-12598
-13048
-13569
-13199
-13091
-13427
-14379
-14544
-14491
-13835
-11079
-6433
1110
9999
18480
21555
18159
14226
11218
9007
9297
10135
12717
12994
11296
9605
6158
3176
-3018
-8797
-12172
-13658
-14365
-12732
-8236
-3856
-1606
-3828
-6313
-8495
-6897
-1992
3701
11526
16993
19147
19639
18135
16369
13229
9912
8227
6930
7122
5919
3655
1938
-19
-3089
-6751
-8654
-8612
-7319
-4694
-1479
1209
2711
2575
1878
2545
4458
6458
8485
9760
11594
11204
9962
8107
5155
3943
1605
642
55
-655
-1109
-2487
-3630
-4938
-7109
-8962
-9749
-9757
-8233
-6914
-5438
-4019
-3414
-2668
-2296
-2328
-1519
-809
1061
2432
2442
2576
436
-835
-2851
-5630
-7138
-9926
-11279
-11561
-11464
-10134
-11326
-13206
-14103
-15325
-16415
-17367
-16804
-13491
-9872
-7291
-2168
4866
15419
20647
17467
15169
12017
10499
8542
8570
13672
15701
13987
10055
5929
3644
-1835
-8163
-10462
-11192
-11875
-12936
-11291
-6431
-3215
-3955
-6116
-8680
-7244
-3657
560
9020
15338
19298
19410
17427
17073
14282
11990
10034
8620
9539
7461
4289
1502
-1054
-2990
-6562
-8591
-8595
-8038
-6435
-3212
-671
2033
2738
1380
2254
3425
6398
8658
10102
12134
11828
10796
8944
5907
4420
2536
1399
1059
76
-349
-2501
-3719
-4914
-6393
-7837
-9252
-9595
-8666
-6485
-5253
-3867
-3635
-3055
-2580
-2422
-931
-349
900
2005
2157
2550
1249
363
-678
-2898
-4521
-7583
-9992
-11840
-13398
-13078
-11203
-10988
-12773
-13874
-14516
-14325
-15372
-15854
-13846
-11626
-9607
-7613
-3764
6117
17598
23098
21001
16808
13315
9331
6947
7336
12039
13757
12058
8505
4796
2435
-4066
-9992
-12528
-12846
-13474
-13960
-11170
-5314
-1066
-1083
-3630
-6178
-5751
-2569
3351
11877
18848
21422
20827
18286
16300
13092
10197
8330
7600
8553
6799
3504
115
-2871
-5731
-8638
-10435
-10078
-8876
-6629
-2832
937
3112
3582
3131
3435
5552
7960
10323
11742
12973
12526
11079
8658
5685
3141
990
288
-699
-451
-853
-2365
-3446
-4968
-6675
-8467
-9871
-8950
-6809
-4344
-2427
-2272
-2091
-2228
-2479
-2111
-950
231
2420
3818
4618
4197
1690
-413
-3909
-6142
-7863
-9714
-9208
-9244
-9338
-9869
-12633
-13737
-15754
-17685
-16822
-15767
-14149
-13304
-11777
-9584
-8657
-9052
-7753
-3097
8758
21678
24106
22114
19035
15406
11358
6246
6742
9001
8681
8219
4962
4382
1819
-5813
-10883
-13399
-14761
-17591
-17061
-10945
-2567
2305
2529
-780
-2915
-637
1713
7644
14816
19832
21888
20418
19501
17379
13378
10170
6237
5438
5015
1700
-1488
-4136
-4620
-6924
-10435
-12126
-12169
-10921
-7638
-3869
867
5131
6024
6205
6667
9057
10896
11374
12376
13308
12667
10760
7557
5013
2913
561
-697
-1498
-1287
-2422
-3912
-5089
-5735
-6697
-7575
-7798
-6754
-4475
-2676
-1121
-1255
-915
-1010
-878
261
1145
2549
3759
4622
4930
3205
285
-3604
-6904
-8390
-9694
-9493
-10409
-10882
-11761
-13254
-14400
-16916
-17445
-16410
-15033
-13673
-11565
-10848
-10609
-9719
-9690
-8016
-5398
-1864
5508
15795
25386
25117
19255
15541
9871
6577
3531
4383
6992
6865
6576
3223
1417
-2966
-10070
-14824
-15477
-14621
-13509
-9154
-2614
4084
6539
5268
2232
408
3279
6685
12101
18991
21211
22140
19870
17291
14035
8628
5347
1496
242
-446
-2656
-4955
-6521
-8006
-10208
-11926
-12131
-11222
-9251
-4689
272
4800
8221
8904
9049
10335
11291
12417
11810
11887
11267
9352
8358
5638
4007
2198
295
-1354
-2945
-4151
-5357
-6181
-5863
-5606
-5648
-5495
-6075
-5294
-3907
-2591
-1660
-626
577
2121
2699
3576
3759
3052
2680
581
-110
-2052
-3886
-5450
-8552
-9816
-11655
-13604
-14277
-15669
-15684
-16056
-16364
-14963
-14575
-13624
-12883
-12305
-12651
-12474
-10951
-7459
-3672
54
5299
11493
21519
23680
18710
15277
11123
9246
6146
4946
8373
7650
6435
3222
-603
-2064
-8084
-12549
-13337
-11816
-10523
-9093
-5215
697
4503
4239
3513
1062
3035
6527
10488
17723
21085
21980
20238
16948
15222
10096
6430
3487
493
555
-2760
-5556
-7781
-8990
-10125
-11936
-12393
-11840
-9225
-6107
-1282
2530
5877
7723
7836
9451
10801
12342
13250
12422
12183
10373
8885
7111
4782
4683
2207
517
-2268
-4365
-5140
-6664
-6334
-6696
-6058
-5888
-6294
-6137
-4985
-3668
-2245
-564
627
2776
3691
3536
3936
3494
3547
1668
-694
-1241
-4163
-5038
-7416
-9933
-11126
-14289
-15133
-15888
-15353
-14979
-15744
-15283
-14264
-15207
-15120
-14484
-14846
-11575
-9135
-6855
-2742
-569
3496
10152
18097
23321
18095
14872
13025
10090
9278
6745
8291
7684
5527
2155
-1177
-3037
-6662
-10668
-11743
-9712
-10424
-9348
-6437
-1331
3749
4266
3061
1456
2714
7507
10880
16516
20715
20742
20485
17349
15670
11983
8192
4746
1399
55
-2517
-6317
-9472
-10341
-11393
-12060
-12546
-11923
-10656
-6953
-2560
1731
5209
7509
8730
9935
12441
13650
14951
13551
12839
11203
9865
8549
5876
5067
3295
1640
-587
-3160
-4859
-6390
-7319
-6699
-7130
-6279
-6503
-6062
-3985
-2743
-1153
-660
429
1355
3009
3102
3891
3553
3083
2640
535
-201
-3033
-5413
-7854
-10843
-12093
-13516
-14862
-14816
-15973
-15406
-16288
-17539
-16647
-16185
-14175
-13260
-12008
-10974
-10104
-9150
-6758
-4674
-807
4320
11782
22319
23962
20415
16116
11684
9070
5275
3968
7039
6558
5892
3048
-280
-1827
-7848
-11520
-12398
-11166
-9883
-7956
-3527
2851
5909
5708
4007
1645
4228
7291
12224
18129
21564
22363
19880
16419
13393
8406
4793
1669
-800
-1451
-5133
-8199
-10970
-11996
-13091
-14801
-14128
-12015
-9581
-5537
-251
4108
8020
9372
10080
11299
12913
14276
14909
15026
14851
12535
9941
7333
4297
2767
691
-421
-2049
-3223
-4501
-6257
-7016
-7284
-7322
-6863
-5509
-4080
-1630
210
1217
1420
1619
2177
2514
2738
3819
4282
3392
2143
-469
-2462
-5100
-7964
-10289
-12040
-12162
-12884
-14084
-14981
-16655
-17910
-18066
-17890
-16864
-15151
-12864
-10861
-9414
-8571
-8386
-8581
-7628
-6228
-3582
2330
9227
18441
23931
22094
17837
11689
7348
4187
2359
4876
6398
6216
4965
1983
-132
-3719
-8254
-10232
-10316
-9117
-6658
-3068
2762
7123
7524
6688
3959
3567
6142
9779
15698
19195
20285
18970
15375
12251
7710
3463
786
-1735
-3062
-5027
-7918
-10053
-12156
-13172
-13731
-13963
-11711
-8379
-4672
564
4771
7493
9299
9731
11047
12475
14279
15559
15185
14667
12807
9767
6872
4194
2024
641
-686
-1517
-2348
-3120
-4306
-6073
-6522
-6448
-5960
-4376
-2578
-435
1604
2416
2577
1791
1566
1978
2075
2598
3043
2653
1577
-602
-3942
-6920
-10220
-12225
-12745
-12496
-11726
-12654
-13914
-14998
-16529
-17050
-17411
-17101
-15487
-13935
-11149
-9152
-8499
-8396
-8821
-8575
-8141
-7236
-3840
1527
8883
18990
23770
21007
15264
9367
6028
3149
2164
4874
6758
8052
7220
4428
2925
-1598
-6464
-8695
-8942
-7118
-5172
-1307
4845
8649
9130
6807
2709
2262
4355
8190
13834
17699
19461
17997
14217
10531
5576
1391
-1660
-4446
-4280
-5239
-7289
-9101
-11179
-11623
-12971
-13267
-10268
-6707
-2877
1623
5394
8739
10892
11489
12138
13191
14192
14025
13334
12673
11367
8989
6511
4088
1710
-440
-2159
-2943
-3245
-3243
-4152
-4592
-4523
-4073
-3175
-2835
-1285
159
1219
2427
2209
2046
2176
1487
1713
921
-93
-824
-2736
-3458
-4974
-7265
-8890
-10579
-11829
-12668
-14009
-14371
-15254
-15781
-15327
-15431
-13186
-11783
-10954
-9731
-9763
-9335
-9393
-10362
-8777
-7795
-7229
-5062
-3931
91
5051
13058
20474
18507
13642
9454
5977
5306
4374
6302
9897
8907
7541
4473
2712
1295
-3269
-5491
-5210
-5340
-4303
-2105
1872
7322
7724
6304
2763
1093
3810
6168
11237
15357
15879
14937
11528
8346
5967
2021
-267
-3171
-4197
-4038
-6693
-8386
-9469
-9789
-9540
-10240
-9321
-6192
-3638
866
4668
7627
10472
10760
11512
12565
13206
13831
12557
11062
10607
8420
7127
4587
2191
1020
-1297
-2143
-3069
-3216
-2704
-2956
-2836
-2541
-2732
-2024
-1677
-449
1266
1615
1812
807
265
240
-257
-569
-848
-2150
-3313
-5005
-6543
-7576
-9302
-10120
-11207
-11860
-12600
-14066
-14801
-14959
-14343
-13085
-12071
-10278
-9265
-9002
-8538
-9688
-9902
-10273
-10043
-7739
-6395
-5242
-3733
-2035
1478
7034
13545
16973
14617
11920
10247
8110
7032
6585
7713
8987
8020
6698
5036
3322
1370
-1957
-3447
-3835
-4763
-3966
-1648
2354
5647
5689
4196
2109
2265
4688
7213
10703
13189
13313
12233
9667
6639
3670
623
-1553
-3136
-3828
-4724
-7107
-9163
-9909
-10110
-9229
-7942
-5873
-2912
-386
2934
5838
8212
10197
11148
12212
13580
13972
13323
12214
10939
9669
7819
5641
3057
913
-905
-1587
-1769
-2091
-2398
-3000
-2935
-2605
-2171
-2110
-1371
-766
160
995
1063
1028
402
207
104
-374
-1615
-3395
-5230
-5815
-6145
-6851
-8493
-10069
-11056
-11774
-11527
-11916
-12057
-12612
-12691
-12501
-12319
-11216
-9735
-9134
-8958
-9117
-10078
-9933
-10472
-9758
-7640
-7419
-7226
-5537
-2629
5774
15292
19236
18616
14312
11003
7473
4557
6170
9296
11191
11719
9436
7379
5163
491
-3052
-5446
-5860
-6571
-6921
-3343
1800
5093
6009
3394
503
148
1103
5265
10492
15303
16635
14633
12071
8137
3924
716
-2023
-3105
-3011
-4315
-6022
-8075
-9070
-10214
-11227
-10372
-8792
-5765
-1376
2556
6052
9199
10313
10687
10835
11883
12959
13434
13839
12826
11567
9642
6746
3724
799
-1522
-2563
-2669
-1687
-1226
-1498
-1539
-2852
-3564
-3922
-3951
-2298
-224
1964
3357
2730
1295
-542
-2230
-2584
-3392
-3472
-3482
-4505
-4829
-6081
-7864
-9041
-10835
-11635
-11677
-12266
-11568
-11700
-11425
-10724
-11054
-11616
-12749
-12483
-11460
-10931
-10526
-9536
-9062
-7771
-7318
-7196
-5702
-3924
-812
1986
7952
15879
18836
16744
14202
11684
10056
7432
6174
8898
9867
9822
6935
4719
3521
-564
-4838
-6772
-6818
-6327
-5477
-3210
1951
5371
5818
3930
2619
3561
5120
7733
11717
14465
14831
12594
8637
5436
1911
-540
-3387
-4314
-4298
-5783
-7555
-9384
-9806
-10103
-10167
-8767
-5911
-2785
1740
5101
8218
10691
11115
10965
10935
11702
12629
13533
13304
12951
10923
8703
5085
1682
-451
-2371
-2764
-3060
-2045
-1614
-1755
-2231
-2800
-3238
-2748
-2160
-589
1145
2017
2770
1589
827
-687
-1827
-2183
-2624
-2482
-2544
-3889
-5180
-6618
-8392
-9420
-11228
-11595
-11076
-10603
-10455
-11174
-12145
-13159
-15185
-14837
-13778
-12862
-9853
-8788
-6947
-6461
-6601
-6411
-7196
-6392
-5885
-5359
-2368
931
5612
13602
18447
19086
15603
10842
7543
4585
4321
7051
8547
9565
8751
5254
3592
-698
-4307
-6034
-6397
-4749
-4022
-1148
3054
5852
7101
5886
3244
2621
2829
5236
8738
11617
12798
10749
7549
4139
808
-1532
-2924
-4074
-3354
-4034
-5092
-6244
-7503
-7683
-8803
-8034
-5579
-3078
442
4030
7243
10227
9983
10149
10373
10597
12319
12699
13240
12926
11064
8499
5721
2361
265
-1951
-3078
-2886
-3149
-2117
-1984
-1747
-1626
-2190
-2008
-1798
-1220
811
1843
3097
3229
1613
914
-987
-1576
-1744
-2417
-2461
-3359
-4838
-6189
-8433
-9907
-10523
-11481
-11409
-11588
-11051
-10739
-11431
-11497
-12001
-13175
-12745
-11989
-10226
-7444
-5800
-4387
-4823
-4892
-5105
-5862
-4945
-4034
-3342
-2576
-1725
436
3525
8343
13705
14105
11612
8715
6564
5978
5310
6337
8563
8310
6594
3956
2281
2469
418
-760
-926
-1061
-502
-686
1114
4406
5799
5375
3450
2056
2679
2940
4510
6259
6570
5991
3659
1807
723
-621
-1289
-2469
-2828
-1810
-2575
-3419
-4306
-4861
-5243
-5959
-4593
-1870
1167
5133
7940
8987
9954
9163
9136
9687
9631
10188
9477
8241
7109
5691
4527
2853
636
-1042
-2481
-3011
-2613
-1220
303
1249
1171
33
-675
-384
565
1766
3178
3459
2857
1024
-658
-1728
-2676
-3065
-3918
-4816
-5992
-7330
-8533
-9565
-10366
-10884
-11545
-12122
-11981
-10386
-9144
-8328
-7785
-8423
-8813
-9138
-8250
-6356
-4054
-2167
-1371
-2322
-3728
-5781
-7935
-7448
-6687
-5599
-5056
-5482
-4252
-2854
-1188
4134
9004
11108
10301
8124
8414
8211
7725
8447
9175
9455
8648
6384
5983
5779
4367
2809
745
-86
-1766
-2893
-1315
1187
3105
2756
126
-1632
-2676
-1982
13
1956
4481
5010
4821
4424
3869
3786
3246
1979
1387
458
-617
-1569
-2452
-2221
-2710
-3608
-4305
-3048
-573
1930
4620
6747
7085
6428
4880
3974
5008
5418
6498
6911
7010
6913
5243
3774
3123
2143
1806
1356
1232
2414
2519
3266
2843
2074
1411
-175
-750
-588
-262
532
537
-786
-1744
-3858
-5811
-7275
-8077
-7687
-7489
-7066
-6471
-7363
-8327
-9174
-9852
-8999
-8625
-6972
-5564
-3901
-2326
-2498
-2571
-3432
-4556
-5350
-5695
-5609
-5257
-5182
-5247
-6223
-7234
-8230
-9333
-9801
-9042
-8372
-6789
-4398
-2611
1439
5237
9214
10363
10806
11815
10649
10676
10504
10988
11048
10262
8962
7381
5930
4245
1768
-216
-1373
-2995
-4075
-4341
-3896
-2926
-2028
-2022
-1492
-1556
-430
821
2416
5255
6396
7495
7670
7367
6841
5695
4092
2941
1976
1152
-77
-1207
-1948
-3550
-4998
-6042
-5993
-5008
-2782
-1143
1310
3648
3950
3897
3304
3775
5389
6724
7956
9404
9564
9089
7683
6459
5725
4339
2858
1902
2044
2416
2365
1459
925
-474
-1884
-3314
-4270
-3336
-3048
-2445
-2340
-3379
-4226
-5834
-6880
-6574
-6373
-5499
-5468
-5283
-4545
-4689
-4585
-4903
-5026
-4840
-4557
-4391
-3371
-3076
-2727
-2259
-3463
-4112
-5912
-7125
-7587
-8571
-8197
-8533
-8872
-8376
-9319
-8818
-8198
-8041
-7108
-6567
-4255
-1809
1160
4607
8159
11073
13044
13166
12277
11820
10025
9607
8929
8861
8660
6538
5153
2818
385
-1293
-3815
-4844
-5455
-5846
-4743
-3997
-1779
-251
685
1884
2450
3140
4296
5419
6714
8258
8392
8434
6964
5399
4416
2940
1902
319
-1241
-2561
-4362
-5400
-6248
-7057
-6844
-6901
-5081
-2500
98
2753
4258
5512
6145
6389
6538
7123
8424
9982
10479
10572
9668
8000
6488
4221
2464
1097
-83
-456
-564
-337
-95
-1134
-2293
-3595
-4801
-5009
-5038
-4159
-2990
-2000
-1421
-1916
-2400
-2927
-3552
-3372
-3309
-3045
-2618
-2670
-2430
-2557
-2667
-2849
-3575
-3990
-4041
-4390
-4629
-5028
-5734
-5754
-6404
-7046
-7464
-7918
-7886
-8551
-9150
-9514
-9408
-8857
-8114
-5916
-4029
-3251
-2692
-2521
-1256
222
1791
4466
7603
10467
11935
12179
11627
10323
7572
5581
4406
3583
3440
2462
2449
2348
1211
-435
-2474
-3392
-3491
-3255
-1799
40
1818
3206
3524
3351
2926
2448
2309
3429
4933
6220
6287
5542
4244
2429
985
-775
-1677
-1951
-2014
-1998
-2186
-2849
-3687
-4814
-5383
-5213
-4452
-1942
853
4064
7613
9422
8890
7966
6263
5182
5428
5443
6597
7578
7891
7538
5677
3707
1710
-755
-1662
-1699
-1120
-168
-17
-178
-1192
-2883
-4637
-5879
-5819
-4327
-2685
-550
919
1048
902
-382
-1480
-1945
-2461
-1974
-1121
-320
369
-403
-1430
-3168
-5355
-6337
-6795
-6283
-5496
-5071
-4696
-4846
-5431
-6611
-7909
-8287
-8484
-8272
-7368
-6143
-5199
-5271
-5778
-5702
-5081
-4373
-3285
-2515
-837
493
762
1787
2177
3347
4747
5666
6908
6769
6417
6204
5473
5667
5245
4350
3798
3077
3331
3188
2904
2163
922
58
-355
-581
-354
497
731
1389
1084
768
464
14
1003
1588
2573
3379
3080
3350
3110
2855
2594
1421
1131
258
-248
-498
-1193
-1825
-2484
-2885
-3053
-2504
-2173
-1178
97
2041
3601
4648
5726
5574
5351
5038
4664
5344
5619
6034
6813
6219
5910
4069
2141
949
-383
-921
-1218
-1466
-1707
-2040
-2844
-3217
-3822
-3932
-3816
-3058
-1621
-349
967
2086
2414
2597
2041
783
416
-529
-410
-673
-1281
-1707
-3347
-4712
-5827
-6782
-6558
-6236
-6095
-5330
-5330
-5217
-5237
-5361
-5543
-5682
-5723
-5082
-4798
-3994
-2629
-2871
-2314
-3190
-3883
-3575
-4107
-4078
-4045
-3612
-2521
-2080
-1352
113
1135
2515
3599
4421
5285
5673
5682
5980
5925
5900
5480
4572
4147
3148
2674
1854
939
523
-160
-567
-902
-1352
-1384
-1327
-1164
-550
-127
843
1597
2369
3339
3832
4061
3926
3494
3016
2808
2415
2360
1742
809
-25
-1225
-2032
-2956
-3472
-3314
-3218
-2807
-2298
-1755
-660
263
1435
2751
4027
5036
5998
7055
7518
7388
6161
5171
3951
3038
2340
1441
1198
703
201
-434
-1014
-1616
-2004
-2182
-1866
-1476
-1115
-659
-216
494
938
969
749
775
959
1472
1656
1868
1714
1364
759
-409
-1398
-2418
-3192
-3651
-3828
-3878
-3663
-4057
-3952
-4156
-4251
-4204
-4799
-4458
-4060
-3587
-3369
-3560
-3872
-3894
-4647
-5030
-5415
-5842
-5243
-5276
-5070
-4217
-3901
-3484
-2950
-3134
-2001
-1148
593
2741
4188
5624
5228
4378
3525
3121
2664
2673
2730
2870
2827
2447
2166
1647
1079
83
-845
-1042
-547
-66
1141
2075
2535
2064
1479
1127
1235
2075
2646
3797
4282
4015
3243
2205
1563
1079
310
64
-667
-985
-892
-1057
-812
-1391
-1807
-2495
-2620
-2277
-1693
-927
12
863
1476
2482
2667
3199
4023
4530
5135
4780
4193
3830
2679
2318
1389
449
-91
-1297
-1457
-1662
-1758
-1772
-1635
-849
323
1066
1480
1914
1941
2492
2699
2685
3134
2784
2960
3389
3285
3608
3017
2513
2071
1072
349
-703
-1512
-1973
-2581
-3224
-3826
-4640
-5278
-5330
-5342
-5008
-4806
-4575
-3850
-3647
-3295
-3316
-3635
-3314
-3623
-3766
-3899
-4650
-4702
-5277
-5935
-6319
-6936
-6863
-6535
-6004
-5020
-3871
-2975
-1435
-423
853
2162
1990
2496
2761
3229
4033
4262
5021
5381
5051
4715
3525
2659
2098
1477
1614
1758
1933
1588
1228
1141
859
638
443
361
738
1200
1851
2658
3003
3267
2913
2309
1972
1306
932
787
512
788
363
-252
-649
-1578
-1790
-2113
-2150
-1700
-1802
-1480
-1241
-1127
-189
374
1243
2083
1913
2415
2209
2001
2108
1417
1623
1421
927
991
556
366
552
390
1332
2401
2567
3252
3268
3540
4141
3852
4166
4105
3554
3768
3186
3135
2973
1942
1711
832
498
236
-342
-256
-367
-452
-496
-1158
-1572
-2030
-2676
-2547
-2739
-2853
-3117
-3888
-4429
-4532
-4881
-4896
-5285
-5551
-5514
-6448
-6262
-6261
-5899
-5341
-5752
-5700
-6059
-6155
-5645
-5144
-3699
-3028
-2840
-2376
-1899
-826
-321
419
641
1134
1664
1759
2172
2160
2155
2023
2046
2357
2607
2522
2901
3272
3597
3670
3309
2971
2948
2735
2764
2718
2138
2178
1556
1731
1449
836
837
321
646
901
929
1208
960
602
372
293
453
6
-242
-546
-618
-1139
-1391
-1268
-1426
-1123
-1616
-1441
-1423
-1227
-781
-275
943
1472
1624
1420
1209
1426
1370
1725
2365
2719
3173
3223
3880
4123
4363
4249
4218
4707
4362
4628
4017
3740
3416
2358
2079
1547
1297
1173
806
1196
1200
1001
731
175
60
-393
-595
-1082
-1201
-1590
-1965
-2268
-3113
-3161
-3753
-3942
-4123
-4350
-3983
-4390
-4534
-4623
-4852
-4512
-5105
-5352
-5643
-5847
-5365
-5692
-5038
-4597
-4623
-4831
-4985
-4590
-3962
-3289
-2963
-1864
-1269
-622
105
315
1522
1717
1724
2192
1818
2321
1858
1477
1802
1710
2394
2325
2768
3315
3240
3145
2404
1877
1640
1535
1718
2031
2174
2190
1830
1427
1585
1466
1209
1098
578
917
1106
1069
1279
421
153
-561
-1311
-1407
-1836
-1565
-1599
-1574
-1265
-1137
-885
-986
-763
-271
350
1055
1009
1292
1494
1508
1784
1637
1511
1595
1898
2266
3236
3592
3839
3871
3269
3705
3522
3359
3631
3598
4346
5265
5269
4881
3984
3010
2361
1563
993
662
421
403
581
349
-13
-799
-1533
-1842
-1779
-1889
-2144
-1998
-2281
-2071
-2571
-3471
-3841
-4543
-4412
-4147
-4078
-3522
-3895
-4310
-4552
-5498
-6023
-6429
-6453
-5655
-4676
-4179
-3801
-4280
-4323
-3987
-4477
-3631
-3308
-2446
-1198
-766
895
1411
1647
1773
833
981
742
655
1028
1214
2152
2142
1733
1480
1048
487
443
990
1176
1631
1487
1864
2113
1818
2024
932
749
1000
898
1766
1876
1918
1437
801
990
187
-243
-363
-240
253
77
-64
-818
-1099
-1112
-1134
-846
-665
-372
-241
729
1523
1889
2006
1953
2763
3048
3222
3396
2816
3186
2934
2769
3054
2340
2426
1910
1949
2361
1661
1444
1522
1879
2459
2575
2499
2682
2594
2638
2643
2316
2220
1942
1240
1220
896
535
326
-264
-114
-603
-990
-1300
-1779
-1837
-2203
-2498
-2787
-3256
-3348
-3309
-3142
-2815
-3098
-3185
-3365
-3221
-2743
-2646
-2475
-2480
-2775
-2633
-2179
-1858
-1498
-1918
-2187
-2338
-2778
-2590
-2628
-2875
-2193
-2273
-2439
-2405
-3269
-2791
-2607
-2292
-1150
-1111
-607
113
75
733
600
-114
-353
-1076
-1089
-784
-231
572
1269
937
512
-42
-624
-138
-149
636
1065
1146
1392
847
961
772
292
316
62
458
791
968
1619
1887
2183
1727
1048
745
1155
1508
1643
2174
2370
2655
2337
2206
2367
2287
2640
2600
2695
3068
2743
2824
2579
2492
2230
1236
1331
1210
1366
1438
1180
1227
1118
1079
1070
1034
983
1275
1361
1831
2384
2219
2349
2196
2020
1904
807
434
-107
-799
-887
-1741
-1796
-1685
-1850
-1415
-1268
-1129
-960
-1508
-1624
-1531
-1866
-1604
-1605
-1621
-1194
-1353
-1331
-1298
-1518
-1142
-1393
-1540
-1308
-1719
-1899
-2256
-2584
-2584
-2890
-3073
-3146
-3150
-2658
-2396
-2413
-2312
-2437
-2576
-2550
-2051
-1411
-1289
-1246
-1200
-1114
-1029
-1198
-1394
-1303
-908
-638
-614
-636
-620
-898
-988
-491
-253
-347
-775
-880
-132
687
1543
1599
1279
996
288
209
590
1247
1659
1915
2306
2262
2059
1513
1087
1335
1797
2042
1529
1224
1293
1308
1643
1661
1657
1183
866
961
1257
2224
2592
2442
2181
2234
2386
2217
2314
2343
2479
2531
1983
1596
953
1007
1046
948
1465
1069
850
391
277
522
448
550
404
346
331
150
-190
-340
-105
79
450
640
157
-152
-805
-713
-686
-712
-440
-870
-821
-945
-697
-493
-638
-930
-1529
-1720
-1561
-1429
-931
-564
-216
-371
-997
-1163
-1468
-1101
-873
-231
1
-191
-741
-1478
-1272
-1375
-1298
-1853
-2260
-2145
-2103
-1795
-1713
-2056
-2644
-3658
-3867
-3622
-3131
-2755
-2789
-2443
-2651
-2413
-2709
-2343
-1742
-1259
-487
-489
-392
-544
-524
-255
316
623
1074
1040
869
970
1069
1029
967
579
431
878
983
1813
1684
1761
1491
986
1332
1617
2179
2586
2975
3383
3525
3294
3218
2614
2637
2751
2949
3179
3149
2812
2249
1605
1092
935
51
327
-36
94
462
88
218
-197
-281
-248
-295
59
608
548
751
706
691
665
452
110
-20
-83
-101
-4
-302
-120
-822
-951
-1035
-1010
-713
-815
-517
-481
-268
-158
-263
-444
-457
-671
-373
-64
381
739
888
1142
941
767
466
433
216
411
337
294
172
-242
-391
-962
-1177
-1621
-2018
-2169
-2375
-2330
-2240
-2246
-2017
-2264
-2429
-2419
-2539
-2298
-2133
-1817
-1781
-1574
-1471
-1140
-1306
-1528
-1556
-2104
-1791
-1558
-1101
-862
-1005
-1090
-1461
-1660
-1605
-1703
-1323
-887
-833
-537
-450
-124
-232
-147
257
309
530
1271
1859
2269
2658
2514
2495
2162
1907
1855
1897
2388
2751
2365
2418
1989
1227
1140
1009
1442
1104
970
852
766
1076
1036
1107
941
1029
920
879
1207
1493
1579
1596
1749
1705
1440
1169
888
1021
929
728
487
-150
-218
-562
-518
-212
-96
181
-113
-325
-190
8
62
3
-95
-82
-37
167
661
1001
1013
666
41
-151
-114
-251
-186
-184
302
353
68
52
-336
-306
-621
-804
-738
-747
-627
-580
-415
-418
-640
-1454
-1826
-1942
-1730
-1154
-919
-361
-310
-698
-944
-1525
-1666
-1725
-1886
-1531
-1595
-1166
-958
-1019
-981
-1328
-1747
-2180
-2109
-1887
-1390
-1532
-1442
-1394
-1574
-1623
-2104
-1916
-1467
-1114
-641
-78
231
387
142
203
598
875
1015
1012
1237
1611
1561
1097
853
584
482
377
635
867
988
807
703
700
735
691
345
790
1140
1720
1820
2008
2130
1868
1658
1317
1385
1348
1704
1707
1966
1979
1424
958
494
517
501
235
174
155
154
365
124
38
-8
-206
-352
-204
130
484
480
410
584
338
406
37
-220
-111
-89
39
-99
-22
53
-57
-59
12
9
144
255
348
409
340
199
13
-193
-218
-291
-230
7
-120
62
-105
-463
-837
-1259
-1143
-1190
-946
-554
-445
-181
-186
-749
-1286
-1765
-1617
-1058
-563
-75
-172
-273
-381
-1063
-1960
-1959
-2101
-1924
-1692
-1525
-734
-1332
-1326
-1678
-1906
-1487
-1868
-1531
-929
29
319
-106
-460
-418
-633
-944
-660
-372
177
152
-91
93
-176
-292
-621
-613
432
693
1011
923
993
1261
859
848
973
1206
1500
1876
2092
2685
2686
2406
2016
1821
2266
2159
2108
2307
2375
2326
2143
1573
1342
923
847
755
778
1276
1166
1013
885
720
259
-209
-760
-860
-943
-563
-470
-680
-499
-763
-870
-1082
-899
-827
-624
-461
-130
-41
7
39
-565
-498
-631
-572
-546
-579
-403
-609
-906
-1147
-1451
-1300
-1028
-912
-616
-513
-385
-600
-801
-899
-908
-819
-583
-386
-49
269
117
-94
-477
-576
-718
-864
-588
-14
460
645
-45
-612
-1121
-1646
-1555
-1715
-1161
-952
-745
-535
-624
-623
-998
-1341
-1576
-1439
-1323
-763
-362
-158
-167
-585
-887
-1302
-1359
-864
-433
238
647
633
933
727
780
548
749
1229
1165
1435
1474
1683
1647
1622
1545
1526
1542
1685
2048
2430
2895
2646
2362
2234
1960
1992
2137
2308
2545
2199
1947
1562
1077
901
499
355
431
342
209
101
-253
-461
-983
-1319
-1371
-1376
-1044
-795
-411
-38
58
-219
-461
-870
-855
-678
-480
-243
-348
-339
-678
-995
-1241
-1495
-1692
-1651
-1416
-940
-537
-478
-559
-794
-804
-957
-1142
-1027
-614
-174
82
19
-180
-425
-645
-610
-476
-253
-138
-160
-246
-84
-53
-331
-746
-950
-757
-556
-257
-39
-44
-236
-386
-694
-931
-885
-909
-949
-864
-581
-483
-835
-1127
-1258
-1375
-1057
-947
-979
-694
-285
115
269
405
388
9
-120
391
813
1239
1363
1021
898
940
992
726
387
474
575
567
945
977
1084
1203
1099
1325
1416
1712
1767
1779
2218
2411
2220
1964
1563
1414
1475
1303
1152
810
640
513
256
297
312
30
-95
-255
-237
-49
-194
-247
-384
-337
-278
-418
-352
-290
-352
-360
-401
-455
-454
-567
-689
-761
-683
-765
-1080
-1328
-1381
-1301
-1207
-1164
-1195
-1230
-1116
-951
-811
-480
-355
-319
-274
-206
-24
-15
-120
-313
-412
-201
10
-7
158
281
305
242
65
147
112
67
10
-69
119
213
69
-23
-228
-421
-519
-659
-508
-576
-705
-703
-793
-570
-432
-489
-354
-287
-86
140
49
106
-30
-94
109
167
317
324
162
165
31
-85
-120
-416
-428
-277
87
496
479
407
277
152
207
274
488
828
998
1276
1416
1452
1273
806
627
640
881
1156
1239
1265
1185
1005
832
538
338
225
132
264
407
517
399
19
-212
-282
-239
-21
71
210
247
117
5
-341
-489
-548
-542
-183
153
312
191
-246
-568
-881
-1111
-1083
-1214
-1080
-850
-867
-810
-937
-1217
-1494
-1773
-1523
-1089
-682
-56
76
165
396
320
398
463
637
1010
1007
1198
1159
668
379
-213
-485
-387
-340
-202
-198
-126
-45
-324
-469
-494
-628
-335
-37
256
569
555
419
106
-166
-209
-346
-252
36
94
226
124
-156
-493
-898
-1084
-1132
-1010
-763
-664
-601
-575
-726
-839
-948
-937
-845
-561
-205
36
319
497
591
579
547
544
554
618
770
920
1127
1273
1192
1183
1129
1045
1020
929
943
901
759
712
483
420
432
200
79
-112
-177
-116
-167
-67
-63
-211
-196
-275
-207
-76
-238
-241
-265
-192
-83
-248
-240
-192
-245
-165
-210
-324
-458
-782
-769
-600
-423
-197
-317
-218
24
-10
36
-12
-30
-5
-101
155
369
428
641
615
572
538
252
51
-72
-46
149
162
337
357
78
44
-46
-175
-222
-312
-379
-467
-386
-48
83
140
126
-114
-97
-25
37
91
76
58
-172
-342
-324
-413
-516
-458
-371
-321
-396
-509
-549
-571
-559
-610
-645
-491
-330
-181
-7
89
117
30
14
40
58
137
232
394
607
768
808
683
536
502
448
491
536
646
804
839
821
607
345
135
-7
-1
138
321
518
620
659
619
373
52
-265
-382
-267
-163
-52
60
-33
-283
-650
-927
-961
-931
-757
-551
-405
-301
-376
-414
-321
-324
-417
-557
-561
-355
-265
-247
-233
-253
-157
-130
-42
250
422
438
310
187
124
-89
-252
-206
-91
33
75
115
221
211
147
175
245
374
483
583
694
692
639
518
307
125
-29
-122
-48
44
118
119
39
-61
-178
-200
-203
-264
-282
-216
-180
-158
-157
-177
-229
-330
-393
-463
-447
-371
-351
-290
-170
-117
-212
-328
-315
-272
-255
-241
-219
-139
-47
3
30
52
81
59
70
188
280
326
334
349
394
436
453
430
456
581
674
612
467
290
83
-42
-16
124
243
219
145
70
51
9
-123
-212
-227
-157
-12
127
141
1
-222
-394
-486
-467
-367
-298
-197
-35
84
108
-15
-128
-127
-80
44
94
175
256
228
126
-22
-165
-303
-405
-348
-142
-12
9
-100
-135
-82
-87
-76
-14
131
253
307
368
404
315
190
125
152
243
251
238
253
250
247
141
57
2
-68
-25
39
72
21
-102
-201
-232
-211
-137
-136
-144
-94
-70
-67
-128
-233
-341
-400
-381
-327
-318
-309
-358
-456
-474
-466
-470
-475
-462
-388
-293
-186
-63
1
57
97
103
147
235
336
448
518
556
571
610
675
676
625
551
481
414
401
363
284
172
69
23
39
63
24
-39
-68
-43
-52
-57
-94
-129
-99
-51
-37
-69
-101
-131
-172
-200
-215
-299
-390
-397
-342
-268
-235
-252
-274
-316
-331
-362
-351
-267
-181
-107
-25
65
99
113
125
192
203
156
117
112
179
237
242
240
234
183
119
71
96
64
-46
-114
-133
-131
-129
-111
-26
30
66
141
196
269
277
276
297
298
269
243
228
222
171
56
-38
-111
-157
-210
-235
-223
-227
-271
-276
-239
-214
-229
-257
-271
-294
-325
-355
-356
-335
-304
-318
-314
-269
-208
-125
-8
100
94
-17
-59
28
177
319
347
297
225
181
171
195
228
223
163
146
186
185
108
50
61
109
184
223
243
234
238
172
69
-14
-92
-121
-57
51
96
56
-4
0
-4
12
-20
-72
-108
-153
-174
-200
-231
-279
-344
-349
-268
-205
-161
-166
-119
-6
130
250
338
381
381
357
293
223
120
40
-28
-74
-88
-113
-181
-248
-278
-263
-247
-217
-135
-76
-23
24
27
45
85
125
162
185
224
187
137
162
197
181
146
119
91
54
-10
-48
-91
-75
-60
-72
-76
-81
-122
-187
-189
-149
-141
-156
-117
-57
-5
4
-18
-83
-137
-158
-133
-82
-50
-51
-54
-22
3
-2
-43
-23
25
90
186
302
394
397
314
239
187
91
19
-9
7
8
-39
-101
-127
-136
-139
-168
-187
-189
-220
-204
-105
-10
-6
-92
-164
-176
-169
-112
-36
26
41
41
17
21
33
11
-26
-45
-14
-62
-101
-76
-28
-19
-4
35
101
173
222
275
298
326
290
228
186
150
95
56
44
6
-63
-109
-91
-45
-9
31
38
38
56
57
59
18
-59
-144
-173
-163
-159
-193
-215
-223
-243
-233
-229
-182
-120
-78
-43
5
40
59
43
33
20
2
18
77
136
167
184
162
153
103
25
-43
-53
-39
-32
-21
-27
-53
-116
-148
-186
-206
-177
-107
-11
87
160
202
226
247
252
209
167
136
105
103
108
42
-37
-86
-98
-103
-138
-138
-121
-103
-58
-32
-35
-48
-75
-98
-113
-138
-194
-260
-294
-260
-228
-190
-140
-83
-33
-10
11
36
71
103
129
115
102
99
108
142
148
123
92
68
99
151
189
237
253
245
198
153
120
60
-15
-50
-70
-77
-36
13
42
39
32
16
16
25
16
-4
-7
-10
-61
-124
-173
-231
-306
-344
-332
-300
-260
-189
-88
8
68
71
62
97
140
165
190
208
202
153
112
109
81
18
-41
-84
-105
-119
-97
-60
-7
31
16
0
13
54
80
93
110
109
84
81
105
119
86
7
-72
-122
-123
-101
-103
-89
-72
-67
-64
-57
-39
-47
-54
-47
-20
39
95
127
113
70
24
-10
-31
-22
1
-11
-42
-82
-113
-127
-155
-170
-187
-193
-154
-99
-39
34
88
98
94
106
135
167
202
230
224
209
186
149
124
94
70
49
26
32
45
56
78
97
82
56
32
29
33
50
68
69
68
59
29
-21
-72
-128
-177
-194
-160
-120
-98
-80
-74
-68
-65
-53
-32
-11
36
71
74
63
69
70
48
34
22
15
7
26
50
67
84
90
89
90
99
65
19
-20
-57
-97
-127
-109
-83
-71
-77
-76
-68
-69
-60
-66
-50
7
67
93
103
130
121
84
66
84
91
108
118
101
86
62
44
-9
-36
-41
-72
-103
-75
-22
2
22
37
36
20
18
31
42
40
32
15
-9
-36
-82
-140
-171
-181
-197
-206
-194
-153
-112
-67
-49
-57
-57
-35
3
54
105
156
195
199
190
167
132
91
64
65
76
96
78
9
-47
-77
-112
-152
-163
-141
-98
-67
-55
-55
-69
-87
-99
-76
-25
33
64
93
126
148
149
116
92
74
76
100
110
105
79
48
11
-17
-45
-62
-69
-65
-38
-21
-2
-22
-65
-98
-120
-128
-149
-169
-183
-152
-109
-87
-77
-81
-79
-60
-16
8
43
104
144
151
126
91
45
13
14
7
-4
-4
-31
-43
-22
-29
-38
-62
-61
-34
-6
50
96
122
140
133
109
102
91
96
115
114
100
75
66
31
-33
-52
-82
-128
-159
-184
-161
-114
-101
-127
-131
-113
-133
-171
-140
-75
-32
8
19
57
141
179
141
83
48
58
78
104
104
63
37
-12
-75
-85
-88
-126
-180
-203
-130
-33
28
16
-43
-22
30
27
11
12
43
123
161
129
53
47
90
48
8
19
43
73
46
-39
-53
-25
-36
-50
-32
-44
-103
-96
-19
-4
-58
-137
-143
-11
62
-1
-39
9
35
3
-26
-62
-71
44
114
8
-17
39
49
59
31
-17
-7
-133
-426
-239
654
989
-41
-1064
-783
413
1172
414
-830
-688
355
558
101
198
421
5
-399
-248
276
716
290
-483
-102
779
476
-412
-406
120
248
123
-78
-224
23
127
-215
-173
154
-112
-531
-287
72
-25
-120
-101
-112
72
88
-308
-310
198
333
59
-49
10
25
95
62
-111
18
181
-33
-153
54
153
19
-79
-69
-47
-8
13
-20
72
150
-48
-185
-14
136
60
-48
29
161
192
123
16
25
147
118
-31
12
127
100
-8
-3
65
58
-2
-113
-153
-49
33
-19
-44
-42
-111
-178
-144
-48
-25
-65
-135
-152
-75
-12
-19
-61
-62
-28
-17
-21
-19
-35
-31
-17
-27
-35
-13
38
59
50
60
14
-69
-73
-38
7
49
43
21
59
123
104
38
35
55
53
139
191
157
167
154
120
133
121
12
-52
5
78
82
45
-13
-110
-121
-131
-172
-159
-152
-178
-168
-129
-117
-113
-95
-88
-91
-68
-42
34
124
116
65
62
93
70
35
28
11
51
84
27
-32
-84
-150
-170
-133
-112
-138
-117
-55
-58
-66
-30
-19
7
65
103
156
220
248
260
274
266
180
82
78
105
92
76
66
48
21
-44
-109
-138
-129
-93
-87
-91
-66
-36
-24
-12
-11
-40
-75
-70
-33
8
57
47
-35
-93
-62
-31
-98
-141
-141
-139
-113
-122
-162
-166
-123
-97
-121
-91
-24
-36
-20
36
26
17
35
44
76
149
189
168
178
191
120
74
123
167
171
161
104
88
96
9
-82
-77
-35
-52
-118
-151
-161
-157
-128
-137
-143
-131
-149
-143
-89
-20
19
27
36
43
58
93
110
115
92
72
53
-10
-63
-95
-75
-53
-83
-128
-169
-166
-143
-142
-130
-103
-107
-84
-10
31
39
41
53
68
77
95
103
122
145
132
111
119
90
44
38
31
23
-4
-40
-30
-4
33
29
-16
-38
-56
-40
14
24
13
19
-1
-24
-42
-27
2
13
7
-53
-75
-41
-29
-35
-33
-21
-36
-89
-124
-100
-56
-24
-45
-88
-104
-91
-64
-36
5
15
-13
-3
43
54
59
68
69
63
80
118
142
128
91
47
16
25
-5
-55
-48
-26
-32
-60
-69
-52
-76
-99
-96
-84
-47
-26
-14
15
35
29
-4
-18
14
16
20
55
54
39
15
1
-7
-14
1
4
12
23
15
1
8
9
14
41
62
52
22
19
40
42
32
22
-4
-26
-34
-31
-13
-5
-9
-26
-15
26
33
25
43
57
66
60
46
48
42
33
20
11
24
6
-22
-40
-65
-83
-90
-76
-68
-67
-57
-62
-71
-47
-8
19
34
21
20
55
90
87
42
15
12
8
9
-1
-14
-22
-38
-46
-40
-30
-29
-25
-13
12
33
57
84
88
85
83
89
104
116
109
101
90
83
60
25
18
-11
-42
-52
-66
-84
-94
-105
-128
-145
-132
-119
-121
-116
-119
-115
-83
-63
-64
-50
-18
-2
-2
16
50
80
100
107
99
103
114
111
107
102
91
75
60
54
38
17
2
-23
-49
-48
-28
-19
-22
-18
-18
-12
11
21
28
46
68
79
79
91
77
45
26
18
11
-14
-28
-44
-52
-60
-79
-96
-97
-98
-104
-90
-63
-35
-17
-5
2
13
19
26
52
78
92
103
101
93
88
84
66
44
25
11
21
38
26
0
-10
-13
-18
-22
-19
0
17
28
33
46
44
36
34
41
64
74
91
108
108
95
85
81
78
66
57
57
47
39
19
-5
-29
-56
-91
-111
-115
-120
-119
-125
-127
-135
-125
-106
-93
-68
-49
-15
23
52
68
83
101
111
118
121
113
117
124
111
101
78
60
47
35
45
38
29
29
25
25
22
31
32
25
34
45
58
61
45
41
46
52
49
30
32
25
12
2
-11
-28
-40
-34
-33
-40
-40
-41
-41
-36
-36
-51
-55
-43
-33
-24
-12
-8
-8
-2
4
15
34
47
59
70
77
95
104
99
86
68
66
75
70
55
34
9
-19
-39
-61
-66
-73
-84
-80
-80
-58
-35
-24
-18
-8
11
32
51
66
77
77
77
73
64
53
36
9
-20
-41
-56
-75
-91
-117
-137
-148
-164
-163
-162
-156
-147
-142
-128
-108
-83
-60
-45
-28
-10
14
40
61
76
71
67
67
64
59
45
29
19
10
3
-3
-17
-30
-46
-58
-62
-52
-38
-40
-25
-17
-16
-12
-12
-5
-4
6
21
34
50
52
44
31
12
-4
-8
-8
-7
-22
-38
-61
-83
-97
-112
-123
-131
-119
-101
-81
-52
-40
-34
-18
-8
11
33
55
69
85
97
97
100
87
66
54
42
26
25
17
-2
-20
-41
-53
-70
-79
-81
-80
-74
-75
-67
-58
-55
-44
-35
-22
-7
16
35
46
54
55
52
48
55
54
45
31
18
0
-15
-28
-51
-60
-69
-80
-86
-95
-97
-96
-95
-94
-93
-85
-78
-72
-56
-45
-35
-27
-10
6
18
32
46
49
51
60
53
39
30
23
16
8
-7
-19
-31
-42
-48
-51
-52
-46
-34
-15
3
18
28
38
58
66
79
87
93
90
86
94
82
72
52
26
12
4
-6
-19
-30
-42
-54
-67
-70
-69
-57
-51
-49
-30
-19
-1
8
24
35
38
52
56
64
71
74
73
62
52
39
27
16
2
-2
-3
-7
-10
-18
-20
-24
-27
-29
-29
-22
-27
-26
-19
-12
-4
-4
-3
-4
9
22
30
43
50
51
42
43
43
36
30
25
19
11
8
-2
-13
-27
-34
-42
-43
-39
-32
-24
-16
-8
-9
-4
2
9
16
24
30
43
47
46
42
40
32
26
27
26
27
20
16
14
15
9
8
5
-2
-1
1
10
20
21
26
33
36
41
44
49
60
57
53
58
51
46
46
35
23
19
23
15
11
10
7
0
-8
-11
-18
-14
-10
-9
-4
-3
1
-2
0
3
-1
7
14
24
27
28
27
26
31
26
24
16
10
11
8
7
-4
-17
-20
-29
-31
-27
-31
-26
-18
-12
-11
-13
-10
-7
-3
0
6
12
20
23
27
22
16
19
16
17
12
9
17
17
10
9
1
-5
-6
-7
-2
-6
-5
-5
-1
2
4
3
6
6
12
21
19
23
19
15
7
1
1
4
-1
-11
-12
-21
-17
-16
-14
-12
-14
-9
-12
-7
-8
-6
-2
2
7
12
11
12
16
3
10
6
4
4
1
3
-8
-7
-21
-19
-24
-27
-25
-26
-20
-21
-17
-23
-24
-25
-22
-20
-14
-14
-14
-4
-4
5
1
-3
-1
-7
-4
-3
-6
-7
-9
-16
-24
-30
-33
-38
-43
-46
-51
-53
-55
-58
-60
-58
-52
-48
-45
-41
-31
-32
-28
-23
-22
-20
-16
-12
-15
-15
-16
-15
-19
-20
-20
-25
-22
-22
-20
-22
-27
-24
-24
-16
-13
-12
-4
-4
0
6
9
2
-3
2
-3
-7
-5
-6
-13
-13
-18
-22
-24
-26
-30
-33
-32
-27
-24
-29
-27
-30
-30
-24
-25
-21
-13
-16
-14
-14
-12
-8
-8
-5
-8
-4
-9
-8
-9
-11
-7
-7
-5
-8
-4
-3
-2
-4
-5
-1
-5
0
1
2
9
9
7
9
5
10
12
14
17
13
18
16
17
18
11
14
7
10
9
0
1
-3
-8
-8
-13
-14
-11
-15
-16
-14
-11
-11
-9
-6
-8
-2
-5
-11
-7
-11
-11
-13
-15
-17
-19
-11
-12
-13
-13
-12
-9
-3
-4
-3
0
8
13
11
15
16
21
21
20
24
25
32
32
26
24
19
22
17
15
11
3
0
-7
-2
-5
-5
-5
-5
-6
-10
-3
-8
-4
-6
-4
-4
-11
-8
-12
-5
-13
-11
-10
-17
-13
-16
-7
-7
-3
1
-4
-1
-4
-1
-1
1
2
4
9
14
16
11
19
11
14
14
9
17
18
21
22
27
28
23
25
26
28
32
33
34
25
22
18
9
12
11
20
13
6
2
-2
5
4
5
7
11
11
9
6
8
7
8
7
2
2
-3
-3
3
1
-1
-2
-6
-1
-3
-4
-4
-5
1
-2
1
-1
6
8
2
11
13
17
19
18
19
22
19
15
8
7
14
12
13
5
6
5
2
-2
-4
-6
-11
-14
-14
-19
-19
-14
-21
-21
-22
-20
-22
-17
-16
-15
-10
-20
-16
-20
-11
-9
-15
-8
-12
-9
-8
-10
-8
-8
-5
-3
-4
-7
-3
-1
0
2
2
-1
0
4
6
7
8
15
9
8
9
9
7
3
7
9
11
8
6
3
5
2
8
5
1
5
-5
2
-5
-8
-6
-5
-6
-7
-4
-6
-3
-2
-3
-3
3
-3
0
4
4
14
10
6
10
2
-3
3
-1
1
3
2
-6
0
-7
-11
-4
-4
-1
-3
5
6
15
11
13
10
7
14
6
14
7
9
9
7
4
-1
-6
-11
-9
-16
-3
-6
-11
-5
-14
-18
-22
-18
-18
-11
-13
-17
-11
-13
-13
-17
-21
-18
-17
-13
-13
-15
-10
-8
-8
-13
-17
-17
-12
-14
-12
-12
-7
-4
-8
-3
-9
-11
-7
-9
-1
5
4
5
3
4
4
6
6
5
7
4
4
2
1
1
0
-1
1
5
0
3
6
5
1
-1
-3
0
5
5
6
5
4
9
-1
-1
2
3
9
7
8
10
6
4
4
1
6
8
8
4
4
9
8
8
3
9
5
12
11
10
11
7
10
3
8
2
7
11
4
8
8
6
3
2
-3
-6
-11
-3
-4
-3
-6
-9
-4
-10
-10
-4
-6
-7
-4
-6
-5
-3
0
-6
-9
-8
-10
-4
-7
-8
-12
-12
-10
-8
-11
-9
-7
-21
-11
-5
-5
-6
-11
-10
-13
-11
-19
-14
-8
-12
-10
-10
-11
-10
-11
-14
-11
-13
-12
-15
-12
-12
-14
-13
-18
-12
-11
-8
-7
-10
-10
-5
-5
-11
-4
-3
-3
-2
-3
-1
0
-2
-1
-7
-8
-4
-5
1
-3
-4
-7
-6
-5
-5
-2
-4
-5
-4
-2
0
0
-8
-4
0
3
9
11
20
19
19
20
17
21
21
15
17
13
17
17
16
16
11
10
7
8
8
7
7
9
9
11
11
10
12
9
13
12
16
17
15
15
7
8
5
10
7
6
7
3
6
3
3
-1
-6
-7
-11
-14
-12
-10
-16
-15
-14
-13
-9
-13
-7
-10
-6
-3
-9
-11
-12
-15
-16
-12
-16
-17
-10
-11
-12
-13
-14
-15
-16
-11
-14
-8
-9
-10
-4
-10
-9
-13
-10
-9
-8
-7
-4
-1
-5
-3
-3
-5
-8
-4
-1
2
8
3
-1
-2
-2
-1
-1
3
3
5
4
4
2
-3
4
4
3
5
7
6
10
12
8
10
8
14
13
14
14
11
16
14
9
8
7
10
9
8
4
4
7
6
4
0
4
7
4
4
4
5
4
2
-4
0
-1
-6
-4
-9
-10
-5
-4
-7
-10
-13
-13
-8
-14
-5
-9
-17
-15
-19
-17
-19
-15
-16
-16
-15
-17
-17
-22
-17
-17
-16
-14
-14
-13
-9
-11
-12
-12
-21
-17
-16
-12
-13
-12
-7
-10
-13
-16
-12
-14
-14
-12
-12
-13
-14
-12
-10
-11
-13
-12
-14
-15
-12
-11
-13
-14
-13
-16
-19
-16
-21
-22
-14
-22
-28
-21
-22
-28
-30
-32
-34
-29
-30
-29
-25
-28
-20
-20
-19
-15
-18
-16
-22
-17
-18
-16
-15
-16
-14
-14
-10
-8
-9
-9
-6
-9
-6
-7
0
3
1
6
0
-1
2
4
2
2
0
5
6
7
8
9
11
7
13
8
9
11
14
9
8
14
5
5
5
6
6
9
7
1
4
-1
2
-2
-2
4
0
6
4
1
3
10
6
7
12
8
9
10
11
6
3
7
6
6
6
2
4
3
3
-2
-5
2
-5
-5
-4
3
7
-2
2
5
6
1
3
0
-2
-4
-4
4
-2
-1
-1
4
3
1
1
-4
1
-3
-2
-4
-2
-1
-1
-2
-2
0
1
5
7
4
9
10
9
10
7
9
4
13
9
14
11
4
14
7
10
8
10
11
12
13
15
13
12
20
14
16
14
12
15
12
11
12
13
8
8
8
3
4
8
4
5
1
2
0
-4
-4
-2
5
-2
-2
-2
0
-9
-15
-10
-7
-8
-8
-5
-10
-1
-1
-6
-6
-9
-6
-4
-4
-7
-5
-6
-5
-6
-11
-8
-5
-10
-12
-14
-14
-13
-11
-13
-17
-18
-23
-24
-22
-20
-21
-19
-16
-12
-12
-13
-12
-14
-9
-10
-9
-7
-6
-7
-10
-10
-8
-9
-14
-8
-9
-3
2
-2
-1
-1
0
2
3
0
8
9
5
5
7
5
1
1
4
4
3
12
14
14
12
12
12
10
7
7
7
10
11
7
13
10
8
7
9
8
2
11
8
7
9
11
8
9
5
3
7
2
8
10
12
12
12
12
8
14
11
10
10
9
10
5
4
2
1
0
0
0
-6
-6
-9
-13
-13
-11
-13
-17
-16
-18
-21
-19
-18
-22
-19
-19
-26
-24
-24
-20
-19
-12
-16
-14
-7
-15
-12
-13
-18
-19
-17
-18
-18
-16
-16
-16
-18
-13
-12
-9
-9
-8
-10
-8
3
5
4
4
0
4
6
5
12
7
10
13
14
11
8
12
10
14
11
12
14
15
20
21
14
14
12
12
17
14
14
11
17
16
14
16
11
17
18
20
24
29
28
22
27
25
23
24
23
25
24
27
23
23
32
29
31
25
28
25
23
24
22
23
20
18
16
19
14
10
11
5
2
4
10
9
10
8
7
9
9
4
0
5
3
2
0
-2
-2
-1
-4
-9
-3
-10
-7
-5
-7
-6
-6
