-13
-13
-11
-17
-18
-18
-18
-13
-9
-12
-12
-13
-17
-14
-19
-19
-16
-15
-17
-18
-18
-12
-14
-14
-7
-6
-4
-4
0
-6
1
2
3
7
3
9
8
6
7
10
9
9
8
8
9
8
10
9
6
15
12
13
12
7
14
10
15
14
11
7
8
9
8
10
6
11
11
10
14
13
7
7
6
3
2
1
-3
-8
-5
0
-2
-5
-7
-6
-4
-12
-7
-3
-14
-11
-10
-10
-15
-11
-13
-17
-13
-14
-5
-9
-12
-2
-2
-2
-5
-3
0
-9
-13
-10
-10
-2
-1
-4
2
-4
-6
3
0
0
2
4
2
1
3
2
4
4
-1
7
11
1
3
6
4
3
2
2
-1
0
-2
2
0
-5
1
-1
-2
-4
-7
-6
-11
-8
-4
-8
-12
-16
-12
-14
-14
-13
-16
-21
-18
-14
-14
-14
-18
-14
-12
-11
-23
-18
-15
-22
-18
-20
-21
-24
-18
-21
-21
-19
-20
-22
-21
-20
-20
-23
-22
-19
-25
-22
-26
-22
-26
-18
-17
-25
-13
-21
-20
-19
-18
-14
-15
-8
-13
-12
-5
-11
-8
-8
-13
-14
-17
-9
-13
-9
-9
-17
-9
-12
-10
-12
-15
-4
-3
-3
-4
-1
-3
-2
0
-3
4
1
-2
2
6
7
10
5
8
11
7
11
7
4
5
5
12
9
7
11
12
8
6
9
5
4
5
2
6
12
12
13
11
11
12
11
13
11
19
20
22
27
18
21
24
22
26
26
26
21
19
23
18
20
19
14
13
10
15
9
2
0
-6
-4
-3
-13
-10
-11
-7
-3
-10
-8
-17
-12
-12
-12
-7
-19
-14
-18
-18
-12
-15
-11
-13
-11
-10
-15
-14
-10
-11
-11
-12
-15
-13
-11
-8
-11
-14
-8
-11
-10
-3
-6
-8
-15
-7
-5
-12
-6
-9
-11
-7
-10
-10
-6
-12
-6
1
-9
-8
-8
-7
-2
-4
-2
-4
-4
-2
-11
-5
-6
-7
-7
-5
4
2
1
1
-1
-1
-5
-3
3
0
-6
-7
-7
-11
-9
-9
-12
-13
-12
-14
-6
-5
-5
0
-9
2
-3
2
6
-1
3
-3
-1
0
1
3
5
4
2
0
1
3
2
-2
2
2
-1
3
1
0
-1
1
7
6
5
3
5
13
13
8
9
9
6
8
-1
1
8
11
9
5
11
11
12
7
2
8
8
7
12
19
18
18
20
16
23
27
20
23
19
24
26
26
29
25
26
22
20
19
18
18
15
17
10
9
18
9
9
14
3
7
12
5
7
2
2
6
-1
4
4
3
6
3
2
3
8
12
12
11
7
9
13
20
17
15
19
16
13
15
14
10
5
-2
6
5
-4
0
-1
-2
1
-5
-6
-5
-13
-8
-9
-8
-5
-7
0
0
-1
-3
-2
3
8
8
8
5
10
13
8
9
12
14
13
13
13
8
7
8
8
16
7
6
9
4
10
4
3
6
6
3
-3
1
-5
-3
6
5
8
3
2
5
3
3
8
10
11
15
11
14
9
9
12
9
10
6
9
7
10
12
14
17
13
10
10
6
8
3
2
6
-2
3
-3
-6
-4
-6
-4
-5
-4
-5
-6
-12
-10
-11
-16
-20
-20
-18
-18
-17
-14
-17
-21
-15
-12
-15
-16
-13
-13
-8
-4
-7
-12
-13
-11
-13
-11
-10
-11
-10
-9
-7
-8
-14
-14
-12
-13
-12
-10
-9
-11
-10
-13
-11
-16
-15
-11
-21
-13
-15
-14
-12
-15
-12
-14
-6
-1
-4
0
-1
2
8
8
5
-1
7
8
7
13
7
5
8
9
8
10
6
2
6
2
1
0
4
1
3
1
-3
-3
-9
-2
-2
-3
2
3
-3
-9
-7
-6
-13
-12
-9
-9
-8
-12
-6
-6
-8
-10
-12
-10
-8
-9
-7
-8
-13
-12
-14
-9
-13
-15
-14
-16
-13
-18
-14
-12
-12
-10
-14
-11
-14
-15
-17
-23
-24
-22
-21
-20
-15
-17
-15
-14
-14
-12
-16
-11
-12
-6
-4
-2
-4
-9
-3
-6
-4
-10
-14
-12
-17
-15
-19
-11
-7
-6
-6
-7
-4
-5
-5
-5
-9
-13
-12
-8
-6
-10
-7
-6
-9
-10
-10
-11
-6
-7
-5
-6
-6
1
-5
-3
-5
-2
-2
-10
-10
-8
-5
-9
-5
-7
-3
-1
0
1
1
4
3
5
5
2
2
8
10
8
10
14
10
9
8
8
4
7
14
13
13
7
10
6
12
11
6
8
-1
2
4
3
0
-1
1
1
1
6
-2
0
-1
-4
0
-1
-2
-10
-4
-5
-5
1
-3
-4
-4
5
3
-2
2
6
7
7
5
-3
-4
1
1
4
-2
-2
1
1
9
9
11
11
13
15
16
16
12
16
15
12
7
11
12
11
10
14
15
11
12
10
11
7
4
12
8
2
3
-2
0
2
1
1
0
-1
-8
-6
-2
-6
-4
-3
-4
-2
-4
-5
-4
-6
-3
-1
-5
-1
-7
-10
-11
-8
-5
-4
-6
-13
-6
-13
-11
-13
-14
-12
-17
-8
-11
-4
-9
-12
-6
-9
-8
-4
-4
-4
2
1
0
1
2
4
1
2
-2
1
4
1
0
1
2
1
-1
4
-1
-9
-9
-10
-9
-5
-5
-9
-9
-7
-6
-5
-6
-5
-4
-4
-2
-4
-4
-1
2
2
0
6
6
10
14
9
9
5
9
8
10
9
10
10
9
12
10
10
9
14
19
16
15
16
12
22
24
16
18
21
27
28
23
21
24
24
23
25
22
20
22
22
19
19
17
20
20
12
12
11
12
15
12
12
8
10
8
6
9
3
4
3
8
10
7
10
8
11
9
8
2
-1
3
5
9
4
5
5
-2
3
5
3
6
4
5
9
7
3
5
5
3
-3
0
1
4
4
-2
0
5
5
10
7
4
6
1
0
3
2
-5
-4
-6
-19
-18
-16
-20
-20
-22
-22
-14
-19
-18
-18
-22
-20
-18
-17
-20
-13
-17
-16
-15
-20
-22
-23
-18
-21
-21
-18
-15
-15
-13
-11
-10
-8
-8
-6
-3
-10
-11
-10
-12
-6
-8
-11
-9
-14
-11
-10
-10
-9
-10
-5
-6
-5
-5
-5
0
-1
0
0
0
-1
-4
-8
-9
1
0
2
7
5
8
4
-2
4
7
6
10
11
10
15
8
8
8
10
10
9
9
7
12
12
13
11
8
12
17
17
19
17
22
24
29
32
26
30
27
30
32
30
31
37
36
35
42
34
32
30
32
34
26
28
31
28
29
30
21
25
21
17
18
14
18
17
18
15
11
10
9
7
3
3
0
4
3
-1
2
-2
-3
-3
0
-2
-4
-12
-12
-5
-9
-9
-11
-6
-10
-13
-9
-14
-11
-13
-13
-11
-14
-20
-16
-9
-14
-14
-16
-20
-15
-16
-13
-9
-12
-12
-14
-13
-18
-15
-15
-13
-15
-17
-11
-14
-14
-12
-11
-10
-8
-13
-14
-11
-16
-15
-11
-7
-11
-8
-5
-5
-10
-16
-16
-19
-15
-14
-18
-17
-22
-15
-15
-15
-15
-21
-20
-22
-19
-15
-17
-19
-12
-13
-17
-20
-30
-24
-23
-25
-21
-21
-18
-19
-24
-16
-17
-18
-12
-13
-10
-4
-5
-8
-9
-3
-5
-10
-13
-10
-4
-8
1
-2
-6
0
-5
0
0
-1
3
2
1
-1
1
6
2
2
5
6
8
4
7
7
4
5
7
4
4
10
14
8
9
7
9
14
6
10
6
12
10
10
17
11
12
13
9
13
17
11
8
6
8
6
3
3
5
7
8
9
7
7
7
5
5
4
7
5
6
12
9
8
10
13
17
17
21
21
24
22
19
17
24
23
20
27
21
19
17
17
14
11
14
9
8
12
8
5
8
6
5
1
-5
-7
-11
-10
-13
-13
-9
-19
-18
-9
-16
-12
-7
-17
-8
-5
-8
-6
-9
-8
-3
-5
-6
-5
-8
-7
-11
-11
-11
-14
-13
-10
-10
-15
-9
-3
-8
-11
-13
-13
-13
-17
-12
-9
-10
-6
-6
-8
-11
-13
-8
-9
-6
-7
-7
0
5
8
9
3
7
11
8
9
7
6
8
11
9
10
12
7
13
13
8
9
9
10
9
8
8
9
8
7
5
1
1
6
3
6
7
-2
0
5
4
7
-1
-5
7
-1
-3
-2
-8
-6
-10
-4
-7
-10
-6
-8
-7
-13
-19
-16
-17
-22
-11
-17
-18
-11
-21
-8
-21
-28
-21
-25
-24
-25
-22
-22
-24
-19
-24
-26
-23
-34
-28
-32
-43
-30
-29
-24
-17
-23
-25
-27
-23
-21
-31
-27
-23
-16
-7
-6
-3
-12
-17
-7
-12
-12
-8
-3
3
-1
0
4
5
1
10
6
-3
2
-6
6
-2
-7
19
11
5
18
11
2
8
10
16
21
21
25
38
35
18
40
22
17
43
18
30
31
18
39
26
26
31
22
37
29
38
23
2
23
14
26
20
17
46
24
24
16
-5
18
-14
-22
39
41
3
-10
27
46
-14
-41
5
31
-18
-51
28
30
-37
-26
16
38
-41
-52
42
11
-59
-49
7
7
-38
-11
3
-1
-27
-49
23
-4
-53
14
23
11
-33
-44
-3
-47
-14
17
10
62
6
-14
5
-83
-178
-95
91
-35
3
230
21
45
6
-251
-47
-121
-237
116
230
48
104
221
-54
-170
-108
-265
-45
91
-39
275
265
5
41
-61
-174
-189
-121
26
85
197
178
77
103
-75
-169
-112
-119
-26
49
134
148
61
74
-41
-111
-56
-120
-35
51
54
106
72
37
-44
-63
-34
-113
-36
55
16
74
67
2
-2
-56
-80
-58
-28
-12
7
78
56
8
14
-36
-73
-48
-47
-42
14
35
34
25
10
-32
-76
-45
-55
-42
7
-5
37
46
-5
-15
-45
-45
-51
-25
5
-16
34
18
-11
-2
-51
-37
-21
-27
21
5
3
32
4
-9
-17
-28
-6
19
24
33
42
16
15
20
-9
-18
-7
27
48
44
41
23
16
14
-17
-21
6
9
30
73
47
22
30
3
2
-13
-32
18
35
44
63
40
26
6
-17
-7
-25
-18
47
49
53
62
17
8
-10
-20
-6
-11
14
46
56
29
16
15
-32
-9
9
-17
37
24
33
56
-18
1
1
-30
-10
-11
14
0
1
32
-13
-22
-20
-23
0
-21
-12
8
-9
4
-5
-12
-12
-34
-13
3
1
-12
-19
-2
2
-5
-13
3
10
-36
-40
27
-7
-39
3
11
4
-32
-12
29
-24
-55
-23
10
-19
-49
30
31
-37
-7
27
7
-39
-28
2
-11
-21
7
34
1
12
70
14
-47
-22
-28
-32
-7
34
56
21
9
75
34
-88
-31
-5
-40
2
45
90
59
3
15
3
-49
-61
20
37
-21
45
61
19
11
-48
-40
-29
-40
25
39
13
5
5
7
-35
-49
-44
-30
21
18
23
27
-22
-20
-15
-11
-15
-37
6
14
-8
15
10
6
-11
-28
-6
-16
9
29
-1
2
-15
12
40
5
13
16
-14
-21
26
33
-29
15
53
40
72
31
33
38
-49
-24
21
-7
-4
55
104
86
77
54
11
-17
-71
-43
8
16
62
77
85
94
45
15
-44
-108
-99
-86
19
124
116
63
40
31
-23
-39
-55
-112
-106
-29
76
159
111
52
18
-72
-83
-43
-64
-82
-11
37
69
121
116
52
-37
-99
-82
-46
-53
11
60
36
59
111
86
-14
-71
-86
-86
-46
20
42
46
66
88
75
5
-59
-73
-76
-58
9
37
35
61
70
53
-8
-45
-44
-68
-50
11
29
46
91
65
10
-11
-53
-62
-19
-37
-25
45
36
54
72
14
-36
-55
-58
-34
9
19
29
50
52
20
-12
-31
-52
-38
-11
23
37
39
59
58
26
-4
-21
-15
-3
15
33
35
57
49
39
23
-19
-8
18
-14
-6
31
3
34
53
5
5
-2
-14
19
30
-18
-21
-3
-3
22
15
-9
5
-2
-10
2
-35
-42
-16
-11
17
20
6
13
5
-20
-32
-44
-46
-28
9
23
11
12
-5
-14
-18
-38
-40
-15
-6
5
14
3
-16
-35
-10
-48
-61
-23
-45
-10
26
-11
-10
3
-28
-44
-73
-59
2
8
-6
31
33
-4
15
-38
-33
-64
-202
60
212
-64
83
157
-138
9
5
-178
-5
0
-80
135
172
13
65
-40
-91
-15
-139
-56
83
-28
55
118
0
102
-39
-132
43
-139
-180
89
31
-25
141
75
-14
17
-41
-136
-145
-98
-26
47
99
129
45
-2
-16
-89
-124
-129
-80
21
46
70
121
39
-42
-21
-62
-139
-83
4
-25
-9
82
66
5
44
-21
-113
-64
-64
-67
5
54
40
49
69
43
-25
-68
-74
-55
3
8
52
97
48
17
26
2
-57
-36
10
20
37
51
32
31
42
22
-1
10
2
-12
42
21
-16
44
39
24
60
17
-3
25
-1
-10
8
12
35
61
52
31
3
-9
1
-9
-1
23
13
41
48
7
17
-5
-45
-9
15
-22
-24
32
34
14
34
1
-17
-4
-21
-18
-14
-19
5
23
26
36
-4
-49
-20
-22
-62
-12
15
-1
47
36
1
9
-35
-31
-12
-47
-21
15
20
41
28
-2
15
-1
-19
6
3
-15
17
30
20
44
27
16
33
20
-6
-18
-5
1
7
15
19
24
39
37
17
6
-27
-32
2
17
3
9
30
37
27
28
22
-28
-28
-5
-22
-13
20
13
13
56
30
-14
4
8
-39
-27
-25
-21
26
34
35
18
21
9
-18
-27
-28
-40
-17
35
35
48
49
17
5
16
-35
-54
-14
0
11
27
39
31
19
9
-6
-41
-35
-33
-25
28
19
-14
3
22
-16
-14
-29
-57
-36
-19
-1
5
3
-2
2
-9
-24
-41
-52
-17
-3
-5
-4
-10
-6
-2
-35
-40
-17
-34
3
32
-10
-23
-2
-17
-32
-22
-26
-29
-7
12
4
7
-12
-8
8
-5
-14
-9
2
2
21
18
11
17
29
22
4
8
2
4
14
43
32
11
38
45
19
5
10
-4
11
23
26
14
12
37
33
20
1
-1
-12
-20
-9
-1
-18
-6
35
18
5
0
-14
-37
-25
-13
-29
-10
19
39
12
12
4
-19
-27
-19
-11
-21
-3
16
30
6
-8
-1
-4
-18
-10
-13
-25
-10
-2
0
-10
11
-9
1
17
-4
-20
-40
-12
-7
-11
-21
7
8
7
35
0
-13
-2
-13
-31
-13
-32
-21
26
35
31
23
10
-17
4
-24
-38
-29
0
35
30
57
15
5
3
-30
-50
-42
-30
-23
34
43
24
33
20
-3
-10
-33
-39
-47
-2
27
14
48
30
35
8
-8
-37
-51
-20
-23
29
12
23
38
28
23
-12
-4
-17
5
18
22
12
8
30
5
5
11
1
4
40
40
2
-10
-22
-24
-36
-19
-9
0
34
32
25
3
-3
-27
-23
-33
-29
-3
-10
37
30
28
-12
-12
-21
-33
-3
-35
8
17
47
51
28
10
-22
-9
-37
-25
-12
-5
27
31
21
-20
-25
-1
6
32
9
12
0
-19
-19
-70
-55
-38
20
62
95
98
35
12
-66
-136
-169
-152
-81
14
106
156
151
139
66
-32
-99
-198
-195
-156
-35
55
130
192
169
156
26
-98
-219
-235
-208
-142
-21
78
159
227
218
95
-12
-158
-195
-219
-130
-103
15
151
165
228
80
58
-92
-94
-148
-163
-58
-54
153
128
199
113
57
10
-89
-77
-180
-58
-13
112
195
176
161
46
6
-109
-154
-139
-114
40
115
207
192
140
112
-21
-40
-171
-146
-94
28
141
115
196
84
88
-12
-69
-149
-161
-55
-44
70
68
111
96
144
55
-4
-44
-47
-3
-23
23
-106
-24
-94
-30
-35
-36
77
23
212
58
75
-56
-122
-107
-255
-80
-193
91
160
219
298
82
133
-168
-84
-274
-273
-126
-153
163
86
285
144
161
73
-122
-73
-284
-138
-149
37
98
150
194
117
157
-41
-156
-262
-278
-211
-105
-6
98
196
249
161
78
-113
-209
-213
-217
-92
-67
128
112
234
138
34
-33
-199
-133
-278
-130
-181
-21
110
176
291
135
178
-31
-60
-152
-230
-169
-177
4
10
115
155
154
247
108
83
-89
-163
-246
-290
-182
-205
7
32
244
300
299
181
-19
-60
-290
-189
-282
-42
78
187
236
25
55
-221
-83
-199
-116
-34
-61
169
20
178
22
88
77
-47
35
-178
-30
-141
-61
17
-19
82
-44
64
-69
-53
-34
-66
82
97
167
99
51
-91
-160
-183
-179
-87
97
267
324
350
94
-52
-263
-327
-299
-202
61
148
294
197
100
18
-108
21
-5
65
71
5
80
-86
-4
-165
-91
-43
-110
94
-63
128
-2
69
-12
-69
110
45
276
140
147
-76
-220
-335
-430
-311
-230
3
39
195
184
258
172
111
8
-130
-101
-310
-159
-127
115
192
231
232
49
120
-140
-162
-280
-221
-172
-81
103
135
349
279
286
125
53
-39
-101
-11
-111
-5
-81
5
35
49
212
119
242
71
16
-153
-319
-258
-389
-89
35
315
429
453
453
235
156
-145
-234
-315
-364
-291
-218
-128
-86
-3
25
-47
-115
-149
-96
44
153
145
99
-40
-117
-367
-520
-467
-384
-83
-19
359
437
602
495
47
-188
-815
-882
-987
-607
-195
213
764
654
790
438
185
-90
-401
-435
-697
-346
-265
105
325
394
601
271
290
28
138
25
-22
51
-92
46
-15
205
282
381
359
343
276
153
122
107
143
91
104
-48
9
33
2
-46
-83
75
89
219
271
336
261
53
-130
-407
-530
-617
-462
-372
-228
-141
83
330
314
386
390
359
180
-66
-279
-590
-867
-947
-1080
-623
-483
82
327
303
440
-216
-83
-727
-426
-493
-482
102
-62
582
193
531
355
33
-42
-516
-175
-416
-135
-79
-38
111
21
299
230
368
219
157
-56
-130
63
271
760
877
1080
793
701
332
-48
-226
-576
-528
-572
-192
88
477
744
723
747
515
319
228
184
160
118
210
158
208
209
-69
-192
-463
-568
-804
-704
-534
-357
89
179
528
495
292
62
-420
-623
-1081
-890
-663
-497
105
223
778
594
466
-4
-775
-1056
-1814
-1556
-1504
-807
-98
395
1001
916
1049
383
-23
-358
-668
-727
-666
-160
97
389
526
639
595
354
12
-265
-296
-384
-119
144
456
738
792
953
784
811
576
294
333
119
368
449
793
958
773
806
426
522
336
276
273
110
216
92
410
531
667
655
377
181
-220
-539
-912
-1114
-1218
-1417
-1195
-858
-350
115
327
561
227
163
-330
-658
-943
-1371
-1246
-1450
-976
-776
-272
-27
-85
57
-235
-399
-611
-628
-731
-797
-865
-733
-715
-449
-398
-336
-167
-338
-220
-235
-184
73
179
402
406
337
566
21
389
-77
-29
93
-232
582
158
1044
715
988
1085
423
1030
450
938
800
1045
1450
1256
1867
1759
2028
2064
1666
1725
1162
1050
743
425
352
-78
120
-160
20
171
123
145
-182
-349
-866
-1185
-1558
-1714
-1671
-1516
-1132
-723
-270
-108
81
-94
-417
-769
-1157
-1361
-1648
-1603
-1412
-1096
-810
-646
-445
-312
-454
-469
-596
-817
-939
-1290
-1039
-1214
-764
-615
-691
-181
-536
-91
-753
-610
-744
-1290
-748
-1007
389
550
1280
1695
1360
1614
514
564
-432
-768
-923
-1184
-422
-91
859
1200
1612
1948
1777
1961
2010
2171
2272
2246
2566
2622
2825
2873
2808
2467
1793
1224
586
108
-317
-373
-454
-204
-68
155
202
236
232
-181
-488
-1062
-1302
-1513
-1391
-1225
-1043
-862
-860
-893
-959
-1115
-1396
-1620
-1862
-1863
-1832
-1488
-1165
-789
-515
-446
-392
-554
-497
-460
-555
-788
-803
-811
-939
-937
-839
-678
-878
-809
-1027
-1094
-1290
-1466
-1170
-1385
-1170
-1338
-846
-440
-101
549
649
1268
1465
1836
2010
1766
1416
502
-204
-867
-1405
-1277
-1113
-241
540
1366
2284
2843
3617
3543
3550
3152
2968
2933
2635
2661
2368
2320
2063
1798
1625
1122
822
342
66
-270
-688
-476
-371
91
101
190
97
-291
-584
-1110
-1171
-1535
-1489
-1452
-1266
-1151
-1143
-967
-1283
-1343
-1732
-1917
-1993
-2161
-1911
-2052
-1688
-1004
243
1635
1711
1557
657
-481
-1522
-2812
-3072
-3388
-3223
-2242
-1584
-156
-37
347
230
-1040
-1047
-2242
-1697
-2091
-2109
-1566
-2322
-947
-1049
641
1429
2098
3219
2268
2729
1492
1461
514
-457
-678
-1559
-911
-412
1717
3384
4184
3928
3055
2227
1310
336
-3
121
530
1484
2416
4265
4595
5167
4417
3581
2554
1185
1147
58
387
-170
76
92
-88
735
320
623
-249
-624
-1143
-1800
-1386
-1682
-898
-924
-647
-646
-1226
-1004
-1548
-1327
-2033
-2309
-2349
-2449
-2042
-2116
-1462
-1114
-956
-930
-1066
-1097
-1236
-1360
-1357
-1686
-1574
-1420
-1192
-849
-582
-11
-96
-521
-958
-1269
-1745
-2105
-2367
-2053
-2177
-1999
-1606
-1322
-278
-382
316
93
217
797
703
1778
1136
1622
1430
1138
1432
219
607
-437
-411
-169
69
1766
2057
3659
3977
4357
4666
3793
3664
2337
2039
1541
1115
1430
1315
1957
1934
2220
2527
2245
2019
1171
633
121
-273
-343
-546
-278
45
433
803
809
830
474
49
-447
-995
-1399
-1857
-1971
-2115
-2038
-1901
-1668
-1424
-1347
-1114
-1191
-1072
-1140
-1069
-1051
-1211
-1150
-1343
-1126
-1096
-1001
-1000
-1314
-1412
-1651
-1614
-1610
-1530
-1316
-1517
-1362
-1272
-996
-772
-1017
-1056
-1558
-1263
-1392
-1182
-1132
-1564
-1220
-1870
-1349
-1543
-789
-298
-694
61
-579
648
716
1390
1960
994
1184
-317
568
795
1529
2884
2715
3962
3222
3676
3151
2066
1269
-752
-858
-1355
-392
690
1314
2085
1731
2005
1896
1820
1679
853
512
219
640
1629
2380
3560
3714
3764
3269
2509
2142
1086
820
21
-69
-96
-129
376
-41
44
-536
-680
-867
-1102
-960
-1366
-1244
-1543
-1548
-1579
-1493
-1225
-1342
-1354
-1534
-1386
-1579
-1772
-2045
-2278
-2239
-2209
-1664
-1363
-840
-650
-622
-563
-987
-1182
-1868
-2236
-2295
-2144
-1711
-1502
-1222
-1148
-1198
-1525
-2527
-3666
-4377
-5142
-4885
-4369
-2704
-811
352
2090
2937
4445
4060
3668
2855
1173
1142
1168
3058
3479
3823
3842
3281
2744
1087
440
-1014
-2706
-4040
-4010
-3135
-1964
-769
263
957
1279
2053
2334
2765
2231
1836
1341
661
1019
1242
1939
1902
2096
2370
2172
2332
2090
2299
2134
1995
1837
1941
2555
3326
4124
4204
4141
3390
2601
1175
202
-706
-1698
-2280
-2964
-2514
-2105
-1143
-579
-214
-17
-254
-263
-644
-777
-902
-1178
-1464
-1616
-1398
-1016
-638
-310
-504
-662
-1233
-1739
-2250
-2791
-2966
-3356
-3384
-3673
-3376
-2973
-2906
-2640
-2812
-2714
-2948
-3106
-2924
-3088
-2788
-3510
-4061
-4546
-4877
-4217
-4057
-2535
-1283
775
2472
3506
5183
5394
6015
4933
3833
2471
1375
1830
1158
1387
774
1100
1289
657
1049
470
572
-743
-1305
-932
-1081
-295
-445
413
651
1033
2146
2337
3144
2772
2723
2199
1255
1030
117
-87
-888
-1046
-678
-239
1053
1863
3027
3887
5062
5953
5578
5234
4000
2926
1568
425
-18
-1000
-886
-1156
-20
773
1106
1854
1140
1438
504
725
340
56
488
-287
394
36
933
893
468
127
-1180
-1527
-2842
-3015
-3604
-3877
-3911
-4148
-3589
-3651
-2999
-2872
-2538
-2315
-2144
-2031
-2116
-1519
-1569
-1722
-2429
-3069
-3930
-4550
-4879
-5371
-5527
-6184
-6287
-6206
-5555
-4369
-3092
-1714
-548
1295
2749
4100
5581
6645
6846
6280
6251
5845
4849
3224
2136
1054
-462
-1517
-1769
-1153
-1293
-854
-365
113
93
136
738
646
954
1063
1645
1973
2376
3094
3366
3470
2985
2452
1443
180
-930
-2136
-3091
-3731
-3590
-2688
-1308
628
2615
4546
5755
6610
6959
6770
6404
5353
4247
2812
1810
875
326
96
-606
-557
-762
-470
-474
-410
-196
-347
90
-204
434
718
1174
1605
1596
1886
1282
1121
-37
-787
-1614
-2620
-3213
-4075
-3933
-4127
-3811
-3686
-3583
-3206
-3223
-2823
-2717
-2146
-1866
-1836
-1980
-2164
-2220
-2831
-3347
-4202
-4524
-5037
-5059
-5146
-5635
-5678
-6084
-5575
-5919
-5518
-4489
-3411
-1444
-167
2194
3474
5074
6903
7787
9483
9640
9958
7838
5362
3461
1007
-697
-3438
-3580
-4002
-3642
-2620
-998
707
376
1019
711
993
720
1043
1517
1178
1416
1570
2644
3116
4025
4525
3803
2486
745
-431
-1766
-2630
-2983
-2826
-1563
-19
1990
3640
5334
6727
6908
6834
6352
5960
5050
3920
3028
1796
629
-625
-1368
-1443
-1454
-802
-573
-484
-214
31
499
596
1331
1674
1882
2056
1916
1850
1348
876
-30
-1087
-2215
-3119
-3683
-4339
-4596
-4643
-4640
-4697
-4260
-3770
-3518
-3218
-3110
-2836
-2707
-2336
-2283
-2370
-2615
-2808
-2883
-3560
-4322
-4899
-4802
-4628
-4742
-4971
-5114
-5734
-6358
-7291
-7355
-6942
-5904
-4521
-3034
-490
801
3580
5441
7411
8999
10081
11512
10451
9609
6888
5295
2861
-465
-2174
-3832
-3515
-3401
-2119
-888
-655
-231
-540
145
483
832
1625
1588
2206
2804
4137
5584
6538
7524
7177
6198
4519
2609
671
-1836
-3779
-5153
-5544
-4330
-2132
802
3074
5466
7406
8293
8912
8478
7797
5951
4069
2397
1264
575
-673
-793
-1299
-1332
-1284
-1277
-1190
-1420
-974
-1430
-862
-390
305
1234
1636
2497
2524
2764
1846
1031
-186
-1771
-2694
-3957
-4707
-5539
-5760
-5979
-5749
-5013
-4488
-4142
-4068
-3801
-3304
-3084
-3265
-3306
-3306
-3166
-2815
-1856
-1140
-484
-500
-1558
-2773
-4350
-5642
-7056
-8342
-9234
-9145
-8738
-8453
-7396
-6167
-4582
-2485
-712
1071
2609
3191
3972
5330
8541
11590
12620
11387
10333
10403
8018
5148
1449
-1624
-4356
-6349
-5124
-2773
-771
-379
196
493
909
2784
4332
4221
3167
1846
1663
2080
3178
5346
6290
5979
4209
3364
2363
1123
-41
-2470
-4525
-6457
-6374
-4501
-1122
2858
5281
7246
8451
9586
9930
9055
7678
4805
1848
-1207
-2563
-2645
-2498
-1702
-2038
-2476
-2844
-1987
-1383
-1277
-792
-919
-582
-381
851
2674
3942
4601
4303
3715
2421
1483
420
-1246
-2831
-4717
-6124
-6935
-6649
-5652
-4774
-4207
-3750
-3339
-3001
-2562
-2162
-1842
-1469
-1003
-1040
-803
-467
-418
-845
-1325
-1577
-2407
-4016
-5660
-6100
-6211
-6651
-7405
-7844
-7987
-7596
-6672
-6514
-6049
-4985
-2989
-929
604
2534
3348
4126
4480
6732
10643
12688
12543
10522
9765
7784
4916
1000
-2560
-4622
-6425
-5876
-3262
222
1466
2237
2238
2368
2781
3365
3576
2230
1190
214
1242
2139
4170
6245
6377
5333
3365
2584
861
-1050
-3260
-5561
-7046
-7970
-6412
-3315
837
4564
6577
8152
9336
10633
10304
8303
5936
2465
-740
-3479
-4675
-4497
-4145
-3456
-3738
-3038
-2491
-1332
44
117
1056
1187
1868
2208
3980
5457
5693
5798
4111
3465
1918
591
-1048
-2401
-3587
-5160
-5774
-6758
-6063
-5307
-5060
-4904
-4760
-4204
-3792
-2925
-2050
-1020
-81
218
539
523
-181
-1561
-3187
-4455
-5250
-5114
-4822
-4693
-4496
-4577
-4952
-5701
-6100
-6343
-6535
-7120
-7240
-5355
-3859
-2217
-867
880
2166
2207
3322
5153
9456
11205
10978
9849
8644
8851
6237
3862
675
-1708
-4374
-6134
-3921
-1953
473
827
1254
1876
2060
3456
3439
2816
872
-254
-448
-441
1740
4274
5898
5666
4894
4710
3636
1808
-610
-3225
-5889
-8403
-9189
-8376
-5584
-1516
2378
5957
8641
11041
12524
12527
11302
8548
4791
336
-3167
-4843
-5241
-4557
-4642
-4514
-3901
-3014
-1582
-262
1672
2435
2739
2791
3681
5596
6536
7385
6920
5895
4276
2723
1442
-211
-1533
-3702
-5732
-7403
-7869
-7233
-6597
-6120
-6023
-5712
-5386
-4311
-2628
-694
873
1589
1802
2209
3086
3066
1799
-496
-2856
-4954
-6851
-8289
-8998
-8917
-8275
-6824
-5733
-4757
-3837
-3298
-3292
-3419
-3400
-3831
-3723
-4148
-3219
-1579
-830
-32
560
1502
2448
5232
7725
9463
10011
8766
7910
6059
3463
1161
-507
-2426
-3536
-2660
-531
1804
3341
3728
3633
2667
1184
583
-255
-1264
-2263
-2277
-1307
434
2917
5209
6709
6335
4846
2950
592
-1956
-4319
-6045
-7137
-7296
-6130
-3975
-970
2080
5058
8101
10558
11873
12356
11871
9409
6302
2765
-1038
-4159
-6135
-6537
-5354
-3219
-1588
681
2564
3658
5270
6265
6583
6259
5882
4723
4150
3814
2961
2526
1040
-130
-1401
-2521
-3841
-4804
-5462
-6678
-6916
-7334
-6854
-6184
-5182
-3882
-2764
-1140
21
1254
1754
2066
1786
920
-102
-1872
-3381
-4746
-5532
-6191
-7182
-7977
-8494
-7998
-7563
-7267
-6726
-6526
-5431
-4491
-2782
-1964
-2018
-2381
-3552
-3073
-4386
-4443
-4581
-4383
-4031
-2836
3168
9211
15106
15688
15866
15544
12409
8271
2660
-628
-5173
-7737
-8116
-4829
-207
2306
4551
4678
4188
3025
2295
1000
-1112
-3081
-4251
-3779
-1701
2117
6484
9550
10322
9824
7954
5159
1641
-2222
-6119
-9567
-11185
-11170
-8772
-4795
-310
3506
5944
8338
10482
12052
12301
12011
10952
8801
6271
3635
1985
386
-1405
-3465
-5135
-5936
-5555
-3748
-1421
1596
3908
5286
6246
7179
7824
7431
6096
3618
1254
-1030
-2822
-3996
-4619
-4886
-5472
-5998
-6605
-6137
-5633
-5461
-5539
-5700
-5362
-4926
-3572
-1973
-11
1561
2179
2109
1306
591
-925
-2939
-5055
-6961
-8113
-8931
-9036
-8806
-8155
-7547
-6798
-5953
-4751
-3341
-2642
-2148
-2369
-3082
-4599
-5343
-5735
-5166
-4420
-3692
-1113
1866
6938
12828
17736
18591
17635
15722
11738
7030
1198
-2661
-6050
-8548
-8893
-5425
-1198
1167
3132
3382
3087
1818
971
154
-912
-2122
-2616
-931
1759
5863
9862
12274
12234
10242
7202
3398
-574
-4887
-8929
-12081
-13688
-13012
-10170
-6017
-1635
1922
4517
6660
9248
12231
14683
15641
14335
11929
8762
5637
2629
-532
-3715
-7340
-9680
-10315
-8396
-5385
-2194
896
2947
5185
6815
8605
9417
8939
7010
3936
1310
-1257
-2394
-3427
-4537
-5688
-6626
-6697
-6469
-5949
-6016
-5944
-6174
-6356
-5737
-4584
-2999
-1442
-42
1083
2142
2912
3358
3084
1942
48
-2394
-4815
-6523
-7744
-8533
-8724
-8782
-8253
-7777
-7196
-5817
-4414
-4448
-4433
-4005
-4109
-3458
-2896
-2580
-2477
-2387
-1864
440
3730
7924
13753
16311
15063
13356
11713
8532
3728
-1041
-4551
-6793
-8566
-7601
-3561
-687
546
1389
1605
1509
1656
2210
1850
720
-276
237
2028
4286
7598
10009
10076
8193
5975
3910
934
-2576
-6291
-9191
-11072
-11523
-9729
-6359
-2318
761
3339
5389
7566
10158
12491
14933
16446
15883
13311
10425
6860
2984
-1378
-6665
-11491
-13936
-13741
-11156
-6350
-1821
2606
5720
7448
8906
10447
10797
8838
5999
1946
-1116
-3114
-4275
-4646
-5152
-5657
-6561
-6578
-6184
-5460
-5343
-6084
-6698
-7108
-6301
-4914
-2869
-762
905
2393
3573
4768
5082
4459
2446
-532
-3312
-6050
-8283
-9679
-9381
-8887
-9810
-10266
-9856
-8824
-7580
-6934
-5765
-4069
-2529
-2137
-965
589
560
1449
446
72
1077
3184
6950
10396
12542
10495
9954
8082
5952
3691
95
-1931
-4880
-5923
-5461
-1614
553
1475
2820
2713
3079
3015
4042
4162
3443
2004
1931
2791
3688
5854
7606
7382
5285
3299
1126
-858
-2895
-4971
-6942
-8853
-9181
-7739
-4766
-1632
1153
3379
4377
6244
9289
13068
15240
15571
14344
10829
7200
3024
-708
-4652
-8504
-11572
-12664
-10598
-7350
-2335
1702
4255
6108
7076
8038
8208
8073
5798
3015
97
-2503
-3237
-4003
-3889
-4616
-5420
-6713
-7372
-7089
-7100
-6357
-6730
-6665
-6452
-5053
-2946
-889
1283
2636
4055
4453
4320
3825
2951
1541
-785
-3086
-5619
-7489
-8564
-9639
-10327
-10870
-10800
-10264
-8518
-6930
-4915
-1950
42
1018
999
1006
796
1251
327
-419
-248
-71
2235
6418
10462
11397
11659
10458
8661
6014
2177
-54
-2426
-4686
-5986
-3831
-1003
1159
3515
4320
4662
3759
3414
3291
2441
1138
-20
393
879
2732
5256
6912
7162
5833
3999
1349
-1381
-4093
-6609
-8623
-9877
-9332
-7354
-4308
-639
2482
5045
7012
8599
9709
10480
10986
10433
8597
5481
2680
119
-2307
-4218
-6099
-7488
-7862
-6712
-4666
-1600
1446
3828
5666
6352
7061
7574
7365
5913
3746
1064
-1695
-3328
-4787
-5568
-6223
-6999
-7789
-8168
-7705
-6987
-5927
-5326
-4412
-3206
-1783
-95
1414
2652
3331
3694
3382
2863
2045
614
-952
-2625
-4345
-6215
-7771
-9044
-10234
-10704
-10506
-9562
-8741
-7539
-5297
-3035
-934
863
2755
2901
1795
1224
955
1090
1211
2243
3132
4405
6934
9346
10397
9178
7946
6227
3118
311
-891
-1069
-1985
-1948
-457
986
2026
2663
3095
2238
606
-374
-1024
-1335
-1341
-249
1217
2520
4518
6173
7183
6981
5690
3271
10
-2617
-5019
-6811
-7792
-7668
-6635
-5311
-2968
-538
1580
3328
5019
7229
8756
9564
10345
10707
9900
7925
5483
2135
-1212
-3942
-6736
-7763
-7943
-7006
-4985
-2487
307
2812
5662
6347
6918
6521
5428
4250
2194
788
-1096
-2003
-3623
-4221
-4643
-5466
-5626
-6528
-6721
-7294
-6798
-6334
-5350
-3721
-2513
-999
-217
1393
2856
4009
4417
3911
3233
1512
-222
-2128
-4011
-6036
-7732
-8217
-8072
-7280
-7157
-7419
-7456
-7626
-7430
-6635
-5576
-5096
-3904
-1955
686
3250
4427
5267
5728
6415
7111
8953
9974
9382
8299
6381
5319
3669
2436
712
-832
-1902
-2701
-1626
-825
283
230
-279
-692
-1143
-603
-407
319
686
951
2062
3339
5235
6623
7473
7011
5163
3275
709
-1539
-3803
-5802
-7374
-8602
-8178
-6845
-4679
-2399
-330
1909
3475
5449
7697
9697
11144
11533
11329
9353
7081
4175
795
-2410
-5911
-8121
-9502
-9022
-7339
-4328
-1043
1691
4636
6320
7650
8128
7993
6839
4975
3116
993
-481
-2158
-3514
-5036
-6656
-7967
-9162
-9615
-9701
-8978
-8075
-6717
-4759
-2518
77
2144
3903
4938
5320
5136
4562
3652
1996
225
-1822
-3677
-4951
-6173
-7608
-8580
-8845
-9096
-9343
-9492
-9356
-8113
-6185
-4331
-1573
1023
2303
2893
4264
5512
5427
4429
2791
2525
2640
3585
5759
7305
6660
5078
4932
4185
2861
1458
407
-849
-2520
-2537
-602
1464
2027
2005
1793
1015
388
557
678
126
-722
-820
-133
1211
3487
5562
6483
6001
4713
3052
1193
-636
-2762
-4868
-6715
-7820
-7372
-5771
-3383
-1051
1017
2858
4625
6233
7607
9804
11714
11682
9769
7566
4970
2347
-159
-3030
-5598
-7587
-8133
-7055
-3893
-896
1945
4214
4764
5526
6324
7030
6382
5213
2839
243
-1420
-3160
-3801
-4824
-6167
-7867
-9155
-9693
-9303
-7934
-7150
-6197
-5278
-4053
-2020
349
2553
4025
4668
4406
4036
3662
2738
1318
-1023
-3472
-5183
-6297
-6795
-6968
-7399
-8510
-9679
-10508
-10353
-8683
-6680
-4300
-2300
-1548
-681
519
2164
2759
2964
3072
3972
6118
8523
12345
13127
11088
7487
4473
2195
-734
-2468
-4395
-4876
-5714
-4225
-472
2363
4092
3511
2725
835
-241
-629
-823
-936
-1734
-842
1054
3882
6948
9239
10029
8477
5815
2792
-104
-2698
-5534
-7962
-9787
-10390
-9021
-6171
-2394
584
3006
4640
5821
7458
9034
10894
11840
11801
10919
9805
8091
5418
2496
-1422
-5569
-9040
-10839
-10547
-8061
-4757
-1439
1943
4651
7031
8754
9657
9050
7657
5427
2778
756
-1166
-2633
-4407
-6021
-7648
-8793
-9252
-9416
-9024
-8702
-7876
-6716
-4871
-2613
-211
1858
3174
4037
4344
4538
4386
3619
2253
669
-1342
-3409
-4834
-6487
-8098
-9002
-10083
-10446
-9671
-8873
-7859
-6393
-5437
-4618
-2487
-1633
-1437
71
884
1980
3034
3801
5043
7488
10428
11667
11974
9119
6287
3928
197
-2420
-4561
-5008
-5641
-4362
-1375
1667
3897
3581
3265
1563
-58
-683
-1350
-1777
-2475
-2202
-516
2115
5335
7716
9400
8853
6808
4726
1731
-882
-4138
-7000
-9210
-9926
-8824
-6811
-3219
-334
1701
3372
4670
6245
8081
10132
11239
11378
11357
10466
9218
6931
3638
-301
-4972
-8436
-10444
-10051
-8193
-5448
-1741
1250
4444
6878
8836
9564
8945
7681
4840
2791
521
-925
-2206
-3577
-4723
-6284
-6699
-7617
-7784
-8135
-8330
-8273
-7968
-6397
-4371
-1460
799
2490
3714
4355
4620
4332
3548
2329
938
-358
-1511
-2207
-3034
-4487
-6284
-8054
-9632
-10785
-10295
-9116
-8198
-6980
-5616
-4482
-2352
-956
-585
731
1949
1758
1514
2823
4072
6014
6477
6647
7867
7113
5578
4632
3835
522
-1897
-2771
-3047
-1992
-1057
1044
1951
1793
1580
1651
1489
461
82
-861
-1304
-1200
-176
2041
3606
4903
5774
6159
5865
4969
3478
1216
-1189
-4161
-6720
-7656
-7681
-6698
-4823
-2778
-899
1567
4970
8055
10802
12661
13297
12598
10601
8377
5709
2525
-1306
-4458
-6852
-8310
-7965
-6554
-4261
-2204
-147
1553
3558
5487
6551
7005
6211
5119
3384
2019
733
-466
-1573
-3202
-4589
-6069
-6805
-7388
-7733
-8080
-8364
-7894
-7189
-5554
-3525
-1585
-120
1113
2348
3251
3934
3880
3373
2602
1476
190
-1101
-2257
-3312
-4183
-5032
-6615
-8009
-8593
-8381
-8154
-8128
-7083
-5373
-3440
-2433
-745
640
1228
1386
790
843
1487
2965
3277
4664
6442
7809
8036
6936
6454
5268
3405
540
-632
-1685
-2338
-1713
-706
320
735
1461
1365
1070
543
273
-238
-1019
-1127
-319
1025
2565
4154
5630
6633
6615
5928
4408
2493
-123
-2992
-5844
-7570
-7787
-7183
-5673
-3576
-1151
1187
3803
6672
9389
11600
13128
13226
11894
9818
7196
3646
-345
-4026
-7318
-9157
-9519
-8461
-5912
-3099
-848
1201
3327
4803
5783
6279
5695
4682
3279
1919
1043
361
-444
-1700
-3280
-4895
-6166
-7103
-7960
-8579
-8916
-8718
-7610
-5920
-3524
-1387
276
1497
2263
3145
3647
3845
3309
2684
1635
-91
-1429
-2631
-3511
-4884
-6726
-8036
-7991
-7897
-8793
-8566
-7877
-6924
-4980
-2844
-1146
997
2299
2281
2840
2124
366
-453
-112
283
2317
4709
7044
9692
9614
8341
7193
5751
2249
-529
-2386
-3662
-3690
-3118
-879
912
2109
2430
2960
2863
2156
1284
-99
-1015
-1879
-1383
15
1995
4117
5819
6459
6192
5493
3532
1099
-1461
-4491
-6858
-7746
-7480
-6128
-3821
-1506
505
3069
5374
7389
9380
10770
11405
11125
10002
8156
6219
3522
-96
-3422
-6267
-8209
-8484
-7548
-5874
-3704
-1205
1047
3429
5815
6921
7331
6503
4838
2907
1219
-451
-2418
-3782
-5307
-6113
-6594
-6603
-6310
-6190
-6140
-6251
-5674
-4972
-3594
-2239
-975
386
1829
3231
3979
4223
3745
2834
1455
140
-1389
-3197
-4949
-6507
-7408
-7324
-7389
-7578
-6664
-5826
-5783
-5564
-4880
-5102
-5191
-4709
-3343
-1100
427
1996
3825
5078
4876
4888
5367
5388
5782
5439
4866
4591
4164
3652
2825
2267
1073
74
-392
-735
-698
-1232
-1108
-1261
-1285
-763
161
1478
1935
2644
3170
3803
4154
4420
4903
4503
3680
2603
1446
340
-748
-2061
-3644
-4713
-5027
-5107
-4451
-3608
-2393
-803
915
3020
4983
7066
8875
10742
11857
11933
11064
8659
5590
1920
-2087
-5896
-8902
-10368
-10209
-8204
-5200
-1502
2328
4978
6790
7381
7346
6479
4973
2995
623
-1070
-2694
-3470
-4067
-4563
-5232
-6113
-6661
-7126
-6645
-6061
-5317
-4454
-3312
-1865
-407
1157
2322
3058
3276
2910
2250
1771
1248
497
-878
-2555
-4219
-5296
-6227
-7111
-7146
-7752
-8755
-8588
-7288
-6171
-4634
-3372
-3132
-2610
-1294
-119
1180
2054
1675
2670
3715
4281
4980
6851
8002
7145
5631
3670
3917
3427
1725
-76
-1055
-1407
-1888
-710
463
1289
789
-118
-357
-433
176
756
1188
1238
1339
2453
3937
5205
5918
6004
4955
2783
1089
-408
-1827
-3412
-5283
-6539
-6645
-5560
-4155
-2157
-151
1218
2638
4466
7223
10069
11920
12220
11288
9817
7331
4565
1046
-2685
-5814
-8538
-9673
-9163
-6510
-3890
-1295
1164
3109
5484
6693
7602
6999
5936
3993
1890
700
-848
-1626
-3219
-4455
-5818
-6536
-6809
-7083
-6584
-6560
-5900
-5158
-3918
-2251
-248
1299
1756
2157
2381
2494
2149
1468
814
136
-702
-1574
-2042
-2851
-4332
-5979
-7852
-9619
-10594
-10715
-10597
-9461
-7118
-5122
-3178
-1482
-608
127
427
638
1105
2559
3113
4680
8453
11216
12429
10611
8606
6166
3876
523
-2468
-3392
-4981
-4735
-3418
-306
1736
2605
2513
1328
463
-529
-757
-1522
-2096
-1877
-423
1987
4902
7663
9997
10175
8788
6570
3964
968
-2785
-6116
-9384
-10412
-10339
-8747
-5595
-2048
1029
3253
5802
7751
10179
12142
11863
10372
8987
7340
5144
2973
860
-1601
-3992
-6411
-7324
-6195
-5302
-4034
-2357
-543
1221
3411
5318
6158
7027
6424
5135
3742
2392
1161
-635
-2457
-4497
-5524
-6279
-6732
-6894
-7053
-6891
-6872
-6061
-4846
-3070
-1306
-36
725
1360
2069
2148
2372
2555
2237
1785
1202
582
-236
-1781
-4256
-6689
-8529
-10448
-11499
-11357
-10802
-9499
-8117
-6675
-5172
-3525
-1224
282
1893
1943
2710
4088
5004
7251
8537
11083
10234
9203
7321
5175
3884
-205
-2166
-5311
-4960
-4540
-2709
484
1414
2891
1398
1479
830
648
250
-1221
-1217
-1511
238
2708
5060
7519
8345
8457
7140
5354
3642
453
-2364
-6174
-8445
-9663
-9553
-7328
-5163
-1912
218
2724
5082
7377
9932
10895
11034
9492
8067
7119
5716
4215
1462
-1022
-3746
-5917
-6775
-6829
-5730
-4960
-3133
-1089
1527
4196
6291
7645
7472
6911
5696
4457
2827
1131
-864
-2953
-4704
-6096
-6807
-7207
-7515
-7921
-8087
-7900
-7174
-5889
-4294
-2587
-895
586
2201
3448
4017
3928
3417
2733
1723
873
-136
-1203
-2316
-3545
-5303
-7905
-10184
-11910
-12540
-11979
-11412
-11112
-8862
-4329
-232
2265
3489
4323
4201
3928
3294
4493
6401
7705
9356
9352
9332
7900
7168
3680
-886
-4045
-6458
-5838
-5654
-2646
-687
924
1728
2193
3976
3640
3680
1495
-357
-1630
-1700
236
1954
4466
6069
6821
7007
6669
6369
4493
1742
-1797
-5523
-7250
-8252
-7635
-6439
-4293
-1950
-190
2591
5162
8085
9555
9779
9305
8056
7148
6235
5838
4554
2244
-152
-3147
-4824
-5365
-5415
-5434
-5250
-3868
-2042
1186
3734
6077
7674
7394
6509
5199
4483
2904
1269
-1252
-3646
-4945
-5985
-6331
-7015
-7397
-8202
-8810
-9027
-8481
-6876
-5398
-3760
-2179
-51
2090
3782
5054
5190
4415
2985
1612
260
-901
-1980
-4053
-6662
-8769
-9603
-9565
-9579
-9822
-9445
-8435
-7781
-7632
-7253
-6560
-4940
-2413
-806
1233
4414
8541
12913
16878
18634
16582
13241
9297
6304
2706
-2235
-6153
-8458
-8634
-7038
-2443
1941
3855
3782
2184
1054
-118
-816
-1734
-3086
-4011
-3736
-850
3186
7510
10709
11832
11158
8899
6794
4408
1364
-2445
-6463
-9212
-10349
-9180
-6887
-4254
-1909
-170
1734
3436
5100
6579
7975
8601
7943
7261
6908
7013
6788
5531
3322
143
-3016
-5482
-6447
-6598
-6387
-5207
-3687
-1462
1226
4239
6635
7652
7287
5877
4790
3690
2716
1734
363
-1416
-3283
-4792
-6181
-7358
-8554
-9965
-11096
-11375
-10309
-8000
-5428
-2829
-263
1975
3422
4619
5391
5146
4266
2726
1109
-397
-1489
-2714
-4219
-6339
-8350
-9022
-9713
-9903
-9407
-8551
-8236
-8007
-7342
-7221
-6244
-4983
-2620
192
2336
5681
10549
16875
20418
20407
17952
14138
10358
4619
-558
-5189
-8450
-10190
-10210
-6130
-1625
2274
3558
3256
2187
232
-275
-1645
-2648
-3900
-4305
-2467
496
5352
9457
12411
12597
10577
8348
5050
1918
-2041
-6032
-9307
-11351
-10975
-9421
-5972
-2650
-174
2196
3992
6147
7782
9191
9298
8704
8202
6902
6036
5136
4262
2721
57
-2744
-4965
-5944
-6491
-6090
-4535
-3008
-1058
1077
3364
5240
6132
6175
5188
4532
3844
3317
2846
2056
1053
-579
-2357
-4628
-6803
-8869
-10915
-12419
-13030
-12351
-10430
-7756
-4712
-1534
1303
3204
4242
4959
4977
4424
3345
1947
554
-978
-2421
-3443
-4388
-5821
-7548
-8617
-9495
-10101
-10077
-9768
-8868
-8230
-7172
-5651
-3598
-2305
-1267
1112
3734
6988
11261
17009
20674
20293
17022
13464
9944
4286
-2079
-6977
-9344
-10622
-9729
-5982
-1344
1763
2746
2965
2656
1944
807
-545
-2020
-3426
-3565
-1583
1879
6033
9529
11724
11762
10297
8131
5186
1785
-2593
-6818
-10082
-11307
-10730
-8831
-5753
-2846
-210
2196
4444
6906
9006
10128
9904
9090
8285
7422
6971
5317
3541
1041
-2299
-5138
-7066
-7327
-7580
-6324
-5054
-2697
463
3162
6045
7273
7979
6626
5338
3962
2819
2159
824
247
-1253
-2184
-3607
-5047
-6668
-9018
-11001
-12913
-13217
-12548
-10352
-7524
-4587
-1183
1912
4762
6392
6778
5874
3861
1487
-721
-2040
-2777
-3400
-4410
-5221
-5866
-7449
-8990
-9853
-10894
-12096
-12392
-11669
-9334
-6586
-4237
-1346
2371
5518
8697
13693
17850
20196
18841
15984
13195
9591
4772
-366
-3093
-6267
-7577
-7075
-4654
-1884
-1068
-377
-707
-482
-1125
-868
-641
-1513
-1468
-814
1758
4425
7217
9670
10655
10123
8163
6568
4498
1707
-1481
-4992
-7152
-8306
-8268
-7254
-5791
-4221
-3207
-1404
1232
4722
7418
8668
9307
9372
9629
9472
9029
7595
5245
2241
-801
-3028
-4753
-5752
-6805
-7097
-6358
-4327
-1491
1141
3441
4895
5621
5371
5285
5221
4626
3665
2217
907
48
-665
-1742
-3324
-5561
-8258
-10497
-11990
-12720
-12215
-11074
-9443
-7282
-4454
-1307
1702
4041
5024
5307
4726
3429
1603
259
-837
-2248
-3490
-5215
-6543
-7438
-8313
-9685
-10080
-9867
-10771
-10449
-9362
-7489
-5085
-2966
-1010
1680
5654
9869
15766
20096
20618
19264
16070
11604
6604
1578
-2919
-6099
-7741
-7946
-5545
-2369
-600
591
358
-162
-1321
-2218
-2496
-3108
-3202
-2940
-541
2535
6265
9423
10991
11542
10194
8274
5768
2801
-605
-3842
-6513
-8461
-8670
-7608
-6115
-4119
-2375
-485
1672
3877
6425
8698
9838
9505
9103
8122
6811
5750
4159
1928
-477
-2387
-3515
-3689
-3537
-3356
-2965
-2381
-1502
67
1674
3159
4303
4735
4662
4491
4787
4582
3918
2767
1139
-425
-1958
-3457
-5620
-7657
-9659
-11459
-12219
-12312
-11446
-10028
-8064
-5831
-3385
-1130
684
2654
3859
4163
4196
3644
2370
916
-500
-2250
-4344
-6506
-8422
-9806
-10843
-11026
-10073
-8984
-8588
-7327
-5577
-3722
-1677
488
3094
5062
7309
9074
12256
15287
15604
13852
10511
7897
4672
1298
-1843
-4037
-4670
-5497
-4483
-2021
-219
947
551
637
-131
-376
-242
-965
-493
-903
948
2499
4341
6164
6758
7483
5751
4694
3011
1460
-305
-2770
-3968
-5214
-5086
-4781
-4147
-2350
-1286
416
1898
3614
6182
8733
10294
9332
8606
7167
5128
3300
922
-982
-3032
-4578
-4651
-3258
-1369
-377
631
942
1126
2295
2874
3524
3370
3015
2152
1749
2393
2693
2885
1750
395
-1313
-2419
-3293
-4832
-6452
-8682
-10681
-12048
-11980
-10812
-8785
-6870
-5726
-3740
-1407
1002
2996
3937
3724
2832
2072
1360
1332
500
-1312
-3411
-5859
-8031
-9650
-10230
-10938
-11486
-11272
-10360
-8602
-5714
-2278
331
2972
4958
6673
8032
9804
12240
13834
12832
9469
8594
7136
5344
3069
1050
-711
-3146
-3030
-2524
50
143
-461
-1232
-2503
-2063
-1957
-435
-663
-618
-340
704
3002
4849
6754
6969
6097
4675
3054
2506
1591
93
-1557
-3343
-4149
-4607
-3389
-2453
-1516
-717
-554
713
2420
5337
7406
8628
8599
7746
7042
5525
4262
2329
-207
-2987
-4692
-4490
-3376
-1270
221
1367
2187
2925
3593
4242
4538
3539
2328
884
315
413
1110
1150
488
-626
-1888
-2706
-3856
-4882
-6603
-8147
-9794
-10729
-10502
-9257
-7707
-6526
-5073
-3713
-1649
267
1641
2334
2515
2030
1267
396
-1039
-2185
-3487
-4574
-5723
-6733
-7912
-9086
-9634
-10326
-10763
-10874
-9134
-6400
-3314
18
3413
6667
8858
10526
12321
14228
13779
11454
8528
6503
4496
2502
503
-1032
-1244
-1460
128
1921
3401
2695
1045
-735
-2600
-2973
-3199
-2587
-2622
-2248
-736
1849
4806
6860
8163
7967
6460
4713
3064
1854
314
-1735
-3389
-4462
-4138
-3279
-1728
-641
-44
528
817
2109
3532
4808
5566
5992
6158
6038
5937
4925
3760
2156
-490
-2536
-3598
-3524
-2576
-1065
398
1876
3479
4228
4819
4691
3712
2627
1283
71
-299
94
461
614
438
-327
-1182
-2354
-4168
-6099
-8193
-10035
-11315
-11503
-10618
-9110
-7504
-6126
-4504
-2852
-1332
-334
321
784
1023
1084
882
764
367
-248
-1165
-2453
-4348
-7095
-8958
-10164
-11135
-11876
-11740
-10131
-7912
-4242
-544
2669
4483
5642
7344
8456
10010
11581
12722
11454
8877
7195
6290
5154
3121
1423
15
-1022
-945
596
1829
1848
384
-1191
-2186
-2545
-2272
-2010
-1859
-2348
-1746
-41
2444
5006
6767
7404
6815
5625
4462
3796
2742
717
-1672
-3630
-5054
-5273
-4555
-3262
-2298
-1644
-545
1518
4152
6216
7793
8093
7723
6895
6480
5563
3838
1704
-1034
-2865
-4326
-3961
-2936
-1154
473
1830
3892
4751
5713
5074
4280
2630
1014
173
-624
-44
-335
-22
-424
-430
-797
-1840
-2966
-5262
-7069
-9186
-10091
-10664
-10497
-9714
-8536
-6733
-5221
-2973
-1219
132
857
893
767
469
279
-396
-673
-1235
-2553
-3567
-5251
-6252
-7618
-9592
-11069
-11208
-10442
-10462
-7616
-4877
-1794
854
2580
5198
6669
9699
11446
14335
13854
11686
10675
7883
6601
3234
1968
-510
-1610
-1398
-688
2421
2404
3107
1503
430
-763
-1927
-1870
-3253
-3730
-4658
-3318
-712
2002
5117
6761
7708
7454
6544
5963
4527
2941
43
-2342
-4169
-5509
-4638
-3919
-2602
-2315
-1701
-776
576
2790
4133
6319
7174
7269
7384
7074
6413
4454
2605
-55
-2241
-3297
-3786
-2241
-905
879
2133
3071
3841
4019
4822
4020
3316
1902
637
-126
-498
180
40
203
-413
-943
-1445
-2386
-3697
-5735
-7549
-9714
-11019
-11186
-10441
-9057
-7504
-5608
-3672
-1520
171
1294
1799
1530
852
-46
-849
-1785
-1935
-2348
-4146
-5938
-7371
-8772
-10032
-9743
-9522
-9085
-8094
-7218
-4480
-1339
888
1684
2565
3061
4515
7401
9377
12120
13420
12051
9705
8924
8180
5894
2848
-538
-2047
-2458
-1689
728
2728
2578
1352
509
-38
-377
-781
-1934
-3391
-4802
-4561
-2004
1123
4139
6272
7539
7695
7496
6976
6202
4609
1332
-2031
-4455
-5662
-5806
-4912
-3992
-3191
-2091
-509
1559
3688
5485
6840
7319
6489
5962
5951
5342
4128
2877
1422
-577
-2016
-2538
-1727
-636
-205
547
1192
1985
2524
3318
3532
3198
2597
1362
1132
1086
1552
1308
763
-227
-1626
-2842
-4505
-5743
-7595
-9081
-10650
-11395
-10877
-9364
-7199
-5667
-3935
-2310
-355
959
1829
2172
1526
595
-443
-720
-1251
-1854
-2765
-4456
-6161
-7423
-8028
-8729
-8759
-8606
-8215
-6650
-5248
-3327
-1065
514
1507
2381
3438
4330
6525
7648
8263
9771
9932
9517
8156
7406
5921
4105
1661
-473
-125
-442
288
984
1725
1515
586
230
-660
-1107
-2486
-3478
-4256
-4428
-2958
-815
1924
4306
6090
7390
7865
7777
6880
5516
3088
-153
-2827
-5045
-5792
-5796
-5285
-4568
-3608
-2265
-786
2037
5374
8053
8835
8694
8381
7510
6638
4959
2958
461
-1413
-2367
-2076
-900
-627
87
-502
-639
-198
1028
1920
1883
2436
1669
2270
2314
3055
3135
2184
986
-1050
-1974
-3844
-4863
-6842
-8632
-10079
-11265
-10979
-10286
-8513
-7199
-5590
-3953
-1839
698
2496
3636
3579
2860
1912
876
-421
-1998
-3281
-4955
-6616
-7015
-7053
-7637
-8756
-9553
-9918
-9375
-8266
-7247
-4840
-2500
-234
1955
4006
5782
7182
9250
10609
12870
13194
12098
10676
8946
7286
4064
1821
-584
-1320
-1767
-1035
645
848
831
-268
-756
-1535
-1976
-2504
-3329
-3852
-3952
-2296
387
3183
5982
7937
8933
9090
8482
7499
5530
3026
-610
-3678
-5716
-6750
-6609
-6259
-5177
-4141
-2600
-565
2423
5691
7554
8511
8044
7183
6537
5919
5179
3738
2340
523
-216
-551
-680
-606
-1479
-2073
-2509
-1563
-471
969
1753
1781
2132
2138
2907
3105
3256
2543
1156
-380
-1822
-2802
-4392
-5895
-8014
-9977
-11311
-11917
-11322
-9935
-7973
-5968
-3649
-1324
983
3044
3757
3365
2223
853
-525
-1490
-2086
-3036
-4018
-5101
-5966
-7031
-7727
-8572
-9587
-10050
-10116
-9313
-8235
-6109
-3646
-581
1500
3242
5947
8524
11342
13954
16165
15271
12794
9917
7694
5428
1914
-946
-2522
-2700
-2389
-244
2194
3244
2574
1136
-157
-1141
-1971
-2798
-3527
-4394
-4243
-2511
719
3948
6890
8661
9222
8714
7671
6575
4645
1850
-1585
-4447
-6272
-6732
-6345
-5357
-4027
-2848
-1853
-534
1684
4463
6821
7630
7543
7536
7118
6867
6247
5277
3286
894
-1100
-2530
-1818
-1780
-1396
-2124
-2234
-1462
-229
1887
2346
3710
2979
3113
3181
3742
4396
3254
2292
-555
-1910
-3752
-5027
-6813
-9258
-10841
-12687
-12638
-12098
-10105
-8002
-6080
-4038
-2165
427
2128
3390
3615
3265
2552
1206
34
-1280
-2467
-4236
-6170
-8266
-9719
-10064
-10259
-9947
-9321
-9145
-9295
-9070
-8247
-6318
-3343
-662
1546
5465
10830
17328
21867
22550
20995
17863
13436
7131
2291
-1841
-5357
-7669
-8142
-5083
-1607
1705
3316
3477
2334
143
-1201
-3020
-4021
-4840
-4932
-3326
-833
3600
7744
10961
12083
11497
10025
7183
4651
1219
-2151
-5063
-7518
-8385
-7716
-5346
-3195
-1386
-29
731
2300
3532
4784
5783
6029
5757
5269
5724
5891
6279
5466
3212
1020
-985
-2040
-2750
-2782
-2841
-2522
-1777
-824
1179
3169
4221
4036
3448
3127
3135
3422
3283
2671
1670
79
-1757
-3502
-5216
-7403
-9891
-12069
-13394
-13450
-12329
-10403
-7920
-5364
-2903
-550
1528
3129
3746
3732
2887
1657
330
-836
-2009
-3056
-4053
-5760
-6874
-8092
-9390
-10714
-11244
-11454
-11329
-10291
-9684
-7384
-4229
30
4093
6677
8884
11590
16140
18569
18786
16886
13538
10377
5922
2527
-368
-2238
-3686
-5013
-3597
-1844
564
1191
738
17
-1876
-2047
-2834
-2310
-2026
-1765
-385
920
4178
6398
8720
9170
8075
7081
4718
3023
449
-1535
-3623
-5706
-6316
-6651
-5031
-3207
-1279
141
868
3017
4705
6402
7149
7583
7813
6873
6375
4992
4249
2474
56
-1668
-3244
-3509
-3557
-2263
-1344
12
1294
1758
2667
2962
3539
3279
3101
2908
3006
3174
2736
2646
1771
589
-1470
-3951
-6406
-8726
-10584
-12196
-12924
-13136
-12258
-10592
-8499
-5797
-3223
-819
993
2122
2612
2687
2334
1105
244
-743
-1821
-2834
-4097
-5023
-6593
-8528
-10741
-11997
-12658
-12655
-11268
-10491
-8621
-5029
-881
2840
5595
8886
12624
17005
18956
17931
16531
13238
10451
6315
2515
-114
-1936
-2536
-3506
-964
62
1081
577
-795
-1173
-2601
-2236
-3114
-2730
-3073
-2132
174
2199
5590
7597
8965
8583
7385
6337
4729
2833
91
-2295
-4001
-5490
-5236
-4835
-3371
-1954
-1114
-340
435
2917
4542
6095
6543
6588
6385
5422
4994
4144
3498
1498
-725
-2027
-2342
-1479
-1047
-399
-217
210
752
1324
2500
3125
3659
3043
2749
2836
3454
4013
3631
3005
1626
409
-1212
-2714
-4591
-6714
-8983
-11253
-12679
-13042
-12191
-10747
-8972
-7075
-5020
-3156
-1279
576
2237
3085
3068
2457
1569
765
-344
-1666
-3656
-5972
-8068
-9701
-10588
-11111
-11048
-11193
-10977
-9812
-7366
-3733
-351
2632
4283
5586
6716
8297
10522
12297
13303
12489
10673
8962
7796
6384
3541
444
-2066
-3322
-2777
-1505
681
1426
1257
525
289
830
791
999
-442
-1494
-2387
-1648
345
2337
4158
4561
4824
4431
4491
4424
3630
1907
-824
-3365
-4752
-4991
-4004
-2485
-766
464
2070
4234
5723
7629
8317
7438
5150
3101
1422
134
-148
-1067
-1384
-1583
-1614
-600
908
2197
2443
2519
1826
1488
2163
2484
2989
2823
2627
2122
2068
2506
2570
2315
987
-285
-1932
-3209
-4322
-5730
-7117
-8886
-10324
-11143
-11065
-10290
-8875
-7106
-5774
-3952
-1834
137
2233
3461
3759
3204
2517
892
-1223
-2905
-5158
-6948
-8507
-9282
-9915
-9725
-8791
-8712
-7629
-6806
-4958
-3040
-895
841
2055
3750
3447
4540
5263
6613
7539
8489
9456
9515
9844
7838
6743
4522
2434
526
-278
-195
-179
867
1346
2210
1958
1854
1370
546
-738
-1909
-2800
-3149
-2804
-2012
-209
1488
3088
4239
5401
5443
5272
4395
2645
826
-1001
-2412
-3388
-3437
-3370
-2657
-1338
234
1916
3756
5349
6390
6705
6097
4989
3712
2586
1247
173
-629
-1120
-661
200
1337
1969
2554
2651
2229
2249
1911
2003
1675
1593
1313
1370
1979
1957
2148
1394
650
-604
-1829
-3010
-4438
-5685
-7458
-8754
-10011
-10445
-9980
-8994
-7551
-6156
-4381
-2562
-626
753
1348
1405
929
676
10
-738
-1512
-2781
-4465
-6243
-7481
-9081
-9743
-9747
-9698
-8018
-5502
-3054
-1927
-516
987
2113
3610
3481
4032
4424
4574
5454
6440
7456
6595
7189
6975
6241
6245
4902
4759
2969
2061
1157
1205
1969
974
1897
650
477
-607
-1526
-1393
-2657
-2332
-3405
-2438
-1909
-699
1247
2162
4085
4224
5107
5138
4356
3445
1580
189
-1971
-3080
-3790
-4289
-3200
-2385
-557
941
2532
4294
5649
7305
6817
6269
4942
3429
2483
1170
790
-14
298
473
902
2064
2049
2630
2012
1620
980
639
903
526
1383
1146
1785
2093
2316
2307
1318
369
-1834
-3290
-5279
-6846
-8442
-9822
-10249
-10218
-9056
-7951
-6308
-4666
-2945
-1576
-708
29
130
312
24
-502
-833
-1385
-2221
-2940
-3577
-4787
-5966
-7406
-9321
-10511
-10888
-10637
-8810
-6604
-3629
137
3175
4951
6114
6896
5679
4878
3255
2048
1954
2808
5177
7134
8628
8564
9427
8914
7640
5912
3377
975
-1573
-2547
-2828
-1692
-1143
-424
-131
-212
31
-182
-386
-1187
-1715
-2341
-1520
147
2094
4255
5856
6685
6465
5855
4473
2644
318
-2387
-4591
-5954
-6123
-4897
-2671
-478
1291
3454
5033
6183
7032
7101
6404
5065
4282
3325
3231
2929
2575
2499
1688
1150
387
413
-488
-991
-966
-1140
-457
190
1781
2650
3643
3812
3291
2826
1415
218
-1793
-3384
-5002
-6158
-6837
-7717
-7844
-8053
-7589
-7328
-6848
-5899
-4862
-3399
-2395
-1303
-483
287
823
1052
1248
341
-1288
-3405
-5509
-7262
-8307
-8365
-8018
-7492
-7242
-6676
-5798
-4962
-4611
-4422
-3450
-1847
595
3023
5013
5542
5290
4853
4326
4693
5042
5692
6391
7231
7347
7081
6925
6247
5091
3279
1736
1011
757
146
-109
-714
-1356
-2122
-2423
-2327
-2490
-2217
-2438
-1745
-1163
246
2163
3748
5415
5837
6072
5363
4520
3226
1306
-444
-2794
-4330
-5293
-5288
-4217
-2886
-1083
325
2456
4551
6364
7857
8164
7906
6655
5657
4583
3753
2947
1667
801
-86
-515
-893
-987
-1111
-1476
-1408
-1179
-340
849
2111
3048
3537
3922
3698
3282
2278
578
-1440
-3643
-5613
-7153
-7957
-8563
-8882
-8997
-8833
-7886
-6618
-5256
-3716
-2207
-848
303
1065
1281
1268
767
45
-537
-1680
-2600
-3509
-4585
-5577
-6214
-6631
-7272
-7449
-7633
-7115
-6607
-6452
-5236
-3979
-2096
460
3077
4640
5074
5643
5226
4710
3074
1896
2307
2648
4144
5814
7425
7685
7609
7321
5827
4276
1951
288
-1165
-2623
-2709
-2343
-1630
-1291
-939
-297
-45
694
662
1042
1185
1204
2264
3045
4510
4931
5173
4622
3376
2093
-31
-1456
-3542
-5063
-5770
-5617
-4134
-2334
526
3141
5598
7358
8080
8852
8289
7471
6003
4592
3392
2160
1990
1559
1664
771
10
-852
-1849
-2023
-2277
-1710
-1317
131
1433
3087
4550
5168
5455
4285
2864
689
-1087
-3136
-4958
-6573
-8158
-8583
-8825
-8278
-7727
-6978
-6195
-5332
-4003
-2640
-921
282
1081
1462
1258
1066
429
-700
-2320
-3912
-5068
-5601
-5544
-5749
-5650
-5669
-5801
-5859
-5940
-6272
-6164
-5228
-4413
-2858
-944
1185
3207
4829
5394
4971
4021
2618
1657
952
219
412
1714
3400
5359
6536
7640
7360
6674
4993
2782
827
-1679
-2610
-4133
-3619
-3145
-1982
-443
297
1946
2042
3054
2583
2606
2338
1619
1980
1696
2412
2138
2070
1725
830
163
-1257
-2036
-2973
-3704
-3630
-3074
-1210
630
3630
6353
7918
9283
9544
9611
8329
6781
4334
1944
483
-928
-1069
-1349
-1296
-1318
-1302
-1052
-659
275
487
869
1341
1896
2756
3259
3457
2888
1943
384
-1400
-2960
-4425
-5678
-6908
-7466
-7450
-6913
-5993
-4949
-4047
-3372
-2758
-2218
-1420
-645
8
587
999
1221
1128
688
-540
-2290
-3875
-5081
-5732
-6044
-6249
-6680
-6843
-6363
-5543
-3724
-1842
-980
-536
-355
134
622
842
-177
-1214
-1081
-725
1253
2832
3753
3804
3353
2836
2371
3194
2966
2834
1990
1496
2204
3190
4498
4514
3725
1852
406
-568
-1590
-1921
-2338
-2526
-2139
-824
1541
3394
4545
4618
4012
2966
1642
998
-118
-1048
-2213
-3092
-3227
-2679
-1470
-576
316
527
691
1241
1925
2849
3749
4752
5452
5954
6715
7313
7558
6545
4912
2591
131
-1780
-3124
-3398
-3508
-2577
-1395
429
2009
3421
4407
4034
3460
2195
1417
365
-230
-952
-1749
-2363
-3307
-3684
-4319
-4510
-4875
-5116
-5085
-4687
-3912
-3198
-2130
-1333
-577
-20
332
654
678
328
-255
-780
-1397
-1914
-2452
-3525
-4607
-5271
-5437
-5218
-4844
-4269
-3729
-3178
-2509
-1487
-707
-799
-1435
-2198
-2783
-2848
-2280
-1508
-1259
-1042
270
1633
3006
3818
4176
3671
2834
2682
2457
3060
2629
2725
2937
3035
3329
3061
3098
1802
997
-354
-1335
-1675
-2114
-1530
-1054
63
948
1951
2832
2923
3082
2572
2011
1100
39
-352
-894
-883
-973
-764
-655
-630
-74
84
724
1185
1999
2877
3788
5057
6160
6868
6023
4989
3727
2056
546
-834
-1796
-2526
-2142
-1455
9
1566
2470
3316
3416
3364
2831
2608
1486
222
-855
-1914
-2155
-2430
-2363
-2742
-2788
-3263
-3596
-3577
-3474
-3221
-3287
-3029
-2734
-1927
-1126
-311
153
70
-438
-1145
-1555
-1761
-1636
-1545
-1669
-1977
-2348
-2678
-3156
-3588
-3913
-3920
-3699
-3273
-2500
-1696
-798
-932
-1526
-2281
-2608
-2532
-2302
-2014
-2815
-2941
-3034
-2148
-878
250
1600
2289
3268
3371
4198
4105
3280
2754
1496
1063
407
662
743
1138
1732
1444
1658
977
1072
1027
582
209
-427
-170
-112
879
1912
2637
3070
2457
2213
1713
1608
1384
569
-129
-1127
-1415
-1444
-826
-1
428
1137
1281
1838
2508
3456
4644
5003
4924
4187
4048
3842
3541
3257
2007
714
-496
-654
-166
670
1353
1319
1521
1663
2129
2553
2282
1419
-16
-1271
-2048
-2095
-1803
-1939
-2104
-2558
-2733
-2505
-2013
-1526
-1747
-2064
-2586
-2602
-2088
-1301
-829
-891
-1014
-1429
-1461
-1202
-959
-1097
-1507
-2058
-2351
-2053
-1808
-1758
-2072
-2879
-3544
-3648
-3534
-3312
-2794
-2550
-2823
-2439
-2095
-2201
-2514
-2941
-3563
-4083
-3274
-2408
-1316
-170
939
2178
2874
3127
3063
3365
2927
1940
1342
420
-316
164
870
1575
2291
3129
3310
3085
2892
1782
1027
-472
-1324
-1424
-952
71
675
1705
1814
2033
1892
1751
1733
1025
415
-439
-809
-715
-494
121
580
947
1058
1326
1841
2057
3421
4922
5691
5481
5036
4765
3980
3209
1814
387
-791
-1427
-994
200
1397
2000
2174
1906
1410
1512
1650
1132
212
-943
-1852
-2224
-1745
-1211
-922
-1171
-1828
-2267
-2240
-1829
-1663
-1880
-2421
-2698
-2631
-2129
-1500
-1103
-1116
-1425
-1724
-1835
-1594
-1410
-1269
-1487
-1643
-1317
-614
-179
-68
-90
-716
-1401
-2222
-2790
-3272
-3636
-3993
-4158
-4095
-4503
-4205
-3683
-3094
-2357
-1781
-1718
-1836
-1533
-1596
-1732
-2038
-2563
-2138
-1262
-654
430
1582
2728
3744
5167
5655
5408
5223
4045
3500
2216
1219
530
438
957
1215
2680
2948
3226
2539
1374
630
-743
-1220
-2187
-2326
-2444
-1909
-405
709
2434
2961
3466
3501
3099
2848
2082
1693
682
474
774
1789
3872
5166
5672
4982
4206
3171
1956
941
-428
-1079
-1315
-719
710
2174
3108
2872
2410
1412
536
150
-423
-858
-1498
-1589
-1494
-906
-259
-280
-442
-1249
-1846
-2319
-2307
-2183
-2282
-2128
-2165
-1870
-1573
-1251
-1180
-1587
-2032
-2590
-2486
-2005
-1473
-917
-604
-326
-203
286
365
188
-51
-528
-995
-1693
-2261
-3215
-3935
-4927
-5510
-5251
-4756
-3975
-3585
-3140
-3184
-2975
-3165
-4002
-4418
-4753
-4356
-3745
-2874
-1648
-84
2039
3904
6211
7913
8219
7923
6739
5618
3821
1970
347
-876
-895
-707
722
1708
2144
2059
1259
761
-416
-1034
-1822
-2389
-2647
-2556
-936
819
2902
4426
5453
5986
5538
4926
3712
2465
929
-680
-1627
-2149
-1523
-148
1721
3290
3893
4226
4046
3934
3478
2693
1854
811
504
642
1552
2275
2358
1945
733
-202
-962
-982
-920
-915
-774
-788
-195
278
854
903
391
-556
-1701
-2027
-2055
-1603
-1389
-1380
-1471
-1573
-1526
-1763
-2056
-2782
-3561
-4123
-4084
-3325
-2174
-1017
-323
113
317
632
1075
1291
1152
352
-825
-1973
-2837
-3453
-4185
-4660
-5369
-5433
-4961
-4561
-3892
-3852
-3713
-4190
-3920
-3666
-3436
-2599
-2285
-968
-452
498
1322
2268
2886
2848
4194
4800
5094
4385
4007
3979
3264
2393
1340
756
-112
-671
-303
293
567
497
294
266
-210
-400
-331
-328
-438
-515
367
1293
2459
3421
4188
4681
4301
3804
3003
2096
888
-432
-1336
-1982
-1481
-93
1587
2883
3528
4338
4574
4544
4065
3316
2399
1251
902
779
1188
1091
873
540
-186
-541
-793
-484
-726
-678
-689
-523
-81
221
674
481
251
-390
-593
-742
-818
-972
-1497
-1875
-2390
-2612
-2967
-3059
-3240
-3468
-3625
-3693
-3431
-3114
-2401
-1600
-664
387
1402
2268
2917
3193
2689
1630
-32
-2030
-3810
-5161
-6056
-6039
-5699
-5622
-5093
-4760
-4794
-4821
-4990
-5869
-6575
-6273
-5336
-3109
-1074
373
2694
5446
8071
9790
10499
9533
8128
6587
3987
2396
731
-556
-1423
-1383
-611
242
1214
560
-113
-1567
-2856
-3432
-3664
-3436
-2922
-1553
26
2256
4532
6351
7503
7512
6762
5641
3981
2311
506
-1081
-2538
-3399
-3646
-3392
-2158
-817
771
1673
2265
2934
3480
4027
4112
4142
3790
3328
3204
2971
3134
2288
1126
-404
-1862
-2440
-2860
-2175
-2052
-1212
-846
-60
985
1611
2321
1707
1320
246
42
-216
-242
-261
-832
-1317
-2334
-2756
-3585
-4343
-5349
-6348
-6813
-6757
-5712
-4260
-2364
-832
304
1495
2224
2828
2870
2582
1933
1147
281
-839
-1534
-2536
-3603
-4875
-5744
-6311
-6679
-6932
-7164
-7060
-7300
-6888
-5825
-3857
-2113
-74
2779
5220
7499
8529
10082
10574
9744
7700
5190
3982
1546
456
-885
-1137
-1158
-1265
-56
24
929
-278
-796
-1786
-2822
-2471
-2491
-1034
-532
1182
2582
4016
5670
6094
6821
5793
4732
3384
1812
770
-734
-1370
-2538
-3072
-3219
-3082
-1753
-809
1241
2640
3267
3578
4026
4916
4588
4343
3338
2359
1846
1104
1119
613
-409
-2053
-3286
-3443
-3311
-1914
-933
-7
742
1320
2228
2583
3186
2779
2094
1096
393
413
215
109
-836
-1889
-3209
-4553
-5576
-6503
-7269
-8096
-8249
-7779
-6563
-4623
-2535
-809
587
1622
2264
2707
2832
2514
1490
207
-1188
-2001
-2614
-3497
-4261
-4938
-5284
-5832
-6147
-6372
-6413
-6231
-5752
-4422
-2620
114
2953
5277
7029
8211
9108
9498
9528
8060
6094
4097
2078
709
-552
-1109
-1762
-1636
-1563
-742
460
599
686
-298
-830
-1621
-1472
-1017
-415
728
1189
2453
3185
4069
4535
4412
4010
2883
2073
1006
282
-140
-770
-1039
-1581
-1533
-1186
-560
489
1243
2476
2911
2970
3129
3471
3744
3442
3078
2353
1647
1386
841
622
-20
-1305
-1967
-2525
-2092
-1607
-202
486
880
1523
1381
2167
2077
2204
1382
594
-110
-680
-568
-1252
-1358
-2308
-3144
-4020
-4878
-5489
-6156
-6421
-6980
-6802
-6408
-5401
-3907
-2529
-1170
-372
426
813
1210
1140
1010
702
-777
-2312
-3517
-3522
-3531
-3968
-4912
-5717
-5883
-5813
-5111
-4326
-3317
-1977
-96
2250
5076
7272
8766
9250
9094
8202
6829
5453
3563
2054
-71
-1219
-1715
-1634
-1218
-944
-225
-361
-236
-325
-253
-158
-250
225
396
1110
1913
2458
3164
3229
3152
2401
1893
1319
607
443
-198
-90
-192
36
392
704
1088
1120
1888
1801
1833
2454
3005
3153
2572
2574
1854
1525
1334
989
1205
556
483
-178
-18
-566
-799
-498
-1126
-488
-478
786
1054
1912
2108
1817
1980
996
1089
29
-117
-974
-1517
-2049
-2651
-2610
-3380
-3505
-4312
-4740
-5354
-5722
-5853
-5915
-5525
-5333
-4741
-4133
-3398
-2644
-1929
-953
-305
26
-152
-412
-545
-1071
-1483
-2619
-3372
-3983
-4152
-3937
-3903
-3104
-2731
-1600
-561
1537
3682
4624
5623
5882
6601
6256
5815
4822
3687
3128
2091
1855
1205
703
67
-631
-938
-1271
-1002
-887
-788
-294
286
1392
2155
2898
3266
3193
3237
2634
2306
1439
761
-144
-1057
-1469
-1665
-1373
-1464
-1152
-776
-152
455
1296
2450
3542
3995
4048
4223
4433
4421
3557
2526
1117
-44
-1077
-1467
-1371
-1279
-948
-850
-415
29
665
1079
854
557
303
464
787
1306
1850
1981
1978
1637
1406
1142
693
-45
-1176
-2125
-2857
-3096
-3058
-2927
-3019
-3301
-3699
-4156
-4280
-4179
-4119
-4271
-4423
-4454
-4112
-3566
-3102
-2579
-2147
-1956
-1894
-1796
-1722
-2054
-2471
-2969
-3296
-3310
-3462
-3079
-2696
-2347
-2168
-1443
-149
624
2137
3404
4752
5667
5986
6298
5342
4372
2632
1896
1234
96
248
-272
109
-628
-443
-139
-465
-137
-1112
-100
-111
1153
2120
2879
4066
3675
4452
3352
3395
2465
1564
657
-837
-1205
-2352
-2200
-2550
-2299
-2211
-2153
-1616
-1051
316
1643
3277
4839
6181
6498
6729
6622
5961
4535
2405
552
-1758
-2503
-3271
-2686
-2158
-2162
-1207
-1433
66
57
1454
1381
1022
1268
520
2164
1908
3405
2602
2430
1712
765
1018
-265
-222
-2114
-2698
-3789
-3622
-3288
-3186
-2839
-3465
-3458
-3688
-2923
-2650
-2189
-2314
-2485
-2656
-2801
-2588
-2605
-2553
-2933
-3131
-3256
-3038
-2566
-2350
-2393
-2694
-2958
-3059
-2984
-2701
-2284
-1776
-1173
-627
177
1556
2856
4171
4584
4909
4565
3990
3239
1856
1244
133
25
-613
-441
148
383
932
397
603
37
142
460
865
1845
2031
2770
2963
3361
3764
3463
3246
2148
1424
417
-547
-1063
-1834
-1982
-2529
-2450
-2305
-1986
-1105
-530
416
1102
1969
2781
3405
4731
5779
6521
5911
4941
3966
2359
1166
-793
-1903
-3588
-4100
-4054
-3422
-1823
-1242
149
-132
875
1205
2194
2989
2905
3511
2688
3243
2651
2992
2332
1366
177
-1578
-2151
-3065
-2982
-3599
-3710
-4052
-3983
-3717
-3333
-2852
-2955
-2893
-3156
-2820
-2443
-1527
-954
-696
-707
-1086
-1368
-1912
-2216
-2619
-3032
-3368
-3381
-3158
-2899
-2543
-2123
-1953
-1870
-1519
-1221
-838
-486
-129
-17
236
878
1620
2255
2547
2724
2754
2429
1516
838
-51
-355
-626
-466
43
425
1302
1265
2061
2011
2300
2181
1915
2136
1763
2289
1911
2273
1921
1718
1481
847
578
-105
-316
-1140
-1437
-1503
-1469
-1223
-913
-319
112
539
1129
1737
2413
2817
3170
3606
3831
4193
3840
3328
2584
1566
823
-506
-1087
-2040
-2565
-2757
-2952
-1891
-1727
-395
82
1101
2143
2600
3601
3072
3535
2748
2571
2142
1569
1325
358
-76
-1099
-1533
-2323
-3005
-3494
-3909
-3903
-3563
-2967
-2396
-1934
-1650
-1567
-1438
-1501
-1595
-1551
-1673
-1532
-1455
-1112
-1120
-1243
-1586
-2067
-2297
-2615
-2549
-2438
-2180
-1838
-1363
-808
-91
480
752
911
567
518
-220
-115
-439
-667
-500
-1076
-128
-1021
-232
-618
-350
-100
-696
518
-506
1014
554
1807
2173
2251
3141
2619
3838
2563
2919
1618
1342
1073
408
728
-227
-173
-1205
-684
-120
117
-23
-1089
-1161
-953
-25
1218
1741
1286
501
833
2045
3202
3604
2775
1637
1228
1039
1964
2586
1947
974
-704
-1077
-1382
-452
-332
-1014
-833
-1810
-725
-7
1287
2196
2280
2711
1667
2403
2180
2363
2220
868
266
-927
-944
-1456
-1176
-1380
-2080
-2280
-2799
-2618
-2424
-1827
-1737
-1692
-1870
-1938
-1777
-1405
-1264
-1213
-1414
-1791
-1637
-1527
-1059
-1062
-909
-1301
-1507
-1301
-1129
-768
-856
-1020
-1426
-1485
-1237
-951
-728
-591
-398
90
485
866
924
567
-131
-947
-1465
-1833
-1864
-1812
-1553
-1261
-842
-415
238
720
919
1057
1110
1445
1586
1959
2074
1884
1621
1076
915
467
263
216
87
345
124
420
430
528
598
283
468
201
751
936
1517
2007
2200
2713
2449
2843
2494
2500
1965
1411
1183
494
506
-215
-245
-470
-274
108
368
1042
1004
1361
1240
1370
1211
1116
1290
1175
1667
1638
2042
1938
1702
1389
552
239
-533
-570
-830
-1044
-1186
-1568
-1505
-1874
-1864
-2002
-1949
-1856
-1702
-1230
-842
-439
-461
-673
-1117
-1533
-1812
-2029
-2102
-2082
-1883
-1489
-1058
-631
-438
-396
-538
-713
-652
-524
-323
-289
-285
-317
-370
-394
-433
-568
-790
-942
-977
-827
-549
-280
-205
-386
-733
-1202
-1502
-1938
-2219
-2034
-1805
-1044
-567
375
945
1129
1426
845
1073
309
35
-317
-802
-303
-731
-11
-387
-245
-35
-412
244
-221
229
100
178
586
799
1835
1987
2529
2660
2733
3062
2970
2941
2516
2196
1771
1382
1169
817
490
80
-319
-364
-262
62
406
790
1320
1644
2196
2381
2540
2387
1904
1505
852
605
201
167
99
-31
40
-105
-149
-490
-780
-1128
-1455
-1601
-1665
-1552
-1275
-1163
-960
-820
-855
-911
-1146
-1202
-1521
-1622
-1747
-1885
-1740
-1737
-1543
-1502
-1456
-1334
-1262
-998
-695
-303
28
259
573
688
730
633
411
163
-152
-343
-446
-419
-386
-293
-321
-440
-571
-636
-726
-850
-842
-745
-331
-45
259
204
58
-228
-530
-559
-768
-407
-369
43
184
302
305
-192
-276
-1054
-977
-1233
-1008
-739
-537
238
258
932
799
1018
937
787
1216
1260
1888
1986
2287
2544
2476
2684
2306
1962
1402
600
307
-308
19
228
690
1274
1261
1834
1542
1985
1828
1788
1843
1389
1597
1031
1109
742
355
7
-606
-534
-746
-522
-322
-303
-202
-541
-712
-1006
-1129
-1160
-1234
-996
-907
-609
-447
-411
-613
-1065
-1635
-2286
-2673
-2900
-2894
-2710
-2536
-2318
-1953
-1570
-1144
-804
-402
-111
221
514
752
949
904
768
474
160
-219
-376
-559
-574
-520
-506
-376
-522
-482
-570
-639
-684
-803
-528
-377
50
485
817
1170
995
664
132
-464
-878
-1253
-1357
-1252
-1125
-663
-591
-218
-101
-85
139
-78
301
330
896
1115
1217
1402
1084
1101
724
603
618
646
961
1171
1556
1955
1971
2225
1791
1754
1438
1180
1274
962
1273
1021
1297
1195
1318
1361
1273
1410
1297
1412
1133
971
436
143
-296
-505
-632
-728
-671
-653
-469
-367
-115
-60
-15
-176
-275
-526
-697
-951
-1185
-1259
-1429
-1463
-1556
-1547
-1601
-1602
-1706
-1853
-2004
-2178
-2300
-2308
-2204
-2022
-1711
-1407
-1052
-647
-257
17
257
403
513
563
487
433
351
229
57
-162
-400
-662
-784
-732
-583
-285
6
277
454
451
507
501
501
473
416
451
357
387
310
236
128
-99
-132
-253
-123
-106
-2
24
-56
62
15
379
663
1080
1391
1522
1695
1564
1536
1282
1087
895
608
475
324
363
490
654
869
967
1178
1262
1456
1573
1597
1592
1363
1178
824
670
517
525
543
612
657
644
481
267
45
-367
-587
-1018
-1100
-1291
-1183
-1051
-902
-640
-550
-392
-513
-560
-727
-776
-973
-993
-1111
-1125
-1208
-1286
-1278
-1368
-1280
-1349
-1223
-1245
-1169
-1185
-1185
-1257
-1321
-1429
-1549
-1565
-1535
-1326
-1054
-575
-217
185
343
483
469
359
289
129
91
3
9
-9
-122
-143
-185
-147
-33
65
297
438
694
824
878
724
452
114
-215
-338
-325
65
343
857
1119
1260
1280
956
810
409
357
323
406
760
940
1411
1535
1648
1561
1219
987
564
480
271
294
280
263
354
283
352
147
103
-46
-54
24
175
531
779
1158
1309
1414
1245
1020
731
393
229
6
48
-94
-166
-279
-456
-523
-769
-823
-979
-1075
-1051
-1081
-957
-915
-799
-664
-652
-508
-491
-394
-333
-332
-295
-474
-591
-756
-816
-815
-778
-660
-654
-716
-876
-1073
-1236
-1439
-1559
-1659
-1682
-1523
-1314
-949
-610
-310
-111
-101
-141
-256
-381
-351
-362
-186
-99
16
186
153
344
234
332
239
199
325
325
616
696
885
805
652
454
193
30
-32
45
233
504
809
1170
1289
1459
1397
1383
1283
1189
1252
1184
1333
1355
1437
1397
1183
981
636
404
239
142
206
173
239
181
69
-27
-260
-323
-505
-441
-369
-105
217
520
882
1035
1220
1068
982
645
413
108
-195
-348
-625
-670
-886
-860
-984
-1029
-1073
-1155
-1129
-1162
-1046
-927
-700
-438
-127
108
277
224
113
-218
-488
-733
-925
-930
-940
-668
-518
-247
-175
-189
-383
-719
-1011
-1314
-1406
-1442
-1212
-991
-657
-441
-268
-207
-288
-377
-569
-646
-745
-676
-525
-282
16
226
320
232
36
-201
-412
-485
-452
-241
60
414
766
1011
1163
1075
908
567
292
73
59
220
465
762
923
1082
1072
1130
1155
1246
1324
1390
1440
1424
1384
1249
1075
812
544
260
118
18
77
139
228
244
155
65
-107
-137
-159
-50
40
103
122
60
-9
-102
-159
-165
-133
-22
122
284
451
490
445
186
-151
-593
-969
-1243
-1385
-1327
-1208
-963
-741
-474
-336
-239
-245
-303
-330
-354
-252
-173
-30
12
38
0
-64
-94
-168
-167
-200
-173
-168
-188
-252
-392
-548
-702
-764
-736
-592
-420
-280
-219
-231
-281
-374
-439
-499
-496
-438
-302
-82
150
384
473
437
255
35
-174
-312
-362
-338
-230
-81
111
264
432
442
447
339
300
304
372
556
635
810
731
740
604
545
548
571
770
884
1135
1183
1295
1204
1096
929
690
503
229
48
-210
-357
-522
-587
-610
-576
-490
-360
-180
20
200
284
305
191
61
-131
-232
-312
-265
-162
-1
191
315
377
255
62
-267
-558
-853
-1021
-1094
-1074
-945
-786
-579
-460
-320
-286
-253
-231
-175
-49
75
241
311
360
342
298
278
205
163
37
-64
-140
-206
-164
-169
-111
-138
-145
-154
-200
-192
-287
-326
-435
-440
-388
-298
-160
-112
-68
-123
-142
-172
-184
-180
-220
-260
-288
-248
-127
25
184
285
270
208
104
24
-50
-70
-90
-105
-97
-68
24
106
207
238
266
292
335
427
555
682
770
839
859
892
896
938
933
930
848
698
522
263
57
-190
-331
-451
-490
-491
-503
-466
-483
-433
-382
-269
-114
57
248
386
484
537
508
449
313
159
-3
-144
-192
-227
-182
-179
-188
-287
-424
-573
-726
-812
-854
-808
-735
-581
-433
-224
-75
90
204
264
330
303
328
288
305
285
288
274
216
165
54
-34
-129
-167
-180
-167
-140
-97
-86
-69
-87
-122
-192
-269
-329
-387
-374
-369
-311
-308
-314
-360
-377
-357
-288
-136
22
216
327
394
307
143
-112
-363
-533
-606
-533
-405
-201
-57
57
83
48
-41
-180
-321
-418
-378
-221
63
422
782
1044
1185
1190
1105
959
820
687
583
512
445
410
332
238
87
-73
-219
-351
-429
-444
-366
-239
-84
73
180
236
222
185
145
134
166
192
212
213
230
215
194
111
-19
-187
-365
-472
-533
-478
-413
-314
-306
-333
-407
-481
-499
-485
-354
-234
-8
167
329
369
312
220
62
14
-1
116
236
375
435
422
350
209
60
-136
-272
-383
-361
-282
-127
10
87
109
34
-17
-79
-74
-105
-143
-245
-340
-397
-435
-396
-408
-383
-399
-355
-262
-119
60
181
252
194
118
-10
-121
-255
-399
-553
-669
-712
-681
-575
-497
-388
-357
-282
-191
-24
194
384
571
643
710
712
699
632
508
388
277
271
316
424
503
510
421
241
47
-127
-231
-296
-277
-208
-62
144
352
542
628
647
564
447
312
205
123
41
-3
-47
-37
-26
16
30
8
-32
-88
-135
-174
-187
-190
-163
-141
-118
-113
-88
-82
-75
-72
-77
-64
-68
-68
-90
-90
-95
-74
-51
-29
11
41
67
61
54
6
-43
-100
-157
-172
-182
-148
-122
-104
-88
-91
-72
-75
-87
-115
-178
-227
-296
-357
-398
-426
-412
-381
-308
-215
-113
-30
5
25
23
31
50
47
26
-36
-146
-248
-362
-425
-464
-474
-437
-379
-254
-130
29
135
199
228
234
284
334
408
445
462
438
402
370
347
338
314
284
230
197
190
219
233
232
205
166
142
140
152
166
179
185
207
225
262
271
228
142
38
-35
-67
-44
-15
20
32
37
38
37
15
-28
-73
-117
-105
-65
5
50
62
37
-13
-48
-89
-96
-120
-133
-151
-147
-114
-78
-40
-37
-52
-95
-126
-136
-124
-110
-100
-88
-85
-54
-19
3
3
-31
-85
-139
-187
-218
-254
-329
-402
-472
-505
-483
-413
-310
-210
-120
-73
-45
-52
-95
-157
-216
-242
-211
-112
8
122
157
116
2
-140
-287
-410
-451
-443
-337
-170
28
219
356
410
381
331
281
272
299
355
411
455
456
445
421
372
327
246
191
163
167
215
256
294
305
295
277
260
253
243
222
204
161
111
52
-10
-72
-148
-196
-244
-250
-230
-177
-85
-10
67
99
96
70
39
16
18
43
72
97
95
53
-26
-116
-220
-285
-306
-279
-200
-92
9
47
46
-15
-90
-150
-187
-183
-151
-91
-27
42
85
86
33
-58
-172
-274
-328
-338
-313
-292
-260
-241
-211
-166
-141
-134
-160
-205
-249
-243
-181
-92
10
74
88
71
21
-17
-50
-91
-126
-173
-190
-181
-132
-72
-35
-6
7
34
105
194
287
363
401
394
359
319
274
243
208
176
172
168
186
226
232
228
219
201
215
247
287
313
323
318
304
311
296
273
217
131
64
-6
-48
-86
-121
-176
-242
-286
-336
-328
-300
-253
-185
-113
-32
65
160
219
248
215
133
25
-70
-159
-219
-241
-238
-214
-206
-189
-189
-206
-219
-211
-174
-109
-11
92
174
232
247
208
135
25
-88
-191
-276
-311
-324
-306
-276
-239
-222
-215
-193
-187
-165
-134
-103
-67
-19
2
28
33
-2
-40
-106
-164
-210
-203
-187
-125
-36
17
102
141
141
144
106
58
31
29
28
39
70
72
101
119
102
120
106
96
116
152
194
239
279
280
270
239
182
150
125
108
126
154
180
218
228
210
193
161
127
102
72
23
-3
-22
-46
-45
-55
-88
-109
-137
-159
-140
-127
-115
-107
-109
-116
-79
-34
10
81
112
133
141
142
133
113
60
-22
-109
-204
-268
-294
-283
-244
-188
-138
-77
-15
31
65
87
95
102
117
110
97
77
28
-23
-64
-99
-115
-132
-155
-172
-196
-213
-228
-235
-257
-260
-238
-210
-128
-49
2
35
28
-7
-31
-48
-81
-94
-106
-130
-106
-66
-19
62
105
129
155
160
155
157
134
86
59
7
-35
-37
-52
-55
-32
-15
10
69
105
128
162
165
168
182
166
158
157
131
122
123
128
147
168
168
163
167
161
151
145
116
74
25
-28
-75
-119
-160
-217
-262
-287
-291
-264
-224
-189
-148
-117
-91
-51
-12
47
100
138
169
201
220
218
216
170
98
19
-92
-182
-251
-309
-323
-315
-268
-185
-88
-8
66
119
131
149
137
120
115
104
100
112
100
70
47
-12
-61
-95
-126
-139
-129
-138
-138
-125
-129
-109
-83
-76
-61
-36
-18
15
53
68
80
86
63
29
0
-34
-59
-59
-51
-20
30
64
81
90
74
39
10
-31
-61
-79
-91
-84
-63
-45
-35
-9
-14
-12
15
22
42
76
89
99
118
123
131
150
151
140
128
98
82
69
54
56
57
46
48
37
17
1
-40
-80
-112
-142
-156
-146
-124
-83
-43
-8
27
46
42
33
18
-14
-21
-30
-24
-10
1
20
23
14
-7
-37
-86
-130
-158
-179
-181
-160
-129
-91
-43
3
51
101
135
148
136
123
102
91
94
80
73
66
33
3
-21
-65
-92
-107
-124
-115
-93
-70
-25
29
60
102
135
137
140
132
103
78
49
7
-10
-24
-43
-38
-37
-42
-36
-45
-63
-67
-71
-74
-64
-50
-46
-42
-37
-47
-52
-63
-87
-113
-136
-159
-170
-151
-115
-57
9
83
133
174
197
190
177
135
96
58
21
2
-2
-3
4
19
18
9
-6
-32
-61
-83
-105
-108
-102
-81
-42
-9
32
79
106
124
131
114
93
61
12
-29
-69
-99
-100
-85
-69
-27
12
35
53
38
9
-19
-69
-112
-133
-145
-132
-96
-56
-12
34
58
86
109
108
105
89
79
74
78
80
74
66
49
26
4
-19
-31
-37
-29
-12
1
25
37
58
78
90
99
103
93
81
74
54
47
35
8
-8
-23
-41
-36
-30
-16
7
27
45
60
61
45
21
-23
-65
-118
-163
-184
-190
-175
-140
-102
-58
-7
35
75
116
143
150
155
149
137
120
106
93
69
56
47
37
20
14
4
-13
-18
-33
-51
-60
-75
-78
-70
-57
-44
-22
4
25
45
66
81
90
96
91
87
70
45
14
-16
-46
-69
-78
-93
-95
-91
-86
-82
-77
-83
-84
-90
-97
-82
-67
-39
11
61
103
143
166
170
152
109
58
6
-45
-81
-101
-103
-84
-57
-17
25
56
79
90
94
86
67
55
40
21
8
-2
0
6
5
5
4
-8
-21
-30
-35
-28
-21
-18
-8
8
27
53
65
67
70
55
21
-6
-43
-84
-105
-128
-141
-138
-122
-101
-65
-23
6
38
64
85
108
131
140
145
139
113
93
55
13
-18
-53
-82
-91
-95
-83
-59
-29
-4
14
32
30
28
24
19
21
29
45
62
72
76
77
71
59
28
1
-35
-69
-86
-100
-102
-93
-87
-79
-57
-53
-45
-35
-30
-33
-18
0
7
35
47
51
57
51
41
37
28
24
18
18
11
2
-11
-30
-38
-50
-57
-54
-25
5
51
98
131
159
167
157
123
88
52
-3
-42
-66
-79
-73
-70
-44
-28
-20
-4
-18
-18
-6
-12
3
25
27
33
52
52
36
40
7
-27
-57
-98
-101
-107
-99
-72
-60
-46
-16
-3
9
40
52
49
75
87
67
79
76
50
40
-1
-43
-74
-93
-102
-118
-96
-78
-66
-18
18
52
93
119
122
117
104
72
44
16
-30
-41
-55
-77
-53
-40
-20
7
8
8
0
-28
-51
-77
-91
-90
-101
-75
-48
-28
14
56
61
64
89
33
15
26
-51
-58
-65
-109
-109
-98
-96
-103
-71
-64
-61
-10
-11
23
73
74
93
91
93
83
43
43
34
21
19
-6
5
10
-19
12
-28
-39
-2
-87
-31
-18
-71
42
37
-4
21
89
20
-21
142
-73
-20
144
-207
3
106
-183
-33
39
-130
-135
32
-157
-151
118
-176
-65
158
-141
46
131
-74
78
78
-55
29
47
-75
10
37
-127
-16
1
-171
-9
2
-122
102
41
-50
192
86
31
186
92
0
66
13
-124
3
-37
-169
35
-40
-123
66
-18
-64
45
-19
-62
5
-24
-55
48
25
4
101
61
47
103
36
4
26
-73
-87
-49
-135
-106
-59
-103
-48
-7
-26
0
41
34
43
80
49
67
86
49
58
53
34
16
-5
-10
-6
-14
-32
-26
-45
-36
-42
-53
-17
-37
9
30
17
90
81
86
112
82
78
53
29
0
2
-2
-64
-15
-21
-54
13
-23
-15
32
-9
13
29
30
40
50
66
36
58
50
7
26
5
6
1
-23
9
16
16
16
20
27
5
23
17
14
52
47
55
80
85
55
70
72
9
23
-9
-66
-50
-70
-71
-53
-32
-21
2
29
28
58
58
57
63
42
61
47
37
63
39
21
19
-2
-44
-45
-74
-112
-92
-130
-121
-69
-73
-25
21
56
91
111
136
124
127
97
69
56
3
-3
-36
-49
-40
-74
-57
-48
-69
-36
-22
-33
-17
8
21
17
33
45
46
61
59
56
78
64
41
40
37
11
-27
-40
-74
-99
-90
-112
-102
-53
-41
-2
46
60
90
110
99
97
80
51
40
9
-9
-11
-39
-45
-50
-51
-64
-57
-35
-52
1
7
5
67
48
60
61
33
47
18
21
0
-20
5
-36
-20
-22
-38
-22
-59
-48
-55
-68
-50
-62
-20
-5
7
45
43
72
71
64
71
45
36
17
-4
-17
-42
-39
-61
-75
-73
-92
-72
-71
-66
-30
-7
12
22
63
75
58
91
73
42
57
11
-22
-23
-61
-90
-94
-101
-120
-97
-66
-74
-27
9
18
60
52
64
71
28
22
1
-20
-26
-43
-35
-18
-5
6
13
20
12
6
-17
-48
-55
-82
-96
-79
-79
-54
-13
-7
19
57
53
54
65
41
25
18
-4
-20
-27
-37
-62
-51
-52
-54
-24
-32
-4
17
13
29
28
32
39
42
32
15
30
25
5
24
20
19
22
9
-2
-5
-6
-32
-35
-31
-36
-38
-34
-17
-14
1
17
20
36
43
50
45
38
48
23
9
-8
-35
-39
-64
-78
-83
-76
-57
-54
-17
13
38
69
68
90
105
88
80
70
51
39
25
0
-16
-19
-43
-69
-75
-79
-83
-77
-72
-57
-23
6
15
31
57
68
65
52
55
52
40
37
25
20
23
3
-9
-13
-27
-28
-51
-59
-63
-63
-45
-56
-16
16
22
54
55
74
86
73
65
45
32
-9
-27
-34
-66
-53
-70
-95
-71
-67
-66
-49
-37
-33
-26
-13
-23
-7
9
3
12
16
24
32
34
27
30
27
6
-10
-35
-58
-57
-70
-78
-60
-47
-28
-7
20
37
61
77
69
74
70
50
41
17
-25
-35
-62
-91
-91
-97
-104
-93
-89
-72
-31
-15
7
42
54
65
81
74
76
74
58
43
33
16
-10
-16
-39
-50
-56
-79
-65
-64
-52
-25
-23
-3
4
18
39
40
72
72
77
82
61
72
52
28
16
-7
-32
-57
-62
-73
-66
-47
-49
-29
-13
-8
14
33
41
56
66
60
74
83
70
80
75
44
49
32
3
2
-17
-31
-39
-46
-45
-32
-15
-13
2
7
7
23
29
33
38
36
29
21
16
12
4
-2
-14
-23
-28
-43
-50
-53
-60
-50
-44
-41
-20
-8
6
28
44
47
63
60
48
59
26
3
-14
-37
-43
-48
-38
-47
-34
-20
-31
-5
-4
-6
21
16
25
32
33
39
38
49
35
27
16
-12
-18
-33
-43
-53
-57
-58
-58
-44
-38
-18
-4
1
21
25
35
49
51
57
52
40
24
8
-9
-30
-35
-56
-68
-57
-68
-55
-41
-34
-18
4
7
14
38
37
39
47
48
43
47
43
38
44
32
24
23
12
4
2
-11
-17
-15
-19
-22
-12
-2
12
30
37
47
63
73
66
68
73
54
52
31
16
20
-1
-2
-8
-9
-8
-11
-9
-8
8
4
4
13
8
12
24
21
28
32
23
22
25
24
20
16
5
3
1
2
-1
-6
-11
-16
-10
-12
0
16
12
25
39
37
46
50
44
39
31
16
5
-1
-10
-16
-16
-21
-20
-12
-7
-3
6
13
17
28
25
33
36
22
25
17
5
1
-10
-24
-30
-33
-36
-39
-33
-28
-18
-6
-3
0
5
3
5
4
-2
5
-3
-5
1
4
4
8
9
3
3
-2
-12
-14
-14
-24
-20
-29
-30
-20
-19
-8
2
8
8
16
24
25
24
19
11
7
1
-4
-13
-18
-23
-28
-27
-36
-29
-16
-11
1
2
13
16
15
22
15
15
16
12
4
3
12
14
19
21
18
9
9
0
-9
-9
-20
-25
-28
-29
-25
-14
-14
-10
-4
-2
2
9
5
-2
0
-10
-14
-17
-26
-29
-30
-28
-30
-26
-22
-21
-20
-18
-22
-26
-32
-41
-39
-38
-39
-35
-42
-46
-46
-43
-35
-38
-35
-31
-32
-31
-30
-23
-23
-27
-31
-29
-35
-38
-41
-42
-43
-49
-43
-43
-36
-34
-33
-34
-28
-28
-26
-17
-24
-8
-10
-7
-6
-8
-2
-3
7
3
1
9
0
-5
-6
-16
-17
-25
-25
-30
-28
-23
-26
-19
-18
-24
-27
-18
-17
-6
-6
-8
3
3
6
6
14
14
10
6
1
-2
-3
-7
-1
4
3
8
7
10
9
10
4
-3
-5
-17
-18
-20
-17
-16
-21
-18
-17
-15
-9
-10
-7
-6
-9
-11
-7
-5
-4
-4
-9
-9
-14
-13
-18
-22
-24
-29
-32
-35
-40
-35
-27
-31
-27
-25
-17
-6
2
11
22
29
29
36
37
36
38
39
30
22
19
6
1
-13
-19
-25
-34
-32
-30
-25
-18
-12
-6
-4
-1
4
2
11
16
26
35
37
44
46
48
48
51
33
32
30
17
18
13
7
6
12
13
21
29
27
31
41
38
41
43
40
46
49
46
40
43
38
35
32
29
22
23
20
16
23
22
18
20
30
38
39
40
38
35
35
25
28
31
33
42
39
41
40
37
37
38
35
32
28
22
22
22
19
22
25
27
21
8
7
1
-2
-11
-15
-18
-22
-18
-17
-12
-6
-7
-4
-5
-2
-6
-6
-4
-10
1
1
-5
0
9
8
13
12
0
2
-8
-13
-15
-17
-21
-20
-16
-20
-11
0
3
15
16
14
23
21
16
12
12
9
11
16
15
17
10
12
8
2
3
5
3
0
-6
-3
-2
-2
8
11
15
18
22
26
30
28
35
32
32
32
22
18
14
10
6
6
4
-1
-6
-4
-5
-7
-7
-10
-12
-23
-21
-18
-20
-20
-19
-23
-21
-19
-20
-16
-13
-13
-9
-15
-18
-17
-22
-26
-25
-21
-22
-17
-16
-15
-10
-12
-10
-9
-9
-10
-10
-11
-13
-17
-14
-17
-21
-19
-11
-9
-9
-8
-12
-7
-10
-13
-12
-13
-7
-9
-11
-8
-13
-16
-18
-20
-20
-22
-26
-31
-31
-29
-26
-21
-15
-11
0
5
9
13
13
17
15
22
21
20
22
8
15
21
12
17
11
5
-4
-11
-11
-14
-14
-18
-13
-14
-13
-7
-5
-2
1
9
12
13
8
13
8
10
8
0
5
5
5
0
6
4
1
3
5
1
1
0
-4
-7
-15
-5
-9
-8
-5
-6
-7
-10
-5
-10
-7
-12
-12
-19
-15
-15
-23
-25
-27
-32
-38
-35
-40
-34
-39
-33
-28
-24
-20
-17
-9
-21
-17
-20
-22
-24
-21
-22
-24
-17
-18
-12
-6
5
2
5
8
11
12
0
4
-1
-7
-12
-14
-9
-15
-12
-13
-11
-14
-16
-15
-16
-16
-19
-12
-13
-8
-5
-6
-5
-2
2
9
14
16
20
13
16
13
13
8
7
11
-1
-5
-4
-6
-5
3
11
14
10
15
12
8
7
3
-2
-7
-7
-6
-8
-2
-5
0
1
2
0
-8
-7
-15
-15
-22
-23
-27
-29
-27
-24
-19
-18
-10
-10
-5
0
6
7
13
15
13
14
12
14
12
16
8
7
5
3
4
1
0
-4
-7
-9
-10
-10
-11
-11
-9
-5
-3
-2
0
3
8
8
11
11
11
13
9
13
13
20
21
18
23
25
25
20
16
13
10
8
2
2
5
10
14
16
16
13
12
12
17
14
15
12
9
12
11
7
4
7
5
5
9
5
5
9
1
0
-1
-3
-2
-1
-2
-4
-5
-12
-9
-11
-10
-6
-7
-6
-3
-3
-1
0
-2
3
4
6
0
0
-1
-3
-1
-5
-7
-13
-8
-13
-24
-23
-25
-24
-25
-30
-25
-26
-25
-20
-22
-13
-14
-12
-6
-4
-5
-2
0
1
-5
-10
-12
-12
-8
-15
-12
-9
-13
-16
-13
-13
-12
-8
-7
3
2
-1
-1
3
3
8
11
11
11
11
7
5
1
-5
-2
-6
-9
-8
-6
-9
-4
-5
-7
-6
-8
-8
-4
4
0
9
8
5
7
7
14
8
7
7
4
2
3
5
-1
-2
6
1
-3
1
-1
-5
-5
-3
-5
-9
-10
-5
-6
-3
-4
-4
-2
-3
-6
-10
-10
-6
-7
-7
-5
-12
-13
-13
-14
-13
-12
-12
-13
-8
-12
-14
-13
-15
-14
-20
-22
-20
-18
-18
-16
-15
-12
-3
-5
-2
-6
-6
-6
-6
-4
-11
1
-4
-5
-9
-10
-9
-16
-13
-16
-22
-20
-18
-21
-22
-22
-17
-11
-6
-4
2
7
4
6
7
10
9
5
10
11
14
20
14
13
16
17
13
13
11
6
8
4
5
8
6
7
15
13
17
19
19
23
19
23
15
14
15
9
9
9
6
6
5
1
4
-2
-3
3
1
4
5
4
12
11
11
12
12
13
14
14
10
13
17
20
18
16
22
14
13
17
17
14
14
20
15
12
11
8
5
5
2
-4
-5
-3
-1
-3
-1
1
1
5
7
5
1
0
5
5
0
4
9
6
4
4
2
6
5
8
7
4
4
2
4
2
-2
-7
-8
-6
-1
3
3
9
2
2
11
5
7
5
1
1
0
-6
-8
-3
-8
-3
-5
-8
-7
-12
-15
-15
-9
-15
-17
-9
-2
3
1
0
2
6
7
7
4
3
-3
-8
-11
-13
-11
-17
-12
-11
-11
-14
-11
-9
-9
-10
-16
-14
-19
-18
-22
-16
-20
-21
-22
-25
-20
-27
-20
-24
-24
-28
-20
-14
-22
-21
-21
-11
-18
-15
-9
-4
-6
-7
-4
-1
3
-2
-6
1
0
-6
0
4
5
8
7
8
12
8
5
7
11
15
13
15
18
20
15
12
16
19
14
16
21
20
19
18
13
8
8
9
17
12
10
15
15
18
20
26
27
26
28
26
23
22
18
8
6
11
12
8
12
17
13
7
7
14
15
10
10
12
13
6
4
9
12
10
10
19
19
15
11
11
16
19
16
11
16
16
15
19
14
10
10
16
19
16
13
13
23
29
28
26
25
20
11
10
10
9
4
2
5
4
0
-5
3
3
-7
-13
-11
-2
-6
-11
-7
-4
-4
-3
-2
2
0
-7
-6
-8
-2
0
-3
-3
-4
-6
-10
-2
-2
-8
-11
-13
-11
-9
-11
-15
-16
-14
-17
-13
-6
-8
-16
-11
-3
-10
-13
-13
-4
-6
-13
-10
-7
0
2
-3
1
2
-7
-9
-11
-8
-6
-8
-6
-8
-8
-13
-13
-7
-11
-11
-8
-9
-13
-11
-8
-7
-7
-17
-19
-11
-22
-30
-26
-23
-16
-24
-20
-10
-14
-21
-29
-16
-16
-22
-22
-16
-4
-8
-14
-4
9
5
-4
0
7
6
0
8
16
17
12
2
7
5
-2
-10
-8
-4
-4
-4
-3
-3
-12
-16
-16
-12
-16
-17
-18
-12
-10
-17
-7
-9
-4
-11
-8
7
3
0
-2
8
10
-2
-2
9
17
5
3
13
17
15
11
11
15
9
5
16
22
17
8
11
17
5
-4
0
9
10
-3
-7
1
6
-8
-15
-6
-5
-15
-22
-7
4
-6
-19
-12
3
7
-9
-12
5
6
-9
-11
2
7
-1
-8
-2
4
5
-1
-7
-2
-8
-13
-13
-10
-22
-31
-15
-10
-17
-24
-17
-6
-13
-31
-30
-14
-8
-26
-32
-17
-12
-20
-26
-21
-7
-14
-24
-17
-10
-7
-9
-12
-10
-9
-18
-10
2
-2
-10
-14
4
6
-1
-3
3
14
5
-3
-1
9
4
-10
-2
12
10
-8
-8
4
8
0
-11
-4
-4
-6
-13
-11
-8
-10
-12
-12
-4
-10
-10
-6
-3
-11
-18
-6
-1
-3
-14
-8
8
8
-15
-17
-1
-1
-16
-26
-12
-2
-11
-19
-15
-7
-4
-18
-20
-11
-8
-13
-20
-8
-8
-17
-21
-11
-4
-10
-11
-6
-2
-5
1
5
8
4
4
16
13
-3
-8
6
13
5
-11
-9
17
11
-6
-3
15
25
4
-8
-1
13
14
-4
3
14
7
-1
-1
16
14
-5
-5
-4
5
-11
-15
-3
-7
-1
-8
-1
0
-10
-7
-1
-8
-20
-12
5
10
-5
-14
4
22
7
-14
-4
22
24
0
-10
9
21
11
-5
-6
15
18
5
-6
-7
3
12
14
3
1
13
27
27
8
0
16
35
19
2
5
23
29
7
-2
11
30
23
6
9
21
23
13
10
18
16
9
13
13
19
13
7
9
10
2
3
10
12
15
6
8
12
14
11
14
11
10
8
2
7
3
4
-1
1
1
-11
-9
-8
-2
5
-1
2
7
7
3
1
9
12
6
2
7
12
10
2
5
19
21
10
3
5
15
16
5
8
18
23
24
16
7
12
25
23
11
13
19
31
36
21
15
25
30
24
3
-10
10
21
7
-16
-7
12
10
0
-9
2
10
10
-1
-4
-2
-1
6
6
7
3
4
12
8
4
3
5
1
2
3
-2
-3
-8
-7
-4
-11
-18
-5
6
2
-12
-14
8
14
2
-16
-12
8
6
-15
-27
-14
-1
-6
-17
-14
-17
-12
-11
-6
-10
-18
-4
-3
-4
-13
-16
3
9
-12
-20
-13
-1
-8
-26
-16
-5
-2
-14
-17
-4
-10
-19
-16
-6
-1
-13
-18
-5
-2
-14
-29
-20
-4
-14
-33
-24
-7
-10
-18
-20
-16
-4
-11
-20
-15
-7
-3
-10
-12
-11
-10
-9
5
2
-10
-3
6
18
1
-6
17
21
14
3
-2
17
22
4
-2
5
16
12
4
4
-1
2
8
7
2
1
11
16
20
5
-5
6
11
3
-8
3
14
9
1
-4
-1
7
7
1
0
6
8
11
9
-1
-6
4
13
0
-14
-8
8
9
-3
-10
1
4
-4
-4
-7
4
1
-7
-2
-1
5
0
-2
2
-4
-8
-5
2
3
4
2
3
9
8
15
8
7
13
10
13
7
11
13
9
-3
-9
-4
4
6
-13
-20
-11
-10
-15
-23
-19
-10
-3
-8
-22
-16
-11
-15
-20
-17
-14
-23
-21
-20
-20
-19
-23
-20
-10
-10
-12
-12
-6
-1
-13
-8
-3
4
-4
-10
-4
-7
-3
-7
2
3
-7
-6
-3
2
7
-7
-1
11
8
6
-7
1
-3
-12
-10
-13
-13
-15
-17
-14
-12
-20
-18
-14
-13
-10
-3
-5
0
2
-3
-4
-10
-3
1
-3
-6
-7
-8
1
2
-9
-11
-5
6
-5
-17
-11
-4
-3
-4
-7
-14
-12
-12
-15
-17
-21
-22
-16
-15
-19
-17
-18
-6
-1
-16
-19
-9
-1
-8
-19
-20
-15
-9
-6
-15
-23
-21
-14
-12
-20
-16
-7
-9
-14
-12
-18
-13
-5
-11
-20
-15
-9
-15
-19
-11
-11
-19
-28
-18
-10
-25
-25
-16
-9
-16
-26
-21
-11
3
-2
-15
-9
4
3
-10
-1
21
9
-6
2
16
18
14
14
17
18
16
23
25
20
23
15
12
20
16
3
6
17
12
3
9
14
7
-6
5
15
5
0
3
18
14
6
4
23
25
-5
-12
4
17
0
-15
0
16
4
-4
8
26
28
9
-2
17
34
12
-3
9
21
8
-4
9
17
3
-3
0
-2
4
3
1
