18
28
31
25
21
24
32
27
34
41
41
47
47
35
19
14
24
28
23
19
20
21
26
22
15
16
12
14
17
19
13
14
9
-3
-2
-2
4
5
17
16
11
4
-8
-2
3
8
16
23
19
9
5
10
7
-6
-14
-19
-24
-20
-12
-10
-17
-16
-10
-21
-26
-28
-44
-45
-38
-39
-38
-35
-43
-46
-39
-38
-32
-26
-34
-32
-22
-27
-27
-24
-21
-25
-36
-26
-14
-13
-4
-6
-13
-16
-20
-16
-16
-21
-18
-29
-30
-25
-21
-19
-17
-20
-32
-25
-25
-31
-33
-32
-28
-29
-30
-28
-30
-37
-26
-27
-29
-24
-28
-30
-20
-19
-10
-8
-6
4
10
5
-2
-1
-13
2
1
2
16
12
8
15
28
28
29
24
19
15
13
23
31
24
20
25
33
40
40
33
31
27
9
8
9
8
18
23
24
23
20
19
18
20
9
1
0
8
20
15
14
2
3
6
1
-1
2
6
9
17
5
-3
-4
-3
-3
-5
-10
-12
-8
-6
-4
6
7
-7
-5
9
15
27
24
32
43
27
26
22
20
25
29
29
32
27
21
32
26
38
45
48
56
50
50
54
48
33
36
39
41
51
47
48
45
41
40
25
32
35
32
37
41
34
27
27
23
28
18
18
6
-1
0
-3
1
3
7
8
4
-7
-9
-16
-9
-4
-6
-13
-18
-10
-21
-21
-22
-15
-13
-21
-29
-37
-28
-21
-19
-21
-23
-34
-48
-47
-40
-33
-36
-42
-46
-37
-39
-29
-25
-28
-22
-33
-38
-42
-36
-38
-35
-36
-35
-24
-22
-14
-32
-41
-38
-33
-37
-41
-44
-42
-35
-44
-37
-32
-27
-16
-15
-17
-25
-27
-34
-30
-24
-31
-26
-28
-27
-20
-18
-13
-10
0
10
15
11
12
16
10
15
12
18
27
27
36
30
27
36
32
40
41
50
56
57
66
70
56
48
59
51
54
49
54
60
60
60
48
43
40
40
42
42
34
34
40
51
51
45
39
37
30
25
34
27
25
27
20
20
24
19
16
16
19
16
12
13
12
15
17
25
10
6
10
15
26
28
28
29
14
13
23
23
27
26
28
20
21
24
29
34
30
27
27
30
22
15
19
16
16
23
14
9
5
11
15
16
14
9
9
-1
2
8
4
-7
-3
-5
-14
-28
-26
-6
-3
1
7
-4
-21
-12
-10
-11
-8
-18
-21
-21
-18
-9
-19
-23
-25
-31
-29
-28
-21
-15
-16
-17
-9
-15
-29
-29
-38
-31
-25
-36
-53
-63
-58
-55
-56
-45
-42
-39
-39
-46
-47
-46
-44
-43
-53
-62
-69
-66
-76
-82
-75
-73
-66
-80
-84
-88
-92
-82
-82
-82
-81
-83
-90
-93
-95
-87
-95
-96
-86
-83
-64
-72
-75
-66
-60
-54
-55
-54
-51
-44
-50
-47
-38
-30
-23
-30
-28
-28
-23
-21
-22
-20
-21
-10
-1
10
15
17
23
15
14
8
10
11
16
17
10
13
10
23
32
41
43
42
47
38
50
46
36
33
18
21
38
44
38
35
29
23
27
33
40
48
52
52
48
36
32
29
26
26
22
19
23
25
19
17
15
20
30
39
37
36
42
35
28
14
20
17
8
19
25
18
16
13
12
26
23
24
18
13
14
10
11
-3
1
-9
-24
-22
-23
-13
-8
-4
-10
-16
-13
-25
-28
-16
-18
-28
-28
-28
-18
-26
-39
-25
-33
-25
-20
-26
-33
-27
-12
-18
-7
-7
-7
-5
-15
-20
-27
-17
-14
-22
-13
-4
2
12
1
-2
4
2
6
0
-9
-3
-7
-12
-9
-8
8
10
2
-1
-1
-3
-3
-2
1
9
7
-1
4
3
-8
-15
-25
-25
-28
-27
-15
-21
-14
-9
-10
-1
-2
-6
-16
-19
-21
-26
-25
-24
-18
-12
-11
-16
-14
-19
-21
-16
-17
-12
-8
-4
-2
-1
9
6
0
4
1
-1
-8
-5
6
-2
3
12
13
14
12
16
16
21
16
13
8
1
4
2
6
15
13
11
8
0
4
18
28
36
30
21
21
12
3
14
28
24
27
32
31
27
28
35
33
29
27
26
25
21
26
43
47
48
49
43
38
38
42
39
36
51
50
40
44
31
33
27
22
23
17
21
26
25
13
16
11
-1
6
0
-20
-17
-20
-30
-19
-27
-41
-41
-37
-33
-42
-47
-40
-47
-43
-54
-56
-53
-50
-40
-52
-47
-52
-46
-41
-35
-24
-22
-35
-34
-29
-26
-4
0
5
1
3
5
8
14
6
7
10
19
21
15
14
17
10
12
17
20
28
34
35
28
26
19
23
29
29
25
14
13
24
35
37
33
30
23
23
28
35
39
38
41
42
43
39
40
38
31
33
23
21
28
33
31
22
19
7
3
12
18
16
7
9
18
8
-7
-13
-12
-18
-14
-7
-7
-5
-7
3
2
-12
-16
-12
-11
-10
2
-4
0
1
-5
-10
-8
-8
-7
-5
-12
-12
-15
-14
-13
-11
-7
-2
-4
-5
-1
-6
-12
-20
-16
-29
-28
-19
-25
-20
-24
-20
-21
-24
-23
-25
-26
-27
-19
-15
-7
-6
-5
-5
-3
-1
-6
3
3
-4
-2
-3
1
21
31
32
35
34
35
35
37
39
41
34
32
38
36
38
49
51
42
37
41
44
48
47
46
48
38
36
32
32
36
41
41
24
21
28
31
28
30
19
6
12
20
21
28
31
31
25
19
23
29
28
25
25
20
20
15
13
12
7
-1
-7
-9
-7
4
6
2
0
2
3
-3
-15
-15
-20
-27
-26
-27
-18
-23
-36
-36
-27
-36
-37
-46
-43
-46
-49
-35
-42
-36
-38
-36
-37
-40
-43
-47
-46
-48
-34
-24
-29
-37
-33
-35
-28
-20
-23
-24
-19
-30
-33
-24
-32
-31
-37
-40
-35
-27
-20
-15
-11
-10
-10
-11
-2
-5
-6
-2
-11
-20
-13
-16
-14
-7
-19
-13
-6
-12
-8
-6
-15
-9
-13
-26
-17
-19
-21
-19
-36
-43
-36
-35
-22
-32
-34
-34
-36
-35
-43
-40
-44
-48
-50
-50
-59
-60
-49
-44
-50
-55
-53
-50
-41
-45
-44
-42
-35
-26
-22
-18
-23
-28
-29
-33
-28
-26
-21
-9
-2
4
-2
1
0
5
-2
-6
-2
-9
2
1
3
4
2
12
20
29
19
12
12
7
6
10
26
33
36
34
30
33
29
31
32
26
16
11
15
9
10
4
0
6
17
20
14
20
17
17
22
20
22
22
23
20
16
13
10
5
11
18
1
8
17
8
9
10
7
0
3
9
9
15
11
21
21
17
18
13
11
14
24
21
19
21
22
27
24
28
33
26
37
42
33
30
21
13
17
4
-2
7
6
11
1
-15
-16
-4
3
-1
0
-14
-10
-2
-1
5
8
5
-4
-10
-12
-12
-11
-7
-8
-8
-14
-21
-15
-13
-10
-16
-23
-20
-25
-20
-22
-23
-9
-19
-16
-18
-24
-18
-12
2
6
3
-4
-2
-6
1
16
28
36
33
22
14
21
22
28
17
26
42
34
35
38
42
34
34
33
39
40
37
44
34
32
30
32
42
44
41
38
28
18
28
33
30
19
21
20
14
16
18
20
21
24
17
15
9
0
8
3
-7
-3
0
-9
-11
-17
-24
-21
-21
-21
-21
-17
-18
-22
-23
-19
-8
3
7
6
6
2
5
9
7
7
5
1
7
12
15
19
25
24
26
27
31
32
26
38
36
34
42
38
30
26
35
33
35
40
45
40
27
21
18
26
34
38
28
16
15
12
13
14
10
6
10
4
12
14
5
1
0
0
-4
-8
-8
-2
-11
-3
0
-12
-10
-19
-27
-28
-26
-23
-24
-25
-21
-18
-21
-28
-25
-15
-9
-7
-9
-14
-25
-15
-13
-16
-7
-6
-2
-3
4
0
-2
1
6
0
-2
-1
3
8
6
9
1
1
-1
-4
-4
-9
2
-1
-15
-10
-8
-7
-12
-15
-9
-10
0
-5
-6
-14
-23
-16
-13
-5
-1
-3
-5
-1
2
6
4
7
14
11
7
8
2
-3
9
0
-3
-6
-8
-3
5
5
3
14
16
19
25
19
16
12
14
16
16
18
15
16
20
19
12
19
22
18
28
25
26
24
21
20
12
6
-2
-8
-9
-12
-15
-13
-7
-4
-15
-23
-23
-26
-20
-17
-15
-20
-21
-23
-28
-24
-17
-19
-25
-22
-23
-32
-35
-31
-34
-38
-40
-34
-43
-48
-37
-43
-35
-32
-38
-37
-38
-42
-46
-42
-49
-40
-35
-32
-30
-31
-40
-33
-21
-20
-20
-24
-14
-17
-19
-23
-26
-32
-34
-23
-11
-6
-5
2
-4
-7
-4
-8
1
13
15
13
13
8
6
11
13
26
20
23
31
24
29
16
14
12
21
30
30
22
22
32
29
28
11
11
9
7
4
-1
-3
-10
-8
-9
-11
-13
-9
-7
-13
-12
-12
-9
-16
-18
-16
-27
-28
-29
-35
-35
-33
-22
-27
-28
-18
-27
-18
-16
-25
-22
-30
-33
-28
-30
-24
-19
-16
-9
1
2
-3
-7
-16
-18
-14
-9
-5
0
3
5
-1
-2
4
1
3
4
-5
-12
-18
-15
-7
-9
-9
-8
-18
-17
-19
-26
-21
-20
-24
-25
-28
-28
-26
-26
-24
-23
-31
-35
-30
-27
-33
-34
-29
-28
-28
-21
-24
-27
-23
-25
-24
-22
-22
-27
-33
-25
-32
-33
-19
-23
-23
-24
-29
-24
-28
-34
-32
-29
-25
-25
-17
-15
-20
-15
-6
-10
-13
-10
-13
-9
-3
15
20
18
14
9
7
9
17
15
12
14
28
37
41
37
37
37
32
33
29
32
27
32
32
31
28
29
35
32
32
30
32
39
48
46
42
42
48
40
37
36
24
28
26
16
22
26
18
28
31
27
34
37
39
36
32
23
21
22
23
30
34
33
26
27
10
0
12
5
5
6
11
8
8
17
8
11
8
3
8
11
7
7
14
7
7
13
18
17
22
21
21
21
15
9
-3
-2
6
3
13
17
9
5
3
-2
-2
-4
0
-3
-5
-6
-17
-15
-20
-26
-33
-23
-19
-29
-10
-18
-21
-26
-35
-28
-26
-26
-34
-33
-46
-42
-34
-43
-50
-46
-42
-44
-36
-35
-30
-35
-37
-28
-21
-29
-33
-18
-31
-30
-21
-29
-26
-23
-25
-28
-36
-44
-40
-27
-13
-9
-16
-14
-3
-7
-8
-12
-9
-11
-20
-17
-16
-8
-8
-2
-2
5
15
13
15
13
15
14
8
5
6
10
18
20
12
12
5
-2
-1
0
0
-4
-6
6
11
6
0
-8
-12
-18
-21
-14
-10
-25
-35
-41
-50
-39
-33
-33
-26
-13
-17
-9
-8
-15
-5
-20
-17
-17
-17
-20
-16
-11
-9
0
-2
4
-1
8
16
23
15
9
14
12
26
32
37
32
28
30
38
51
56
46
41
39
36
39
39
41
38
35
38
51
53
50
45
42
39
40
36
30
33
23
27
31
29
22
20
9
1
3
1
8
2
8
9
5
1
-4
-11
-13
-4
-13
-15
-21
-27
-28
-31
-32
-30
-25
-28
-19
-19
-21
-17
-19
-14
-21
-20
-11
-7
-5
-16
-22
-13
-15
-13
0
15
5
-2
4
1
2
0
14
7
1
-4
-9
0
-6
-1
0
-9
-17
-19
-24
-24
-26
-24
-26
-37
-38
-38
-30
-25
-19
-28
-32
-35
-46
-39
-45
-57
-54
-53
-42
-40
-50
-43
-41
-36
-42
-56
-53
-51
-50
-60
-64
-56
-59
-53
-51
-54
-50
-47
-49
-53
-43
-44
-39
-32
-32
-32
-32
-25
-26
-15
-11
-8
-6
-12
-4
-9
-14
-10
-9
-15
-6
1
4
12
1
9
2
-14
-8
-5
5
2
-8
-3
9
15
15
21
23
11
13
22
24
21
8
6
27
29
23
29
15
3
22
44
47
39
22
17
27
22
13
26
24
4
0
4
16
29
23
19
13
-3
-10
18
49
44
41
23
8
13
28
31
35
29
6
32
41
34
48
42
35
28
25
46
55
46
53
62
44
38
44
47
70
72
56
55
56
37
54
82
83
84
76
63
78
78
66
86
69
50
65
86
92
104
88
80
93
87
76
96
120
83
90
108
84
77
71
81
109
89
71
66
67
74
80
95
78
55
17
32
83
68
58
47
18
36
41
53
61
48
4
-1
29
-10
24
42
11
33
40
-12
-4
24
-10
27
42
-26
-2
39
-66
-59
25
1
34
31
-25
-33
-37
-59
-6
78
-32
-104
-40
-17
-53
-110
-63
123
76
-102
-152
-267
-91
209
261
60
-337
-773
-483
700
897
133
-440
-1032
-667
407
833
468
-255
-961
-969
404
1000
402
-205
-826
-861
-115
583
571
273
-447
-841
-366
241
388
189
-142
-400
-342
-150
159
278
-1
-289
-278
-222
67
176
-19
-114
-188
-283
-67
272
117
-52
-121
-306
-166
188
119
38
-57
-212
-168
115
175
77
19
-260
-201
33
208
155
54
-70
-153
-68
-4
78
122
27
-79
-72
-36
16
56
113
30
-77
-160
-79
64
134
46
-71
-75
-93
-36
19
61
-2
-51
-84
-51
14
69
6
3
-3
-98
-31
-4
28
-7
-24
4
13
50
-25
-81
-24
-6
47
-17
-51
-51
-33
115
111
37
-92
-112
-19
99
131
-10
-72
-58
-25
84
122
29
-25
-8
-7
41
83
46
62
11
-38
-20
0
6
30
30
-25
-9
5
35
66
5
-3
25
15
-21
-23
-30
-42
34
6
14
13
-80
-52
32
34
-32
-35
-51
-34
31
19
19
21
-43
-50
-4
-4
-6
22
15
25
28
23
27
18
-37
-56
-3
4
80
79
28
-18
-33
-16
19
65
31
32
-6
-32
21
68
55
-10
-40
-29
10
41
4
7
-18
-68
-36
-2
15
6
1
-27
-22
-54
-88
-51
6
22
-13
-36
-96
-112
-51
12
16
-55
-125
-113
-10
84
7
-111
-147
-143
-34
61
32
-51
-114
-113
-48
57
41
-43
-84
-95
-38
13
44
30
-14
-47
-22
36
47
15
-55
-79
-24
23
46
70
40
1
-2
-19
-29
24
24
50
101
73
37
34
21
5
36
10
34
69
60
65
48
27
30
47
5
-13
-13
-1
54
69
24
9
-6
-18
57
64
-21
-47
-38
-21
15
3
-10
-12
16
53
45
-17
-69
-49
4
88
79
-3
-6
8
2
48
41
-31
-36
-17
28
99
120
43
28
33
-13
8
28
16
21
33
18
23
42
33
23
33
18
-2
-3
20
30
29
53
41
7
-10
13
0
18
37
16
18
14
6
21
57
32
14
31
27
-2
3
22
42
31
-7
-17
4
3
-11
10
7
-9
-64
-31
39
10
-29
-16
-34
-51
-30
-29
-18
-12
-36
-59
-12
-25
-54
-23
-18
-67
-48
-11
-25
-11
-49
-90
-74
-9
28
24
-38
-57
9
28
-48
-96
-61
-11
28
8
18
-12
-57
-26
26
-43
-149
-62
96
139
9
-150
-135
-8
82
78
-16
-84
-104
-21
79
50
-80
-142
-47
52
87
65
24
23
-8
-112
-114
-48
-10
-1
3
-22
-4
76
96
73
-36
-83
-144
-245
-203
16
131
86
92
18
-9
57
86
-6
-386
-826
-438
563
761
334
126
-161
-338
-71
40
-264
-621
-552
248
1022
731
161
34
-208
-517
-399
-285
-333
-14
463
703
444
63
29
87
-238
-529
-470
-324
82
573
707
349
19
-22
54
-105
-404
-424
-267
-7
379
619
432
227
139
-38
-244
-359
-356
-198
48
330
520
423
253
177
-21
-307
-375
-278
-111
67
308
455
400
216
110
13
-232
-327
-212
-42
70
262
346
271
164
98
43
-97
-195
-179
-60
55
194
274
260
154
68
51
-22
-136
-122
-29
36
156
242
226
164
110
27
-24
-66
-89
-51
31
88
182
243
123
23
21
27
-27
-39
-44
3
74
103
158
159
42
-31
13
-25
-73
-84
-30
40
60
66
120
148
38
-54
-72
-109
-133
-55
31
76
100
141
126
-17
-147
-120
-34
-10
-64
-92
0
95
246
363
115
-448
-549
-68
260
248
19
-160
-118
-44
131
420
196
-467
-595
-95
219
241
167
0
-153
-327
-225
231
349
-89
-329
-193
-51
90
188
106
-76
-295
-344
-16
197
110
18
-93
-228
-142
8
32
7
-111
-193
-104
39
78
65
-88
-265
-234
-82
3
5
-32
-62
-57
-75
-37
-51
-177
-220
-110
-28
2
-19
-79
-64
-51
-84
-97
-126
-165
-95
0
-40
-115
-90
-49
17
16
-76
-125
-138
-143
-50
68
-49
-187
-59
116
78
-41
-140
-104
-30
-78
-50
56
39
-4
50
-43
-74
74
-64
-203
17
132
49
-8
-2
157
-4
-506
-70
834
248
-745
-205
521
204
-395
-365
335
343
-441
-179
754
327
-531
-290
114
93
-153
-308
250
619
-77
-405
55
187
-67
-320
-314
214
378
-175
-121
319
117
-212
-281
-159
92
-22
-234
99
327
-10
-176
-80
1
96
-81
-287
-9
196
-5
-89
5
110
61
-146
-137
99
69
-93
0
62
46
11
-94
-28
119
67
-22
-5
2
25
29
-32
19
64
-19
-41
23
46
50
-38
-115
-1
36
-45
-54
40
81
16
-76
-74
-14
-53
-66
-8
-26
-56
-18
-15
-1
2
-52
-50
-14
-31
-17
6
-34
-38
-16
-33
23
64
-10
-46
-49
-30
-10
-20
-13
24
18
20
56
45
1
-34
-81
-27
96
58
-7
8
57
101
45
-46
-21
21
-4
34
135
102
12
-2
13
66
37
-22
25
40
-25
6
100
97
21
-10
-14
31
50
-14
3
-13
-38
8
33
7
1
12
-30
-43
-12
-15
-22
-48
-35
42
9
-33
0
-19
-82
-68
-9
-1
10
3
-40
-12
-13
7
56
-44
-82
-2
61
55
34
-6
-20
22
3
-2
46
33
-16
-22
-19
18
49
30
20
21
-2
-8
30
50
24
-23
-47
0
29
4
16
-1
-20
-4
-12
-10
14
24
5
-7
-9
10
71
61
6
8
15
37
66
65
53
15
-8
33
78
54
23
65
63
19
15
32
58
13
-21
32
51
23
30
43
19
-8
-12
2
46
43
23
50
53
53
43
0
-4
12
11
15
38
60
50
37
3
-14
5
6
29
31
12
28
11
-13
11
22
3
-20
0
10
0
-16
-47
-9
11
-17
-20
-25
-5
16
7
-6
-15
-9
-34
-24
10
13
8
-13
-5
13
8
5
15
26
16
7
31
38
36
18
-12
1
0
-1
-18
-25
-2
-10
-11
3
29
39
5
-33
-21
9
-2
-21
-16
-9
4
6
-11
16
31
0
-22
-23
22
30
-2
-1
26
40
12
8
12
-6
-10
-10
23
38
22
16
18
23
5
0
1
-2
3
2
2
-3
0
5
-6
-33
-23
-4
-12
-30
-20
-1
-18
-13
3
16
0
-29
-23
-16
-10
-24
-28
-23
-18
-13
-11
2
7
-10
-22
-11
-1
12
11
8
11
-4
-5
11
26
15
3
13
20
34
31
37
37
26
30
25
14
23
32
24
19
24
34
37
39
28
26
17
5
25
31
29
28
24
31
24
17
24
24
30
22
29
22
14
36
42
37
29
34
27
19
8
14
15
10
13
10
1
-16
7
5
-2
-10
-7
11
-6
-3
-3
-6
-24
-32
-15
-21
-24
-28
-19
-8
-6
-25
-20
0
-9
-21
-15
0
-12
-13
-18
-17
-5
-2
-4
-19
-11
-6
-19
-20
-20
-27
-33
-41
-26
-17
-17
-27
-36
-26
-33
-34
-30
-26
-22
-24
-29
-27
-13
-10
-16
-20
-23
-19
-12
-3
2
-2
-9
-7
-2
-4
-6
-11
-9
-5
0
7
2
4
-2
-12
-5
5
1
-12
-1
3
7
12
1
10
14
15
24
22
21
15
2
-5
12
27
23
25
12
6
9
11
18
13
15
16
25
22
22
29
27
27
15
10
2
0
8
18
15
15
24
25
19
17
29
27
14
-3
4
7
-2
7
-4
-1
-6
-19
-5
-8
-13
-13
-14
-20
-13
-11
-17
-4
-24
-34
-30
-28
-28
-32
-31
-36
-31
-43
-39
-32
-41
-40
-39
-40
-44
-46
-52
-45
-45
-51
-51
-61
-54
-50
-48
-55
-61
-54
-50
-46
-42
-35
-33
-33
-40
-37
-23
-18
-26
-34
-38
-35
-26
-29
-33
-33
-26
-28
-12
-9
-17
-21
-19
-15
-21
-15
-18
-13
-14
-10
-7
-12
-14
-34
-35
-27
-10
12
11
-2
-3
-11
-13
-13
-25
-34
-45
-33
-18
-4
-4
-13
-27
-41
-34
-37
-35
-31
-28
-11
-13
-13
-14
-10
-11
-12
-7
-10
-10
-17
-12
2
8
0
-12
-24
-26
-19
-14
-5
-16
-20
-6
-7
-20
-16
-14
-11
-20
-27
-26
-27
-14
-10
-9
-13
-8
-21
-22
-13
-21
-12
-5
0
-2
-1
-5
-20
-19
-19
-11
-3
-2
11
2
8
9
4
8
0
4
10
19
12
13
16
15
8
13
19
11
16
9
9
13
12
15
19
23
25
20
29
30
12
9
17
34
28
33
30
15
24
21
18
24
27
25
28
40
40
48
48
41
36
30
25
24
33
38
53
44
47
45
45
49
23
23
17
22
35
46
44
46
49
39
40
26
13
10
4
3
12
16
22
34
40
33
34
25
14
10
2
2
0
18
15
22
31
20
34
28
19
7
0
0
-2
8
10
18
15
12
4
-11
-3
-3
-6
-8
4
13
17
27
18
6
-9
-1
-2
-5
-7
-7
-2
-8
3
4
10
-3
2
9
-2
1
-12
-13
-23
-18
-8
-4
7
-2
-2
-6
-3
-2
-3
-4
-12
-14
-17
-12
-14
-24
-21
-29
-25
-18
-27
-25
-49
-53
-50
-52
-36
-41
-32
-25
-23
-25
-20
-24
-31
-22
-30
-23
-32
-37
-28
-30
-30
-19
-16
-17
-7
-5
5
-8
-10
-7
-12
-22
-29
-30
-38
-25
-26
-24
-29
-9
-4
-5
-12
-28
-20
-45
-36
-37
-27
-25
-15
-5
-22
-13
-38
-43
-53
-54
-32
-2
15
15
18
1
11
6
-8
-6
4
-8
-12
4
14
30
27
32
20
9
4
5
17
25
44
46
56
45
30
22
10
5
3
10
11
20
20
32
43
36
20
13
11
3
7
16
51
68
79
84
71
61
40
33
24
7
16
22
39
63
55
65
64
43
27
1
2
-1
16
21
25
44
27
28
4
-6
-17
-10
13
15
43
33
32
20
16
-13
-24
-28
-51
-24
-17
8
19
46
28
10
-13
-49
-44
-38
-3
1
20
9
6
22
0
0
-25
-16
-17
4
33
30
44
13
20
-14
-27
-33
-35
-19
-24
18
11
45
20
30
24
-9
-5
-24
-8
-44
-15
-41
-13
-8
-8
8
-11
35
13
45
27
27
17
-6
-5
-26
-10
-21
-15
-20
-31
-38
-12
11
17
24
2
-12
-30
-37
-45
-52
-49
-45
-14
3
32
49
60
56
42
34
1
-15
-39
-24
-2
36
42
47
39
20
18
9
20
12
47
48
62
69
90
99
84
59
18
-5
-11
6
6
44
36
42
30
42
52
63
73
52
57
38
26
1
6
-13
-3
2
26
34
49
68
53
69
37
17
-24
-42
-52
-57
-21
5
49
75
80
79
63
75
16
27
-3
-47
-49
-70
-41
-59
-9
-7
39
50
70
78
32
9
-62
-72
-113
-93
-75
-49
11
34
77
63
58
32
-18
-12
-76
-30
-51
-24
0
-2
33
-3
49
-16
19
-32
-28
-69
-100
-101
-122
-90
-123
-40
-48
61
67
143
160
135
103
10
-17
-141
-156
-221
-199
-160
-91
13
80
133
126
94
49
-36
-73
-117
-110
-79
-47
40
48
126
78
81
0
-66
-86
-156
-97
-123
-38
-23
11
23
-32
-1
-90
-72
-94
-70
-6
4
117
76
116
20
-49
-110
-183
-154
-199
-102
-110
-56
-89
-112
-162
-208
-183
-168
-51
31
200
242
300
236
141
2
-175
-264
-374
-315
-286
-122
9
119
239
217
230
119
66
-17
-59
-29
-36
38
33
64
68
80
95
116
147
187
195
212
190
140
107
-4
-1
-125
-59
-78
35
135
175
343
273
422
270
323
185
88
41
-142
-68
-233
-77
-128
3
75
102
186
77
112
-43
-68
-174
-177
-178
-143
-42
-6
71
43
5
-123
-238
-332
-400
-380
-345
-282
-216
-219
-181
-282
-301
-405
-431
-366
-340
-44
30
326
291
320
192
-103
-173
-587
-497
-770
-562
-502
-343
13
-35
368
113
330
44
-4
-26
-212
68
-115
248
122
323
316
279
348
161
233
39
114
74
179
280
378
424
454
396
357
305
264
346
344
515
488
618
579
554
510
324
261
91
77
80
148
338
400
526
473
378
287
-4
-19
-274
-248
-335
-376
-313
-431
-266
-388
-257
-308
-280
-232
-309
-268
-386
-471
-597
-752
-789
-819
-768
-553
-469
-194
-236
-170
-308
-520
-557
-882
-744
-934
-720
-581
-451
-53
-157
165
-73
-52
-189
-453
-292
-605
-274
-379
-140
74
40
502
293
642
448
406
447
44
359
-40
316
245
361
737
529
1140
770
1201
933
945
1022
682
1132
721
1238
964
1210
1164
1057
1198
883
1082
777
947
796
927
872
946
923
932
902
818
830
640
716
369
360
-89
-254
-607
-832
-899
-1077
-884
-945
-680
-692
-603
-683
-847
-1004
-1253
-1383
-1501
-1523
-1498
-1498
-1492
-1498
-1533
-1483
-1498
-1337
-1316
-1197
-1170
-1162
-1084
-1156
-1023
-1102
-930
-935
-736
-550
-425
-168
-335
-264
-685
-699
-936
-752
-477
-199
369
424
970
775
1129
891
1010
951
809
1032
790
1267
991
1300
917
779
485
203
302
181
535
461
645
506
539
499
590
670
773
780
822
846
865
972
894
1007
885
1134
1396
2081
2877
3459
3730
3281
2438
1205
-41
-883
-1444
-1348
-988
-372
516
1058
1712
1631
1455
806
71
-366
-763
-487
-401
-92
-143
-492
-905
-1597
-1983
-2394
-2550
-2531
-2534
-2232
-2092
-1761
-1606
-1630
-1713
-2148
-2323
-2576
-2448
-2166
-1869
-1479
-1458
-1425
-1642
-1808
-1880
-2028
-2015
-2120
-2144
-2051
-1902
-1361
-842
-181
469
833
1443
1595
2124
2209
2291
2193
1556
1395
615
848
672
1141
1415
1504
1754
1184
1274
481
487
-37
-27
93
285
1027
1320
2060
2052
2194
1746
1370
854
476
130
-129
-282
-456
-338
-444
-45
-154
120
-94
-138
-98
-49
797
1437
2846
3751
4685
4981
4627
3781
2301
839
-699
-1670
-2266
-2003
-1461
-242
595
1597
1871
1810
1496
603
405
-454
-135
-488
-44
-8
-85
-29
-842
-885
-1968
-2111
-2869
-3036
-3203
-3365
-3071
-3152
-2770
-2894
-2766
-2969
-2997
-3026
-2805
-2394
-1925
-1446
-1290
-1209
-1521
-1870
-2233
-2677
-2654
-2804
-2345
-1878
-1206
-121
259
1302
1150
1663
1526
1493
1859
1373
1892
1102
1414
1108
1344
1837
1869
2455
1986
1932
1183
721
221
-64
-154
1
240
734
1192
1566
2045
1855
2055
1336
1226
550
217
8
-397
-124
-498
-26
-183
157
174
79
125
-261
-83
6
885
2168
3703
5336
6187
6566
5734
4221
2325
125
-1304
-2664
-2671
-2331
-1013
456
1724
2839
2736
2615
1450
854
58
-178
-230
-289
-152
-476
-566
-1018
-1273
-1725
-2177
-2631
-2973
-3253
-3207
-3178
-2889
-2793
-2780
-2828
-3028
-2971
-2992
-2676
-2399
-2055
-1939
-1979
-2389
-2735
-3439
-3767
-4072
-4077
-3626
-3287
-2153
-1492
-258
471
1097
1671
1594
1936
1707
1855
1861
1650
1860
1578
1889
1748
1715
1800
1194
1194
385
427
133
103
438
337
1005
859
1379
1398
1520
1617
1302
1449
1159
1150
888
658
492
99
-63
-378
-523
-674
-827
-623
-396
299
817
1673
2324
3072
3731
4170
4819
4571
4459
3324
2409
1208
177
-240
-744
-280
-214
594
1150
1727
2191
1939
1792
1090
703
400
296
568
512
601
237
-162
-624
-1401
-1786
-2603
-2928
-3423
-3514
-3342
-3229
-2808
-2907
-2791
-3149
-3307
-3443
-3398
-3162
-2967
-2673
-2550
-2532
-2688
-3004
-3391
-3792
-4203
-4380
-4499
-4104
-3681
-2584
-1549
-90
1105
2041
2967
2990
3424
2782
2855
2167
1856
1687
1310
1730
1206
1634
1097
1037
660
383
561
385
767
624
923
933
1159
1404
1646
1866
1902
1854
1739
1649
1397
1214
850
552
87
-284
-591
-818
-876
-978
-810
-644
-424
-167
142
910
1891
3542
5386
7254
8356
8279
7181
4901
2360
-539
-2625
-4074
-4432
-3785
-2306
-69
1874
3501
3869
3548
2411
1170
262
-243
-135
-181
-88
-310
-501
-782
-1250
-1541
-2266
-2891
-3754
-4277
-4334
-4306
-3756
-3619
-3325
-3470
-3740
-3676
-3649
-3023
-2695
-2239
-2040
-2279
-2410
-2925
-3010
-3377
-3773
-4116
-4695
-4596
-4478
-3427
-2152
-659
814
1582
2610
2868
3525
3729
3762
3758
2731
2443
1410
1449
1236
1183
1483
701
1040
161
682
526
637
767
-8
253
-470
362
610
1699
2356
2659
3000
2598
2700
2052
1885
1054
423
-435
-998
-1200
-1167
-662
-181
693
1267
2164
2780
3625
4106
4444
4721
4450
4461
3547
3236
2252
1586
992
116
315
-511
167
-137
602
1011
1067
1733
865
1390
228
420
-66
-204
-3
-767
-335
-1309
-1162
-1896
-2196
-2413
-3208
-3159
-3847
-3634
-3810
-3799
-3491
-3733
-3431
-3786
-3742
-3745
-3875
-3541
-3497
-3020
-2780
-2706
-2668
-3073
-3600
-4176
-5061
-5217
-5546
-5004
-3885
-2590
-130
1165
3291
4006
4509
4642
3485
3621
2146
2138
1309
963
1342
752
1736
1266
1922
1696
1412
1454
633
710
-26
-113
-188
-125
482
953
1738
2476
2700
3111
2755
2614
2035
1275
930
-96
-167
-962
-860
-908
-838
-163
-26
1066
1477
2568
3529
4451
5835
6338
7150
6735
5937
4558
2428
958
-908
-1482
-1975
-1629
-732
-3
1340
1817
2471
2253
1765
1154
314
32
-281
-150
-22
-69
-23
-482
-829
-1537
-2293
-3000
-3927
-4254
-4700
-4471
-4395
-4066
-3850
-3894
-3785
-3962
-3708
-3713
-3386
-3289
-3090
-3073
-3241
-3388
-3753
-3840
-4061
-3912
-3834
-3724
-3872
-4270
-4574
-4665
-4143
-3099
-1494
392
2228
3694
4853
5446
5643
5216
4459
3549
2441
1736
1175
1156
1155
1088
1174
910
906
667
411
299
-328
-358
-713
-168
697
1648
3140
3590
4571
4208
4145
3560
2705
2119
613
0
-1301
-1671
-1969
-1740
-943
-382
658
1360
2293
3166
3863
4752
5302
5757
5987
5725
5649
4658
3873
2417
1038
-40
-1359
-1468
-1944
-1217
-866
-339
432
391
1149
667
1091
879
759
913
253
665
-243
-204
-1029
-1548
-2024
-3073
-3273
-4272
-4210
-4686
-4539
-4394
-4256
-3870
-3909
-3578
-3454
-3166
-2902
-2822
-2633
-2841
-2977
-3249
-3448
-3400
-3655
-3463
-3821
-3561
-4088
-4112
-4588
-4726
-4581
-4475
-3132
-2313
-41
962
2922
3773
4789
5343
5309
5746
5041
4996
3792
3441
2349
1803
758
225
-428
-664
-669
-586
139
-15
732
202
1003
943
1784
2426
2926
3857
3645
4256
3712
3854
3101
2318
1313
49
-784
-1740
-1941
-2005
-1505
-807
180
1529
2725
3935
4580
5126
5215
5083
4894
4295
3956
2874
2177
1034
442
-145
-543
-548
-695
-197
-173
457
503
836
519
310
82
-71
221
191
676
404
355
-264
-799
-1347
-2082
-2635
-3450
-4004
-4389
-4666
-4483
-4363
-3979
-3814
-3894
-3750
-3918
-3643
-3634
-3154
-2847
-2533
-2399
-2230
-2247
-2432
-2713
-3152
-3405
-4214
-4285
-4649
-4165
-4065
-3934
-3764
-4225
-4236
-4655
-4249
-3285
-2009
112
1920
4186
6224
7574
9396
9350
9569
7519
5675
3505
963
-7
-1812
-1058
-1622
-532
72
1031
2178
2068
2627
1570
1380
367
308
370
992
1869
2661
3461
3998
4466
4344
4153
3305
2440
732
-731
-2255
-3049
-3174
-2354
-387
1994
4330
6033
6906
7161
6460
5154
3487
1352
-20
-1667
-1480
-1244
256
1326
1748
2112
1070
1099
-67
137
-370
-617
-960
-1586
-1086
-987
-95
143
332
44
-633
-1103
-1377
-1365
-1328
-1746
-2047
-2620
-2850
-3182
-3416
-3582
-3919
-4097
-4574
-4568
-4653
-4204
-4132
-3844
-3801
-3769
-4043
-4435
-4477
-4419
-4154
-4085
-4024
-4268
-4632
-5339
-5550
-5809
-5740
-6358
-6740
-6520
-4939
-2110
2154
7377
12393
15106
15710
15042
12686
9872
4813
1808
-2639
-4615
-6094
-4821
-1427
63
3188
2287
3362
1192
734
249
-654
-367
-2298
-1399
-1296
1516
4391
7133
9387
9531
8839
6697
4146
1951
-1147
-3796
-6667
-8444
-8690
-8288
-5512
-3150
253
2511
4759
6671
7592
8584
8114
7443
5770
3908
2407
977
731
574
615
555
7
-111
-1000
-1127
-1468
-1206
-917
-691
-24
420
1382
1895
2467
2553
2528
2031
1426
730
386
-90
-623
-1325
-2143
-2823
-3785
-4178
-4658
-4631
-4819
-4764
-4414
-3999
-3237
-2776
-2105
-1678
-1560
-1517
-1857
-1544
-1582
-1543
-1903
-2587
-3037
-4592
-5539
-6901
-7126
-7633
-8096
-7863
-7911
-7187
-7183
-6079
-4911
-3666
-2330
-760
1949
4749
7443
10321
12588
14050
13124
11034
8693
5360
2329
-1692
-3334
-4993
-5122
-4428
-2898
-80
683
2300
1852
2543
1908
1621
1752
1391
2026
1337
2237
2635
3965
4535
4658
4447
3309
1795
-277
-1900
-3302
-4563
-5613
-5890
-5426
-3818
-1862
1307
4264
7493
9489
10749
11051
10202
9112
6170
3787
198
-1880
-4016
-4843
-4250
-3871
-2047
-2114
-368
-103
1021
1794
1946
3193
2318
3396
2504
3348
3112
2703
2502
850
891
-983
-1076
-2395
-2592
-3180
-4206
-4283
-5116
-4496
-4844
-4230
-4049
-3808
-3410
-3568
-3108
-3006
-2557
-2138
-2066
-1604
-1612
-1362
-1624
-2384
-3372
-5202
-6421
-7726
-8461
-9039
-9623
-9624
-9645
-8775
-7341
-5364
-3060
-1079
1405
3740
7077
10860
14822
16665
16069
13869
10532
7144
2488
-334
-3671
-5312
-6999
-6525
-4032
-2132
912
1177
2337
1039
711
832
987
2307
1895
2916
3015
4548
6353
7694
8858
8031
6461
3309
46
-2415
-4641
-6029
-7528
-8021
-7684
-6646
-4243
-1539
1774
4226
5985
7275
8037
9253
9964
10287
9274
7057
4509
1366
-714
-2531
-3474
-4352
-5190
-5204
-5061
-3684
-2526
-947
137
858
1558
2210
3461
4491
5167
4934
4464
3603
2612
1447
667
-129
-1304
-2710
-4192
-5012
-5754
-6082
-6377
-6356
-6146
-5755
-5211
-4411
-3289
-2257
-1593
-1583
-1580
-1995
-2089
-2246
-2511
-2981
-4021
-4622
-5493
-6428
-7405
-8754
-9997
-11744
-12314
-11879
-10899
-8181
-5009
-484
3378
8399
14653
19245
21010
18832
16311
12030
6521
1171
-2916
-5445
-7783
-8355
-6478
-3411
-640
1244
2337
2619
1365
592
-53
130
302
169
1355
2891
5921
8289
10315
11376
10463
8467
4538
1262
-2234
-5481
-8067
-10169
-10327
-9912
-7643
-4655
-1135
2557
5175
7667
8781
9858
10729
10549
9528
6986
4797
2011
-302
-1664
-2645
-2622
-3601
-3484
-3375
-2607
-1939
-1461
-313
-70
995
1607
3284
4799
5863
6272
5785
5457
4455
3613
2425
1368
7
-1800
-3507
-4777
-5562
-6011
-6247
-6297
-6175
-5865
-5134
-4345
-3429
-2868
-2531
-2618
-3158
-2986
-2396
-1381
-669
-510
-1058
-2577
-4272
-6244
-7624
-8844
-10504
-12001
-13425
-13528
-12816
-11142
-8473
-5396
-1687
1004
6380
12756
19117
21344
19947
17870
13175
8846
1916
-1010
-4880
-7731
-9873
-9988
-5889
-4315
-292
177
2393
1390
472
870
699
2438
1477
2819
3443
5891
8044
9757
11174
10595
8399
4681
450
-2803
-5872
-8457
-10082
-10836
-9536
-8418
-4954
-1514
2946
6154
7981
9698
10220
10582
9012
7612
5685
3637
1681
159
-67
-8
-296
-735
-1412
-1858
-2698
-3014
-2658
-1844
-450
643
2354
3704
5089
5856
5925
5769
5128
4388
3272
2300
1698
838
-96
-1522
-2711
-3813
-5133
-5878
-6575
-6604
-6894
-6660
-6290
-5826
-5229
-5092
-4714
-4607
-4189
-3693
-2745
-1862
-1305
-1271
-2046
-3301
-5032
-6687
-8149
-9305
-10701
-12474
-13578
-13728
-12434
-10230
-7249
-3631
-199
4953
10865
17395
20393
20257
18349
14641
10765
4776
1484
-2458
-4933
-7291
-7327
-4598
-3181
-341
-222
1277
138
-335
-429
-349
640
68
1494
2521
5407
8023
10639
12425
12539
10838
7560
3557
-292
-4337
-7843
-10526
-12145
-11790
-10736
-7439
-4064
380
3930
6931
9185
10409
11479
11131
10431
8694
6698
4658
2649
1538
693
34
-764
-1955
-2441
-3333
-2932
-2975
-2032
-1185
-183
1432
2669
5023
6035
7600
7392
7389
6428
5187
3988
2365
1153
-1023
-2462
-4246
-5070
-5977
-6313
-6533
-6514
-6434
-6196
-5568
-5157
-4836
-5108
-5385
-5806
-5720
-5418
-4830
-4303
-3707
-3179
-2880
-3147
-3567
-4702
-6282
-8302
-10208
-11968
-13814
-14446
-14132
-12205
-10659
-7741
-4171
1121
7617
14683
20538
22004
21682
18726
16028
10278
4743
-531
-4862
-7581
-9297
-6231
-3956
-551
109
1080
975
-102
16
-705
248
-645
78
1177
3876
7511
10820
13639
14240
12978
9766
5608
1330
-2943
-7109
-10403
-12874
-13148
-12359
-9372
-5590
-1342
2495
5404
7866
9182
10654
11334
11816
11141
9716
7831
5814
4176
2482
1142
-1039
-3116
-5025
-6139
-5979
-5396
-3535
-2290
-185
1133
3198
5590
7423
9298
8955
9078
7200
6325
4441
3108
1536
-916
-2583
-5135
-5985
-7518
-7560
-8201
-8288
-8417
-8332
-7538
-6927
-5838
-5381
-4766
-4602
-4059
-3713
-3113
-2731
-2681
-3224
-3751
-4057
-4440
-5543
-7369
-9010
-10003
-11223
-12512
-13232
-13183
-12560
-11691
-9225
-6188
-2228
2066
8820
16074
20562
21756
21159
19903
16039
10249
4317
-461
-4857
-8229
-9047
-6648
-4316
-2009
-779
516
894
477
848
655
1311
413
879
1885
4547
8049
10630
12641
12480
11209
8051
4429
840
-2891
-6593
-10154
-12607
-12896
-11910
-9069
-5590
-1234
3127
6618
9596
11344
13090
12986
11700
9581
7242
5327
3495
2548
2177
1541
597
-1161
-2300
-3559
-4489
-4678
-4727
-3223
-2160
222
2299
5121
7435
8430
9024
8038
7426
5556
4140
2452
844
-942
-3091
-4629
-5950
-6579
-7077
-7372
-7489
-7394
-7184
-6599
-6103
-5534
-5361
-5366
-5495
-5269
-4476
-3626
-2867
-2571
-2828
-3690
-4811
-5896
-6726
-7984
-9295
-10377
-10785
-10833
-10774
-10590
-10608
-10072
-8979
-7704
-5498
-446
8436
17604
22624
24089
23970
22708
17973
10989
4664
-1737
-7854
-12826
-12393
-8223
-4344
-936
1048
3501
3468
3488
4210
4497
4244
1164
225
127
2665
5975
8913
11839
11756
10782
7477
4705
1782
-2222
-6436
-11050
-13522
-14505
-13510
-10266
-5868
-611
3515
7141
10384
12501
13703
12718
11391
9304
6803
4503
2547
2380
2088
1482
14
-1784
-2912
-4538
-5227
-5504
-4812
-3473
-2614
-513
1700
5207
7776
9190
9758
8736
8039
6010
4831
3283
1646
-254
-2912
-4474
-6029
-6484
-7265
-7829
-8088
-8252
-7901
-7657
-7140
-6560
-6370
-6345
-6094
-5331
-4064
-3106
-1846
-1034
-86
47
-785
-2298
-4658
-6759
-9531
-11708
-13666
-14311
-14737
-14635
-13189
-11023
-7937
-6616
-4509
-3176
34
4920
11552
18881
21101
22667
20637
19800
15446
9659
4776
-2122
-5923
-11485
-9726
-7806
-4499
-1998
-1337
1476
554
2904
3379
5307
5003
3224
3349
3399
5923
7828
9843
10969
9973
8242
5420
2635
370
-3479
-6411
-10499
-12298
-13163
-12514
-9329
-6064
-808
2770
6930
10343
13191
15370
15200
14767
12627
9601
6502
3037
1377
-1003
-2796
-5025
-6722
-7046
-7872
-6363
-5441
-2973
-1266
839
3327
5699
8686
9650
10351
9360
8209
6540
4709
3037
1187
-653
-3048
-5253
-6768
-7897
-8469
-9025
-9392
-9441
-9440
-8914
-8427
-7260
-6198
-5242
-4366
-3274
-1532
-330
481
901
780
253
-1907
-4471
-7026
-8869
-10839
-12982
-13912
-14893
-14273
-13716
-12120
-10107
-7429
-5032
-3558
-2183
-909
4848
13108
21026
23584
23736
22399
19897
15380
8341
3287
-3564
-9312
-13955
-11797
-6761
-2475
1691
3170
5459
4259
5017
5959
6701
5346
1365
-238
-1265
911
3614
7154
9853
9787
8512
6170
4142
2010
-1445
-5469
-10080
-13067
-14422
-13683
-9665
-5127
266
3961
7085
10256
13128
15188
14588
13517
10970
7259
3847
856
295
-787
-2453
-4618
-6159
-6223
-7369
-6215
-5314
-2993
-1380
447
3546
6676
10698
11845
12642
10993
9055
6323
3664
1483
-941
-2936
-5481
-6887
-7833
-7758
-7748
-7747
-8223
-8557
-9026
-8851
-8306
-7242
-6100
-5290
-4320
-3306
-1539
-697
265
533
247
-965
-2711
-4404
-6230
-7949
-10406
-12695
-14240
-15287
-15524
-14868
-13083
-10682
-8374
-6439
-4195
-1064
2530
8240
15598
22306
24046
23484
21384
18752
13234
5654
-212
-6376
-9652
-12417
-8537
-3776
799
3795
4827
6875
5125
5546
3881
3430
953
-1861
-2425
-1807
2099
5283
8917
10818
10957
9691
7288
4641
1683
-2444
-6219
-10336
-12016
-12360
-10907
-7630
-4446
-147
2441
5511
7381
9706
11328
11158
11108
10420
9619
7560
5704
4451
2422
-195
-3876
-6341
-7994
-9091
-8414
-6615
-3403
-930
2481
5315
8577
11023
12004
11646
9805
7864
4910
2928
646
-477
-2119
-3572
-5177
-6208
-6841
-7711
-8146
-9162
-9601
-10369
-10092
-9727
-8399
-7277
-6147
-4938
-3153
-1001
771
2582
3206
2908
826
-925
-3488
-6267
-9791
-12225
-13307
-14640
-15053
-15191
-13395
-12655
-11101
-9113
-6488
-3898
-2485
978
6683
15881
22940
25812
25095
22744
19307
12873
5502
-1107
-6812
-11914
-14517
-11506
-5411
-403
3580
5587
7198
5906
4942
4194
3177
1052
-3160
-4126
-3762
-42
3651
7813
10977
11748
10956
8025
5782
2668
-1491
-6372
-10698
-13169
-13692
-12455
-8721
-4260
854
4494
7818
10594
12675
14020
12566
10761
8056
5727
3010
1055
598
254
-609
-2480
-3868
-4430
-5361
-5360
-4631
-2847
-883
1134
4038
6892
10192
11281
11395
9911
7957
5572
3114
1228
-668
-2225
-4407
-5899
-7012
-7327
-7830
-8436
-9334
-9871
-10157
-9996
-9396
-8145
-6605
-5425
-4314
-2866
-320
1553
2770
2672
1984
279
-1952
-4500
-7102
-9489
-12088
-14081
-14908
-14642
-14334
-13235
-11929
-9614
-7445
-5566
-3633
-1271
2913
8457
16582
22550
24531
23906
21204
18144
11561
4802
-2013
-7415
-11208
-13467
-9318
-4723
883
3861
6029
7309
6072
6010
4100
3428
75
-2838
-3858
-3180
305
3738
7991
10286
10806
9791
7640
5475
2297
-1721
-5892
-10024
-11954
-12567
-10764
-7272
-3284
1025
4100
7661
10257
12454
12707
11404
10019
7430
4837
2319
688
-75
-1134
-2103
-3620
-4258
-4764
-5276
-4259
-3541
-1315
531
3273
5943
8462
10778
10735
10557
8062
5853
3202
1027
-717
-2516
-3352
-4755
-5300
-6073
-6411
-6958
-7863
-8753
-9478
-9860
-10026
-9599
-8560
-7140
-5773
-4083
-1999
311
1905
2795
2650
1229
-980
-3286
-5575
-7542
-9704
-11660
-12887
-13545
-13603
-13163
-11601
-10756
-9231
-7219
-4876
-2715
-960
2527
8321
15732
20448
22149
22029
20627
17271
11759
5199
-326
-5578
-9747
-11017
-8013
-2936
576
3883
5327
6645
5511
4785
4211
2849
637
-2770
-3327
-2757
539
3841
7775
10479
11190
10448
8586
6571
3686
36
-4444
-8174
-10754
-11322
-10404
-7067
-3646
83
2777
5108
7483
9622
11624
11537
10949
8991
6894
4616
2440
1248
-453
-2296
-4451
-5542
-5178
-5155
-3498
-2302
84
1424
3012
5319
6922
9053
8408
8420
6383
5038
3007
1307
308
-1324
-2238
-4088
-4785
-5688
-6002
-6869
-7925
-9078
-10007
-10946
-11110
-10756
-9540
-8042
-6076
-3969
-2110
-274
528
1283
661
52
-1909
-3855
-6065
-7306
-7987
-9608
-10677
-12024
-11940
-12213
-11863
-11049
-10747
-9409
-8903
-7381
-5462
955
12352
21945
26874
26097
26391
23957
17957
9149
1389
-5028
-12480
-16053
-13431
-5752
-10
4305
6825
9230
7684
6110
4428
2939
-773
-6809
-8847
-8998
-3843
624
7768
13087
16094
16249
13769
12111
8126
3278
-3884
-9908
-14207
-16189
-15612
-11849
-6737
-1296
2222
5634
8656
11068
12012
10587
9532
7022
5014
2626
1832
2434
2916
2540
759
-456
-1439
-2902
-3419
-3706
-2625
-1801
-812
1378
4222
8147
9401
10476
9254
7911
5736
3395
2026
200
-705
-3043
-3968
-4893
-5196
-5721
-6956
-7950
-9315
-10005
-10607
-10679
-9850
-8873
-7537
-6428
-4792
-2516
-1117
79
448
849
174
-1448
-3148
-5160
-6758
-8232
-8996
-9674
-11291
-12164
-12494
-12501
-12298
-11330
-9055
-7382
-5939
-4477
627
9593
19346
24674
25538
24146
22060
18019
10670
4457
-2343
-7818
-13912
-13332
-7759
-1522
4203
6090
9070
6958
5481
3387
2531
1026
-4094
-6450
-7955
-4510
69
6161
12265
15059
15686
13277
10752
8051
3495
-1602
-7776
-12229
-15191
-15997
-12618
-8430
-2754
617
3778
6626
8818
10874
10817
11071
9487
7328
4908
2757
2630
2429
1765
-161
-2265
-3368
-4780
-4516
-4042
-2388
-971
-176
1699
3786
7039
8661
9612
8796
7060
5067
3033
1768
660
-362
-1827
-3271
-4477
-5005
-5700
-6398
-7906
-9154
-10496
-11334
-11327
-10480
-8756
-7351
-5879
-4242
-2164
-326
767
1243
1659
975
-588
-2796
-4121
-5482
-7526
-9630
-11220
-12280
-13793
-14972
-14924
-13635
-12190
-9888
-8032
-5304
-2544
4438
14208
22824
27122
26141
25209
20968
15715
7759
1352
-4533
-10770
-13567
-12171
-5797
-592
3841
6076
7046
5682
4125
2995
2100
-89
-3069
-4108
-3398
812
5425
11558
15269
16866
15488
12112
8759
3961
-860
-6885
-11698
-15435
-17189
-15740
-11761
-6306
-1185
3037
7145
10180
12537
12998
12696
11147
8145
5311
2257
1161
375
592
-164
-915
-1937
-3436
-4390
-5352
-4948
-4332
-2933
-1446
1184
4409
7228
9151
9692
9110
7355
4849
2548
606
-990
-2815
-4314
-5251
-5980
-6171
-6478
-6419
-7124
-7928
-9047
-9617
-9501
-8901
-8001
-7189
-5895
-4609
-3236
-2159
-813
310
589
71
-415
-1197
-2994
-5817
-8732
-11107
-12184
-13390
-14365
-14786
-14141
-12758
-11028
-8295
-6086
-3137
1213
10217
20447
26898
27902
27035
24853
19324
10782
2911
-2965
-8999
-13278
-14037
-8483
-3690
1164
3853
6615
7091
5062
4380
2458
1665
-2354
-3410
-3231
-143
4041
8612
13775
16102
16130
13066
9830
5535
407
-5799
-10875
-14919
-16687
-16956
-13634
-8697
-3208
1624
5146
8591
10050
11709
11924
12329
10798
9236
8118
6151
4818
2939
1476
-1550
-4485
-6556
-8100
-7291
-7154
-4271
-1744
917
3489
5469
8908
9098
10943
9022
7799
5012
2230
814
-1741
-1833
-4276
-4322
-5687
-5765
-5746
-5875
-5794
-7163
-7893
-8999
-9551
-9758
-9718
-9215
-8144
-6981
-5282
-3524
-1230
-462
138
-191
-959
-2210
-3836
-5778
-7716
-9188
-11526
-13363
-15015
-15625
-15955
-14737
-13029
-10481
-7683
-3561
4146
14722
23865
27779
28646
27404
24881
18606
10746
3557
-2995
-8903
-13662
-11802
-7563
-3157
-128
1903
4620
3409
3574
2704
3409
1752
-1498
-1292
-501
4378
7787
13208
16803
17760
16135
11480
7482
2104
-3758
-10096
-15675
-18501
-19376
-17768
-12980
-7212
5
4478
9054
12137
14327
15012
13149
11691
7921
5104
1884
422
345
56
-110
-1314
-2184
-3515
-4817
-5117
-5752
-4664
-3538
-1437
1480
4566
8210
9908
11485
10458
9125
6578
3853
1801
-454
-2116
-4123
-5153
-5943
-6281
-6227
-6173
-6276
-6655
-7429
-7655
-7710
-7091
-7292
-7711
-7601
-7022
-6318
-5313
-3720
-2088
-913
-677
-628
-1225
-2157
-4541
-6044
-8292
-10549
-12196
-13510
-14446
-15301
-14862
-14560
-13396
-12080
-8259
398
13261
24048
29635
31352
31281
29707
22820
13806
4753
-3389
-11417
-16936
-14406
-9973
-4812
-1854
1240
4501
4033
5252
4321
4969
1747
-1903
-2597
-1585
3968
7824
13616
16658
17779
16836
13258
10047
4801
-1483
-8979
-15807
-19374
-21238
-19423
-15159
-9344
-1998
3151
8632
12570
16659
18021
16449
14385
10116
7188
3164
935
101
-1152
-2071
-4798
-5062
-6403
-6739
-6867
-7345
-5317
-4812
-1377
1050
5844
9282
11156
12418
10802
10245
6949
5033
2040
6
-2258
-4579
-5793
-6796
-6779
-7079
-7014
-7104
-6971
-7472
-7351
-7215
-6460
-6762
-7044
-6768
-6133
-5034
-4154
-3157
-2543
-2290
-2093
-2078
-2724
-4099
-6458
-8084
-10241
-11438
-12263
-13024
-13110
-13394
-12791
-12540
-12026
-10897
-7121
2735
14743
23836
27688
29089
30397
27920
20740
11907
3799
-4340
-12454
-15536
-11824
-7672
-3809
-2389
917
2438
2532
4395
4691
6039
1383
-562
-1519
1128
5909
9695
15279
16129
16581
13543
10791
7604
2315
-3835
-10891
-16269
-19375
-20041
-16798
-12516
-6987
-1436
2971
8273
11125
14896
15829
15756
13371
9946
7879
4548
3666
2124
908
-1641
-4692
-6026
-7262
-7114
-7511
-6760
-5300
-4191
-1279
2080
6917
10251
12112
12220
11043
9736
7286
5212
2686
531
-2193
-4538
-6178
-6543
-6733
-6984
-7440
-7831
-7507
-7260
-6315
-5522
-4533
-4582
-5298
-6086
-6246
-5394
-4632
-4510
-3979
-3621
-3409
-3335
-3228
-3008
-4287
-6402
-9129
-10529
-11881
-13643
-14268
-14233
-13983
-13409
-12334
-10525
-8202
-2670
7716
19568
27130
28601
29249
28765
24671
16539
8126
382
-7601
-14790
-16154
-11350
-5709
-1511
627
3868
3970
4221
4361
5546
5529
1428
-650
-1718
2370
6461
11433
15474
16604
16025
12227
9385
5345
579
-5493
-12227
-17216
-19854
-19667
-16616
-12141
-6027
-951
3688
7506
11054
15276
16199
15883
13498
11367
8483
5257
3452
1457
-301
-3848
-7199
-8483
-9582
-9458
-9337
-7821
-5457
-3436
568
3936
9252
11851
13124
13017
11120
9925
6897
5428
2465
167
-2402
-4946
-5974
-7138
-7169
-7868
-8487
-8602
-8539
-7600
-6731
-5180
-3900
-3835
-4226
-5087
-4686
-4363
-3580
-3119
-2945
-3075
-3538
-3693
-4262
-4790
-6706
-9202
-11714
-13544
-14224
-14207
-13606
-13109
-12689
-11809
-11491
-10070
-5996
3800
17317
25990
29116
28637
28892
26238
18275
10188
1192
-6095
-14734
-17908
-12760
-7187
-1113
17
3716
4343
3446
4468
4276
6679
1990
-663
-2278
19
5351
8764
14624
16008
16183
12730
8703
6450
1943
-2804
-9477
-14869
-17395
-18785
-15968
-12166
-6172
-1026
1856
5247
6595
9979
10916
11668
12523
12613
13017
10172
9006
7372
5014
852
-5578
-9213
-12786
-13794
-13368
-10774
-5919
-3320
777
3559
8470
12062
13613
14181
11831
10225
6346
4379
2400
1197
-384
-2983
-4475
-6037
-6381
-7185
-7841
-8624
-9346
-10001
-10083
-9113
-7145
-5650
-4630
-4258
-3429
-2447
-1691
-1029
-981
-1772
-3436
-4462
-4771
-4759
-6103
-7894
-10051
-10960
-12672
-13537
-14430
-14738
-14189
-13746
-11268
-10304
-7404
-2809
8008
20043
27215
30321
30217
29889
24709
16333
7843
-395
-8066
-15968
-17466
-12780
-7311
-1726
822
4950
5184
5014
5204
5671
6255
1675
-464
-2000
961
4442
8904
14002
16010
15403
11800
8664
5531
907
-4951
-10803
-15364
-17618
-18913
-15695
-11148
-4915
-436
2904
6400
8767
11582
11715
12581
12341
10990
8933
6937
6595
6168
4142
613
-4201
-7256
-10505
-11828
-11224
-9514
-5834
-3682
601
4297
9752
13115
14338
14367
11976
9954
6367
4383
2142
257
-1980
-4471
-5634
-6577
-6740
-7440
-8418
-9155
-9984
-10004
-9906
-8616
-7139
-6183
-5632
-5392
-3700
-2212
-642
-14
314
-24
-1113
-2327
-3827
-5336
-7851
-10874
-13652
-14752
-15338
-14834
-13724
-12290
-11360
-11236
-9838
-8456
-6183
-2991
4458
15584
23912
28212
28888
29085
26229
18713
10353
1349
-6133
-13755
-17258
-13861
-8918
-2935
-1
4198
6652
6854
7967
7347
8008
3691
196
-1997
-1490
2371
5463
10808
12912
13508
11752
9433
7482
3251
-1504
-7319
-12591
-15876
-17695
-15576
-11240
-5898
-842
2643
6833
9187
12049
13108
13385
13121
10829
8543
5571
4142
2680
723
-2072
-5595
-7857
-9261
-9731
-7970
-5701
-2456
-387
1892
5142
8256
11741
12244
12783
10861
8330
5772
3050
2067
-284
-1590
-3861
-5110
-5748
-6736
-6594
-7809
-8507
-9966
-10867
-10680
-10037
-8302
-7183
-5718
-4374
-3198
-1985
-1057
103
322
-943
-2485
-3849
-4283
-5497
-7317
-9313
-10885
-12335
-13913
-14199
-14279
-13913
-14273
-13098
-11881
-9652
-6941
-675
10212
20210
27054
28567
29909
27772
22917
14551
6000
-1823
-10109
-15276
-15799
-10689
-6058
-1185
2069
5565
6275
6539
6771
6358
4805
361
-1384
-2220
918
4229
8971
12870
14172
13626
10753
8432
4614
99
-5424
-10442
-14289
-16236
-15669
-11946
-7119
-1709
2891
7372
10829
12545
13578
12506
11282
8471
6445
3955
2165
1539
808
497
-1732
-3421
-5740
-7155
-7856
-7454
-4878
-2740
518
3343
7102
10079
11901
12726
11140
8972
5226
2506
89
-1225
-2569
-3591
-3935
-4478
-4556
-5103
-5282
-6777
-8015
-9596
-10292
-10320
-10065
-9121
-8247
-6389
-4797
-3030
-1505
-664
-173
-813
-1844
-3026
-4258
-5515
-7637
-9030
-10387
-11347
-12496
-13302
-13950
-14208
-13952
-13386
-12247
-11654
-8881
-3091
8887
20394
27937
30916
30722
29927
23475
15980
6526
-1780
-9839
-17072
-16119
-12242
-5311
-782
2966
6560
5930
6943
5741
6199
3857
-801
-2860
-4486
-611
3218
9382
14818
16798
17196
13547
10953
6661
1278
-4552
-11710
-15714
-18499
-17523
-13619
-8176
-1445
2298
6077
7897
9320
10130
8829
9097
9391
10726
9628
8055
7651
5528
3350
-1929
-6035
-10061
-12593
-12872
-11120
-5408
-1917
2798
5300
8713
11099
12619
13651
11466
9577
4426
1844
-683
-1095
-1763
-2606
-2619
-3969
-3916
-5015
-4659
-5692
-6975
-8864
-10271
-10139
-9920
-9042
-8339
-6898
-5938
-4838
-3189
-1427
-60
-180
-1641
-3308
-4569
-5761
-7512
-8856
-10132
-11096
-11812
-12949
-13868
-14591
-14655
-14632
-13872
-12758
-8739
630
13575
24044
29226
31676
31553
29229
21258
12977
4130
-4497
-12746
-17664
-14135
-10580
-4574
-1789
2659
4600
4079
5347
4517
5682
1165
-1170
-2830
-1251
2994
7092
13406
16386
17612
15664
12563
8831
3208
-2859
-9162
-14875
-17760
-19200
-16109
-11434
-5310
564
4611
8784
11118
14413
14594
13028
10635
7565
5068
2423
1627
1883
1090
20
-2655
-3630
-5275
-7238
-7718
-8700
-6695
-6055
-1807
2323
7556
12042
13205
14538
12081
10557
6355
3300
192
-2928
-4360
-6198
-5621
-5768
-5039
-5046
-5422
-5549
-6573
-7121
-7892
-7584
-7331
-7717
-8020
-7927
-6950
-6087
-4850
-3153
-1684
-1471
-2017
-2489
-2834
-3766
-5543
-7249
-9199
-10837
-12720
-13846
-14362
-14570
-14376
-14438
-13477
-12079
-6835
3600
17043
26397
29507
30441
30233
27878
19921
11437
2417
-6003
-14376
-17449
-12845
-7619
-2420
-544
2865
3585
3893
4787
5206
5314
790
-2051
-3492
-601
4126
9133
14281
16289
16550
14363
11846
8723
3574
-2406
-9273
-14616
-17558
-17782
-14489
-10025
-4616
-303
3527
6612
9145
12079
13220
12174
10195
8680
7408
6135
5346
5152
3300
344
-4012
-6464
-7759
-9285
-9315
-9000
-6481
-4764
-982
3661
8507
12826
13375
13432
11270
9425
6314
3124
753
-2298
-4043
-6199
-6423
-6189
-5700
-5554
-6472
-6740
-7220
-7230
-7357
-6956
-6506
-6682
-7136
-7409
-6264
-4360
-2905
-2591
-2296
-2276
-2516
-2916
-3648
-4339
-6445
-9048
-11786
-12671
-12874
-13327
-12843
-12663
-11721
-11519
-10070
-8486
-5603
196
8548
17908
22744
25782
26635
26731
22379
15128
7954
-151
-6309
-12246
-11671
-9237
-5790
-3182
-1440
1831
2032
3995
4305
5374
4299
1399
672
748
4098
6986
10700
13235
13460
12754
10504
8405
5031
173
-4781
-10060
-13574
-15358
-14506
-11668
-8613
-4367
-898
2874
5783
8418
10847
11567
11638
11329
11646
10774
9016
7119
4458
619
-4109
-8033
-10228
-11326
-11662
-10227
-7290
-3708
-459
3489
7615
10956
13022
12969
12392
10566
8256
5282
2475
365
-2019
-3690
-5387
-5834
-5929
-6081
-6428
-7032
-7075
-7221
-7311
-7370
-6808
-6192
-6065
-6114
-5704
-4396
-2953
-2027
-1643
-1543
-1895
-2792
-3283
-4169
-5499
-7131
-9246
-10548
-11695
-11980
-12111
-11839
-11752
-12415
-11392
-10302
-8774
-6508
-1537
7906
17522
23739
26039
26890
26474
21330
14137
6443
-1029
-7585
-13981
-13567
-10005
-4808
-1092
1394
4999
4519
5438
4808
5554
4300
200
-1503
-2503
807
3830
8142
12273
13889
14297
11775
9791
6863
2050
-3140
-9543
-13428
-16007
-15999
-13210
-9365
-3468
480
4992
8338
11144
13633
13352
12490
9467
6938
3972
1291
763
-414
-845
-3278
-5045
-5950
-6984
-6747
-7369
-5384
-4191
-1787
1300
5002
9625
11561
12877
11570
10367
8090
5286
2930
62
-1906
-4511
-6093
-6544
-6335
-5898
-6484
-6699
-7103
-7237
-7213
-7283
-6150
-5731
-5635
-5933
-5185
-3450
-1960
-759
-534
-535
-1537
-2913
-3918
-4706
-5764
-6850
-8224
-9688
-10737
-11287
-10821
-10949
-11771
-12613
-12251
-10691
-9895
-6973
-1413
7806
17350
21876
25213
25908
26144
21665
14755
8728
-14
-5833
-12936
-12040
-8411
-4669
-135
1007
5297
3757
5119
4998
4771
3871
-1378
-2260
-3779
-143
3550
8165
12837
13862
14398
12336
10622
7834
2535
-2697
-9076
-13683
-16290
-16917
-13449
-10010
-4890
-1918
1536
4996
7474
10586
10915
11501
10699
9963
8473
7010
6621
4882
1965
-2118
-5800
-8091
-9632
-10038
-8862
-6342
-3489
-572
3219
7386
10654
12547
12417
11168
9205
6450
4426
1992
519
-1918
-3446
-4533
-5098
-4870
-5722
-5669
-7056
-7633
-8779
-9099
-8748
-8138
-7343
-7267
-6232
-4739
-2731
-913
306
655
395
-910
-2232
-3856
-5168
-7309
-9262
-11303
-12639
-12787
-12343
-11479
-11340
-11437
-12407
-12005
-11202
-9185
-5378
2713
13639
22484
26975
28602
28967
26279
18854
9995
1616
-6298
-12459
-15623
-11411
-7076
-1855
674
3689
5704
4817
5936
4101
4198
-155
-2446
-3102
-1212
3888
7973
13780
15655
16289
14668
12127
9054
3840
-2106
-8400
-13976
-16709
-17644
-14674
-10545
-5633
-272
3577
7955
9837
12212
11970
10535
8288
5435
3976
2193
2277
2443
2201
757
-1741
-3358
-5327
-6967
-7699
-7395
-5397
-3655
-216
3809
8294
11433
12486
12536
10583
8237
4745
1973
-436
-2529
-4146
-5123
-5075
-4966
-4928
-5261
-5930
-6678
-7582
-8106
-8024
-7656
-7188
-6794
-5907
-4564
-3048
-2175
-1420
-788
-375
-1085
-1970
-2818
-3658
-5606
-8893
-10660
-11554
-11666
-12468
-12527
-12535
-13193
-13109
-12761
-10631
-8998
-5877
1362
11264
20273
24482
27642
27885
25212
18648
10362
3625
-4129
-9565
-13185
-10559
-7203
-3540
185
2952
5538
4495
4834
3297
2242
-933
-3376
-3526
-2177
1864
5791
10991
14184
15545
14645
12620
9424
5097
-255
-5796
-10668
-13439
-14456
-13620
-10455
-6899
-2649
755
4328
7534
10457
11606
10412
8922
7342
5915
4776
3845
3374
2089
233
-1694
-3066
-3810
-5856
-6841
-7229
-5787
-3671
-435
4046
7638
10563
10865
10833
9805
7959
5262
2151
162
-1966
-3164
-3695
-3363
-2740
-3151
-3982
-5337
-6357
-7453
-8284
-8383
-8264
-7900
-7653
-6779
-5228
-3395
-2102
-1172
-695
-392
-990
-2111
-2581
-2969
-3928
-6425
-8655
-10288
-11101
-11416
-11944
-11518
-11804
-12527
-13086
-11956
-9760
-7377
-1985
6220
16830
23276
26553
27308
26839
22598
13720
6287
-2379
-7319
-12953
-12017
-8389
-4383
-137
1037
5360
4018
4945
3281
2613
1051
-2941
-2907
-3076
1310
4489
8942
12760
13993
14247
11503
8636
5278
83
-4848
-10254
-12875
-14060
-13665
-10712
-7827
-2598
103
3122
5217
7238
9664
10556
11267
9936
9292
7719
6101
4757
2680
52
-3765
-6635
-8301
-8096
-7538
-6591
-4557
-2568
527
3366
7729
10634
12701
12114
9915
7818
4729
3222
275
-554
-2491
-3064
-3800
-3769
-2894
-3572
-3731
-6028
-6744
-8200
-8390
-8702
-8618
-8041
-7830
-6415
-5156
-3117
-1302
-205
29
-363
-944
-1787
-3243
-4625
-6458
-7581
-8892
-10365
-10714
-10577
-9928
-9778
-9764
-9803
-10816
-10515
-9539
-6816
-3364
1471
10050
18333
23879
24804
24577
22412
16941
8977
1896
-4222
-8455
-11786
-10346
-5482
-1423
3288
4703
8412
6972
6609
4638
2458
1219
-2909
-2051
-2627
1374
4341
8378
11994
12427
12592
9942
7620
3983
-545
-4454
-8730
-11337
-12298
-11984
-8503
-5717
-1124
1375
4132
6488
8561
12065
12128
11977
9533
7426
5239
2436
1206
-1258
-3159
-5813
-7853
-6799
-6954
-4860
-4395
-1921
345
2405
6459
8032
11478
10284
9631
6729
4556
2865
289
-279
-2264
-2370
-3589
-3428
-3613
-3507
-4014
-5309
-6640
-7838
-8490
-8656
-8399
-8165
-7326
-6568
-5252
-4110
-2150
-1115
-474
-901
-1570
-2213
-2897
-3465
-4781
-6400
-8237
-9760
-10696
-10765
-10194
-9598
-9820
-9349
-9481
-8280
-7693
-5886
-4124
-2388
1562
7291
15689
19075
21068
19818
18355
14160
7831
3419
-2024
-4469
-8397
-6396
-3188
891
4567
5918
8205
6104
5646
3267
2409
914
-1461
-1650
-2201
507
3028
6391
8773
9686
9996
8229
6252
3579
492
-2593
-6560
-9010
-9922
-9259
-7066
-4594
-775
1914
4257
6028
7760
10177
10375
9820
7745
5588
3484
790
-58
-1607
-2383
-4220
-5287
-4663
-4086
-1799
-883
1353
2421
3806
5363
6497
8162
7646
6813
4265
2535
1170
102
-644
-1308
-1519
-2213
-2864
-3227
-3205
-3698
-4920
-6806
-8113
-9067
-9236
-9020
-7944
-6354
-4923
-3524
-2538
-1386
-664
-614
-1508
-2405
-3403
-4315
-5180
-5735
-6229
-6784
-7394
-8993
-9576
-10032
-9745
-9836
-9753
-8815
-8391
-6459
-5593
-2966
-1827
-118
4225
10059
16473
17098
18325
16542
14968
10382
5083
2304
-2710
-4366
-6980
-2673
861
4105
6492
6250
7397
3948
3765
1809
1253
-365
-2803
-2238
-1941
1591
3989
7017
9100
9037
8520
6465
4891
2712
-407
-3382
-6717
-8086
-8692
-7956
-5482
-3157
-267
1439
3407
5260
7007
8533
8088
7344
5847
4074
2486
933
578
-226
-1178
-2287
-2470
-1185
-136
1323
2452
3435
4030
4240
4794
5357
5533
5090
3590
2555
1418
824
268
-350
-65
-763
-876
-1923
-2322
-3211
-4564
-5885
-7815
-8473
-9156
-8501
-7599
-6172
-4608
-3589
-2691
-2415
-1939
-1945
-2544
-2903
-3463
-3796
-4309
-4553
-4761
-6055
-7216
-8897
-9674
-9975
-10293
-9707
-9763
-9016
-8843
-8120
-6423
-5390
-3183
-1991
2773
9444
15720
19204
19058
18994
15724
11489
5905
2106
-1265
-4457
-5697
-3621
60
2727
4782
5211
5149
2309
1312
100
189
-870
-2074
-1197
-480
2758
4847
8134
9667
9642
8568
6263
4622
1946
-860
-3682
-6703
-7924
-8886
-8072
-6077
-3959
-1145
-85
2208
3295
5377
6490
6018
6121
4943
4369
2752
2024
2136
1610
1550
643
848
1348
592
1225
674
1325
726
753
1769
1767
3450
2860
3619
2971
2483
2269
1088
1496
549
716
-349
-1729
-2797
-4601
-5375
-7332
-8354
-9121
-9202
-7970
-7252
-5356
-4168
-2921
-2592
-2734
-1934
-1887
-1370
-1581
-1625
-1495
-2006
-2245
-3641
-5106
-7571
-10286
-11755
-12715
-12100
-11868
-10713
-9510
-7974
-5717
-3631
-366
1070
3362
6514
11930
16374
16818
17208
14770
13304
8063
4434
2026
-1271
-1874
-4518
-418
363
2785
3319
2495
3450
-433
1015
-1101
536
286
438
2965
2955
6221
6383
8171
8008
6482
5390
2811
1602
-399
-2459
-3404
-5459
-5375
-5903
-5186
-3668
-2955
-911
-1042
198
470
1678
3729
4789
6783
7386
7588
7211
5744
5361
2838
1125
-1159
-2591
-1975
-2587
-325
-255
1842
1716
1961
2655
2332
3704
2544
3202
2072
2340
2020
1835
2055
1313
662
-1283
-2831
-4637
-5957
-7441
-8868
-9785
-9758
-9335
-8283
-6992
-5247
-3990
-3007
-2457
-2049
-1437
-1254
-1068
-1608
-2194
-2589
-2751
-3440
-4812
-6310
-7732
-9641
-10334
-10507
-10328
-10696
-10799
-9226
-7782
-5734
-4147
-1907
703
3926
9482
14370
16623
16777
15153
13858
9630
6047
3255
389
-654
-3060
-318
1056
3367
4333
3321
3894
495
913
-809
-335
52
-580
1747
1678
5009
6024
7489
8257
6588
6026
2838
1747
-90
-1677
-2344
-4249
-4010
-4860
-4186
-3150
-2310
-292
314
1938
2316
2900
3601
3085
3388
2887
2856
2770
2615
3711
3767
4199
3467
2344
1656
-395
-801
-1807
-1274
-926
-469
936
1541
3735
4234
4854
4599
4075
3612
2399
2174
1658
1441
484
-1130
-2606
-4442
-6145
-7809
-9063
-9519
-9751
-9097
-8449
-7229
-5900
-4851
-3909
-3475
-2452
-1738
-824
-276
-82
63
-449
-1188
-2804
-4759
-6868
-9214
-10508
-11391
-11352
-11223
-10874
-9834
-8580
-6067
-3787
-1347
23
2279
6129
10914
13966
14796
15060
13398
10975
6562
4749
2136
228
-1580
-1935
728
1007
3493
2966
3813
2146
511
823
-362
1363
341
1821
2067
3103
4770
4754
6061
5016
4525
2716
989
499
-746
-1077
-2034
-2514
-2637
-3412
-2796
-2541
-1288
-478
-97
921
1218
2550
3274
4052
4615
4271
4290
3532
3572
3611
2999
2686
986
349
-855
-1162
-1217
-1409
-375
-530
618
880
2323
3494
3889
4188
3528
3910
3387
3434
3227
2838
2146
416
-1036
-2732
-4222
-5777
-7599
-8847
-10119
-10518
-10540
-9921
-8395
-6931
-4945
-3459
-1669
-328
516
787
296
-62
-748
-1532
-2683
-4002
-5428
-6899
-8213
-9031
-9463
-9618
-9686
-9029
-8004
-6727
-5560
-4018
-2322
0
4346
9293
13957
15030
15530
14162
11919
8246
4007
2006
-1610
-2562
-3542
-499
1884
3364
4794
4017
4320
1830
1945
1079
1299
999
486
1455
2142
4202
4921
5470
4829
3562
1714
92
-1111
-1379
-2270
-2657
-3210
-3039
-2472
-2357
-1210
-1253
-376
-373
93
611
1115
2813
3629
4347
4338
3763
4047
3381
3703
3064
2115
1166
-1049
-901
-2117
-1207
-1420
-866
152
290
2187
2331
4323
4069
3751
2805
1964
2286
1818
2634
2533
2601
1703
441
-668
-2282
-3732
-5663
-7427
-8892
-10146
-10469
-10282
-9216
-7966
-6672
-5133
-3632
-1669
-188
907
1551
1326
444
-965
-2561
-4224
-5911
-6827
-8077
-9020
-9536
-9302
-7929
-6901
-5634
-4914
-3832
-2345
-524
2593
5954
9437
11941
12116
11971
10461
8877
5903
2404
534
-2169
-2003
-2108
695
2832
3700
4891
3723
4675
3035
3440
3032
2667
2815
1582
2928
2977
4479
4603
3921
3214
1240
360
-1199
-1591
-1818
-2678
-2799
-3509
-2830
-2088
-1174
-294
-381
254
323
1452
2561
3454
4299
4107
3961
3417
3199
3051
2490
2246
1355
577
-295
-1177
-1446
-1962
-1822
-1817
-1068
163
1432
2964
3873
4467
4300
3474
2729
1847
1575
1310
1131
1301
858
847
132
-248
-1465
-2987
-4593
-6568
-7835
-9244
-9496
-9774
-9213
-8578
-7326
-5652
-4053
-2179
-809
454
656
580
7
-970
-2360
-4218
-6097
-7835
-9171
-9854
-9774
-8932
-7749
-6363
-4979
-3462
-2146
-205
1761
3982
6478
8320
10848
10795
11128
9121
7413
4969
882
-434
-3438
-1979
-2609
-323
1776
2728
5362
3946
6078
4191
4556
3610
2583
3331
1568
3226
2587
3930
3844
2924
2636
560
139
-1400
-2017
-2375
-3340
-2954
-3479
-2529
-1670
-771
471
368
1658
1989
3104
3583
3779
4087
3085
2665
1877
1879
1819
1341
1207
712
438
50
-665
-702
-1231
-847
-608
235
1790
2791
4193
4278
4605
3919
2817
1848
581
206
-415
-457
-173
-12
616
455
328
-729
-2207
-3591
-5462
-6354
-7664
-7993
-8310
-7820
-6883
-6103
-4830
-3951
-2653
-2128
-1609
-1391
-1339
-1674
-2614
-3757
-5158
-6601
-7698
-8678
-8930
-9042
-8474
-7554
-6349
-4181
-2449
375
2394
5447
7527
9368
10789
10638
10338
7543
5529
2411
378
-1375
-2427
-1762
-1257
686
2001
3680
4823
5109
5269
4568
4292
3932
3541
3876
3783
4495
4395
4479
4251
3257
2380
286
-893
-2630
-3389
-3967
-4184
-3615
-3264
-2127
-1454
-335
631
1257
1761
2188
3176
4071
4157
4175
3294
2503
1418
327
232
-762
-420
-1160
-699
-411
-590
317
-921
30
-874
382
1111
1969
4062
3606
5189
3598
4243
2847
1794
915
-1108
-929
-2711
-1762
-2306
-1457
-1355
-1641
-1466
-2549
-2603
-3820
-4254
-5284
-6098
-6626
-7038
-6638
-6240
-5713
-5043
-4311
-3300
-2641
-1925
-1543
-1725
-2328
-3411
-4373
-5347
-6114
-6639
-7054
-7439
-7131
-6574
-4935
-3395
-792
1668
3868
6182
7492
9428
9164
9100
7354
5287
3228
684
165
-1354
-965
-1258
-377
991
1740
3746
3960
5241
4721
4527
4230
3571
4052
3224
3627
3131
3123
2926
2338
2318
1187
324
-946
-1915
-2282
-2826
-2432
-2365
-1881
-1200
-619
679
1097
2178
2425
2920
3419
3957
4908
4468
3994
2658
1528
426
-656
-957
-1531
-1679
-1622
-1371
-293
-170
605
421
606
885
1073
2701
3123
4671
4410
4626
4013
2993
2324
458
-285
-2199
-2854
-3637
-3541
-2843
-2436
-1604
-1832
-1825
-2468
-3137
-3847
-4945
-5542
-6554
-6778
-6869
-6430
-5456
-4972
-3857
-3548
-2534
-2197
-1972
-1896
-2915
-3536
-5312
-5943
-6856
-7194
-7029
-6941
-5314
-4260
-1522
599
3155
5017
6023
7361
6896
7174
5483
4709
2630
1165
312
-518
305
-84
1446
1265
2367
2597
3166
3837
3388
4053
3248
3788
3239
3722
3971
4100
4461
3787
3657
2449
1859
602
-453
-1363
-2375
-2415
-2831
-2064
-1797
-927
-285
105
1234
1627
3352
3909
5080
5265
4565
3915
1699
901
-1139
-1812
-2346
-2605
-1227
-1213
898
951
1697
1301
-4
184
-1579
-270
-913
895
1594
2308
3789
3280
4663
3018
3255
1421
474
-692
-1963
-1940
-2912
-2434
-2989
-2453
-2405
-1836
-1433
-1210
-1292
-1826
-2645
-3831
-4980
-6180
-6877
-7432
-7113
-6578
-5406
-4188
-2975
-1942
-1570
-1420
-1911
-2516
-3228
-4039
-4214
-4506
-3946
-3711
-3058
-2169
-1381
75
748
2355
3114
4028
4392
4201
4211
3043
2563
1609
1251
1052
680
1259
1226
2014
2413
2955
3577
3416
3921
3603
3917
3806
3601
3523
2806
2701
2237
2167
2184
1739
1666
788
570
152
-204
3
-615
-239
-1055
-907
-1236
-1242
-663
-472
930
1387
2759
3390
3746
3619
2595
1718
171
-1141
-1926
-2570
-2115
-1993
-1038
-340
-26
577
23
467
-345
-67
-241
29
760
984
2119
2110
2668
2219
1770
1077
196
-242
-817
-859
-838
-754
-635
-857
-1010
-1325
-1681
-1927
-2439
-2684
-3186
-3546
-3934
-4259
-4421
-4761
-4924
-4830
-4438
-3817
-3420
-2902
-2669
-2635
-2749
-2884
-2709
-2827
-2739
-2709
-2299
-1995
-1599
-1166
-623
-64
346
1035
1449
1995
1924
1998
1898
1779
1786
1438
1636
1411
1616
1634
1883
2360
2248
2474
2128
2513
2665
3194
3777
3986
4210
3708
3658
3175
3042
2517
1965
1355
883
904
1072
1470
1678
1707
1279
856
396
260
-302
-565
-998
-803
-503
311
1639
2458
3163
2631
2522
1479
784
-280
-1032
-1431
-1979
-1476
-1322
-307
-226
76
-197
-393
-311
-512
-121
-256
230
235
686
1012
1259
1264
828
560
6
-295
-775
-926
-1341
-1523
-1681
-1432
-1142
-955
-738
-1040
-1252
-1991
-2309
-2974
-3472
-4048
-4596
-4802
-5052
-4589
-4251
-3579
-3269
-2919
-2852
-2943
-3025
-3134
-3090
-3234
-2931
-2782
-2091
-1619
-629
60
461
778
514
904
415
832
714
972
1204
961
1673
1288
1995
1548
1657
1653
1278
1942
1478
2448
2341
2845
3131
3058
3802
3180
3541
2915
2825
2514
1843
1927
1212
1187
708
873
1238
1428
1803
1719
1707
1423
1139
903
587
140
-194
-480
-165
349
947
1377
1211
1156
637
463
333
253
353
-67
62
24
348
532
298
215
-518
-668
-875
-409
181
456
804
522
688
495
559
564
459
473
155
299
315
398
106
-495
-1039
-1745
-2030
-2186
-1897
-1549
-1335
-1123
-1256
-1405
-1977
-2574
-3321
-3902
-4229
-4284
-3992
-3675
-3170
-2968
-2622
-2598
-2381
-2336
-2289
-2114
-2162
-1750
-1737
-1345
-1435
-1501
-1551
-1674
-1186
-948
-216
134
489
728
861
1230
1330
1393
1186
917
739
748
977
1450
1727
1987
1986
2063
2304
2477
2838
2830
2868
2751
2589
2584
2348
2134
1581
982
661
439
697
1012
1576
2122
2473
2773
2767
2482
1891
1095
404
-166
-589
-540
-550
43
498
1231
1782
1794
1676
789
217
-503
-713
-662
-544
-259
-155
-27
224
263
501
313
186
150
-33
451
327
769
261
-22
-514
-859
-540
-547
274
289
708
394
187
-226
-873
-1332
-2155
-2423
-2790
-2495
-2154
-1602
-1181
-1124
-1303
-1861
-2393
-2913
-3227
-3331
-3202
-2896
-2544
-2252
-1996
-1900
-1926
-1993
-2064
-1963
-1861
-1606
-1282
-975
-739
-800
-878
-1160
-1341
-1347
-1028
-379
287
913
1318
1536
1585
1434
1188
865
519
345
399
926
1574
2261
2640
2767
2611
2374
2245
2226
2359
2353
2464
2458
2598
2559
2396
2047
1490
1120
858
1049
1357
1619
1838
1674
1647
1364
1209
1009
594
402
-97
-7
-84
194
238
139
59
-236
-136
-187
125
168
247
128
79
3
-78
-247
-476
-689
-860
-796
-629
-251
-73
77
-58
-58
-161
-6
107
423
568
518
344
-136
-461
-1146
-1442
-1880
-1893
-1826
-1533
-990
-630
-301
-478
-865
-1504
-2186
-2694
-2989
-2984
-2707
-2458
-1960
-1697
-1340
-1225
-1334
-1455
-1904
-1949
-2096
-1773
-1413
-1114
-696
-804
-675
-882
-825
-748
-801
-503
-593
-136
-52
258
358
188
308
-9
341
404
966
1305
1537
1856
1736
2088
1829
1987
1719
1623
1732
1763
2485
2663
3312
3116
3063
2721
2197
2101
1460
1549
967
1141
1068
1298
1625
1456
1608
951
941
514
657
654
547
455
-41
-119
-411
-183
-100
144
189
246
266
280
319
179
99
-198
-164
-263
77
227
345
213
-290
-603
-1206
-1285
-1446
-1189
-860
-504
46
360
730
672
403
-118
-699
-1141
-1408
-1453
-1240
-1080
-873
-845
-923
-1048
-1372
-1579
-1901
-1936
-1852
-1598
-1314
-1192
-1216
-1521
-1943
-2327
-2556
-2551
-2392
-2075
-1655
-1200
-775
-492
-359
-529
-715
-1008
-969
-890
-548
-235
-92
53
-128
-41
-204
-124
-143
-118
22
200
563
856
1022
1019
892
709
810
830
1306
1447
1825
1977
2092
2466
2384
2800
2505
2547
2264
2026
2072
1730
1889
1547
1567
1412
1285
1276
926
758
325
132
24
62
297
444
592
608
491
388
159
-28
-225
-407
-350
-355
-96
-13
139
185
172
326
290
453
283
179
-136
-510
-749
-1106
-1213
-1467
-1528
-1556
-1553
-1329
-1175
-789
-490
-168
186
277
371
72
-279
-794
-1339
-1644
-1925
-1874
-1797
-1558
-1211
-953
-701
-648
-698
-835
-1093
-1231
-1427
-1559
-1701
-1833
-1814
-1720
-1476
-1164
-941
-758
-653
-612
-405
-350
-89
-128
-85
-71
-103
149
124
431
400
486
505
497
665
568
529
362
253
341
416
738
1023
1189
1495
1450
1794
1751
1972
1993
1915
2086
1887
2266
2104
2373
2203
2155
2127
1924
2034
1677
1707
1267
1144
832
663
520
261
178
-62
63
83
325
388
450
302
129
-32
-139
-217
-463
-590
-847
-828
-907
-718
-572
-449
-281
-316
-85
-90
-54
-303
-724
-1145
-1774
-2049
-2277
-2164
-1878
-1522
-848
-321
246
454
378
72
-479
-927
-1349
-1465
-1411
-1219
-918
-627
-357
-257
-394
-710
-1010
-1279
-1309
-1244
-1035
-850
-924
-931
-1148
-1112
-1206
-1222
-1147
-1247
-1016
-943
-526
-306
-193
-224
-485
-495
-641
-504
-381
-250
-148
-174
-9
139
344
413
400
354
281
404
634
1028
1225
1392
1289
1246
1183
1175
1387
1476
1911
2049
2513
2698
2959
3039
2784
2648
2166
2085
1754
1789
1762
1770
1732
1475
1342
938
609
184
-34
-88
-51
156
403
614
662
465
237
-183
-613
-1053
-1356
-1423
-1436
-1259
-1070
-820
-722
-735
-759
-799
-839
-834
-843
-820
-909
-1005
-1075
-1196
-1218
-1337
-1374
-1455
-1463
-1327
-1149
-766
-395
2
299
409
512
351
70
-388
-857
-1247
-1664
-1783
-1711
-1415
-1106
-865
-514
-332
-233
-231
-283
-299
-592
-722
-937
-1002
-1128
-1265
-1138
-1155
-940
-888
-562
-366
-206
-61
-3
102
-17
-78
-152
-169
-109
26
204
391
353
441
318
465
500
764
1036
1213
1632
1706
2186
2100
2324
2091
1906
1703
1498
1766
1700
2153
2148
2464
2428
2442
2443
2241
2042
1469
1124
637
325
52
-17
-43
-43
-48
89
198
309
272
222
75
-253
-491
-825
-930
-1180
-1190
-1247
-1161
-1126
-1092
-952
-987
-892
-962
-899
-982
-1004
-1005
-1032
-1008
-1133
-1170
-1299
-1361
-1354
-1253
-1021
-865
-622
-476
-291
-216
-155
-170
-334
-549
-821
-798
-798
-516
-284
57
208
185
131
-145
-410
-965
-1344
-1630
-1672
-1451
-998
-410
52
225
370
308
208
-48
-282
-352
-616
-563
-572
-240
-168
-124
-58
-89
3
21
342
570
708
784
892
934
895
846
915
820
812
941
1229
1414
1409
1485
1335
1181
956
1120
1362
1583
1942
2301
2633
2604
2519
2295
1800
1214
624
403
104
-24
69
120
153
-44
76
-51
-103
-193
-104
53
-38
99
90
49
-321
-582
-885
-1259
-1622
-1761
-1653
-1512
-1303
-1009
-619
-545
-410
-386
-369
-598
-907
-1164
-1486
-1649
-1838
-1678
-1536
-1364
-1153
-877
-488
-179
43
61
36
-188
-415
-483
-363
-264
-187
-195
-124
-29
-46
86
92
19
-323
-429
-487
-429
-375
-399
-336
-569
-592
-575
-247
-70
160
369
379
450
418
490
278
-40
-382
-595
-728
-654
-280
115
302
543
753
870
851
775
850
632
457
339
537
596
590
764
858
955
866
1082
1283
1361
1387
1487
1636
1558
1534
1564
1603
1535
1457
1518
1474
1286
1069
791
466
83
-184
-383
-467
-431
-291
10
157
363
426
321
45
-287
-531
-878
-1055
-1232
-1192
-1170
-1122
-908
-729
-574
-568
-526
-614
-736
-908
-1056
-1147
-1288
-1405
-1436
-1342
-1213
-1037
-803
-548
-368
-326
-324
-297
-319
-343
-352
-238
-116
15
122
227
344
243
175
69
6
-73
-142
-118
-131
-135
-257
-278
-326
-390
-382
-306
-103
123
315
423
509
412
233
2
-166
-324
-442
-541
-555
-395
-309
-137
-15
189
206
197
252
393
549
503
564
555
473
233
204
232
227
117
73
237
312
346
495
838
937
1027
1243
1562
1803
1907
1947
1943
1706
1260
916
611
193
-240
-480
-667
-702
-681
-513
-235
-1
149
382
584
645
654
507
268
-52
-384
-789
-1027
-1276
-1501
-1565
-1520
-1342
-1059
-797
-516
-178
-55
26
139
94
-174
-411
-743
-1038
-1260
-1391
-1264
-1089
-966
-716
-288
-72
151
392
443
352
190
42
43
75
70
282
483
502
624
785
765
630
329
-69
-438
-819
-1055
-901
-684
-438
3
372
673
944
1030
901
654
196
-292
-571
-849
-913
-766
-718
-554
-300
-116
61
345
392
404
430
295
311
256
116
52
70
-129
-112
23
35
173
230
279
366
418
349
548
641
639
829
974
1104
1256
1265
1164
1165
855
519
319
12
-291
-402
-545
-561
-347
-317
-122
132
227
326
459
359
314
242
-153
-357
-572
-955
-1169
-1251
-1356
-1206
-1006
-844
-364
-29
71
327
359
92
-84
-401
-711
-765
-899
-950
-700
-652
-616
-321
-253
-251
-161
-268
-301
-96
-56
149
526
537
572
633
458
394
357
82
-25
-84
-381
-381
-268
-339
-222
-97
-103
152
349
406
693
739
494
404
198
-180
-269
-430
-595
-471
-498
-471
-223
-227
-320
-163
-290
-352
-101
10
262
646
760
840
953
616
307
81
-397
-670
-738
-834
-641
-295
-133
286
674
711
908
1053
954
996
950
741
732
582
216
140
-33
-352
-343
-377
-431
-221
-133
-68
207
219
162
333
286
190
289
172
86
140
-129
-364
-451
-796
-1052
-1070
-1171
-1032
-733
-597
-299
53
91
216
349
136
10
-138
-417
-461
-480
-622
-476
-346
-420
-232
-53
-21
130
157
88
234
190
53
208
192
32
79
64
-22
22
-66
-103
42
-47
-70
141
97
17
142
91
30
80
-2
3
58
-33
19
115
-79
-113
-59
-273
-310
-224
-279
-263
-182
-195
-30
62
2
168
201
60
121
186
62
137
130
-11
20
-25
-87
6
47
91
353
387
410
676
716
637
711
680
532
461
270
196
172
-84
-186
-100
-235
-273
-73
11
162
361
422
541
612
452
405
324
51
-84
-200
-426
-438
-410
-523
-431
-357
-406
-295
-211
-225
-120
-137
-218
-114
-164
-289
-196
-182
-267
-211
-212
-214
-148
-263
-323
-233
-344
-370
-167
-96
-3
206
290
400
475
364
364
367
124
18
53
-125
-187
-175
-231
-172
-120
-134
26
134
44
191
268
148
134
135
16
-8
-53
-101
47
-2
-61
56
-8
-206
-187
-233
-361
-287
-257
-171
7
69
180
355
295
247
318
158
38
74
-20
-68
-8
-31
10
94
54
178
325
325
485
660
649
690
773
641
551
400
194
119
-31
-201
-172
-124
-200
-57
70
117
255
287
275
349
312
154
106
-21
-178
-228
-354
-411
-315
-358
-374
-205
-145
-151
-49
-34
-62
-80
-200
-214
-193
-357
-397
-272
-321
-351
-245
-177
-125
-107
-146
-63
-29
-176
-141
-43
-105
-105
3
20
59
96
99
186
150
53
121
143
13
31
91
16
-1
-15
-63
-56
-114
-178
-105
-142
-179
-12
12
-3
140
179
99
92
48
-30
-59
-190
-166
-41
-76
-40
160
199
138
228
219
188
125
52
102
87
-63
-41
84
-49
-81
38
78
135
234
339
504
553
443
506
479
268
204
185
82
49
47
35
165
150
77
167
153
60
79
86
88
181
100
47
107
-55
-241
-244
-298
-378
-332
-321
-182
-73
-130
-63
44
-72
-185
-126
-203
-233
-229
-247
-151
-179
-299
-242
-222
-410
-359
-248
-272
-200
-137
-123
-67
-115
-213
-119
-165
-245
-58
1
-12
138
184
118
121
15
-67
-55
-183
-154
26
-4
18
213
183
73
75
-2
-38
-111
-237
-133
-63
-254
-209
-15
-110
-137
-40
32
106
98
118
306
297
54
150
202
6
-18
63
102
129
87
113
265
115
-43
80
30
-135
-67
27
52
132
149
281
421
299
280
424
316
182
216
139
112
115
31
88
188
151
234
345
270
300
290
114
48
-53
-253
-289
-306
-396
-288
-227
-211
-5
60
18
133
146
17
34
-51
-168
-145
-262
-351
-250
-258
-270
-93
-81
-88
17
-40
-86
-92
-270
-352
-290
-423
-418
-227
-190
-107
1
-6
95
160
-24
-3
78
-110
-141
-38
-44
-30
10
42
227
231
82
250
314
105
44
63
-26
-63
-171
-209
-38
-89
-122
114
147
35
159
191
100
89
20
41
100
-17
0
203
157
126
255
204
175
173
60
34
18
-145
-99
-37
-190
-92
46
-2
67
159
86
125
150
65
128
69
-14
99
81
-13
114
138
44
120
90
46
158
111
32
115
42
-21
72
-20
-92
-16
-84
-143
-66
-99
-100
-48
-139
-127
-51
-130
-105
-3
-63
-59
8
-23
10
-42
-170
-84
-57
-171
-136
-57
-76
-35
-58
-128
-27
-32
-142
-136
-118
-131
-68
-116
-146
-14
-58
-110
-39
-37
-62
-4
-32
-29
63
20
22
102
76
39
99
67
40
46
-51
-60
-35
-75
-71
-43
-54
0
54
8
36
56
31
57
-15
-91
-10
19
-68
-16
62
56
51
26
25
63
-3
-86
-15
-53
-129
-83
-62
-75
-50
-42
-35
39
23
0
25
7
-10
-10
-54
-48
13
-25
-23
48
62
61
73
33
-5
-2
-22
-33
-68
-95
-41
-32
-73
-45
17
25
7
-25
-3
54
14
-27
-8
-15
-77
-102
-101
-93
-102
-160
-127
-31
-36
-60
0
22
1
-18
-37
8
23
-49
-47
19
10
-23
-3
1
-7
-9
-22
-26
-23
-26
-41
-47
-36
-13
-7
17
58
52
61
100
87
58
83
92
59
20
20
45
28
-24
-1
39
-22
-46
-5
-15
-38
-39
-34
15
34
15
54
79
64
79
86
64
58
56
3
-40
-42
-33
-30
-44
-12
16
-7
-27
-8
5
7
4
-3
4
14
15
8
31
45
58
58
41
47
24
-1
-12
-31
-44
-65
-93
-74
-41
-51
-41
10
57
37
35
83
76
22
-9
23
27
-6
-32
-35
-19
-34
-39
-19
-18
-69
-69
-64
-86
-77
-61
-46
-41
-12
12
44
68
68
86
74
39
35
32
0
-32
-54
-59
-69
-95
-70
-20
-8
8
60
89
88
95
114
138
119
86
114
129
65
45
77
79
31
-16
37
50
2
9
55
50
-4
31
49
14
13
25
4
5
48
65
62
56
73
74
50
28
31
-8
-73
-73
-51
-70
-97
-59
-10
-23
-45
16
79
58
40
72
67
52
68
63
41
36
30
7
36
35
1
-4
-13
-29
-62
-76
-63
-54
-73
-70
-24
-10
7
48
50
65
81
50
53
83
53
-1
-5
-2
-30
-83
-94
-57
-69
-126
-84
-5
-21
-38
2
65
53
-5
21
88
49
-12
31
53
30
19
30
36
19
-10
-11
3
-15
-22
-23
-45
-34
19
18
9
62
102
85
65
103
144
93
42
75
68
10
-3
0
15
15
-17
-8
23
1
-19
12
15
11
31
43
54
56
70
66
45
39
44
23
-11
0
-4
-64
-64
-23
-77
-121
-90
-58
-65
-90
-54
9
-3
-24
58
95
50
31
58
67
39
17
0
3
-29
-77
-84
-76
-74
-86
-95
-65
-22
-24
-35
0
23
9
20
16
24
34
8
-1
31
37
11
12
12
-9
-57
-72
-46
-45
-68
-48
-23
-37
-31
-7
-4
-8
-3
27
34
-4
9
32
0
-41
-1
16
-29
-40
-36
-10
-18
-36
5
74
27
-17
64
98
58
41
82
83
43
18
60
75
19
14
32
12
-12
-13
-20
-28
-45
-30
13
7
7
59
60
34
84
123
93
82
87
77
63
40
46
43
-1
-29
-24
-36
-61
-54
-39
-24
-41
-61
-14
14
-21
13
55
32
50
63
45
37
36
7
-9
6
-16
-55
-77
-74
-62
-70
-58
-43
-63
-50
-46
-54
-17
8
-7
2
28
11
-9
3
-7
-37
-30
-15
-15
-45
-55
-3
-14
-63
-29
7
-15
-23
9
33
16
4
31
36
-11
-39
-9
-5
-56
-60
-27
-23
-48
-55
-21
-21
-36
-26
-12
-15
6
32
14
11
43
57
56
49
49
66
36
1
12
5
-31
-57
-43
-41
-79
-77
-26
-39
-78
-24
31
-6
-27
32
47
29
29
44
63
26
-8
14
22
-18
-19
0
-24
-38
-20
-2
-14
-19
4
10
-14
-19
20
22
0
14
27
35
40
26
25
52
44
25
40
42
15
-7
-15
-43
-62
-64
-45
-29
-42
-33
-11
-5
-27
-27
-10
-12
-47
-79
-57
-37
-68
-93
-72
-56
-73
-90
-77
-59
-58
-69
-70
-52
-48
-59
-74
-50
-43
-56
-43
-39
-16
-14
-19
-14
-28
-35
-43
-58
-54
-49
-72
-75
-43
-14
-18
-20
15
33
25
22
47
57
37
39
30
5
6
4
-13
-25
-18
-28
-30
-23
-38
-30
-21
-42
-68
-45
-25
-18
-25
-15
19
1
-26
1
45
8
-28
4
18
-17
-45
-33
-15
-32
-60
-56
-40
-54
-74
-47
-39
-33
-22
-35
-24
6
4
-21
-2
15
-6
-48
-53
-14
-20
-53
-52
-27
-45
-72
-58
-15
-6
-28
-23
1
-3
-18
-6
-5
-4
1
-14
-21
-14
-28
-37
-22
-28
-39
-44
-27
-26
-46
-67
-46
-22
-34
-12
-1
1
16
21
24
34
33
20
22
-1
-22
-6
-4
-29
-27
-20
-35
-20
-6
-10
14
43
53
60
61
87
121
93
69
87
98
82
44
44
74
52
2
21
55
25
14
52
35
15
34
21
16
35
41
44
32
20
28
38
25
6
11
4
2
-1
-7
-9
-25
-28
-24
-24
-17
-10
-26
-17
3
-12
-17
15
16
-9
-10
13
24
1
-10
3
4
-15
-14
-17
-21
-7
-6
-23
-24
8
15
-4
-3
15
36
20
17
37
41
30
21
11
17
44
17
-5
18
12
8
8
10
24
16
0
10
41
13
-5
43
50
25
2
30
53
24
-6
7
27
10
-20
-24
14
16
-6
-3
29
21
21
54
42
44
55
57
52
63
48
43
81
70
37
48
61
36
17
23
44
37
18
34
35
22
41
51
38
51
66
63
60
43
26
34
25
18
21
12
15
20
11
10
13
-12
-7
10
-5
-14
-12
-12
-19
-16
-22
-14
0
-12
-13
5
-1
-8
-14
-20
-1
-12
-34
-17
-2
-10
-7
-14
1
20
-9
-29
-11
-4
-28
-30
-13
-4
-15
-11
24
29
-9
-10
27
15
-10
-6
5
-4
-34
-44
-19
-15
-44
-36
0
-25
-24
15
2
3
11
4
5
8
-16
-25
-24
-21
-8
-2
4
10
1
-8
10
16
21
26
28
29
31
17
4
26
9
-11
-7
-5
-15
-26
-21
-2
3
-34
-32
-8
-14
-27
-28
-2
17
-1
-2
30
26
-7
-9
15
7
-18
-14
3
-1
-28
-24
-11
-27
-33
-22
-21
-22
-15
-23
-20
-14
-24
-10
-5
-19
-12
-6
-18
-9
3
-1
3
12
6
9
26
-1
9
27
1
-4
2
-3
4
14
-8
-3
13
2
2
15
24
23
11
6
34
32
11
29
40
17
7
12
20
8
-8
3
7
-12
-17
14
22
20
4
-4
21
9
-9
18
24
-16
-19
13
4
-6
12
15
18
29
32
52
76
64
64
72
52
56
51
41
49
38
30
18
19
37
29
15
29
41
18
9
29
16
2
7
-7
5
5
-27
-24
3
-11
-6
2
-12
-4
-6
-7
-3
4
-15
-18
-23
-19
-9
-20
-20
-18
-25
-21
5
-23
-28
4
-10
-36
-27
-5
-9
-6
8
14
13
0
-4
13
1
-30
-12
15
-8
-26
-30
-16
-11
-38
-23
-2
-33
-48
-20
-15
-14
-11
-15
-22
-33
-34
-8
-8
-30
-14
-9
-17
-13
1
-4
-13
-28
-24
-26
-38
-25
-14
-29
-55
-32
-51
-78
-75
-71
-72
-78
-61
-40
-26
-48
-38
3
-12
-44
-23
-12
-27
-17
2
20
19
2
1
10
-15
-11
-3
-3
-5
-32
-23
12
-4
-36
1
23
-6
-31
-13
6
-7
-32
-40
-24
-32
-35
-23
-16
-4
5
-2
0
3
-17
-22
-24
-45
-52
-48
-42
-41
-52
-44
-43
-55
-59
-48
-41
-46
-50
-38
-30
-40
-31
-29
-31
-34
-27
-11
-19
-40
-25
0
-14
-27
-4
2
-19
-34
-30
-1
-23
-45
-24
-12
-20
-38
-28
1
-3
-23
-11
-7
-26
-32
-16
-30
-48
-46
-18
3
-10
0
12
7
2
10
23
13
-14
-30
-33
-29
-42
-43
-37
-39
-30
-21
-6
8
20
4
-12
4
2
-2
-14
-27
-23
-33
-31
-9
-1
-11
-9
3
-13
-27
-13
-4
-15
-23
-23
-15
-13
-35
-50
-40
-42
-51
-44
-33
-20
-19
-29
-24
-19
-15
-8
-12
-11
-10
-5
18
22
4
13
27
15
0
1
16
19
2
-3
14
20
-1
-10
1
4
5
21
29
17
13
30
23
22
27
25
34
30
35
41
43
40
38
41
21
14
34
44
21
7
29
43
26
2
10
22
7
-9
1
35
33
2
18
45
33
21
36
52
48
43
47
59
54
36
44
54
34
18
32
50
38
27
46
37
20
29
34
30
28
40
35
19
35
47
42
30
15
28
36
37
40
45
65
55
44
53
64
70
56
34
48
45
23
18
10
30
34
23
21
32
37
16
16
27
39
37
29
28
23
12
17
26
30
50
43
31
33
24
18
18
30
16
7
23
12
19
22
13
15
24
15
2
32
24
7
18
28
18
18
35
26
34
45
37
35
47
38
27
39
40
29
22
28
27
29
32
20
13
31
29
5
10
23
1
-6
10
12
4
-1
18
17
-1
11
24
16
8
10
15
20
-1
-6
7
6
-3
-8
4
-2
-17
-10
-11
-21
-19
-14
-17
-15
-20
-19
3
5
-3
3
13
18
13
17
27
32
19
3
12
6
-9
-7
18
15
0
8
21
15
0
29
27
-8
-8
15
16
-1
5
11
18
11
5
23
19
9
14
17
21
16
8
10
8
2
6
17
6
-2
9
23
19
14
8
18
9
-25
-19
0
-9
-24
7
13
-5
-6
-3
5
-8
-5
8
3
-4
-7
-12
-23
-28
-32
-32
-25
-35
-36
-34
-44
-36
-34
-45
-50
-46
-50
-65
-58
-50
-63
-71
-54
-66
-81
-61
-58
-68
-75
-50
-41
-58
-49
-43
-48
-69
-61
-54
-65
-54
-56
-53
-59
-73
-66
-50
-60
-63
-46
-49
-61
-58
-40
-30
-50
-57
-33
-30
-36
-28
-6
-3
-14
-16
-6
-5
-18
-7
2
1
0
19
28
13
20
25
17
5
-2
11
13
6
22
26
7
9
20
11
17
21
8
10
15
3
5
16
10
14
15
13
22
11
0
9
12
18
19
29
35
24
16
28
36
24
14
26
40
30
35
32
41
49
40
32
33
38
20
15
9
14
13
-9
-9
1
-15
-20
-11
-34
-34
-21
-34
-38
-36
-32
-32
-36
-36
-28
-23
-36
-25
-10
-9
-20
-24
-6
7
-12
-18
-2
-13
-20
-11
4
-9
-3
7
4
9
-2
1
2
-9
-22
-5
-6
-22
-16
-23
-26
-23
-12
-14
-12
0
0
-6
-18
-10
-16
-27
-16
-13
-21
-37
-25
-10
-18
-37
-27
-12
-29
-30
-11
4
-12
-16
-5
0
-5
-1
13
12
-2
2
29
19
12
29
30
12
8
21
16
0
1
8
2
-4
-5
2
-5
-9
-12
-8
-2
0
-7
1
8
-6
3
4
16
16
13
23
15
17
24
20
4
-1
-8
-14
-10
-15
-19
-14
-15
-33
-32
-10
-24
-50
-28
-16
-37
-40
-39
-29
-28
-48
-34
-18
-26
-28
2
8
-8
-7
6
7
-10
-17
-8
-1
-14
-14
4
-1
-18
-16
-20
-26
-22
-35
-36
-31
-14
-13
-23
-23
-13
-12
-24
-9
-3
9
5
-1
8
4
-6
-14
-6
-16
-24
-27
-39
-44
-34
-43
-51
-46
-45
-49
-62
-49
-43
-57
-58
-20
-15
-34
-29
-3
10
-8
-9
15
38
11
-6
14
31
15
-2
16
26
18
8
10
10
9
-3
-19
-23
-8
-12
-26
-18
-6
-10
-18
-5
-7
-6
-12
-18
-5
2
-10
-8
0
-16
-13
-7
-16
-23
-18
-16
-13
-15
-7
1
-19
-21
-9
-5
-21
-14
3
2
-3
9
22
20
18
26
42
43
34
37
48
44
30
32
55
47
20
29
34
21
14
18
11
26
13
6
28
26
16
13
28
30
27
26
31
38
32
29
33
42
40
25
36
44
28
18
28
44
14
-2
17
20
13
16
19
14
9
-4
-5
9
13
19
25
18
24
29
29
32
31
39
45
43
45
53
49
51
56
44
27
34
35
12
16
28
26
18
17
24
13
9
14
24
31
31
26
14
26
31
26
33
26
31
43
38
28
45
45
28
31
28
15
8
9
6
-2
-9
-4
-9
-16
-5
-1
-3
-5
0
-1
4
6
-3
0
8
14
3
-5
1
13
5
-9
7
25
11
-2
0
3
0
-12
-8
-3
-18
-34
-17
-9
-17
-5
1
6
4
3
10
18
12
10
19
9
5
10
1
6
14
21
21
22
41
45
40
35
40
39
27
33
33
19
24
21
18
17
10
12
13
29
31
26
38
36
24
15
13
19
18
8
10
3
-5
-6
-2
-6
-5
-2
-7
-2
-7
-19
-14
-7
-16
-15
-17
-18
-24
-33
-27
-31
-31
-32
-18
-17
-23
-16
-22
-18
-8
-6
-17
-20
-19
-16
-10
-14
-8
-10
-17
-11
-14
-8
0
-7
-18
-15
-8
-17
-21
-19
-26
-26
-15
-9
3
-6
-13
4
-1
-6
-8
-6
-7
-14
-20
-26
-17
-21
-29
-18
-10
-18
-15
-10
-14
-16
-20
-20
-25
-12
-14
-26
-20
-14
-25
-26
-17
-8
-4
-4
8
10
22
21
17
18
3
-1
2
2
-4
-3
0
-10
-9
-4
-11
-8
-4
0
6
2
-1
-7
-9
-5
0
-3
5
4
4
4
-2
5
1
-3
-10
-14
-19
-20
-14
-13
-9
-14
-33
-32
-35
-47
-47
-54
-62
-53
-48
-50
-40
-39
-42
-31
-17
-24
-24
-14
-16
-7
-9
-19
-11
-5
-5
-2
3
8
12
14
4
-1
11
18
15
12
20
9
8
10
10
21
25
23
25
30
22
20
18
15
23
27
31
23
23
33
23
22
24
29
34
40
35
21
20
25
30
22
19
25
34
29
21
32
43
43
42
35
36
38
30
32
30
29
25
26
24
30
40
35
36
40
32
21
29
19
16
18
13
12
17
12
3
12
22
24
17
25
32
25
21
20
26
26
13
11
20
10
4
5
17
12
-7
-8
-3
-4
-12
-11
-4
-4
-14
-10
2
-5
-18
-20
-12
-14
-20
-14
-18
-29
-32
-27
-5
-8
-24
-20
-18
-28
-28
-21
-21
-25
-31
-33
-28
-16
-9
-11
-6
3
2
5
10
8
1
6
9
7
10
18
11
0
6
9
8
5
-7
-3
2
-6
-6
-7
-6
1
-15
-35
-14
-5
-19
-21
-21
-21
-18
-15
-20
-4
1
-7
-5
-6
3
-3
-3
4
5
-9
-8
1
-2
-4
-7
2
-4
-15
-23
-16
-1
-8
-26
-21
-21
-28
-29
-32
-9
-1
-22
-24
-10
-8
-15
-22
-17
-10
-12
-19
-19
-12
-10
-10
-22
-16
-6
-13
-11
-8
-4
-9
-4
0
-3
4
6
5
8
9
10
14
9
7
6
9
7
1
-4
-2
12
-2
-5
9
-1
-8
-5
-10
-14
-4
-15
-32
-35
-31
-23
-19
-21
-22
-21
-25
-28
-28
-28
-19
-26
-26
-19
-21
-16
-12
-11
-16
-1
2
-4
6
0
-8
-18
-15
-17
-17
-21
-18
-17
-22
-10
-12
-25
-29
-29
-28
-32
-40
-40
-38
-42
-39
-30
-26
-30
-27
-27
-27
-28
-29
-32
-31
-28
-36
-34
-33
-23
-17
-24
-24
-21
-16
-21
-25
-20
-13
-12
-16
-13
-11
-12
-19
-18
-10
-2
-15
-20
-12
-15
-25
-29
-17
-9
-13
-16
-4
6
2
-11
6
22
3
-7
0
8
-4
-9
-3
8
5
2
10
26
19
17
33
25
36
34
30
47
50
39
44
57
39
31
44
48
38
27
27
27
21
25
23
25
23
23
24
28
32
16
17
18
11
11
20
31
24
27
30
28
26
22
31
29
21
21
37
39
24
28
34
27
13
25
32
22
20
29
25
18
26
25
14
26
27
19
27
17
18
25
17
5
14
25
15
11
13
24
10
2
13
4
-1
0
-1
-10
-4
6
-4
-6
-6
-8
-6
-11
-13
-10
-8
-1
6
9
15
16
11
5
20
19
13
19
8
12
9
1
3
0
-11
-19
-7
-9
-11
6
16
9
7
22
23
19
28
37
41
42
48
56
57
52
43
48
38
27
26
27
32
27
37
45
39
33
41
43
36
46
48
35
35
35
31
30
25
31
28
38
48
43
44
45
56
44
35
32
34
35
18
20
30
20
1
6
17
9
0
7
22
23
18
17
18
-1
-1
5
1
1
7
11
13
14
8
13
10
7
8
5
5
12
19
1
9
5
2
9
-1
-5
-13
-13
-11
-12
-10
-5
-6
-3
-1
8
19
12
8
16
29
22
14
12
2
-19
-26
-27
-37
-35
-26
-35
-38
-33
-35
-24
-29
-32
-25
-31
-33
-34
-28
-25
-25
-22
-27
-27
-34
-28
-17
-14
-11
-14
-9
-13
-19
-24
-23
-26
-37
-32
-29
-32
-39
-32
-33
-34
-36
-36
-34
-34
-29
-31
-26
-23
-21
-21
-15
-10
-12
-15
-15
-19
-27
-22
-25
-33
-34
-31
-24
-25
-29
-21
-16
-15
-19
-16
-14
-23
-22
-18
-21
-15
-8
-6
-1
3
8
7
8
12
15
18
16
19
20
14
3
8
8
0
1
0
-8
-13
-13
-4
3
9
13
11
12
9
5
12
16
12
17
23
23
27
20
16
29
30
21
16
25
27
12
9
19
25
15
17
23
18
15
17
26
13
15
24
23
28
30
27
28
28
27
27
27
17
11
15
5
0
8
-3
-13
-10
-8
-15
-17
-13
-12
-11
-15
-20
-32
-28
-30
-42
-32
-26
-23
-19
-15
-10
-3
-7
-11
-7
-8
-2
2
-5
-2
4
-1
6
1
-12
-5
6
3
-3
3
-4
-5
1
-8
-11
-4
-11
-10
3
7
0
-1
8
1
-3
-5
0
6
2
2
-6
-1
0
-7
-6
-6
-9
-8
-8
-13
-7
-6
-17
-19
-17
-13
-11
-14
-8
-5
3
-2
-9
1
-1
-4
-12
-9
-5
1
-4
-1
4
-1
2
-1
-4
-8
4
4
2
4
0
4
-2
0
4
9
11
2
-4
-3
2
5
3
2
-2
-5
-3
-5
-5
1
2
1
5
3
1
-7
-14
-17
-17
-17
-26
-26
-28
-34
-31
-25
-34
-38
-28
-25
-26
-29
-28
-31
-33
-29
-24
-17
-20
-19
-15
-11
-6
-17
-15
-14
-21
-29
-30
-21
-29
-23
-17
-22
-15
-11
-16
-25
-20
-20
-25
-24
-23
-25
-27
-26
-33
-30
-19
-25
-23
-18
-10
-9
-12
-21
-19
-17
-28
-22
-20
-18
-17
-18
-18
-16
-15
-21
-15
-13
-17
-16
-9
-10
-11
-14
-14
-11
-13
-8
-6
-5
-7
-6
-2
-3
-1
-1
2
0
-3
1
2
-1
-3
-2
-7
-14
-15
-13
-7
-2
-4
-6
-5
-3
6
10
10
15
8
19
25
24
27
25
25
24
20
13
10
10
14
8
-3
0
-1
-4
-10
-14
-5
-5
-10
-15
-13
-8
-8
-15
-21
-15
-21
-30
-34
-23
-15
-22
-20
-15
-14
-22
-19
-11
-12
-6
7
9
1
1
4
9
8
4
6
5
-2
-1
7
10
13
16
15
19
14
22
34
29
30
38
38
25
22
20
17
17
15
20
17
17
17
17
21
24
31
20
19
20
22
23
27
29
23
20
15
26
27
30
36
45
48
48
55
46
43
47
47
47
40
36
49
42
33
35
32
21
18
17
22
32
27
36
34
24
25
31
30
22
29
29
32
30
20
28
25
14
16
15
16
16
17
12
4
0
0
2
4
0
-6
-6
-6
-8
-14
-11
-18
-26
-19
-21
-21
-20
-17
-16
-15
-18
-13
-7
-14
-14
-17
-17
-26
-23
-27
-35
-32
-41
-40
-37
-36
-36
-26
-20
-15
-3
4
9
7
17
10
14
10
11
28
25
32
25
26
31
20
22
27
26
27
24
25
25
21
10
10
19
20
28
34
43
43
40
34
30
30
27
34
29
34
45
44
51
48
42
40
37
33
28
34
31
22
15
18
14
2
-3
-7
-4
-7
-5
2
-1
-9
-8
-8
-1
0
-6
-7
-5
-13
-9
-8
-12
-5
-6
-7
-17
-14
-9
-7
-11
-4
4
2
8
0
7
7
5
5
2
11
7
2
7
18
13
16
19
17
16
13
13
10
10
2
-4
-9
-11
-12
-9
-6
-13
-14
-18
-26
-27
-24
-25
-26
-18
-15
-17
-19
-13
-10
-12
-13
-3
12
8
1
13
15
6
12
11
3
3
6
14
7
9
12
9
0
-8
-2
-3
-4
-8
-14
-13
-20
-27
-28
-20
-16
-21
-22
-19
-20
-21
-19
-12
-21
-24
-18
-23
-23
-19
-19
-25
-18
-12
-19
-18
-18
-20
-22
-20
-26
-28
-23
-21
-23
-24
-24
-29
-17
-20
-21
-18
-16
-4
-8
-3
-4
-9
-12
-13
-20
-13
3
3
-3
-7
-8
-2
1
-3
-13
-20
-14
-4
-4
-5
1
3
8
14
13
13
21
18
12
24
24
23
22
23
31
36
34
36
38
34
31
32
35
36
40
27
24
29
37
41
37
37
28
28
24
18
22
16
11
17
14
10
11
19
20
14
13
10
10
10
8
3
7
8
-1
0
-6
-15
-15
-18
-18
-16
-13
-10
-12
-5
-5
-4
-5
-13
-18
-15
-12
-18
-20
-19
-21
-23
-21
-19
-20
-21
-23
-24
-28
-31
-35
-28
-21
-19
-14
-11
-5
-4
-1
1
-1
-8
-5
-5
-8
-2
5
1
-2
7
6
7
7
3
-2
-7
-13
-7
-6
-13
-14
-16
-19
-18
-13
-9
-10
-6
-3
-5
-4
3
2
3
-2
4
1
-12
-8
-11
-9
-9
-5
-1
-7
-6
-5
0
-4
-5
-5
-6
-10
-19
-20
-13
-7
-3
3
-1
-7
0
4
0
-6
0
10
3
3
3
-5
1
-3
-14
-12
-17
-24
-22
-20
-22
-23
-25
-28
-25
-27
-31
-35
-34
-21
-25
-27
-18
-19
-29
-25
-27
-30
-22
-17
-15
-21
-19
-12
-17
-15
-9
-8
-11
-6
-8
-13
-19
-25
-25
-26
-32
-37
-30
-29
-26
-25
-28
-27
-21
-17
-24
-30
-27
-22
-28
-27
-27
-25
-30
-33
-29
-24
-13
-9
-7
-11
-12
-14
-14
-7
-5
-13
-19
-17
-26
-27
-20
-27
-22
-17
-19
-21
-25
-23
-25
-14
-11
-9
-12
-16
-24
-24
-21
-30
-21
-26
-27
-28
-30
-31
-31
-31
-27
-12
-11
-15
-14
-9
-7
-2
-3
5
5
9
20
17
19
16
15
21
22
25
31
29
29
24
21
25
29
25
25
26
21
12
4
8
-7
-13
-8
-11
-10
-10
-12
-13
-15
-16
-15
-21
-18
-12
-8
-7
-10
-19
-21
-19
-17
-18
-22
-14
-4
0
0
1
4
10
2
-2
-1
-2
0
-9
-7
-2
0
-1
4
14
12
14
15
21
17
14
24
23
29
26
21
25
27
24
16
22
23
23
29
21
17
17
16
18
22
31
34
34
38
39
41
38
39
43
41
42
41
40
41
38
39
42
35
24
25
26
22
21
24
24
22
21
20
20
11
12
16
20
16
5
7
7
10
10
13
26
33
26
26
22
9
11
10
13
14
9
11
14
7
5
7
-2
-3
-4
-2
-2
-1
1
-3
0
3
0
1
-2
2
8
7
6
-1
4
4
6
14
7
3
7
7
0
4
17
16
14
8
6
11
6
0
14
25
15
16
20
25
24
18
20
24
27
21
22
17
7
6
12
21
11
9
14
10
9
3
-1
-7
-8
-3
-2
-6
-9
-2
0
2
6
4
2
-9
-9
4
1
2
-1
2
15
14
13
14
11
7
1
12
26
25
15
12
9
7
9
2
4
7
11
17
10
10
13
14
17
23
26
29
28
22
32
40
38
35
32
30
18
15
18
22
19
17
20
21
15
11
17
16
14
15
16
11
17
21
21
16
11
16
7
18
25
29
34
29
23
15
13
8
16
15
11
6
2
0
2
2
-4
-3
-3
3
6
13
5
0
-2
-8
-7
-15
-19
-21
-13
-14
-8
-13
-19
-17
-20
-18
-12
-15
-21
-9
-18
-21
-31
-33
-40
-39
-24
-28
-27
-39
-37
-31
-28
-31
-30
-31
-34
-41
-38
-37
-38
-35
-40
-30
-34
-28
-20
-16
-18
-21
-23
-27
-24
-27
-25
-29
-26
-27
-27
-25
-24
-31
-27
-28
-24
-20
-32
-28
-24
-9
-6
-6
-19
-21
-14
-21
-20
-24
-21
-19
-18
-14
-13
-9
-6
-12
-12
-9
-9
-15
-10
-5
-3
2
-1
0
2
7
15
5
6
9
3
9
10
12
13
13
10
12
13
11
9
9
11
5
4
-10
-3
0
0
7
5
11
8
16
18
16
15
12
12
7
5
6
1
8
6
9
16
10
16
15
16
11
10
6
3
7
-2
-6
-9
-10
-17
-18
-13
-18
-19
-16
-18
-12
-11
-14
-18
-20
-17
-15
-18
-22
-22
-22
-19
-17
-20
-25
-20
-19
-23
-24
-20
-18
-21
-22
-20
-15
-15
-17
-17
-7
-9
-15
-12
-16
-8
-9
-12
-11
-7
-7
-10
-11
-15
-10
-10
-13
-8
-13
-15
-16
-13
-21
-19
-21
-19
-18
-21
-13
-11
-5
-7
-7
0
-3
-7
-15
-10
-9
-7
-3
-1
6
1
2
-1
6
18
11
8
4
7
13
8
4
1
-8
-6
-3
3
2
1
3
-4
3
-2
-1
-3
-8
-2
-1
5
2
3
4
5
13
11
5
3
4
7
-1
-2
-7
-18
-9
-3
-1
-8
-6
3
11
10
8
12
11
18
21
15
7
5
-7
-15
-11
-10
-7
-4
-8
-16
-10
-1
2
4
4
-7
-12
-13
-14
-15
-19
-18
-21
-29
-27
-19
-11
-9
-9
-8
-4
2
-4
-3
-9
-4
5
3
-4
-5
-4
-15
-17
-15
-17
-16
-20
-26
-31
-27
-22
-20
-19
-21
-15
-15
-18
-23
-25
-19
-18
-13
-17
-25
-34
-34
-21
-26
-25
-32
-31
-25
-24
-24
-36
-31
-32
-32
-30
-39
-42
-40
-38
-35
-30
-35
-36
-32
-27
-28
-21
-19
-19
-16
-21
-13
-9
-8
-3
-9
-3
0
0
4
-2
-6
-6
-9
-19
-17
-13
-13
-5
-10
-14
-21
