-2
1
-2
-4
-2
5
0
1
1
3
4
-5
-6
2
6
-3
2
2
-1
-7
-11
-2
-5
-2
-13
-12
0
1
3
-13
-3
-2
-11
-2
-2
4
-3
-5
-2
-7
-8
-4
-13
-15
-9
-12
-13
-8
-15
-11
-12
-14
-15
-24
0
-7
-4
-1
-8
-6
-7
4
-9
-4
1
-3
-2
-5
-6
-1
-2
-11
-9
7
-5
-5
-9
-10
-2
-4
1
-10
-4
-4
1
-4
-6
-3
-7
2
-2
-11
-4
-1
-3
-3
-4
-2
-16
-16
-12
-9
-14
-21
-19
-11
-11
-16
-12
-14
-10
-20
-13
-8
-7
-21
-19
-6
-13
-12
-14
-7
-5
-9
-7
-11
-20
-15
-11
-10
-14
-10
-12
-15
-11
-15
-9
-13
-20
-16
-19
-18
-17
-17
-16
-16
-11
-12
-13
-12
-13
-14
-12
-17
-19
-12
-10
-7
-15
-20
-14
-4
-6
-13
-11
-7
-9
-11
-11
-11
-14
-8
-6
-11
-8
-14
-12
-7
-8
-7
3
-2
1
6
-4
8
4
6
7
6
6
11
11
6
9
9
8
11
17
9
8
13
12
11
13
17
9
6
8
9
9
8
10
3
7
10
10
13
10
10
14
19
8
-2
7
11
6
2
-2
2
9
2
-8
-5
3
-1
-8
-2
1
-5
-5
0
5
0
-10
-5
1
-2
-10
-7
1
-6
-7
-5
-1
2
-3
3
-1
-1
2
4
1
2
9
3
6
5
1
6
6
4
-1
5
14
2
-3
6
9
5
6
8
8
10
11
14
4
5
12
11
13
10
11
15
15
12
11
18
22
19
20
15
17
23
19
15
16
11
18
18
11
19
23
17
11
11
15
19
10
16
22
13
7
11
17
14
7
3
8
14
4
-9
6
14
-3
-6
0
4
1
0
2
7
-1
-3
3
1
1
0
2
-1
1
-2
-6
-5
-1
3
-1
-6
-15
-8
-1
8
2
-6
-2
-6
-6
-5
5
4
-2
-9
-6
-1
2
-2
-5
-2
-4
1
-1
1
2
1
4
7
3
3
6
6
1
5
5
-2
-6
-4
5
2
-1
-7
-4
-3
-3
2
1
4
-1
-4
-1
0
0
2
3
7
1
-6
-2
6
2
-4
0
2
-4
-6
2
2
8
4
1
2
0
-6
0
3
1
5
2
6
7
8
5
1
3
13
7
3
11
11
8
3
8
6
12
14
12
4
2
13
11
14
11
7
4
0
3
12
9
4
10
5
3
9
12
8
14
16
7
1
10
11
1
5
8
8
3
-1
8
11
10
6
10
14
7
9
13
7
7
16
14
11
9
10
12
9
12
8
14
19
19
14
18
19
13
20
16
20
14
8
9
10
11
12
10
5
9
17
17
16
9
11
22
11
10
17
17
11
6
13
17
9
11
17
14
17
19
20
19
16
14
20
11
14
14
6
17
13
17
14
13
7
9
9
0
10
11
11
6
6
8
7
4
-1
-2
0
-4
-5
0
5
-4
-2
1
-4
-3
-5
5
3
-3
-3
-4
-3
-5
-8
-9
-5
-6
-4
-8
-4
-9
-11
-7
-4
-6
-11
-4
-4
-9
-12
-2
-4
-5
-6
-15
-15
-7
-7
-15
-13
-10
-10
-13
-13
-13
-5
-8
-12
-10
-8
3
-4
-8
-5
-1
5
2
-5
1
-2
-2
1
-1
-2
4
13
5
6
7
3
2
10
12
3
13
9
6
6
13
15
7
9
10
12
9
12
11
8
11
16
22
15
19
20
13
9
10
8
-1
8
11
5
3
2
0
2
1
-1
3
-11
-11
8
12
3
2
5
0
-7
-15
-6
-2
-5
-5
-4
-2
-8
-10
-10
-14
-11
-7
-12
-10
-14
-16
-13
-16
-16
-19
-17
-15
-20
-17
-11
-16
-14
-16
-19
-19
-17
-6
-5
-7
-9
-14
-10
-9
-17
-8
0
0
-9
-9
-4
-2
4
6
6
2
2
7
9
3
-2
7
7
-1
-2
0
10
10
4
1
0
6
8
8
5
10
4
-3
6
11
4
-3
-1
5
4
2
4
0
5
3
2
-2
-3
1
-4
1
-4
-7
-4
-5
-11
-4
-4
-12
-12
-7
-10
-16
-9
-11
-16
-19
-16
-21
-20
-14
-13
-20
-16
-12
-25
-24
-18
-16
-23
-19
-17
-16
-21
-26
-14
-18
-20
-22
-18
-20
-25
-15
-20
-20
-18
-21
-18
-15
-19
-26
-23
-19
-20
-21
-19
-23
-22
-18
-21
-20
-14
-11
-15
-11
-14
-20
-17
-17
-17
-13
-16
-12
-9
-5
-8
-17
-17
-14
-6
-7
-13
-9
-10
-13
-7
-10
-16
-12
-14
-7
-5
-14
-13
-4
-5
-7
-10
-6
1
1
-1
-2
3
4
1
-6
-4
-2
6
7
0
5
7
4
6
2
2
9
9
-3
0
16
13
8
6
6
3
-1
2
5
9
7
14
13
6
14
15
6
10
11
7
7
16
18
11
8
8
13
12
11
9
11
11
9
2
8
14
8
8
6
8
6
7
4
5
9
7
6
0
0
3
6
1
4
12
6
3
7
6
2
1
5
7
7
3
2
9
8
5
7
10
3
1
2
5
6
0
1
3
-3
-6
0
0
1
-1
-2
-3
-2
-3
-7
-5
-6
-11
-13
-6
-9
-10
-12
-9
-8
-15
-7
0
-2
-9
-11
-3
8
-2
-8
-2
-2
-9
-11
-4
-11
-12
-7
-4
-11
-16
-4
-6
-13
-3
-2
-2
-6
-12
-10
-13
-10
-13
-17
-13
-6
-10
-11
-10
-12
-12
-12
-10
-13
-10
-8
-8
-4
-6
-16
-11
-15
-21
-15
-19
-16
-13
-11
-15
-14
-16
-12
-15
-17
-17
-14
-13
-14
-7
-9
-6
-15
-12
-14
-13
-5
-11
-10
-10
-6
-3
-2
-4
2
-3
-8
-6
-5
-1
-8
0
2
1
1
-5
-2
0
0
2
4
6
6
9
8
3
0
-5
2
2
4
3
2
7
7
5
8
6
0
2
1
-1
2
9
7
2
3
2
3
-1
-3
-1
2
8
4
3
8
4
-1
4
6
6
7
6
8
-1
2
7
1
2
1
-5
-8
-3
-1
-3
-5
-1
-2
-5
-9
-11
-8
-11
-13
-8
-8
-16
-12
-14
-15
-19
-16
-14
-17
-12
-10
-14
-18
-14
-19
-16
-18
-19
-22
-25
-24
-29
-19
-23
-29
-25
-17
-23
-26
-25
-23
-26
-27
-23
-22
-21
-29
-19
-17
-19
-17
-20
-11
-14
-16
-16
-13
-10
-3
-4
-7
1
-2
-2
0
4
6
0
5
9
6
10
16
13
7
9
15
7
15
11
4
11
12
12
9
11
13
17
12
12
17
15
17
21
22
19
21
19
15
18
20
27
24
18
23
22
23
22
23
25
25
25
30
29
19
18
23
21
18
18
17
20
23
25
26
23
20
20
25
33
25
20
22
24
25
24
19
13
23
21
23
24
20
21
19
22
22
27
22
17
18
20
17
18
22
20
11
11
14
20
20
13
13
20
20
12
16
17
19
14
14
20
19
19
13
15
14
15
18
14
14
18
18
18
11
14
18
18
14
7
12
19
17
10
9
7
13
19
12
12
18
20
10
10
19
14
10
10
6
12
15
11
10
13
12
12
10
9
4
0
5
3
7
9
5
9
8
9
8
4
8
1
-4
-2
-5
-5
-1
-3
-1
-2
-7
-9
-9
-4
-9
-8
-8
-8
-6
-7
-12
-15
-13
-13
-14
-10
-15
-9
-2
-4
-9
-17
-8
-15
-17
-15
-17
-16
-14
-10
-18
-18
-14
-15
-21
-25
-26
-24
-22
-24
-21
-17
-16
-18
-22
-25
-15
-17
-22
-25
-19
-19
-23
-20
-20
-19
-23
-21
-23
-19
-14
-17
-16
-14
-13
-14
-18
-20
-20
-12
-7
-16
-13
-11
-4
-6
-9
-5
-9
-11
-9
-9
-9
-10
-12
0
-2
-3
4
-2
-2
2
1
0
2
2
8
4
8
0
-5
8
0
1
-2
-2
9
3
-3
-2
-4
-4
-5
-6
-15
-20
-10
-9
-12
-15
-13
-12
-10
-9
-8
-8
-13
-16
-11
-6
-12
-11
-8
-10
-11
-13
-9
-14
-15
-10
-12
-19
-14
-17
-21
-19
-13
-10
-18
-20
-23
-23
-21
-17
-19
-20
-19
-24
-22
-21
-20
-22
-23
-18
-18
-19
-17
-17
-16
-18
-20
-12
-15
-19
-13
-15
-12
-8
-14
-13
-5
-3
-8
-12
-11
-6
-3
-10
-16
-7
-6
-7
-11
-10
-5
-3
-4
-7
1
-3
1
4
7
6
4
7
-1
-4
-2
6
9
7
0
6
10
11
8
9
13
9
11
11
13
8
15
13
9
10
10
11
13
14
12
16
14
17
18
18
16
14
13
7
6
4
3
7
5
6
10
8
7
9
15
13
15
14
17
11
9
15
16
13
9
17
7
9
14
16
10
10
15
10
9
15
14
9
15
14
10
9
10
7
9
12
11
11
12
16
23
16
4
11
16
18
13
16
13
4
13
12
6
13
9
12
12
10
11
4
15
12
9
8
4
9
12
9
2
5
4
2
7
15
7
-1
9
7
2
10
19
10
-7
6
11
2
6
6
0
-4
11
8
-18
-5
21
-7
-9
7
11
6
-6
12
11
-1
3
11
11
-8
7
23
-27
-4
62
-13
-43
59
53
-57
-10
86
-37
-37
85
-17
-55
63
43
-53
5
73
-25
-31
78
6
-27
41
3
2
18
5
10
14
8
-1
35
17
-36
38
45
-50
8
53
-19
-19
49
14
-50
29
53
-55
-7
70
-16
-37
34
37
-37
-4
61
-9
-27
37
20
-27
9
40
-5
-18
24
16
-21
2
25
1
-7
9
2
-12
0
10
-3
0
0
10
14
-5
0
18
0
-22
18
19
-34
0
30
-16
-18
28
9
-36
14
26
-31
-4
21
-9
-24
4
5
-30
-7
13
-23
-21
3
-5
-15
-17
1
-11
-22
0
-12
-7
-5
-19
-3
-12
-21
-4
-10
-19
-13
3
-11
-27
-2
-7
-27
-6
-3
-30
-21
0
-17
-34
1
3
-37
-13
6
-21
-20
2
-15
-31
-13
-14
-36
-16
-8
-33
-21
-22
-30
-22
-16
-20
-28
-10
-26
-31
-9
-25
-25
-5
-22
-35
-18
-3
-32
-34
3
-30
-40
-3
-19
-31
-10
-7
-23
-17
2
-16
-28
0
-14
-25
-4
-9
-14
-16
-5
-3
-19
-8
-9
-7
4
-4
0
-8
-10
-7
-11
-4
-3
-1
-4
-5
3
-2
-5
4
-1
-6
1
-3
-1
7
6
2
3
3
10
11
2
0
16
8
-1
17
16
-1
10
21
1
4
17
15
8
12
12
3
12
15
18
13
14
17
13
4
6
17
6
6
23
10
2
16
8
-4
11
23
1
-1
22
9
2
9
12
8
4
11
9
3
12
7
2
6
-7
3
13
0
4
-9
-9
-1
0
-5
-8
12
-1
-27
-5
1
-19
-10
2
-5
-13
-9
-9
-16
-8
-4
-14
-6
-1
-16
-12
-10
-13
-11
-12
-6
-4
-11
-6
-6
-10
-12
-4
-5
-16
-7
0
-9
-18
-7
-6
-14
-5
-2
-18
-14
-2
-15
-16
-3
-11
-15
4
0
-13
-15
-5
-10
-11
2
-1
-4
0
-5
-14
-9
-7
-1
4
3
4
-10
-13
-3
-7
-9
-2
-3
-1
-7
2
3
-13
-9
-4
0
-11
-5
3
-6
-9
-2
-3
-9
-3
5
1
-4
10
0
-13
-1
7
1
-6
12
3
-6
11
18
-2
0
17
9
2
10
12
2
7
14
3
-1
10
9
5
3
5
1
6
8
0
2
-2
3
-2
-8
8
14
-4
-13
-4
-3
-13
-3
6
-6
0
0
-13
-10
-4
-2
-1
4
6
-6
2
12
1
-1
2
7
-2
-3
11
6
-6
-5
-3
-1
4
6
4
-6
5
8
1
0
9
12
-1
-1
11
15
5
20
14
-1
5
7
6
0
15
16
4
3
9
5
1
6
10
3
-6
6
4
8
8
13
13
0
-1
3
7
-4
-1
6
-4
-17
-19
-2
-5
-14
-3
2
-3
-11
-14
1
2
-11
-12
0
-2
-13
-12
-5
-9
-15
-12
-6
-4
-5
-8
-8
-2
-12
-5
1
-4
-7
-12
-5
-10
-6
-2
-2
5
1
-9
-12
-7
-1
-5
-3
2
-2
-10
-7
-1
-4
-3
-4
1
3
-2
2
4
-1
-3
2
6
-1
-8
-3
-11
-14
-1
10
2
-6
-3
4
-2
-12
0
15
9
0
-3
4
3
-6
-6
-3
-3
-7
-4
4
6
-1
-5
0
3
1
-1
-3
-1
3
-5
0
4
0
-2
-4
3
-8
-9
4
7
-2
-7
-7
-5
-3
-8
-3
0
2
-2
-6
3
4
-14
-11
7
7
-4
-7
0
-1
-5
0
2
4
6
-2
-2
-1
4
8
6
8
6
9
4
-3
2
13
9
1
5
8
5
-1
8
15
-1
0
5
5
0
-4
2
12
3
-5
8
2
0
-7
-7
8
-3
-9
-4
0
-9
-18
-12
7
5
-6
-9
-1
-5
-20
-19
-2
11
2
-9
-10
0
-10
-14
3
8
-14
-22
-1
-11
-25
-10
13
-1
-22
-10
2
-14
-22
-4
-1
-11
-13
-1
-9
-26
-22
-13
-6
-18
-15
4
-8
-29
-19
-2
-6
-13
-2
4
-9
-26
-20
-8
-3
-7
-13
0
-2
-10
-17
-5
8
3
-3
-13
-5
-7
-16
-7
14
7
-15
-1
1
-13
-15
3
7
-6
-11
-3
-8
-10
-6
-2
0
-15
-10
-3
2
-4
-6
2
0
-5
-4
0
7
-3
-10
-10
-4
5
-7
4
9
5
-5
-2
4
-7
0
1
6
1
-2
9
5
-3
0
6
8
0
4
15
5
-8
-4
11
5
-2
-1
13
14
-1
-4
7
14
1
-5
6
9
4
-5
-3
15
16
6
-2
2
4
1
2
8
14
6
4
17
10
7
16
15
16
19
18
15
11
12
12
15
14
15
11
15
20
4
9
15
14
16
17
19
10
5
5
15
14
16
11
0
4
8
7
13
21
17
-1
-3
13
5
3
9
9
8
7
7
2
1
1
11
8
-5
-9
-5
4
-3
-14
-5
-10
-12
-12
-14
-15
-24
-17
-18
-19
-15
1
-11
-30
-19
-9
-1
-14
-10
-13
-20
-13
-14
-12
-14
-16
-11
-9
-16
-14
0
3
-7
-15
-4
-3
-14
-11
-5
10
6
-9
-15
0
13
-2
-8
6
16
2
-10
5
20
2
-9
1
8
3
-4
5
15
0
-14
-3
11
17
3
-5
8
16
7
0
1
14
8
-4
2
9
20
12
5
7
17
13
5
17
32
24
2
13
35
28
5
16
27
13
-4
10
38
31
8
11
16
11
4
3
24
25
9
9
22
10
-7
-8
5
11
4
0
-2
4
-5
-14
-10
3
0
-5
0
2
1
-13
-12
-4
-1
-4
-4
0
6
-1
-12
-2
8
5
-5
-7
6
4
-11
-9
0
5
4
-3
-2
1
3
6
2
-1
-1
-4
-1
5
3
-11
-5
0
-3
-3
-9
-8
-12
-13
-8
-3
-6
-6
-7
-6
-11
-21
-22
-20
-9
-11
-14
-17
-16
-19
-23
-15
-10
-7
-5
-3
-4
-9
-9
-12
-2
13
6
1
0
8
11
4
5
9
14
9
1
8
18
17
17
15
22
16
17
17
11
23
26
26
24
28
16
20
31
30
28
16
26
31
24
9
6
19
13
10
13
15
15
8
6
8
5
2
6
11
-1
-7
1
4
3
-5
-7
-4
-1
-8
-11
-8
-6
-4
-8
-5
-2
0
2
4
5
7
17
16
12
17
21
26
27
18
24
32
33
34
28
35
42
35
29
34
35
36
37
31
26
30
34
27
25
21
30
31
19
19
20
29
24
14
8
11
21
12
6
3
7
9
6
5
-1
0
1
-5
-17
-13
-14
-22
-22
-21
-26
-26
-24
-28
-31
-34
-30
-30
-33
-28
-27
-33
-27
-24
-22
-23
-19
-14
-20
-16
-11
-1
5
10
10
10
22
31
33
30
37
40
42
50
55
47
41
45
54
46
40
49
51
52
40
42
45
36
38
29
31
36
29
26
23
18
17
18
15
9
-2
-7
-9
-13
-30
-36
-40
-48
-50
-67
-75
-69
-77
-83
-90
-93
-94
-105
-103
-99
-107
-103
-103
-104
-99
-98
-96
-93
-87
-84
-80
-67
-50
-37
-35
-22
2
13
15
27
43
50
60
74
77
87
95
94
94
93
99
90
90
98
95
89
86
83
72
65
68
71
62
60
48
41
35
30
29
22
19
16
3
-12
-10
-11
-19
-21
-13
-21
-38
-42
-49
-62
-64
-61
-66
-80
-89
-91
-100
-103
-112
-122
-120
-120
-124
-135
-134
-124
-120
-120
-122
-116
-102
-93
-91
-90
-74
-55
-31
-19
-18
0
19
33
44
59
71
81
90
99
103
103
105
114
117
110
105
108
113
101
94
90
92
87
77
76
69
62
56
51
37
24
15
16
11
-1
4
-6
-4
3
-8
-10
-4
6
0
-9
-3
-4
-7
-10
-16
-26
-25
-28
-32
-44
-49
-49
-72
-78
-82
-87
-97
-99
-102
-114
-117
-123
-117
-114
-116
-123
-113
-101
-101
-93
-81
-72
-64
-58
-51
-37
-21
-3
13
23
28
45
65
75
81
92
110
120
126
127
131
142
148
142
139
152
156
148
142
145
143
138
134
128
123
122
123
107
90
92
91
78
60
56
43
35
32
16
4
-10
-24
-41
-70
-81
-91
-108
-119
-140
-151
-161
-172
-184
-191
-180
-185
-185
-178
-171
-168
-161
-150
-141
-133
-130
-116
-97
-76
-62
-52
-37
-11
11
25
42
57
76
91
95
105
117
123
128
132
137
140
148
158
157
152
159
168
169
168
166
166
171
170
154
152
152
151
141
123
113
117
119
104
88
79
62
42
26
9
-5
-22
-46
-72
-102
-135
-151
-164
-182
-203
-214
-219
-236
-248
-247
-247
-247
-237
-233
-224
-222
-216
-205
-190
-179
-166
-136
-115
-107
-97
-66
-38
-26
-11
14
38
55
60
75
79
77
97
105
105
108
117
121
123
131
138
146
161
162
162
170
178
180
173
180
181
174
173
178
170
152
143
139
133
111
96
91
76
51
28
-4
-29
-58
-87
-113
-141
-174
-214
-228
-255
-277
-294
-302
-303
-315
-318
-315
-305
-304
-298
-291
-281
-259
-250
-242
-223
-198
-173
-162
-140
-117
-89
-56
-38
-17
6
45
72
93
108
123
147
154
156
160
175
188
190
186
193
204
214
226
234
239
263
288
306
313
309
317
327
327
311
303
301
292
280
257
232
220
214
189
167
141
109
76
29
-28
-80
-132
-187
-259
-336
-406
-461
-519
-592
-649
-695
-710
-724
-746
-763
-781
-779
-769
-767
-766
-747
-723
-696
-669
-647
-601
-533
-464
-399
-322
-226
-124
-40
27
115
204
282
352
392
439
500
539
557
557
568
606
656
699
700
698
727
761
788
802
807
818
835
854
845
822
824
832
834
844
844
865
875
874
880
877
885
881
855
809
771
722
653
547
425
326
226
109
-48
-223
-375
-507
-655
-824
-988
-1145
-1273
-1389
-1526
-1675
-1791
-1856
-1922
-1992
-2033
-2040
-2032
-2026
-1979
-1920
-1829
-1721
-1629
-1512
-1366
-1212
-1072
-942
-799
-620
-459
-299
-155
-26
128
282
438
549
660
772
899
1022
1096
1144
1180
1242
1291
1303
1293
1288
1287
1284
1261
1218
1190
1171
1170
1149
1147
1145
1137
1136
1110
1120
1135
1150
1150
1151
1164
1173
1172
1174
1204
1212
1235
1243
1239
1237
1221
1214
1196
1126
1016
897
783
662
489
251
-3
-222
-460
-716
-976
-1239
-1473
-1716
-1948
-2139
-2286
-2415
-2558
-2686
-2767
-2842
-2879
-2880
-2885
-2873
-2864
-2794
-2718
-2636
-2509
-2367
-2209
-2068
-1922
-1736
-1530
-1312
-1066
-883
-685
-467
-237
-18
168
412
597
837
1067
1272
1497
1681
1898
2088
2264
2428
2574
2684
2805
2840
2874
2884
2837
2799
2660
2590
2439
2278
2080
1800
1607
1364
1160
890
577
308
50
-179
-386
-608
-787
-917
-1042
-1091
-1154
-1095
-1011
-898
-750
-665
-417
-201
41
264
411
636
749
873
1025
1132
1205
1192
1166
1136
1081
1056
995
868
745
535
365
178
-26
-231
-575
-803
-1098
-1404
-1658
-1956
-2172
-2427
-2633
-2821
-2975
-3056
-3136
-3217
-3257
-3293
-3320
-3323
-3334
-3240
-3232
-3145
-3071
-3042
-2857
-2706
-2399
-2124
-1829
-1490
-1152
-699
-269
181
609
1048
1456
1842
2181
2574
2869
3138
3423
3527
3756
3853
4036
4182
4188
4215
4091
4049
3959
3847
3648
3375
3079
2750
2389
2067
1757
1411
1125
749
526
307
144
54
-80
-72
-123
-116
-89
-53
7
59
130
141
117
159
205
210
245
177
122
29
-40
-74
-233
-348
-519
-760
-1027
-1309
-1552
-1809
-2084
-2390
-2748
-3026
-3261
-3455
-3579
-3755
-3897
-4041
-4159
-4182
-4203
-4197
-4220
-4302
-4329
-4315
-4227
-4088
-3948
-3780
-3625
-3316
-2917
-2467
-1932
-1393
-796
-232
351
961
1582
2211
2764
3211
3610
4008
4383
4730
4991
5230
5398
5573
5715
5769
5826
5782
5737
5537
5265
4977
4553
4113
3603
3050
2401
1743
1086
471
-87
-603
-1036
-1463
-1792
-2102
-2280
-2369
-2345
-2283
-2292
-2187
-2090
-1874
-1633
-1355
-1076
-840
-549
-283
86
439
814
1081
1281
1493
1672
1869
1967
2030
1886
1749
1576
1375
1193
911
683
282
-57
-391
-696
-977
-1293
-1557
-1956
-2251
-2571
-2834
-3106
-3383
-3675
-3984
-4188
-4443
-4572
-4758
-4845
-4950
-5029
-4994
-4972
-4800
-4649
-4365
-4104
-3764
-3393
-2969
-2467
-1979
-1356
-808
-176
359
955
1566
2150
2801
3320
3881
4308
4786
5223
5614
5981
6219
6394
6452
6487
6391
6297
6045
5719
5236
4658
4139
3532
2969
2244
1592
883
221
-315
-863
-1284
-1709
-2064
-2371
-2551
-2668
-2673
-2675
-2586
-2452
-2321
-2023
-1796
-1426
-1127
-794
-451
-163
240
515
807
1017
1189
1326
1402
1456
1497
1447
1351
1275
1075
964
710
497
300
13
-172
-517
-774
-1119
-1479
-1732
-2079
-2339
-2678
-3021
-3290
-3607
-3848
-4055
-4296
-4445
-4629
-4756
-4784
-4844
-4740
-4698
-4562
-4338
-4119
-3656
-3269
-2778
-2273
-1765
-1087
-519
186
853
1450
2070
2634
3252
3809
4322
4794
5238
5628
6009
6313
6562
6731
6763
6754
6574
6447
6123
5653
5162
4493
3867
3082
2349
1631
845
114
-594
-1180
-1730
-2194
-2592
-2868
-3084
-3189
-3211
-3160
-3015
-2911
-2627
-2397
-2061
-1663
-1312
-866
-553
-87
292
633
969
1227
1520
1674
1854
1905
1924
1884
1781
1649
1498
1353
1085
840
521
248
-58
-335
-661
-1047
-1362
-1778
-2097
-2485
-2786
-3159
-3569
-3901
-4292
-4502
-4802
-5034
-5294
-5546
-5693
-5830
-5803
-5744
-5639
-5490
-5257
-4915
-4415
-3847
-3182
-2538
-1848
-1013
-309
506
1271
2056
2780
3321
3982
4556
5138
5661
6095
6548
6890
7148
7384
7556
7692
7662
7438
7225
6771
6261
5652
4917
4248
3351
2501
1570
645
-70
-843
-1499
-2075
-2584
-2993
-3364
-3534
-3559
-3625
-3531
-3476
-3360
-3082
-2832
-2381
-2099
-1745
-1322
-1007
-496
-89
452
951
1249
1554
1829
2173
2422
2518
2628
2633
2440
2294
2092
1961
1736
1358
1075
637
356
4
-395
-678
-1134
-1539
-2056
-2531
-2877
-3327
-3787
-4287
-4810
-5206
-5619
-5999
-6231
-6516
-6682
-6933
-7035
-6885
-6770
-6405
-6113
-5639
-5026
-4481
-3720
-2981
-2021
-1094
-352
466
1244
2101
2932
3653
4416
5112
5687
6261
6775
7475
8047
8288
8557
8661
8803
8660
8430
8213
7605
6959
6081
5245
4400
3478
2568
1500
498
-382
-1167
-1856
-2373
-2921
-3344
-3758
-4024
-4071
-4078
-3864
-3860
-3743
-3514
-3245
-2838
-2477
-1938
-1486
-1065
-611
-137
462
1069
1516
1860
2211
2521
2737
2756
2925
2993
2807
2510
2178
2060
1795
1479
1149
749
356
-160
-581
-922
-1300
-1786
-2418
-3060
-3659
-4161
-4593
-5080
-5594
-6082
-6552
-7005
-7316
-7415
-7474
-7616
-7756
-7705
-7487
-7121
-6694
-6183
-5516
-4828
-4171
-3413
-2332
-1158
-200
559
1485
2522
3448
4344
5253
6311
7043
7583
8166
8870
9622
9957
10204
10365
10403
10148
9694
9343
8913
8182
7184
6168
5123
4120
2998
1979
975
-67
-1041
-2076
-2776
-3355
-3822
-4275
-4731
-4943
-5096
-5079
-4908
-4672
-4438
-4194
-3921
-3524
-3046
-2400
-1734
-1335
-863
-353
273
844
1314
1891
2207
2421
2553
2657
2876
2928
2826
2596
2389
2272
1968
1640
1477
1223
798
278
-146
-526
-1073
-1574
-2087
-2690
-3276
-3888
-4398
-4869
-5281
-5661
-6138
-6530
-6857
-7138
-7310
-7382
-7486
-7584
-7518
-7280
-6972
-6576
-5784
-4951
-4306
-3578
-2550
-1281
-239
669
1731
2803
3718
4458
5304
6401
7204
7703
8214
8906
9565
9755
9964
10268
10379
10128
9587
9141
8707
7941
6932
5890
4866
3829
2478
1304
317
-681
-1685
-2785
-3461
-4087
-4648
-5067
-5366
-5448
-5550
-5549
-5448
-5205
-4855
-4405
-4083
-3624
-3114
-2553
-1841
-1326
-564
46
756
1440
1946
2657
3109
3543
3808
4045
4262
4246
4106
3932
3746
3531
3262
2788
2492
2062
1623
1122
599
280
-438
-1082
-1713
-2363
-3049
-3840
-4381
-5014
-5729
-6281
-6747
-7230
-7604
-7949
-8140
-8349
-8525
-8514
-8588
-8304
-8007
-7728
-7182
-6440
-5555
-4939
-4018
-2666
-1506
-622
349
1592
2801
3672
4579
5701
6614
7371
7897
8653
9511
9970
10236
10359
10696
10756
10385
10037
9671
9126
8188
7091
6161
5157
3939
2665
1337
305
-786
-1954
-2878
-3667
-4221
-4941
-5450
-5596
-5705
-5744
-5709
-5496
-5160
-4818
-4420
-3927
-3417
-2680
-2104
-1580
-926
-218
597
1151
1885
2602
3121
3563
3966
4458
4735
4837
4844
4782
4555
4335
4001
3685
3290
2698
2198
1523
1042
499
-129
-778
-1547
-2180
-2951
-3697
-4367
-4952
-5672
-6476
-7091
-7464
-7860
-8408
-8675
-8884
-9042
-9304
-9453
-9340
-9236
-8944
-8700
-8257
-7479
-6625
-5823
-4886
-3572
-2181
-1070
-80
1292
2639
3791
4773
5815
7043
7919
8681
9372
10165
10944
11305
11521
11739
11936
11883
11447
10944
10478
9680
8612
7359
6245
5113
3529
1982
669
-408
-1636
-2978
-3892
-4579
-5287
-5855
-6187
-6297
-6413
-6504
-6307
-6130
-5766
-5327
-4989
-4502
-3977
-3284
-2742
-2156
-1245
-441
212
915
1744
2543
3189
3804
4406
4697
4993
5235
5264
5224
5024
4922
4519
4055
3733
3240
2695
2098
1695
1220
497
-206
-736
-1295
-2006
-2830
-3570
-4194
-5041
-5778
-6394
-6864
-7364
-8017
-8383
-8665
-8897
-9150
-9450
-9568
-9515
-9383
-9216
-8908
-8157
-7213
-6543
-5697
-4427
-2981
-1799
-809
546
1894
2969
3974
5014
6287
7343
8016
8686
9454
10373
10853
10989
11361
11649
11523
11008
10571
10279
9482
8288
7173
6014
4775
3336
1965
840
-440
-1563
-2658
-3614
-4268
-4866
-5208
-5671
-5959
-5905
-5875
-5864
-5799
-5341
-4798
-4549
-4285
-3669
-3001
-2365
-1775
-1028
-149
448
1242
1965
2838
3691
4164
4676
4999
5520
5766
5716
5710
5621
5354
4849
4474
4141
3734
3044
2560
2026
1450
972
402
-35
-907
-1607
-2343
-3159
-4015
-4921
-5563
-6429
-7191
-7858
-8223
-8701
-9200
-9513
-9681
-9807
-10209
-10261
-10289
-10010
-9751
-9368
-8679
-7965
-6953
-6069
-4855
-3527
-2091
-890
250
1646
3009
4310
5261
6546
7629
8567
9282
10022
10924
11374
11767
11842
12011
11979
11757
11221
10481
9819
8903
7807
6457
5446
4167
2706
1284
208
-640
-1882
-2884
-3758
-4320
-4967
-5496
-5750
-5901
-5983
-6146
-6019
-5767
-5308
-5025
-4574
-3979
-3349
-2678
-2102
-1167
-380
459
1261
2104
2924
3579
4253
4815
5359
5668
6022
6025
5926
5774
5492
5285
4718
4260
3666
3032
2448
1867
1331
688
-36
-827
-1525
-2429
-3244
-4269
-5216
-5997
-6972
-7683
-8511
-9010
-9490
-10058
-10330
-10583
-10689
-10906
-10995
-10890
-10677
-10423
-9979
-9290
-8399
-7455
-6598
-5320
-4008
-2531
-1196
105
1642
2795
4224
5489
6694
7844
8747
9868
10568
11186
11930
12467
12661
12689
12801
12849
12301
11495
11000
10179
9078
7664
6433
5285
3659
2195
867
-204
-1408
-2776
-3774
-4550
-5129
-5835
-6411
-6606
-6811
-6976
-7057
-6786
-6309
-6084
-5714
-5113
-4375
-3505
-2770
-1946
-947
-35
995
1870
2745
3795
4424
5101
5721
6280
6756
6784
6949
6947
6752
6505
6014
5542
5066
4479
3772
2913
2236
1666
653
-315
-1068
-1912
-3117
-4440
-5228
-6095
-7303
-8277
-8899
-9477
-10251
-10835
-10989
-11275
-11561
-11666
-11758
-11713
-11694
-11368
-10934
-10439
-9554
-8626
-7689
-6528
-5167
-3708
-2197
-848
716
2060
3456
4964
5990
7311
8383
9400
10188
10753
11703
12235
12469
12652
12858
12896
12660
12081
11540
10745
9677
8701
7310
6161
4668
3105
1749
334
-685
-2002
-3121
-4008
-4776
-5362
-5907
-6249
-6504
-6595
-6571
-6454
-6378
-5978
-5506
-5104
-4544
-3830
-2836
-2203
-1433
-366
681
1745
2597
3664
4567
5227
5956
6576
7107
7424
7501
7444
7273
6978
6624
6034
5476
4881
4073
3316
2500
1798
928
22
-780
-1766
-2812
-3882
-4902
-5918
-6914
-7835
-8631
-9447
-10071
-10580
-11051
-11362
-11676
-11747
-11899
-11884
-11764
-11602
-11230
-10860
-10096
-9180
-8163
-7219
-6111
-4673
-3094
-1669
-433
1043
2479
3963
5027
6243
7530
8531
9437
9988
10991
11706
12035
12137
12320
12698
12506
11960
11403
10979
10086
8913
7700
6780
5581
3888
2438
1175
314
-988
-2269
-3224
-3967
-4574
-5396
-5835
-6046
-6203
-6443
-6414
-6160
-5798
-5521
-5157
-4465
-3820
-2941
-2229
-1349
-432
492
1524
2410
3478
4351
5075
5681
6372
6867
7097
7219
7336
7313
6874
6639
6202
5615
4804
4125
3678
2818
1932
1039
321
-574
-1568
-2618
-3572
-4432
-5490
-6521
-7629
-8293
-9076
-9893
-10487
-10888
-11162
-11762
-11962
-12083
-12144
-12217
-12091
-11720
-11401
-10744
-9945
-8963
-8087
-6796
-5462
-4129
-2576
-1188
309
1403
2945
4434
5547
6789
7925
9057
9699
10600
11591
12071
12210
12572
13046
12921
12542
12126
11742
10900
9926
8980
7787
6582
5235
3871
2497
1377
441
-820
-2068
-2912
-3530
-4244
-4970
-5309
-5609
-5879
-5977
-5941
-5623
-5423
-5040
-4672
-4125
-3204
-2550
-1937
-1141
9
957
1690
2606
3626
4284
4728
5507
6023
6327
6409
6619
6574
6117
5985
5689
5231
4494
3949
3416
2561
1855
1090
295
-622
-1457
-2313
-3523
-4702
-5604
-6608
-7651
-8579
-9235
-9753
-10548
-11068
-11435
-11645
-11865
-12209
-12231
-12151
-12119
-12179
-11811
-10995
-10015
-9402
-8539
-7049
-5725
-4302
-3168
-1596
0
1342
2909
4086
5479
6667
7855
8791
9628
10809
11588
12039
12257
12887
13305
13219
13027
12869
12490
11547
10678
9824
8842
7429
6085
4925
3646
2482
1177
35
-1052
-2021
-2654
-3480
-4235
-4746
-5157
-5269
-5570
-5651
-5483
-5369
-5042
-4884
-4388
-3702
-2954
-2269
-1608
-719
202
1214
1965
2809
3414
4091
4718
5049
5383
5495
5813
5667
5531
5394
5134
4726
4041
3775
3263
2609
1825
1224
535
-477
-1383
-2339
-3258
-4360
-5292
-6407
-7514
-8242
-8769
-9349
-10206
-10626
-10833
-11189
-11663
-11917
-11979
-11993
-12024
-11983
-11543
-10992
-10066
-9355
-8556
-7250
-5934
-4419
-3265
-1919
-434
961
2523
3875
5167
6388
7558
8531
9591
10630
11503
11913
12248
13038
13344
13362
13085
12995
12750
11860
11122
10145
9137
7972
6654
5416
4038
2992
1927
490
-755
-1602
-2174
-2994
-3930
-4375
-4691
-5038
-5317
-5435
-5336
-5238
-5245
-4971
-4616
-4091
-3464
-3070
-2193
-1432
-557
256
901
1947
2566
3240
3758
4254
4786
4895
4945
4943
4992
4948
4646
4179
3905
3527
3127
2633
2059
1539
723
52
-788
-1770
-2790
-3857
-4796
-5925
-6941
-7663
-8397
-9113
-9845
-10374
-10599
-11092
-11398
-11732
-11985
-11978
-12162
-11847
-11461
-10828
-10094
-9494
-8390
-7124
-5688
-4437
-3238
-1756
-164
1303
2634
4042
5468
6787
7717
8909
10112
11068
11737
12094
12859
13279
13558
13581
13379
13202
12519
11922
11074
10191
9218
7868
6596
5375
4257
3078
1692
481
-434
-1414
-2256
-3190
-3925
-4395
-4941
-5259
-5571
-5624
-5522
-5606
-5522
-5245
-4846
-4245
-3803
-3170
-2448
-1774
-826
-181
623
1407
2137
2855
3267
3861
4245
4420
4573
4793
4957
4739
4336
4157
4004
3673
3227
2609
2146
1522
768
-67
-1060
-1852
-2874
-4063
-5058
-5927
-6625
-7570
-8453
-8972
-9568
-9955
-10394
-10848
-11312
-11788
-11851
-11893
-11773
-11459
-11052
-10534
-9755
-8599
-7419
-6254
-4987
-3541
-2222
-881
612
2025
3433
4754
6056
7127
8209
9458
10382
11009
11538
12313
12837
13021
13113
12939
12716
12257
11736
10934
9917
9027
7868
6506
5212
4157
3036
1698
546
-488
-1509
-2377
-3053
-3693
-4394
-4781
-5027
-5307
-5519
-5502
-5504
-5613
-5263
-4797
-4375
-4170
-3569
-2661
-1966
-1143
-450
502
1296
2157
2849
3296
4041
4594
4940
4960
5227
5420
5283
4908
4699
4559
4143
3882
3321
2810
2183
1658
1071
140
-669
-1673
-2759
-3857
-4730
-5624
-6671
-7635
-8276
-8966
-9687
-10256
-10796
-11120
-11634
-11877
-12050
-12021
-11635
-11255
-10762
-10214
-9166
-7995
-6873
-5851
-4696
-3378
-2018
-585
709
2231
3568
4943
6118
7290
8725
9775
10708
11272
11976
12622
12956
13104
12965
12770
12244
11652
10912
10098
9054
7849
6682
5645
4655
3427
2260
1046
173
-801
-1765
-2581
-3366
-3924
-4653
-5071
-5356
-5497
-5698
-5810
-5694
-5469
-5105
-4742
-4174
-3740
-2965
-2211
-1322
-575
28
943
1590
2437
2919
3482
4004
4420
4796
4802
5035
5123
5185
4903
4635
4461
4130
3659
3158
2720
2039
1379
477
-298
-1265
-2309
-3325
-4484
-5273
-6142
-6955
-7797
-8463
-8991
-9680
-10265
-10689
-11121
-11684
-12122
-12375
-12263
-12120
-11595
-11042
-10528
-9376
-8287
-6854
-5800
-4587
-2958
-1641
9
1213
2729
4194
5456
6815
7863
9199
10287
11092
11725
12538
13162
13554
13603
13559
13587
12908
12373
11496
10668
9735
8366
7301
5966
4877
3638
2218
1194
102
-832
-1871
-2889
-3329
-3992
-4562
-5056
-5360
-5320
-5717
-5785
-5792
-5601
-5331
-5083
-4616
-4187
-3480
-2745
-1837
-1171
-262
546
1361
2219
2816
3692
3922
4435
4753
4952
5205
5002
5067
4748
4531
4328
3999
3653
3206
2779
2242
1697
1009
227
-807
-1757
-2689
-3764
-4734
-5811
-6654
-7468
-8205
-8738
-9576
-10168
-10691
-11238
-11769
-12327
-12553
-12765
-12730
-12295
-11639
-11261
-10521
-9384
-8069
-6690
-5692
-4110
-2872
-1343
232
1573
3299
4500
5975
7052
8383
9832
10850
11625
12288
13221
13688
14032
13913
13986
13540
12864
12254
11222
10560
9202
8012
6695
5512
4549
3036
1844
685
-315
-1404
-2447
-3203
-3838
-4601
-5169
-5613
-5912
-5952
-6194
-6065
-6060
-5702
-5287
-4962
-4254
-3673
-2885
-2196
-1319
-439
431
1203
2081
2869
3493
4260
4581
5111
5331
5604
5696
5471
5503
5214
5052
4693
4390
4038
3572
3154
2602
1949
1040
148
-938
-1918
-3060
-4297
-5370
-6428
-7104
-7938
-8693
-9414
-10136
-10663
-11293
-11814
-12348
-12791
-13267
-13412
-13157
-12576
-12029
-11693
-10606
-9428
-7855
-6547
-5293
-3616
-2377
-494
918
2533
4091
5282
6673
7754
9350
10514
11456
12001
12895
13656
14081
14405
14170
14295
13563
13066
12206
11276
10446
8881
7667
6155
5069
3743
2241
991
-233
-1219
-2323
-3272
-4080
-4740
-5431
-5929
-6394
-6556
-6624
-6785
-6686
-6611
-6070
-5587
-5022
-4243
-3554
-2640
-1752
-742
329
1238
2077
2939
3660
4540
5142
5470
5906
6071
6399
6365
6253
6246
5833
5600
5239
4938
4536
3842
3262
2486
1685
753
-368
-1572
-2716
-3967
-5187
-6377
-7373
-8093
-9106
-9763
-10516
-11005
-11485
-12199
-12580
-13175
-13455
-13894
-13962
-13586
-13052
-12526
-12080
-10860
-9511
-7865
-6544
-5090
-3458
-2005
-114
1358
3134
4590
6028
7318
8479
10082
11153
12188
12604
13564
14326
14736
15043
14732
14816
14165
13692
12844
11760
10790
9322
7920
6414
5137
3765
2262
729
-438
-1631
-2720
-3698
-4689
-5283
-5918
-6425
-6926
-7130
-7078
-7101
-7181
-6829
-6375
-5821
-5197
-4531
-3477
-2793
-1614
-655
430
1621
2524
3640
4294
5399
6109
6572
6875
7179
7507
7372
7278
6966
6759
6230
5858
5334
4807
4229
3348
2624
1633
852
-325
-1507
-2626
-3828
-5007
-6382
-7430
-8424
-9327
-10221
-11040
-11746
-12391
-13059
-13649
-14132
-14495
-14729
-15037
-14792
-14374
-13619
-12883
-12146
-10629
-9246
-7556
-6181
-4758
-2958
-1480
355
1899
3545
5181
6589
7973
9386
10820
12106
13067
13671
14787
15344
15812
15872
15643
15725
14850
14253
13178
12017
10981
9236
7822
6233
4829
3451
1664
273
-1000
-2280
-3411
-4582
-5365
-6046
-6804
-7285
-7721
-7781
-7636
-7673
-7384
-6956
-6314
-5486
-4850
-3783
-2816
-1828
-660
292
1634
2628
3546
4516
5294
6286
6781
7220
7645
7788
7924
7766
7591
7375
6840
6363
5738
5069
4454
3505
2704
1814
894
-113
-1430
-2546
-3710
-5015
-6307
-7576
-8634
-9550
-10632
-11466
-12268
-12851
-13319
-14033
-14378
-14832
-15029
-15298
-15311
-14792
-14183
-13333
-12753
-11455
-9996
-8290
-6747
-5412
-3436
-1801
140
1635
3391
5214
6749
8225
9457
11130
12328
13581
14123
15112
15977
16364
16746
16248
16453
15762
14987
13949
12644
11710
9991
8390
6711
5206
3691
2011
403
-940
-2308
-3542
-4632
-5669
-6356
-7145
-7687
-8137
-8285
-8158
-8198
-8048
-7568
-6932
-6098
-5287
-4272
-3210
-2314
-988
100
1290
2411
3364
4422
5090
6071
6797
7194
7626
7865
8065
8024
7895
7713
7181
6631
6284
5643
4931
4144
3292
2455
1342
427
-703
-2112
-3243
-4614
-6028
-7359
-8487
-9293
-10450
-11357
-12023
-12660
-13258
-13845
-14272
-14727
-14975
-15268
-15113
-14857
-14113
-13218
-12732
-11370
-9986
-8173
-6709
-5478
-3499
-1950
-63
1543
3224
5097
6595
8076
9320
10848
12241
13508
14040
14898
15831
16276
16567
16041
16279
15671
14776
13820
12493
11574
9818
8295
6638
5029
3642
1930
177
-1344
-2666
-3905
-5147
-6131
-6735
-7692
-8322
-8668
-8737
-8698
-8716
-8364
-8006
-7332
-6383
-5469
-4476
-3314
-2211
-1043
137
1454
2614
3384
4522
5401
6271
7050
7554
8050
8123
8463
8631
8411
8196
7785
7223
6629
5898
5154
4260
3258
2413
1162
46
-986
-2308
-3569
-4956
-6222
-7401
-8616
-9489
-10540
-11589
-12249
-12965
-13558
-14116
-14645
-15100
-15459
-15567
-15307
-14963
-14062
-13043
-12441
-11098
-9574
-7668
-6210
-5057
-3074
-1601
316
1897
3483
5394
6778
8372
9533
11179
12648
13709
14347
15306
16315
16733
17008
16576
16691
15855
15072
13956
12581
11569
9634
8098
6252
4802
3188
1343
-294
-1821
-3124
-4390
-5493
-6534
-7127
-7917
-8391
-8802
-8820
-8765
-8955
-8512
-8153
-7470
-6741
-5733
-4612
-3748
-2522
-1247
-68
1069
2347
3407
4378
5226
6250
7025
7462
8040
8221
8502
8513
8386
7986
7465
7070
6391
5528
4671
3962
2949
1951
868
-91
-1113
-2333
-3491
-4844
-6060
-7286
-8453
-9491
-10523
-11537
-12451
-13143
-13805
-14341
-14860
-15152
-15338
-15514
-15074
-14556
-13567
-12630
-11906
-10437
-8965
-7054
-5710
-4544
-2585
-1096
740
2209
3956
5842
7111
8719
10069
11740
13110
14261
14920
15884
16791
17229
17408
16826
16913
15840
14957
13783
12352
11137
9079
7693
5851
4364
2752
955
-651
-2175
-3362
-4677
-5780
-6794
-7504
-8281
-8738
-9040
-9227
-9145
-9135
-8696
-8269
-7482
-6560
-5683
-4446
-3384
-2106
-889
308
1546
2608
3747
4752
5595
6452
7270
7765
8181
8400
8691
8716
8372
8138
7609
7161
6450
5596
4827
3885
3016
1907
811
-248
-1381
-2622
-3839
-5073
-6381
-7595
-8757
-9683
-10825
-11710
-12502
-13234
-13886
-14508
-14811
-15237
-15361
-15552
-15241
-14672
-13744
-12720
-12107
-10557
-9011
-7164
-5745
-4435
-2372
-912
890
2378
4062
5859
7231
8719
9964
11563
12875
14141
14738
15693
16566
16891
17243
16640
16713
15823
14791
13705
12163
10993
8995
7297
5544
3829
2234
514
-1158
-2647
-3928
-5048
-6123
-7133
-7706
-8325
-8884
-9120
-9131
-9077
-9012
-8673
-7968
-7428
-6486
-5434
-4431
-3252
-2129
-609
368
1592
3022
4043
5017
5819
6954
7731
8131
8603
8905
8990
9011
8780
8404
7857
7215
6651
5666
4922
4113
3204
2211
1086
220
-975
-2229
-3483
-4760
-6136
-7481
-8658
-9620
-10749
-11741
-12433
-13211
-13767
-14450
-14705
-15118
-15427
-15476
-15458
-14835
-14062
-12954
-12319
-11125
-9266
-7502
-5846
-4589
-2576
-871
719
2486
4043
5792
7187
8683
9891
11355
12850
14162
14916
15618
16925
17283
17644
17299
17168
16686
15271
14360
12799
11342
9553
7549
5777
3866
2178
611
-1288
-2873
-4113
-5249
-6273
-7352
-7854
-8385
-9061
-9336
-9189
-9186
-9108
-8942
-8245
-7705
-7045
-5724
-4998
-3757
-2641
-1050
174
1180
3047
4134
5133
6007
7280
8114
8384
8852
9227
9202
8990
8986
8392
7858
7149
6645
5756
4725
4203
3154
2242
1199
326
-815
-2188
-3340
-4737
-6245
-7640
-8907
-10107
-11285
-12296
-12960
-13817
-14319
-14846
-15165
-15372
-15597
-15546
-15639
-15113
-14272
-13125
-12404
-11532
-9832
-8073
-6364
-5146
-3341
-1449
126
1973
3640
5541
7096
8653
10027
11363
13007
14289
15247
15668
16867
17464
17595
17524
17100
16837
15522
14476
13118
11537
10019
8157
6210
4396
2808
1254
-572
-2310
-3428
-4770
-5947
-6980
-7685
-8338
-9008
-9439
-9482
-9426
-9295
-8949
-8588
-7693
-6992
-5774
-4690
-3559
-2207
-984
609
1724
3233
4522
5544
6486
7453
8463
8866
9216
9500
9769
9574
9421
9111
8551
7991
7252
6528
5458
4600
3683
2558
1357
258
-944
-2396
-3808
-5193
-6640
-8220
-9554
-10735
-11830
-12883
-13588
-14302
-14879
-15431
-15821
-16028
-16305
-16301
-16520
-16091
-15284
-14138
-13168
-12443
-10699
-8884
-6939
-5475
-3918
-1753
-208
1677
3234
5093
6905
8212
9703
10864
12620
13980
15180
15752
16738
17711
18022
18201
17621
17623
16481
15293
13925
12354
10883
8708
6829
4836
3104
1412
-346
-2187
-3602
-4889
-6030
-7195
-7995
-8437
-9241
-9648
-9820
-9520
-9454
-9159
-8558
-7965
-7139
-6075
-4703
-3734
-2455
-1094
374
1672
3107
4693
5586
6744
7805
8870
9396
9774
10303
10261
10153
9935
9640
8981
8258
7503
6634
5647
4775
3837
2676
1629
515
-661
-1998
-3325
-4683
-6241
-7772
-9114
-10455
-11604
-12830
-13834
-14528
-15232
-15724
-16210
-16273
-16266
-16482
-16391
-15732
-14832
-13779
-13061
-12182
-10527
-8944
-6920
-5761
-4205
-2088
-568
1536
2857
5030
6861
8307
9939
11179
13141
14513
15596
16105
17174
17821
18132
17890
17471
17230
15786
14984
13356
12008
10320
8313
6624
4426
2985
1247
-640
-2393
-3881
-5154
-6404
-7551
-8316
-9149
-9814
-10110
-10379
-10165
-9996
-9632
-9105
-8431
-7341
-6349
-5162
-3790
-2640
-1229
247
1747
3141
4293
5649
6684
7622
8623
9255
9710
9977
10152
10137
9816
9572
9130
8301
7638
6949
6143
5271
4289
3432
2212
986
-151
-1689
-3168
-4720
-6359
-7862
-9349
-10442
-11668
-12918
-13648
-14441
-15012
-15641
-16034
-16202
-16447
-16555
-16404
-15665
-14721
-13656
-13127
-11795
-10015
-8238
-6329
-5232
-3101
-1495
465
2368
3690
5911
7293
9084
10167
11769
13573
14739
15723
16343
17563
17905
18361
17925
17656
16935
15823
14877
13079
11882
9836
8070
6011
4135
2565
591
-1163
-3083
-4505
-5787
-6885
-8013
-8829
-9563
-10057
-10417
-10411
-10132
-10169
-9627
-9098
-8231
-7331
-6246
-4795
-3874
-2511
-933
566
1935
3250
4763
5901
6848
8048
9058
9441
9874
10125
10251
10058
9744
9624
8702
8059
7434
6678
5861
4773
4018
2900
1692
549
-740
-2196
-3653
-5319
-6846
-8256
-9664
-10830
-12227
-13133
-14151
-14993
-15503
-16185
-16604
-16909
-16895
-17056
-16719
-15628
-14345
-13577
-12825
-10926
-9186
-7302
-5747
-4204
-2393
-918
1427
2968
4645
6604
8333
9917
11091
13131
14646
15834
16522
17616
18351
18661
18921
18196
17826
16599
15665
14168
12422
11016
8835
7024
5057
3321
1624
-219
-1985
-3736
-5220
-6232
-7407
-8549
-9290
-10059
-10667
-10983
-11001
-10964
-10988
-10478
-9676
-9086
-7715
-6399
-5020
-3717
-2141
-175
973
2608
4055
5361
6416
7435
8537
9059
9646
9991
10134
10070
10254
10105
9670
9266
8858
8324
7383
6653
5539
4338
3062
1664
152
-1449
-2824
-4401
-5997
-7366
-8649
-9969
-11078
-12120
-13030
-14018
-14678
-15375
-16140
-16489
-16893
-17137
-17581
-17246
-16395
-15409
-14324
-13434
-11784
-9740
-7625
-5745
-4190
-2250
-302
1507
3372
4970
6801
8476
9864
11207
12785
14468
15766
16431
17372
18498
18819
19159
18756
18465
17466
16099
15006
13067
11369
9320
7260
5127
3099
1510
-177
-2235
-3850
-5159
-6368
-7474
-8613
-9115
-10042
-10673
-10883
-10902
-10858
-10828
-10203
-9578
-8888
-7686
-6117
-4956
-3632
-1961
-143
1267
2580
4447
5564
6539
7600
8616
9311
9534
9996
10059
9861
9861
9692
9130
8697
8218
7637
6705
5911
5234
3888
2734
1452
43
-1459
-2979
-4457
-6136
-7676
-8934
-10331
-11556
-12402
-13416
-14255
-14955
-15368
-15890
-16401
-16506
-16733
-17044
-16762
-15928
-14900
-13867
-13097
-11570
-9719
-7602
-5622
-4342
-2194
-362
1648
3534
5116
7221
8565
10313
11507
12970
14617
15843
16664
17154
18244
18591
18768
18202
17917
16871
15500
14398
12678
11156
8945
7238
5069
3115
1540
-212
-1967
-3844
-5143
-6386
-7450
-8307
-9002
-9802
-10297
-10503
-10355
-10235
-9995
-9358
-8744
-7762
-6704
-5277
-3929
-2673
-1201
366
1966
3321
4739
5904
6955
7907
8864
9594
9781
10115
10192
10110
9902
9616
9357
8561
7927
7235
6336
5480
4475
3438
2026
745
-480
-1847
-3454
-4929
-6376
-8060
-9338
-10823
-11816
-13073
-14147
-14840
-15799
-16042
-16750
-17119
-17394
-17653
-17528
-17174
-16105
-14960
-13905
-12873
-10923
-9039
-6787
-5016
-3577
-1501
44
2533
3941
5743
7685
9112
10835
11872
13800
15179
16345
16985
17838
18504
18887
18849
18230
17678
16164
15195
13479
11920
9951
7885
6089
3849
2224
492
-1105
-2989
-4519
-5874
-6982
-8009
-8663
-9551
-10459
-10690
-10798
-10457
-10523
-9888
-9218
-8415
-7127
-5971
-4384
-3002
-1443
-5
1441
3137
4523
5580
6576
7708
8463
9221
9637
9992
10155
10140
10395
9847
9692
9219
8469
7696
6736
6200
4957
3753
2663
1438
58
-1252
-2699
-4222
-5828
-7428
-8720
-10397
-11352
-12483
-13604
-14327
-15245
-15591
-16316
-16776
-17071
-17566
-17595
-17269
-16558
-15470
-14403
-13363
-11512
-9770
-7435
-5635
-4041
-1791
-391
2067
3751
5604
7479
8770
10618
11694
13340
14762
15901
16678
17504
18155
18591
18752
18371
17893
16496
15477
14000
12313
10524
8389
6504
4368
2517
852
-918
-2553
-4156
-5581
-6643
-7713
-8309
-9212
-9838
-10391
-10646
-10365
-10468
-10031
-9767
-8861
-8011
-6964
-5510
-4224
-2750
-1383
373
1750
3246
4513
5802
6779
7599
8667
9073
9488
9651
9915
9955
9676
9546
9141
8512
7962
7320
6602
5655
4620
3609
2309
1112
-250
-1793
-3350
-4877
-6516
-7993
-9345
-10483
-11566
-12727
-13360
-14344
-14976
-15498
-16138
-16516
-17113
-17104
-16999
-16474
-15385
-14364
-13553
-11963
-10024
-7977
-6103
-4687
-2232
-813
1393
3291
4903
6966
8053
9982
10972
12625
14095
15252
16071
16869
17805
18116
18476
18003
17835
16552
15530
14139
12455
10947
8755
6884
4683
2939
1159
-695
-2293
-3856
-5411
-6607
-7632
-8318
-9331
-10051
-10430
-10989
-10840
-10878
-10439
-10167
-9460
-8293
-7362
-5963
-4488
-2972
-1674
-20
1592
3009
4154
5421
6675
7351
8375
9024
9523
9826
9979
10310
10085
10020
9759
9053
8429
7713
6986
5905
4685
3668
2376
1052
-201
-1540
-2921
-4386
-5877
-7234
-8573
-9748
-10800
-12105
-12981
-13974
-14749
-15283
-16020
-16227
-16745
-16930
-16727
-16181
-15048
-14182
-13436
-12059
-10321
-8446
-6444
-5138
-3026
-1466
562
2760
4119
6460
7666
9458
10667
12141
13952
14927
15949
16523
17437
17756
18223
17842
17484
16436
15294
14098
12275
10980
8799
7004
4771
2996
1430
-359
-1862
-3598
-4965
-6127
-7156
-7921
-8680
-9457
-9918
-10456
-10252
-10220
-10026
-9510
-9125
-8144
-7218
-5810
-4500
-3375
-1919
-390
1063
2486
3878
5000
6044
6973
8047
8694
9063
9637
9699
9759
9760
9770
9538
8733
8271
7568
6766
6026
5077
4000
2635
1602
433
-896
-2190
-3488
-5065
-6684
-7728
-8928
-9993
-11312
-12188
-13124
-14205
-14601
-15406
-15818
-16405
-16692
-16740
-16437
-15248
-14203
-13475
-12507
-10614
-8858
-6865
-5493
-3733
-2070
-578
1786
3154
5279
6780
8415
9882
11118
13134
14345
15418
15951
16826
17317
17648
17483
17004
16119
14807
13658
12000
10621
8739
6968
4973
3198
1779
238
-1236
-2836
-4282
-5443
-6453
-7327
-8101
-9056
-9366
-9953
-9996
-9924
-9685
-9096
-8872
-7783
-6836
-5507
-4180
-2847
-1501
-237
1433
2808
3977
4885
6105
6957
7626
8398
8957
9346
9360
9683
9729
9597
9496
9086
8416
7550
6983
6216
5057
3976
2826
1582
233
-865
-2009
-3498
-4879
-6316
-7509
-8727
-9697
-10765
-12028
-12791
-13649
-14321
-15040
-15482
-15817
-16327
-16449
-16120
-15395
-14348
-13317
-12596
-11091
-9386
-7311
-5685
-4402
-2351
-1016
1045
2722
4468
6303
7549
9245
10375
11964
13376
14564
15133
15871
16473
16881
17079
16492
16220
14865
13890
12376
10805
9369
7221
5465
3392
1851
363
-1183
-2614
-4183
-5404
-6285
-7156
-8052
-8843
-9300
-9813
-10189
-10188
-9908
-9611
-9175
-8296
-7441
-6083
-4662
-3078
-1842
-461
1375
2650
3990
5042
6213
7040
7694
8614
9133
9561
9832
10055
10070
10155
10161
9941
9337
8701
8102
7080
6201
5013
3764
2253
800
-462
-1794
-3101
-4362
-5687
-6987
-7931
-8970
-9760
-10986
-11847
-12733
-13629
-14266
-15057
-15424
-16057
-16393
-16621
-16322
-15610
-14562
-13531
-12663
-11118
-9160
-6968
-5347
-3796
-1952
-336
1392
3081
4790
6310
7629
9141
10413
11869
13340
14641
15251
15921
16811
17214
17324
16914
16555
15379
13942
12639
11061
9167
7129
5016
3034
1227
-300
-1638
-3490
-4765
-6006
-6911
-7775
-8603
-9257
-9970
-10446
-10777
-10727
-10808
-10272
-10053
-9143
-8199
-7032
-5201
-3940
-1997
-758
1193
2886
4176
5639
6562
7759
8281
9150
9643
10029
10147
10270
10310
10101
10336
9922
9721
8910
8462
7705
6598
5729
4141
2836
1132
-207
-1713
-3212
-4452
-5817
-7011
-8039
-8856
-9790
-10538
-11296
-11911
-12792
-13187
-13773
-14498
-14913
-15421
-15514
-16010
-15483
-14641
-13860
-12735
-11665
-9722
-7883
-5810
-3896
-2465
-673
1139
2917
4337
5885
7400
8820
9893
11167
12716
13729
14933
15373
16226
16822
17013
17259
16586
16048
14822
13489
12074
10248
8364
6332
4134
2185
371
-1130
-2700
-4464
-5674
-6960
-7855
-8699
-9183
-9901
-10487
-10718
-10697
-10567
-10429
-9621
-9221
-8326
-7436
-5915
-4433
-3107
-1306
-49
1684
3202
4817
6074
6971
8170
8877
9461
9947
10350
10437
10187
9998
9836
9554
9041
8549
7642
6893
6109
5171
4214
2822
1756
336
-1040
-2324
-3739
-4995
-6461
-7865
-9052
-10175
-11036
-11905
-12642
-13138
-13719
-13970
-14310
-14540
-14794
-14912
-15046
-15213
-14829
-13924
-12957
-12160
-11018
-9173
-7163
-5265
-3276
-1645
337
2116
4135
5699
7159
8927
10126
11244
12236
13776
14715
15372
15778
16496
16865
16930
16970
16273
15627
14374
13145
11520
9758
8034
5898
3661
1787
47
-1552
-3266
-4905
-6257
-7567
-8296
-9186
-9837
-10428
-10612
-10728
-10600
-10128
-9680
-8897
-8244
-7060
-6153
-4725
-3117
-1836
-392
875
2791
4094
5405
6674
7691
8764
9354
10156
10428
10764
10856
10674
10221
9810
9476
8631
7820
6750
6122
4932
3948
2948
1755
759
-647
-1729
-3155
-4408
-5710
-7177
-8633
-9869
-10986
-11915
-12738
-13341
-13629
-14121
-14175
-14517
-14541
-14706
-14929
-14964
-15319
-14810
-14174
-13119
-12146
-11141
-9216
-7286
-5185
-3244
-1474
578
2343
4200
5989
7373
9082
10339
11360
12430
13594
14920
15521
15908
16651
17081
17219
17202
16673
16112
14721
13517
12071
10061
8504
6230
4148
1930
108
-1392
-3420
-5007
-6428
-7718
-8680
-9523
-10092
-10592
-10977
-10873
-10861
-10473
-9795
-9187
-8299
-7422
-6159
-4749
-3344
-1639
-349
1236
2952
4465
5912
6948
8305
9194
9911
10611
11042
11370
11396
11322
10926
10476
9946
9345
8281
7350
6467
5380
4423
3090
2152
872
-348
-1566
-3086
-4223
-5805
-7184
-8573
-9864
-11104
-12243
-12940
-13523
-14040
-14297
-14191
-14493
-14558
-14548
-14462
-14583
-14805
-14490
-14422
-13811
-12698
-11511
-10419
-8989
-6728
-4693
-2749
-725
1446
3171
4845
6809
8306
9710
10735
11991
12717
13671
14794
15490
15964
16174
16885
16747
16763
16289
15672
14520
12969
11709
9742
7964
5714
3571
1249
-748
-2545
-4246
-5916
-7324
-8351
-9427
-9898
-10470
-10587
-10867
-10873
-10510
-10153
-9433
-8714
-7794
-6849
-5764
-4363
-2819
-1409
129
1642
3242
4796
6279
7724
8724
9661
10477
11044
11320
11420
11443
11072
10454
9917
9380
8599
7717
6843
5951
4966
4010
3080
1861
636
-573
-1853
-3316
-4740
-6047
-7446
-8886
-10157
-11189
-12181
-12897
-13350
-13553
-13724
-13707
-13585
-13543
-13602
-13537
-13513
-13696
-13877
-13960
-13382
-12680
-11556
-10470
-9221
-7308
-5226
-2898
-1066
797
2775
4564
6265
7739
9194
10441
11339
12142
12955
13865
14647
15170
15373
15731
16055
16168
16012
15351
14672
13313
11915
10223
8318
6332
4004
1845
-399
-2233
-3899
-5428
-6877
-8037
-8986
-9642
-9936
-10035
-10120
-10149
-9754
-9194
-8581
-7883
-6922
-6107
-5158
-4052
-2564
-1141
303
1923
3259
4867
6406
7993
9010
9844
10813
11298
11549
11628
11717
11336
10589
9878
9176
8368
7437
6495
5331
4340
3437
2514
1418
215
-779
-2174
-3588
-4963
-6353
-7714
-9211
-10466
-11637
-12655
-13227
-13707
-13970
-14108
-14107
-13898
-13791
-13629
-13590
-13476
-13393
-13343
-13550
-13327
-12545
-11524
-10459
-9708
-7959
-5984
-3707
-1600
144
2309
4077
6074
7623
8936
10412
11395
12195
12616
13402
14294
14743
14880
15038
15373
15485
15484
15061
14475
13342
12132
10664
8801
6946
4775
2672
229
-1802
-3523
-5112
-6629
-8004
-8945
-9612
-9936
-10075
-10114
-9990
-9549
-9045
-8329
-7754
-6797
-5825
-4929
-3830
-2776
-1107
283
1705
3162
4649
6431
7717
8994
10059
10937
11650
11947
12134
12055
11866
11443
10692
9805
9068
8288
7285
6112
4966
3996
2801
1647
393
-870
-2096
-3464
-4734
-6126
-7335
-8507
-9807
-10901
-11874
-12578
-13195
-13602
-13735
-13777
-13546
-13326
-13107
-12957
-12718
-12510
-12581
-12562
-12484
-12295
-11913
-11027
-9819
-8682
-7369
-5461
-3312
-1330
724
2536
4393
5838
7455
8913
9738
10846
11465
12190
12398
12989
13732
13931
14132
14229
14525
14264
14106
13507
12598
11034
9558
7968
5895
3949
1738
-128
-2275
-3813
-5255
-6620
-7722
-8556
-9124
-9727
-9817
-9672
-9450
-9223
-8642
-8091
-7355
-6506
-5492
-4586
-3689
-2317
-1063
334
1888
3501
4988
6296
7808
9144
10101
11042
11645
11905
11927
12000
11866
11209
10501
9766
8870
7847
6985
5993
4796
3581
2575
1508
255
-850
-2169
-3494
-4852
-5960
-7132
-8451
-9461
-10464
-11145
-11811
-12124
-12435
-12556
-12348
-12134
-11816
-11679
-11290
-11263
-11181
-11207
-11203
-11207
-11331
-11145
-10918
-9929
-8676
-7279
-6057
-4382
-2068
-12
1982
3465
5206
6546
7672
8856
9383
10249
10569
11024
11194
11465
12295
12606
12836
12788
13170
13164
12970
12273
11421
10059
8419
7004
4977
3198
979
-684
-2524
-4146
-5238
-6307
-7126
-7940
-8242
-8462
-8454
-8279
-7871
-7784
-7402
-6850
-6226
-5617
-5082
-4001
-3322
-2327
-1015
380
1919
3210
4870
6263
7499
8935
9928
10629
10972
11278
11288
10917
10481
9957
8983
7946
7146
6186
5273
4157
3380
2387
1387
687
-295
-1335
-2551
-3572
-4667
-5977
-7122
-8223
-9289
-10183
-10875
-11311
-11642
-11785
-11654
-11388
-11013
-10547
-10178
-9816
-9665
-9564
-9500
-9685
-9765
-9962
-9916
-9799
-9312
-8098
-6807
-5500
-4092
-2100
22
1774
3343
4688
5912
6768
7691
8209
8588
9117
9402
9688
9681
10478
11035
11307
11511
11782
12104
11819
11680
10965
9982
8552
7232
5620
3733
2033
256
-1375
-2986
-4039
-5013
-5830
-6407
-6737
-7069
-7119
-6868
-6591
-6533
-6378
-5904
-5455
-4913
-4401
-3702
-3039
-2076
-983
206
1480
2887
4287
5593
6909
8090
9171
9773
10264
10354
10304
9996
9420
8768
7800
6913
5948
5155
4275
3376
2573
1848
1165
356
-320
-1163
-2084
-3170
-4149
-5148
-6267
-7301
-8349
-9181
-9923
-10245
-10467
-10662
-10651
-10355
-9924
-9532
-9107
-8680
-8504
-8550
-8402
-8458
-8507
-8806
-8937
-8989
-8926
-8045
-7015
-5880
-4894
-3422
-1534
66
1667
2954
4158
4948
5715
6521
6918
7491
7833
8230
8262
8783
9601
10033
10302
10484
11053
10946
10965
10633
10066
8936
7636
6548
4839
3328
1653
164
-1517
-2794
-3669
-4550
-5346
-5805
-6054
-6399
-6333
-6111
-5874
-6023
-5774
-5347
-5023
-4646
-4127
-3420
-2844
-1851
-704
521
1730
3153
4523
5577
6794
7875
8680
8907
9111
9172
8848
8449
7901
7265
6317
5640
5099
4495
3825
3324
2833
2180
1645
1112
477
-562
-1503
-2547
-3658
-4741
-5713
-6660
-7650
-8275
-8635
-8830
-9003
-8810
-8617
-8441
-8157
-7702
-7244
-7158
-7132
-7197
-7337
-7576
-7789
-8136
-8548
-8771
-8713
-8255
-7555
-6374
-5218
-4137
-2718
-1084
581
1749
2666
3521
4160
4764
5384
5883
6333
6662
7097
7641
8252
9171
9841
10297
10668
11068
11405
11294
10893
10152
8982
7682
6328
4861
3268
1645
208
-1154
-2330
-3069
-3667
-4248
-4777
-5141
-5192
-5273
-5094
-5099
-5176
-5080
-4875
-4478
-4312
-3760
-3260
-2678
-2034
-1053
171
1163
2343
3329
4455
5369
6339
6967
7154
7299
7207
7004
6463
6078
5456
4729
4080
3690
3368
2921
2665
2283
1943
1526
1249
646
-169
-1029
-1958
-2946
-3976
-4730
-5632
-6381
-6996
-7291
-7534
-7571
-7421
-7367
-7267
-7092
-6676
-6589
-6450
-6425
-6564
-6900
-7301
-7502
-8023
-8454
-8853
-9033
-8853
-8226
-7222
-6399
-5390
-4011
-2367
-971
392
1605
2579
3361
4073
5002
5524
6221
6612
7092
7652
8502
9584
10117
10741
11250
11911
12073
12108
11800
11111
9989
8662
7377
5788
4339
2604
1079
-459
-1476
-2220
-2971
-3606
-4122
-4307
-4512
-4510
-4536
-4562
-4765
-4882
-4923
-4881
-4755
-4602
-4318
-4042
-3386
-2514
-1405
-287
788
2004
3104
4256
5146
5821
6179
6261
6207
5912
5561
5097
4593
3978
3538
3275
3233
3153
3024
2913
2805
2719
2393
1887
1085
140
-999
-2165
-3325
-4397
-5423
-6336
-6983
-7338
-7442
-7348
-7128
-6862
-6587
-6337
-6009
-5919
-5894
-6231
-6698
-7340
-7988
-8502
-9155
-9628
-10072
-10098
-9846
-9016
-7865
-6742
-5531
-4210
-2396
-827
682
1841
2766
3716
4347
5338
5871
6617
7198
7708
8533
9317
10601
11274
11957
12391
12906
13112
12954
12594
11673
10546
8965
7619
5980
4468
2795
1197
-167
-1259
-1927
-2645
-3236
-3745
-4081
-4414
-4580
-4785
-4977
-5448
-5687
-5843
-5920
-5809
-5693
-5240
-4883
-4076
-3098
-1967
-763
370
1525
2557
3597
4457
4989
5197
5373
5328
5162
4895
4703
4522
4171
4050
4002
4114
4148
4074
3883
3585
3255
2748
1917
821
-248
-1532
-2708
-3941
-4882
-5783
-6624
-7055
-7364
-7305
-7263
-6996
-6833
-6685
-6561
-6415
-6420
-6678
-7029
-7650
-8209
-8957
-9479
-10053
-10502
-10770
-10895
-10578
-9946
-8698
-7395
-6019
-4584
-2827
-880
704
2182
3247
4310
5096
5863
6651
7163
7918
8406
9160
9871
10888
11909
12589
13179
13543
13964
13846
13646
12886
11839
10417
8915
7494
5783
4255
2616
1229
-112
-1084
-1805
-2446
-3077
-3592
-4020
-4414
-4658
-4973
-5279
-5748
-5930
-6086
-6157
-6126
-5868
-5427
-5013
-4250
-3297
-2121
-1033
151
1315
2382
3421
4262
4900
5155
5389
5481
5404
5215
5072
4945
4647
4468
4388
4378
4210
4013
3734
3235
2657
2027
1199
89
-1084
-2177
-3274
-4415
-5286
-6004
-6602
-7069
-7233
-7244
-7275
-7219
-7137
-7193
-7455
-7571
-7785
-8143
-8708
-9153
-9542
-10038
-10259
-10326
-10296
-10248
-9876
-9209
-8410
-7347
-5906
-4530
-3323
-1956
-421
1099
2243
3375
4308
5001
5787
6628
7455
8088
8823
9620
10304
11021
11948
12674
12992
13143
13247
13249
12786
12205
11315
10080
8762
7443
6210
4743
3357
2126
905
-169
-987
-1621
-2343
-3134
-3721
-4259
-4738
-5133
-5416
-5791
-6229
-6376
-6319
-6161
-5995
-5521
-5035
-4438
-3601
-2449
-1291
-344
769
1806
2837
3640
4431
4919
5096
5282
5431
5453
5261
5210
5068
4754
4476
4400
4212
3806
3362
2938
2353
1701
1129
397
-561
-1553
-2356
-3284
-4177
-4928
-5527
-6191
-6783
-7076
-7352
-7552
-7718
-7742
-7948
-8112
-8111
-8089
-8198
-8350
-8268
-8349
-8367
-8405
-8242
-8146
-8093
-7789
-7491
-6931
-6233
-5194
-4154
-3173
-1993
-672
655
1836
2933
3844
4596
5291
6111
6796
7287
7804
8347
8884
9405
10046
10704
11024
11314
11557
11678
11573
11210
10778
9870
8855
7767
6618
5313
3923
2701
1430
259
-668
-1396
-2208
-2927
-3501
-3929
-4410
-4765
-4997
-5397
-5734
-5986
-6034
-6090
-6060
-5836
-5566
-5140
-4430
-3527
-2539
-1519
-373
793
1803
2838
3692
4370
4798
5085
5276
5208
5131
4976
4790
4562
4339
4229
4108
3962
3814
3634
3406
3078
2612
2058
1313
452
-536
-1635
-2737
-3816
-4760
-5611
-6346
-6861
-7194
-7385
-7410
-7353
-7199
-7135
-7033
-6932
-6934
-6914
-6981
-7011
-7219
-7390
-7472
-7550
-7513
-7443
-7190
-6908
-6428
-5711
-4897
-3941
-2919
-1842
-890
86
1127
2061
2802
3414
4037
4594
5216
5884
6575
7185
7824
8553
9236
9961
10575
11054
11248
11287
11226
10947
10436
9705
8749
7604
6446
5356
4305
3157
2083
1058
199
-575
-1265
-1933
-2691
-3386
-4153
-4769
-5368
-5908
-6438
-6899
-7135
-7202
-6984
-6657
-6173
-5551
-4681
-3684
-2622
-1490
-400
590
1420
2266
2950
3479
3838
4079
4220
4301
4502
4667
4746
4783
4908
5025
5096
5087
4932
4577
4112
3590
2870
1979
974
-25
-1151
-2244
-3185
-4018
-4764
-5437
-5852
-6143
-6290
-6322
-6356
-6406
-6447
-6406
-6418
-6536
-6646
-6712
-6769
-6785
-6755
-6701
-6625
-6517
-6293
-6088
-5844
-5549
-5250
-4871
-4490
-3877
-3165
-2476
-1801
-1110
-177
777
1721
2614
3419
4257
5146
6067
6868
7560
8226
8798
9236
9652
10066
10341
10396
10333
10245
10048
9770
9399
8783
7960
7092
6267
5330
4192
3049
1862
629
-568
-1673
-2721
-3808
-4769
-5648
-6415
-6933
-7206
-7360
-7559
-7553
-7255
-6804
-6301
-5786
-5161
-4528
-3763
-2898
-2052
-1185
-343
610
1407
2243
3121
3901
4574
5009
5525
5937
6310
6510
6541
6442
6251
6100
5746
5270
4592
3969
3231
2452
1659
823
41
-904
-1713
-2524
-3218
-3859
-4500
-5095
-5639
-5964
-6188
-6435
-6686
-6793
-6861
-6815
-6793
-6681
-6579
-6464
-6215
-6037
-5806
-5661
-5461
-5405
-5409
-5332
-5222
-5126
-5079
-4842
-4529
-3936
-3233
-2405
-1626
-785
301
1301
2302
3115
3963
4636
5232
5907
6509
7073
7465
7918
8260
8670
9123
9483
9651
9624
9629
9464
9148
8623
7898
6911
5759
4588
3394
2110
782
-484
-1743
-2811
-3702
-4399
-5101
-5736
-6182
-6510
-6684
-6755
-6710
-6687
-6592
-6359
-5954
-5492
-4916
-4245
-3584
-2755
-1787
-608
480
1545
2646
3652
4641
5456
6180
6637
6889
7052
7032
6936
6751
6501
6099
5624
5229
4862
4393
3839
3258
2623
1982
1307
576
-288
-1200
-2061
-2941
-3809
-4574
-5192
-5758
-6220
-6448
-6465
-6389
-6238
-6033
-5821
-5574
-5278
-5008
-4939
-4907
-4795
-4709
-4675
-4689
-4608
-4589
-4601
-4513
-4373
-4166
-3983
-3660
-3356
-2967
-2348
-1676
-1038
-610
53
762
1429
2062
2604
3212
3659
4324
4923
5459
5944
6394
6814
6960
7238
7425
7491
7234
6925
6603
6127
5627
4943
4170
3187
2354
1550
689
-185
-970
-1638
-2366
-2949
-3355
-3699
-4095
-4428
-4706
-4827
-4893
-4747
-4653
-4557
-4241
-3776
-3086
-2533
-1750
-1002
-183
651
1492
2389
3026
3682
4127
4539
4784
5024
5128
5026
4909
4791
4787
4620
4495
4279
4081
3821
3538
3249
2772
2269
1651
1005
317
-364
-1017
-1748
-2496
-3098
-3584
-3896
-4150
-4303
-4319
-4278
-4010
-3744
-3448
-3228
-3058
-2890
-2842
-2787
-2777
-2801
-2897
-2980
-2980
-2895
-2844
-2801
-2776
-2821
-2823
-2900
-2972
-3153
-3382
-3482
-3647
-3628
-3547
-3319
-3019
-2760
-2196
-1631
-935
-330
284
894
1395
1983
2422
2861
3122
3482
3696
3902
4111
4331
4562
4507
4629
4572
4596
4432
4219
3944
3491
3157
2724
2321
1765
1347
863
437
-35
-362
-622
-992
-1205
-1461
-1445
-1552
-1483
-1427
-1370
-1225
-1057
-736
-636
-407
-207
107
254
461
819
994
1247
1386
1701
1841
2036
2326
2394
2481
2506
2710
2679
2532
2490
2358
2170
1930
1806
1570
1290
1078
920
660
421
325
116
-152
-379
-421
-512
-670
-754
-823
-907
-943
-968
-1051
-1205
-1353
-1383
-1571
-1693
-1810
-1879
-1985
-2218
-2316
-2495
-2644
-2966
-3324
-3740
-4250
-4690
-5179
-5643
-6207
-6593
-6807
-6960
-6927
-6709
-6280
-5862
-5291
-4493
-3772
-3008
-2333
-1650
-1117
-652
-21
395
821
1202
1755
2231
2740
3402
4000
4586
5054
5695
6057
6456
6699
6819
6772
6516
6398
5961
5546
4982
4465
3900
3324
2885
2429
1996
1597
1248
855
536
191
-90
-542
-893
-1209
-1493
-1712
-1922
-1983
-2047
-1951
-1813
-1530
-1304
-918
-594
-232
124
437
842
946
1203
1285
1471
1544
1595
1738
1767
1957
2080
2318
2442
2662
2837
2975
2979
2985
3005
2819
2646
2335
2102
1723
1391
1028
662
301
9
-228
-551
-726
-914
-984
-1294
-1501
-1742
-2060
-2445
-2976
-3447
-4090
-4571
-5145
-5649
-6245
-6660
-6974
-7388
-7660
-7977
-8037
-8225
-8241
-8167
-8055
-7764
-7412
-6918
-6450
-5880
-5185
-4485
-3853
-3102
-2362
-1581
-854
-89
769
1547
2414
3223
3966
4721
5490
6197
6813
7242
7722
8062
8284
8417
8295
8187
7863
7539
7107
6526
5964
5349
4755
4128
3449
2850
2227
1545
953
281
-297
-936
-1466
-1886
-2385
-2727
-3008
-3144
-3230
-3199
-3054
-2914
-2741
-2329
-1926
-1569
-1159
-774
-302
4
482
866
1116
1477
1829
2244
2531
2922
3367
3691
4039
4462
4752
4969
5134
5288
5292
5115
5030
4751
4414
4008
3563
3061
2457
1944
1436
853
266
-267
-829
-1315
-1855
-2355
-2951
-3567
-4095
-4676
-5190
-5819
-6363
-6841
-7257
-7593
-7891
-8130
-8359
-8516
-8581
-8632
-8776
-8825
-8807
-8757
-8678
-8484
-8153
-7802
-7257
-6549
-5802
-5027
-4104
-3056
-2117
-1176
-209
721
1579
2434
3304
3968
4609
5272
5919
6442
6908
7369
7688
7966
8218
8431
8399
8325
8180
7953
7639
7183
6739
6095
5496
4866
4192
3480
2721
2046
1349
661
-6
-620
-1182
-1673
-2134
-2497
-2814
-3030
-3123
-3129
-3096
-3020
-2760
-2435
-2069
-1688
-1234
-834
-412
67
528
881
1181
1582
1864
2211
2559
2940
3252
3533
4007
4409
4762
5091
5377
5562
5669
5759
5697
5410
5098
4706
4171
3538
2878
2210
1432
722
23
-674
-1372
-1959
-2554
-3195
-3803
-4390
-4920
-5522
-5997
-6540
-7039
-7461
-7827
-8081
-8372
-8539
-8771
-8909
-8957
-9009
-9037
-9097
-9096
-9053
-8880
-8624
-8362
-8050
-7550
-6900
-6197
-5391
-4524
-3609
-2674
-1660
-665
215
1105
1973
2750
3402
4079
4752
5332
5897
6445
6972
7433
7962
8467
8831
9106
9353
9492
9466
9376
9139
8744
8163
7559
6880
6086
5269
4372
3462
2541
1746
986
205
-536
-1184
-1745
-2249
-2674
-3056
-3387
-3674
-3833
-3948
-3994
-3972
-3849
-3658
-3443
-3123
-2734
-2256
-1784
-1274
-781
-242
310
891
1456
1923
2443
2956
3543
4056
4577
5051
5443
5831
6146
6404
6457
6418
6198
5887
5478
4999
4416
3662
2927
2160
1440
636
-168
-971
-1778
-2533
-3289
-4019
-4749
-5387
-6000
-6578
-7132
-7566
-7920
-8255
-8545
-8802
-8934
-9006
-8977
-8929
-8867
-8753
-8568
-8337
-8102
-7866
-7629
-7339
-7057
-6663
-6217
-5700
-5120
-4497
-3727
-2942
-2021
-1074
-149
769
1665
2624
3492
4296
5038
5723
6352
6962
7510
7978
8407
8777
9139
9363
9569
9705
9709
9618
9347
8996
8498
7879
7159
6274
5340
4368
3388
2429
1471
605
-222
-976
-1644
-2269
-2792
-3287
-3752
-4191
-4537
-4778
-4960
-5094
-5137
-5072
-4897
-4531
-4151
-3679
-3150
-2501
-1773
-1120
-358
339
1033
1682
2295
2872
3376
3886
4309
4656
4972
5348
5624
5852
5992
6123
6197
6154
6055
5751
5365
4885
4316
3576
2733
1838
911
-75
-1064
-2033
-2995
-3824
-4627
-5316
-5951
-6439
-6852
-7213
-7467
-7684
-7839
-7967
-8034
-8119
-8131
-8092
-7981
-7886
-7707
-7407
-7115
-6744
-6368
-5914
-5499
-5026
-4521
-4075
-3645
-3138
-2578
-2097
-1537
-962
-329
261
956
1667
2275
2947
3587
4236
4772
5353
5878
6259
6580
6917
7200
7337
7448
7442
7411
7302
7238
7048
6726
6412
6049
5673
5171
4657
4058
3428
2776
2129
1414
715
43
-649
-1280
-1909
-2398
-2912
-3310
-3675
-3956
-4079
-4141
-4098
-4041
-3835
-3582
-3241
-2883
-2464
-2065
-1626
-1103
-652
-159
298
849
1327
1798
2318
2789
3242
3672
4137
4495
4810
5095
5328
5423
5514
5528
5357
5068
4714
4349
3812
3209
2518
1757
980
255
-504
-1360
-2175
-2924
-3605
-4298
-4889
-5458
-5988
-6413
-6731
-6960
-7177
-7274
-7329
-7332
-7230
-7031
-6811
-6588
-6295
-5931
-5489
-5011
-4512
-4031
-3530
-2978
-2437
-1954
-1514
-1123
-788
-487
-213
-20
114
264
368
487
637
841
1056
1286
1624
1966
2293
2625
2936
3180
3390
3558
3652
3617
3583
3576
3490
3410
3352
3314
3248
3245
3267
3252
3181
3146
3058
2886
2722
2487
2210
1803
1465
1088
686
305
-95
-430
-773
-961
-1135
-1279
-1385
-1403
-1397
-1366
-1279
-1220
-1113
-1039
-869
-772
-599
-361
-162
101
360
708
1019
1386
1748
2060
2364
2701
2998
3188
3383
3518
3595
3575
3587
3518
3361
3201
2996
2741
2433
2169
1821
1387
945
514
-13
-558
-1108
-1701
-2294
-2861
-3339
-3865
-4290
-4624
-4897
-5126
-5252
-5273
-5289
-5194
-5038
-4812
-4585
-4242
-3883
-3547
-3155
-2775
-2383
-2087
-1740
-1463
-1235
-1021
-872
-780
-746
-661
-662
-700
-770
-810
-871
-909
-881
-932
-900
-826
-690
-572
-432
-225
-106
32
197
363
472
603
716
790
904
1099
1292
1374
1548
1760
1979
2198
2423
2632
2747
2940
3126
3192
3209
3230
3179
3044
2916
2777
2522
2255
2012
1704
1393
1109
825
465
125
-145
-418
-681
-862
-1024
-1161
-1182
-1130
-1052
-972
-778
-609
-449
-229
-18
159
311
533
706
880
1126
1383
1579
1842
2151
2387
2590
2799
2984
3007
3023
2969
2759
2452
2138
1743
1207
697
194
-343
-876
-1284
-1691
-2081
-2362
-2540
-2711
-2856
-2879
-2935
-2965
-2944
-2858
-2841
-2807
-2706
-2646
-2576
-2469
-2336
-2300
-2210
-2110
-2032
-1975
-1888
-1818
-1843
-1806
-1766
-1755
-1784
-1770
-1799
-1862
-1852
-1815
-1822
-1823
-1754
-1695
-1615
-1471
-1285
-1186
-1027
-807
-615
-450
-242
-31
109
317
556
786
965
1265
1555
1810
2134
2488
2830
3110
3470
3725
3921
4088
4223
4204
4082
3952
3704
3406
3038
2687
2223
1820
1470
1096
734
432
209
-63
-251
-402
-538
-701
-769
-847
-954
-980
-976
-957
-954
-825
-726
-600
-396
-149
82
311
618
890
1143
1413
1661
1800
1951
2074
2126
2088
2028
1935
1723
1537
1315
1061
767
509
250
-34
-266
-456
-663
-868
-987
-1150
-1287
-1434
-1541
-1697
-1870
-1977
-2156
-2288
-2403
-2469
-2558
-2594
-2551
-2500
-2441
-2337
-2223
-2160
-2037
-1951
-1879
-1868
-1836
-1795
-1802
-1760
-1718
-1684
-1646
-1559
-1465
-1370
-1278
-1169
-1113
-1037
-936
-888
-840
-800
-725
-678
-589
-445
-311
-143
71
318
568
846
1140
1405
1643
1916
2135
2327
2511
2657
2777
2859
2949
2987
2999
3007
2978
2885
2778
2661
2512
2324
2115
1882
1612
1378
1131
858
573
320
81
-146
-343
-516
-670
-782
-825
-854
-829
-771
-666
-543
-395
-206
-26
152
329
504
655
817
956
1061
1156
1260
1347
1403
1473
1517
1532
1521
1483
1411
1299
1171
994
750
498
243
-42
-342
-632
-920
-1201
-1456
-1682
-1889
-2076
-2224
-2369
-2496
-2573
-2618
-2671
-2717
-2713
-2698
-2650
-2561
-2476
-2379
-2250
-2087
-1906
-1737
-1543
-1361
-1195
-1024
-891
-775
-701
-640
-612
-629
-639
-648
-670
-682
-672
-667
-617
-533
-416
-328
-216
-87
22
140
217
298
321
368
413
439
487
570
671
774
938
1119
1327
1510
1715
1862
2003
2122
2179
2191
2135
2089
1984
1880
1753
1640
1515
1417
1337
1258
1198
1144
1106
1009
945
847
758
646
531
402
255
162
68
8
-43
-52
-50
-4
63
167
257
349
460
530
627
691
760
779
787
793
771
749
726
670
587
531
456
393
281
175
33
-114
-246
-419
-611
-833
-1014
-1218
-1410
-1581
-1728
-1857
-1937
-1986
-2012
-1987
-1939
-1845
-1804
-1723
-1642
-1567
-1488
-1459
-1425
-1428
-1396
-1360
-1338
-1298
-1231
-1152
-1028
-881
-717
-547
-406
-247
-131
-15
68
102
98
67
36
-22
-70
-131
-192
-244
-269
-275
-268
-254
-232
-214
-199
-157
-133
-108
-105
-92
-63
-35
15
64
124
217
332
450
583
747
920
1075
1232
1376
1518
1647
1743
1797
1809
1825
1818
1781
1713
1625
1524
1417
1318
1219
1100
993
901
798
726
662
598
521
437
378
321
261
212
141
80
40
12
2
-21
-15
-19
-16
9
21
34
40
32
12
-25
-60
-112
-191
-262
-363
-457
-544
-618
-689
-781
-838
-885
-916
-922
-938
-942
-946
-935
-901
-893
-876
-856
-868
-868
-874
-864
-858
-861
-854
-857
-822
-755
-698
-646
-599
-536
-454
-375
-300
-272
-256
-226
-207
-186
-199
-205
-215
-225
-203
-185
-159
-132
-107
-77
-55
-31
-18
-52
-81
-129
-184
-224
-282
-329
-383
-404
-395
-366
-300
-234
-142
-29
116
276
416
560
694
801
905
985
1044
1077
1088
1103
1084
1084
1088
1077
1073
1059
1078
1096
1107
1137
1145
1139
1140
1116
1095
1044
1008
925
811
750
660
601
518
453
405
365
367
373
353
351
337
307
299
248
212
93
-4
-115
-237
-346
-485
-616
-757
-856
-932
-991
-1069
-1095
-1144
-1121
-1099
-1064
-1014
-998
-927
-900
-813
-759
-711
-691
-679
-664
-636
-623
-630
-657
-713
-688
-700
-666
-681
-659
-617
-570
-458
-384
-298
-222
-125
-46
34
81
139
141
158
157
137
145
89
73
9
-28
-68
-113
-151
-212
-276
-325
-367
-411
-453
-510
-512
-547
-510
-491
-446
-381
-326
-218
-150
-34
70
170
247
325
396
513
600
688
764
819
948
1018
1125
1176
1247
1300
1338
1387
1404
1392
1358
1324
1253
1232
1161
1142
1070
1032
1012
978
994
960
948
899
875
833
791
723
645
523
420
310
187
80
-88
-195
-352
-450
-563
-669
-764
-871
-948
-1043
-1106
-1187
-1251
-1347
-1397
-1458
-1471
-1491
-1507
-1498
-1502
-1430
-1373
-1286
-1227
-1141
-1059
-955
-842
-733
-633
-566
-473
-395
-267
-180
-78
5
101
215
322
441
521
598
639
700
719
722
679
618
540
435
355
248
137
8
-114
-217
-298
-387
-460
-541
-616
-661
-695
-711
-749
-783
-793
-788
-779
-765
-761
-757
-742
-690
-628
-569
-493
-407
-306
-195
-67
76
219
361
522
672
833
985
1133
1262
1352
1423
1498
1584
1642
1692
1735
1782
1822
1879
1897
1902
1870
1814
1759
1652
1554
1411
1273
1119
965
815
669
529
382
257
134
37
-66
-158
-283
-398
-527
-645
-774
-931
-1082
-1249
-1366
-1490
-1577
-1655
-1712
-1760
-1770
-1751
-1731
-1673
-1615
-1539
-1473
-1359
-1228
-1083
-953
-808
-655
-505
-327
-179
-43
63
205
335
472
582
668
741
790
860
894
936
928
921
895
867
841
790
725
616
523
422
332
218
95
-22
-123
-221
-311
-414
-527
-628
-743
-825
-927
-1005
-1087
-1163
-1228
-1275
-1283
-1293
-1295
-1293
-1277
-1241
-1188
-1132
-1054
-979
-858
-724
-573
-403
-216
-8
180
385
586
803
994
1171
1326
1482
1622
1750
1860
1924
1976
2003
2047
2064
2059
2034
1985
1920
1836
1716
1591
1435
1253
1072
872
710
518
349
180
26
-100
-234
-358
-503
-650
-790
-912
-1042
-1153
-1278
-1369
-1467
-1547
-1581
-1617
-1617
-1635
-1602
-1554
-1484
-1377
-1289
-1199
-1109
-1009
-895
-792
-691
-555
-425
-269
-113
69
262
423
586
733
883
1006
1104
1181
1231
1277
1327
1351
1338
1296
1256
1216
1143
1042
927
825
699
575
454
302
147
-1
-165
-331
-497
-639
-781
-942
-1067
-1179
-1236
-1296
-1357
-1403
-1450
-1470
-1462
-1438
-1413
-1365
-1304
-1210
-1141
-1048
-921
-803
-677
-566
-427
-280
-136
26
199
364
541
714
877
1026
1165
1315
1443
1558
1662
1766
1847
1890
1934
1958
1951
1900
1821
1719
1586
1445
1297
1120
939
764
590
399
188
12
-158
-319
-468
-609
-738
-881
-1006
-1114
-1208
-1304
-1390
-1459
-1525
-1581
-1593
-1568
-1554
-1520
-1462
-1397
-1347
-1285
-1213
-1137
-1062
-966
-857
-760
-645
-502
-326
-170
0
183
355
518
670
831
961
1071
1156
1235
1255
1246
1239
1213
1168
1088
1039
970
889
787
711
619
476
355
207
54
-127
-283
-423
-575
-717
-828
-915
-1019
-1087
-1127
-1123
-1140
-1132
-1098
-1067
-1018
-978
-917
-891
-854
-808
-743
-686
-632
-528
-415
-288
-160
23
192
339
486
662
837
979
1147
1263
1372
1436
1524
1615
1644
1677
1695
1734
1727
1723
1721
1714
1642
1560
1474
1350
1209
1015
848
617
405
210
25
-167
-376
-533
-667
-774
-890
-951
-1028
-1098
-1167
-1188
-1200
-1271
-1317
-1375
-1388
-1434
-1442
-1430
-1423
-1385
-1320
-1196
-1122
-1033
-931
-809
-707
-608
-472
-360
-284
-215
-92
33
126
220
336
425
498
602
717
767
772
819
853
825
756
703
631
519
423
357
251
112
12
-44
-119
-222
-275
-312
-398
-508
-560
-597
-671
-744
-779
-807
-880
-897
-879
-873
-894
-859
-761
-718
-664
-550
-406
-315
-219
-63
88
175
262
405
490
558
662
812
892
923
1024
1144
1239
1313
1427
1494
1514
1529
1620
1672
1642
1624
1595
1557
1449
1387
1325
1198
1057
975
922
793
653
541
448
296
185
82
-86
-299
-491
-584
-718
-854
-971
-1062
-1182
-1284
-1278
-1273
-1296
-1330
-1283
-1232
-1201
-1163
-1089
-1038
-1031
-962
-894
-840
-844
-789
-674
-589
-489
-381
-286
-270
-232
-131
-43
-25
-30
-8
-26
-54
-32
12
-1
-44
-21
18
21
15
60
107
96
111
128
99
4
-77
-110
-150
-239
-322
-360
-452
-511
-510
-447
-429
-459
-426
-399
-396
-387
-293
-234
-237
-228
-187
-167
-188
-112
-6
77
125
224
362
443
543
698
859
934
956
988
1016
982
985
1042
1030
960
899
925
931
923
1010
1097
1096
1050
1073
1138
1129
1095
1119
1075
946
841
787
709
562
482
436
335
204
136
104
4
-114
-139
-171
-327
-483
-598
-700
-808
-860
-838
-919
-1055
-1098
-1045
-992
-974
-899
-819
-828
-818
-712
-619
-626
-641
-596
-589
-668
-702
-694
-709
-696
-620
-488
-474
-503
-441
-336
-240
-168
-74
-60
-122
-140
-59
-33
-58
-73
-84
-76
-156
-102
-38
-22
26
59
138
82
9
-21
-54
-122
-176
-237
-345
-490
-591
-512
-490
-443
-417
-397
-351
-344
-198
-52
27
53
75
93
89
97
169
235
214
242
281
351
419
526
708
777
814
865
902
934
907
918
932
876
846
830
784
723
696
751
807
782
768
738
702
684
684
717
625
490
375
266
164
52
-5
-71
-160
-249
-322
-409
-491
-491
-419
-374
-480
-641
-787
-842
-770
-655
-599
-734
-922
-986
-889
-682
-483
-422
-490
-571
-522
-305
-96
19
17
-41
-111
-120
-46
46
75
48
51
23
25
82
178
262
290
303
274
219
183
210
244
251
186
117
31
-41
-21
27
67
27
9
-5
-12
23
64
64
-5
-59
-132
-183
-258
-292
-293
-317
-301
-300
-284
-296
-260
-151
-79
-33
7
42
73
111
180
235
235
251
275
290
304
336
413
478
493
536
544
515
494
505
530
471
430
379
328
264
231
234
213
180
153
155
85
48
37
62
42
-19
-52
-151
-222
-264
-240
-261
-335
-391
-436
-462
-472
-433
-426
-440
-484
-479
-463
-490
-474
-458
-427
-431
-415
-377
-389
-377
-320
-218
-136
-84
-53
-40
-30
22
136
193
190
140
105
110
139
200
236
208
146
118
149
193
227
247
236
207
200
207
205
188
144
121
103
65
29
4
-18
-49
-47
-49
-73
-105
-129
-136
-140
-150
-151
-148
-176
-211
-233
-229
-206
-173
-127
-92
-92
-88
-47
8
55
96
154
165
151
154
177
214
227
245
234
204
176
204
246
256
261
238
220
173
159
160
142
107
58
39
-6
-40
-53
-50
-74
-97
-99
-116
-132
-156
-140
-146
-165
-187
-207
-231
-279
-281
-289
-313
-340
-338
-324
-325
-311
-296
-283
-283
-255
-221
-197
-193
-174
-132
-115
-76
-20
27
39
40
88
151
210
271
308
316
315
344
384
408
404
402
394
368
348
352
374
360
336
302
258
215
184
183
153
111
67
14
-42
-90
-117
-139
-184
-229
-240
-263
-288
-299
-299
-293
-297
-280
-278
-307
-319
-296
-249
-240
-243
-221
-220
-205
-153
-79
-33
-22
16
65
103
146
211
258
263
268
301
315
296
301
322
334
313
309
308
277
273
303
310
260
210
202
183
135
104
92
37
-26
-54
-71
-117
-172
-171
-178
-222
-257
-271
-300
-354
-359
-340
-366
-423
-441
-448
-467
-461
-423
-401
-436
-426
-362
-312
-265
-205
-128
-104
-80
-12
55
96
141
227
276
293
334
406
447
468
524
571
555
528
560
576
551
524
509
465
385
345
337
291
222
184
147
77
19
7
-15
-88
-145
-165
-208
-270
-307
-319
-353
-405
-429
-444
-485
-515
-494
-481
-495
-500
-469
-446
-435
-402
-366
-329
-309
-259
-200
-161
-119
-59
17
68
120
187
242
274
323
397
450
467
478
485
495
515
520
517
484
444
413
402
387
344
309
270
229
181
122
79
36
-28
-78
-133
-212
-279
-328
-354
-391
-438
-479
-519
-563
-581
-555
-550
-571
-577
-547
-520
-509
-477
-420
-390
-361
-295
-233
-199
-165
-62
34
75
129
215
286
321
400
504
544
547
594
665
679
677
719
724
664
625
642
622
534
479
468
409
306
261
235
145
56
32
4
-93
-172
-185
-230
-338
-404
-418
-483
-595
-629
-618
-681
-755
-755
-730
-759
-768
-690
-635
-638
-597
-485
-412
-401
-332
-221
-167
-148
-69
23
47
74
185
290
310
349
442
517
536
597
699
711
678
701
743
723
659
657
648
551
462
441
413
308
227
214
158
47
-21
-34
-96
-196
-241
-255
-352
-455
-480
-490
-554
-611
-587
-590
-650
-666
-593
-559
-587
-558
-480
-459
-472
-411
-316
-289
-280
-189
-91
-73
-46
84
183
197
248
368
433
417
475
578
591
541
567
628
591
528
550
580
505
452
489
491
388
320
352
312
180
125
136
45
-98
-132
-116
-221
-341
-335
-315
-407
-480
-421
-417
-510
-518
-435
-429
-517
-506
-411
-428
-493
-420
-312
-332
-357
-244
-146
-174
-156
-2
92
55
80
216
243
190
263
384
369
301
371
464
418
381
477
536
448
406
487
480
351
326
386
331
190
163
192
90
-26
10
44
-71
-175
-130
-118
-222
-263
-197
-211
-341
-376
-313
-346
-449
-423
-340
-386
-465
-408
-325
-368
-387
-276
-195
-253
-270
-160
-105
-146
-103
23
43
-20
48
188
195
153
243
353
316
286
372
434
356
311
402
415
312
283
357
338
223
230
318
249
140
178
229
141
39
81
106
-20
-102
-49
-80
-222
-259
-174
-200
-314
-305
-230
-272
-363
-298
-222
-294
-361
-280
-225
-320
-358
-251
-211
-291
-271
-144
-126
-194
-123
15
20
-22
68
166
121
85
187
259
176
151
259
295
208
213
327
331
254
301
396
341
253
301
379
302
218
258
263
137
74
139
139
18
-19
64
30
-86
-84
-20
-92
-192
-152
-118
-229
-337
-287
-260
-356
-392
-323
-327
-411
-401
-289
-275
-334
-284
-178
-192
-253
-181
-103
-145
-172
-69
-2
-60
-72
37
94
45
94
222
238
179
234
333
313
264
329
395
327
267
327
356
277
253
336
339
228
207
267
228
144
152
187
101
-9
0
19
-76
-156
-121
-114
-212
-255
-196
-200
-281
-270
-194
-219
-294
-275
-213
-257
-305
-239
-187
-236
-264
-184
-144
-189
-163
-50
-15
-47
-3
83
84
59
136
225
199
162
221
266
229
233
320
344
285
289
349
336
278
291
331
282
218
221
213
122
61
92
74
-9
-57
-46
-85
-162
-160
-135
-181
-252
-260
-263
-320
-362
-349
-345
-390
-401
-367
-374
-407
-392
-331
-308
-313
-279
-234
-229
-215
-153
-102
-87
-71
-16
24
33
79
141
182
200
245
301
316
321
344
381
388
373
379
367
329
310
318
305
266
230
211
194
160
128
110
78
27
-6
-25
-65
-126
-161
-174
-206
-253
-268
-272
-293
-321
-313
-299
-316
-322
-313
-293
-305
-313
-280
-266
-273
-247
-196
-168
-167
-131
-64
-27
-1
50
96
110
131
185
226
215
216
252
274
260
265
292
287
259
270
312
295
261
269
264
221
186
192
173
102
67
67
36
-28
-63
-51
-81
-137
-152
-159
-214
-262
-252
-258
-317
-355
-347
-365
-410
-414
-378
-375
-398
-368
-317
-309
-303
-250
-197
-183
-163
-100
-54
-52
-19
55
98
101
140
194
213
223
269
327
327
329
369
390
367
348
367
357
313
294
294
259
213
193
196
166
114
97
75
27
-12
-31
-62
-112
-163
-184
-210
-260
-283
-287
-300
-327
-320
-294
-294
-291
-269
-243
-227
-213
-192
-166
-158
-138
-93
-58
-43
-25
23
64
88
116
158
182
182
208
242
245
230
224
236
228
208
208
210
199
183
194
207
189
162
166
175
140
118
102
70
25
-4
-10
-37
-92
-112
-108
-132
-161
-163
-149
-168
-190
-180
-171
-199
-216
-202
-202
-228
-233
-207
-205
-216
-193
-148
-135
-127
-87
-39
-25
-20
20
50
52
60
92
112
106
114
155
179
177
204
243
256
252
278
307
295
269
276
269
229
193
183
157
105
75
65
40
-4
-20
-20
-44
-90
-113
-112
-144
-181
-198
-204
-237
-277
-275
-267
-283
-273
-233
-209
-199
-171
-119
-84
-68
-35
8
26
24
39
65
69
69
99
116
106
110
145
172
176
179
210
216
187
181
184
172
133
110
108
73
27
14
19
-1
-19
0
7
-12
-27
-11
-1
-24
-28
-24
-41
-73
-80
-59
-62
-78
-66
-44
-50
-53
-19
15
11
8
34
44
14
-6
9
5
-32
-46
-40
-63
-87
-74
-39
-45
-47
-10
17
8
4
40
63
54
50
77
68
38
51
77
84
76
94
121
112
108
142
165
151
140
157
148
103
85
85
60
17
-4
-17
-50
-80
-82
-77
-94
-105
-96
-94
-120
-129
-114
-112
-132
-138
-132
-141
-148
-140
-125
-120
-107
-79
-55
-43
-25
7
34
52
62
66
57
47
43
45
31
21
9
-5
-7
-11
-4
-5
3
2
-14
-14
-12
-23
-33
-40
-42
-61
-84
-90
-95
-105
-104
-76
-62
-73
-58
-26
-15
-10
16
36
22
4
20
26
6
0
15
11
-24
-28
-3
-6
-17
8
26
4
-15
2
6
-27
-39
-27
-42
-80
-89
-76
-84
-100
-75
-45
-58
-58
-18
11
13
32
71
73
55
60
85
81
65
81
96
77
58
86
98
80
87
117
99
69
73
72
41
8
14
-2
-49
-75
-78
-94
-120
-112
-86
-100
-117
-93
-80
-88
-79
-46
-39
-66
-59
-35
-41
-48
-25
2
-11
-11
20
31
17
38
80
78
62
73
93
68
49
70
79
38
21
44
22
-14
-4
25
7
-21
-12
2
-26
-39
0
17
-20
-37
-8
-16
-49
-31
15
-6
-30
-4
11
-17
-18
36
44
15
21
53
36
3
23
56
22
-13
6
4
-35
-47
-10
-13
-53
-45
-14
-34
-62
-33
-2
-19
-31
-5
-6
-34
-22
17
14
-5
10
24
10
3
43
72
55
57
82
80
62
77
103
86
69
80
75
40
23
39
29
0
-7
-5
-33
-57
-41
-32
-58
-67
-53
-70
-110
-104
-79
-94
-104
-83
-72
-97
-93
-45
-28
-37
-6
40
31
16
57
92
65
64
104
104
58
56
95
75
39
59
78
30
0
32
45
1
-11
27
-1
-62
-48
-9
-40
-84
-55
-27
-78
-98
-45
-34
-78
-65
-8
-27
-79
-48
-2
-32
-59
-10
13
-45
-52
12
22
-26
-2
52
24
-13
31
84
47
25
71
82
27
16
63
49
-3
14
50
6
-41
-5
19
-28
-37
11
8
-46
-40
14
6
-23
14
47
9
-5
46
66
29
31
76
62
17
33
63
32
-4
26
31
-26
-41
-16
-33
-85
-71
-48
-81
-110
-87
-64
-102
-107
-58
-60
-96
-75
-23
-29
-45
4
41
12
13
70
81
50
63
108
90
49
81
111
72
51
86
90
37
32
77
58
2
17
47
1
-39
-8
7
-48
-76
-39
-57
-119
-108
-63
-82
-130
-100
-66
-110
-130
-71
-46
-97
-92
-30
-35
-74
-38
25
10
-26
33
69
25
23
88
111
57
70
123
95
46
81
118
63
32
74
75
9
-2
44
30
-29
-12
35
-10
-51
-8
25
-17
-37
21
24
-34
-21
43
29
-21
14
50
0
-33
19
36
-23
-26
24
2
-67
-51
3
-36
-81
-44
-26
-84
-104
-41
-31
-75
-60
-1
-17
-58
-15
37
17
-1
53
75
26
30
94
93
43
70
117
81
43
84
112
68
43
91
88
18
18
65
40
-11
9
32
-16
-63
-23
-11
-70
-76
-34
-51
-107
-90
-48
-82
-115
-81
-56
-104
-124
-70
-61
-98
-83
-25
-34
-68
-33
14
-3
-14
33
53
25
24
70
85
51
68
111
86
51
81
109
71
63
99
92
49
39
67
56
21
38
56
21
-8
20
29
-7
-13
13
1
-40
-30
-3
-31
-60
-42
-34
-73
-85
-56
-60
-98
-91
-65
-78
-99
-70
-43
-70
-75
-36
-20
-49
-37
6
7
-12
15
56
42
27
62
90
71
70
110
111
76
93
131
113
65
88
115
78
55
92
109
55
52
85
72
37
43
78
53
15
32
47
2
-21
18
18
-40
-56
-30
-47
-81
-62
-32
-57
-100
-80
-51
-86
-98
-57
-45
-90
-98
-60
-61
-92
-68
-22
-37
-66
-33
1
-24
-29
23
42
5
0
40
42
8
36
79
62
31
45
68
36
31
73
82
42
26
48
33
-4
3
35
-2
-44
-43
-39
-66
-86
-48
-54
-99
-108
-93
-112
-133
-113
-82
-101
-128
-111
-107
-120
-113
-66
-54
-84
-78
-48
-57
-59
-24
8
-7
-22
0
1
-10
3
42
41
20
29
43
34
24
59
80
54
41
63
55
34
50
77
61
41
48
47
18
12
49
49
18
17
26
2
-20
2
24
-6
-26
-8
-12
-51
-47
-8
-20
-44
-36
-23
-49
-71
-37
-15
-44
-54
-28
-37
-69
-55
-12
-18
-44
-25
-11
-28
-37
7
32
8
14
46
41
10
29
63
58
42
57
65
38
34
70
75
49
54
67
39
11
28
46
21
-3
7
1
-38
-46
-22
-31
-61
-53
-43
-67
-82
-57
-44
-69
-74
-54
-61
-86
-74
-53
-65
-79
-60
-48
-63
-63
-30
-20
-41
-26
3
-10
-23
14
39
16
18
48
55
37
49
86
79
59
81
98
78
67
100
112
80
68
97
86
43
53
80
51
19
38
52
9
-10
27
26
-12
-19
10
-5
-46
-23
2
-35
-67
-37
-24
-71
-77
-36
-38
-83
-72
-29
-47
-73
-36
2
-33
-47
3
16
-20
-11
38
34
0
21
59
47
32
77
112
74
60
104
107
74
86
119
101
57
68
88
56
36
68
78
35
14
47
42
3
14
41
13
-32
-21
-13
-49
-62
-33
-35
-79
-90
-63
-76
-103
-79
-56
-85
-109
-82
-75
-95
-90
-47
-52
-85
-66
-37
-48
-53
-11
17
-5
-4
33
43
33
47
88
79
53
72
88
64
52
92
95
54
51
77
64
36
51
79
46
13
32
30
-4
-14
20
9
-41
-48
-22
-47
-84
-57
-33
-69
-92
-64
-63
-100
-96
-52
-63
-102
-94
-66
-88
-110
-67
-42
-70
-74
-25
-20
-50
-25
14
13
-5
18
48
20
16
61
73
46
50
75
74
52
69
100
78
55
71
81
54
49
72
71
40
34
53
41
13
25
41
7
-10
4
1
-31
-38
-9
-23
-51
-50
-40
-65
-78
-59
-55
-79
-77
-56
-66
-80
-63
-41
-54
-57
-30
-19
-35
-33
1
6
-12
-1
27
14
8
34
55
38
32
63
64
40
41
66
62
39
44
55
23
9
35
40
5
-9
19
3
-26
-17
9
-15
-47
-25
-17
-49
-68
-46
-48
-85
-84
-58
-69
-95
-85
-61
-86
-104
-76
-61
-86
-89
-51
-48
-70
-66
-25
-38
-58
-30
-8
-22
-39
-2
14
-3
8
40
35
8
22
49
36
19
42
54
28
20
46
39
15
18
41
36
10
24
37
17
3
24
26
-3
-8
-1
-7
-31
-26
-3
-22
-39
-27
-20
-40
-44
-28
-32
-50
-50
-39
-51
-57
-44
-42
-58
-57
-37
-31
-41
-34
-15
-18
-27
-9
-1
-15
-14
9
17
3
15
29
18
6
22
41
24
21
40
40
24
29
48
43
26
36
50
30
17
35
43
14
13
32
20
0
2
19
3
-14
-4
1
-17
-28
-11
-7
-31
-36
-16
-26
-43
-33
-15
-28
-42
-25
-12
-24
-27
-2
1
-17
-13
4
-7
-18
0
17
11
1
23
35
17
22
43
38
26
34
47
33
31
47
48
36
36
53
49
37
40
49
39
30
36
41
18
10
28
25
13
15
20
0
-13
-7
-6
-13
-21
-16
-15
-30
-40
-27
-35
-43
-34
-29
-30
-40
-27
-22
-34
-33
-20
-12
-23
-15
-3
-12
-14
2
11
0
1
20
23
14
24
36
32
25
40
56
46
37
49
56
45
47
60
55
37
38
50
40
28
38
38
16
11
13
16
0
-5
-1
-21
-27
-20
-15
-25
-33
-34
-34
-39
-41
-29
-28
-42
-40
-32
-34
-32
-25
-18
-22
-20
-6
-5
-10
-3
6
7
1
13
27
27
34
36
35
27
33
44
40
35
37
38
28
37
38
35
23
12
9
-3
-1
3
2
-17
-29
-22
-27
-37
-37
-34
-47
-59
-58
-59
-63
-69
-68
-70
-81
-76
-62
-63
-66
-56
-52
-58
-54
-41
-35
-42
-46
-29
-28
-28
-14
-1
-5
-10
5
18
18
20
38
36
27
34
48
51
42
45
52
47
37
48
54
47
36
47
46
38
39
38
36
21
20
21
13
1
6
4
-12
-17
-20
-16
-13
-12
-11
-17
-19
-18
-11
-11
-15
-17
-19
-22
-14
-3
1
4
1
8
15
20
30
41
37
33
33
39
49
50
54
45
36
37
42
45
49
47
38
29
25
24
21
26
24
19
3
-1
-3
-11
-12
-12
-19
-26
-24
-27
-25
-31
-33
-35
-39
-36
-33
-32
-36
-36
-35
-33
-34
-26
-21
-21
-25
-23
-12
-8
1
4
11
1
1
18
20
24
29
27
19
14
22
36
38
38
42
39
31
30
35
35
36
32
23
18
14
18
18
15
6
-4
0
-5
-5
-4
-10
-18
-28
-19
-13
-14
-12
-17
-16
-23
-17
-6
-16
-15
-12
-15
-15
-6
3
3
1
3
8
7
20
29
28
27
20
24
26
31
34
36
30
24
23
23
27
26
24
15
6
12
14
18
16
8
3
-10
-3
-6
-5
-7
-19
-16
-25
-20
-21
-19
-19
-31
-35
-36
-23
-23
-17
-18
-26
-29
-25
-13
-14
-15
-17
-16
-11
-5
7
14
7
3
8
6
13
23
29
27
17
18
22
21
28
31
26
22
17
19
25
21
18
17
2
3
10
9
6
1
-5
-13
-9
-4
8
3
-10
-14
-17
-12
-13
-8
-9
-17
-17
-10
-7
1
4
-3
-10
-16
-10
-2
10
8
2
-11
-14
-4
5
10
9
3
-4
-3
2
16
21
15
3
4
4
5
14
13
14
-3
-6
-2
-1
7
2
-5
-6
-7
1
2
-3
-5
-15
-19
-17
-16
-12
-11
-19
-29
-30
-24
-20
-20
-17
-21
-26
-24
-20
-7
-4
-14
-21
-27
-24
-17
-1
-1
-18
-27
-27
-20
-9
-2
1
-4
-14
-13
-2
6
6
5
-5
-13
-12
-3
11
9
0
-6
-9
-10
0
8
4
-10
-16
-16
-18
-11
-5
-10
-28
-40
-34
-28
-26
-25
-33
-41
-47
-36
-30
-27
-26
-29
-35
-35
-27
-18
-13
-26
-37
-40
-41
-35
-14
-11
-21
-33
-35
-27
-18
-7
-7
-12
-20
-25
-18
-12
-19
-12
-13
-22
-18
-6
3
-4
-4
-8
-12
-11
2
5
2
-1
3
-1
-6
7
12
10
-1
4
8
6
12
15
13
4
4
13
23
23
23
18
5
1
10
21
22
15
17
7
3
16
21
21
15
18
20
14
22
35
35
26
20
27
35
31
42
43
31
20
28
33
25
27
32
31
20
25
32
28
20
21
19
7
7
12
19
9
10
10
1
-2
-4
6
7
-2
-7
-2
-4
-1
6
3
-4
-9
-1
5
0
7
11
0
-3
6
12
8
7
8
1
-2
2
16
23
21
16
8
8
13
21
22
14
10
21
15
7
18
22
23
14
16
18
12
17
20
21
11
8
16
17
19
26
23
9
2
7
12
9
5
-1
-11
-10
-8
-5
-2
-8
-11
-19
-23
-14
-7
-15
-22
-18
-23
-22
-16
-15
-19
-26
-26
-24
-17
-12
-9
-12
-14
-12
-9
-3
-7
-12
-9
-11
-13
-7
-2
-5
-10
-5
-6
-8
-2
-1
-6
-6
-4
0
-3
-12
-8
-13
-10
-12
-16
-17
-22
-15
-14
-14
-24
-23
-19
-21
-21
-16
-10
-19
-18
-16
-17
-18
-18
-17
-19
-19
-10
-7
-11
-9
-3
-3
-4
-3
-5
-3
-3
-1
-1
-3
-2
0
5
6
6
9
7
2
2
9
6
3
7
1
-4
-7
-1
1
-3
-4
-8
-8
-4
-1
-1
-3
-18
-13
-9
-12
-4
-12
-13
-15
-17
-5
-1
-7
-14
-15
-20
-15
-9
-10
-8
-18
-20
-19
-16
-12
-18
-22
-29
-28
-16
-15
-17
-18
-23
-26
-19
-14
-10
-15
-21
-15
-17
-19
-14
-13
-11
-8
-5
1
6
7
4
3
6
4
6
2
3
8
12
8
14
9
4
9
14
19
13
14
10
12
14
18
16
13
18
8
10
12
19
24
21
16
16
19
22
27
18
19
21
25
30
26
20
18
13
17
16
12
5
1
6
7
11
4
1
3
4
0
4
11
-1
-5
-7
-4
-4
-7
-11
-10
-13
-18
-13
-15
-14
-13
-11
-14
-13
-8
-16
-26
-24
-17
-17
-19
-25
-26
-29
-30
-21
-15
-21
-24
-22
-20
-18
-17
-11
-18
-17
-14
-11
-7
-8
-5
-4
-6
-11
1
7
7
3
4
9
7
8
5
7
8
4
4
4
-2
4
6
4
6
6
6
7
15
16
10
9
4
7
8
13
11
10
8
-2
5
9
13
11
10
11
8
7
9
18
13
6
7
9
14
18
11
8
6
9
16
20
25
22
19
11
11
16
22
18
11
10
5
9
10
21
24
15
7
7
16
20
17
16
15
7
9
15
20
20
13
10
8
14
19
16
17
16
14
16
13
22
29
23
24
23
19
16
21
27
21
19
17
15
20
25
26
20
18
15
18
30
30
29
28
29
22
19
26
28
34
37
30
27
27
24
28
28
25
25
25
28
29
25
24
21
17
17
19
20
17
11
10
4
1
-3
-4
-3
-5
-7
-8
-11
-11
-3
-4
-4
-1
-11
-14
-11
-10
-5
-10
-11
-12
-10
-11
-15
-12
-14
-19
-20
-12
-10
-7
-15
-16
-14
-18
-8
-7
-9
-15
-24
-22
-14
-12
-6
-7
-11
-11
-5
-8
-13
-4
-4
-5
-5
6
10
4
8
6
4
6
3
2
5
7
4
6
2
-1
-1
5
12
4
2
-2
-8
-3
3
1
0
0
-3
-4
1
14
16
11
8
13
15
18
12
7
3
7
11
10
10
6
6
-2
3
13
13
2
-2
4
3
-1
-6
-2
3
-9
-17
-5
-5
-8
-11
-6
-5
-5
-7
-12
-12
-13
-7
-3
-10
-15
-21
-23
-14
-9
-8
-15
-16
-19
-15
-16
-18
-7
-19
-23
-15
-15
-19
-21
-31
-28
-27
-28
-21
-19
-24
-27
-22
-20
-11
-9
-8
-17
-23
-21
-23
-19
-15
-14
-10
-16
-15
-6
-7
-10
-18
-14
-6
-3
-3
1
0
-3
0
-4
-2
1
-6
-8
1
10
8
-2
2
4
4
-1
0
8
4
10
5
10
16
5
5
6
11
17
17
11
6
-3
0
11
14
16
7
0
2
3
12
13
9
2
-1
-1
3
6
7
1
-1
2
1
3
5
6
5
6
8
6
6
2
-1
0
-2
-4
3
9
2
-4
1
2
-2
-3
1
6
-2
-9
-1
3
1
-4
-5
-3
-9
-10
-2
0
0
-8
-5
4
2
3
1
2
-5
-9
-7
-1
3
-5
1
0
-4
-3
-1
11
11
6
10
13
12
11
15
22
27
18
16
21
20
19
23
27
29
20
20
28
27
19
20
27
30
27
17
23
31
19
21
25
24
28
27
29
23
10
14
15
18
23
25
23
14
15
20
25
30
24
18
17
22
27
20
15
14
18
17
10
19
18
8
2
2
10
9
10
10
6
1
-4
1
6
-1
-4
-4
-4
-2
-3
-5
-1
-5
-6
-3
-6
5
13
6
-5
0
1
1
1
2
11
5
-2
-3
2
3
2
7
11
12
7
11
14
14
6
5
15
20
20
12
6
5
9
8
16
19
23
16
7
8
10
15
16
14
12
13
14
11
11
8
10
12
10
13
11
13
17
17
17
13
11
6
10
14
9
1
3
5
1
-3
0
6
-3
-10
-10
-4
-4
-14
-17
-14
-17
-15
-9
-9
-11
-20
-21
-18
-19
-21
-19
-25
-30
-30
-28
-25
-28
-32
-27
-34
-36
-29
-28
-30
-35
-28
-28
-35
-42
-30
-25
-34
-33
-34
-24
-32
-33
-23
-24
-29
-32
-26
-24
-29
-27
-19
-22
-28
-29
-23
-20
-17
-16
-21
-19
-24
-16
-14
-19
-13
-19
-22
-22
-21
-12
-17
-26
-23
-17
-19
-17
-14
-10
-17
-25
-22
-9
-11
-23
-19
-13
-13
-13
-11
-14
-11
-14
-16
-13
-12
-13
-13
-8
-9
-8
-10
-5
-5
-11
-7
-8
-15
-9
-1
-3
-2
-5
4
2
-7
-1
4
-1
-11
-11
-3
2
-5
-5
3
0
-6
-5
0
7
-3
-5
4
1
0
-4
1
-1
-4
-10
-11
-9
-7
3
-5
-14
-7
-3
-7
-7
-12
-7
-6
-13
-2
-1
-5
-8
-7
-3
4
0
-1
-4
-8
-4
-8
6
14
7
-4
-9
-8
-1
7
3
6
5
-1
-2
4
4
5
2
-1
9
12
6
2
5
4
-6
-1
3
-5
-9
-9
-2
1
5
10
5
-5
-5
10
9
-1
-5
-1
-1
-17
-11
5
4
0
-4
9
9
-7
-1
20
15
-5
-3
2
3
-6
0
13
5
3
1
-3
3
4
12
17
12
12
14
13
15
20
14
14
20
22
20
8
14
22
21
24
30
27
17
17
26
36
35
39
35
22
17
31
41
33
30
37
44
29
25
45
48
35
33
46
45
29
22
38
43
31
34
37
32
19
21
36
42
38
34
31
24
26
34
37
35
38
27
12
10
23
32
16
21
32
21
8
7
22
21
14
21
21
14
-1
0
13
10
10
15
3
-7
-13
-7
0
-5
0
6
-11
-23
-13
-5
-10
-11
-6
-7
-25
-23
-8
-14
-24
-17
-9
-23
-31
-26
-14
-24
-26
-10
-15
-34
-37
-16
-13
-25
-21
-9
-23
-34
-20
-5
-8
-24
-9
2
-23
-26
-10
-6
-17
-22
-1
5
-16
-14
-1
-8
-15
-2
11
-4
-20
-8
6
-3
-10
2
7
-12
-15
1
1
-10
-7
-1
-6
-7
-3
4
-4
-9
5
4
-6
-9
7
2
-13
-4
10
-1
-12
6
20
5
-9
11
22
10
-4
16
22
1
-5
7
17
6
9
22
9
-8
0
7
8
3
5
11
-1
-9
-3
3
-6
-7
0
-5
-9
-14
-13
-13
-17
-10
3
2
-6
-11
-17
-19
-9
3
-1
-15
-15
-14
-19
-17
-5
1
-8
-17
-13
-8
-14
-10
4
3
-6
-10
-12
-8
-12
-11
1
2
-2
-13
-19
-13
-9
-9
-8
-6
-8
-21
-24
-17
-9
-11
-18
-6
-11
-24
-28
-20
-15
-16
-13
-2
-11
-32
-28
-16
-14
-22
-20
-16
-31
-47
-33
-21
-21
-29
-25
-18
-39
-39
-25
-14
-23
-23
-18
-26
-29
-32
-16
-9
-19
-22
-13
-21
-27
-17
-7
-3
-4
-4
-2
-5
-10
-2
-3
-1
1
-3
-4
-5
-2
1
1
5
10
6
-8
-3
9
9
11
19
25
0
-11
6
18
21
14
25
18
1
-3
14
35
19
14
23
24
9
5
32
40
25
19
37
36
11
10
34
40
27
31
50
42
13
25
49
47
35
38
53
39
19
38
56
50
46
51
52
31
20
42
51
44
40
45
39
12
22
45
42
26
24
37
19
2
17
39
32
18
24
31
20
3
14
32
21
10
16
23
3
