-7
-9
1
3
-5
-7
-5
-7
-6
-4
0
0
-2
-6
-3
1
-1
1
1
1
0
2
3
1
-2
-6
-2
1
1
1
0
0
3
7
4
4
6
7
10
4
2
-3
2
8
7
5
2
3
10
13
9
11
2
4
12
15
12
10
12
9
8
7
9
15
19
19
7
8
12
18
21
15
16
14
17
19
12
12
16
15
13
17
12
7
11
18
17
15
12
10
10
15
16
6
4
-2
5
6
7
4
2
3
2
-1
-5
-1
-7
-4
-8
-7
-3
-6
-2
-1
2
0
0
1
-2
-2
-4
-5
2
6
2
-1
0
-1
2
-2
0
-1
0
-1
2
2
-6
-6
-8
1
1
6
2
-4
2
3
3
-7
-2
-5
1
7
3
-1
-2
2
1
11
16
14
11
13
11
10
18
14
10
11
16
25
20
16
13
12
15
16
16
13
9
13
14
21
18
5
9
-2
-1
-1
2
7
-3
-1
0
6
0
-2
-4
-7
-3
-1
1
-1
-2
-5
-7
-4
1
-7
-8
-5
-1
7
9
9
-1
-7
-8
-7
2
-1
-1
-3
-6
-13
-14
-10
-11
-10
-16
-11
-12
-11
-15
-26
-21
-15
-9
-13
-14
-20
-21
-7
-6
-9
-15
-22
-22
-14
-6
-9
-16
-25
-20
-12
-12
-22
-26
-22
-24
-17
-14
-22
-27
-23
-26
-28
-32
-37
-34
-31
-31
-29
-32
-37
-31
-30
-34
-34
-31
-37
-36
-30
-29
-29
-29
-23
-32
-22
-18
-25
-16
-10
-16
-13
-4
-9
-11
-10
-8
-12
-6
-11
-6
-3
-3
-1
-8
-9
-8
-1
-6
-11
-13
-7
-3
-9
-11
-17
-15
-10
-14
-12
-6
-13
-11
-12
-15
-14
-20
-17
-15
-11
-2
-2
-6
-6
-11
-7
6
2
-1
1
0
-1
2
4
2
1
-3
-3
-1
-1
2
-2
-7
-7
-12
-3
-3
-6
-3
-13
-8
-8
-12
-18
-16
-16
-9
-5
-10
-9
-12
-2
1
3
1
7
6
4
9
8
6
-1
2
-6
-5
4
7
4
-3
0
4
2
1
-1
-6
-5
-8
-10
-16
-23
-29
-25
-21
-23
-20
-23
-22
-20
-16
-18
-23
-21
-22
-19
-20
-19
-20
-19
-16
-17
-11
-12
-7
-5
-11
-5
3
4
4
0
1
3
5
5
11
12
9
13
2
3
2
7
10
3
2
5
12
10
8
3
-2
-3
6
11
10
6
9
11
8
11
9
8
8
16
11
14
12
7
9
12
17
15
14
14
15
13
15
14
14
14
13
12
13
11
8
10
9
13
11
8
4
1
8
11
10
8
8
11
5
9
5
1
10
14
10
10
13
3
5
9
6
3
2
4
0
6
4
-4
-5
0
-1
-4
2
1
-3
-9
-13
-4
-2
-6
-5
-7
-2
-1
-5
-9
-11
-10
-9
-11
-14
-6
-3
-9
-6
-6
-2
-6
-6
1
-1
-4
3
0
-3
1
0
0
0
4
4
6
8
11
13
10
13
10
14
14
12
17
18
16
16
11
13
12
9
15
14
13
12
10
13
17
11
11
13
9
11
15
17
9
12
13
5
14
12
12
11
8
12
9
10
15
14
12
7
11
11
7
4
7
13
13
17
22
24
20
19
18
24
28
21
26
22
26
30
29
30
28
34
38
35
32
35
31
35
43
39
40
32
27
29
24
22
22
23
21
21
24
22
20
24
27
24
20
16
20
22
22
22
20
21
21
22
16
26
17
15
14
6
8
2
11
11
13
9
1
0
-1
0
-1
6
5
1
9
5
2
0
-9
-6
-2
0
2
3
-2
0
5
4
4
-6
-2
1
6
11
9
13
15
11
10
8
9
10
14
13
2
11
11
9
3
0
-1
-6
-1
3
1
-5
-4
-8
-7
-10
-9
-8
-9
-9
-7
-1
-12
-15
-11
-13
-9
-13
-14
-10
-8
-6
-1
-2
-8
-6
-5
2
10
7
0
-2
3
4
4
2
0
-1
-1
-2
-5
-1
1
3
-2
-3
3
-4
-4
0
-2
-5
-6
-2
-2
0
-4
-11
-10
-9
-8
-9
-11
-15
-6
-9
-14
-7
-1
-1
-1
0
-10
-8
-3
-2
-1
2
1
-1
3
-5
-6
-3
-6
-10
-5
-1
-2
-3
-9
-8
-8
-4
0
-3
-2
-7
-11
-10
-6
-3
2
-1
4
6
-1
-1
-3
2
-1
-4
-3
0
-1
-6
-1
-3
-5
-6
-6
-6
-4
-7
-5
4
-2
-3
-9
-14
-13
-12
-15
-17
-14
-7
-10
-15
-12
-22
-20
-17
-20
-19
-22
-18
-21
-16
-14
-13
-10
-11
-10
-11
-11
-7
-4
-6
-4
0
4
4
6
6
7
9
2
5
4
-4
-1
2
4
2
-8
-5
-5
-14
-8
-3
-2
-1
-2
-6
-4
-4
-8
-6
-5
-8
-6
-6
-7
-4
-7
-7
-5
-1
3
8
11
6
3
0
-2
-2
1
9
7
12
10
4
6
0
5
5
2
7
7
4
6
8
3
4
0
-1
-1
-4
-5
1
1
3
9
4
5
-2
-3
-2
-6
2
8
6
11
7
-1
5
7
7
2
5
5
12
15
9
11
3
8
7
4
5
-6
-3
5
5
3
-2
-9
-6
-6
-5
0
-2
-4
-4
-5
-3
-2
-9
-9
-9
-10
-3
-12
-8
-7
-8
-1
-3
1
-8
-9
-2
-1
-7
-8
-7
-10
-5
-3
-1
-2
-2
2
-6
-9
-8
-6
-5
-4
-6
-3
-2
-4
-7
-5
-7
-9
-6
-8
-8
-6
-1
2
-1
1
-5
0
10
8
12
11
9
11
19
23
18
26
26
21
25
20
22
27
25
21
23
25
19
24
30
24
18
23
15
18
19
16
20
14
12
10
10
3
0
-1
3
8
1
1
2
5
6
7
5
1
0
1
1
6
0
-3
4
3
9
-1
-12
-8
0
6
6
0
-3
-1
-1
8
4
1
5
-5
-4
1
-4
-2
-5
-9
-6
-2
-1
-5
-5
-5
-4
0
2
1
-1
-6
-6
-1
-4
0
0
-4
0
2
2
1
-2
-2
2
4
5
5
-1
0
2
1
3
-1
-7
-1
-6
-7
-8
-9
-11
-15
-20
-15
-7
-10
-13
-19
-17
-13
-12
-15
-15
-10
-16
-9
-8
-12
-10
-11
-14
-6
-4
0
1
-2
5
8
11
2
-2
1
6
10
7
6
2
5
7
3
3
4
1
3
-1
-1
1
-4
-9
-5
-5
-2
-3
-11
-10
-14
-10
-10
-10
-24
-19
-13
-14
-7
-10
-4
-9
-8
-4
-4
-7
-4
-7
-7
-9
-9
-6
-7
-1
-4
0
-1
1
4
3
4
5
5
7
3
-2
7
4
3
3
11
13
13
17
10
11
13
12
15
17
15
20
15
11
9
12
9
2
12
12
2
1
5
9
2
-1
1
1
9
7
1
6
5
4
6
3
2
-2
-2
3
-2
2
-3
-3
0
-2
2
-6
-8
-15
-14
-5
-1
-4
-6
-5
-2
6
3
4
3
8
6
4
4
0
0
-3
2
4
4
5
1
-5
-8
-10
-8
-6
-10
-7
-10
-9
-12
-11
-9
-15
-14
-17
-16
-17
-20
-14
-18
-19
-22
-20
-22
-17
-9
-16
-15
-16
-15
-14
-17
-16
-16
-10
-11
-11
-10
-12
-14
-10
-9
-5
-2
-1
2
3
0
4
5
8
13
15
19
16
21
24
26
24
26
28
23
25
25
22
26
27
27
32
34
32
28
27
25
21
20
17
18
21
23
22
19
18
18
15
13
8
5
3
2
-2
0
0
-5
-5
-9
-13
-18
-18
-16
-15
-16
-17
-18
-20
-21
-22
-18
-18
-17
-20
-21
-18
-20
-15
-10
-16
-15
-14
-19
-17
-13
-11
-12
-13
-15
-11
-9
-15
-7
-3
-6
1
2
-2
-1
-1
-3
0
2
0
2
4
6
1
0
-1
0
1
4
4
2
10
4
0
3
-6
-5
-6
-2
2
-3
-7
-3
-6
-5
3
-1
-2
1
2
0
2
4
2
6
1
-3
-1
-9
-12
-5
-8
-12
-12
-9
-7
-7
-5
-5
-4
-4
-5
-6
-7
-3
-1
-5
-11
-13
-13
-13
-12
-9
-12
-14
-19
-19
-15
-15
-11
-17
-17
-13
-15
-10
-10
-10
-5
-10
-18
-15
-11
-13
-13
-9
-14
-12
-10
-15
-13
-17
-13
-13
-8
-3
-11
-9
-10
-6
0
1
1
1
0
1
-1
0
2
1
2
3
7
7
4
5
7
7
8
3
7
11
4
8
12
12
10
12
10
7
9
10
8
6
11
7
6
10
7
10
11
14
8
8
8
6
6
0
7
8
6
5
5
5
4
2
2
0
-1
1
-1
3
-1
-2
1
2
2
2
3
5
4
-3
1
0
5
-3
-10
-11
-8
0
-9
-6
-9
-4
-3
-6
-2
-2
0
1
-2
-3
-1
-5
-4
0
1
-4
-5
-5
0
1
-1
-4
-8
-4
-5
-3
-3
-2
-2
-1
-1
-2
-6
-9
-7
-5
0
4
2
5
8
8
9
5
12
14
18
19
19
24
17
24
22
26
19
15
21
20
17
20
23
18
18
13
19
19
16
23
19
20
24
16
12
16
14
13
14
6
8
15
16
11
12
10
6
0
2
5
-1
0
-6
-3
-7
-9
-12
-17
-12
-9
-6
-10
-6
-6
-8
-12
-17
-17
-20
-13
-16
-21
-21
-28
-27
-29
-23
-22
-32
-26
-29
-26
-20
-17
-22
-24
-19
-19
-16
-15
-14
-13
-12
-12
-11
-11
-13
-12
-11
-10
-8
-9
-16
-18
-13
-15
-10
-11
-10
-11
-10
-7
-10
-10
-12
-10
-8
-2
0
-4
0
2
6
2
3
1
2
1
2
9
12
17
17
17
18
18
17
22
22
21
20
22
25
22
26
22
17
10
7
9
4
3
-5
-4
-1
-8
-8
-4
-4
-6
-11
-13
-17
-19
-22
-26
-21
-24
-26
-24
-25
-27
-22
-21
-17
-16
-23
-18
-20
-17
-12
-11
-13
-17
-16
-13
-13
-17
-11
-11
-12
-11
-7
-7
-6
-2
-5
-6
-1
-2
-7
-7
-5
-6
-3
1
-3
-2
-3
-6
2
0
5
11
9
1
5
8
3
1
8
10
7
12
11
8
6
8
6
7
8
6
8
8
12
14
12
3
-1
2
5
5
8
3
0
-2
0
2
-5
-1
-4
2
0
-3
4
-5
-9
-5
-9
-1
0
-4
-2
-4
1
10
15
13
17
18
17
17
21
19
16
19
17
20
20
22
20
18
16
20
20
17
18
16
17
12
11
13
7
6
7
7
14
13
10
8
7
6
6
13
10
11
11
5
1
-1
3
2
0
2
-2
-3
-6
-3
-3
-6
-7
-10
-10
-9
-6
-12
-16
-20
-21
-17
-20
-18
-22
-25
-21
-23
-17
-13
-11
-8
-14
-9
-8
-10
-5
-5
-8
-7
-3
-3
0
-4
-1
0
2
3
-1
6
3
6
5
7
4
0
7
3
2
-3
-7
-6
0
1
-3
-5
-7
-2
7
3
5
3
4
10
9
6
-1
2
-4
-3
0
-1
2
0
5
6
4
5
5
10
12
9
7
7
6
3
7
7
12
13
8
10
16
20
17
16
15
16
16
12
12
10
11
11
15
17
17
12
7
8
10
11
12
8
7
8
13
9
7
11
8
11
8
6
5
4
4
4
4
2
6
3
2
4
2
0
0
1
2
-4
-6
-2
-6
-8
-10
-7
-6
-7
-8
-7
-8
-4
-1
-3
-1
-3
-1
0
-3
-7
-4
0
1
6
0
4
5
4
9
7
8
3
4
7
13
12
5
3
1
11
9
6
1
-2
-2
-3
-1
-8
-10
-6
-4
-8
-4
-8
-11
-7
-8
-6
-7
-1
-5
-5
-4
-7
-10
-9
-2
-5
-5
-3
-4
-1
-4
-4
-1
-1
1
-1
3
5
2
-2
-1
0
2
3
-1
-6
0
4
6
10
3
5
7
4
6
10
12
5
3
3
4
4
2
0
-1
1
-7
-1
3
0
-4
-10
-14
-13
-15
-20
-17
-15
-17
-16
-13
-17
-16
-16
-21
-22
-21
-21
-18
-17
-20
-15
-15
-19
-15
-16
-25
-27
-23
-19
-22
-23
-20
-21
-16
-18
-22
-21
-22
-27
-23
-22
-20
-14
-20
-15
-12
-8
-4
-14
-9
-6
-8
-5
-3
-5
0
6
3
0
2
5
6
8
7
8
8
9
11
12
11
9
6
7
8
5
0
2
6
5
10
6
0
2
1
2
2
5
5
3
6
9
10
8
11
7
7
12
1
-4
4
1
2
3
4
14
8
4
6
-2
-1
7
11
5
3
1
4
6
11
15
6
-2
-2
-3
-4
-4
-1
2
-6
-9
-3
-3
-10
-6
-13
-17
-14
-15
-10
-13
-10
-19
-17
-18
-19
-16
-17
-17
-20
-16
-17
-18
-16
-14
-18
-13
-10
-17
-16
-16
-19
-17
-18
-19
-8
-9
-11
-10
-9
-15
-13
-8
-10
-7
-3
-6
-6
-7
-8
-11
-19
-11
-12
-9
-8
-16
-12
-6
-10
-8
-2
-8
-1
-2
2
2
1
2
1
1
2
2
-2
2
8
12
14
15
16
18
15
16
17
12
10
10
13
16
14
14
15
9
12
15
16
16
8
8
10
13
14
15
14
16
9
11
13
15
20
16
16
17
20
25
23
21
19
16
17
14
16
13
16
17
17
16
6
8
7
2
-6
-8
-4
-8
-6
-6
-10
-12
-17
-22
-19
-22
-21
-21
-21
-22
-27
-28
-29
-24
-24
-23
-22
-28
-23
-27
-20
-19
-29
-25
-24
-25
-23
-15
-15
-16
-16
-17
-18
-20
-17
-16
-16
-11
-12
-11
-13
-14
-9
-11
-6
-5
-4
-6
-9
-4
-4
-3
1
-2
0
-4
-3
2
1
4
-2
-4
-3
-3
3
6
-1
-2
4
4
6
-1
0
2
-1
5
4
5
3
0
8
3
7
7
5
3
-3
4
1
1
1
1
0
-5
-6
-6
-11
-11
-14
-14
-9
-13
-13
-12
-9
-8
-3
-6
-5
0
-5
-4
-7
-3
-1
5
2
2
9
11
10
8
11
10
14
10
8
8
10
10
8
7
7
9
13
14
14
17
14
13
12
18
16
13
9
9
15
13
13
16
17
18
26
24
22
19
20
18
17
19
19
18
21
24
20
22
15
21
20
20
21
16
17
19
27
22
19
16
13
19
15
16
22
16
17
16
9
6
13
11
14
18
17
24
23
25
15
15
19
21
27
27
30
20
19
17
17
18
15
19
18
19
17
20
20
17
16
10
12
9
13
10
9
8
-5
-6
-4
1
0
4
4
2
6
3
4
-1
-5
-8
-7
-1
-6
-2
-2
-4
-1
-3
5
-1
2
3
2
8
9
10
10
13
10
14
13
7
5
3
0
4
9
5
6
3
2
2
0
-1
-3
0
1
0
4
5
2
5
5
0
5
5
2
1
2
9
11
11
11
12
10
10
6
7
4
5
9
9
12
11
15
7
10
8
4
6
9
5
10
14
10
10
13
15
8
8
6
9
12
10
6
6
5
2
5
7
9
8
7
7
8
11
12
4
8
5
5
10
10
12
8
11
9
7
9
11
4
2
2
0
0
-1
-4
-8
-5
-12
-15
-11
-9
-5
-9
-10
-10
-10
-11
-11
-11
-14
-7
-6
-7
-13
-13
-13
-15
-15
-17
-17
-17
-13
-13
-13
-17
-19
-14
-14
-15
-15
-19
-16
-15
-14
-12
-15
-14
-15
-19
-24
-24
-25
-23
-17
-14
-11
-17
-14
-17
-21
-16
-18
-21
-21
-20
-22
-21
-22
-25
-21
-23
-26
-27
-26
-24
-26
-24
-25
-25
-26
-23
-25
-23
-21
-24
-16
-20
-15
-16
-16
-14
-12
-11
-18
-12
-13
-13
-11
-17
-21
-14
-11
-13
-7
-3
-6
-4
-6
-1
-2
-11
-11
-12
-5
-6
-4
-3
-3
7
4
2
4
3
3
8
11
7
7
12
10
7
12
10
10
10
7
7
3
7
6
9
12
10
11
13
12
9
13
9
8
10
9
4
6
8
2
8
2
1
-4
-12
-9
-8
-3
-6
-9
-10
-9
-15
-16
-17
-20
-18
-19
-14
-20
-19
-21
-21
-24
-24
-26
-28
-22
-26
-21
-23
-24
-26
-26
-23
-27
-28
-29
-24
-22
-25
-22
-27
-32
-26
-23
-20
-28
-24
-17
-18
-9
-13
-15
-13
-11
-13
-12
-10
-12
-15
-6
-10
-9
-2
-8
-6
-4
-2
-6
-6
-1
-5
1
-2
-6
2
-1
-3
-1
2
-2
2
3
-4
8
9
7
7
9
10
10
10
14
18
13
14
10
13
12
7
6
0
-1
-4
4
4
9
13
11
17
11
8
13
10
10
13
11
7
9
8
5
9
15
14
16
15
13
12
12
11
13
9
10
9
8
11
3
10
11
9
9
11
15
16
17
22
18
18
26
16
18
14
15
25
26
26
19
21
22
17
20
19
19
21
22
21
19
22
17
13
9
1
3
3
5
3
3
7
6
10
3
7
12
11
8
16
24
20
21
22
23
21
23
24
27
26
24
29
26
30
32
33
31
30
33
27
31
31
33
33
26
26
26
25
24
26
27
26
25
21
23
24
21
22
29
25
23
20
20
18
15
17
12
13
13
14
16
15
19
12
13
7
1
5
6
14
13
11
9
7
10
10
6
1
-1
3
5
-3
-4
-4
-3
-7
-17
-15
-15
-16
-12
-15
-17
-18
-15
-15
-12
-14
-16
-16
-20
-18
-18
-17
-18
-17
-13
-8
-6
-5
-5
-10
-8
-9
-11
-3
-7
-6
-6
-9
-13
-17
-13
-12
-13
-11
-11
-13
-8
-7
-10
-17
-16
-11
-13
-8
-15
-16
-14
-15
-11
-18
-14
-15
-16
-11
-11
-8
-11
-13
-9
-4
-5
-5
2
4
0
0
-1
-5
-3
-6
-9
-17
-13
-8
-11
-12
-11
-11
-14
-20
-21
-23
-20
-20
-22
-21
-22
-20
-20
-20
-25
-27
-23
-25
-24
-21
-20
-15
-15
-16
-9
-5
-5
-2
-2
-1
4
1
0
7
3
3
1
4
6
0
9
12
8
7
7
4
10
13
10
13
7
6
9
3
5
8
2
4
1
-3
0
-3
-2
1
0
-3
-3
-2
-2
0
0
7
7
5
3
6
9
8
14
7
11
5
-2
4
-3
2
2
1
1
6
2
-2
-3
-3
-8
-9
-7
-11
-12
-13
-9
-17
-12
-16
-22
-21
-27
-27
-27
-26
-26
-16
-20
-12
-12
-19
-15
-18
-19
-19
-17
-19
-17
-20
-18
-16
-15
-16
-15
-9
-14
-10
-14
-20
-25
-28
-26
-29
-24
-28
-28
-32
-32
-24
-28
-29
-27
-23
-23
-27
-28
-31
-27
-23
-24
-21
-19
-20
-21
-14
-13
-20
-14
-13
-13
-12
-10
-8
-5
-8
-5
-1
-2
-4
-3
0
-2
-6
-11
-12
-9
-7
-11
-7
-10
-10
-12
-9
-3
-12
-9
-12
-9
-13
-19
-15
-13
-4
-7
-5
-7
1
3
-1
-2
-4
0
3
4
1
-4
-3
-4
-5
3
-3
-2
1
1
0
-1
3
-4
-2
0
1
-1
-1
-2
1
-1
-3
-4
-5
-5
-10
-6
-9
-7
-9
-6
-3
-8
-7
-6
-6
-1
-1
-6
-2
-10
-7
1
-4
-7
-5
-7
-7
-6
-11
-10
-9
-5
-11
-17
-14
-9
-8
-10
-5
-13
-14
-11
-3
1
-3
-5
-1
-3
-7
-3
-1
-1
0
6
2
2
3
4
9
8
14
17
16
15
17
18
21
22
23
23
22
23
28
31
24
24
25
27
30
23
19
20
20
25
14
17
20
18
22
19
20
22
17
16
24
22
17
19
18
18
19
17
17
17
18
18
16
22
25
21
19
16
17
19
27
20
14
14
18
18
18
21
13
4
-2
12
21
13
8
7
12
5
4
3
3
5
-1
5
10
13
10
1
-5
-2
12
0
-3
4
2
4
-2
1
5
1
-9
-11
1
6
8
-4
-11
6
0
-15
-15
-13
-10
-9
-9
-11
-15
-27
-22
-7
-4
-7
-25
-28
-9
5
0
-10
-20
-23
-14
-7
-10
-9
-17
-19
-3
-9
-17
-11
-17
-22
-4
-3
-20
-19
-9
10
3
-21
-19
-5
-6
-21
-17
-5
-8
-21
-22
-6
-4
-10
-11
-17
-3
4
-34
-24
19
3
-15
-15
-24
4
16
-16
-18
-21
-18
11
13
-12
-8
-3
-19
5
16
-1
-3
-17
-28
22
24
-20
-12
-27
-16
16
7
2
1
-9
0
40
15
-23
-2
15
23
18
-2
-7
9
3
7
23
3
-6
-4
-9
4
21
-15
-24
-13
-11
21
13
-14
-20
10
-3
-41
-12
11
29
16
-50
-27
36
-11
-36
-4
-4
24
23
-26
-23
5
4
-23
0
36
15
-37
-50
27
-10
-7
85
-79
-95
39
-34
-14
109
198
58
-521
-789
496
1587
-83
-1621
-697
857
1291
-43
-1234
-602
606
477
61
91
-563
-393
458
382
-152
-449
-170
476
490
-472
-672
218
571
182
-398
-464
192
466
37
-288
-196
74
218
32
-170
-75
23
107
79
-151
-139
71
110
28
-66
-184
-5
269
24
-210
-135
48
227
63
-206
-173
130
168
-31
-130
-98
137
140
-68
-135
-19
145
84
-75
-109
10
110
47
-47
-56
8
65
19
-59
-9
46
31
-16
-36
20
17
17
0
-32
-10
21
-4
-8
15
-28
4
12
-13
-20
27
40
-27
-17
16
40
18
2
-15
-7
25
11
35
48
3
-50
-15
53
28
-9
-9
1
37
7
-34
16
33
-6
-49
-22
39
16
-7
10
-15
-48
-17
-25
18
59
-62
-82
2
53
13
-52
-26
3
28
-9
-20
7
-32
-7
9
11
11
-18
-17
4
29
3
-18
-12
12
57
32
-20
-10
-1
0
30
21
-3
2
-16
-27
1
4
-18
9
-4
-40
45
43
-53
-29
-23
-16
29
12
1
4
8
-26
0
33
-3
16
-5
20
27
17
37
-24
5
32
25
24
-2
-1
7
28
12
15
27
-5
-1
16
21
26
-14
-14
31
30
-11
6
44
7
-10
-24
5
53
36
1
-50
-12
68
71
-6
-63
-30
52
70
-1
2
31
7
-15
4
24
26
3
-42
3
71
47
-14
-66
-35
44
37
-24
-16
21
20
30
-26
-49
10
10
11
-7
-13
5
-13
-8
8
2
-3
-21
-13
27
56
-7
-59
17
35
24
2
-17
34
37
-12
-5
33
-5
3
25
-2
16
25
5
-14
7
29
22
-28
-46
50
69
-2
-26
5
9
-16
9
27
19
-19
-17
43
28
-14
-26
-13
39
32
-22
-28
10
32
-12
-24
-9
13
11
-35
7
39
1
-37
-12
35
17
8
5
12
17
-3
-9
-3
17
21
-13
-21
7
27
21
-17
-27
8
5
-12
-7
19
6
-10
10
-9
1
2
-15
11
8
-17
-31
-7
23
31
-2
-47
-16
29
11
-23
-26
-1
17
1
-8
-5
0
12
11
-14
-16
-2
-7
7
4
-4
5
-13
-9
27
31
-2
-28
-18
29
44
12
-9
-13
4
27
17
-6
-15
4
32
19
-24
-14
20
14
-8
-27
-15
20
15
1
-1
-19
-5
21
21
7
-8
-17
-14
6
-3
-17
-2
4
3
-3
3
4
-2
-1
0
4
-1
-1
7
9
9
-8
-6
3
-6
11
5
-6
14
11
-9
-13
13
20
13
-5
-6
30
23
0
-7
-8
-3
7
16
0
-11
-9
1
17
-14
-37
-3
17
2
-31
-32
9
11
-33
-42
-11
12
-9
-42
-39
-2
3
-34
-36
-26
-5
1
-28
-25
2
0
-32
-41
-11
11
-7
-28
-25
-9
-12
-14
-15
-30
-21
-14
-19
-17
-15
-17
-20
-25
-13
-7
-12
-26
-19
-6
-17
-10
-16
-17
-17
-10
-5
-21
-24
-5
4
-21
-29
-17
-4
-12
-25
-33
-23
-4
-3
-8
-37
-32
0
8
-14
-32
-14
5
7
-11
-29
-20
1
8
-8
-27
-12
2
-14
-24
-11
-2
-19
-21
-2
-7
-22
-23
-9
-6
-10
-6
-3
-13
-11
7
1
-24
-21
2
7
-8
-15
0
-2
-15
-9
-9
-18
-11
4
-3
-17
-18
5
4
-29
-23
0
-7
-23
-28
-14
6
8
-14
-31
-17
14
14
-21
-35
-1
25
-1
-13
3
16
9
8
17
16
15
20
30
17
26
34
17
9
34
53
23
3
23
47
28
13
20
24
25
21
25
18
15
12
13
6
8
17
14
0
0
15
16
2
-4
5
-2
8
17
11
-12
-15
8
20
2
-18
-7
-2
-2
-7
5
-1
-11
15
14
-19
-19
2
14
10
5
4
-7
-2
4
14
-2
-22
-14
-4
-4
-4
-10
-6
6
-4
-28
-37
-18
5
12
-7
-16
-8
-5
-22
1
13
-1
9
17
11
-12
-4
22
21
0
16
39
30
3
11
23
4
22
19
0
-5
5
35
48
26
-1
-15
-11
9
35
30
12
19
20
11
0
-13
9
30
21
12
13
-5
-6
25
23
28
30
16
29
11
-24
1
45
60
9
12
23
22
51
23
2
3
28
31
36
9
16
49
38
23
-4
-3
-6
4
53
55
-31
-33
46
63
-20
-42
7
19
29
19
-44
-34
-19
-9
-5
-20
8
25
4
-92
-18
4
-17
-25
-4
53
-29
-49
-18
39
-35
-69
65
93
-97
-58
43
56
27
-129
-8
17
30
-22
34
74
-120
11
12
53
-8
-42
-2
-27
16
-72
10
24
50
23
34
15
55
9
-57
-109
-241
82
266
245
-69
-198
109
152
28
-120
-186
-74
-113
170
204
97
161
-91
30
-36
-63
-92
-243
-614
-362
1178
1375
-212
-476
-392
-839
-1061
-85
1264
815
232
-625
612
1027
-848
-1738
-777
260
-387
474
1515
1599
237
-968
-1165
-759
-660
-731
288
1284
1171
281
169
54
-372
-1258
-964
-150
389
420
450
740
537
99
-562
-494
-502
-538
-415
84
584
668
484
327
-26
-290
-748
-721
-337
-31
362
247
543
527
410
-255
-524
-497
-464
-265
-54
353
519
554
263
91
-245
-314
-489
-310
-77
164
287
281
434
256
-4
-293
-298
-305
-133
-67
84
293
344
256
133
-75
-251
-333
-216
-101
-28
234
262
247
99
53
-113
-270
-299
-151
-55
20
186
224
195
47
-13
-80
-151
-240
-122
14
131
98
139
204
50
-38
-112
-132
-138
-83
43
119
54
65
80
-21
-76
-92
-96
-130
-75
84
42
18
30
36
-19
-85
-94
-52
0
-94
-28
81
87
1
15
6
-57
-82
-13
33
5
-10
-12
50
4
11
-1
-17
-15
71
64
-39
-63
-54
-42
-25
47
101
110
25
14
-19
-108
-89
-21
1
6
77
136
66
1
-87
-24
11
-80
-103
-55
105
78
105
129
24
-117
-118
-12
-5
-9
-28
16
98
124
45
-60
-117
-90
-59
43
93
67
49
20
-45
-92
11
1
-62
-86
2
163
94
50
-1
-89
-33
-55
-33
-51
-86
-16
8
81
107
119
173
113
-112
-292
-231
-70
116
110
37
17
-29
202
363
158
-153
-303
-277
-105
95
181
76
-34
-98
16
343
194
7
-79
-287
-327
-96
198
225
-39
-122
118
158
74
16
-6
-156
-215
-22
94
-12
-111
-10
115
160
91
27
-88
-134
-40
-30
-65
-57
30
253
153
-25
61
-26
-146
-126
-73
-4
102
93
137
135
90
72
-69
-190
-149
43
105
55
58
163
79
72
155
-6
-192
-194
-5
71
99
53
136
216
65
-137
-201
-5
13
-102
-51
201
245
86
62
-48
-139
-120
-71
145
90
21
66
95
191
-14
-16
-96
-109
101
94
131
101
24
81
-209
-600
179
1228
-25
-932
517
255
-253
-223
-389
476
129
-656
437
1035
-307
-272
94
-469
-3
-97
-496
755
653
-416
-50
15
103
-6
-503
-160
543
0
-272
353
183
31
-154
-351
174
213
-185
48
190
96
-84
-41
83
65
-2
-131
4
159
-8
-96
-21
-78
74
131
-11
-26
56
-159
-104
-49
-184
77
9
-112
150
182
-21
-40
-111
-17
-109
-266
-14
133
62
101
132
43
30
-43
-92
-66
-30
-57
40
91
117
150
58
-43
-11
-36
-72
-28
14
104
10
24
100
106
-88
-122
-3
-9
-77
-57
104
101
14
-125
-54
43
-52
-122
-70
-15
38
-79
-57
139
-33
-104
-24
1
78
-12
-126
-30
12
11
-11
39
150
106
-56
-63
25
52
-14
-111
22
154
115
6
40
42
42
-52
-142
41
32
-14
42
-14
4
88
3
-12
34
-47
-106
-48
-52
-28
-5
-39
35
38
17
29
-57
-91
-7
-67
-119
30
157
6
-81
30
73
8
-127
-83
41
46
-33
89
159
-33
-70
6
-54
-84
-5
-27
39
83
65
49
-54
-38
-50
-73
-103
-81
47
39
24
-10
-15
4
-15
-50
-93
-45
-44
-87
7
75
-10
41
-23
-54
54
11
-17
-26
13
-27
50
77
-3
38
11
15
27
5
-32
20
43
-33
-1
99
19
-52
13
13
-41
-89
-1
8
-63
-54
25
96
-67
-103
-2
-81
-85
-23
-68
-104
31
58
-67
-9
49
-11
-87
-92
-27
24
-81
-37
118
22
-24
12
64
-1
-66
-92
-46
48
45
95
41
22
29
-22
-31
-29
-32
-10
38
-6
28
103
36
-38
-15
21
-17
-71
-83
-39
4
25
5
26
51
-22
-17
-2
-18
-94
-102
-17
15
20
3
90
66
-2
-20
-29
-14
-52
-18
6
-11
14
52
48
33
6
17
19
-21
-65
-45
0
-52
10
54
37
29
-33
-28
-51
-79
-87
-73
-36
-40
-3
41
41
11
-49
-104
-98
-78
-89
-29
45
5
-6
72
55
-12
-60
-64
-24
-70
-56
16
23
28
46
81
33
-7
-27
-43
-55
-70
-3
19
11
64
105
51
19
0
-20
-37
-76
-57
-28
21
70
89
63
32
34
7
-52
-52
-30
-23
4
41
95
103
50
30
71
16
-53
-29
1
29
40
58
105
94
30
-8
-14
-40
-26
21
29
62
60
62
5
-15
-6
-41
-51
-24
44
54
96
72
33
10
-48
-86
-89
-43
-18
-2
22
81
103
65
29
35
25
-23
-72
-27
15
0
36
82
115
59
16
27
28
-21
-62
24
3
-31
16
41
48
-12
45
32
23
-9
-22
27
-35
2
-38
-5
-5
5
29
41
115
48
36
0
-33
-64
-66
-45
-50
-12
55
76
74
128
146
56
-15
-11
-62
-101
-82
-26
47
91
83
89
86
23
-69
-100
-84
-49
-30
8
100
87
45
14
-30
-84
-101
-128
-88
-23
25
98
93
76
56
42
-41
-58
-75
-109
-73
-51
35
69
84
78
46
-15
-79
-74
-105
-49
-15
26
80
122
127
66
74
-25
-64
-117
-62
-59
-68
30
19
83
-5
58
59
56
24
-23
43
-69
-75
-115
-94
-66
7
93
151
221
181
110
56
-68
-189
-216
-272
-191
-144
22
122
185
274
213
183
-61
-93
-163
-255
-265
-237
-41
-50
58
102
134
123
28
41
14
10
-79
-94
-62
-103
-141
-121
-66
22
71
155
243
229
199
91
-39
-217
-295
-334
-345
-282
-173
-4
120
205
292
326
238
141
48
-18
-134
-202
-210
-112
-35
-20
68
114
81
-3
-46
-134
-164
-221
-202
-191
-132
-77
-14
153
155
295
252
225
127
14
-106
-294
-295
-380
-212
-96
52
180
269
219
28
-84
-310
-428
-560
-422
-266
21
216
410
588
453
383
122
-17
-315
-357
-367
-342
-126
-7
206
209
208
42
-22
-142
-153
-76
114
259
355
431
293
228
-155
-253
-494
-488
-425
-241
165
259
637
601
669
393
123
-57
-354
-346
-416
-117
1
196
353
413
400
173
16
-185
-302
-394
-337
-236
-70
9
129
148
205
217
165
256
166
189
12
-13
-202
-273
-213
-211
42
80
282
224
228
51
-121
-216
-496
-465
-481
-376
-313
-138
29
72
238
333
460
518
382
245
8
-259
-506
-627
-560
-515
-260
-38
196
390
329
298
181
96
-54
-113
-55
-114
-69
-129
-34
1
42
99
69
74
-83
-27
-124
3
136
338
547
622
778
471
318
-148
-421
-633
-743
-450
-290
240
376
636
640
470
349
-74
-116
-337
-293
-227
-114
155
156
267
211
108
-13
-331
-358
-489
-405
-174
-35
296
160
212
-215
-523
-833
-1175
-1024
-976
-303
119
778
1053
1093
960
338
-3
-520
-645
-783
-677
-374
-168
182
166
213
67
-218
-374
-592
-410
-447
-217
-26
159
521
538
849
752
719
563
338
404
164
297
180
171
257
75
367
161
433
348
375
517
300
592
195
474
246
468
573
600
916
788
1109
757
825
479
349
174
46
172
183
431
399
553
408
192
-137
-461
-765
-1098
-1261
-1255
-1171
-1040
-971
-881
-830
-806
-838
-925
-965
-953
-972
-943
-1027
-1167
-1292
-1556
-1374
-1365
-789
-626
-236
-120
-306
-219
-842
-710
-1388
-1232
-1469
-1284
-857
-895
-307
-663
-125
-366
58
315
448
741
433
789
620
1102
1304
1685
2016
2110
2191
1866
1549
1006
444
-120
-511
-693
-480
-200
456
843
1306
1401
1432
1513
1260
1377
1081
1226
1092
1296
1853
2644
3823
4158
4051
3077
1793
515
-720
-1165
-1395
-1002
-369
357
1483
1975
2539
2134
1498
395
-851
-1430
-2112
-1811
-1880
-1429
-1261
-1117
-967
-1254
-1147
-1647
-1849
-2512
-2983
-3332
-3466
-3099
-2734
-2083
-1904
-1765
-2080
-2384
-2726
-3070
-3355
-3669
-3648
-3765
-3523
-3231
-2496
-1771
-932
-186
419
917
1099
1619
2187
3232
3856
4426
4358
3943
3202
2104
1337
270
-419
-1319
-1621
-1449
-790
398
1305
2194
2379
2279
2077
1803
1975
1926
2130
2024
1864
1850
1594
1775
1430
1169
273
-747
-1778
-2791
-3182
-3453
-2988
-2640
-2113
-1603
-860
0
759
1495
1818
1884
1455
1080
945
1424
2225
3057
3759
3897
3721
2817
1679
450
-730
-1523
-2179
-1978
-1455
-313
962
1838
2661
2430
2117
1277
746
501
191
472
84
251
-170
-337
-519
-988
-1270
-2159
-2622
-3534
-3837
-3959
-3525
-2991
-2441
-2061
-1636
-1338
-1342
-1006
-1233
-1025
-1784
-1972
-2725
-3144
-3245
-3573
-2999
-3281
-2772
-2816
-2330
-1741
-1439
-949
-1253
-1083
-1127
-811
-32
666
1595
2008
2591
3173
3835
4326
4218
3949
3059
2088
878
10
-699
-1115
-1369
-1315
-644
102
1121
1811
2349
2508
2397
2237
2076
2163
2444
3160
4428
5780
6605
6784
5583
4050
1838
-360
-1934
-3564
-3257
-3483
-1580
-269
1643
3556
3520
4753
2937
3452
1711
1598
821
-548
-355
-2336
-1441
-2960
-2093
-2769
-2641
-2729
-3497
-3248
-4239
-3628
-4150
-3386
-3654
-3085
-2987
-2317
-1766
-1389
-524
-789
-700
-2114
-2446
-3416
-3908
-4210
-4928
-4663
-5770
-5745
-6132
-5575
-4215
-3443
-764
1350
5982
9253
11538
12426
11074
9732
5281
2189
-1270
-2945
-4073
-4702
-3110
-1783
361
1292
1999
1818
587
-651
-1870
-2385
-2307
-1865
-525
1251
3419
5493
6689
7422
6764
5111
2534
-503
-2950
-5485
-6852
-7701
-7439
-6261
-4945
-2746
-1065
1117
2139
2787
2836
2327
2312
2342
3753
4652
5510
5811
5659
5384
3931
2732
859
-759
-2060
-3202
-2714
-2216
-248
1232
2657
3925
4168
4905
4232
4103
3099
2109
1221
96
-138
-456
-127
106
-8
-395
-1321
-2467
-3422
-4511
-4962
-5588
-5809
-5599
-5348
-4350
-3693
-2464
-1682
-1326
-1306
-2202
-2789
-3681
-4172
-4572
-4739
-4610
-4725
-4827
-4807
-4624
-4590
-4569
-4822
-3951
-2985
-1200
580
3467
7700
10422
11686
10592
9950
7924
4682
1588
-630
-1999
-3667
-4114
-2964
-1249
83
1211
1548
1619
391
-34
-471
-284
393
686
1975
2749
4744
5942
6727
6906
5872
4004
671
-2341
-4868
-6817
-7807
-7583
-6006
-4035
-2482
-237
2102
4340
5554
5815
6166
5632
5206
4312
3974
4038
3287
2851
1903
1732
1233
524
414
-303
-630
-1924
-2454
-2324
-1963
-728
-106
1279
2096
2797
3295
2926
2986
2024
1133
-258
-1810
-2714
-3891
-4091
-4317
-4269
-4220
-4717
-4593
-4785
-4789
-4841
-5057
-4653
-5002
-4634
-4130
-3224
-2151
-1892
-1507
-2622
-3700
-5354
-6402
-7142
-7354
-6249
-4641
-1693
2197
7866
11922
13534
12561
10808
7933
3278
-833
-3724
-4824
-5850
-5321
-2989
71
2587
4137
4667
4119
2184
39
-1938
-3112
-3285
-3497
-2276
-426
3034
5914
8119
9735
9519
7906
4303
990
-2280
-5274
-7346
-8390
-7756
-6424
-4214
-1061
2315
5694
7716
9026
9573
8990
7310
4956
3445
2137
854
-183
-526
-221
7
167
686
850
732
21
-320
-79
292
1171
1652
2498
2535
2196
1678
993
509
-661
-1702
-2908
-3865
-4536
-4931
-4694
-4440
-4132
-3931
-3759
-3631
-3574
-3414
-3085
-2931
-3046
-3251
-3405
-3271
-3339
-3288
-3431
-3551
-3968
-4558
-5064
-5797
-6700
-7614
-8161
-8499
-7782
-6302
-3223
1083
7261
13317
16849
17753
16435
14477
10021
4565
-443
-4104
-6749
-8335
-7408
-4503
-1323
1211
2590
3104
2501
748
-519
-2093
-2729
-3638
-3610
-2184
243
3850
6690
9572
10776
10301
7982
4417
873
-2836
-6218
-8856
-10459
-10595
-9428
-6608
-2570
1475
5393
8472
11515
13020
12795
11076
8557
5850
2621
64
-1923
-2327
-2305
-1329
155
1858
2977
2919
2799
1677
1170
209
173
225
274
736
764
1617
1681
2257
1810
890
-459
-2239
-3530
-5000
-5647
-6209
-6191
-6100
-5797
-5284
-4735
-4228
-4032
-3923
-3765
-3715
-3822
-3908
-3718
-3341
-3054
-3225
-3964
-4210
-4508
-4581
-5593
-6656
-7969
-9477
-10476
-10901
-9109
-6780
-2012
4724
12435
17944
19866
20026
18069
14110
7616
1616
-3112
-6712
-9043
-8446
-5230
-1402
1463
3166
4203
3805
2380
177
-1513
-3316
-4796
-5620
-4464
-1271
2870
7136
10936
13724
13785
11880
8368
4222
-729
-5894
-10358
-13364
-14422
-13354
-9960
-5067
291
5144
9191
12256
14889
15462
13902
11266
7609
4168
617
-1434
-2216
-2116
-1168
-1007
717
992
1427
882
-535
-932
-2449
-2126
-2637
-592
743
1983
3464
3708
4882
3652
3087
1254
-181
-2417
-4734
-5903
-7491
-7757
-7963
-7191
-6097
-5044
-3960
-3448
-2965
-2661
-2559
-2226
-2667
-2738
-3367
-3667
-3454
-3776
-3655
-3965
-3792
-4143
-4534
-4838
-5824
-7119
-9101
-10771
-11244
-10679
-8392
-4690
1818
10483
17241
20265
20012
19250
15871
9673
2991
-2385
-6368
-10102
-10741
-8014
-3720
-423
1919
3661
3870
2739
1037
-91
-1183
-2690
-4121
-3640
-1100
2664
6749
10661
13542
14014
12275
9046
5574
1174
-3638
-7792
-10894
-12517
-12240
-9312
-4858
142
4843
8989
12521
14327
13978
12254
9284
5903
2594
-330
-1839
-1969
-458
857
2872
4124
3869
2970
413
-1234
-3311
-4109
-4674
-4013
-2280
-945
1876
3450
5604
6064
5490
3827
1377
-1089
-4144
-5600
-7113
-7902
-8179
-7706
-6572
-5358
-4030
-2710
-1999
-1920
-2414
-2536
-3139
-3941
-4474
-5157
-5008
-5202
-4557
-4090
-3078
-2553
-2383
-2276
-3190
-4287
-6066
-7274
-8699
-10077
-11287
-11505
-10106
-7419
-2200
5890
14806
21271
23424
22626
19587
14494
7299
-242
-6385
-11291
-13757
-13134
-8857
-3572
980
3611
5105
5497
4568
3251
1635
-147
-2897
-4622
-4491
-1574
2815
7720
12220
14813
15132
13084
9873
5548
679
-4658
-9818
-13600
-15225
-14088
-10286
-4395
2600
8833
12939
14366
14196
12499
9342
5526
1558
-1219
-3085
-2760
-547
2882
5568
6354
5981
3647
1114
-1767
-3701
-4926
-5526
-5242
-4563
-2218
290
3242
4926
5414
4695
2795
737
-1465
-2897
-4191
-4654
-5120
-5345
-5094
-4191
-2979
-2112
-1651
-1747
-2319
-3422
-4281
-4859
-5129
-5373
-5423
-5490
-4996
-4123
-2976
-1735
-802
-360
-893
-2171
-3651
-4590
-5574
-6813
-8024
-9062
-9805
-9780
-9475
-8354
-6968
-4756
-1257
3315
8834
13914
18213
18839
17509
14522
10492
6208
1258
-2176
-5121
-6090
-6158
-4229
-1429
252
2011
2160
2338
1476
494
-524
-1426
-1769
-2321
-765
1754
5278
8792
11466
12798
12180
10201
6998
3186
-1087
-5214
-8604
-11085
-12071
-10785
-8106
-4041
837
5961
9731
11570
12657
12602
11577
8936
5919
3043
272
-1699
-2663
-1878
-1310
-1072
-1185
-1787
-2088
-2820
-2828
-2800
-2398
-2271
-1886
-436
874
2903
4155
4903
4735
3823
2743
1458
216
-1657
-3473
-5217
-6611
-6831
-6408
-5561
-4680
-4204
-3921
-4319
-4619
-4902
-4518
-4037
-3399
-2349
-1468
-131
530
1005
762
174
-1382
-3970
-6440
-8402
-9005
-10185
-11246
-12244
-13250
-13914
-13784
-11542
-8328
-4030
591
7731
16248
22712
25522
24793
22697
17947
11530
3889
-1542
-5835
-9420
-10217
-8465
-4902
-3033
-947
159
1083
733
-132
-131
-1218
-1954
-2611
-1334
1234
5260
9654
12947
15267
15577
13738
10238
5672
445
-5504
-11329
-15198
-17014
-16002
-13099
-8106
-2845
1787
6147
8874
11139
12396
13458
12925
11330
9524
7051
5400
3584
2477
680
-1932
-4345
-5925
-6325
-6548
-5411
-4425
-3439
-2154
-521
1915
4195
6137
6721
6476
5370
4372
3655
2635
1843
656
-947
-2783
-4359
-5608
-6442
-6963
-7364
-7734
-7632
-7189
-5973
-4277
-2484
-811
-226
50
-163
-142
-187
300
444
-1249
-3184
-4775
-5939
-6449
-6363
-6883
-8158
-9464
-10058
-10044
-10234
-11194
-11389
-12160
-12818
-10355
-4765
2425
10848
19601
25886
28950
27468
24168
18637
11043
1117
-7592
-14055
-17947
-16683
-13776
-7594
-2752
1763
4353
6243
7572
6482
5507
1784
-890
-3675
-4142
-2092
1618
6302
9743
12359
13023
12347
10271
6373
1147
-4748
-11090
-15466
-17842
-16788
-13678
-8818
-3300
1764
7128
11075
15444
17988
18149
16231
12350
8386
4567
1765
-640
-2581
-3913
-5459
-5048
-4285
-3152
-1897
-2244
-2443
-3192
-2407
-1130
1360
3641
4816
6131
5827
6187
5676
5010
3905
1887
-192
-2405
-3315
-4139
-4457
-4802
-5458
-5810
-6425
-6189
-5905
-5783
-5432
-5199
-4611
-4180
-3211
-1512
487
1588
1362
1253
1120
839
295
-916
-2556
-5299
-8147
-10023
-11271
-12221
-13452
-14176
-14976
-14838
-13262
-10071
-4974
821
7640
15135
22639
27416
27587
25110
20530
13377
3911
-4986
-10454
-14154
-15412
-14086
-9769
-5850
-3073
490
2819
4455
3850
3328
1743
277
-431
173
2881
5911
10161
12844
14552
14695
13688
10433
5518
-375
-6940
-12867
-17263
-18773
-18150
-15106
-10798
-5359
-56
5587
10509
14375
17023
18083
17686
15158
12020
8860
6040
2821
-24
-2711
-5329
-6976
-7639
-7413
-6636
-6179
-5860
-5206
-3704
-1236
1870
4952
7486
9255
9328
9226
9106
8634
7317
5222
2556
-312
-2762
-4964
-6453
-7696
-8917
-10034
-10599
-10254
-9023
-7604
-6384
-5220
-3913
-2784
-1378
431
1999
2656
2074
1071
582
562
-354
-1967
-3974
-6546
-9246
-11369
-12490
-13426
-14594
-15675
-15652
-14330
-13252
-12067
-10743
-6981
-668
7392
16409
24212
29634
29272
26548
21589
14846
5165
-5579
-13118
-18548
-19110
-16587
-9961
-3913
572
4652
7433
10040
10158
9619
6387
2011
-1732
-3464
-2039
924
5058
8378
10481
11863
12385
11508
8616
3739
-2529
-9761
-15145
-18177
-18286
-15779
-11903
-6555
-1328
4643
9993
14035
16200
16687
16224
13396
10211
7141
4300
1898
-702
-2632
-4500
-5806
-6353
-6053
-4862
-4276
-3244
-2721
-1490
736
3147
6021
7944
9422
9272
9020
8449
7637
6427
4012
1447
-1383
-3475
-5198
-6179
-6978
-7586
-7969
-8166
-7835
-6714
-5536
-4966
-4754
-4687
-4101
-3605
-2662
-1429
-53
371
344
912
1550
1655
-89
-2594
-5868
-9316
-12319
-15014
-16501
-16901
-16460
-15999
-14442
-12588
-10974
-8931
-6537
-1925
4166
11925
20510
26868
27580
25468
22998
17800
9994
696
-6871
-12663
-15833
-15288
-9956
-4364
-957
2420
4822
6632
7218
7620
6196
3603
-9
-2451
-1842
648
4852
8027
10077
11055
11609
10544
8080
4665
-640
-7193
-13418
-17397
-18795
-17689
-14529
-9949
-4997
618
6860
12843
16999
18822
18133
15449
12005
8159
4881
1929
-206
-1731
-3020
-3968
-4089
-3837
-4270
-4646
-5048
-4668
-3269
-1191
1311
4393
7529
9969
11721
12313
12406
11640
9737
7113
4199
982
-2076
-4535
-6884
-8620
-9671
-10313
-10497
-9992
-9049
-8211
-7626
-7343
-6733
-5745
-4673
-3062
-1066
903
2585
4128
4969
5392
4991
2402
-1570
-6190
-10708
-14686
-17078
-18337
-18951
-18555
-17376
-14583
-11330
-8466
-6936
-6742
-6861
-5422
-299
7669
17992
26468
29568
28158
26200
23414
16695
6844
-4142
-12974
-19769
-21225
-16304
-8004
-1948
1413
4471
6465
8972
10161
10394
7473
2540
-2855
-5609
-4118
-330
4555
7115
8899
10117
10988
10619
9073
5082
-2033
-10131
-16830
-20145
-19643
-16378
-11901
-6624
-1165
5525
12145
18012
22023
22964
19850
14838
10643
6414
3204
383
-2441
-5024
-7357
-7935
-6530
-4396
-3287
-2217
-1260
-390
2532
5426
8395
10732
11681
10739
9236
8052
6660
5517
2754
276
-1869
-3443
-4299
-4329
-4805
-6283
-8041
-10250
-11191
-10987
-10269
-10033
-9686
-8932
-7116
-4440
-1474
1541
3660
4668
4476
3639
2263
354
-2234
-5981
-9778
-12561
-14324
-15925
-16198
-14873
-13725
-12322
-11128
-9361
-7482
-6123
-6671
-7219
-6798
-5081
880
9769
19594
25752
26797
24903
23382
19178
10715
1578
-6578
-12962
-16177
-13823
-6868
534
4004
5998
7658
8705
8543
7949
5614
822
-4522
-8663
-8209
-4748
366
4603
8005
10502
12430
13622
12697
9902
4356
-3240
-10645
-15105
-16503
-15308
-12429
-8666
-4417
1174
7457
13569
17727
18565
16559
13084
9610
6302
3667
1110
-741
-2132
-2921
-3390
-2479
-1508
-1037
-877
-748
151
1313
3413
4433
5824
5904
5801
5451
4679
4317
3258
2492
674
20
-897
-1257
-1875
-3374
-4884
-7080
-9078
-10972
-11617
-12103
-11807
-10792
-9266
-7180
-4663
-1932
783
2876
4218
4887
4663
3660
1941
166
-2711
-5729
-8855
-11387
-13850
-15426
-15558
-15279
-13889
-12359
-9643
-6964
-4748
-3935
-4282
-5193
-7138
-7565
-4750
2533
11860
19212
23550
25290
25695
23354
17456
9575
6
-8189
-13827
-13871
-9980
-5073
-783
1171
3624
4853
6863
7669
6867
3636
-1792
-5573
-7090
-4471
-724
3450
6739
9193
11617
13478
14358
12876
8068
866
-6968
-12888
-15673
-15831
-13764
-11267
-7073
-2292
3877
10662
16244
18825
17074
14025
10409
7561
4848
2294
378
-1857
-3437
-3709
-2331
-512
7
-127
-847
-933
-343
962
2659
3512
4155
4021
4146
4728
5427
5681
4843
3405
2002
970
-94
-1848
-3915
-6732
-9841
-12380
-14043
-14078
-13545
-12295
-11038
-8924
-5927
-2527
1227
4336
6498
6813
5881
4136
2018
-531
-3573
-6582
-9034
-10688
-11745
-12639
-12948
-12588
-11912
-11213
-10216
-8164
-6060
-4923
-4747
-5111
-6615
-8462
-7466
-1888
6442
14175
20269
24496
25666
24300
20873
15342
6904
-2914
-10394
-13286
-11725
-8238
-3450
70
2126
3707
5267
6945
7105
5318
812
-3774
-6551
-6039
-2578
1630
5826
8888
11358
13517
15356
15675
12849
7052
-576
-7691
-12502
-14831
-15001
-14089
-12241
-9193
-4525
1879
8440
13147
14339
13100
11007
9054
8007
6951
5542
3775
1931
1098
1242
1791
1505
46
-2068
-3984
-4500
-4163
-2574
-1037
-11
1013
2132
4268
6288
7772
7782
6938
5420
3694
2332
98
-2467
-5663
-8804
-11308
-12734
-12924
-12521
-11566
-10872
-9849
-8262
-6416
-4156
-2063
-128
1390
2851
3933
4354
4315
3235
1229
-2200
-5935
-8686
-10776
-12731
-14215
-14394
-13652
-12420
-10583
-8353
-6611
-6044
-6025
-6614
-8658
-10278
-8699
-2118
7481
16112
22570
26229
27898
27707
24660
18330
8901
-894
-9307
-12639
-11344
-7914
-4103
-2794
-1475
-399
1742
3900
5151
4091
-176
-3613
-5421
-3086
1129
5662
9542
11974
14024
15571
16996
16380
12293
4874
-4170
-11653
-16192
-18260
-17911
-16873
-14618
-11371
-6211
641
7388
12760
14375
14212
12660
11945
12504
12431
11738
9119
5902
3025
1214
-140
-2652
-5601
-9386
-11197
-10803
-8451
-4019
-493
2685
4616
6704
8867
11033
12255
11123
9115
5702
2882
301
-2437
-5294
-8824
-12205
-14966
-15938
-15457
-14313
-12623
-11055
-8794
-5961
-2575
1132
4044
6322
7346
7755
7308
6619
5505
2846
-849
-5271
-8744
-11205
-13029
-13848
-14607
-15784
-16487
-15100
-12123
-8709
-5718
-4334
-3038
-2636
-3200
-4097
-5422
-5039
-1695
5814
14769
22258
25537
25727
25360
20996
13216
3118
-5507
-11815
-15640
-14419
-9695
-3674
-1002
1929
5058
7593
9329
9020
7234
2009
-2851
-6066
-4974
-1643
2403
6696
9945
13199
15727
17121
15371
10978
3489
-5765
-14287
-19698
-22129
-21815
-19762
-15762
-9566
-2350
5698
12684
18156
20438
19973
17372
14837
13411
11010
7607
3846
436
-2397
-4948
-5981
-6680
-7323
-8578
-9036
-6843
-4125
126
3309
6672
8751
10631
11892
12064
12426
9844
6792
2324
-1083
-4396
-7362
-10260
-13166
-14904
-16662
-16720
-15589
-13090
-10062
-6901
-4032
-719
2502
5238
7019
7886
7378
6107
4545
2294
41
-3308
-6473
-9145
-11280
-12960
-13700
-14002
-13494
-12047
-11029
-9564
-6985
-4701
-3627
-3342
-4212
-5074
-6802
-9071
-8856
-4264
5310
16452
24239
26418
27111
27085
22541
14325
3760
-5414
-13657
-17998
-15257
-8097
-1573
731
3501
5321
7088
7863
7631
5333
-439
-6130
-9590
-7424
-2407
3786
8577
11985
15135
17869
18749
16828
11800
3003
-7569
-16937
-22238
-24105
-22870
-20497
-16086
-10217
-2766
5580
12836
18222
19762
18703
16026
14100
12698
10973
8400
5244
2166
-1140
-3508
-4725
-6087
-8335
-10594
-11425
-9476
-5654
-917
4079
8517
12070
14255
15624
15960
15438
12671
7867
2825
-1910
-5156
-8496
-11183
-13839
-15939
-17147
-17066
-15075
-12297
-8328
-5062
-1743
1098
3695
5644
6690
6653
5669
4136
2024
246
-1208
-2485
-4524
-6687
-9169
-11007
-12879
-14291
-14447
-13614
-12720
-11693
-9179
-5901
-3157
-1408
-765
-1149
-3427
-6619
-8963
-9846
-6072
2011
13103
20549
24467
25959
26836
24516
16659
7728
-2294
-9368
-14341
-12402
-7503
-1978
557
1397
3609
4543
5808
4360
2757
-2231
-6662
-9303
-7003
-1183
4585
9700
12935
16360
17620
17740
14739
9317
398
-9633
-18121
-22698
-23517
-21752
-18003
-13200
-6783
228
8052
14617
19031
19548
17832
14931
12165
10276
8702
7016
4820
1915
-1296
-3332
-4650
-5916
-7561
-9012
-9675
-7606
-3755
1532
6968
11199
13801
14674
14873
13939
12037
7823
2232
-3366
-8243
-11316
-12968
-13405
-13686
-14114
-13975
-12748
-9910
-6706
-3484
-1190
337
1704
2699
3753
4215
4031
2712
1080
-558
-1519
-2149
-3246
-5019
-7211
-9265
-11160
-12348
-13197
-12698
-12122
-10970
-8866
-6215
-3602
-2095
-1578
-2242
-3273
-5785
-8590
-10350
-8624
-1394
9504
18552
24405
27207
27737
26106
20649
12983
2974
-5679
-12970
-13766
-10550
-5901
-1571
-9
2092
2244
3942
3796
3586
393
-4318
-6938
-6810
-1889
3555
9341
12891
15618
16549
16458
14533
9955
2266
-6557
-14762
-20045
-21383
-20300
-16608
-12796
-7550
-2450
4016
9562
13710
15889
15308
14465
13027
12288
11349
10154
8018
4717
1409
-1787
-4415
-6454
-8423
-9419
-9753
-7988
-4458
260
5407
9655
13113
14561
14483
13141
10582
7012
2030
-2907
-7153
-10136
-11293
-11903
-11237
-11085
-10573
-10354
-9563
-7828
-6173
-4097
-2989
-1311
-179
1211
2504
3555
3997
3222
1817
317
-1122
-2290
-3800
-5496
-7185
-8985
-10391
-11856
-11825
-11919
-10910
-10094
-8512
-5728
-3474
-1637
-1656
-2163
-4090
-5832
-8422
-10674
-8948
-2858
8460
19105
25349
27529
28131
27060
21290
13369
2884
-6402
-14365
-17772
-14498
-9019
-3923
-1761
1196
2687
4425
5267
5212
3518
-909
-4279
-5128
-1683
3073
8166
11414
13232
13909
13873
12416
9042
3169
-4473
-11995
-17981
-20063
-19105
-15848
-12519
-7885
-2895
2479
7899
12576
16291
17214
15413
12828
12167
11715
10442
8346
5312
1007
-3289
-6625
-8028
-8720
-10125
-10318
-8371
-3992
1478
7647
12281
14791
15225
13319
11266
8592
5187
300
-4800
-8569
-10416
-10024
-9056
-7462
-6966
-7257
-7417
-7073
-6206
-5504
-4944
-5118
-4905
-3754
-1772
690
3031
4544
5208
4741
4040
3116
1358
-1579
-4734
-7479
-10622
-12615
-13595
-13005
-12146
-11287
-10164
-8606
-6299
-4054
-2338
-2148
-2993
-4884
-7244
-8898
-9058
-8108
-3782
5439
18464
27459
29354
28667
27194
22536
11872
1000
-8603
-16047
-21219
-19856
-11777
-4380
185
2653
5681
7065
7198
6334
4597
1174
-3581
-6339
-4686
457
6092
10295
12495
13857
13506
11874
8299
3632
-3406
-11929
-18693
-21917
-20721
-17461
-12585
-7487
-1737
4124
9346
14029
16788
17386
15930
13962
12501
11225
9986
7710
4647
943
-3399
-6813
-8956
-9242
-8744
-7065
-4443
-1017
3932
8078
11531
12947
12950
11422
8750
5894
2307
-541
-4127
-6667
-8378
-8640
-7852
-7258
-6751
-7360
-7587
-7969
-7355
-6391
-4922
-3631
-2753
-1455
187
2369
3839
4580
4032
2956
1072
-1101
-3052
-4900
-7079
-9940
-11780
-12106
-11386
-10453
-9267
-8047
-7289
-6425
-4952
-3180
-2704
-3385
-4743
-6480
-7881
-8155
-6900
-4134
2542
12280
21595
25915
26328
25722
22259
14784
4768
-3524
-10353
-15221
-15791
-11432
-4878
-504
2419
4968
6337
6418
5289
3762
626
-3182
-5629
-5380
-1636
2799
7233
10137
11982
12697
11810
9441
5032
-719
-7759
-14008
-17476
-17917
-15975
-12761
-8593
-3677
800
5303
8681
11286
12243
11714
11225
11661
12758
12189
11943
10074
7274
3484
-1162
-4841
-7666
-9192
-10083
-7667
-4824
-649
4352
7956
11249
12528
12677
10522
8214
4101
230
-3180
-6944
-8355
-9534
-9004
-8660
-7369
-6987
-6366
-6081
-6308
-5398
-5285
-4391
-4187
-3280
-2198
-205
1326
2736
3938
3677
2615
913
-1315
-4203
-6670
-9257
-10662
-11732
-11483
-9949
-7823
-6552
-5866
-4668
-4353
-3832
-3831
-3983
-3936
-4920
-6094
-7240
-8207
-8864
-7044
-392
9837
20039
23991
24210
24476
22821
17066
7851
-1310
-8751
-14466
-15657
-10591
-2384
2510
4174
6026
6341
7023
5705
4287
724
-4469
-8515
-9232
-4314
930
6776
9633
11424
12389
12327
11077
7854
2653
-5051
-12119
-16235
-16176
-13420
-9949
-7190
-3364
64
4173
7901
10377
10495
8152
6329
6996
10962
13286
13558
12416
9424
5753
1523
-2677
-6108
-9411
-11634
-11331
-6565
-819
5157
9489
11117
12454
11825
10728
7873
4574
-848
-6144
-9691
-11383
-10145
-9133
-7942
-7462
-6859
-6255
-5110
-3681
-3029
-2984
-3616
-3781
-2575
-822
904
1865
2025
2090
1766
1193
30
-1559
-4320
-7421
-9435
-10445
-9846
-8544
-7840
-7137
-6765
-6167
-5310
-3708
-2695
-2828
-3295
-4749
-5024
-6600
-8832
-10066
-8686
-3822
4372
15081
22387
25502
24674
22387
17577
9489
445
-7506
-12698
-14807
-11345
-5084
1429
5111
7020
7663
7078
6153
3727
319
-5230
-9136
-10576
-8225
-3208
2196
7153
10365
12969
13943
13952
11727
6968
388
-6584
-11898
-14239
-13842
-11727
-8942
-5896
-2480
1269
5195
7712
9084
8566
7262
6745
8005
9929
10475
10232
8656
6360
3696
851
-1669
-4378
-6725
-7970
-6696
-3445
320
4472
7114
8922
9393
8826
7297
4581
1204
-3424
-6814
-9002
-9068
-8135
-7107
-5847
-5237
-4435
-4120
-3289
-2701
-2660
-3083
-3610
-3164
-2340
-965
302
1169
1571
1646
1295
794
-228
-2201
-4671
-6984
-8514
-9239
-8999
-8920
-7973
-7129
-6566
-6152
-5461
-3705
-2704
-2529
-3576
-3973
-5150
-6687
-7961
-8719
-8018
-5542
3216
14938
22341
22738
21823
21207
16818
8875
-209
-6231
-11070
-14083
-10865
-2777
3862
6284
7687
8053
7396
5621
3059
-52
-4809
-9899
-12121
-9692
-4247
1874
6491
9840
12556
14551
14336
12306
8487
1950
-5748
-12239
-14769
-14372
-12160
-9635
-6699
-3138
677
5158
8623
10700
10575
8615
6898
7483
9715
10864
10505
8382
5871
2943
131
-1685
-3782
-6210
-8467
-7930
-5214
74
4776
7598
9260
9147
8973
7305
5967
2796
-969
-5735
-9222
-9416
-8588
-6544
-6314
-6009
-6585
-6499
-5887
-4782
-3513
-3797
-4258
-4581
-3051
-577
1776
2985
3553
3376
2694
2160
1624
15
-2902
-6713
-10256
-11292
-11233
-10318
-8563
-7962
-8626
-8090
-6556
-5121
-3114
-2633
-4097
-4868
-5677
-6065
-5715
-5778
-5271
-798
8685
18481
23758
22772
21238
18884
12013
2573
-4847
-9640
-14143
-14180
-8618
-192
4720
7056
9129
9399
7825
5051
2539
-2154
-7106
-10941
-11243
-7428
-1455
4489
8778
12210
14507
15730
14342
10922
5816
-1363
-9301
-14110
-15422
-14596
-12252
-9365
-6016
-2184
2208
5568
8122
9018
8531
7578
7626
9655
12085
13162
11909
9692
6831
2993
-1025
-4223
-7262
-9818
-10452
-8395
-3793
1777
6110
8538
10160
10528
9837
8184
5518
2302
-1632
-5084
-7044
-6792
-5874
-5425
-5705
-6610
-7043
-7177
-6594
-6099
-5647
-5415
-4792
-3403
-1141
1703
3520
4425
4540
4309
3563
2796
1092
-1602
-4399
-7666
-10504
-11662
-11476
-10309
-9111
-9138
-8883
-7955
-7160
-6274
-3977
-2942
-3745
-4201
-4780
-3825
-3136
-2883
-2614
952
10085
17975
20919
18711
18155
16205
9118
1110
-5053
-8340
-12976
-12934
-7177
-174
3382
4555
6689
7092
5644
3237
1161
-1691
-5421
-8668
-7978
-3942
1946
6013
9196
12194
13918
14351
11556
8546
3214
-3334
-9942
-13841
-14235
-13553
-11476
-9012
-5252
-1186
2461
5883
8191
9809
10147
9501
10559
12354
13717
13251
11687
8993
5359
1110
-3830
-6978
-9569
-11731
-11551
-8863
-4256
1147
5663
8935
11377
12996
12210
10599
7865
4127
98
-4317
-6577
-7573
-7574
-8005
-8012
-8000
-8383
-8015
-7706
-6722
-6103
-5469
-4399
-2880
-268
2349
4646
5846
6297
6079
4635
3174
1020
-2010
-5671
-8408
-10222
-11518
-11542
-10782
-9776
-8749
-8578
-7976
-6173
-5193
-4179
-3606
-3527
-4785
-4557
-4303
-4162
-2864
-3062
793
8750
17679
20915
19861
18200
15153
10655
2134
-3959
-7796
-11497
-12384
-8239
-325
4419
6451
7015
6550
5294
2129
92
-2590
-6029
-8684
-8975
-4738
1075
7284
11203
13563
14970
14135
12296
8123
2521
-4081
-11050
-15749
-17200
-15237
-12419
-8936
-4803
-1255
3380
6744
9411
11473
11447
10641
11271
14131
14252
12837
10427
6563
2615
-2396
-6439
-9286
-11085
-12378
-11130
-6660
-2194
3003
7029
9526
11557
12460
12015
9928
7453
3084
-1359
-4659
-6743
-7405
-8222
-8676
-9436
-9801
-9978
-9364
-8248
-7354
-6524
-5740
-4057
-2135
132
2417
4102
5018
5796
5977
5387
4293
2209
-1007
-4422
-7329
-9741
-10815
-11152
-11434
-11604
-10810
-9870
-8984
-7546
-6474
-5880
-5444
-5607
-5280
-3831
-2969
-2494
-1274
2683
10656
20500
23829
21549
19483
16617
11383
3376
-2952
-8516
-12909
-14798
-10630
-2315
2072
4370
5200
5554
4074
2327
1480
-494
-3513
-7057
-6803
-2608
3427
9031
12315
14220
15129
14106
11606
7967
2895
-4283
-11632
-16314
-17810
-15873
-13419
-10302
-6461
-2842
1041
4607
8076
9921
10669
10143
10232
13276
15457
15578
14274
11763
7187
1631
-3253
-7637
-10522
-13361
-14603
-11938
-7105
-1470
4319
8632
10815
12342
12384
11056
9509
6506
1988
-2067
-5266
-6959
-7012
-7348
-7928
-8608
-9375
-9882
-9140
-7955
-6997
-6329
-6140
-4796
-2677
-143
2255
4022
4862
5019
4754
4157
3523
1703
-1176
-4211
-7105
-9374
-10661
-11136
-10897
-10949
-11750
-11002
-8514
-6850
-6039
-5177
-4633
-4769
-4437
-4272
-3317
-2822
-1343
5580
15751
22722
22274
20914
19064
16191
8974
428
-5307
-11265
-14865
-14363
-6464
-504
2373
3218
3766
4418
2653
2278
806
-1282
-5404
-6934
-4504
925
7144
10742
12773
13930
14353
13145
10718
6353
562
-7263
-14269
-17771
-17006
-14658
-11932
-8307
-5027
-586
3897
7988
10747
11900
11848
10862
11677
13705
15055
14375
11313
7293
2424
-2223
-6367
-9198
-11067
-13096
-12662
-9450
-4464
1395
5986
9084
10747
12053
11722
10715
9713
6336
2375
-2339
-4996
-6382
-7096
-8172
-9685
-10437
-12072
-11744
-10890
-8943
-7075
-5562
-4003
-1972
1075
3240
5023
5830
6099
5644
4431
3539
2975
1150
-1608
-4444
-6859
-9033
-10678
-11771
-12074
-11831
-12610
-12351
-10159
-7518
-5490
-4152
-3492
-3204
-3315
-3495
-2520
-1331
-78
5526
15819
22382
22347
20540
18880
15383
7113
-1141
-7090
-11873
-15735
-14675
-6573
-752
2823
3937
5284
5541
3950
3241
958
-874
-5070
-6395
-4199
647
6627
9878
12210
13290
13888
12603
9725
5789
-503
-7952
-14465
-18255
-17562
-15503
-12077
-8311
-4273
1006
5862
10962
13931
15963
14871
12706
12577
11879
11375
8870
5735
1851
-2253
-5139
-7442
-7243
-8585
-9128
-8315
-6253
-1612
2456
6508
8345
10163
10219
9750
9502
7578
5120
688
-3076
-5907
-7103
-7553
-7903
-8781
-10018
-10618
-10555
-9522
-7721
-5826
-4305
-2583
-856
2184
4956
6681
7174
6559
5164
3529
2434
1054
-479
-2955
-5980
-8402
-10156
-11020
-11049
-10914
-11865
-12700
-11339
-8610
-5654
-3836
-2297
-2358
-2873
-3135
-2862
-1483
-1830
-2549
-395
8553
17499
20366
19155
17329
15434
9835
2442
-2580
-6695
-11477
-14214
-9934
-2551
1779
4769
5416
6439
4918
3701
2861
1087
-1171
-5517
-5745
-3793
1680
6460
9619
11871
12456
12283
9926
7072
2867
-3557
-10788
-16257
-17946
-16022
-13186
-8789
-4972
-144
4185
7962
11575
13646
14799
12319
10739
10151
10467
10100
7540
4729
742
-2440
-5584
-7302
-7704
-9067
-8708
-7713
-3850
778
5361
8536
9578
10749
9270
8405
6110
3981
335
-3922
-6945
-8508
-7683
-7699
-7171
-7802
-8103
-8342
-7656
-6316
-4821
-3782
-3310
-2188
-117
2784
4975
6266
6237
5692
4127
2972
1674
-476
-4032
-7713
-9650
-10332
-10427
-10255
-9307
-8376
-7725
-7053
-5580
-3754
-2879
-3643
-3671
-3399
-3422
-3474
-3002
-2521
-3987
-3201
3279
13978
18804
17411
16441
15503
12935
6182
867
-4024
-8757
-12591
-11125
-3103
1784
5164
5133
5148
3976
2718
2245
282
-1113
-5393
-6613
-5256
-360
5692
9520
11391
11564
11630
9940
7531
4125
-1158
-7683
-13008
-15653
-14117
-11223
-7609
-4652
-1784
1898
6084
11301
13924
14428
12289
9643
8178
7252
6372
3990
1062
-1655
-3520
-3411
-3325
-3211
-4289
-5938
-5709
-4011
172
3398
6154
7104
7326
7861
7039
6538
3710
59
-4572
-7793
-8522
-8222
-6555
-6384
-6211
-6542
-6149
-4535
-3199
-1936
-1800
-1575
-1556
-386
1860
3346
4196
3917
3042
2311
1555
638
-1047
-3377
-6330
-8627
-9546
-10227
-9736
-8988
-8029
-6870
-5392
-4299
-3261
-1827
-2038
-3111
-3986
-4664
-5396
-5350
-5397
-6036
-5460
-825
8732
16945
17927
16238
15790
14628
9377
3294
-1513
-6104
-9674
-10857
-4247
2514
6176
6184
5040
3923
1422
874
-1523
-2802
-6245
-8654
-7384
-3300
3859
9133
12541
13003
13222
12417
9839
6931
2000
-4245
-10016
-13703
-13382
-10923
-7651
-5035
-2829
11
2721
6957
9922
11762
12123
10855
10324
9345
8731
6834
4526
1803
-1450
-2998
-4519
-4187
-4259
-4651
-4229
-3266
-245
2345
5061
6414
7326
7365
5658
4302
1563
-1316
-4655
-7521
-8739
-8696
-6880
-5553
-4052
-3433
-3099
-2250
-1917
-1136
-1144
-939
-985
-589
721
1889
3235
3352
2821
1751
225
-1383
-3519
-5429
-8038
-10079
-10835
-10888
-9836
-8756
-7592
-6477
-4919
-3142
-1713
-1260
-2285
-3395
-4031
-5252
-6119
-6251
-6949
-8507
-6107
3661
14012
16704
15198
15517
15896
12307
5650
1974
-2439
-7252
-10946
-6061
2001
5667
7715
5934
5908
2152
1164
-489
-2191
-4958
-9910
-9313
-7059
437
5801
10164
12137
12770
12852
11197
9468
5697
-257
-7027
-11735
-13020
-10993
-8768
-5584
-4303
-1989
176
3840
8054
10429
11277
8853
8753
9042
9337
8460
6523
4529
1057
-1499
-3068
-3237
-3355
-5269
-5739
-5417
-2540
1153
4133
6596
7491
8333
6962
5971
4140
1294
-2445
-6436
-8421
-8978
-7777
-6426
-5521
-4956
-4711
-4125
-3220
-2045
-1176
-1286
-1324
-1444
-400
823
1953
2521
2226
1685
865
754
-265
-1855
-4547
-7609
-9834
-10669
-10059
-9238
-8484
-7926
-7196
-6341
-4957
-2594
-699
-1405
-3311
-4449
-4727
-4833
-5169
-5949
-5307
901
10636
15783
16294
16221
16488
13646
6105
967
-3096
-6477
-9965
-6869
408
3227
5883
5429
6817
3957
1487
-195
-2835
-4619
-9273
-8308
-6521
-461
4735
8276
11824
13643
14723
12656
10384
6755
1103
-5601
-10738
-12890
-11911
-11216
-8196
-6039
-3042
-73
2607
6310
8084
10340
8653
8790
9711
10095
10423
8340
7037
4016
1022
-1617
-3696
-3745
-6799
-7303
-7577
-5661
-1335
1385
5441
6200
9129
8385
8001
6660
3606
1098
-4331
-6365
-8370
-7445
-7251
-6657
-5693
-5685
-4918
-4843
-3653
-3059
-3178
-3211
-2834
-1528
134
1380
2456
2653
2952
2253
1996
1130
-934
-2781
-5623
-8148
-10193
-10530
-10191
-9582
-8496
-8638
-7578
-6108
-4817
-3480
-2929
-3113
-4793
-4727
-4541
-3351
-2990
-2077
3719
12510
17864
16707
16777
15957
13340
5813
-677
-4587
-8238
-10160
-8901
-634
3192
5288
5128
5624
5038
1946
892
-1860
-3285
-7225
-7796
-5144
-53
5671
8517
10916
12389
13265
11863
9339
5687
620
-5744
-10907
-13646
-12558
-10907
-8848
-6073
-3582
-104
2725
6023
7941
9588
9367
8839
10889
12301
12864
11076
8510
5099
977
-2481
-6031
-7030
-9024
-9945
-9294
-6644
-2107
1346
5172
6391
8824
9376
9090
7899
6052
3644
-727
-3379
-5855
-6035
-6775
-7120
-7648
-7555
-7349
-7154
-5989
-5131
-4105
-3992
-3054
-1941
144
1760
3019
3941
4347
4274
3568
2889
1352
-984
-3834
-6382
-8253
-9300
-9795
-9964
-10555
-11045
-11151
-10204
-8398
-6664
-5722
-5398
-4924
-4218
-3420
-2935
-2155
-1615
1229
8662
17785
20579
18535
17385
15586
11011
2865
-2151
-6245
-9778
-11365
-6994
842
3226
4637
4096
4927
3098
1720
1103
-898
-2807
-6434
-5352
-2330
3556
7619
9941
11493
12278
12456
10721
8366
3883
-1967
-8536
-12843
-14586
-12996
-11101
-8649
-6273
-3103
1250
5383
9094
10972
12500
12007
11717
12021
11634
10311
7754
4480
506
-3047
-5622
-7261
-7446
-8022
-8272
-7357
-4913
-1113
2429
5539
7546
9304
9838
9357
8503
6851
4076
548
-3229
-5733
-7304
-7847
-8451
-9171
-9389
-9737
-9059
-8357
-6394
-4945
-3469
-2053
-652
1428
3413
5107
5801
6110
5523
4420
2900
983
-1517
-4047
-6741
-9279
-11601
-12662
-13217
-13199
-12532
-11315
-9790
-8270
-5806
-4355
-2613
-2492
-3148
-3526
-3568
-2678
-87
7956
16735
20615
19753
18170
18100
14246
6186
-1124
-7017
-11519
-14644
-10102
-2008
2728
4793
4056
5527
4791
4207
3000
250
-2408
-7287
-7172
-4486
1938
7405
9455
11390
11963
13626
12744
10626
6565
-242
-7146
-13174
-15133
-14224
-12752
-10312
-8729
-5429
-1111
3254
7249
9038
10354
9006
9877
11274
12579
14104
12141
9309
5110
1265
-3194
-6384
-8190
-10946
-11279
-11008
-8198
-2677
1314
4894
7176
9358
9754
10038
9945
7695
6009
1808
-1409
-3477
-4824
-5543
-6981
-7876
-9393
-9921
-10311
-9986
-8407
-7475
-5812
-4343
-2570
-41
2110
4309
5814
6879
6470
5853
4469
2141
-112
-3271
-6472
-8916
-10697
-12327
-12409
-11923
-11943
-11595
-10235
-8334
-6731
-6049
-5684
-5793
-6431
-7107
-6647
-5178
-190
11071
22261
26257
24355
23735
22298
16134
6041
-2340
-9587
-15838
-17593
-11633
-2167
2491
4728
3996
4833
3294
2659
1485
-1476
-4768
-9604
-8347
-4627
4073
9867
12796
14098
14251
14908
13162
11384
6101
-1224
-9253
-14804
-16195
-14588
-12357
-10048
-8596
-5649
-1783
2946
7303
9625
10889
9678
10563
11795
13449
13675
11798
9165
4745
1045
-2714
-5179
-6959
-9583
-10321
-10743
-8173
-4626
-931
2760
5001
8222
8554
9978
9675
9501
7777
4263
1591
-1798
-3105
-5590
-6676
-8539
-9915
-11170
-12143
-11480
-10054
-7899
-5833
-3634
-1549
627
2385
3963
4907
5680
4788
4142
3579
2924
1468
-500
-2390
-4892
-7745
-11027
-12729
-13613
-14594
-14775
-13281
-11122
-8661
-5314
-2344
-1329
-1252
-2279
-3099
-4060
-4507
-3963
1734
11881
19203
21281
20617
21014
18738
12106
3047
-3100
-9367
-14493
-14822
-7569
-731
2457
4621
4983
6826
4676
4337
1258
-1044
-5380
-9037
-7341
-3411
4358
7459
10884
12443
14272
14184
12056
9061
3322
-3803
-11318
-15808
-16433
-14518
-12145
-9128
-6523
-1721
2690
7586
10706
12590
12371
9718
9220
10328
13027
12729
9876
6547
2501
-868
-4516
-6765
-8247
-11130
-11527
-10393
-4598
80
4612
7980
8675
10351
9041
9936
7983
6442
2299
-2288
-4516
-6558
-5646
-6676
-6871
-8532
-9853
-10408
-10303
-8318
-6924
-5377
-4311
-2966
-369
2150
4778
5665
5649
4860
3549
3149
2201
1213
-1503
-4236
-7144
-9682
-10625
-11490
-12353
-13523
-13259
-11483
-9589
-6983
-5286
-4168
-5117
-6130
-5671
-5147
-4444
-3183
4417
14772
22098
22868
23390
23028
19191
10928
2246
-3510
-10060
-13970
-14769
-6834
-2018
1625
3124
4319
5591
3495
3880
509
-386
-5028
-6589
-4788
-290
6217
9258
12415
13118
14140
12936
10429
6536
767
-5761
-11306
-15084
-15087
-13834
-11644
-9368
-6687
-2438
979
5477
8734
12057
12159
10970
11933
13026
13601
12132
9953
6376
1898
-2144
-5889
-7445
-9468
-11334
-11018
-8822
-4514
-306
4131
7032
9269
9859
9334
9195
8305
6267
3292
190
-2393
-4056
-5190
-5947
-7035
-8171
-9872
-10368
-10457
-9343
-7913
-6438
-4546
-3083
-1187
333
2472
3506
4080
4062
3543
3435
2380
831
-869
-2517
-4637
-7357
-9208
-11159
-12468
-13526
-13237
-10798
-8968
-7277
-5687
-4007
-3767
-3893
-5076
-6349
-6527
-6522
-3789
4878
16629
22875
24328
23192
22226
18569
9985
2064
-5262
-11363
-16509
-13690
-6003
-609
3805
4310
6214
5265
4368
3254
515
-1972
-7145
-7607
-6395
-150
6311
10052
13082
14037
15050
13405
11156
7052
723
-6532
-12950
-15811
-15050
-13304
-10061
-7525
-4257
-359
3612
7689
9893
12539
11892
10742
10491
11826
12690
11091
9113
4940
595
-3792
-7269
-8875
-9877
-10719
-10323
-7388
-3078
1536
5892
8055
9197
9578
8003
6951
6060
4329
1288
-1701
-3764
-5309
-5377
-6056
-6412
-7365
-8848
-9541
-9984
-8845
-7119
-4912
-3768
-2494
-569
1404
3456
4501
4780
3955
2528
950
95
-729
-2131
-4344
-7001
-9013
-9756
-10217
-11119
-11061
-10369
-9509
-8439
-6800
-5528
-4998
-5082
-6840
-7517
-6650
-5776
-3804
2470
13335
20350
22300
22066
21972
20106
11642
3838
-3088
-8874
-13779
-13866
-6583
-2257
2013
2980
4815
5709
3671
3454
143
-1006
-5522
-7351
-5811
-1955
4835
7641
11165
12615
13801
13273
10552
7816
2396
-3699
-9602
-13469
-13340
-12902
-10894
-8863
-6111
-1729
1333
5428
7882
11822
13182
12266
12725
12646
13324
11805
10045
6520
1762
-2323
-6984
-8008
-8686
-9579
-8770
-7600
-3463
127
4710
7129
9002
10068
7665
7256
5278
4371
1727
-1264
-3660
-5524
-5268
-6133
-5589
-6357
-7482
-8457
-9607
-8854
-7478
-5460
-4066
-3006
-1422
51
2588
3941
4819
4596
2987
1810
184
-412
-1921
-3534
-6190
-8512
-9499
-10925
-11293
-11456
-10727
-10648
-10077
-8529
-6577
-5307
-5181
-5243
-6108
-6473
-6479
-3660
2540
12699
20097
22233
22284
21225
20150
13073
5337
-2883
-9208
-14214
-14706
-7157
-2181
2115
2313
3862
4442
3561
3628
1351
-184
-5470
-7410
-6066
-1456
4914
8706
11274
12166
13258
13186
11533
8680
3420
-3359
-9484
-13577
-13119
-12201
-10408
-8947
-7160
-3836
-704
4215
7218
10347
10728
10095
10912
12248
14702
13816
12272
9011
4402
205
-4099
-5965
-9055
-11142
-12027
-10245
-5087
-1259
4083
6446
8704
9355
9072
8889
7189
6583
2504
-119
-3047
-4180
-4388
-5269
-5692
-7557
-8273
-9470
-9234
-8730
-7969
-6573
-5488
-3976
-2052
167
2257
3334
3692
3532
3269
3239
2491
1425
-336
-2256
-4702
-7140
-8722
-10038
-11286
-12749
-13504
-12386
-10107
-8258
-6786
-5876
-5700
-4956
-4801
-4306
-3637
-2928
-496
6143
16309
20878
22341
21419
19438
15854
7851
2170
-4383
-9219
-13665
-12408
-5683
-2591
2060
2902
4716
4364
2841
3345
975
363
-4218
-5044
-3674
-247
5591
7676
10942
11812
12578
11467
8867
6514
1043
-4414
-10344
-13839
-13382
-12961
-10387
-8283
-5264
-1700
1473
6006
8211
11340
10921
10307
11553
12080
13468
11918
10736
6802
2087
-2189
-6843
-7928
-10830
-11184
-10385
-7470
-2597
963
5810
6980
9478
9030
8342
7813
6105
4983
1124
-546
-3217
-4243
-5691
-6622
-6919
-8285
-8802
-9568
-8995
-8150
-6688
-5046
-3536
-2203
-602
1109
3042
3953
4413
3937
2878
2122
611
-926
-2731
-4220
-6548
-8810
-10151
-11069
-10678
-9989
-10015
-9897
-9026
-7778
-6257
-4774
-4072
-4081
-4633
-4991
-4413
-2824
-108
6818
15328
19325
20154
20197
19920
16145
9282
2417
-4342
-9574
-12835
-10306
-4152
-573
2549
3152
4848
4801
3995
3637
822
-717
-5448
-5608
-3867
693
5794
7718
10702
11073
12315
11052
9329
6135
388
-4992
-10407
-12885
-12690
-11835
-9750
-7898
-4558
-569
3684
8074
10781
13444
12105
10583
9360
8743
8285
6962
5508
2689
159
-2494
-3945
-4688
-6362
-7808
-7757
-6598
-3151
327
3760
5977
7586
7712
6793
6769
5266
3690
249
-2911
-5292
-6701
-6984
-7129
-7060
-8180
-8815
-8869
-8580
-7023
-5500
-3939
-2937
-1874
-99
1926
4162
4989
5395
4423
3386
2499
936
-1185
-3492
-6040
-8742
-10553
-11150
-10556
-10175
-9810
-9429
-7704
-6494
-5020
-3876
-3374
-3032
-3519
-3687
-4613
-4430
-4592
-3062
1820
9950
17220
18738
19131
18030
16305
10610
3778
-1578
-7857
-10880
-12400
-5889
-403
3446
5985
5536
7008
4047
4648
1541
-457
-3362
-6743
-4935
-3339
3272
6457
9546
10828
10847
11245
8812
6846
2556
-3054
-8259
-12562
-12830
-11842
-9553
-6529
-4905
-1021
1916
6573
9427
11766
13233
11626
11123
9373
9495
8180
5973
2968
-954
-3291
-5532
-5956
-5959
-6276
-5696
-4961
-2304
1105
4475
6905
7485
8136
6985
6009
4639
2700
279
-3279
-5661
-7196
-6968
-6356
-6259
-6455
-7566
-7829
-7747
-6827
-5185
-3722
-2072
-1338
507
2681
4604
5362
4671
3521
1234
-418
-1755
-2899
-4194
-5721
-7024
-8400
-8646
-7672
-6599
-6814
-8608
-9274
-8189
-6740
-5406
-4108
-4189
-5135
-5612
-5590
-4701
-3786
-3486
-1629
5396
13739
18587
19824
18880
16787
12099
4830
-460
-4636
-8223
-10950
-8745
-2858
742
5020
5356
6316
4159
2047
1185
-1109
-1049
-4487
-3793
-3316
1081
6340
8921
11857
11342
11531
8740
6300
3462
-694
-5069
-10387
-12659
-12248
-10586
-7313
-5251
-2573
-36
2507
5661
7732
10473
10101
10450
11033
11867
12414
10380
8469
4435
205
-4013
-7464
-8559
-9225
-8256
-6545
-3439
1132
4113
7514
8220
8440
7548
5129
3791
1126
-238
-3311
-4492
-5205
-5567
-4291
-4768
-4189
-5085
-5153
-5529
-5496
-4491
-4134
-2699
-2270
-727
995
2541
3688
3679
3386
1807
212
-1459
-3130
-4815
-6377
-7320
-8189
-8410
-7638
-6478
-5684
-5744
-6612
-7286
-6350
-4084
-3200
-3980
-4936
-5809
-6182
-6896
-6261
-5772
-5686
-2652
5441
15263
18169
19408
18785
16757
11530
4742
1068
-4553
-7238
-10391
-6241
-1314
2204
5942
5105
6023
2330
1846
-862
-1944
-2684
-5737
-4608
-3652
2347
6319
9638
11532
11611
11122
8104
5912
2749
-1632
-6097
-10603
-12170
-11227
-9387
-6166
-4107
-237
2624
5987
9198
11424
13240
11356
10591
8776
7541
5795
3296
1955
-930
-2745
-4575
-4795
-4431
-4557
-3351
-2740
-382
1919
4230
6132
6386
6330
4454
2764
622
-1322
-3107
-4866
-5378
-5566
-5139
-4122
-3460
-3235
-3459
-3553
-3640
-4030
-3354
-2850
-1686
-876
201
1346
1888
2547
2240
1786
581
-225
-1544
-2988
-4401
-5309
-5654
-6368
-7012
-7610
-7268
-6992
-6380
-6102
-5841
-5108
-4769
-4873
-4797
-4531
-4527
-4415
-5034
-5893
-6697
-6553
-4312
2028
10471
14155
15425
15451
15818
14057
8547
4384
-1575
-5243
-8736
-5900
57
2480
5251
3117
3755
1562
1307
1028
-1091
-1376
-5267
-4582
-3404
1710
6446
7936
9701
9192
9275
7574
5668
3742
-1109
-5492
-9619
-11127
-9741
-8555
-5576
-4490
-1183
2281
6030
10253
11986
13759
11933
10172
7725
5414
3504
329
-1352
-3383
-4454
-4436
-4043
-2366
-1690
-616
-239
622
2546
3617
5027
4611
4063
2591
592
-1202
-2929
-3751
-4813
-5419
-5181
-4498
-3085
-2117
-1571
-1412
-2130
-2712
-3665
-3091
-2507
-1674
-1103
-540
697
1369
2326
2395
2448
1407
-55
-1503
-2744
-3447
-4598
-5533
-6917
-8208
-8536
-8196
-7016
-6080
-4935
-4065
-3512
-2771
-2730
-2389
-3034
-3747
-4376
-5320
-6154
-6959
-6788
-6324
-3545
2624
8834
11938
12975
14193
14205
11483
7091
3314
-685
-3987
-5211
-2541
1416
2694
3901
3202
3286
1967
1358
1032
-707
-1324
-3897
-2776
-1034
2784
5850
6844
8086
7111
6632
4614
3310
1226
-2164
-5161
-7859
-8221
-7091
-5618
-3394
-1590
1045
3458
6213
9505
11664
12665
10465
8594
5930
3628
1465
-964
-2412
-4348
-4750
-4810
-2859
-1147
239
1361
1500
2691
3432
4348
3991
3250
1160
-1123
-2583
-3602
-3538
-3834
-3648
-3760
-2861
-2425
-1306
-852
-1254
-1842
-3169
-3100
-3122
-1687
-1258
-357
393
888
2178
2473
3198
2360
857
-1174
-3067
-4185
-5181
-5554
-6205
-7062
-7722
-7857
-6528
-5150
-4805
-4751
-4524
-3477
-2063
-1458
-1283
-1520
-2286
-3689
-5115
-5892
-7449
-8158
-7888
-4723
2331
8627
12584
14497
15481
14677
11046
7637
3314
-998
-4565
-6475
-2967
-439
2404
3618
3907
3964
1707
2446
607
262
-1697
-3470
-2083
-1010
3425
5117
7242
7414
6150
5562
3342
3244
696
-1915
-4366
-6622
-6162
-5962
-3795
-2111
62
3342
5693
9134
10233
11004
9820
6658
4450
1359
555
-1113
-1732
-1826
-2459
-1287
-2027
-526
-620
-447
134
66
2538
2670
4422
3557
3046
1926
-382
-753
-3113
-3041
-4567
-4429
-4189
-3469
-1664
-1562
-514
-1302
-1122
-1567
-1659
-1207
-962
-173
127
950
1677
2289
2672
2283
1538
503
-1237
-2613
-3953
-4303
-5301
-6637
-7636
-8508
-7898
-7352
-5461
-3894
-2774
-2341
-2308
-891
-371
-211
-1600
-3204
-4938
-6575
-7564
-8505
-7958
-7643
-5383
-1050
6035
11257
13766
15196
14347
12942
8191
5220
1367
-1400
-3324
-3899
-715
-29
2288
2028
2333
1781
457
894
-926
-321
-1234
-760
401
1747
4781
5120
5842
5095
4198
3278
1372
955
-860
-2223
-3874
-5171
-4417
-4123
-2361
-1388
155
2352
4308
7736
9557
11016
9638
7264
5344
2908
1717
-931
-2356
-3958
-4443
-3463
-2157
276
923
1923
1705
2049
2996
3435
3482
1958
730
-998
-1780
-2148
-2260
-2323
-3036
-3490
-3211
-2151
-1228
-697
-783
-1041
-1230
-1138
-812
-42
481
476
485
877
1733
2232
2004
1490
518
-895
-2202
-3233
-4189
-5758
-7313
-8356
-7955
-7465
-7161
-6088
-4604
-3141
-2674
-2170
-1003
60
-1266
-3478
-4678
-5942
-7917
-9754
-10615
-10786
-9811
-6371
736
8235
12217
14304
15853
15329
12710
8597
4642
-112
-3763
-5783
-4566
-1256
355
2642
2433
2724
1872
1520
1374
264
427
-1714
-818
135
2545
4547
4769
5222
3892
3321
1650
1024
258
-1657
-3030
-4490
-4795
-3996
-3264
-2081
-1494
-227
1169
2847
5445
6939
8291
7607
7154
6575
4661
2645
88
-1842
-3768
-5070
-4610
-3660
-1567
-142
1583
3435
3497
4830
4273
4135
2390
851
-516
-2604
-2464
-4216
-3489
-3978
-3258
-2462
-2216
-808
-1000
19
-1012
-754
-824
-939
-23
314
1444
1771
2401
2582
2350
2004
1006
-135
-1665
-3277
-4367
-5807
-6869
-7215
-7349
-7157
-6943
-5896
-4948
-3982
-2508
-1406
-546
-739
-1038
-1694
-3397
-5466
-7514
-8696
-10033
-10613
-10081
-7585
-2847
3469
9388
12849
14846
14483
13252
9783
6080
2002
-2620
-4850
-5869
-3145
-1344
1157
2689
2382
2477
688
1713
1168
1371
891
28
1194
1573
4270
4891
5473
4942
3180
2290
843
891
-190
-1574
-2706
-3971
-3862
-3801
-2782
-1760
-1594
-498
540
3208
5564
7620
8644
7544
6701
4530
3000
845
-995
-2299
-3847
-3999
-3637
-1871
-379
661
1640
2061
2674
3090
3348
3575
2343
869
-876
-2055
-2621
-3405
-3124
-3472
-2695
-2331
-1382
-25
216
473
-553
-753
-1406
-942
64
906
1844
1708
2200
2086
1951
1268
65
-1308
-3113
-4163
-4833
-4927
-4770
-5116
-5317
-5764
-5690
-4956
-4203
-2891
-2054
-1061
-847
-1018
-973
-1771
-2728
-4736
-6411
-7436
-8303
-7895
-6736
-4234
-1369
1877
6466
9891
12137
12321
11580
9952
6231
2886
-405
-2119
-3195
-3156
-1474
122
1664
2380
2683
2706
2448
2295
2076
1384
1576
1170
1747
2311
2999
3768
2911
3117
1876
1601
542
-124
-241
-1342
-1205
-2123
-1917
-2119
-1940
-1301
-856
446
1529
3504
5382
7135
8577
8212
6614
4160
1914
-244
-1937
-3140
-3930
-3650
-2783
-996
996
2797
3368
3618
3111
2698
2318
1589
585
-890
-1967
-3482
-3543
-3601
-2931
-2591
-2271
-1558
-843
226
452
1004
675
513
458
790
1173
1499
1409
1124
861
365
35
-758
-1544
-2834
-3608
-4584
-5176
-5207
-5516
-5403
-5371
-4733
-3900
-3208
-2912
-2897
-2345
-2431
-2880
-3489
-4115
-4673
-5189
-5563
-5781
-5582
-5438
-4411
-2797
-83
2970
6087
8736
9648
9862
8426
6986
4876
2017
45
-2093
-2177
-2039
-641
744
1080
2143
1449
2490
2281
2758
2906
2178
2397
1449
2563
2356
2904
2486
1550
1296
284
321
-178
-153
-401
-998
-950
-1282
-1347
-1671
-2379
-1876
-1476
703
2719
5191
7347
7310
7459
5591
4471
2002
-259
-1657
-3516
-2691
-2694
-622
680
1609
2950
2424
3651
2823
3591
2683
1664
1097
-992
-1185
-3080
-2940
-3937
-3983
-3777
-3628
-2216
-1918
-541
-504
-225
-147
61
814
1393
2291
2625
2736
2664
1865
1176
-284
-1660
-2804
-3900
-4358
-4971
-4772
-4940
-4577
-4346
-4473
-4303
-4360
-4081
-3869
-3240
-2419
-2262
-2292
-2795
-3041
-3575
-4511
-5240
-6006
-6213
-6350
-4948
-2867
147
2431
4764
6776
8202
8675
7341
6496
3851
2154
-332
-1029
-1255
-1395
-433
-521
797
455
1233
1235
1294
1614
1321
1845
1814
2505
2763
2955
3184
2965
2600
1889
1176
1034
460
83
-435
-606
-762
-1007
-1000
-1742
-2141
-2512
-2049
-1257
83
1782
3156
4655
5814
6857
6514
5113
3492
1511
53
-1608
-2027
-2131
-1735
-551
416
2451
3060
3965
3389
2642
1838
530
51
-1564
-1863
-2965
-3076
-3046
-2703
-2049
-2258
-1890
-2173
-1814
-1794
-1321
-560
-11
710
1275
2056
2488
2468
2068
1070
165
-865
-1724
-2236
-2826
-3269
-4066
-4325
-4474
-4626
-4743
-4674
-4313
-4332
-4397
-4161
-3632
-3217
-3017
-2907
-2695
-2963
-3189
-3111
-2913
-2471
-2214
-1075
375
1904
3254
4197
5634
5524
4827
3490
2383
1691
225
-145
-615
-82
43
367
1348
1436
1822
1101
791
366
103
597
912
2093
2589
3221
3595
3697
4041
3147
2156
909
149
-316
-644
-325
-234
-39
-194
-512
-522
-837
-1036
-1090
-623
763
2700
4470
5413
5569
4825
3728
2313
1420
11
-575
-1345
-988
315
902
2341
1748
2493
1465
1613
1547
1365
2084
342
594
-1191
-907
-1737
-2144
-2437
-3540
-2996
-3850
-2568
-2341
-1399
-1201
-1291
-727
-335
900
1337
1920
1934
1718
1594
1234
774
88
-1185
-2160
-2822
-2743
-2808
-3151
-3167
-3522
-3283
-3500
-3365
-3485
-4240
-4356
-4680
-3892
-3732
-3115
-2631
-2496
-1572
-1631
-463
-393
521
1107
1890
3384
3808
5037
4326
4097
2829
1691
1051
32
31
-533
-152
-74
92
722
752
997
704
509
476
112
687
903
1625
1919
2282
2874
2786
3360
3010
2951
1846
1004
211
-376
-191
-589
-166
-687
-420
-626
-269
293
69
245
-206
696
1295
2314
3338
3589
3574
2769
2270
1803
954
591
-237
-372
-192
47
1323
1285
2243
1612
1660
1471
1087
1612
373
699
-872
-1086
-1934
-2330
-2170
-3130
-2821
-3964
-3385
-3465
-2714
-1993
-1889
-1036
-1038
95
588
1494
1885
1612
1582
717
610
62
-290
-897
-1662
-1863
-2321
-2049
-2156
-2106
-2749
-3767
-4308
-4518
-4329
-4470
-4334
-4094
-3559
-2885
-2154
-1329
-859
-760
-466
-102
513
1071
2031
2909
3204
3087
2398
2046
1156
468
-308
-783
-771
-623
160
611
1259
1340
1084
934
445
551
491
791
946
827
1326
1428
2127
1935
1856
1683
1122
1239
806
1008
395
218
251
218
602
322
497
285
271
414
483
782
598
669
793
1226
1858
2019
2050
1582
1152
542
282
85
42
91
268
869
1308
2090
2100
2384
1882
1705
1387
970
1010
313
162
-1057
-1428
-2241
-2623
-2943
-3554
-3517
-4039
-3603
-3501
-2630
-2094
-1679
-1296
-1144
-453
-45
621
1016
1391
1496
1367
1173
610
-263
-1169
-1988
-2331
-2472
-2343
-2081
-2140
-2160
-2610
-2897
-3513
-3943
-4024
-4111
-3524
-3058
-1837
-926
-208
202
182
457
122
491
740
1400
1760
1909
2171
1761
1291
278
-297
-1146
-1613
-1527
-709
458
1309
1906
1846
1630
1071
807
446
165
-134
-215
143
730
1573
2000
2217
2024
1725
1496
1360
1389
1219
909
625
639
1000
1327
1387
1148
706
278
-225
-472
-506
-648
-807
-508
659
2011
2816
3083
3024
2504
1790
767
276
-428
-840
-759
-281
1094
1569
2564
2371
2529
2199
1592
1568
580
612
-743
-1056
-1746
-1839
-1772
-2558
-2547
-3393
-3107
-3290
-2682
-1870
-1273
-572
-614
-211
-47
223
473
515
898
1019
1153
1216
918
590
-576
-1472
-2324
-2611
-2324
-2223
-1804
-2020
-2195
-2527
-2785
-2642
-2873
-2944
-3154
-2808
-1726
-749
248
369
201
-194
-511
-202
83
566
651
748
1060
1333
1613
1285
479
-525
-1237
-1272
-525
373
1051
1105
915
879
567
823
473
550
152
98
887
1124
2048
1487
1540
825
523
880
691
1575
1153
1560
1333
1388
1906
1513
1757
883
856
604
441
1095
779
1101
159
-50
-199
-165
644
670
1623
1553
2153
2301
2179
2028
1096
535
-257
-149
381
1035
1797
2071
2206
2021
1231
740
-314
-934
-1779
-2191
-1998
-1910
-1220
-1482
-1290
-1510
-1547
-1123
-1090
-577
-771
-765
-677
-568
192
273
929
990
1185
1642
1477
1570
669
112
-886
-1547
-1751
-1755
-1313
-1231
-1180
-1127
-1362
-1616
-2064
-2647
-2726
-2910
-2268
-1910
-1001
-334
-58
480
262
593
110
-230
-555
-1041
-935
-1356
-1064
-1232
-1060
-471
-166
965
1132
1626
1018
534
114
-487
-459
-1088
-691
-847
-224
222
851
1413
1547
1872
1388
1404
1022
1033
665
373
361
298
733
996
1790
2010
1909
1509
903
757
493
804
716
709
492
225
356
339
727
702
760
775
1099
1591
1872
1683
1121
281
-341
-669
-676
-75
366
1128
1419
1952
2067
1788
1179
-88
-1076
-2298
-2815
-2914
-2541
-1843
-1491
-1035
-1011
-843
-829
-1034
-1059
-1339
-1169
-1097
-546
34
670
1031
927
974
726
754
435
321
23
-182
-267
-254
-13
-232
-549
-1007
-1464
-1758
-1899
-1744
-1658
-1619
-1394
-1371
-981
-1051
-719
-619
-701
-304
-110
598
395
338
-196
-835
-1208
-1887
-1763
-2051
-1833
-1573
-933
129
833
1637
1246
990
6
-697
-1082
-1526
-1221
-1621
-907
-661
495
1362
1636
2063
1130
1021
154
309
499
666
1239
1009
1737
1945
2372
2623
2090
1761
816
504
483
466
758
344
427
29
12
290
386
766
550
919
1030
1537
1797
1784
1658
896
606
160
323
526
731
1040
916
1194
1039
914
550
-306
-944
-1895
-2038
-2054
-1644
-1110
-921
-545
-756
-729
-954
-1190
-1339
-1478
-1324
-1036
-537
58
441
692
670
480
325
-41
-199
-485
-504
-492
-441
-471
-564
-668
-1094
-1382
-1577
-1572
-1626
-1678
-1609
-1453
-1352
-1017
-646
-175
-16
115
411
326
403
-39
-406
-932
-1578
-1757
-2019
-1834
-1827
-1675
-1238
-940
-259
-4
281
450
325
237
-7
-100
-349
-547
-512
-202
82
426
605
895
795
490
578
418
737
698
917
1121
1160
1617
1798
2349
2428
2381
2063
1584
1448
1366
1369
1082
819
249
-46
-274
-108
148
178
388
325
649
777
1117
1320
1296
1213
1034
914
760
736
572
458
85
14
-113
-34
-4
-50
44
-320
-438
-840
-962
-1022
-1193
-1122
-1265
-1014
-887
-630
-244
-99
162
94
214
336
418
537
508
568
464
436
494
504
441
219
-61
-233
-450
-452
-532
-558
-684
-929
-876
-1102
-961
-990
-897
-662
-669
-395
-342
-167
-232
-401
-657
-988
-1163
-1314
-1211
-1116
-923
-985
-1023
-1068
-1077
-851
-832
-398
-128
194
429
318
421
-33
-159
-371
-433
-154
-247
246
415
768
1030
855
846
403
371
529
757
1343
1512
1833
2051
2094
2487
2323
2247
1763
1228
959
551
524
204
113
-76
-255
-197
-148
95
210
261
461
650
899
992
966
794
383
56
-324
-399
-528
-522
-517
-330
-95
13
130
-107
-264
-718
-962
-1022
-1037
-977
-1120
-1226
-1241
-1273
-1077
-889
-692
-412
-293
163
424
697
771
552
388
-12
-105
-87
17
305
421
721
769
622
334
-352
-849
-1516
-1812
-1843
-1705
-1260
-917
-352
76
405
515
342
96
-226
-448
-469
-399
-415
-468
-641
-770
-784
-831
-655
-529
-331
-4
216
588
678
767
745
515
395
14
-85
-147
-121
173
305
648
668
680
688
559
615
372
424
425
597
965
1286
1723
1778
1801
1603
1466
1309
1162
1040
882
770
534
355
-49
-358
-786
-1136
-1283
-1251
-946
-613
-154
203
548
734
796
753
460
151
-184
-385
-455
-466
-391
-435
-404
-388
-300
-215
-216
-266
-403
-528
-702
-790
-1000
-1119
-1312
-1361
-1250
-1044
-657
-389
-41
171
281
313
170
-17
-261
-493
-478
-491
-277
-84
123
368
397
608
489
324
61
-376
-591
-986
-1172
-1206
-1266
-1048
-1028
-736
-585
-400
-219
-206
-45
-154
-72
-211
-109
-192
-250
-363
-577
-497
-626
-318
-146
240
535
620
901
817
924
677
346
201
-196
-26
-110
175
389
375
707
583
994
962
966
945
679
753
574
653
567
432
381
298
554
711
939
1035
856
737
320
108
-378
-748
-1085
-1391
-1319
-1320
-921
-721
-383
-160
46
289
320
405
236
116
-75
-323
-470
-659
-663
-574
-417
-57
128
396
395
280
106
-235
-446
-759
-883
-975
-897
-743
-522
-266
-167
-50
-39
58
184
289
376
311
221
6
-94
-190
-190
-90
-78
136
153
391
365
245
23
-496
-706
-1140
-1092
-1056
-818
-468
-283
147
258
497
431
376
267
93
84
-4
126
118
192
162
122
62
-109
-192
-224
-6
282
707
1065
1336
1450
1381
1250
1023
772
461
198
-22
-37
-27
80
167
149
217
104
220
280
454
671
663
797
600
543
308
161
140
20
137
-1
84
-43
-159
-351
-685
-937
-1329
-1506
-1616
-1433
-1116
-661
-197
254
600
803
811
655
453
109
-174
-489
-635
-705
-645
-500
-328
-104
-10
56
54
29
62
18
22
-14
-36
-53
-126
-97
-126
-10
27
169
296
396
360
174
-6
-268
-356
-556
-486
-392
-64
336
769
1258
1405
1396
959
557
76
-332
-628
-911
-930
-942
-742
-483
-187
130
189
300
277
396
470
474
505
357
374
156
134
45
59
164
225
518
675
907
914
890
837
736
629
466
350
317
302
314
376
400
416
277
182
42
-44
-143
-293
-278
-250
-116
-22
62
141
93
13
-163
-229
-298
-341
-318
-260
-130
-141
-203
-440
-672
-984
-1293
-1477
-1552
-1383
-1149
-774
-386
-8
229
304
306
273
239
175
133
92
110
85
65
21
-45
-93
-189
-180
-117
36
166
259
352
359
326
186
51
-61
-107
-120
-63
15
97
161
171
249
312
397
372
353
360
389
490
569
687
714
669
522
390
275
145
22
-136
-221
-322
-346
-378
-346
-303
-322
-271
-261
-91
71
255
396
447
460
333
192
26
-83
-151
-180
-140
-2
126
272
344
388
411
370
335
219
151
20
-83
-142
-145
-71
-33
6
13
34
60
67
55
-37
-146
-296
-392
-405
-361
-265
-239
-169
-132
-48
-10
-43
-114
-313
-537
-795
-1014
-1162
-1259
-1296
-1277
-1170
-965
-773
-542
-349
-140
15
106
197
207
216
132
85
28
30
21
-32
-60
-123
-127
-143
-65
33
148
246
277
356
387
395
328
228
135
31
-26
-40
8
45
26
-54
-108
-164
-169
-147
-61
98
235
409
490
589
584
494
341
117
-38
-273
-446
-598
-644
-609
-565
-455
-359
-226
-143
-47
57
167
224
215
186
168
171
118
58
-42
-99
-167
-158
-86
19
137
160
189
172
188
128
44
-54
-159
-215
-289
-256
-215
-144
-111
-87
-30
-10
27
-31
-91
-197
-326
-433
-522
-505
-486
-387
-275
-96
87
208
257
188
48
-206
-480
-779
-988
-1129
-1157
-1080
-881
-612
-386
-192
-61
78
145
209
233
241
225
178
167
175
225
223
186
131
111
116
130
172
202
219
210
228
290
362
424
416
392
338
289
245
215
224
213
192
143
114
81
51
20
23
56
112
192
289
421
553
651
673
624
474
255
-20
-282
-492
-634
-676
-641
-495
-290
-36
211
425
588
649
632
560
487
425
378
361
348
331
320
312
322
327
319
299
277
300
345
431
512
576
594
550
480
352
230
97
-24
-104
-148
-137
-118
-80
-46
-37
-32
-46
-45
-45
-54
-49
-50
-32
-24
-20
-40
-74
-124
-193
-273
-379
-479
-571
-632
-645
-594
-491
-348
-180
1
146
282
351
376
364
315
286
237
250
267
318
369
383
380
315
247
149
75
29
17
58
119
214
300
366
376
328
244
121
22
-68
-113
-140
-159
-173
-197
-206
-208
-189
-162
-105
-42
42
141
247
331
382
369
273
110
-109
-316
-508
-615
-658
-630
-537
-416
-248
-90
68
191
260
297
288
287
277
292
307
280
263
215
188
166
170
201
234
293
314
322
309
285
256
217
170
124
75
32
30
32
36
33
0
-82
-181
-301
-408
-476
-513
-491
-443
-354
-273
-189
-110
-64
-27
-55
-111
-218
-340
-464
-572
-654
-729
-772
-805
-776
-699
-564
-399
-243
-98
-10
50
67
85
104
117
151
175
210
246
285
310
295
245
164
49
-57
-124
-137
-81
8
118
204
253
257
191
101
-4
-99
-172
-215
-220
-214
-204
-200
-209
-225
-245
-252
-224
-139
4
187
360
488
536
485
346
139
-80
-278
-430
-514
-524
-481
-388
-259
-122
-8
79
126
137
138
125
128
143
171
176
167
152
135
148
190
267
334
358
324
258
167
88
33
-4
-22
-20
-6
36
79
115
130
77
-12
-150
-269
-346
-369
-344
-311
-269
-249
-251
-275
-288
-282
-258
-221
-190
-155
-129
-111
-117
-155
-244
-378
-532
-677
-750
-746
-658
-511
-361
-225
-156
-131
-126
-120
-86
-38
16
61
102
134
161
182
185
151
89
14
-38
-42
-2
65
117
131
106
67
44
50
75
92
72
12
-62
-150
-209
-234
-233
-204
-178
-130
-57
43
161
262
319
311
266
194
135
108
110
129
119
81
20
-60
-127
-160
-163
-152
-127
-92
-43
14
76
124
138
108
49
-6
-39
-11
63
166
249
283
280
231
172
122
89
63
49
60
83
118
161
189
177
111
3
-115
-233
-310
-327
-302
-257
-213
-200
-212
-240
-278
-297
-309
-314
-304
-283
-257
-209
-159
-134
-130
-158
-203
-260
-314
-354
-383
-397
-402
-408
-389
-356
-298
-217
-139
-45
25
82
115
141
166
191
225
252
290
319
344
362
365
361
351
330
313
307
311
340
384
434
466
470
436
367
276
195
141
113
116
137
167
200
240
263
267
271
261
266
280
305
348
400
452
480
487
464
415
341
255
180
111
67
37
27
52
75
111
148
179
200
194
177
155
154
170
213
274
322
361
374
373
362
344
323
301
269
233
204
180
167
169
167
145
115
77
50
16
-24
-62
-111
-169
-230
-279
-313
-330
-333
-336
-338
-333
-330
-328
-313
-296
-284
-278
-267
-253
-244
-240
-252
-279
-319
-359
-393
-410
-400
-359
-291
-217
-136
-55
9
56
96
126
166
210
258
311
346
373
387
388
374
371
367
349
329
306
298
300
300
302
291
270
245
215
202
199
205
209
197
177
146
112
76
37
17
5
8
40
74
107
133
146
139
123
107
101
107
109
105
86
56
8
-52
-114
-171
-213
-241
-248
-239
-225
-206
-194
-187
-172
-142
-99
-49
4
50
76
93
95
88
70
38
2
-28
-54
-71
-82
-87
-102
-137
-164
-186
-204
-226
-255
-287
-331
-364
-402
-421
-431
-444
-452
-467
-473
-483
-487
-490
-497
-482
-458
-428
-391
-350
-326
-337
-363
-407
-460
-498
-505
-487
-445
-391
-333
-276
-223
-172
-127
-77
-22
46
126
197
257
282
275
261
243
241
251
269
300
326
334
322
287
242
195
163
160
159
186
212
216
206
181
161
130
117
101
83
66
21
-19
-78
-139
-189
-225
-242
-237
-206
-150
-84
-30
13
34
20
1
-30
-75
-120
-173
-233
-290
-336
-363
-366
-352
-331
-321
-319
-317
-295
-259
-220
-169
-130
-104
-92
-85
-74
-57
-43
-35
-30
-24
-13
-11
-26
-61
-110
-173
-237
-280
-300
-295
-279
-271
-275
-297
-332
-375
-409
-421
-418
-387
-369
-347
-331
-330
-320
-310
-285
-251
-223
-199
-181
-179
-196
-231
-267
-303
-333
-334
-304
-247
-188
-134
-109
-103
-101
-95
-61
-2
81
153
200
223
230
232
238
263
288
310
328
333
327
311
268
210
144
76
32
9
10
29
46
46
42
30
28
46
75
106
113
100
50
-15
-79
-122
-139
-137
-117
-107
-88
-70
-56
-34
-17
-5
-2
-10
-23
-32
-45
-59
-70
-83
-97
-108
-114
-103
-91
-78
-81
-98
-119
-134
-137
-116
-71
-37
6
48
81
123
173
230
276
312
318
285
236
171
102
47
-8
-60
-98
-126
-133
-124
-105
-76
-55
-37
-22
-2
25
50
73
91
103
104
108
120
144
177
198
205
197
164
129
108
91
96
109
136
171
209
243
274
303
318
323
314
310
311
313
318
324
343
361
395
420
450
484
503
513
497
463
409
351
289
239
193
148
104
67
32
16
24
35
80
122
160
185
195
199
180
163
146
141
144
151
163
175
185
191
194
197
185
180
177
175
172
160
146
118
112
113
127
149
170
198
198
186
157
120
88
62
53
51
57
76
108
145
189
229
270
311
333
342
345
336
310
285
247
202
154
102
51
5
-31
-63
-81
-79
-62
-38
-3
26
50
66
74
85
89
101
123
149
163
177
181
163
137
110
91
82
76
67
64
58
46
36
38
37
35
47
60
75
92
105
117
118
122
113
96
98
101
110
115
115
103
82
50
8
-31
-72
-98
-123
-142
-150
-155
-158
-161
-151
-155
-165
-176
-183
-200
-208
-203
-198
-200
-205
-193
-171
-139
-103
-59
-26
2
22
24
27
7
-19
-52
-99
-137
-165
-178
-179
-172
-160
-157
-157
-165
-181
-194
-204
-199
-200
-198
-188
-180
-165
-145
-124
-99
-64
-28
-1
20
29
20
6
-23
-65
-107
-139
-162
-174
-166
-162
-148
-152
-163
-168
-177
-176
-181
-171
-169
-163
-146
-131
-106
-81
-56
-37
-16
1
6
0
-13
-33
-58
-81
-103
-115
-128
-137
-135
-119
-92
-70
-49
-23
-5
13
17
11
2
-20
-31
-51
-72
-88
-110
-125
-137
-143
-139
-119
-99
-73
-49
-31
-21
-22
-29
-36
-41
-51
-51
-48
-48
-49
-58
-73
-92
-120
-148
-175
-192
-199
-198
-182
-151
-102
-51
5
58
105
146
165
171
155
122
82
33
-8
-41
-70
-77
-89
-95
-91
-93
-89
-82
-74
-72
-60
-56
-57
-56
-61
-55
-53
-38
-20
-2
22
37
57
68
79
81
77
77
58
39
11
-12
-37
-59
-73
-87
-92
-95
-83
-79
-75
-76
-75
-63
-50
-26
2
38
65
92
111
119
131
135
129
112
84
64
39
13
-11
-37
-39
-32
-12
5
19
40
50
51
49
42
35
27
11
-7
-25
-43
-61
-79
-86
-84
-68
-36
9
58
98
123
135
133
121
100
88
76
65
62
60
48
31
19
2
-23
-50
-78
-96
-92
-77
-45
0
62
124
192
255
297
325
320
294
249
188
117
56
0
-43
-71
-90
-99
-89
-70
-58
-34
-19
1
12
18
30
36
44
52
73
93
109
116
119
117
117
103
97
84
66
58
32
11
-16
-39
-56
-55
-50
-38
-6
18
46
62
69
63
56
48
43
49
64
80
95
120
141
144
144
135
124
110
89
71
53
45
41
35
35
37
45
51
61
71
72
71
61
55
47
32
20
2
-21
-49
-70
-81
-92
-85
-69
-49
-12
24
54
77
89
96
87
75
60
40
18
11
1
-9
-13
-26
-39
-61
-87
-115
-129
-132
-125
-93
-42
26
98
167
215
242
249
230
188
141
89
43
8
-20
-39
-50
-61
-80
-98
-119
-132
-140
-135
-120
-100
-67
-37
-6
14
29
46
48
43
28
10
-2
-20
-28
-37
-46
-49
-61
-67
-85
-102
-122
-135
-133
-131
-111
-90
-74
-54
-44
-34
-22
-32
-35
-41
-53
-46
-46
-43
-41
-41
-38
-43
-51
-63
-75
-79
-90
-88
-82
-70
-54
-53
-43
-49
-55
-72
-95
-106
-126
-115
-98
-87
-58
-46
-40
-46
-69
-94
-131
-151
-158
-149
-117
-82
-40
-5
14
34
42
35
22
5
-1
-15
-22
-30
-43
-53
-77
-104
-128
-150
-164
-174
-175
-162
-118
-66
-23
35
78
101
111
93
73
46
13
-20
-37
-40
-43
-35
-40
-51
-70
-101
-133
-174
-195
-206
-206
-183
-146
-83
-31
17
59
87
91
75
50
16
-18
-45
-64
-77
-77
-84
-90
-96
-110
-124
-134
-142
-135
-114
-90
-61
-32
0
17
29
28
20
13
2
6
-2
2
9
7
4
-6
-25
-46
-67
-84
-93
-91
-77
-57
-23
1
26
44
54
57
43
40
36
21
15
6
13
16
10
1
-22
-49
-85
-106
-129
-141
-118
-87
-44
13
64
115
143
152
149
120
98
75
58
42
34
37
31
27
10
-14
-43
-73
-89
-96
-86
-53
-18
35
90
131
170
187
190
168
139
107
75
52
40
43
43
44
29
12
-14
-49
-72
-97
-112
-110
-86
-49
4
55
90
115
124
121
115
92
68
49
37
31
24
28
26
23
17
-3
-21
-43
-59
-66
-60
-43
-12
28
63
97
114
118
115
98
86
70
65
61
50
54
56
56
43
26
0
-17
-35
-43
-31
-17
14
43
76
96
119
126
136
133
110
99
78
58
39
25
11
-1
-19
-39
-56
-74
-91
-89
-78
-58
-21
18
65
105
132
143
141
127
110
95
90
84
78
82
75
69
53
29
3
-21
-42
-51
-44
-28
5
50
84
118
156
165
165
148
128
106
89
75
65
69
63
65
58
47
35
5
-25
-46
-59
-60
-53
-33
-3
28
61
90
101
105
94
78
61
42
29
23
27
32
40
43
41
43
24
11
7
-4
-6
7
26
46
69
94
108
111
111
106
101
87
75
69
61
52
45
35
24
18
-3
-9
-16
-17
-11
-4
17
37
64
85
98
108
106
96
80
65
58
51
33
16
8
-6
-22
-34
-47
-54
-53
-49
-34
-12
8
27
48
63
68
68
67
63
52
45
42
39
42
30
30
26
4
-8
-29
-48
-64
-75
-79
-63
-42
-19
7
35
47
53
55
44
30
18
6
-5
-9
-13
-11
-10
-12
-23
-34
-44
-56
-60
-73
-83
-78
-72
-65
-48
-42
-38
-26
-25
-26
-32
-43
-51
-50
-62
-68
-70
-75
-78
-84
-93
-101
-105
-111
-113
-111
-95
-78
-58
-37
-22
-3
-3
-8
-22
-42
-52
-66
-83
-94
-93
-97
-95
-98
-102
-99
-102
-105
-111
-109
-114
-108
-90
-80
-69
-54
-53
-51
-40
-44
-46
-55
-64
-78
-104
-128
-147
-172
-192
-195
-202
-196
-185
-160
-132
-113
-95
-78
-65
-63
-63
-63
-70
-75
-75
-78
-82
-79
-77
-86
-90
-101
-117
-135
-158
-168
-174
-176
-171
-157
-136
-111
-92
-73
-61
-48
-45
-53
-58
-64
-73
-84
-92
-99
-100
-107
-122
-134
-146
-154
-167
-174
-171
-172
-156
-135
-120
-105
-95
-82
-83
-84
-86
-88
-92
-94
-86
-85
-81
-80
-89
-99
-116
-139
-157
-167
-165
-160
-145
-129
-107
-79
-53
-26
-15
-5
-3
-13
-21
-39
-49
-58
-70
-75
-79
-81
-79
-80
-81
-76
-65
-61
-59
-50
-42
-32
-24
-9
2
12
27
40
52
56
45
31
5
-28
-53
-86
-118
-145
-161
-158
-143
-106
-64
-23
11
40
63
67
72
72
67
58
53
56
56
58
58
57
51
31
5
-17
-42
-57
-66
-70
-62
-37
-5
27
59
88
107
115
121
121
111
105
108
105
101
92
83
69
49
28
6
-10
-25
-28
-16
1
21
50
78
97
108
124
125
115
122
121
121
122
126
132
137
145
145
138
117
95
73
56
44
37
41
57
74
102
134
158
182
195
196
193
187
167
149
121
103
84
67
72
74
87
93
104
118
127
133
129
126
126
127
134
147
162
183
205
219
230
230
220
191
149
98
50
11
-19
-28
-20
-1
29
57
102
135
162
184
187
194
194
191
179
172
171
166
168
163
154
135
116
99
77
62
51
49
50
63
85
110
130
148
160
167
182
187
191
193
193
185
183
172
163
152
134
120
98
96
96
98
104
107
112
111
114
117
114
109
104
102
101
93
91
89
86
93
102
104
109
117
122
121
117
109
99
86
64
51
38
35
41
44
65
87
102
116
120
118
107
84
58
38
13
-1
-4
0
11
23
38
42
42
37
29
18
-2
-10
-10
3
26
51
74
101
123
129
122
100
69
35
2
-35
-62
-86
-95
-86
-76
-48
-21
-1
22
42
53
63
74
77
82
84
80
77
68
59
59
45
37
30
14
7
-12
-15
-28
-37
-38
-45
-27
-12
8
21
30
38
39
38
29
24
19
11
2
-1
-3
-5
-1
3
-1
-2
-10
-18
-29
-36
-39
-49
-57
-62
-66
-72
-77
-72
-71
-75
-75
-79
-70
-61
-44
-29
-23
-9
-6
-11
-25
-39
-63
-81
-100
-108
-113
-109
-102
-97
-68
-56
-44
-35
-27
-26
-26
-28
-42
-51
-57
-58
-65
-64
-68
-69
-70
-73
-78
-83
-84
-89
-81
-69
-50
-33
-9
16
34
52
57
56
42
13
-19
-58
-90
-117
-134
-142
-138
-122
-104
-83
-55
-32
-17
-5
-5
0
-2
-4
1
0
-1
-6
-4
-1
-6
-15
-27
-45
-56
-68
-78
-83
-90
-87
-85
-73
-63
-57
-41
-44
-42
-39
-42
-42
-45
-37
-42
-39
-34
-37
-31
-20
-14
-13
-15
-22
-25
-40
-47
-63
-73
-81
-87
-84
-87
-79
-71
-62
-61
-59
-50
-43
-33
-15
4
16
17
17
21
9
-4
-17
-35
-55
-76
-83
-83
-81
-66
-57
-36
-19
-7
7
5
10
9
3
-2
-5
-9
-12
-8
-5
-8
-8
-8
-22
-23
-24
-28
-26
-17
-1
15
34
49
74
88
93
92
85
67
42
25
3
-12
-22
-29
-29
-24
-5
8
24
45
50
65
76
82
82
79
77
74
67
58
57
53
51
56
47
37
31
21
15
12
9
2
4
7
15
28
31
36
35
35
27
17
18
15
21
17
17
18
18
29
30
33
29
22
18
1
-2
-10
-16
-19
-21
-22
-25
-16
-14
-8
-3
-1
7
19
28
35
46
54
65
66
64
57
38
29
10
-4
-16
-26
-21
-18
-12
-4
15
26
37
47
52
51
45
40
24
18
17
15
12
12
13
9
-1
-12
-12
-13
-11
-1
8
15
26
34
38
54
65
63
62
61
51
34
20
4
-10
-16
-24
-30
-19
-2
10
23
35
42
42
38
42
39
39
39
28
31
33
35
30
25
24
11
6
-6
-10
-13
-25
-29
-30
-20
-16
-9
-1
4
15
18
16
13
17
14
17
20
18
23
25
32
30
20
14
7
4
-6
-13
-25
-34
-33
-31
-32
-37
-37
-31
-25
-18
-9
-2
2
11
27
31
37
37
36
35
26
21
13
5
-13
-25
-38
-37
-28
-26
-22
-11
4
12
28
33
35
33
25
22
17
15
12
9
6
-2
-6
-9
-24
-30
-43
-52
-56
-58
-47
-42
-31
-16
-8
-3
5
9
6
7
-7
-24
-37
-44
-52
-59
-59
-52
-42
-34
-20
-17
-19
-12
-11
-11
-9
-11
-6
-3
-6
-5
0
-3
-4
-8
-14
-16
-27
-36
-42
-43
-50
-53
-50
-47
-44
-38
-29
-30
-26
-26
-25
-22
-24
-24
-27
-22
-19
-13
-8
-8
-10
-6
-7
-14
-16
-23
-32
-36
-40
-44
-47
-41
-44
-33
-27
-27
-22
-25
-18
-18
-9
-6
0
2
-3
0
-7
-9
-13
-24
-33
-39
-55
-50
-49
-48
-40
-30
-19
-9
-2
1
9
8
15
14
15
13
10
5
2
1
-10
-3
-11
-14
-20
-25
-28
-28
-32
-29
-21
-16
-7
2
10
18
21
8
0
-8
-20
-33
-41
-44
-45
-49
-52
-50
-45
-37
-32
-26
-22
-9
-4
-3
-2
3
-1
3
4
4
12
11
16
9
5
4
3
-4
-9
-9
-17
-15
-17
-12
-10
-6
-1
0
3
8
17
20
24
28
27
32
35
33
37
29
33
30
27
25
19
14
1
-2
-4
3
6
11
18
19
29
39
43
48
56
60
64
59
57
63
55
50
44
36
34
29
18
11
3
0
8
13
19
25
29
31
36
39
41
37
36
40
30
25
21
12
11
7
4
5
1
4
2
-2
0
5
2
5
21
19
25
35
39
41
41
38
35
32
22
13
1
-4
-10
-24
-22
-16
-14
-13
-10
-4
1
6
10
12
7
12
15
21
18
19
25
24
25
22
16
6
-2
-6
-7
-12
-21
-21
-27
-23
-16
-16
-8
-1
4
1
7
14
13
10
11
18
14
20
19
17
19
17
11
-1
0
-5
-11
-14
-20
-17
-22
-15
-7
-4
4
7
16
17
20
24
21
15
12
7
7
8
-2
-1
2
4
1
-3
2
4
9
12
15
17
17
26
26
33
36
34
37
31
34
25
21
17
16
15
15
17
17
21
19
20
15
18
19
24
26
28
38
38
39
40
42
43
46
43
33
21
22
19
11
7
5
5
6
18
16
18
24
24
29
32
29
34
44
38
33
35
32
32
30
19
21
11
4
0
-12
-18
-24
-23
-21
-15
-15
-12
-13
-11
-7
-8
-6
-6
-4
-7
-6
-9
-8
-8
-9
-12
-12
-11
-14
-16
-23
-23
-29
-30
-28
-24
-27
-25
-19
-20
-14
-17
-12
-7
-11
-11
-14
-17
-21
-30
-29
-30
-34
-32
-34
-28
-33
-35
-33
-35
-39
-36
-30
-29
-18
-10
-8
-6
-10
-14
-15
-15
-18
-27
-29
-31
-36
-35
-33
-32
-30
-23
-20
-14
-16
-20
-15
-15
-17
-18
-13
-18
-17
-19
-27
-24
-31
-39
-41
-44
-42
-39
-38
-40
-33
-31
-34
-25
-27
-24
-16
-12
-10
-14
-16
-20
-11
-6
2
2
-4
-5
-9
-7
-17
-21
-23
-25
-25
-24
-23
-20
-18
-16
-17
-15
-15
-16
-12
-19
-14
-13
-10
-7
-10
-7
-12
-7
-10
-14
-15
-23
-27
-30
-38
-39
-31
-26
-21
-18
-17
-10
-5
-8
-10
-16
-16
-16
-14
-15
-16
-19
-27
-29
-27
-30
-22
-22
-26
-22
-28
-29
-26
-25
-22
-21
-17
-11
-9
-4
0
-3
-9
-11
-15
-16
-13
-13
-12
-9
-5
-3
-4
5
5
5
13
10
9
10
9
9
12
12
17
23
21
22
17
15
6
-2
-4
-6
-6
-4
-4
2
3
1
0
-7
-3
-3
0
-1
-2
6
3
7
9
6
1
1
3
-2
-2
-1
-1
-4
-4
0
-2
-2
3
9
16
19
9
2
4
0
4
1
1
10
12
17
10
8
11
8
4
2
4
6
7
12
7
9
10
10
20
24
26
24
23
29
24
20
25
14
12
16
19
18
16
21
24
28
25
17
5
6
6
4
8
10
10
9
11
14
18
19
15
9
5
-5
-11
-12
-10
-8
-6
-12
-12
-4
-6
-2
4
1
1
5
1
4
10
9
11
13
12
15
13
9
6
2
3
-2
-6
-6
-3
0
6
2
-1
3
-3
-5
-1
-4
-4
-6
-15
-13
-9
-7
-5
-5
-10
-12
-16
-21
-14
-12
-14
-14
-12
-12
-9
-7
-3
-1
1
6
7
13
17
18
18
14
13
9
7
5
6
6
2
1
-1
1
2
-7
-10
-11
-5
-3
-2
6
10
12
8
9
7
6
3
1
1
-4
-4
-4
1
5
9
10
6
2
4
6
5
6
6
7
11
13
15
17
17
17
12
11
10
12
11
10
13
12
15
13
14
6
7
17
20
17
15
8
5
8
4
9
12
12
13
15
18
16
8
1
-5
-1
-1
-5
-3
-8
-5
6
1
3
-3
-4
3
-5
-2
-3
0
-7
-8
-4
-11
-7
-9
-10
-14
-12
-15
-23
-29
-26
-22
-20
-17
-15
-18
-19
-15
-12
-19
-22
-17
-19
-22
-15
-14
-14
-8
-9
-12
-9
-5
-7
-5
-1
-10
-11
-9
-12
-8
-8
-5
-1
6
9
9
13
5
4
4
-4
-4
-8
-3
-2
-2
-3
-4
-1
2
4
3
1
1
-5
-1
4
0
4
8
4
3
7
6
0
-9
-11
-11
-12
-8
-10
-14
-14
-9
-7
-5
-11
-14
-14
-16
-17
-16
-11
-7
-9
-11
-12
-17
-17
-23
-21
-24
-29
-26
-22
-19
-25
-21
-20
-16
-21
-22
-17
-18
-16
-14
-14
-15
-5
-11
-12
-12
-8
-5
-9
-6
-7
-10
-9
-9
-17
-13
-6
-10
-11
-10
-9
-6
-3
-11
-6
-5
-2
1
-6
-7
-9
-4
-1
-1
9
7
8
5
-8
-2
2
-1
2
1
0
1
4
1
0
1
-4
-3
3
2
-2
2
4
-3
-4
-4
-6
-1
2
1
0
-1
-9
-8
-9
-10
-11
-12
-13
-13
-8
-9
-9
-12
-4
-1
-7
-13
-16
-10
-9
-5
-11
-15
-12
-9
-5
-3
-3
1
4
2
3
1
1
0
9
6
4
3
-4
0
-2
-4
-6
-4
-9
-5
-5
-3
-4
-3
2
-7
-6
-9
-11
-6
-4
-1
-4
-10
-9
-9
-4
-6
-4
1
1
2
3
11
6
7
5
1
-1
-10
-4
0
2
10
8
8
9
8
12
6
4
0
4
6
4
6
6
2
0
3
1
0
-1
1
4
2
0
-4
-1
4
10
8
3
10
11
16
10
3
5
5
8
5
7
4
1
5
7
7
5
9
9
4
-1
-2
-4
-1
6
4
-3
-1
0
2
-1
-2
-1
-3
-1
1
11
12
6
1
4
9
8
10
10
14
15
15
16
16
19
22
23
19
17
19
17
18
20
22
25
26
25
30
27
26
28
26
27
28
26
28
29
26
30
29
25
15
15
17
15
12
13
11
9
10
5
6
7
9
13
8
7
6
8
11
8
4
5
4
11
10
12
13
10
8
9
12
13
11
6
7
2
-6
-3
6
3
7
8
6
9
4
6
8
7
1
3
3
0
8
10
3
3
4
2
-3
-2
-5
-5
-3
-1
-2
-6
1
-6
-10
-12
-8
-4
-8
-13
-21
-18
-11
-13
-22
-15
-19
-14
-11
-18
-18
-22
-23
-16
-13
-17
-10
-10
-12
-13
-18
-15
-12
-14
-10
-7
-7
-3
-4
-6
-8
-5
-4
-2
-3
0
4
3
3
8
14
8
3
9
12
8
5
2
4
11
17
20
17
17
14
10
9
12
12
2
-1
1
3
1
-6
-8
-9
-12
-9
-5
-5
-12
-14
-11
-8
-9
-18
-7
-7
-14
-18
-19
-10
-12
-16
-15
-15
-18
-16
-12
-14
-14
-17
-14
-9
-9
-3
0
0
-2
0
2
-1
5
1
8
15
12
14
6
3
1
-3
0
2
6
0
-4
-1
-2
4
0
0
2
-6
-3
-10
-11
-13
-16
-9
-10
-12
-14
-11
-12
-8
-11
-12
-9
-10
-5
-4
-3
-9
-11
-9
-9
-9
-11
-9
-12
-9
-10
-9
-12
-18
-17
-17
-17
-14
-16
-12
-4
-5
-1
-5
-5
-9
-8
-1
-2
-1
6
7
6
4
-1
4
6
4
1
2
1
4
6
-2
0
-1
0
2
7
4
5
7
2
5
6
9
0
0
-7
-5
-2
-9
-6
-6
-2
0
-1
-5
-3
-4
-6
-7
-9
-10
-12
-9
-18
-14
-12
-11
-14
-17
-7
-11
-7
-3
-9
-5
-1
-3
-4
-9
-10
-3
-1
4
6
6
2
0
-2
-4
-1
1
-2
-7
-9
-15
-16
-15
-17
-21
-22
-15
-14
-13
-12
-14
-7
-11
-9
-7
-2
3
-3
0
-2
1
3
-2
-4
0
4
3
3
-5
-5
-2
-5
-4
-4
-4
1
5
0
-3
-8
-14
-9
-9
-13
-7
-2
3
8
4
2
1
-1
-2
-2
0
5
8
9
7
2
4
8
13
15
13
17
20
17
13
5
6
8
9
11
10
13
13
15
8
3
8
8
13
11
11
14
10
3
2
4
1
4
1
1
2
6
6
0
0
-1
4
4
2
4
6
6
3
0
-2
-1
3
2
6
11
7
9
10
11
7
3
4
8
11
7
5
7
8
8
8
8
4
6
10
8
3
7
9
8
14
9
9
12
6
5
10
7
17
18
11
7
3
8
3
7
9
7
11
12
8
4
4
3
7
7
3
3
0
-7
-1
-5
-2
-7
-10
-9
-10
-2
-13
-10
-10
-16
-19
-18
-16
-24
-16
-15
-13
-3
1
-4
-11
-6
-8
-10
-6
-9
-7
2
1
1
4
4
7
9
7
5
10
14
9
11
13
12
6
8
9
4
9
10
5
1
6
10
8
5
8
7
8
15
18
16
15
14
18
15
14
18
20
20
14
18
16
20
22
20
16
13
16
15
8
6
12
2
3
2
2
3
1
0
-6
-13
-16
-17
-18
-14
-16
-17
-17
-14
-17
-16
-20
-18
-16
-22
-18
-22
-15
-11
-12
-13
-5
-3
0
5
3
7
5
6
7
8
6
9
14
15
13
6
7
6
5
6
7
8
6
5
1
1
-2
-12
-14
-12
-9
-8
-11
-11
-8
-10
-14
-13
-10
-5
-7
-13
-12
-9
-14
-12
-19
-20
-15
-18
-7
-8
-11
-13
-9
-9
-15
-13
-14
-13
-18
-21
-17
-12
-14
-19
-16
-21
-21
-18
-20
-14
-14
-17
-21
-14
-10
-10
-10
-12
-8
-8
-6
-5
-6
-5
-1
4
1
-2
0
0
3
8
14
16
14
10
5
6
1
1
4
3
8
11
11
10
7
12
12
10
6
9
13
14
18
14
13
16
10
5
8
10
13
23
20
21
18
19
17
16
18
18
18
11
4
3
7
13
9
12
9
-2
-3
-5
-5
-9
-4
-6
-7
-6
-9
-8
-16
-12
-12
-18
-21
-23
-26
-23
-24
-27
-23
-27
-31
-28
-23
-26
-19
-11
-14
-14
-23
-23
-13
-9
-13
-16
-11
-6
-5
-14
-17
-16
-13
-8
-6
-9
-15
-10
-10
-7
0
-2
0
-2
5
5
4
7
8
15
14
17
22
26
25
23
25
25
17
14
21
18
20
22
18
21
21
21
22
23
25
26
25
30
31
25
27
34
26
24
30
32
35
33
26
28
27
28
31
29
35
33
32
27
30
31
23
21
20
24
24
35
31
30
33
24
21
23
25
21
18
17
17
16
17
20
19
19
18
11
19
15
9
12
13
13
4
8
2
3
9
9
5
5
3
-5
2
0
0
3
3
-1
0
-2
-5
-3
-4
-2
-5
-8
-9
-15
-17
-16
-18
-13
-15
-14
-12
-15
-17
-18
-17
-16
-10
-13
-13
-12
-13
-8
2
3
2
-3
1
-2
-7
-3
-3
1
2
7
7
7
8
8
11
16
19
17
11
6
12
15
10
6
4
5
9
7
13
10
6
3
2
6
1
-1
-6
-2
0
2
1
3
-1
-1
6
3
4
1
12
8
4
8
9
12
8
13
6
2
7
6
1
-3
-4
-4
1
-1
-2
-4
-8
-2
-3
-5
-3
-3
-5
-5
-6
-13
-16
-21
-21
-14
-13
-12
-16
-14
-13
-13
-8
-10
-11
-14
-13
-11
-15
-18
-17
-12
-11
-14
-12
-23
-25
-22
-21
-18
-15
-15
-9
-3
-4
-12
-14
-12
-14
-10
-12
-9
-16
-27
-23
-25
-27
-24
-22
-18
-24
-22
-21
-23
-19
-26
-19
-21
-26
-25
-23
-14
-21
-22
-18
-17
-20
-15
-9
-11
-10
-9
-10
-7
-10
-9
-9
-13
-12
-14
-9
-10
-17
-17
-13
-17
-11
-4
-9
-11
-12
-8
-8
-5
-3
-5
-8
-6
2
7
1
-1
-4
-1
6
1
2
2
2
0
-1
-7
0
1
-1
-1
3
6
-4
-1
5
8
4
3
1
5
11
3
3
5
4
-4
1
4
6
3
4
7
5
8
6
3
4
10
11
7
9
8
6
10
6
6
12
14
14
12
16
12
9
6
13
19
18
20
21
23
17
13
11
9
6
4
5
3
0
-1
-4
-8
-7
-12
-9
-4
-11
-7
-9
-10
-9
-8
-4
-5
-3
-2
0
1
-3
3
6
2
8
7
7
5
6
6
2
5
0
1
-3
-8
-9
-9
-3
-5
-5
-8
-13
-17
-19
-19
-17
-12
-11
-10
-6
-10
-12
-13
-11
-6
-9
-4
1
-1
2
4
5
2
0
1
-1
-2
0
5
2
6
3
-2
2
6
6
6
5
2
9
11
14
10
8
11
14
10
7
11
8
8
13
13
13
14
17
19
20
20
26
32
29
32
34
29
30
29
19
26
32
29
32
28
32
33
32
29
27
25
21
26
26
28
18
16
21
11
15
15
10
13
13
14
20
14
10
11
4
-1
7
4
-5
-1
-1
3
7
10
14
6
3
4
3
8
17
13
6
6
4
5
6
6
3
7
7
9
7
-2
11
6
2
0
-1
-3
-7
0
-4
-4
-4
-9
-10
-9
-10
-12
-5
-9
-11
0
3
-3
-3
-2
-1
6
5
3
6
10
6
8
7
7
10
8
10
11
11
9
10
7
7
7
9
16
10
12
15
14
14
11
13
14
14
15
14
11
11
14
10
11
16
14
15
13
10
12
16
19
16
15
19
23
22
21
18
19
20
23
23
18
21
20
23
19
22
26
20
24
25
29
22
20
21
19
23
12
12
10
9
12
10
11
12
13
13
12
6
4
8
8
4
2
-2
-2
1
1
-2
-7
-9
-11
-13
-13
-16
-17
-15
-11
-16
-23
-24
-25
-25
-25
-29
-28
-26
-28
-28
-31
-30
-31
-28
-23
-23
-27
-30
-26
-24
-25
-30
-27
-24
-23
-18
-19
-22
-21
-23
-21
-20
-20
-19
-22
-15
-12
-16
-17
-11
-14
-18
-10
-15
-13
-11
-13
-10
-12
-12
-12
-10
-2
-8
-8
-10
-9
-7
-11
-13
-8
-2
-2
4
0
-7
3
0
-4
2
-1
4
6
4
3
-2
3
4
4
7
8
12
14
10
10
13
9
0
-1
11
11
12
6
8
8
11
10
3
8
5
1
-4
0
-4
-1
-1
-5
-4
-2
-4
-10
-8
-12
-12
-14
-16
-14
-16
-17
-26
-23
-19
-24
-18
-22
-26
-27
-26
-24
-23
-23
-30
-29
-26
-27
-28
-35
-36
-39
-40
-36
-36
-37
-29
-31
-31
-32
-31
-32
-34
-26
-23
-18
-21
-17
-13
-15
-13
-12
-10
-11
-9
-11
-14
-14
-13
-9
-13
-12
-9
-8
-11
-12
-16
-15
-12
-13
-4
2
2
3
-2
-5
-5
-5
1
0
-2
4
4
-3
-2
-3
-6
-8
-10
-8
-3
-7
-9
-4
-7
-5
1
-3
-2
0
-7
-6
-7
-5
0
-5
0
1
-3
-7
-1
-4
0
6
7
9
14
12
8
9
1
8
6
5
3
0
10
9
9
9
14
5
1
3
5
9
9
7
6
10
10
10
9
6
4
6
6
6
15
13
10
13
18
15
10
9
10
14
15
19
17
14
15
14
7
10
11
15
21
23
20
17
25
16
18
20
14
20
22
27
23
21
21
15
20
27
28
24
27
36
28
30
35
29
25
26
31
33
37
32
30
27
28
27
26
23
19
26
27
23
13
16
23
21
22
24
21
22
22
23
30
25
15
19
26
22
14
17
16
14
14
12
12
13
9
6
5
4
3
3
6
7
4
8
10
3
5
3
2
3
6
7
9
13
7
4
0
3
2
2
0
3
10
10
3
0
2
2
7
5
5
-3
2
3
5
9
3
9
7
14
10
13
13
15
13
7
17
13
15
20
15
15
18
16
17
20
15
14
22
17
14
6
-3
10
5
5
7
5
7
1
3
2
-4
-1
-2
-1
9
14
3
1
3
6
0
2
-1
-5
2
-5
-4
-2
-4
-2
-10
-12
-8
-10
-8
-8
-8
-11
-14
-10
-15
-12
-9
-12
-7
-9
-11
-10
-9
-7
-5
-8
-7
-8
-10
-12
-12
-14
-14
-9
-14
-21
-21
-14
-11
-15
-17
-18
-17
-14
-10
-14
-19
-16
-17
-14
-16
-12
-8
-7
-5
-9
-9
-7
-7
-4
-2
-2
6
2
2
-2
-5
2
-1
3
-2
-3
1
-8
-8
-8
-7
-6
-7
-8
-14
-11
-16
-21
-15
-17
-16
-19
-18
-19
-17
-23
-21
-16
-13
-8
-17
-15
-17
-11
-5
-8
-9
-2
-2
-4
1
-10
-7
-6
-10
-11
-6
-8
-13
-7
-16
-20
-21
-22
-21
-25
-25
-26
-29
-26
-23
-20
-20
-21
-24
-29
-22
-20
-23
-16
-20
-22
-17
-21
-18
-19
-19
-14
-11
-11
-15
-14
-18
-10
-5
-3
0
4
1
5
2
-2
6
-1
8
11
6
3
4
3
-1
1
-1
-1
-3
-2
-2
-6
-8
-7
-11
-6
-8
-10
-5
-6
4
0
-4
-4
-8
-8
1
2
0
8
5
5
9
5
5
2
7
7
7
9
3
5
6
4
-1
-2
0
-1
-1
0
-1
1
3
2
2
2
2
-1
3
13
11
11
12
10
10
10
15
17
12
17
16
5
8
5
7
8
12
19
8
18
15
14
17
14
17
11
8
4
-1
-4
4
8
-3
-1
-4
-14
-12
-15
-15
-12
-14
-14
-12
-16
-17
-17
-15
-12
-14
-11
-14
-13
-11
-11
-16
-7
-4
-7
1
-4
-3
-6
-5
-7
-9
-4
-5
-5
-5
-4
-3
5
0
1
-1
-8
-2
-5
-11
-9
-14
-16
-10
-8
-9
-3
4
-1
2
2
2
4
0
6
8
3
10
8
7
10
8
10
7
3
6
9
6
5
8
1
6
9
9
7
9
13
10
14
8
7
9
8
10
14
17
14
16
12
12
15
15
20
20
22
19
17
24
21
21
24
31
29
27
29
22
24
27
28
23
19
23
24
29
32
29
25
20
18
24
22
21
21
15
14
15
10
5
3
-1
1
7
4
-1
-2
-3
-2
-5
-4
-5
-9
-8
-5
-11
-15
-14
-16
-13
-17
-15
-12
-15
-11
-15
-21
-20
-20
-20
-17
-16
-19
-18
-14
-14
-14
-24
-19
-21
-23
-21
-22
-19
-17
-18
-20
-19
-24
-26
-23
-24
-25
-23
-24
-23
-18
-20
-18
-18
-20
-22
-23
-23
-18
-16
-16
-11
-17
-16
-16
-18
-18
-17
-10
-12
-14
-12
-11
-5
-9
-15
-16
-16
-10
-11
-14
-11
-11
-15
-17
-18
-18
-15
-11
-11
-10
-2
-3
-7
-8
-10
-12
-9
-9
-10
-6
-6
-2
0
-7
-8
-10
-14
-11
-17
-20
-22
-20
-12
-18
-17
-14
-15
-16
-19
-15
-13
-12
-13
-8
-10
-12
-12
-19
-17
-16
-18
-16
-14
-7
-6
-4
0
-8
-16
-13
-12
-16
-10
-5
-7
-5
-9
-10
-12
-13
-12
-6
-1
-3
4
0
-4
-4
-4
-1
4
7
5
8
5
-1
-4
-1
6
2
2
4
4
6
6
3
0
0
4
2
3
5
-2
0
-4
-3
-6
-13
-7
2
-1
-6
-8
-16
-13
-14
-7
-4
-9
-8
-9
-7
-10
-11
-10
-6
-6
-3
-2
-5
-2
0
-2
-4
-1
-1
-5
3
7
5
9
12
10
10
14
8
12
13
16
22
20
16
23
28
23
27
29
32
28
25
26
31
36
35
35
35
37
39
34
32
33
28
28
27
24
29
31
27
30
25
26
25
25
32
25
26
22
22
21
17
14
11
13
10
11
7
2
-1
-2
-4
-5
-2
-2
1
-3
-3
1
3
-2
0
2
-1
3
-3
2
0
1
5
3
4
1
7
9
11
18
13
6
9
12
12
11
19
14
10
14
4
12
6
7
16
11
12
11
7
8
8
10
5
-1
5
7
7
3
7
4
8
11
15
16
8
13
12
15
16
14
16
14
16
15
18
21
20
16
18
16
14
15
13
14
11
5
3
2
1
4
9
2
-2
0
-1
1
-5
-7
-5
0
-2
-1
0
-4
1
-1
-2
1
3
4
3
5
3
1
4
1
3
5
3
1
-1
4
8
8
4
1
8
13
14
18
11
8
3
1
4
2
4
8
5
2
-5
-3
1
-8
-3
0
1
3
3
4
8
6
2
8
2
8
8
5
7
10
8
5
12
8
2
4
9
15
11
8
5
5
4
-1
0
2
3
0
1
2
-2
-2
1
-3
-6
-3
-2
1
0
1
0
-3
0
-4
-6
-3
-4
-4
2
-1
-5
-5
-2
1
5
7
2
4
5
5
4
2
0
-1
2
-1
-3
-3
-4
-4
-11
-11
-11
-14
-12
-13
-17
-16
-10
-18
-25
-24
-17
-18
-17
-15
-23
-24
-24
-20
-19
-15
-9
-4
-2
-11
-12
-14
-11
-12
-15
-14
-17
-13
-12
-13
-10
-12
-16
-16
-14
-19
-14
-17
-14
-14
-18
-17
-27
-29
-31
-31
-34
-35
-36
-38
-35
-37
-37
-41
-36
-32
-28
-26
-34
-36
-32
-25
-28
-31
-32
-33
-29
-23
-32
-30
-32
-27
-21
-27
-24
-23
-22
-25
-27
-32
-31
-31
-34
-33
-28
-32
-36
-32
-27
-25
-26
-16
-14
-13
-15
-17
-13
-15
-13
-17
-14
-12
-13
-16
-18
-13
-6
0
0
-1
3
2
2
0
1
-1
-5
1
-4
-4
-2
-6
-4
-9
-3
1
-3
-1
-1
-3
-8
-1
-6
-7
4
-4
0
4
-1
2
1
7
13
10
18
17
18
18
18
21
17
23
18
20
22
18
21
25
24
19
17
15
19
22
24
18
15
15
10
9
9
9
3
2
1
-4
-5
-3
4
-3
-3
-3
-7
-2
-4
-5
1
-2
-3
-1
-5
-10
-12
-14
-10
-10
-12
-11
-11
-7
-7
-6
-11
-13
-17
-16
-9
-14
-10
-11
-14
-11
-11
-7
-13
-15
-14
-15
-11
-9
-10
-12
-11
-7
-5
-4
-2
-4
0
1
3
5
2
-3
1
0
4
10
7
10
7
12
15
