-6
-3
-2
3
6
0
-3
-4
-1
-5
-4
-11
-12
-10
-9
-3
-7
-10
-8
-8
-9
-8
-5
-3
-6
-5
-2
-5
-5
-1
0
-4
-9
-7
-6
-2
-4
-3
-3
-8
-1
1
0
-5
-1
-5
-5
-5
-6
1
-3
1
-3
2
0
-5
-3
-3
-3
-5
-4
1
-3
-12
-7
-2
0
-7
-5
0
-1
-1
1
3
-1
-5
-1
8
10
12
7
4
6
6
9
12
10
8
8
10
7
10
12
3
6
5
8
7
9
10
6
15
11
16
21
16
9
16
20
20
23
15
14
12
16
18
16
21
15
16
15
10
11
15
14
6
10
15
16
8
7
9
6
10
9
10
10
5
9
11
15
11
3
-3
0
-1
-4
0
-8
-10
-12
-10
-6
-8
-16
-15
-12
-11
-5
-7
-9
-9
-7
-10
-8
-1
-5
-6
-5
-8
-4
-1
-6
-4
-7
-7
-9
-3
3
-3
1
0
0
4
6
5
4
1
8
11
7
9
6
6
8
10
14
13
15
14
10
17
19
13
10
10
14
12
11
15
14
8
1
7
12
6
-1
2
6
2
2
3
6
-3
-8
-1
4
2
-6
-1
-3
0
-4
3
2
-10
0
-2
1
9
4
-1
2
4
7
6
9
12
5
2
2
7
7
1
-2
6
10
-1
-3
5
5
-4
-1
4
3
-1
0
3
4
-3
-7
-5
-2
-9
-9
-1
-1
-7
-12
-4
5
-3
-9
-4
-7
-11
-6
1
-3
-10
-10
-3
-1
-9
-6
-2
-3
-4
-7
-6
1
-5
-7
1
1
-7
-3
-3
-9
-5
3
6
-2
-3
0
-1
-9
-4
4
-1
0
-2
-5
-5
-3
-2
5
2
-5
5
6
3
-2
3
7
-4
-4
4
2
0
2
3
1
0
2
4
4
1
3
9
2
2
7
0
2
2
1
2
3
0
-2
-6
-6
-2
-2
-3
-3
-2
-8
-7
-4
2
-1
-5
-5
-3
-6
-2
5
2
0
-4
-8
-3
-1
-2
0
-1
-4
-6
-2
-4
-5
-1
-5
-4
-3
1
-3
-8
-7
-4
-4
-9
-9
-7
-9
-11
-8
-7
-6
-14
-16
-13
-12
-10
-11
-9
-8
-8
-12
-14
-13
-11
-9
-10
-13
-13
-11
-10
-14
-14
-11
-15
-11
-9
-14
-11
-6
-4
-10
-11
-8
-6
-12
-12
-11
-12
-3
-8
-10
-2
-6
-9
-10
-9
-8
-6
-8
-11
-10
-9
-8
-8
-2
-2
-4
-4
-2
-2
-6
-1
-4
-7
-11
-5
-3
-9
-12
-10
-5
-6
-13
-18
-17
-18
-15
-17
-15
-6
-14
-13
-11
-12
-15
-17
-11
-11
-6
-6
-10
-8
-8
-7
-5
-7
-3
-3
-9
-7
-4
-8
-3
-1
-5
-2
-5
-5
-2
-2
1
-1
-3
-3
0
6
2
-1
1
4
4
3
5
3
5
2
2
2
-3
-1
-3
-6
-6
-2
-1
-1
-3
-7
-2
-2
0
4
1
6
4
1
4
0
-3
-4
2
2
-4
-4
4
-1
-4
0
-4
-4
-2
-3
-6
1
0
-2
-4
-9
-10
-8
-1
-2
-6
-5
-1
-11
-8
4
-4
-11
-8
-4
-5
-10
-5
-11
-16
-10
-10
-11
-15
-12
-13
-13
-15
-15
-12
-18
-13
-12
-8
-12
-12
-6
-8
-13
-12
-8
-3
-8
-12
-6
-7
-10
-8
-6
-10
-9
-6
-6
-4
-4
-7
-8
3
0
-4
-3
2
2
-2
3
3
11
6
0
12
12
6
7
12
2
-1
8
10
5
6
14
10
-1
-3
8
8
6
-1
-9
-1
4
-2
-1
5
0
-2
-5
-4
-1
6
1
-7
-4
-2
-5
-5
-2
-2
-3
-5
0
1
-2
-2
4
-1
-9
-4
-1
-2
-1
5
2
3
2
-1
10
10
2
3
3
-2
-8
-5
5
-1
-9
-7
7
3
-3
4
8
0
-10
4
8
5
-6
5
9
-1
2
5
7
-5
-1
-1
2
2
-2
0
8
15
-1
-4
6
7
2
0
9
9
1
-6
1
12
-4
-6
2
-7
-7
-1
-2
-9
-10
-4
-7
-13
-7
-6
-11
-16
-6
-3
-11
-17
-18
-6
-7
-19
-12
-1
-5
-15
-8
3
2
-3
-4
-6
-11
-4
3
0
-4
4
5
-6
-10
-3
8
-1
-11
-2
8
2
-3
3
4
10
1
3
9
4
4
4
12
7
-2
12
8
8
5
3
9
3
7
12
9
4
12
16
13
12
8
10
16
11
9
11
12
13
17
15
12
18
15
11
12
17
12
6
12
15
11
5
5
11
7
3
11
16
7
-1
12
16
9
7
8
12
14
10
10
19
8
1
10
11
15
11
10
9
3
8
9
13
6
0
4
12
10
3
16
11
4
5
10
6
5
7
1
-7
-4
9
4
3
6
4
-6
-6
7
7
2
4
10
-3
-11
-5
5
-1
-7
-5
-1
4
0
-8
-4
-1
-2
-3
-7
-6
-7
-3
-6
-15
-10
0
-2
-7
-5
-6
-2
-1
-7
-6
-5
4
1
-11
-2
10
2
-2
0
6
6
3
5
0
5
12
7
-1
6
6
5
1
2
9
6
8
12
8
1
6
9
7
8
3
8
12
9
3
5
12
11
8
11
10
9
13
17
16
13
7
11
15
12
8
15
24
16
10
10
21
14
8
18
18
12
15
20
9
13
18
13
6
12
22
16
11
8
17
16
12
14
12
9
6
14
12
11
16
11
11
13
14
11
18
18
13
13
9
15
15
11
15
15
6
10
17
12
8
4
10
15
8
4
10
8
-2
2
9
4
2
4
-1
-4
1
6
6
5
0
0
2
3
1
9
13
3
1
0
4
4
-1
-1
9
10
3
2
5
11
-2
-4
9
9
0
0
7
-3
-5
3
3
1
-2
4
5
0
0
9
17
0
6
18
17
11
10
13
14
16
7
7
6
3
2
9
8
-4
3
8
7
-2
5
13
4
-6
2
11
-1
-8
-4
2
-2
-2
2
1
-3
-5
6
-1
-12
-8
-1
-4
-9
-3
2
-2
-7
-1
3
1
-3
0
0
-3
-3
-7
-7
-6
-3
-4
-5
-2
-1
-6
-6
-1
-3
-2
-5
-3
-1
0
-1
0
4
4
-1
-4
-4
-7
-3
-2
-2
-8
-9
-6
-6
-11
-9
-3
-6
-6
-12
-8
-7
-7
-11
-7
-2
-13
-15
-9
-7
-18
-9
-4
-14
-14
-8
-4
-15
-15
-13
-6
-9
-18
-12
-16
-23
-18
-12
-12
-22
-25
-18
-11
-20
-12
-7
-19
-20
-11
-6
-16
-12
-5
-11
-16
-10
-1
-13
-25
-11
1
-8
-16
-11
-6
-9
-16
-13
1
-2
-15
-15
-4
-6
-9
-3
-8
-13
-11
-10
-7
-9
-10
-5
-7
-11
-12
-8
-5
-5
-12
-13
-7
-12
-11
-10
-6
2
-6
-19
-11
-7
-10
-9
-3
-1
-13
-10
-3
-1
1
-4
-11
-6
-4
-1
0
-3
-2
-1
8
4
-3
-1
6
5
1
-3
0
0
-5
1
1
8
4
1
-1
-4
8
10
3
1
1
-2
5
9
9
3
8
8
-1
3
9
9
-2
-1
7
6
10
9
6
8
10
10
16
12
4
9
14
12
1
11
16
8
3
1
13
5
4
11
10
11
5
8
14
8
8
10
10
4
-2
4
6
3
9
12
5
0
4
13
11
4
8
9
4
4
10
7
3
8
14
7
2
15
20
6
-1
8
16
7
1
10
12
7
8
9
15
13
8
12
9
7
10
11
11
7
8
8
7
3
5
12
10
5
9
13
7
4
11
10
7
10
6
12
10
8
10
14
10
5
8
8
7
2
9
12
9
3
5
7
7
11
6
8
8
-1
0
4
3
4
5
3
6
7
-1
-3
-1
3
4
7
9
3
0
3
10
3
2
5
6
4
3
4
13
11
5
11
6
8
14
12
5
5
9
9
6
2
8
13
10
1
10
16
10
2
9
15
9
3
6
13
8
-2
0
5
-5
-2
5
1
-1
-4
-1
4
6
1
-2
-5
-7
-7
0
-1
-6
-3
-4
-6
-4
0
0
-4
-7
0
0
-2
0
-3
-3
-5
-5
-9
-16
-5
4
-6
-10
-7
-1
-3
-2
-4
-1
-1
-8
2
3
-3
3
4
-4
2
2
5
8
2
-3
2
5
0
1
6
8
4
-2
2
4
-2
3
6
6
2
-1
11
4
-3
-3
7
10
6
3
-1
8
4
0
5
14
10
2
5
12
7
7
12
9
12
13
8
6
2
0
4
8
-1
1
6
-2
-7
0
9
4
0
-1
2
0
-3
4
4
-1
-6
-2
-7
-2
1
-2
-1
-1
4
2
-5
-3
2
0
-5
-4
2
-10
-8
-7
-9
-10
-11
-12
-10
-4
-14
-9
-6
-6
-11
-12
-11
-6
-6
-15
-11
-7
-10
-9
-2
-9
-15
-2
-2
-12
-12
-7
-11
-16
-11
-3
-5
-5
-4
-5
-11
-11
-9
-9
-8
-9
-11
-12
-8
-11
-6
-5
-6
-2
-4
-4
-3
4
-1
0
2
1
2
-6
1
1
-9
-5
-2
-1
-6
-6
-2
3
1
-11
-9
1
-1
-17
-11
-1
-3
-11
-11
-3
-5
-10
-10
-8
-10
-9
-6
-10
-13
-13
-12
-5
-6
-14
-6
-2
-10
-10
-4
-4
-5
-5
-9
-13
-5
-9
-16
-8
-4
-6
-11
-12
-9
-14
-13
-8
-3
-4
-12
-7
-8
-7
-1
-8
-5
-6
-6
-4
-15
-4
-1
-10
-1
-3
-2
-4
-4
1
-5
-1
2
2
-2
0
4
-2
2
3
-2
4
6
-2
-1
1
-7
-7
-1
5
1
2
4
6
8
0
6
8
8
6
5
6
5
0
1
1
-5
0
2
5
3
2
1
3
2
-1
-1
1
0
-1
-2
-7
-3
-1
0
0
2
0
-1
1
-5
0
-2
-1
-1
-3
-6
-5
0
1
0
0
1
4
2
0
4
5
4
4
1
3
3
0
-4
0
4
1
-1
2
5
0
2
-1
1
5
5
3
1
1
3
6
0
4
8
3
1
4
6
7
6
8
6
5
10
12
16
12
8
10
15
11
10
8
9
11
3
8
13
10
3
8
8
5
8
8
9
9
6
6
6
9
10
10
10
8
11
9
5
4
4
6
7
2
8
9
4
2
2
2
2
2
5
5
-1
-5
-3
2
4
4
-3
-9
-4
0
1
-5
-3
-1
-1
-1
-3
-1
0
-2
-2
-3
-4
-4
-4
-7
-3
-3
-4
-3
-4
3
-4
-3
2
1
-1
0
-3
1
2
-1
3
3
5
-5
-1
7
-2
-3
2
6
8
8
3
-7
-2
4
-2
-2
-1
1
0
3
5
8
11
12
13
7
12
16
15
14
12
18
17
18
22
15
16
24
21
14
16
22
21
19
17
19
25
18
14
23
25
15
17
23
23
16
19
17
17
21
17
17
14
23
22
14
21
16
9
7
7
11
5
5
4
3
5
4
4
3
1
1
-5
-2
5
-3
-4
-2
-2
-2
-1
3
-2
-6
-3
-3
-5
-5
-5
-4
-7
-6
-8
-10
-12
-13
-12
-9
-9
-12
-9
-9
-5
-12
-7
-2
-12
-8
-9
-6
-5
-7
-4
-11
-14
-10
-10
-11
-11
-5
-5
-11
-14
-12
-10
-18
-15
-8
-9
-17
-20
-9
-11
-11
-9
-10
-10
-17
-12
-9
-10
-6
-8
-6
-12
-12
-4
-7
-8
-2
-2
-1
-3
-6
4
4
1
-7
-3
6
2
7
2
-1
2
3
9
2
1
5
4
0
-6
3
4
-6
-3
1
-2
-4
1
-2
-5
-1
5
3
1
4
11
6
0
8
8
6
1
7
11
6
8
10
9
8
4
2
3
4
6
1
1
3
2
-1
-1
2
3
6
1
-1
0
6
8
1
4
2
3
0
-2
3
1
0
-4
-2
4
-2
-4
-8
-8
-3
-2
-6
-12
-9
-10
-13
-14
-19
-14
-13
-21
-20
-13
-13
-15
-12
-17
-21
-19
-17
-18
-18
-12
-13
-15
-11
-14
-18
-17
-10
-10
-11
-12
-9
-8
-12
-10
-16
-11
-13
-12
-10
-11
-2
-6
-9
-3
-5
-8
-8
-4
0
-4
-2
-2
8
4
-6
1
10
10
1
9
7
8
6
7
9
4
9
5
4
-2
3
7
6
8
7
9
4
7
7
7
6
5
8
4
3
5
6
4
4
11
6
9
8
4
8
7
11
12
10
8
12
10
7
16
11
11
9
11
13
11
11
5
11
13
8
7
10
11
5
6
3
1
7
8
6
2
3
5
3
4
6
12
4
-4
1
2
8
1
0
3
1
-1
0
7
6
0
0
3
-4
-3
-1
-4
-2
-2
-4
-4
2
-2
-2
5
2
-5
-3
0
-1
-1
-2
0
-2
-5
-7
-7
1
0
0
6
5
-3
-1
-3
4
5
2
4
1
4
-5
2
7
3
3
2
-3
2
5
-1
0
-1
1
-2
3
2
-4
-4
-3
0
2
3
5
3
-2
0
-4
3
4
0
2
2
2
1
1
2
-1
3
3
2
3
-1
2
2
4
7
7
8
4
4
5
3
7
7
6
6
4
4
5
6
4
5
5
6
6
6
5
-2
1
2
-1
4
-3
-3
2
0
-1
3
5
4
2
-3
2
4
3
6
5
3
5
1
1
2
6
6
3
4
1
5
6
10
9
5
9
13
14
7
5
3
3
4
7
2
8
13
6
4
8
7
7
5
6
7
2
7
10
10
6
0
4
7
1
0
1
2
7
0
0
-4
0
0
1
1
1
6
6
1
-2
4
-1
-2
-1
-4
-6
-1
1
-1
-2
1
2
1
-3
-9
-2
-2
-5
-8
-3
0
-4
-10
-5
1
-7
-3
-8
-8
-7
-8
-6
-9
-7
-3
-7
-7
0
-8
-4
-1
0
4
-1
-3
-3
-2
-6
-3
1
1
-1
-1
0
-2
1
4
3
-1
-4
0
1
3
-2
1
6
6
8
4
1
5
6
2
1
5
4
0
5
4
7
4
6
9
7
5
2
5
0
-2
1
3
6
5
-1
2
4
2
2
1
2
0
1
-1
1
1
-3
-7
-2
-6
0
0
-10
-9
-9
-1
-5
-4
1
-5
-2
-2
-1
3
2
4
1
-5
6
1
-7
-7
-5
7
6
-1
5
4
-1
0
-2
4
4
2
1
1
4
4
3
4
9
9
9
8
8
5
7
4
8
13
11
13
13
17
15
14
9
9
11
10
19
18
16
13
13
14
10
13
17
10
9
11
18
18
16
19
14
13
11
9
12
14
14
12
14
13
11
11
8
7
9
12
10
8
8
11
12
9
10
12
7
6
10
8
5
10
8
3
4
6
10
10
7
9
11
12
12
7
7
9
4
2
11
6
2
6
10
12
8
5
4
7
6
5
5
3
3
2
7
0
-2
3
0
-1
4
6
5
2
0
0
-2
3
-3
-3
-3
-7
-3
-3
-8
-14
-9
-7
-9
-7
-9
-10
-13
-12
-15
-17
-13
-17
-15
-20
-23
-20
-25
-21
-23
-23
-24
-29
-25
-29
-30
-27
-27
-29
-32
-28
-31
-27
-30
-35
-27
-28
-29
-30
-24
-24
-27
-25
-28
-25
-25
-25
-20
-23
-24
-26
-21
-18
-19
-18
-14
-14
-16
-9
-11
-16
-13
-8
-6
-7
-11
-15
-8
-4
-2
-5
-2
-1
-3
0
-3
2
0
0
0
0
2
3
4
-1
-2
1
2
-3
4
9
5
6
1
5
3
2
9
3
-1
3
4
0
1
2
2
-2
0
2
2
9
-2
1
5
2
1
2
3
0
0
-6
-3
2
3
1
0
-6
-10
-2
-3
-8
-5
-1
-4
0
-2
0
4
-3
-3
-3
-2
-3
-4
-6
-10
-13
-7
-9
-11
-8
-13
-11
-10
-9
-16
-18
-13
-12
-15
-14
-15
-15
-10
-16
-15
-14
-15
-17
-16
-9
-12
-11
-9
-14
-16
-15
-12
-11
-17
-15
-12
-12
-11
-11
-16
-13
-11
-6
-2
-9
-8
-11
-9
-7
-3
-2
-9
-4
-9
-4
-4
-5
2
-3
-5
-7
-3
1
-6
-4
-1
0
-1
-1
4
2
2
6
7
6
9
7
0
6
4
2
-3
1
6
2
6
7
2
3
7
6
4
5
6
6
6
-1
3
8
5
4
7
10
7
6
3
3
6
6
7
4
4
8
4
4
10
10
5
8
13
8
9
8
7
5
5
7
3
6
3
8
9
4
7
9
4
-1
-2
-2
0
4
4
1
2
-4
-3
-1
-3
2
-2
-1
-4
-6
-2
-2
-3
-4
-2
-2
0
-5
-9
-5
-5
-8
-7
-1
-6
-10
-12
-9
-9
-9
-3
-6
-9
-6
-2
-6
-4
-9
-6
-3
-9
-3
-3
-4
-9
-8
-5
-3
-4
-7
-1
-4
-1
3
3
3
3
2
5
4
1
5
4
5
5
8
9
5
8
7
6
6
12
12
9
8
9
9
10
11
3
8
13
15
13
9
12
9
8
8
10
15
13
12
16
18
17
18
14
15
9
8
15
13
7
6
8
8
10
11
11
7
3
8
4
8
7
2
1
2
2
-2
3
-3
-7
-6
-5
-1
-5
-6
-8
-7
-4
-7
-9
-9
-8
-8
-6
-11
-13
-11
-11
-12
-9
-10
-13
-17
-14
-15
-14
-13
-15
-9
-14
-17
-14
-15
-15
-16
-11
-9
-7
-11
-7
-9
-11
-5
-7
0
-3
-3
-4
-6
-2
-5
-4
-7
-5
-2
-6
-5
-1
-5
-4
-8
-6
-2
-1
3
-3
1
-4
-8
-4
-9
-6
-9
-7
-7
-6
-8
-8
-8
-7
-9
-7
-4
-12
-7
-8
-8
-10
-7
-5
-2
-4
-7
2
2
-3
-5
-1
-8
-3
-4
-11
-8
-8
-7
-10
-12
-12
-10
-9
-11
-12
-12
-13
-11
-10
-13
-13
-10
-10
-13
-7
-9
-10
-10
-12
-13
-12
-8
-8
-10
-5
-3
-7
-6
-2
-6
-9
-7
-12
-11
-11
-11
-10
-11
-8
-9
-6
-9
-7
-6
-11
-4
-1
-6
-3
-5
-4
-6
-10
-11
-14
-9
-10
-13
-7
-6
-6
-7
-12
-11
-11
-10
-7
-6
-2
-4
-11
-15
-10
-7
-8
-7
-13
-15
-13
-12
-15
-19
-18
-15
-17
-13
-11
-15
-15
-20
-25
-25
-19
-13
-14
-14
-15
-19
-14
-13
-17
-21
-22
-20
-14
-11
-11
-8
-10
-13
-8
-6
-10
-7
-4
-5
-3
-8
-7
-5
-5
-4
-2
0
-1
0
0
0
-4
2
9
3
1
3
2
-1
-3
6
4
6
12
15
17
16
18
12
14
6
7
15
10
14
11
4
8
4
1
5
7
9
9
11
10
11
3
-5
2
2
4
4
3
5
1
5
7
6
5
5
9
2
-1
4
0
-2
-1
4
4
3
8
6
2
3
6
5
5
11
11
10
5
2
3
4
5
6
8
9
8
8
8
3
-2
-5
2
1
0
-3
-11
-3
-7
-6
-3
-2
-4
-9
-6
-12
-14
-11
-11
-13
-15
-19
-13
-15
-21
-18
-18
-17
-18
-21
-18
-18
-20
-14
-11
-15
-16
-11
-16
-11
-7
-9
-10
-7
-7
-11
-10
-8
-9
-8
-2
-6
-8
-6
-10
-11
-6
-1
-5
-4
3
7
5
-1
-3
-2
0
5
7
5
6
7
6
5
4
9
7
7
7
3
10
10
7
4
3
4
4
9
5
7
10
10
14
7
8
9
7
12
12
12
10
11
4
5
4
3
-2
4
11
10
15
16
18
18
17
19
19
15
18
26
26
17
17
16
10
15
15
15
13
14
12
9
13
14
13
9
8
10
6
5
6
6
10
9
12
8
4
7
8
9
13
10
10
13
12
5
-1
5
-2
-4
-6
-8
-4
-6
-1
-5
-8
-6
-9
-8
-8
-12
-10
-10
-9
-6
-11
-9
-14
-13
-6
-8
-7
-8
-14
-12
-7
-5
-6
-5
-2
-5
-6
-8
-12
-7
-10
-11
-10
-2
1
3
-1
-4
-2
-4
-2
-6
1
1
1
8
0
6
3
-5
-2
-1
-1
1
1
1
3
5
8
11
7
8
3
1
7
10
12
8
10
6
5
4
0
2
-3
-6
-5
2
6
-4
-6
-4
-7
-9
-5
-7
-4
-2
-10
-5
-6
-10
-14
-15
-13
-22
-12
-8
-12
-5
-8
-6
-5
-16
-16
-20
-17
-20
-19
-15
-21
-25
-24
-19
-24
-20
-14
-19
-17
-17
-20
-17
-16
-18
-15
-13
-9
-10
-13
-17
-15
-14
-12
-8
-16
-11
-14
-13
-10
-10
-6
-9
-2
-7
-7
-6
-7
-2
-7
-4
-3
-4
-3
-1
2
8
5
-3
-1
-3
0
0
8
10
8
13
5
9
11
9
8
14
17
19
18
17
14
12
15
2
2
4
3
10
14
20
15
14
8
-1
6
10
15
19
17
13
11
9
6
8
2
0
11
12
13
14
8
0
-6
-3
-6
-3
-6
-3
7
10
14
8
-1
-7
-11
-6
2
16
20
19
15
3
0
-4
-9
-3
-3
2
0
3
8
3
1
-8
-10
-5
-3
-1
1
4
6
5
8
8
2
-2
-4
2
1
7
3
-3
-4
-2
0
-6
-7
-15
-15
-15
-15
-3
-1
-3
-7
-7
-9
-2
-2
-1
5
0
2
7
9
-1
-6
-11
-10
-11
-5
2
2
8
-2
0
-8
-11
-13
-15
-3
-4
10
16
6
1
2
-1
0
1
12
19
12
4
5
11
0
0
0
4
7
3
7
5
1
-2
-3
-4
-2
2
8
10
12
4
1
2
0
4
4
10
13
7
3
5
7
6
0
1
6
5
10
3
6
13
12
10
4
8
5
5
12
15
13
11
12
17
13
8
7
9
20
20
23
16
14
15
12
13
7
10
8
10
12
18
21
13
8
10
15
11
10
7
13
8
8
15
8
4
-1
5
4
1
6
10
7
2
6
4
4
-2
3
8
6
8
5
9
3
-2
-3
-5
5
2
3
2
3
8
3
4
-1
1
2
0
5
5
5
4
4
5
4
3
3
0
2
6
8
3
5
3
5
4
2
2
-5
-3
0
7
5
7
2
-4
-3
-1
2
-4
-4
-3
-1
1
3
0
-5
-11
-12
-10
-8
-4
-10
0
-3
-3
-2
-2
-5
-13
-6
-1
-3
-2
1
-2
-1
0
5
0
-3
-4
3
5
4
13
14
10
2
6
6
6
12
8
8
9
11
11
8
9
12
16
10
10
12
6
15
15
9
14
16
21
14
12
12
8
8
11
10
11
8
9
5
2
7
-1
3
5
5
4
0
2
2
5
1
-4
-4
-5
-8
-5
-2
-5
0
-3
1
4
-2
0
-5
-4
-4
-3
0
-3
5
2
1
2
8
8
-3
0
-1
0
2
0
7
5
3
3
-2
6
2
9
6
-2
-3
-5
13
15
15
13
8
6
2
11
17
5
8
13
20
18
7
8
1
6
12
20
13
17
6
4
0
8
10
4
24
10
29
14
20
13
-1
16
10
28
14
16
21
9
17
8
-11
3
-6
15
9
12
26
-13
23
-4
16
30
8
48
2
29
9
-1
28
-16
28
2
6
22
-4
22
-11
-17
-16
-37
9
16
12
29
-24
1
-12
1
31
-6
36
-12
13
16
-7
15
-21
-5
5
26
26
0
-45
-50
-63
-22
10
7
40
-14
29
7
-7
-21
-67
-28
-25
52
65
68
31
-17
-33
-60
-36
-76
-24
-14
26
74
25
35
-63
-62
-59
-38
47
36
47
45
0
32
23
1
35
-71
32
-51
23
38
-52
46
-107
45
-23
33
24
-53
7
-37
43
32
33
-10
26
-10
76
34
48
21
-32
41
-34
31
-66
-62
-54
-36
9
27
20
6
7
-48
-13
-115
-28
-25
61
158
52
124
-52
-17
-63
-97
-39
-125
20
12
90
68
-29
-85
-141
-138
-75
-41
23
81
87
155
6
-24
-175
-139
2
88
235
122
71
-89
-146
-135
-169
-102
-73
-6
107
93
101
-14
-136
-139
-184
-14
41
102
184
99
152
16
-79
-96
-194
-18
-7
124
191
17
-3
-251
-246
-199
-144
79
92
173
118
1
-16
-98
-74
41
34
215
175
141
149
-59
24
-192
-112
-110
-106
88
-19
98
3
-60
-69
-105
-25
39
19
124
27
59
35
-92
77
-26
158
137
149
171
-35
9
-145
-90
-61
-88
3
-47
8
-21
-20
-6
-28
0
31
83
126
118
23
32
-37
54
31
72
62
-34
10
-151
-69
-172
-112
-57
-20
151
60
119
-39
-128
-97
-145
45
105
189
292
196
262
95
-67
-83
-329
-102
-148
-32
100
-195
40
-326
-68
-56
-52
259
-75
253
-16
63
94
-101
70
-113
40
163
114
297
78
-12
-25
-258
-5
-192
-52
-86
-155
112
-73
52
-159
-294
-120
-70
263
324
213
100
-192
-80
-1
87
144
-15
-25
-1
5
48
-28
-118
-133
-199
22
54
126
143
36
202
98
134
10
-115
-128
-199
-8
74
180
31
-96
-249
-127
-20
54
144
-103
-13
-210
71
159
187
125
-184
-49
-76
144
188
157
84
50
-84
5
-70
-126
-202
-259
72
-31
209
-51
-101
-117
-195
117
33
286
-7
-18
58
117
297
71
13
-281
-163
-136
95
271
228
142
-11
62
2
27
-158
-76
-100
161
122
209
186
-61
47
-185
162
-9
60
5
-85
166
35
145
75
-47
-83
-162
-57
174
106
192
-84
-110
-34
-130
221
46
172
43
-163
10
-278
-130
-303
-263
78
-5
287
-49
-272
-372
-566
-151
-87
176
119
-33
144
-48
60
-158
-314
-262
-202
121
248
272
129
-149
-193
-233
-290
-167
-229
52
122
294
184
-69
-167
-427
-86
39
447
468
434
297
26
61
6
174
203
193
96
103
13
124
-15
127
165
129
394
113
176
-272
-445
-266
-251
242
193
442
727
596
746
111
-196
-563
-867
-172
79
780
744
310
205
-416
-412
-709
-651
-185
-138
337
309
293
176
-405
-472
-710
-513
-444
-526
-158
-189
1
-130
-227
-223
-367
-385
-420
-89
31
4
-221
-399
-430
-554
-455
-426
-293
-224
-324
-65
70
260
127
-199
-245
-547
-391
-368
-33
365
409
555
426
339
115
-62
-46
281
475
739
680
659
559
187
324
218
470
456
438
632
572
722
621
597
699
449
468
634
706
1013
726
727
551
368
443
201
601
543
576
591
435
478
139
127
277
439
577
115
-265
-516
-766
-518
-403
-56
-305
-851
-1431
-1941
-1870
-1884
-1470
-990
-485
-437
-570
-904
-1073
-1331
-1455
-1215
-1013
-436
-587
-501
-671
-868
-1123
-1479
-1399
-1389
-1234
-1101
-851
-575
-664
-1265
-1630
-1981
-1608
-1281
-656
80
185
273
-277
-145
-44
198
556
857
1587
1797
1806
1533
1125
955
567
671
1075
1479
1918
1801
1956
1916
1858
1728
1632
2020
2300
2608
2737
2729
2705
2383
2109
2172
2347
2783
2763
2869
2830
2617
2369
1895
1784
1553
1463
1140
962
667
249
-407
-943
-1299
-1658
-1906
-2454
-2402
-2603
-2508
-2771
-3081
-3061
-3232
-2845
-2662
-2291
-2278
-2696
-2904
-2909
-2535
-2092
-2225
-2135
-2464
-2641
-2828
-3330
-2985
-3228
-2851
-2676
-2573
-2326
-2715
-2715
-2642
-2096
-1202
-736
-209
-24
-84
342
625
1778
2679
3685
4250
4251
4209
3569
3022
2266
1833
1323
1461
1339
1438
1165
655
103
-717
-912
-1313
-952
-620
-24
550
980
1017
778
443
384
596
1005
1790
2032
2506
2083
1595
1005
397
200
-152
17
-104
-58
185
576
1338
1774
1827
1593
1383
1469
1734
2066
2535
2621
2626
2621
2418
2450
1863
1425
993
973
1177
978
1000
552
354
70
-156
-173
-427
-656
-913
-1015
-933
-1128
-1521
-1983
-2392
-2407
-2265
-1967
-1768
-1922
-2241
-2843
-3104
-3307
-3437
-3449
-3829
-3709
-3934
-3775
-3912
-3885
-3924
-3999
-3751
-3698
-3003
-3154
-2871
-3300
-3019
-2703
-2360
-1776
-1674
-902
-492
679
1818
3367
4302
4569
3995
3660
3206
3045
2967
2702
3189
2750
2905
2120
1693
780
-447
-939
-1208
-581
-413
-298
-211
-16
287
536
615
975
1005
1227
1787
2491
3220
3138
2694
2122
1577
1234
750
474
517
594
1283
1875
2538
2274
1358
687
284
748
1280
1716
2173
2368
2454
2580
2331
2162
1345
990
1111
1444
2058
1786
1615
1019
723
339
-86
-329
-748
-1037
-1242
-1256
-1610
-1879
-2757
-3177
-3321
-3083
-2556
-2604
-2385
-2857
-3092
-3187
-3440
-3253
-3387
-3536
-3652
-3949
-3580
-3701
-3719
-3665
-4081
-3461
-3774
-3885
-4243
-4676
-3920
-3546
-1707
-392
448
1028
321
804
748
1110
1496
1827
3567
4338
5089
4779
3671
2806
1354
933
998
1199
1488
958
1061
895
215
-526
-1654
-1538
-1306
-622
311
1105
1923
1750
1471
1185
1206
1404
1618
2146
2767
3059
2657
2036
1085
297
-387
-531
587
1963
3649
3990
3715
3114
2020
1665
1217
1596
2109
2567
3137
3184
3107
2318
956
302
-91
326
846
1177
1749
1599
1709
871
221
-373
-1098
-1029
-1063
-493
-584
-961
-1642
-2567
-2975
-3368
-3361
-3199
-2738
-2692
-2785
-3091
-3642
-3946
-4345
-4265
-4227
-3862
-3914
-4095
-4172
-4111
-3895
-3810
-3563
-3473
-3583
-4125
-4563
-5032
-4174
-3640
-2365
-1108
-152
896
623
1216
904
1546
2084
3047
4510
5294
5826
5008
4358
3292
2250
1435
931
656
737
716
707
316
-236
-1111
-1916
-1892
-1785
-890
-85
981
1527
1910
1982
1733
1819
1885
2355
2805
3444
3462
3044
2367
1328
460
74
293
1257
2588
3656
3814
3640
3025
2158
1990
1688
2296
2618
3180
3666
3561
3638
2360
1566
828
578
795
994
1632
1690
1700
1282
486
53
-645
-1217
-1041
-965
-545
-755
-1125
-1829
-2883
-3320
-4073
-3853
-3560
-3322
-3121
-3352
-3726
-4498
-5138
-5364
-5216
-4341
-3395
-3312
-3021
-3463
-3883
-4296
-4713
-4425
-4533
-4044
-4211
-4027
-3609
-4522
-5009
-5120
-4128
-2619
-1609
-234
590
1480
2220
2368
3596
3960
3931
4091
4839
6106
5874
5437
4058
2949
1959
585
211
338
567
173
-182
-378
-971
-1744
-2289
-2161
-977
248
1301
2009
2673
2751
2580
2740
2929
3485
3495
3625
3222
3233
2694
1614
1105
680
1319
1724
2149
2582
2985
3260
2761
2264
2084
1832
2104
2332
3035
3680
3341
2971
2116
2135
1597
1007
988
935
1519
1486
1404
1056
639
-74
-907
-1210
-1275
-1379
-1541
-1758
-2309
-2619
-3212
-3543
-3517
-3323
-3242
-3531
-3347
-3295
-3362
-3426
-4029
-4179
-3896
-3746
-3367
-3589
-3295
-3665
-3732
-3286
-3877
-3668
-4656
-5015
-5043
-5025
-4554
-5517
-5710
-6240
-5992
-4156
-2785
-922
-77
490
1160
1635
3709
4561
5589
5626
4955
5756
5359
5352
3893
2898
2394
1206
1552
968
794
-92
-1437
-1522
-1578
-1057
-1701
-1868
-931
-299
1226
1896
2539
2976
2558
3000
3387
4745
5216
4721
4489
3439
3039
2093
1628
1688
1908
2497
2078
2267
2209
1783
1588
1151
1435
1800
2078
2472
2689
3286
3086
2660
2602
2385
2338
1870
1758
1765
2002
1971
1446
1154
552
-68
-647
-808
-944
-1234
-1711
-2135
-2577
-3022
-3489
-4045
-3885
-3760
-3676
-3444
-3247
-3218
-3029
-3091
-3143
-3458
-3839
-3607
-3212
-2576
-2867
-3391
-3963
-3983
-4207
-4191
-3818
-4158
-4249
-4765
-5175
-5155
-5478
-6120
-6320
-6705
-6344
-5914
-4277
-1982
25
1778
2008
2851
3549
4851
5406
5497
5878
6010
6423
6109
5120
4193
2874
1658
1413
1194
1081
-315
-1195
-1587
-1152
-918
-1760
-1692
-1597
-707
192
1357
2734
3246
3346
3283
3605
4544
4754
5008
5074
4881
4247
3301
3166
3307
3737
2995
2174
1708
1529
1346
774
639
645
622
1015
1287
1976
2077
1580
1956
2286
3141
2589
2247
1978
1964
2364
1884
2029
1348
612
-100
-699
-538
-975
-1917
-2558
-3368
-3124
-3361
-3561
-3761
-4247
-4078
-4648
-3992
-3578
-2819
-2279
-2708
-2809
-3584
-4147
-4264
-3981
-2502
-1741
-1591
-1588
-2373
-2796
-4417
-5616
-6079
-4966
-3815
-4165
-4397
-5925
-6378
-6304
-6904
-6801
-7406
-7283
-5260
-2450
1466
2521
2350
2355
2678
5341
6995
7779
7618
7243
7060
6752
6612
5132
3505
2691
1855
2281
1915
548
-1049
-2691
-2515
-2668
-1813
-1402
-1557
-620
-33
1124
2368
3205
3496
3493
4239
5016
6071
6918
6422
5623
4210
3530
3611
4534
4655
3354
2258
944
470
43
-424
-755
-989
-691
-234
725
1515
972
947
1189
2277
3088
3079
3034
2478
2981
2546
2604
2288
1335
391
-564
-408
-434
-506
-1379
-2601
-3293
-3868
-4036
-3741
-3632
-3512
-4239
-4246
-4316
-3912
-3079
-3052
-2331
-2352
-2305
-3087
-3648
-3657
-3426
-1988
-1044
-236
-329
-2062
-3716
-5507
-5512
-4972
-4495
-3591
-4478
-4909
-6343
-6734
-6695
-7291
-7615
-8214
-7017
-5556
-3686
-1546
365
2060
2309
2549
3847
4810
6461
7187
8360
9030
8489
7373
5032
4162
2994
2560
2220
2134
1086
-456
-1786
-2896
-2482
-2151
-1856
-1989
-1215
-728
42
1311
2261
3244
4107
4433
5106
5756
6506
6518
6107
6362
5453
6255
6164
5519
4323
2643
1699
583
800
-26
-904
-1161
-1799
-1225
-459
-395
-28
-235
1121
1858
3014
3807
2872
3380
2948
3469
3506
3323
2618
1563
1378
533
42
-769
-2174
-3183
-3614
-3929
-3671
-3488
-3377
-3919
-4262
-4552
-4714
-4190
-3964
-3689
-3236
-2810
-2640
-2108
-1553
-1196
-1632
-1880
-2206
-2370
-2126
-3035
-3194
-3085
-3854
-4428
-5808
-6627
-6779
-6835
-6024
-6535
-6414
-7033
-7457
-6720
-7051
-6053
-5776
-4784
-2658
-1058
1216
2177
4350
7782
9335
10142
7868
6586
6770
5859
6330
5729
5915
4461
2295
1910
174
-575
-2600
-4083
-2654
-2515
-2095
-2340
-1742
-250
-543
689
789
1988
3589
3934
6017
6883
7748
7025
5994
5759
4298
4393
4669
5506
6462
4785
2589
176
-1595
-2308
-3095
-2155
-1540
-1098
-468
-237
872
790
930
1453
2763
4497
5285
5906
5683
5294
4454
3605
2997
2656
1854
1351
860
397
-56
-1670
-2547
-3755
-3851
-3870
-3580
-2694
-2588
-2290
-2882
-2769
-2703
-2679
-2569
-2433
-1982
-1823
-2086
-2424
-2801
-2952
-2783
-2674
-1736
-2640
-3738
-4626
-5088
-5427
-6390
-6512
-7440
-6497
-6902
-7090
-6905
-8248
-8413
-9693
-8834
-7851
-6918
-4748
-4075
-2760
-1662
-1668
-610
1270
5307
10031
12690
12309
8996
7425
5302
4300
4344
4626
5719
4632
4260
2878
1574
-824
-3995
-4517
-3718
-2594
-2055
-1356
-132
947
1542
1526
1368
2090
2300
3960
6501
9008
10031
8613
6749
4063
2749
1537
1181
1864
2627
2991
1537
-507
-2533
-4084
-4700
-3996
-2417
-443
819
1774
2677
3914
4794
4592
4822
5425
6460
7118
7342
7104
6072
4887
2922
1396
1023
339
-172
-368
-695
-1450
-2435
-3272
-3934
-3793
-3310
-3148
-2392
-1654
-1823
-2331
-2570
-2098
-1924
-1367
-1495
-1793
-1626
-2155
-2415
-2839
-3081
-4457
-5521
-5493
-5225
-4192
-4009
-4477
-5432
-7168
-8882
-10315
-10403
-9165
-8125
-6869
-5871
-5945
-7573
-9019
-9615
-9297
-8174
-6885
-4155
-1633
1072
4161
7413
12012
13194
10583
7989
5556
5745
5925
7366
8624
7973
7154
3123
1758
42
-1902
-2924
-3277
-935
-910
-760
-1352
-2147
-702
-257
310
1782
2408
3850
4478
6722
8593
8578
8371
5379
4488
3165
2790
2915
2265
2836
1453
563
-1603
-3435
-3789
-4251
-2902
-1706
-209
1030
1632
2894
4129
5904
6506
6733
7017
7129
7320
7134
6820
6001
5234
3784
2366
1544
733
-499
-1112
-1538
-1880
-2332
-2885
-3475
-3994
-3764
-3987
-3046
-2492
-2156
-2265
-2288
-2024
-2493
-2730
-3809
-3967
-3920
-3464
-3526
-3970
-4339
-5376
-5095
-4907
-4794
-5035
-5615
-6404
-7297
-7849
-8890
-8513
-8658
-8033
-7498
-8523
-8973
-11071
-10782
-9672
-8119
-5619
-4874
-3574
-2689
-1043
4150
11046
16840
15940
11383
9258
6573
7266
6057
7277
8719
6690
7082
3696
4170
153
-4789
-5134
-4956
-1654
-2535
-2508
-1723
-1142
878
291
798
1590
702
2908
5164
9709
11774
10588
9190
4791
4133
2463
2154
3251
2913
2981
934
-529
-2087
-4229
-4992
-5209
-3859
-1665
-612
1067
2182
3614
5042
6008
6806
6971
7433
8139
8426
8785
8015
6496
5357
3106
2467
1136
239
-650
-2135
-2524
-3843
-3766
-4152
-4421
-4085
-4526
-3856
-3578
-3099
-2914
-3159
-2100
-2473
-1714
-1900
-2515
-2558
-3696
-3839
-4590
-4434
-5066
-5128
-5012
-5387
-5455
-6171
-6620
-7808
-8709
-8299
-8706
-7760
-7694
-8842
-8206
-9795
-9014
-9438
-7490
-6269
-6787
-4375
-4656
-1783
-1026
1394
5362
10876
16970
15297
12206
9071
6298
5849
4970
5606
6734
5730
5234
2891
3393
-125
-5412
-6624
-6304
-2803
-2203
-682
-185
659
1332
-341
259
1274
1794
3751
6797
10034
11266
9608
7298
4005
2997
1899
1453
2534
2868
3241
2112
18
-2250
-4171
-5099
-5020
-3140
-591
895
2803
3727
4983
6049
6399
6759
7438
8997
9431
9626
9057
7495
5976
4300
2628
1785
885
-317
-1916
-2295
-3052
-3899
-4239
-5181
-4967
-5011
-4503
-4279
-3135
-2277
-2291
-2100
-2111
-1908
-2243
-2302
-2563
-2280
-2066
-2751
-3654
-4599
-5807
-6141
-6171
-6260
-6805
-7512
-8101
-7892
-7019
-7692
-7427
-7973
-8285
-8528
-7924
-6484
-7741
-7349
-7579
-6569
-4897
-5036
-4163
-3883
-1402
-299
2064
6417
9047
13639
13691
11227
8385
5697
5190
3547
5330
6626
5716
5437
2495
1195
-780
-3749
-4875
-4700
-1322
-1141
-259
611
-44
1105
292
1321
1985
3261
4630
5671
8658
9196
8581
7013
4505
2815
1938
1898
2565
3935
4724
2976
151
-2195
-3607
-3593
-2784
-1535
194
1538
2588
4103
5578
6294
5759
6113
6931
7889
8640
7693
6807
5659
4496
3058
1264
97
-1626
-2600
-2986
-3142
-2904
-3980
-4808
-5571
-5489
-4861
-4114
-2478
-2096
-1581
-1711
-1870
-1640
-1904
-2396
-3162
-2683
-3117
-3760
-4564
-6108
-7256
-8139
-7481
-6502
-5818
-6688
-7890
-8039
-8326
-8668
-9493
-8857
-8691
-8446
-7584
-7665
-7048
-7623
-7840
-7330
-6732
-5318
-5152
-3414
-393
2871
9186
14982
18569
15014
9679
7610
5190
6494
5795
7482
8195
6442
5694
2650
2655
-2637
-6931
-6590
-5099
-1675
-1302
-107
465
874
1537
-162
968
2241
2878
6399
9555
12908
12169
9855
6774
3461
3736
2552
3198
3809
3514
2659
774
-824
-3251
-4503
-5037
-4449
-2358
-561
519
1728
3004
4246
5499
6259
6330
7077
8094
9080
9127
8538
6706
4365
2971
993
881
62
-818
-1996
-3420
-4131
-5565
-5144
-5340
-5131
-4350
-4220
-3277
-2852
-2211
-1706
-1637
-873
-1192
-609
-971
-1408
-1367
-3123
-4053
-6451
-7983
-9190
-8497
-6865
-6265
-5781
-7698
-8514
-8779
-8713
-9228
-9910
-9208
-9017
-7908
-6540
-7254
-7264
-8275
-7919
-5516
-3627
-2999
-4376
-2284
-827
3059
8156
13171
16949
14163
10691
7247
7055
6402
4294
5090
5877
5860
5360
3675
2220
-1319
-5085
-6310
-4779
-1247
-1161
-146
656
1683
2424
1430
1472
1780
3666
5771
8576
11370
11629
9167
6542
3701
2754
2424
1782
2159
2759
3554
1375
-1023
-3034
-5019
-5236
-4690
-2757
-446
981
2254
3007
5056
5860
5515
6189
6631
8418
9100
9121
8140
6459
4948
2564
1524
900
-283
-1084
-2333
-3052
-3969
-4977
-5318
-6129
-5276
-5006
-4148
-2693
-1899
-1138
-1533
-1459
-1525
-1271
-1215
-1663
-1707
-2218
-3066
-3998
-5589
-7251
-8635
-8678
-7998
-7529
-7075
-7268
-7716
-8207
-8837
-8980
-8644
-8568
-7548
-7066
-6299
-6405
-7276
-7407
-7511
-5711
-4509
-3051
-1816
-1697
-672
489
3165
8709
14378
16089
12216
8773
6857
5330
5324
4786
6006
5976
5204
4103
3420
2311
-2674
-5083
-4147
-2029
-728
-285
382
1169
2566
2601
2081
2829
2932
3389
6013
9431
11500
11016
8700
5052
2422
1424
908
1503
3256
4120
3197
769
-1996
-3930
-5041
-4874
-3554
-1319
734
1735
3128
4620
5400
5650
5250
6239
7113
8108
8271
7555
6845
4957
3461
890
-388
-1534
-2666
-2593
-2768
-2545
-3329
-4299
-5001
-5655
-5100
-4457
-3304
-1664
-1117
-621
-1314
-1456
-2124
-2539
-2643
-3543
-2970
-3534
-4130
-5421
-6812
-7467
-8353
-8432
-8770
-9241
-8872
-8945
-8317
-7137
-6658
-6681
-7563
-8116
-9616
-9842
-8252
-6946
-5804
-5191
-5222
-5509
-5316
-4409
-3871
-2310
1296
7062
16030
19271
15117
10193
7070
6240
4881
5778
7584
7341
8084
6839
6589
4911
-1964
-6858
-7677
-3610
-1525
66
2335
1978
2684
1206
-250
294
1045
3047
5591
10177
13307
11995
10352
5987
3187
2132
1154
2254
3004
4791
3711
1374
-1155
-4304
-5886
-6474
-5381
-2638
-154
1464
2476
3438
4448
4297
4630
5311
7072
8988
9720
9421
8339
6487
4387
2178
704
445
-475
-628
-1334
-1918
-3198
-4986
-5608
-6132
-5359
-4269
-3435
-2203
-1504
-1430
-1840
-3003
-3232
-3602
-3368
-2589
-2403
-2278
-3548
-5190
-6388
-7669
-8614
-9406
-10116
-9451
-8881
-7835
-7401
-8799
-9809
-10965
-9914
-10365
-10844
-9338
-10212
-8227
-7429
-5811
-4763
-6580
-4645
-3512
1342
6075
11331
19712
19059
14159
10294
8227
8568
5575
6850
8571
8153
8849
4247
4936
1305
-5254
-8244
-8810
-3662
-4059
-1898
-74
625
3349
1172
487
1022
1465
4781
8374
14240
16527
13905
11481
5393
3595
2522
1503
2454
1942
2828
964
-1179
-3649
-6897
-7699
-7802
-6111
-2826
-1079
902
1840
3043
4841
5139
6142
6037
7298
9609
10376
11229
9807
7452
5332
2429
1642
788
288
-358
-1652
-2098
-3868
-4746
-5719
-6482
-5941
-5355
-4465
-3815
-2995
-1919
-1424
-1250
-1551
-1934
-1800
-2014
-2171
-1882
-2165
-2931
-3813
-5987
-7625
-8996
-9647
-9333
-9532
-8654
-9409
-10769
-11679
-12945
-12144
-12501
-12232
-10656
-9819
-8358
-8811
-7158
-6646
-6069
-3320
-1658
3135
6812
13796
20885
20500
16134
10359
8655
8350
6410
7658
9328
9294
7754
4239
3657
-433
-6227
-9634
-8889
-4594
-4273
-2851
-1777
-169
1131
174
992
2331
4087
6592
9928
14647
17048
15466
13036
8340
5850
3832
2169
2721
2405
3577
1212
-2537
-5561
-8818
-9529
-9421
-7347
-4273
-2417
-271
620
2245
4367
4245
5634
6843
9118
10762
10548
10908
8777
7873
5954
3497
3371
1633
314
-1297
-2395
-2880
-4953
-5623
-6997
-7817
-6961
-7226
-5763
-4586
-3676
-2981
-3045
-1748
-1863
-1554
-1083
-1554
44
241
-503
-1485
-4093
-4391
-5780
-6411
-7269
-9934
-10190
-11660
-11392
-12267
-14151
-14641
-15205
-13865
-13770
-12866
-11025
-10610
-7392
-4297
-2160
79
-961
2253
7258
15147
21783
20346
18000
12758
10643
9255
7918
8597
7660
7125
4831
3583
2744
-2048
-6826
-9594
-9600
-7279
-7003
-5275
-3836
-1667
681
880
2915
3698
4829
7250
11366
16417
18576
17898
14960
10599
7504
4771
3241
2955
2228
1983
-274
-2904
-5704
-8598
-9795
-10181
-8638
-5897
-3741
-953
624
2584
4222
4367
5882
6615
9124
10891
11841
12044
9945
8637
6025
4166
3315
2011
1447
-165
-1825
-3613
-6436
-7616
-8858
-8604
-7707
-7398
-5775
-5003
-3947
-3518
-3508
-2616
-2332
-1101
39
674
1949
1469
1204
-434
-2540
-3893
-6069
-7258
-8523
-8910
-9299
-11008
-12483
-13896
-15826
-16353
-17731
-16457
-14820
-13723
-12067
-11824
-7860
-6198
-3460
-1180
948
6036
12050
20821
24057
20973
16356
11866
10445
9738
8383
9806
7837
6655
3873
1745
-116
-7837
-10818
-12488
-9400
-7383
-6839
-4648
-4293
-1518
-904
-56
2284
3556
6189
10075
14953
19470
19389
18416
14135
10108
8130
5465
5309
4348
4243
2253
-1207
-4243
-7858
-10051
-10997
-10625
-8059
-5444
-2905
-672
1231
3388
3666
4682
5789
7591
10192
11859
12976
12553
10665
8460
5342
3398
2544
1378
1359
-139
-1415
-3912
-6894
-8736
-10329
-9635
-8965
-7793
-6190
-5017
-3589
-3423
-3372
-3148
-2890
-1237
-342
1159
2360
1836
1306
-1007
-3142
-4961
-6790
-7144
-8122
-8356
-9355
-11119
-12197
-14447
-15589
-16837
-17306
-17141
-16007
-13404
-11394
-8662
-6232
-4601
-1846
1584
5123
10890
16537
20556
19468
16976
14954
12041
11200
9135
9128
8741
7072
4458
1110
-1604
-6609
-10395
-11246
-10581
-9135
-7556
-6194
-4176
-2553
-686
35
1644
4256
6164
10476
14546
18178
19070
17514
14929
11482
9571
7582
5996
5333
4825
3780
844
-2837
-6201
-8927
-9644
-9175
-7685
-5574
-3962
-2166
-103
2115
3573
3939
5189
6664
8374
10331
11237
11525
10750
9551
7234
4971
3457
1465
-12
-906
-2146
-3860
-5680
-7657
-9160
-9940
-9592
-9150
-7633
-6010
-5564
-4555
-4063
-3270
-2591
-1612
-106
1025
2094
1540
442
-714
-2278
-3397
-4350
-5763
-7208
-8506
-9413
-10597
-12629
-13861
-15189
-15108
-15761
-16713
-16315
-15884
-13300
-10951
-7439
-4688
-1522
2992
8642
16386
19403
17395
14352
13452
13662
13219
12091
11922
10914
9375
6487
3308
339
-6242
-10674
-11914
-9889
-9089
-9269
-8465
-7771
-5262
-4059
-2833
-575
2278
5228
9216
14151
17866
18410
17371
15062
12850
12033
10379
9224
7899
6940
5267
2677
-479
-4377
-7300
-9081
-9279
-8103
-6482
-4839
-3424
-1665
227
1681
2994
3941
5700
7522
9448
10558
10766
10350
9210
7912
6099
5118
3536
1972
293
-992
-2488
-4398
-5906
-7724
-9012
-10002
-9749
-9218
-7562
-6329
-5359
-4508
-4097
-2999
-2462
-1047
-437
459
1041
1036
387
-734
-1289
-2675
-3717
-5040
-6636
-8772
-9958
-11893
-12682
-13091
-14349
-14926
-15985
-15249
-15397
-13340
-11410
-9466
-6422
-3352
746
4797
12091
17508
17952
14784
12361
11612
12135
11253
11537
12868
10905
8223
4124
2572
-2420
-8235
-10783
-10449
-8149
-8685
-8380
-8050
-6515
-4971
-4293
-2218
406
2676
6385
11017
16111
18481
17684
16144
12855
11641
10342
9454
9061
8020
7031
4685
2075
-1139
-4692
-6813
-7870
-7360
-5785
-5055
-3700
-2728
-960
492
1584
3102
3908
5769
7425
8889
9835
9503
8819
7732
6406
5521
3954
2828
1337
-159
-1390
-3614
-4705
-6217
-7354
-8443
-9231
-8937
-8796
-7955
-7535
-6604
-5171
-4338
-3627
-3589
-2801
-1247
299
1742
1340
62
-1816
-3247
-3489
-3907
-4384
-6274
-7656
-9062
-11431
-13001
-14443
-14216
-14404
-14555
-14489
-15381
-13517
-10532
-6801
-3242
-815
3233
8615
15840
17960
14621
13089
11346
12060
11530
11236
11725
9401
8573
5471
4707
1467
-6284
-10386
-11104
-8579
-8159
-7876
-6822
-7186
-5595
-5071
-3927
22
1990
5274
8456
13411
16993
16285
16517
13139
12068
10949
9255
9082
7664
7309
4883
3592
1644
-2275
-4446
-6497
-6727
-5139
-4571
-3142
-2451
-1048
340
1218
3549
3373
5067
6601
7821
9336
9127
9237
7695
7119
5789
4233
3715
1647
-8
-1557
-3286
-4753
-6122
-6668
-7801
-8242
-8295
-8857
-7934
-7178
-6473
-6300
-5703
-4806
-4167
-2350
-1345
-634
-68
-312
-258
-1068
-2642
-4173
-5923
-5389
-5396
-6296
-7729
-10033
-11941
-13569
-12457
-13752
-14736
-14832
-14639
-11791
-9853
-7584
-6171
-2106
2842
7506
14875
18511
14755
11127
10603
11206
11356
9885
9889
8588
8688
5333
2228
1466
-4754
-9314
-10919
-8187
-7893
-7885
-6350
-6621
-4158
-3270
-3523
-1954
871
3487
7234
12316
16361
16330
15560
12823
9731
10010
8831
8820
7874
6992
4896
2562
2122
-747
-2825
-4921
-5687
-4332
-2746
-1496
-996
-19
817
1464
3039
4412
5012
6611
7690
8920
9396
8407
7297
5362
4973
4267
3662
3012
865
-636
-2801
-4285
-5182
-5808
-6161
-6915
-7049
-7317
-7100
-6370
-5787
-5304
-4802
-4307
-3621
-2740
-1723
-483
307
-19
-1420
-2112
-3204
-4219
-4386
-4704
-4844
-6053
-6858
-8924
-11401
-13050
-14759
-14873
-14793
-14265
-13949
-12491
-11264
-9347
-6112
-3769
-436
3842
11435
17520
18491
15428
11929
10807
10571
10150
9973
10860
9114
6667
3895
1860
-2504
-8579
-11633
-11708
-8887
-8354
-7558
-7098
-5897
-4758
-4673
-2932
-1031
1697
4918
10050
15141
18250
17556
15019
11688
9338
8451
7610
8175
7061
5567
2929
1011
-766
-3564
-5584
-7020
-5645
-3954
-2209
-1157
-366
967
1887
3487
4969
6125
6918
7739
8686
9538
9371
8064
6236
4712
3820
2904
2455
1326
-7
-1571
-3332
-4575
-5953
-6649
-7458
-7598
-7275
-6915
-5957
-5412
-4842
-4394
-3532
-2534
-1683
-982
-882
-1098
-987
-1079
-1476
-1076
-1566
-2180
-3869
-5865
-7485
-9380
-9459
-10705
-10792
-10713
-11901
-12847
-15220
-15798
-15769
-14541
-12782
-12026
-8593
-4730
-301
6442
14970
21802
19725
14321
11551
10854
12291
11138
12284
14088
11868
8335
3323
1492
-4060
-10760
-12217
-11409
-8695
-9484
-9594
-8769
-7203
-5649
-6303
-4423
-1847
1161
5684
11986
18172
20626
19402
16025
12273
11000
10527
10250
10733
9325
6502
2448
-594
-3024
-5839
-8205
-8961
-7481
-5552
-4107
-3371
-1673
-465
1182
3215
5289
7429
8089
9579
10596
11462
10517
8312
6595
4576
4281
3370
2629
1537
-683
-2521
-4568
-5328
-6231
-7350
-7611
-8250
-7931
-7215
-6566
-5660
-5114
-4089
-3551
-2534
-963
-97
709
1368
1470
1113
157
-1210
-2531
-4087
-5053
-6798
-8345
-8522
-8713
-9028
-10856
-12888
-14442
-15968
-15705
-14734
-12951
-12397
-13177
-11766
-10054
-6700
-5037
-1491
6407
14299
22696
22363
18159
14163
10782
10941
9369
10960
11380
8876
7246
4242
2700
-2816
-10238
-13892
-14370
-10933
-10166
-8509
-5594
-4831
-3472
-4443
-3257
-1113
1578
6964
12317
18708
21004
19772
17212
13403
11201
9332
8712
8420
7582
6352
3649
276
-3430
-7130
-10139
-10626
-9507
-7411
-5236
-3547
-1540
-174
1848
3189
4826
6767
8258
10635
11963
12554
11297
9373
7728
5406
4379
3145
1736
676
-977
-2024
-3904
-5532
-7101
-8692
-8493
-8620
-7280
-6049
-5551
-4850
-4672
-3834
-3186
-1712
-352
949
2145
2349
2449
1630
353
-1519
-3498
-4849
-6106
-6632
-7461
-8295
-9779
-12071
-13821
-14994
-15156
-16451
-16158
-15113
-13911
-12100
-11426
-9993
-9384
-7657
-5295
-906
6211
14907
23594
24523
19534
14785
11860
10405
7981
7998
9983
9065
7646
4057
2218
-2690
-11183
-15184
-15400
-11600
-11051
-9050
-6058
-3763
-1539
-2448
-1508
87
2622
6470
12236
19019
22258
21771
19027
14518
11664
9448
8001
7445
6675
5127
1449
-1668
-5096
-7657
-10343
-11764
-10624
-8382
-5994
-4319
-2212
-216
1929
3716
5690
7678
9537
11010
12456
13188
12584
10726
8633
6556
5078
4507
3111
1589
-397
-2592
-5531
-7534
-8993
-9734
-9218
-8559
-7522
-6491
-5507
-5200
-3921
-2420
-1214
-6
1358
2625
3771
4828
4219
2398
331
-2407
-4137
-5251
-6991
-8593
-10145
-11234
-12065
-12291
-13974
-15613
-16890
-16643
-15457
-14296
-13073
-14213
-13798
-12469
-9474
-4537
425
5219
12825
21968
25111
20119
14876
11600
9947
9879
8884
11684
10555
7728
3140
624
-1157
-9880
-14413
-15550
-12365
-10807
-9740
-6947
-4941
-2364
-2862
-2964
-156
2384
5961
11385
17356
21754
21028
19904
15758
13331
11890
9825
9471
7633
5392
193
-3310
-5617
-7098
-9065
-11253
-11391
-10134
-8491
-6925
-4774
-2069
239
2234
5120
7307
9245
9774
11801
12956
13364
12034
9753
8377
6352
6112
4653
3484
1157
-2155
-5434
-8028
-9324
-9894
-9657
-8915
-8339
-7075
-5687
-5023
-3628
-2990
-1551
-432
1274
2545
3374
4735
5171
5002
3642
801
-1910
-4925
-8000
-9816
-11206
-11355
-12393
-12493
-13370
-13502
-14869
-18514
-19418
-18601
-16946
-15677
-13783
-10669
-6714
-2934
1611
5701
14171
20954
21804
18674
15049
13883
11916
11688
10238
12008
10604
6062
2310
568
-2272
-9820
-13383
-13589
-11561
-11115
-10499
-9256
-6323
-4197
-3883
-2452
700
2972
5911
11774
17238
21541
21212
20427
16925
15202
13422
11180
10789
8282
5260
-89
-2573
-4921
-6990
-8412
-10981
-11462
-10273
-9834
-8306
-6550
-3584
-1064
1623
5766
6832
9508
9857
10975
12067
12145
11881
9644
9266
7289
6354
5793
3637
849
-2183
-5365
-7679
-8846
-9044
-9544
-9442
-8778
-8083
-6432
-5537
-4480
-3296
-1237
301
1630
2701
3822
4821
5337
4595
2444
331
-2701
-4077
-5607
-7523
-9323
-11869
-12828
-13115
-14175
-15776
-18071
-18833
-19394
-18358
-17556
-17884
-14676
-11474
-6444
-2021
2486
8274
15890
23496
22203
17612
14810
12951
12173
11865
12368
12167
9510
5739
1563
248
-5291
-13130
-14743
-12866
-10575
-11078
-9659
-8721
-6652
-4229
-4211
-2261
972
3669
7404
14090
19470
21603
21165
19424
16018
14502
13269
11559
10903
9125
4881
-14
-2474
-5366
-7951
-10017
-11362
-11542
-9848
-9230
-8057
-5664
-3695
-1089
1693
5781
7277
9225
10740
11317
12344
11876
10850
9165
8144
7013
5499
4814
2935
-7
-2250
-5465
-7318
-8529
-8605
-8853
-8987
-7604
-7478
-5789
-4615
-3769
-2894
-2242
-1212
-507
1674
3840
4801
5317
3900
1752
13
-1792
-3146
-5107
-7056
-8903
-10103
-11143
-12219
-13784
-15309
-16977
-18698
-19403
-19458
-18818
-17781
-13633
-9324
-5385
-1977
1344
6503
12483
19013
21074
18435
15876
13969
13040
12707
11284
10733
8398
5765
1884
-1428
-4341
-10466
-12765
-13026
-11239
-10788
-10413
-8433
-6954
-3532
-1782
-505
1841
4052
7272
12097
17319
20643
20845
19993
16880
14467
12919
11075
9657
7164
4400
-391
-3845
-5999
-7604
-7977
-8070
-8363
-8581
-7997
-7897
-6397
-3781
-1186
1964
5488
8661
9893
10844
11102
10267
10022
9157
8345
7240
6996
6219
5174
3924
327
-2734
-5455
-7493
-8318
-8037
-7077
-6929
-6454
-5534
-5622
-4784
-4364
-3569
-2473
-1072
811
1700
3689
3912
4188
3138
1009
-655
-2763
-3411
-4714
-6017
-7217
-8766
-10119
-11402
-12611
-13853
-14967
-16366
-17637
-17663
-17810
-16757
-14693
-12915
-10928
-9250
-5698
-687
5752
15174
22908
23509
18434
14038
12146
11327
9912
9255
10700
9297
6503
2498
-258
-4856
-11987
-14980
-14503
-11666
-11342
-9603
-6760
-3147
-346
-591
-248
692
3033
7129
13188
19930
23312
22855
20370
15530
13027
10545
9670
8566
7317
4788
-1067
-5364
-8544
-8482
-9826
-9566
-8876
-9001
-8001
-7225
-5546
-2129
574
3254
6321
9299
11202
10783
12492
10983
10731
9460
8134
6840
5606
6186
3607
3008
353
-3006
-5917
-7566
-8607
-8372
-6935
-6087
-5871
-4950
-4772
-5237
-3274
-2477
-567
747
2453
2970
3627
4382
2819
1457
-297
-2272
-3572
-3812
-4858
-6014
-7923
-9578
-11565
-12010
-12807
-14316
-14376
-15840
-16564
-16736
-15345
-13532
-12995
-11412
-10665
-8006
-3800
-1348
3227
8736
16545
21682
20591
17034
12444
10587
8517
7200
7918
7380
5070
1430
-215
-1487
-6268
-11116
-14160
-13058
-10700
-9116
-5744
-2427
793
1662
1857
2844
4225
6667
10619
15867
20501
22096
20429
17028
12748
9701
7155
5879
4971
3307
381
-3596
-6670
-8604
-9847
-10737
-10215
-8546
-7081
-5860
-3427
-1484
1329
3502
5304
8227
9720
11244
11333
12092
11650
9761
8624
6904
5920
4865
3613
1826
68
-1873
-4594
-6742
-7595
-8171
-7423
-6214
-5398
-4410
-3643
-2841
-3019
-1801
-343
932
2507
3325
3287
2791
2603
1254
3
-2082
-4407
-6271
-6863
-6901
-8190
-9009
-11062
-12835
-13062
-12883
-13051
-13952
-15622
-17052
-17030
-15442
-13734
-11781
-9125
-7676
-5646
-3918
-680
4181
12216
21121
22679
19414
14147
10674
8736
6808
6128
6311
5674
3846
1812
1071
-2246
-9105
-12874
-13032
-10398
-9192
-7206
-3978
-552
2698
2852
2908
2906
3556
6144
11817
18884
23354
23437
20257
14866
10559
7792
6017
5671
4546
2026
-2769
-6876
-9128
-9894
-10354
-11243
-10632
-8338
-6345
-3978
-841
1628
3268
4831
6967
9211
11447
11795
11911
12559
12379
10450
8236
6226
4227
3348
2897
1715
-563
-2922
-6742
-8775
-8647
-8253
-7422
-6170
-5163
-5106
-4169
-3187
-2475
-526
1651
2737
3798
3778
2786
1610
1681
918
-687
-1695
-4384
-6766
-8768
-10633
-11994
-12576
-12805
-13288
-12956
-12535
-13354
-13221
-13977
-15100
-14990
-14865
-13026
-10971
-7260
-4294
-2055
1167
3691
8157
14394
19085
19176
15189
11755
9592
8225
6752
4454
4658
3163
1195
30
-1362
-4248
-9744
-11382
-10359
-7831
-5894
-4568
-1876
995
3086
3600
3988
4965
6038
9026
13957
18510
21070
19847
17003
12781
9304
6367
4088
3095
1330
-1229
-5146
-7894
-9198
-9351
-9260
-9173
-8214
-6452
-4556
-2113
387
2698
4385
6137
8736
10680
12426
12275
12154
11434
10371
9033
6933
5624
4250
3583
2228
247
-2253
-5162
-7674
-8629
-8367
-7260
-6068
-5218
-4387
-3767
-2960
-2028
-450
1251
2497
2716
2487
2228
2283
2256
2165
695
-1472
-4058
-7176
-8451
-9859
-10969
-11563
-12096
-11875
-12407
-13332
-14560
-15547
-14699
-15092
-13923
-12597
-11795
-9601
-7912
-4445
-3611
-2424
-1280
770
6900
13346
20166
21557
16691
11113
6519
4777
2950
1577
3643
2904
2877
1250
-657
-3020
-8723
-10459
-10551
-6564
-4034
-2666
835
2702
4501
4495
4186
4824
5605
8637
12654
17097
20452
19016
15946
10895
6388
3658
2133
2084
1086
-975
-4371
-8046
-9358
-8981
-9063
-8559
-7360
-4002
-1624
216
1815
2354
3891
5515
7728
10608
12470
12327
11636
11194
10545
7476
5862
3827
3188
3856
2548
1292
-2003
-4186
-7814
-9510
-8384
-7789
-5918
-4346
-3333
-2363
-1820
-1239
-1144
317
2289
2183
3634
3248
2840
2187
392
-1119
-3705
-4998
-7221
-8122
-7638
-8931
-10163
-12249
-14028
-14505
-15284
-14333
-13777
-11991
-11014
-11701
-11379
-12357
-10984
-8289
-5611
-3425
-2965
-1779
902
5260
12074
16834
18978
15287
9095
6824
4833
4689
2988
3405
3921
2645
1884
-885
-2147
-4834
-7449
-6891
-5139
-3509
-3034
-1588
1708
3573
5364
5179
4666
5711
6825
10591
14378
17800
17573
14527
11066
6816
4541
3411
2428
1108
-1290
-4543
-7851
-8865
-8501
-8620
-7487
-6568
-4748
-1850
233
1514
2683
3961
5228
7703
10755
12399
12563
12557
11232
9886
8374
6181
4358
3739
3690
2759
1877
-445
-4124
-6774
-8117
-8372
-6999
-5138
-3907
-3065
-1728
-1400
-1276
-309
-15
700
1913
3014
2855
2138
815
-1058
-2301
-3853
-5704
-7250
-8440
-9223
-9932
-10238
-11013
-12442
-13324
-13282
-12418
-12094
-10706
-9736
-9577
-9648
-10780
-10890
-10019
-7839
-6189
-5383
-3916
-2682
-558
3035
6849
10891
13919
13996
10577
7767
6482
4302
3732
4045
4999
4922
3611
2247
524
-475
-3350
-5566
-4615
-2997
-1951
-599
1701
3125
3946
4190
3751
4527
6282
8359
11143
14151
15223
13494
10750
7428
4436
2861
1552
186
-1164
-3184
-6084
-8287
-8396
-7089
-5614
-4933
-4201
-2908
-837
1174
2609
4987
6966
8671
10497
12092
12787
11596
9892
8275
7700
7042
5470
4380
3432
2230
529
-1673
-3893
-5738
-6648
-6427
-4878
-2928
-1877
-1538
-1762
-1836
-1851
-1213
-25
903
1962
1983
1094
-108
-1289
-2601
-3987
-5353
-6908
-7814
-8374
-8671
-9185
-10114
-10832
-11560
-10964
-9790
-9035
-8065
-8858
-9901
-10421
-10813
-10227
-10538
-11147
-10460
-8815
-7795
-7003
-5556
-3460
293
5627
11838
16546
16021
11754
7819
6733
7405
6216
6618
7796
7575
7279
5657
3769
-24
-4502
-7141
-6702
-3617
-1970
-914
664
1425
1474
1113
1548
2555
4684
8401
11367
14733
16097
14213
11211
7293
4889
2841
1732
1119
-673
-2319
-5553
-7893
-8582
-8801
-7713
-6954
-5243
-3415
-1868
194
1724
3508
5289
7536
10110
11778
12912
12642
11383
10109
8475
7588
5982
4584
3466
1831
933
-1235
-3076
-4479
-5445
-5114
-4775
-3643
-2938
-2645
-1697
-1403
-735
-170
-35
496
655
1071
387
-595
-1841
-3280
-3572
-4488
-5126
-6635
-8148
-8225
-9034
-8752
-8862
-9156
-9146
-10229
-10316
-10808
-9801
-8959
-8894
-7692
-8579
-9683
-11094
-12101
-11190
-9760
-7596
-6157
-3991
-777
1399
5129
9459
13833
14843
11880
9707
7740
8708
8303
7950
9852
8865
7077
4000
2474
539
-3065
-4532
-4775
-2945
-2417
-2948
-1846
-309
1404
1643
2374
3743
4401
6483
9002
11807
13699
12720
10324
6866
4143
2424
1061
843
-498
-2710
-5226
-7363
-7869
-7276
-5213
-3393
-2595
-1772
-1259
-510
1703
3955
6740
9578
11408
12169
11585
11537
9869
8528
7746
6381
5864
4484
3259
1260
-13
-821
-2886
-3953
-5202
-6039
-5030
-3906
-2489
-1468
-865
-856
-2217
-1861
-1742
-1444
-30
149
225
-1181
-3060
-5033
-6446
-5704
-5702
-5586
-5759
-6662
-6722
-7575
-8339
-9754
-11020
-10398
-10533
-9875
-8775
-9436
-10016
-11114
-11328
-12130
-12975
-11354
-11071
-8050
-5377
-4785
-2965
-1291
3924
9787
15844
17930
14001
12059
9847
8326
8567
8498
9219
8201
7964
6565
3766
1672
-4094
-7014
-6467
-5654
-4772
-4302
-1686
-465
1044
2331
1465
2474
3655
5604
9331
13444
15685
14336
11786
7889
3968
2144
1195
648
199
-1851
-5300
-8190
-9133
-8475
-7067
-5495
-4871
-2982
-498
1149
2740
4606
6508
8352
10491
11913
13121
12946
11860
10770
10359
8901
5775
3543
1515
743
221
-603
-2518
-4350
-5353
-6429
-5524
-4347
-3703
-3132
-2352
-1840
-1416
-429
-155
-48
753
972
516
-34
-1060
-2574
-3789
-4244
-4851
-5017
-4793
-6055
-8011
-8993
-10418
-11161
-11008
-10990
-10730
-9655
-8801
-9720
-10325
-11943
-13941
-14533
-12974
-11256
-9468
-7014
-5146
-3591
-2504
-1573
-476
4790
10051
14935
17864
16968
14265
10696
9867
8022
7195
7091
6372
6149
5940
4157
702
-3345
-7030
-8638
-7773
-5420
-4140
-1360
822
2177
2740
2953
3205
3726
6429
9083
12517
14377
13781
10990
7570
4417
1426
195
-788
-2079
-3686
-5963
-8325
-9477
-8490
-7301
-5583
-2621
-1628
658
3093
4399
6910
8267
10106
11354
13015
14350
13457
13357
11105
8491
6565
4184
2172
-19
-311
-1403
-2273
-2592
-4885
-6154
-6608
-6636
-5560
-3931
-2280
-1882
-997
-18
-302
426
631
314
560
852
268
-787
-1404
-2622
-3916
-4876
-6305
-8382
-9086
-9370
-9957
-10348
-10911
-12290
-13185
-12541
-12155
-10861
-9750
-9734
-10179
-10156
-10637
-10984
-9669
-7557
-5178
-3327
-1901
-1573
241
2444
6195
10190
14230
16504
14659
13074
9425
8273
6870
6538
6490
5676
5603
2772
1632
-1048
-3254
-5748
-6769
-5753
-4063
-1673
301
2201
3119
4025
3742
4450
5066
7090
8870
10984
11767
11180
9241
5781
3462
747
431
-1054
-1614
-3567
-5843
-7680
-9189
-7914
-7196
-4951
-2766
-19
2637
3769
5619
7265
8019
10489
11319
13222
13968
12792
12150
9475
8389
4448
2287
435
-1449
-1322
-2534
-2271
-3872
-4796
-5453
-6342
-5013
-4357
-3251
-1562
-686
667
965
1495
1473
1060
1511
532
604
533
-139
-1258
-2820
-4281
-6404
-7803
-9070
-10393
-10620
-11263
-11706
-10970
-10863
-10392
-10568
-10297
-9664
-8975
-6725
-6226
-5578
-4935
-5372
-5667
-6282
-5343
-5064
-4908
-3960
-4411
-3016
-1407
-172
3329
6518
9501
10549
11116
10197
6796
6409
5539
6332
6890
6423
6195
3696
3490
1490
587
445
-1459
-1620
-803
502
800
1710
2330
2096
2293
2354
1728
2326
3336
4428
5877
7024
6756
4931
3532
1742
750
522
569
-631
-1536
-2836
-4483
-4432
-3653
-2070
-280
2615
3104
3922
6038
6156
7177
8113
8560
9308
9223
8772
7011
6048
4330
1445
1352
300
-467
-1267
-1190
-1075
-1553
-482
-1984
-2449
-1902
-2229
-1271
-70
1375
1488
1615
1767
-398
-437
-1120
-2184
-1982
-2201
-2606
-4246
-4732
-7072
-9190
-9136
-9599
-9777
-9281
-9016
-8773
-8028
-6996
-7310
-6979
-5416
-5101
-2830
-1722
-1192
-2348
-3701
-3613
-4834
-4073
-5714
-8328
-7617
-5926
-5840
-6158
-6005
-7252
-7884
-5719
-1967
4687
9799
11496
12166
10702
9319
5605
5270
7277
7295
9251
10209
10287
8731
5684
2264
-1300
-1814
-2324
-2307
-488
-824
-517
-864
-1096
-2348
-4051
-3320
-3035
359
4616
7663
9308
8674
7070
4738
3615
3804
3696
4164
3755
1903
515
-1332
-2681
-3017
-1852
-46
1378
2506
2900
2655
2463
2522
2973
3817
4472
4927
5162
6093
5899
4859
3775
1986
1408
1330
1948
3183
3191
3308
1924
519
-170
-1534
-1505
-1578
-830
-412
-624
-1019
-2310
-3333
-4265
-5077
-5376
-5775
-6203
-6219
-6477
-6110
-6909
-7219
-7231
-6906
-5926
-5591
-4088
-3466
-2717
-1997
-2276
-1848
-1400
-1361
-532
-584
-945
-2827
-5147
-5869
-7757
-7872
-9013
-9795
-9431
-9394
-8291
-8490
-7346
-8130
-8789
-6383
-4696
-1061
2788
7551
11760
12523
13318
11581
9931
8867
7615
9604
10858
10841
9284
7353
5562
1594
-1021
-3035
-4462
-4997
-5567
-4594
-3857
-2884
-2879
-3153
-2151
-1664
-291
1998
4992
7597
9249
10076
9268
8085
6722
5606
4920
4717
4432
2697
475
-2577
-4943
-6119
-5368
-3232
-1411
749
383
-483
-557
-298
820
2817
4777
6413
8141
8831
8858
8213
7378
5552
4659
4313
4239
3831
3463
3141
1671
1000
-1252
-3168
-4391
-4988
-4957
-4300
-3629
-4200
-4983
-5917
-6449
-6525
-5291
-4682
-3788
-3303
-3170
-2933
-2582
-1376
-982
186
41
-330
-198
-918
-519
-1229
-1480
-1552
-2399
-2295
-3479
-3724
-5025
-6017
-6149
-7840
-7474
-8419
-8716
-8399
-9360
-8803
-8846
-7384
-5873
-5253
-3469
-3742
-2256
-1559
-838
435
-27
3070
4165
7901
10876
10464
10943
8105
7234
5674
4543
4627
3535
4235
3533
3060
2759
656
-555
-2174
-2012
-1500
-1322
244
8
768
813
566
1441
1705
2839
3491
4582
5706
5739
5890
4965
3648
2479
1286
725
196
-301
-1312
-2524
-3416
-3081
-2281
-1182
-191
1445
4345
6600
7939
6344
4821
3668
3787
5326
6399
7503
6476
5729
4853
4032
3101
728
-1075
-1441
-748
104
-424
-1635
-3183
-4975
-5450
-6138
-6010
-5794
-5028
-3678
-2139
-436
-581
-839
-1700
-2276
-1675
-350
974
1706
1725
1148
329
-1002
-2103
-3162
-3386
-3480
-4030
-4102
-4501
-4447
-4582
-5282
-5655
-6447
-5876
-5614
-4936
-4761
-5548
-5042
-5737
-4881
-5277
-5914
-6230
-6629
-4272
-2522
-1544
-2826
-4238
-3831
-2235
-441
-537
-35
3486
6267
8596
8433
6994
6386
3999
5231
5593
7219
6672
4012
4728
4307
4251
668
-1308
-1908
-2126
-1139
-1481
-595
-48
-524
-1262
-1654
-1018
-401
96
2474
3844
5596
5974
5313
5013
3559
3305
2455
3045
3533
2542
1384
-575
-2178
-2894
-2312
-1255
-662
220
1381
3669
5164
4131
3422
2721
2768
4207
5212
6740
7172
5905
5052
3715
3155
708
-1618
-2277
-2352
-1145
-1480
-1400
-2698
-3672
-4132
-4719
-3328
-2272
-1677
-679
449
1791
2182
1957
1375
33
202
-681
-276
282
73
-710
-2647
-3322
-4512
-4623
-5187
-5373
-5068
-4963
-4672
-4782
-4646
-4555
-4790
-4010
-3004
-2035
-1213
-1567
-1283
-1669
-1760
-3241
-3686
-4930
-6067
-5634
-6877
-5847
-5297
-4965
-5555
-5222
-5227
-4796
-2879
-1863
-145
1574
4521
6870
7878
7789
6791
5360
6129
5450
5936
6732
5480
4945
3526
3652
745
-812
-2285
-3223
-2025
-1938
-1085
-1190
-227
-222
-134
1161
1799
2125
3299
4087
5182
5925
6167
5797
4671
4324
2405
1579
886
154
-604
-1751
-2628
-3633
-3750
-3352
-2165
-544
1268
3123
4783
5363
4935
3746
3254
3479
3982
4968
5224
4410
2976
1612
1078
282
-623
-1280
-1775
-939
-594
118
164
-85
-369
-1119
-773
-661
-436
-107
393
1173
1497
1090
222
-773
-635
-902
-350
-412
-979
-1372
-2943
-3048
-3688
-3139
-3142
-3029
-2540
-2707
-2505
-3153
-3398
-3327
-2922
-2683
-2800
-3011
-2683
-3295
-2901
-3367
-4035
-4845
-5207
-4748
-5450
-4818
-6732
-7431
-7836
-7463
-6157
-5158
-3994
-4048
-2847
-2123
-1067
-134
1129
2014
3682
6091
7272
6732
6430
5489
4497
4450
3935
4279
3563
3779
2642
2868
2776
1199
354
-359
53
-363
621
1062
1359
1248
656
137
438
1092
1557
2220
3156
3670
3435
3614
2775
2737
2099
2001
1306
957
480
-1153
-1661
-2785
-2852
-2657
-1139
472
1312
2280
3043
3878
3934
3205
3132
2863
3244
4067
4286
5226
4042
2991
1934
1285
856
-114
223
141
902
1157
1057
1081
297
-188
-603
-444
221
437
1192
1828
2054
2096
1484
848
197
-54
-140
-237
-372
-941
-1902
-2593
-3518
-4042
-4338
-4358
-4086
-4376
-4388
-4903
-4697
-3867
-3387
-3030
-3132
-3606
-3626
-3627
-3289
-3396
-3581
-3609
-4849
-5283
-6425
-6275
-6509
-6885
-6146
-6335
-5563
-6088
-5818
-4291
-2853
-1708
-1502
-734
-356
-462
1654
3769
6172
7516
6885
6935
5489
4952
3620
3548
4375
3930
4137
3693
3431
2166
1024
73
-691
-814
-830
-1036
-135
649
955
1222
924
749
238
679
1161
2297
3300
3625
3072
2543
1601
465
440
210
565
-268
-587
-1550
-2435
-2588
-3197
-2771
-1897
1111
4017
5431
5070
3225
2420
2090
1771
2871
3682
4455
4781
4747
5651
4318
2928
1030
804
2164
2836
4169
3897
4423
3575
2335
2019
1090
999
572
1022
2075
2487
2313
1000
-472
-1449
-2442
-1964
-1339
-432
-361
-1569
-2487
-3959
-4156
-4669
-4669
-4283
-4028
-3351
-3347
-3448
-4193
-4913
-4924
-4385
-3610
-2852
-2780
-3056
-4006
-4779
-5255
-5363
-5403
-5647
-5344
-5279
-4584
-4273
-4100
-4444
-5188
-5689
-5014
-3291
-1642
-598
-680
-215
-334
-204
121
870
1248
1749
3449
5239
6609
5861
4810
3420
3128
2880
2872
3451
2909
2558
1888
1820
1178
269
-731
-1419
-1048
-225
486
716
634
16
-387
-543
146
406
1312
1807
1857
2499
1971
1773
546
164
-175
-769
-192
-675
-663
-1114
-1941
-2574
-2954
-2158
-175
3404
5832
6173
6416
5136
4353
4388
4199
5997
6338
7092
7537
7015
6693
3966
2424
1184
1315
1906
2127
3355
2915
3093
2433
1151
1045
-60
-314
-3
585
1713
1395
1020
-630
-2226
-2863
-3608
-2573
-1854
-1228
-1518
-3160
-4035
-5166
-5449
-5164
-4985
-4107
-4042
-3864
-4135
-4367
-4327
-4852
-4069
-3739
-2889
-2117
-2291
-2344
-3107
-3810
-4539
-5360
-5455
-4996
-4276
-3429
-3308
-2693
-2682
-3094
-3449
-3667
-2921
-2547
-1331
-823
-605
-353
-630
-122
167
738
1246
2212
3879
4522
4509
4031
2808
2302
2260
2284
2300
1959
1906
1375
1315
732
-437
-857
-1324
-1012
-560
86
231
48
298
109
6
103
315
586
1163
1585
1815
1896
1699
1194
573
701
941
1428
1743
1161
619
-143
-698
-649
79
1418
2315
3580
5183
6760
7661
6446
5025
4424
4503
5521
5713
6237
6070
4856
4244
3141
2879
1447
74
-226
333
1799
1850
1951
1126
334
-184
-817
-724
-661
-765
-700
-401
-266
-401
-1278
-2312
-3216
-3152
-2877
-2525
-2392
-2862
-3531
-4667
-5167
-5440
-5227
-5039
-4773
-4331
-3759
-3226
-3550
-3568
-3512
-3120
-2418
-1740
-1371
-1270
-1047
-1362
-1864
-2538
-3309
-3644
-3418
-3152
-3497
-4157
-4631
-4948
-4601
-3945
-3624
-3283
-2386
-704
549
1909
2192
1613
1422
1048
1582
2180
3459
4221
4026
3696
2426
1467
722
185
14
51
541
653
434
171
-1064
-1893
-2070
-1714
-734
62
696
1026
1812
2547
2704
2676
2595
2377
2905
3835
4657
5008
4391
3446
2026
969
216
-462
-492
-301
-295
-320
-844
-1203
-1611
-1609
-591
1483
5174
6959
7367
7161
6124
5864
5168
4867
4924
4589
4546
4080
4205
3682
1501
-506
-2068
-1941
-1741
-1211
-434
-264
287
-377
-926
-1138
-1690
-1914
-1704
-666
486
1113
1067
-59
-1237
-2109
-2443
-2080
-1557
-1277
-2079
-2895
-3650
-4230
-4388
-4837
-5109
-4851
-4109
-3059
-2572
-2597
-3165
-3679
-3411
-3110
-2163
-1566
-1107
-929
-1355
-1616
-2532
-3378
-4042
-4360
-3415
-2417
-1871
-1657
-2419
-2609
-3267
-3563
-2894
-2211
-864
-675
205
970
982
948
-131
-184
-100
166
1019
1205
1906
1631
1142
1472
1221
1507
997
1005
1562
1958
2695
2073
1777
1330
870
1274
1639
2146
2117
1944
2100
2186
2291
1899
1476
1738
2160
2508
2809
2911
2545
1902
1417
1377
1456
1652
1594
1743
1996
1856
1876
1563
1427
1065
996
1375
1443
1603
1522
1619
1866
2142
2102
1473
1126
1107
1846
2935
2942
2654
1636
1050
1057
866
1289
647
352
262
359
959
671
489
-195
-372
-151
-205
151
-345
-769
-1259
-1910
-1908
-2493
-2738
-3044
-3275
-2787
-2583
-2176
-2174
-2540
-3022
-3587
-3522
-3223
-3192
-3328
-3764
-4101
-4313
-4746
-4917
-5001
-5087
-5138
-5088
-4811
-4852
-4976
-4811
-4513
-3799
-3444
-3039
-2666
-2748
-2255
-1787
-998
-426
-378
154
982
2283
3940
4934
4819
3972
2988
2647
2744
2837
2968
2922
2891
2581
1847
1345
328
-324
-530
-238
650
854
1429
1487
1752
2283
2264
2682
2771
3061
3447
3797
4150
3887
3529
2511
1236
662
276
419
295
-7
-511
-1563
-2332
-3038
-3193
-3019
-2571
-1708
-284
1357
2321
3314
4003
4119
4292
4126
4248
4562
4373
4149
3624
3148
2491
1558
944
450
-22
-285
-232
-48
81
132
27
77
496
516
621
734
749
1143
1343
1614
1802
1694
1389
758
265
-116
-660
-1147
-1792
-2404
-3124
-3846
-4307
-4644
-4546
-4647
-4797
-4807
-4782
-4422
-3901
-3442
-3067
-2854
-2808
-2707
-2674
-2536
-2576
-2615
-2326
-2014
-1644
-1788
-2169
-2411
-2403
-1948
-1631
-1152
-1076
-1510
-1727
-2087
-2115
-2141
-2156
-1893
-1719
-1255
-1025
-646
-253
-374
-231
-211
322
1106
1790
2650
2759
2979
2909
2646
2646
2240
2278
2417
2732
3068
2718
2408
1799
1295
1303
1242
1645
1987
2290
2671
2783
3026
2866
2675
2765
2717
2902
3110
3315
3671
3487
3133
2597
1924
1484
885
658
605
454
366
210
58
-108
-355
-320
-53
170
508
665
903
945
683
511
241
193
85
-109
7
-79
-61
83
4
44
-318
-638
-876
-1093
-944
-1048
-953
-938
-1064
-1224
-1574
-1620
-1888
-2189
-2487
-2881
-2781
-2596
-2264
-1934
-1765
-1721
-2023
-2084
-2327
-2663
-2649
-2464
-1687
-1247
-1267
-1474
-2093
-2122
-2590
-2902
-2692
-2859
-2391
-2167
-1734
-1657
-2451
-2877
-3422
-3421
-3011
-2867
-2007
-1171
-426
315
239
544
260
466
1175
1443
2172
2107
2303
2339
2129
2198
1723
1592
1625
1452
1784
1698
1561
1509
919
785
251
251
708
1075
1889
2256
2365
2135
1840
1966
2207
2572
2904
2921
3093
2947
2664
2385
1923
1889
1599
1673
1947
1902
2181
1925
1662
1538
1235
1148
1031
1234
1548
1573
1496
1331
1042
926
729
902
1209
1520
1642
1296
1261
735
438
114
-51
93
-36
137
5
-63
-240
-557
-695
-837
-1024
-1114
-1300
-1249
-1419
-1865
-2164
-2785
-2869
-3028
-2815
-2485
-2564
-2449
-2775
-2686
-2682
-2884
-2697
-2581
-2079
-1784
-1809
-1544
-1699
-1925
-2035
-2249
-1779
-1656
-1554
-1429
-1856
-2010
-2793
-2921
-2840
-2949
-2811
-3016
-2580
-2392
-2141
-1910
-1838
-1556
-1259
-639
372
1057
1237
1169
944
1168
1015
1221
1182
1060
1077
637
715
532
459
48
-217
-37
230
552
499
481
325
425
683
1104
1769
2238
2378
2656
2967
3025
2855
2495
2454
2587
2934
3216
3413
3513
3096
2718
2286
2148
2026
1750
2011
2037
2107
2070
1845
1691
1470
1214
998
958
1030
1122
1093
1123
836
744
449
480
470
374
672
328
390
45
-146
-294
-420
-201
-206
38
-85
-261
-534
-759
-796
-943
-1014
-887
-960
-743
-909
-1327
-1373
-1660
-1461
-1539
-1441
-1209
-1384
-1135
-1207
-1055
-1017
-1383
-1304
-1524
-1124
-1032
-1345
-1240
-1847
-1928
-2070
-2355
-2116
-2274
-2007
-2030
-2508
-2485
-3079
-2945
-2993
-3041
-2429
-2621
-2072
-2329
-2277
-1914
-2087
-1427
-1375
-1006
-734
-862
-526
-604
-336
-184
-454
-203
-469
-241
13
-6
467
337
642
602
486
864
784
1290
1459
1597
2054
2030
2462
2330
2416
2777
2719
3175
2918
2854
2924
2860
3251
3033
2962
2658
2063
2127
1910
1984
1932
1519
1614
1336
1505
1251
780
864
629
988
977
930
965
666
775
672
649
781
500
453
443
385
569
283
279
52
-120
94
-63
110
-125
-319
-491
-716
-588
-767
-896
-1030
-1034
-596
-233
-198
-339
-839
-959
-987
-920
-393
-493
-455
-717
-825
-647
-962
-1022
-1265
-1050
-938
-1018
-888
-969
-894
-1085
-1397
-1390
-1655
-1859
-1890
-1988
-1550
-1613
-1539
-1535
-1907
-2036
-2497
-2345
-2183
-2076
-1944
-2239
-2148
-2184
-2264
-1846
-1854
-1456
-1122
-827
-228
-513
-501
-953
-952
-335
-122
400
168
166
120
-232
141
-67
261
750
885
1727
1870
2111
1820
1428
1834
1941
2429
2690
2747
2971
2848
2822
2699
2507
2659
2241
2376
2505
2395
2505
1842
1580
1121
1015
1339
1406
1847
1885
1600
1384
1042
1024
952
940
1140
1071
1279
973
576
332
-40
-150
-352
-383
-390
-560
-601
-636
-687
-606
-727
-613
-552
-637
-841
-1141
-986
-833
-601
-377
-386
-411
-553
-697
-549
-522
-404
-493
-435
-173
-440
-412
-663
-662
-620
-863
-662
-674
-418
-497
-808
-679
-729
-694
-763
-868
-854
-1257
-1406
-1441
-1522
-1318
-2091
-2473
-2559
-2545
-1954
-2050
-1452
-1591
-1970
-1980
-2294
-1788
-1601
-1438
-1198
-980
-459
-552
-815
-653
-1093
-863
-903
-902
-560
-767
6
177
974
1240
649
295
-14
441
843
1422
1852
2063
2122
2251
1773
1805
1565
1428
1843
2125
2903
2489
2404
2029
1733
1702
1318
1390
1294
1598
1632
1599
1758
1597
1204
968
838
1027
1308
1446
1695
1443
1109
493
-64
-44
78
407
488
516
196
-209
-477
-795
-696
-715
-589
-490
-222
32
198
142
-72
-212
-454
-317
-300
-63
-3
31
-69
-51
-197
-532
-733
-1222
-952
-840
-396
-314
-585
-752
-1082
-922
-921
-795
-910
-1002
-1041
-867
-596
-460
-602
-854
-1083
-1543
-1589
-1819
-1490
-1221
-1261
-1246
-1601
-1521
-1665
-1688
-1497
-1501
-1558
-1397
-1117
-703
-666
-860
-787
-781
-267
-403
-282
-25
-34
64
-309
-89
-265
-457
-363
-223
224
269
43
-50
-69
127
147
281
1003
1255
1458
1394
1390
1595
1366
1379
1406
1524
1754
1509
1370
1278
1049
847
590
857
1007
1213
1267
1382
1564
1344
1183
938
1074
1291
1509
1571
1820
1616
1306
966
701
986
686
720
482
430
385
225
308
247
230
-22
-110
-117
25
-107
-55
-105
82
111
17
158
-191
-144
-498
-400
-137
-71
169
-22
-187
-606
-1162
-1411
-1433
-1379
-1062
-1060
-941
-860
-1266
-1366
-1572
-1205
-905
-927
-561
-756
-739
-1063
-1249
-1007
-1027
-651
-904
-908
-519
-886
-1028
-1252
-1590
-1410
-2078
-1739
-1610
-1789
-1139
-1776
-1279
-1300
-1223
-1011
-1024
-53
22
287
274
93
47
-18
-20
-139
-515
-330
-339
-160
358
39
284
235
666
909
802
759
397
600
1063
1692
1780
1806
1500
1439
1654
1651
1783
1484
1513
1581
1766
2044
1771
1441
920
555
710
1029
1386
1458
1249
1156
856
944
1088
765
818
462
541
706
684
786
126
41
2
9
368
389
319
95
20
162
-25
-210
-446
-892
-765
-725
-490
-406
-629
-629
-1054
-802
-532
-472
-346
-448
-274
-459
-432
-382
-436
-480
-661
-732
-939
-1099
-1208
-1108
-758
-257
-547
-1061
-1279
-1159
-858
-585
-194
-243
-405
-993
-1134
-1525
-1464
-1404
-1676
-1019
-777
-547
-1113
-1148
-1039
-1054
-895
-1066
-875
-1053
-1139
-1272
-1138
-561
-243
-518
-263
-107
187
462
577
1097
824
835
504
711
1149
1149
1281
1086
1382
1301
1045
1190
1133
1342
1398
1243
1609
1474
1501
1479
1572
1990
1652
1660
1550
1568
1738
1557
1629
1562
1551
1318
826
859
700
359
167
99
205
63
27
43
-51
37
-188
-552
-550
-543
-431
-414
-89
77
-270
-456
-679
-715
-816
-738
-723
-596
-302
-214
-203
-394
-587
-978
-1066
-800
-701
-903
-1028
-1014
-837
-739
-676
-679
-853
-756
-764
-369
-182
-136
-273
-385
58
-72
-474
-1071
-1349
-1111
-796
-494
-228
-391
-553
-938
-1177
-970
-1149
-1027
-1180
-606
-135
-10
66
-486
-652
-1254
-1315
-961
-460
85
125
178
314
419
368
170
-109
-117
-5
550
1112
1380
1184
774
864
1002
1026
759
551
713
1101
1509
1822
1697
1194
730
461
773
1010
920
697
536
772
874
934
895
702
559
418
627
882
979
978
701
543
583
409
412
228
148
156
-96
27
-227
-385
-584
-674
-377
-237
81
-39
-254
-465
-713
-698
-608
-410
-163
-137
20
51
-164
-261
-549
-465
-376
-85
203
123
149
-105
-311
-553
-737
-694
-697
-534
-338
-357
-211
-368
-602
-722
-696
-320
-372
-207
-146
-258
-288
-538
-415
-378
-304
-142
-173
180
227
-141
-584
-1116
-1172
-1187
-903
-453
-314
-162
-272
-387
-382
-538
-629
-846
-772
-397
-163
230
216
83
-139
-353
-211
32
429
595
531
490
502
543
690
734
714
617
607
661
764
859
759
609
496
589
584
739
799
811
656
532
611
491
503
241
142
147
235
348
247
234
158
23
33
210
358
392
285
280
174
122
12
-130
-190
-377
-581
-893
-939
-756
-644
-541
-474
-573
-654
-720
-529
-388
-265
-43
-22
158
193
154
-117
-389
-493
-681
-549
-140
199
425
459
382
160
-126
-62
-105
66
318
364
435
377
287
-193
-695
-668
-572
-143
302
497
627
344
416
316
342
435
-73
-328
-353
-35
178
16
-143
-426
-620
-291
-49
269
212
-58
-192
-316
-48
-322
-626
-802
-688
-297
75
339
352
-16
-273
-271
-126
486
592
814
651
688
756
471
485
186
226
17
174
498
606
617
215
-97
-175
-24
178
159
55
-27
-396
-467
-378
-199
-256
-370
-220
-35
347
406
203
-173
-315
-313
-209
101
326
178
-164
-204
-271
-306
-422
-514
-446
-254
93
101
55
33
-283
-588
-725
-472
-255
-106
220
211
55
-255
-597
-589
-505
-237
-167
-114
357
356
348
96
-110
-239
-565
-207
-38
263
298
155
119
15
73
-59
25
263
524
531
627
671
395
-110
-558
-710
-591
-215
338
721
850
829
469
466
435
542
284
107
307
309
562
354
161
-380
-817
-862
-770
-353
-40
108
179
326
354
227
-79
-260
-443
-396
-99
249
419
330
72
-227
-311
-322
-239
-263
-220
-195
-116
92
218
160
-112
-380
-442
-426
-291
-212
-231
-241
-361
-268
-222
-126
-148
-139
-24
121
263
169
64
-141
-243
-298
-213
64
185
197
233
198
355
310
337
302
136
226
48
222
298
355
269
-80
-177
-374
-409
-300
-231
-123
-117
-195
-123
-164
38
93
-12
218
287
551
577
380
308
-76
-17
59
63
265
-6
-35
-24
152
498
299
216
84
-25
255
324
474
342
69
47
-70
202
256
121
47
-8
151
253
286
325
123
70
33
-88
-110
-451
-542
-656
-337
-29
80
117
-136
-220
-378
-227
-188
-105
-143
-201
-245
-176
-165
-301
-364
-525
-455
-488
-208
-45
67
78
-47
-128
-212
-216
-280
-187
-20
153
127
94
-161
-305
-473
-317
-117
-19
154
-105
-32
-110
-101
-184
-394
-301
-259
1
433
605
704
585
300
245
34
169
190
297
632
654
736
500
198
-150
-448
-427
-330
-15
302
435
448
252
61
-171
-302
-231
-209
-37
158
291
367
229
48
-209
-331
-212
-25
246
384
391
289
89
-66
-233
-346
-271
-207
1
187
265
303
13
-146
-315
-371
-223
-114
68
133
133
39
-134
-249
-306
-390
-336
-111
95
241
351
294
183
65
-59
-76
-60
84
106
76
162
98
-27
-76
-178
-179
-182
-112
-32
-99
-58
-206
-274
-216
-169
-144
-181
-115
-109
-163
-171
-260
-363
-343
-327
-187
-63
65
-4
-184
-242
-382
-414
-394
-281
-138
-41
50
54
17
8
-148
-185
-94
96
370
500
668
616
532
394
173
53
-11
-4
192
510
756
826
568
339
37
-65
-24
2
140
188
188
136
127
58
-107
-347
-462
-509
-370
-144
14
102
31
-116
-318
-272
-168
-92
-66
3
60
124
202
184
116
14
56
107
300
401
315
136
26
26
27
106
82
-19
-138
-115
-70
0
-6
-132
-238
-212
-54
59
197
216
122
9
28
90
146
160
86
86
99
117
32
-29
-48
-108
-77
52
187
211
158
49
-49
-128
-204
-268
-277
-178
-158
-127
-57
-45
-81
-198
-213
-186
-94
18
27
20
-46
-159
-231
-219
-155
-107
-73
18
42
65
28
-95
-178
-250
-174
-45
177
355
359
273
111
-20
-42
52
176
242
237
249
211
213
177
96
85
52
113
205
253
177
-59
-290
-406
-452
-420
-377
-322
-217
-167
-117
-82
-84
-137
-180
-102
71
203
245
182
62
-20
-106
-119
-10
134
228
283
333
348
278
189
97
-31
-103
-191
-219
-111
33
135
111
64
-38
-197
-228
-149
-44
66
145
193
239
240
177
21
-96
-159
-228
-167
-6
108
153
169
55
-95
-218
-277
-241
-142
48
127
131
94
-75
-271
-364
-378
-304
-133
68
207
258
312
272
153
49
-52
-67
56
200
289
326
304
181
-33
-174
-272
-282
-154
19
203
294
260
120
-12
-82
-138
-206
-219
-145
-56
65
151
168
117
8
-99
-143
-109
-8
70
73
52
-53
-162
-241
-306
-292
-240
-122
-7
22
22
-40
-126
-124
-47
86
164
171
163
138
176
196
140
107
106
131
188
278
347
303
193
83
37
98
174
186
142
81
-13
-117
-128
-71
-53
-83
-80
-32
26
53
-28
-151
-201
-239
-294
-321
-316
-316
-341
-281
-162
-93
-74
-145
-228
-216
-149
-100
-104
-66
6
48
91
75
-5
-56
-13
87
235
390
442
358
236
145
76
62
58
56
104
206
262
229
176
99
9
-27
50
213
335
344
204
55
-24
-113
-209
-314
-313
-259
-203
-146
-135
-160
-236
-300
-285
-193
-148
-146
-183
-209
-222
-257
-296
-339
-364
-380
-349
-237
-74
-18
-16
28
80
96
69
23
-30
-12
44
94
123
174
154
163
267
196
77
135
284
250
173
311
477
494
353
160
27
-111
-421
-312
617
1221
303
-1004
-738
621
1356
553
-749
-846
-16
206
-334
-289
116
-356
-1151
-960
-48
438
-53
-820
-629
226
291
-437
-429
271
343
-266
-609
-379
31
76
-298
-340
180
442
97
-57
126
126
-5
56
298
454
372
93
6
267
370
86
-68
98
219
186
147
185
281
306
169
62
182
306
199
93
117
100
0
-137
-202
-145
-36
-31
-113
-96
-92
-129
-102
-12
35
-14
-98
-118
-65
-20
-67
-116
-11
63
46
-9
-33
-9
8
-23
-93
-114
-92
-80
-105
-84
-94
-143
-182
-121
28
145
227
235
316
404
400
301
213
252
255
201
181
198
167
130
81
79
138
126
57
29
124
170
133
115
110
92
62
-8
-124
-160
-133
-132
-149
-143
-151
-150
-137
-124
-112
-108
-103
-122
-87
-17
-10
-93
-159
-203
-265
-307
-285
-191
-98
-39
-41
-49
-11
25
6
-4
13
33
72
128
148
127
157
184
180
186
203
164
115
103
111
131
93
-9
-123
-171
-200
-206
-149
-74
-19
-18
13
50
63
55
17
-15
-21
-27
-65
-86
-114
-135
-156
-150
-124
-95
-38
-12
-28
-66
-95
-164
-238
-284
-283
-199
-134
-134
-188
-234
-267
-283
-230
-140
-45
36
57
10
-2
47
93
142
180
208
220
228
194
150
177
155
99
90
129
131
116
125
131
148
75
-36
-63
17
20
-43
-18
51
98
42
-51
-117
-83
-52
-101
-106
-78
-60
-75
-40
-55
-159
-237
-299
-277
-223
-192
-184
-98
-11
-39
-88
-91
-61
-77
-61
-6
103
223
231
163
103
109
116
149
208
237
239
246
275
253
210
158
103
64
14
-19
-21
24
22
-22
-44
-27
-33
-77
-81
-29
77
111
101
78
83
99
65
63
98
140
100
38
41
69
73
74
89
105
122
81
1
-47
-73
-85
-95
-66
-64
-95
-72
-44
-49
-72
-81
-107
-85
-45
-7
38
89
97
49
28
-27
-53
-36
23
51
59
75
85
124
128
103
51
34
1
-34
-15
8
45
56
58
44
15
-1
-28
-9
43
83
94
105
99
56
14
-33
-33
-6
30
7
-24
-13
-40
-88
-131
-133
-137
-111
-93
-98
-66
-33
-36
-57
-55
-62
-64
-30
0
-3
5
8
-19
-6
22
23
3
-35
-75
-120
-123
-144
-170
-147
-99
-95
-134
-162
-196
-188
-175
-176
-196
-162
-104
-104
-89
-83
-54
-24
2
22
40
83
93
115
125
131
118
82
83
78
105
114
123
130
126
114
79
48
-6
-33
-73
-87
-102
-124
-142
-162
-139
-128
-118
-132
-133
-109
-84
-61
-67
-75
-79
-62
-62
-65
-71
-87
-73
-77
-80
-88
-79
-69
-64
-44
-38
-19
-19
-20
-21
-10
-4
2
48
100
148
147
142
132
143
151
134
125
105
101
79
79
102
109
100
61
37
5
-6
-24
-12
44
87
113
83
66
44
40
23
12
26
51
94
102
110
107
100
72
45
12
-17
-12
-3
27
54
65
28
-38
-98
-142
-148
-157
-161
-159
-143
-117
-118
-111
-97
-63
-49
-47
-44
-21
32
69
117
146
147
126
101
75
61
53
53
70
86
113
117
119
122
119
112
72
43
32
39
57
71
89
96
84
49
13
-6
2
14
31
63
92
106
80
34
-26
-66
-109
-146
-155
-158
-148
-134
-111
-102
-92
-97
-111
-108
-102
-84
-73
-51
-21
-7
3
1
9
11
22
24
20
33
43
68
80
91
84
66
36
6
-22
-37
-37
-35
1
28
50
60
63
51
53
63
58
63
67
78
83
77
77
70
57
48
25
13
2
-17
-32
-40
-50
-77
-106
-136
-169
-182
-197
-206
-205
-198
-175
-161
-125
-109
-102
-90
-88
-82
-74
-67
-47
-12
15
44
47
52
47
38
35
35
45
58
72
72
66
60
53
50
48
44
48
56
74
95
112
124
126
111
103
89
72
70
61
44
24
13
-5
-22
-31
-36
-42
-51
-55
-68
-85
-104
-109
-113
-120
-129
-136
-132
-125
-102
-75
-44
4
30
58
73
86
92
94
97
89
87
72
65
37
26
17
13
20
16
39
58
65
64
70
55
21
-12
-41
-49
-52
-43
-28
-13
5
11
20
31
44
66
82
91
92
87
62
45
20
-12
-54
-95
-117
-122
-112
-97
-68
-49
-28
-25
-33
-40
-48
-59
-65
-49
-33
-16
1
8
12
7
-8
-11
-14
-3
17
44
73
87
83
74
45
9
-20
-49
-52
-52
-40
-23
-4
5
12
8
1
1
3
20
30
50
60
68
75
61
50
27
2
-7
-7
-5
6
19
27
24
0
-19
-46
-80
-101
-114
-104
-96
-76
-54
-38
-19
-13
-10
-4
8
20
37
58
83
106
118
103
87
56
30
11
2
3
1
10
-4
-19
-32
-40
-54
-73
-80
-85
-75
-62
-51
-36
-31
-36
-41
-51
-43
-31
-11
6
33
50
54
62
53
44
31
16
-1
-7
-20
-32
-35
-35
-34
-41
-36
-44
-38
-26
-18
6
21
31
33
21
5
-8
-13
-12
-11
-3
8
10
20
28
23
19
3
-1
1
-6
-4
-10
-11
-16
-33
-33
-47
-58
-54
-50
-30
-18
-3
12
22
39
42
46
50
47
48
44
48
49
46
36
28
8
-6
-13
-24
-19
-13
4
12
20
30
20
15
5
-4
-10
-9
1
9
21
29
31
33
32
40
32
44
50
50
57
42
47
32
11
-1
-20
-29
-34
-44
-46
-37
-40
-34
-32
-27
-19
-27
-27
-28
-15
-1
-2
10
17
24
23
16
17
17
28
23
27
39
31
34
21
9
7
1
1
-12
-7
-15
-16
-9
-5
9
16
23
19
13
19
19
12
13
13
12
16
13
8
11
8
9
10
14
21
19
19
9
15
7
-14
-17
-25
-22
-27
-19
-13
-11
-6
-6
0
0
4
8
-1
-1
-10
-18
-17
-17
-11
-11
-2
-7
-8
-13
-16
-13
-10
-9
-15
-5
-15
-18
-14
-16
-11
-8
-6
-10
-2
-1
-5
-6
-6
-3
-4
-9
-10
-9
-7
-8
-7
-6
-11
-4
-11
-11
-20
-25
-30
-36
-33
-39
-25
-24
-22
-18
-17
-9
-22
-23
-18
-22
-20
-24
-26
-25
-30
-34
-31
-25
-17
-10
2
12
11
12
12
12
18
18
21
23
12
15
12
6
5
10
14
11
23
17
13
4
-3
-1
-10
-9
-14
-12
-12
-7
-11
-17
-11
-9
-7
-7
1
10
15
15
5
0
-6
-14
-19
-27
-24
-29
-25
-20
-19
-14
-21
-11
-8
-8
-7
-5
-4
-11
-7
-6
-3
1
4
1
0
10
15
20
27
31
37
34
30
28
26
19
12
12
6
4
5
4
7
7
8
16
13
15
15
12
16
17
21
18
19
15
14
12
12
14
14
16
7
12
9
7
0
-3
-1
-4
-4
-4
1
-5
-3
-5
-6
-3
-10
-1
0
1
10
14
16
10
14
13
14
10
18
18
10
18
14
15
6
11
8
1
7
5
6
1
1
2
-2
-7
-7
-14
-11
-6
-15
-11
-8
-4
-2
-5
-1
-3
-6
-3
-6
-2
6
4
0
0
-7
-8
-9
-11
-9
-12
-10
-14
-11
-7
-17
-14
-15
-17
-13
-14
-8
-3
-2
2
2
3
3
1
7
8
13
18
15
21
19
11
12
13
12
11
6
3
4
-3
0
-6
-6
-6
-12
-12
-18
-12
-8
-2
6
11
10
9
16
8
9
7
8
18
17
22
16
9
5
4
-2
-6
-3
-12
0
0
3
9
8
12
13
14
13
20
21
22
22
16
18
20
21
24
25
31
29
23
24
18
18
17
8
3
1
-5
-10
-6
-7
-12
-12
-12
-12
-14
-22
-19
-22
-21
-20
-22
-23
-21
-21
-23
-19
-19
-20
-23
-23
-19
-10
-6
-12
-16
-19
-18
-21
-22
-21
-17
-22
-22
-23
-27
-25
-28
-20
-26
-21
-16
-17
-15
-18
-8
-7
-4
3
-2
0
1
-4
1
7
1
6
3
7
5
-6
-1
-2
3
-1
-6
-5
-2
-3
-5
-5
-6
-5
-8
-2
-1
1
3
3
2
5
5
2
4
4
7
5
12
8
8
9
0
7
9
10
9
14
15
17
14
13
9
7
9
6
6
3
6
3
-4
-9
-6
-6
-6
-5
-10
-12
-16
-7
-5
-18
-20
-20
-25
-19
-21
-30
-28
-26
-27
-28
-29
-31
-30
-32
-35
-33
-37
-42
-45
-42
-39
-31
-36
-42
-41
-36
-39
-39
-34
-38
-28
-28
-27
-24
-25
-26
-25
-22
-25
-20
-22
-22
-22
-22
-24
-23
-23
-20
-22
-22
-21
-20
-19
-19
-15
-14
-9
-8
-9
-3
4
-2
3
8
9
14
12
14
9
12
8
9
8
5
3
3
5
5
10
3
10
9
11
13
15
16
16
18
17
24
27
33
34
35
32
34
41
31
36
31
25
31
26
27
25
18
18
19
17
13
14
12
13
22
22
21
22
24
23
20
25
26
22
17
21
23
19
15
12
13
8
14
7
-1
-2
1
-2
-7
-7
-11
-8
-9
-7
-5
-3
-2
-8
-6
-3
2
5
3
7
10
10
7
6
9
7
9
14
4
1
6
-1
-3
-1
-1
-1
2
7
7
6
0
0
-4
-1
-3
-2
1
0
4
-1
5
-5
-6
-3
-3
4
0
2
2
-1
-2
-2
-6
-9
-9
-15
-15
-13
-15
-17
-17
-15
-14
-17
-14
-6
0
1
-2
1
5
-3
-1
0
1
4
-1
-3
-8
-7
-8
-9
-17
-15
-11
-19
-18
-18
-22
-21
-23
-24
-22
-18
-24
-14
-12
-13
-11
-19
-15
-19
-14
-16
-17
-12
-15
-10
-18
-24
-28
-35
-32
-31
-28
-27
-26
-26
-23
-27
-29
-23
-27
-25
-23
-21
-19
-19
-16
-16
-19
-24
-24
-25
-17
-19
-15
-15
-20
-19
-20
-16
-23
-18
-23
-22
-22
-23
-21
-27
-24
-18
-17
-18
-20
-18
-19
-23
-15
-20
-20
-23
-19
-23
-20
-13
-13
-6
-12
-10
-9
-9
-9
-8
-5
-7
-8
-7
-2
0
2
1
5
7
6
10
8
9
15
19
19
15
17
15
18
19
14
18
20
23
23
22
21
22
21
18
17
19
14
8
10
11
14
11
15
17
15
17
16
17
19
17
19
17
18
23
18
18
19
14
15
9
9
10
8
9
9
8
7
4
0
3
4
4
5
-3
-1
-6
-7
-4
-5
-4
-2
0
1
3
6
3
6
9
4
4
6
3
-1
-4
-11
-7
-8
-5
-6
-4
-1
-9
-10
-10
-12
-13
-10
-8
-4
-7
-2
0
-3
-2
-2
-1
-4
0
1
3
3
4
5
2
4
5
1
-1
6
2
4
3
3
7
4
2
5
8
5
14
12
9
7
4
5
4
2
1
6
7
7
8
10
12
15
16
14
16
22
23
20
22
14
14
16
11
12
16
23
22
22
23
21
21
25
25
25
25
21
20
21
17
9
14
14
11
12
17
15
13
13
8
6
2
0
0
-1
0
-5
-1
-6
-9
-4
-9
-5
-4
1
3
2
2
-2
-3
-12
-11
-11
-10
-9
-11
-7
-20
-10
-5
-10
-7
-11
-6
-12
-9
-13
-12
-9
-11
-9
-10
-5
-6
-6
-6
-4
0
-4
-1
-6
-7
-4
-4
0
1
-1
-6
-7
-7
-8
-8
-10
-1
3
4
4
2
0
-1
4
3
8
6
5
5
4
3
1
1
9
9
11
19
14
19
11
14
17
12
15
18
19
15
17
16
9
10
7
6
6
5
9
9
5
3
4
8
6
6
8
9
9
8
4
-2
-4
-3
-3
-13
-8
-7
-5
-9
-16
-13
-20
-17
-18
-19
-20
-22
-18
-18
-18
-22
-19
-24
-24
-24
-28
-28
-29
-29
-26
-20
-24
-24
-25
-25
-26
-24
-24
-27
-25
-25
-23
-22
-17
-19
-21
-15
-20
-19
-13
-18
-12
-13
-15
-8
-11
-10
-10
-14
-9
-12
-13
-10
-11
-8
-6
-1
4
5
5
6
9
3
7
9
4
7
8
2
1
6
4
2
8
9
11
9
3
1
-5
-3
-3
-3
-3
-3
3
1
0
1
2
1
0
-3
0
5
2
-1
1
-1
-4
-4
-9
-9
-8
-8
-8
-5
1
0
0
-4
-3
0
-4
-1
-7
-8
-7
-7
-5
-9
-10
-10
-4
-4
-1
-12
-14
-10
-16
-12
-12
-8
-6
-9
-12
-7
-11
-15
-10
-10
-10
-8
-10
-6
-8
-11
-7
-10
-7
-9
-10
-10
-7
-1
-1
0
-2
1
-3
-2
1
-3
5
5
3
-4
3
1
-3
9
5
9
12
15
21
17
19
18
16
15
12
9
10
11
15
15
11
7
11
14
14
17
14
14
17
20
17
17
16
16
18
14
14
14
5
5
11
10
12
10
10
9
11
16
13
11
9
11
13
10
10
7
7
12
12
14
12
16
17
14
13
14
13
10
12
10
11
13
12
14
14
10
8
9
14
16
11
9
13
12
13
9
4
6
9
8
9
4
2
6
3
5
0
6
3
3
13
9
7
3
0
-2
-2
-3
-5
-2
3
0
1
4
-3
-1
-2
-5
6
-1
-2
6
0
5
3
-1
4
6
9
4
5
9
4
1
3
2
4
1
-2
-3
-6
-9
-13
-8
-9
-11
-1
-2
-1
-1
-4
-5
-7
-6
-7
-8
-10
-5
-8
-8
-7
-15
-13
-11
-9
-9
-15
-12
-17
-11
-14
-24
-23
-23
-14
-16
-12
-12
-11
-9
-8
-11
-4
-2
-7
2
-4
4
-1
-7
-5
-11
-6
-9
-12
-11
-4
-8
-10
-12
-9
-8
-10
-8
-11
-5
-5
-11
-9
-13
-10
-9
-7
-4
-10
-5
-5
-11
-8
-2
-7
-5
-2
-1
-4
-5
-7
-9
-4
-7
-9
-14
-10
-8
-11
-5
-8
-1
-4
-5
-4
-5
-1
-2
-2
-2
-4
1
4
5
8
11
9
7
10
9
7
10
14
8
10
10
8
5
5
5
1
6
4
5
7
12
14
9
7
14
12
5
11
5
8
3
5
5
2
6
1
-2
-2
3
2
0
0
2
-6
-8
-3
-5
-5
-5
-6
-1
-1
5
5
3
11
11
13
6
8
5
5
6
2
6
5
11
6
9
7
10
11
5
8
7
9
7
-2
-1
7
4
7
6
4
8
3
3
1
9
5
1
10
3
3
6
4
0
-2
-2
2
3
2
0
0
9
3
-2
1
1
2
3
-1
1
4
4
1
-4
1
4
7
1
6
8
3
8
5
3
5
6
7
2
4
4
2
3
3
2
2
0
1
5
-1
2
0
-3
-4
-7
-2
0
-2
-1
1
3
7
10
12
11
15
10
4
7
7
3
1
1
-2
-1
-1
2
-1
1
1
-1
3
1
-1
2
6
2
5
9
6
6
12
7
4
7
6
6
6
1
-2
5
6
0
1
-2
-3
1
1
-2
0
2
4
3
0
6
2
0
5
4
3
-1
0
-5
-8
2
-3
-5
2
-2
2
2
5
-2
-3
3
0
-2
-2
0
1
5
-2
-1
1
-2
2
5
10
4
6
3
4
7
3
12
4
7
5
3
3
3
3
-1
7
0
2
6
5
0
1
1
-2
0
-3
2
-1
0
0
0
-3
0
6
2
4
3
2
5
3
2
1
-5
1
5
1
3
-5
-6
-3
-8
-3
1
-3
1
3
5
1
1
-1
-3
-3
-7
-7
-7
-7
-7
-5
-6
-9
-15
-14
-12
-10
-9
-16
-13
-14
-10
-11
-10
-7
-11
-8
-9
-8
-13
-8
-6
-5
-6
-8
-2
-4
-4
-8
-6
-9
-6
3
-4
-5
-5
-6
1
-1
-2
-2
-3
0
3
4
1
-1
0
6
6
4
0
4
3
7
11
10
10
7
8
6
6
9
6
1
6
9
5
8
13
12
14
16
15
20
25
21
18
21
20
23
23
19
16
19
22
21
18
17
17
13
18
19
13
15
16
16
19
15
11
8
12
12
15
16
9
11
13
11
11
9
6
6
6
4
2
4
3
-1
2
-2
2
2
5
3
2
3
1
6
6
7
8
5
9
10
2
2
5
10
11
11
11
9
11
14
9
7
12
10
8
7
9
11
19
14
15
17
16
21
17
21
23
19
18
17
16
21
22
22
25
23
22
28
29
27
24
24
22
16
21
20
19
16
13
17
16
16
14
8
9
3
5
5
7
10
2
6
1
-1
1
-3
3
1
-8
-2
-6
-8
-8
-8
-4
-8
-8
-11
-10
-7
-8
-8
-10
-9
-10
-11
-11
-8
-12
-10
-11
-11
-13
-18
-19
-19
-21
-24
-21
-18
-19
-25
-22
-20
-21
-19
-15
-15
-13
-14
-12
-10
-14
-13
-13
-11
-13
-18
-14
-12
-10
-10
-11
-11
-9
-5
-6
-2
-2
-6
-5
-7
-10
-13
-4
-2
-3
-3
-7
-9
-5
-2
-2
-1
-3
-3
-1
-3
-5
-4
1
2
-1
-1
0
2
-4
1
0
-9
2
-6
-5
0
-6
-3
-2
-4
-6
-7
-3
-4
-6
-4
-6
-3
-1
-3
-2
-3
-4
-11
-8
-4
-8
-3
-6
-4
-1
0
0
0
3
-3
4
-2
5
5
1
4
-1
2
-2
4
4
4
10
8
7
8
15
7
9
9
2
3
8
9
3
2
0
-1
-1
3
1
3
6
-1
-3
0
0
2
3
3
2
2
2
-3
-1
-2
-1
3
-4
1
-2
-2
4
-2
-2
-6
-4
-3
-2
-2
-3
-8
-2
-2
-2
-2
-5
2
1
5
4
6
4
5
5
5
11
2
9
8
13
16
12
12
10
8
6
8
8
10
7
15
18
17
20
16
14
13
13
16
15
20
18
14
12
11
11
7
8
10
13
15
11
13
13
13
13
11
9
8
18
17
16
17
15
19
17
18
18
13
15
18
17
11
14
8
11
12
11
12
13
12
9
10
8
11
11
7
8
9
4
1
2
3
5
4
5
1
4
5
1
-5
-3
0
-3
-5
-5
-7
-11
-10
-10
-8
-13
-11
-10
-12
-8
-9
-8
-10
-4
-8
-7
-5
-9
-6
-2
0
-4
2
-3
1
-1
-5
-7
-12
-9
-11
-5
-6
-8
-7
-5
-5
-6
-8
-8
-3
-3
-5
-2
-2
2
2
0
2
3
1
1
2
-2
3
0
3
3
-1
1
-3
-1
0
1
-5
-3
-1
-2
-2
-4
-5
-7
-3
-7
-5
-4
-11
-9
-12
-12
-10
-10
-7
-8
-5
-4
-3
1
-2
-5
-7
-8
-7
-4
-6
-4
-8
-3
1
-5
-4
-5
-7
-7
-2
-4
-2
2
-2
3
1
-3
1
5
4
1
3
0
3
10
7
6
9
12
10
12
10
12
10
6
6
12
13
9
8
9
10
6
6
5
3
3
2
0
0
2
5
3
4
5
-2
7
5
-3
-1
-1
0
0
-2
2
-3
-5
-1
-5
-3
-1
-1
-4
-4
-5
-3
2
0
0
6
5
0
1
2
7
1
1
0
-2
-1
-4
-1
-6
-2
-9
-12
-1
-2
-2
0
-1
-4
-5
-5
-5
-1
-4
-3
3
1
6
4
5
9
6
5
3
5
3
2
-2
-2
-3
-6
0
-1
1
1
0
2
-3
0
-2
-5
-1
-4
-6
-3
-7
-8
-8
-11
-10
-8
-10
-3
-10
-12
-5
-12
-10
-13
-13
-10
-8
-8
-17
-13
-11
-9
-9
-7
-5
-7
-10
-15
-13
-8
-9
-7
-10
-3
-2
-6
-4
-5
-7
-3
5
1
3
3
7
10
8
5
6
7
8
12
9
9
3
5
5
6
8
3
3
2
4
7
5
1
6
2
7
3
1
9
1
1
2
4
5
9
4
6
5
7
9
4
7
0
5
9
6
1
6
9
13
11
9
8
5
11
4
9
9
11
11
0
1
8
3
0
0
-5
0
-2
-4
-2
-5
-6
-1
-5
-6
-7
-6
-2
-9
-10
-10
-8
-4
-7
-8
-8
-10
-13
-12
-9
-10
-10
-12
-18
-15
-15
-15
