-17
-13
-6
-5
-20
-18
7
11
-8
-10
5
-5
-21
-19
5
18
-5
-4
15
10
-8
-3
11
10
10
-1
-8
3
-5
-5
1
6
7
-6
-13
-2
2
-11
-10
5
2
-13
-16
-8
-9
-15
-9
-2
-3
-12
-9
-8
-15
-9
-13
-23
-10
-7
-16
-20
-16
-10
-19
-23
-13
-7
-19
-29
-15
-2
-8
-14
-9
0
-2
-21
-22
-7
-9
-20
-18
-12
-13
-14
-16
-4
-4
-9
-6
-8
-17
-14
-13
-13
-12
-9
-11
-14
-7
-4
-1
-7
3
14
-4
-3
5
9
6
3
21
20
4
4
18
20
4
10
13
13
18
17
14
7
17
24
17
19
27
31
16
20
36
17
15
24
19
17
10
26
35
27
28
37
32
24
23
23
32
29
22
16
13
18
21
23
22
26
20
13
24
21
7
5
15
21
6
5
8
13
17
4
-2
-4
-2
-7
-11
-6
-5
-8
-15
-8
-9
-19
-25
-13
-8
-25
-21
-9
-12
-17
-19
-5
-7
-18
-6
-3
-7
-6
1
-5
-10
-7
-5
-9
-9
3
-1
-20
-13
3
-3
-17
-16
0
0
-10
-2
3
-3
-5
1
7
-4
-12
-10
-13
-12
-5
-11
-16
-5
-4
-4
-1
0
6
5
4
5
-2
-5
1
0
-9
-11
-7
-11
-15
-8
-3
-13
-17
-9
-1
-8
-6
-3
-5
-4
-10
-10
-12
-12
-8
-15
-15
-13
-19
-12
-14
-8
-7
-6
7
-5
-12
-4
-5
-14
-19
-17
-9
-11
-23
-12
-13
-20
-13
-15
-17
-19
-22
-13
-3
-5
-5
-8
-11
-9
-11
-12
-7
-9
-20
-29
-14
-7
-20
-21
-6
2
-4
-13
-6
9
7
-10
-12
-5
-11
-8
-2
-3
-6
-5
-2
1
4
4
12
14
7
12
23
9
3
7
10
6
-1
5
15
13
-2
8
19
20
14
14
32
26
6
10
18
18
11
6
13
11
10
4
1
7
13
7
10
18
8
11
9
11
17
10
4
10
14
4
4
9
4
1
6
9
7
-1
1
11
1
-10
-1
3
2
1
4
5
-5
0
6
1
-8
-11
-7
-15
-15
-2
6
1
-4
3
5
-10
-4
5
-1
-7
-7
-6
-14
-10
-10
-12
-7
-6
-4
-7
-7
-2
1
2
4
6
-1
-6
-2
-9
-6
-4
-10
2
4
1
-2
-2
1
8
9
10
15
14
5
2
14
16
11
6
6
7
14
9
-3
4
13
14
12
2
8
8
-5
3
8
3
2
5
7
2
-3
0
-1
-6
1
1
-13
-18
-4
0
-5
-3
-1
-4
-12
-10
-8
-21
-21
-11
-16
-32
-23
-14
-21
-26
-21
-9
-17
-20
-12
-14
-16
-15
-22
-23
-25
-21
-16
-27
-25
-18
-26
-30
-16
-18
-24
-21
-14
-15
-29
-23
-12
-15
-20
-12
-9
-12
-15
-13
-10
-15
-12
-6
-11
-16
-7
-2
-7
-1
12
17
14
-1
-1
2
-1
2
8
19
14
5
10
11
20
17
17
27
21
17
21
18
16
22
17
20
16
14
16
17
10
10
17
16
19
12
11
10
16
14
10
18
14
12
10
9
7
7
8
10
8
5
5
6
9
11
8
8
8
9
-4
-2
7
1
2
-6
2
-2
-9
-1
1
-1
-1
0
-4
-1
-3
-4
-1
-3
-4
-3
-6
-5
1
2
-4
-4
-1
-3
6
1
-2
8
13
11
1
-2
7
7
-1
13
24
13
8
12
17
20
20
20
22
29
28
20
16
19
21
20
15
12
13
8
6
11
20
21
22
21
23
17
8
17
14
8
5
14
11
4
3
1
1
3
9
4
5
6
12
5
0
6
4
-2
-3
5
-5
-14
-2
9
4
-4
-5
7
0
-11
9
13
1
-2
2
9
-6
-15
-1
-6
-7
-1
5
-2
-1
3
-1
-7
-5
4
-8
-16
-5
3
-9
-11
-7
-4
-5
-17
-10
-8
-17
-16
-13
-15
-17
-13
-20
-20
-16
-15
-16
-22
-21
-25
-17
-18
-26
-24
-18
-13
-21
-19
-13
-3
-9
-19
-19
-10
-14
-25
-15
-16
-12
-15
-17
-6
-6
-13
-10
2
1
-7
-6
-7
-9
-10
-12
0
-6
-15
-11
-5
-7
-12
-11
-5
-8
-20
-10
-7
-8
-8
-17
-9
-2
-12
-14
-17
-16
-6
-12
-19
-2
-4
-16
-9
-10
-5
-10
-15
-3
-1
-14
-6
0
-7
-4
-5
4
5
-6
-6
-4
-9
-10
-4
1
0
-10
-4
2
-9
-7
-1
-3
-4
-5
-2
0
-10
-12
5
2
-6
1
7
8
2
0
7
2
-8
-3
-1
-2
2
1
-2
3
5
-4
-1
1
10
4
-8
8
17
0
5
15
15
4
-2
17
10
-4
0
19
12
1
6
12
11
-1
8
24
26
9
1
6
13
7
-5
5
12
2
-9
0
11
7
-13
-2
14
-1
-3
-1
9
2
-14
-10
5
0
-16
-14
-10
-8
-22
-21
-10
-6
-11
-21
-17
-11
-18
-27
-15
-8
-14
-18
-18
-14
-22
-25
-28
-22
-19
-22
-21
-26
-22
-25
-28
-25
-21
-19
-24
-22
-21
-28
-31
-27
-25
-28
-23
-21
-24
-20
-13
-17
-17
-10
-11
-10
-18
-17
-13
-22
-21
-12
-14
-20
-19
-13
-3
-12
-10
-7
-11
-5
-6
-11
1
-3
-7
-10
-5
8
-8
-13
-8
0
-10
-12
16
17
-1
-2
9
7
-7
-9
13
17
0
-6
6
11
9
-7
-4
14
11
-5
-8
12
12
0
-6
15
24
0
-13
7
18
-3
-15
1
16
3
-11
1
14
12
3
5
20
14
3
5
7
6
-4
-8
2
10
4
1
8
16
16
9
3
15
15
3
9
14
16
10
1
14
20
13
8
13
22
14
17
19
16
20
16
12
14
27
30
13
7
19
22
11
8
14
23
14
2
16
19
18
22
21
23
11
5
9
18
19
9
6
5
12
12
3
4
11
9
1
2
9
-4
-22
-8
17
2
-7
-4
-3
0
-16
-10
0
-6
-12
-13
-9
-4
4
0
0
7
1
-5
-2
6
11
0
1
6
2
-9
-6
4
1
-1
3
3
-4
-2
3
6
0
0
9
3
-3
1
8
4
2
5
9
4
-4
6
9
5
9
18
20
10
8
17
13
-1
6
17
22
17
8
8
16
15
2
6
14
15
10
-7
6
8
-1
-2
-4
13
7
-7
-2
4
3
0
-1
8
13
-1
0
8
-5
-5
2
3
8
2
-3
4
5
-1
4
-2
-4
-1
-4
-3
-3
-8
-15
-8
-6
3
-7
-10
-3
-2
3
-13
-4
7
-4
-9
-1
-5
-11
-20
-16
-3
-10
-13
-15
-8
-15
-18
-18
-11
-8
-17
-10
-3
-13
-21
-17
-7
-8
-8
-9
-13
-10
-16
-20
-18
-9
-7
-13
-17
-17
-12
-16
-26
-20
-7
-9
-21
-27
-17
-5
-13
-17
-14
-8
-7
-23
-25
-9
-7
-21
-12
-7
-10
-13
-30
-15
-9
-20
-21
-20
-18
-15
-17
-21
-17
-5
-4
-11
-12
-7
-1
-8
-18
-16
-4
-5
-17
-26
-20
-9
-17
-22
-18
-5
-7
-19
-21
-12
-10
-19
-24
-16
-1
-7
-18
-17
-2
2
-16
-16
8
20
-5
-20
1
15
3
-17
-1
20
4
-16
-9
5
5
-6
-7
11
16
-1
-4
17
22
12
2
9
24
12
-10
-1
20
12
3
-2
2
13
3
0
9
9
9
4
-4
12
9
-8
-3
3
4
3
3
4
10
7
-1
12
10
-2
1
5
3
1
-1
-3
10
5
-10
-12
3
6
-10
-7
4
9
-8
-15
9
21
-6
-17
0
6
-8
-20
-10
8
0
-18
-9
3
1
-6
-8
8
19
-1
-7
9
18
2
-14
1
13
6
-16
-1
25
10
-14
-17
10
12
-6
-11
2
9
-8
-18
-11
5
0
-13
-4
3
0
-8
-1
2
-1
-1
-7
-3
1
-5
-8
-10
-10
-9
-4
-7
-8
-10
-11
-1
-5
-8
-3
2
2
0
-3
0
17
-3
-4
8
7
1
-2
1
5
6
-15
-5
3
7
2
0
-1
3
0
-14
-12
-6
8
-6
-6
8
9
0
-9
0
10
9
-9
1
11
4
-1
2
4
4
-6
-9
6
6
0
-4
5
16
12
4
11
7
7
8
6
13
3
-1
7
16
17
10
7
14
9
1
5
13
10
7
2
8
14
-3
1
8
17
12
-3
5
18
7
-5
8
13
2
-3
3
15
13
-9
-2
18
11
2
5
20
25
11
6
21
27
15
7
20
30
16
0
8
19
9
7
7
9
17
7
5
19
25
19
8
9
21
20
16
17
22
20
12
15
17
14
13
14
19
15
7
18
16
3
1
10
19
10
1
8
22
10
0
10
13
13
4
0
14
19
4
2
16
18
13
2
7
20
10
-1
7
20
13
-6
5
24
19
9
12
22
26
9
6
23
18
-4
-4
9
11
-1
-9
6
12
0
-4
5
14
15
4
6
23
17
7
0
18
25
10
4
14
18
-2
-6
10
19
7
-8
8
14
-9
-14
3
11
-7
-11
-6
5
-3
-23
-5
5
-5
-12
-5
10
6
-6
-5
3
5
-13
-19
-11
-7
-9
-24
-13
-10
-26
-27
-19
-13
-16
-19
-23
-15
-19
-29
-20
-15
-23
-28
-24
-27
-29
-28
-30
-23
-26
-24
-22
-22
-24
-25
-21
-21
-14
-16
-20
-26
-30
-23
-26
-26
-25
-19
-19
-25
-23
-26
-26
-21
-22
-21
-25
-23
-20
-30
-25
-22
-20
-14
-20
-23
-10
-7
-8
-3
-2
0
4
7
8
3
-5
-8
-5
-4
-9
-3
2
-2
-12
-7
7
7
0
-1
9
10
3
1
6
11
8
1
8
12
1
-8
4
18
8
2
5
11
16
6
7
18
12
-1
3
11
2
-8
-11
-6
-5
-17
-8
3
-1
-4
-10
0
10
-3
-13
-3
1
-12
-22
-21
-9
-4
-23
-19
5
0
-19
-22
7
15
-9
-14
1
10
-11
-23
-6
3
-20
-33
-13
-1
-6
-19
-14
9
4
-22
-10
7
9
-6
-23
-3
9
-4
-26
-9
12
-3
-13
-7
16
13
-7
-4
15
12
-1
3
13
14
0
-7
4
10
-1
-6
5
7
1
-4
5
14
7
-1
3
9
8
-2
-6
-1
-8
-16
-4
1
-4
-4
1
8
3
-3
5
5
0
-8
-8
-3
-5
-11
-13
-10
-15
-19
-16
-10
-8
-7
-10
-7
-7
-9
-12
-16
-13
-11
-15
-16
-13
-15
-16
-16
-5
-4
-14
-10
-2
-5
-9
-3
4
0
-6
-6
-5
-8
-10
-12
-12
-7
-9
-7
-5
-8
-1
-3
1
4
0
-5
-5
-3
-6
-5
-6
-3
-2
-10
0
4
3
3
-4
3
7
4
4
11
3
-5
4
-4
-7
-5
-6
-5
-6
-4
3
-1
-8
0
2
-4
-2
-2
-1
-11
-5
1
-5
-3
0
7
1
2
6
7
6
9
13
9
6
7
9
10
6
3
6
5
6
11
6
-1
6
15
13
7
10
20
14
6
6
14
14
8
10
7
11
18
21
25
32
32
31
32
32
27
21
28
39
36
24
27
38
32
28
27
40
44
34
35
41
43
30
37
45
39
41
39
35
38
34
32
36
41
43
43
38
37
51
46
50
56
54
54
49
41
46
48
39
42
45
48
45
38
34
38
39
36
40
39
34
30
27
29
24
15
19
19
23
16
18
24
18
17
12
17
15
11
4
13
15
4
5
6
9
7
0
0
0
2
-5
-12
-3
-9
-11
-12
-6
-2
-14
-14
-12
-7
-11
-14
-12
-8
-15
-26
-29
-24
-18
-26
-29
-25
-29
-34
-34
-28
-23
-38
-40
-29
-29
-35
-37
-24
-22
-28
-38
-27
-19
-32
-42
-36
-25
-28
-32
-35
-28
-27
-30
-29
-25
-14
-24
-25
-23
-21
-22
-31
-23
-21
-18
-23
-26
-21
-23
-25
-30
-23
-23
-26
-23
-20
-24
-24
-21
-18
-11
-13
-15
-11
-15
-16
-13
-17
-16
-12
-16
-11
-9
-13
-10
-16
-15
-11
-13
-17
-9
-4
-8
-18
-19
-12
-18
-18
-9
-4
-17
-20
-12
-13
-8
-9
-3
-6
-17
-19
-17
-8
-6
-8
-9
-8
-2
-2
-8
-1
0
6
0
-3
-1
4
1
-10
-3
0
6
1
4
9
8
8
-9
-4
4
5
1
-5
2
5
-4
-11
7
14
1
6
17
14
9
-6
-2
17
8
1
13
24
19
10
10
16
21
13
16
26
26
18
9
13
24
22
15
24
33
28
13
8
22
19
10
11
18
19
9
6
13
18
15
12
14
18
12
4
13
21
16
12
4
18
22
11
7
2
13
3
1
13
15
9
-2
8
15
10
6
8
9
8
0
1
3
-1
1
3
4
-2
-5
0
-4
-7
-11
-2
2
-2
-9
-9
-3
-15
-16
-10
-6
1
-7
-7
-4
-9
-5
-3
3
-1
-10
-8
-9
-8
-8
-6
-5
-4
-4
2
8
8
4
-1
13
10
7
17
20
18
14
11
16
19
14
9
12
15
7
3
9
16
16
16
15
19
12
4
8
13
18
8
7
14
10
3
-1
4
18
13
6
14
14
4
-12
-6
8
8
-2
4
16
10
-9
-2
10
4
-1
1
10
1
-10
-8
5
11
2
-1
5
11
8
-8
-5
15
3
-13
-3
11
7
-10
-15
4
12
0
-1
20
27
3
-2
12
11
3
-5
9
21
10
-3
4
11
4
2
10
20
12
4
8
18
18
12
12
25
31
19
16
15
19
15
6
21
28
15
15
16
21
19
15
18
23
25
14
14
13
10
14
14
18
27
22
20
25
17
11
6
14
19
24
11
9
13
8
17
16
22
23
22
19
11
12
9
13
14
16
22
20
11
6
9
18
17
21
28
31
21
10
10
18
18
5
17
23
16
9
-3
3
7
5
8
18
23
10
-1
4
5
2
2
3
10
6
-6
-12
-1
0
-11
-13
-2
2
-2
-10
-5
11
-4
-14
-12
1
6
-14
-14
3
12
-13
-19
-1
-2
-8
-14
-8
0
-9
-17
-6
6
1
-16
-11
-1
1
-5
-12
6
5
-12
-14
-3
0
-8
-19
-11
1
-8
-10
-3
2
-7
-19
-15
-3
0
-7
-8
4
7
-8
-12
-1
1
-3
-6
-8
2
-9
-27
-19
-13
-11
-16
-16
-6
-7
-20
-23
-6
-8
-16
-16
-15
-8
-19
-29
-26
-18
-18
-28
-20
-11
-16
-28
-28
-26
-18
-12
-25
-25
-21
-29
-34
-31
-22
-21
-24
-25
-22
-23
-27
-23
-28
-25
-23
-24
-19
-20
-16
-18
-22
-21
-15
-15
-22
-21
-18
-11
-14
-22
-12
-10
-9
-14
-14
-4
-9
-15
-16
-17
-16
-19
-23
-17
-11
-12
-15
-10
-4
-6
-15
-23
-11
-8
-8
-15
-12
-11
-17
-15
-13
-8
-10
-12
-13
-12
-7
-6
-9
-4
-4
-13
-8
-3
-10
-7
-6
-8
-4
-11
-12
-6
-11
-13
-8
-4
-8
-7
-8
1
-1
-9
-6
-5
3
-2
-3
-3
-3
-1
-4
7
11
8
0
-1
13
10
4
5
11
17
6
-1
12
16
4
4
10
15
11
2
7
17
15
1
1
6
12
-1
-11
7
16
4
-2
14
20
22
2
6
20
12
2
0
12
14
5
-5
8
21
10
-6
2
9
1
-9
-2
13
10
-1
-4
8
10
-4
-8
13
13
-1
-3
-2
7
5
0
-1
13
17
5
10
22
23
17
13
16
21
8
-1
10
19
18
8
11
22
9
6
9
15
17
1
6
17
14
15
14
18
26
21
19
22
19
17
9
15
14
10
8
9
14
16
14
17
22
12
11
12
13
14
5
7
9
7
-1
-7
4
6
2
2
6
13
5
3
2
3
9
3
5
6
3
4
-1
-2
6
9
6
9
2
-1
-6
-3
-3
-8
-6
-12
-9
-12
-12
-13
-9
-7
-6
-5
-7
-5
-10
-9
-15
-13
-17
-18
-13
-16
-6
-20
-17
-10
-7
-5
-7
-4
-4
-1
-6
0
-4
-11
-9
-10
-11
-13
-20
-17
-5
-7
-14
-18
-10
-4
-7
-6
-1
7
-3
-6
-2
2
-2
-13
-4
-6
4
1
-4
5
5
3
-8
4
10
9
10
6
20
11
7
7
0
8
-1
-5
1
-5
3
2
8
14
6
6
-3
15
12
-1
9
11
15
6
7
14
17
20
17
25
29
28
20
19
29
19
13
11
19
23
9
16
18
21
11
13
28
17
23
12
18
29
18
22
16
25
19
8
23
17
24
16
10
16
12
14
-1
12
10
14
15
9
22
5
10
-1
4
8
-2
-1
-9
10
15
5
11
8
19
14
7
10
6
13
5
7
9
7
4
-3
6
-1
7
6
6
-6
-9
1
-11
-6
-11
-10
-7
-17
-23
-22
-14
-28
-29
-18
-24
-16
-27
-19
-11
-9
-13
-31
-15
-19
-13
-17
-24
-10
-31
-20
-26
-24
-13
-31
-7
-20
-7
-3
-22
-1
-23
-5
-23
-25
-13
-42
-15
-40
-23
-21
-30
-15
-45
-9
-31
-26
-18
-37
-15
-46
-20
-18
-21
-11
-26
10
-4
6
7
2
26
3
34
23
23
29
-3
29
7
15
7
-6
10
-11
-4
-27
-27
-24
-37
-28
-47
-37
-39
-50
-44
-58
-39
-51
-61
-59
-73
-59
-79
-67
-64
-59
-45
-57
-35
-33
-32
-35
-47
-30
-38
-40
-50
-60
-53
-65
-52
-56
-44
-38
-36
-27
-31
-10
-9
0
-2
-7
-5
-10
-9
-9
-21
-19
-22
-10
1
-4
25
15
20
11
25
30
13
23
12
43
47
55
79
94
122
142
159
192
191
195
179
186
189
165
168
146
172
141
150
142
140
162
129
143
118
108
74
40
23
-10
-22
-41
-53
-50
-71
-56
-67
-47
-58
-72
-64
-112
-105
-172
-175
-215
-232
-234
-273
-249
-283
-264
-287
-271
-253
-260
-234
-239
-204
-189
-179
-132
-110
-47
-39
-7
26
25
72
25
63
28
25
16
-22
17
-40
1
-48
-25
-6
-28
32
-1
53
52
72
124
123
205
207
270
319
352
440
423
504
504
543
565
536
582
517
539
479
473
460
402
408
335
343
307
287
265
220
209
163
137
99
37
-4
-82
-120
-169
-213
-237
-298
-319
-389
-399
-471
-530
-600
-688
-743
-829
-873
-940
-948
-971
-934
-902
-839
-772
-707
-639
-594
-516
-477
-415
-386
-362
-305
-248
-186
-101
-35
75
114
194
229
241
246
148
143
43
19
-46
-84
-68
-80
25
68
179
279
359
474
505
586
620
628
650
603
649
621
679
703
723
804
805
903
894
963
965
945
960
889
889
794
743
672
592
569
487
470
412
369
342
270
255
176
133
22
-109
-209
-387
-488
-693
-843
-987
-1130
-1201
-1335
-1364
-1433
-1428
-1437
-1430
-1376
-1383
-1327
-1338
-1296
-1254
-1215
-1115
-1068
-948
-849
-719
-559
-452
-277
-192
-49
43
139
251
287
389
395
482
482
485
483
408
387
294
256
211
155
168
155
232
336
437
587
647
796
840
906
920
843
810
667
603
487
400
344
266
268
250
270
299
265
264
173
127
60
-38
-81
-229
-256
-296
-241
-149
-66
104
233
444
631
809
987
1084
1194
1244
1284
1313
1255
1210
1093
1001
888
746
647
461
297
122
-53
-179
-349
-481
-628
-747
-782
-854
-835
-851
-835
-758
-756
-660
-693
-680
-720
-834
-865
-1033
-1046
-1182
-1237
-1254
-1318
-1193
-1214
-1094
-1068
-1051
-972
-1060
-1012
-1135
-1211
-1237
-1342
-1221
-1235
-1038
-877
-711
-374
-243
93
196
358
478
460
619
557
716
793
903
1188
1326
1713
1898
2141
2310
2284
2378
2123
1978
1584
1172
815
309
57
-353
-563
-759
-925
-885
-980
-890
-924
-960
-931
-1035
-942
-1017
-957
-918
-881
-625
-472
-65
212
579
987
1281
1728
1934
2222
2329
2316
2364
2174
2138
1860
1617
1341
970
792
432
249
-66
-329
-521
-801
-892
-1126
-1254
-1433
-1593
-1612
-1724
-1646
-1695
-1642
-1569
-1498
-1284
-1215
-1014
-977
-844
-775
-706
-580
-615
-537
-625
-573
-614
-636
-636
-796
-796
-966
-971
-1055
-1159
-1167
-1330
-1237
-1302
-1160
-1057
-996
-774
-736
-424
-305
-73
96
181
452
536
843
1017
1233
1518
1660
2033
2205
2498
2674
2713
2850
2702
2759
2548
2336
2081
1679
1516
1134
1004
740
550
496
305
410
280
343
285
184
252
123
271
192
260
302
333
580
648
898
929
993
1045
943
946
682
476
115
-252
-520
-895
-1065
-1392
-1550
-1747
-1861
-1880
-2018
-2025
-2229
-2325
-2492
-2616
-2680
-2824
-2863
-2995
-2941
-2855
-2714
-2480
-2373
-2079
-1900
-1554
-1263
-998
-661
-511
-110
105
517
819
1098
1412
1591
1934
2045
2254
2332
2340
2388
2279
2277
2160
2043
1918
1622
1493
1192
1031
784
469
275
-49
-118
-375
-452
-584
-718
-680
-779
-695
-747
-695
-640
-662
-530
-523
-339
-221
-97
112
228
521
648
855
934
1005
1131
1125
1199
1164
1201
1213
1253
1284
1291
1328
1304
1246
1132
959
754
551
290
22
-212
-407
-519
-584
-581
-569
-479
-329
-250
-109
-70
-23
-30
-85
-119
-257
-264
-389
-457
-511
-605
-594
-696
-690
-816
-874
-921
-1072
-1096
-1260
-1330
-1436
-1549
-1622
-1746
-1716
-1786
-1834
-1850
-1926
-1797
-1771
-1691
-1661
-1638
-1448
-1377
-1107
-1081
-976
-811
-765
-497
-440
-187
-10
214
603
785
1307
1536
1872
2152
2192
2505
2422
2594
2375
2240
2156
1816
1921
1616
1638
1522
1415
1548
1417
1678
1549
1527
1493
1215
1347
1051
1016
750
542
579
338
567
283
298
234
97
204
-92
-52
-371
-515
-669
-991
-936
-1238
-1230
-1397
-1496
-1366
-1449
-1203
-1415
-1335
-1397
-1458
-1338
-1589
-1516
-1763
-1705
-1755
-1851
-1728
-1918
-1766
-1934
-1948
-1921
-1969
-1733
-1933
-1786
-1823
-1537
-1113
-957
-544
-412
233
695
1237
1617
1776
2215
2445
2838
2897
2954
2976
2954
3044
2891
2855
2658
2436
2218
1899
1726
1396
1205
768
379
111
-217
-396
-820
-1070
-1407
-1532
-1542
-1626
-1505
-1538
-1363
-1169
-944
-586
-404
-106
-57
133
382
532
841
812
988
1116
1480
1872
2074
2315
2300
2469
2466
2361
2090
1604
1129
620
244
-85
-363
-546
-748
-764
-620
-423
-203
-154
-154
-182
-146
-151
-276
-485
-786
-948
-969
-949
-863
-795
-761
-698
-587
-460
-478
-617
-907
-1291
-1520
-1846
-2132
-2506
-2962
-3220
-3488
-3544
-3721
-3722
-3735
-3822
-3621
-3609
-3303
-3078
-2917
-2743
-2560
-1910
-1358
-625
-77
395
1294
2061
2984
3518
3887
4204
4460
4864
4727
4647
4316
3859
3531
2994
2591
2038
1562
972
352
35
-434
-672
-1133
-1718
-2071
-2344
-2310
-2495
-2509
-2642
-2564
-2122
-1845
-1408
-1143
-797
-459
-30
527
869
1266
1447
1597
2039
2462
3039
3316
3501
3766
4169
4833
4886
4790
4347
3908
3653
3141
2443
1332
520
-115
-547
-750
-1139
-1376
-1389
-1225
-942
-656
-512
-565
-677
-836
-1034
-1117
-1335
-1832
-2064
-2228
-2192
-1902
-1822
-1814
-1885
-1643
-1511
-1485
-1569
-2141
-2455
-2888
-3362
-3757
-4326
-4760
-5215
-5352
-5437
-5284
-4612
-4218
-3563
-2823
-1987
-750
340
1336
1794
2445
3166
3693
4288
4178
4241
4290
4429
4743
4858
4985
4685
4783
4662
4300
4062
3382
2534
1376
422
-528
-1456
-2295
-3352
-3952
-4396
-4502
-4198
-4033
-3758
-3434
-2709
-2174
-1642
-985
-856
-495
-267
126
538
902
1353
1624
2314
2836
3582
4425
4856
5472
5870
6075
6098
5966
5669
4830
4133
3141
2208
1550
690
97
-620
-1023
-1204
-1160
-1131
-1303
-1161
-1192
-1128
-924
-953
-1000
-1157
-1226
-1291
-1256
-1083
-1083
-886
-958
-803
-621
-624
-706
-1065
-1300
-1831
-2054
-2504
-3023
-3454
-4035
-4294
-4697
-4869
-5131
-5475
-5637
-5825
-5699
-5764
-5763
-5540
-5371
-4737
-4130
-3268
-2363
-1338
220
1509
2738
3698
4756
5724
6142
6623
6667
6538
6415
6146
5978
5373
4982
4671
4170
3648
2898
2558
1723
691
-127
-1198
-2123
-3148
-3893
-4674
-5373
-5467
-5474
-5137
-4830
-4291
-3354
-2792
-1990
-1154
-434
80
490
1189
1448
1855
2271
2571
3145
3612
4430
5044
5590
6388
7168
7827
7744
7665
7363
6705
6006
4685
3208
1637
531
-380
-1372
-2067
-2661
-2533
-2412
-2087
-1673
-1464
-1191
-1191
-1105
-1501
-1722
-2058
-2598
-2990
-3508
-3439
-3412
-3233
-3088
-2974
-2587
-2462
-2080
-2189
-2537
-2769
-3343
-3692
-4384
-5004
-5587
-6220
-6475
-6927
-6882
-6783
-6537
-5688
-5190
-4090
-3009
-1727
-112
1036
2467
3150
4337
5177
5625
6310
6143
6459
6380
6584
6792
6590
6691
6382
6454
6127
5496
5165
3977
2870
1551
226
-1005
-2572
-3537
-4833
-5541
-5926
-6009
-5530
-5405
-4765
-4013
-3236
-2387
-1705
-904
-650
-277
298
591
1182
1480
2108
2643
3361
4419
5306
6182
6579
7149
7475
7535
7421
6928
6056
5002
4063
3208
2197
1320
466
-243
-705
-941
-912
-1128
-1187
-1346
-1240
-1252
-1230
-1238
-1530
-1717
-1887
-1750
-1793
-1824
-1819
-1861
-1837
-1796
-1754
-1741
-2008
-2180
-2557
-2872
-3163
-3555
-3772
-4397
-4699
-5097
-5293
-5439
-5828
-5941
-6248
-6305
-6384
-6533
-6290
-6202
-5715
-5304
-4615
-3394
-2289
-474
842
2284
3600
5027
6642
7233
7809
7736
7768
7672
7170
6926
6087
5423
4882
4401
4029
3187
2861
2052
1044
171
-883
-1601
-2959
-4033
-5032
-5775
-6058
-6224
-5813
-5630
-5095
-3959
-2856
-1680
-738
267
1081
1581
2304
2668
3106
3212
3451
3945
4228
4831
5342
5970
6379
6914
7401
7462
7300
6874
6256
5392
4274
3003
1781
538
-436
-1287
-1934
-2396
-2523
-2331
-2191
-1841
-1549
-1300
-1051
-995
-975
-1168
-1411
-1710
-2136
-2401
-2778
-2850
-3047
-3214
-3196
-3269
-3109
-3230
-3255
-3531
-3809
-3988
-4394
-4752
-5405
-5943
-6359
-6762
-6919
-7276
-7409
-7317
-6882
-5951
-5199
-3971
-2931
-1387
331
1910
3519
4391
5551
6280
7150
7589
7665
7715
7391
7450
7353
7253
6996
6602
6201
5615
5015
4368
3358
2201
660
-663
-1913
-3186
-4191
-5307
-6032
-6538
-6432
-6048
-5566
-4889
-4153
-3237
-2287
-1368
-429
140
554
1074
1530
2132
2564
3144
3629
4331
5196
5949
6751
7313
7936
8408
8363
7981
7496
6762
5779
4497
3054
1528
399
-501
-1469
-2119
-2760
-2933
-2759
-2719
-2555
-2427
-2179
-2172
-2089
-2054
-2347
-2214
-2528
-2851
-3076
-3232
-3148
-3218
-3110
-3272
-3095
-2892
-2951
-2779
-3020
-3330
-3640
-4048
-4555
-5015
-5351
-6087
-6554
-6787
-6902
-6838
-6742
-6580
-5987
-4997
-3968
-2694
-1515
-134
1520
3232
4305
5216
6289
7078
7644
7877
7799
7698
7692
7517
7317
6797
6400
5936
5639
4758
3768
3166
1990
879
-601
-1781
-2996
-4016
-4791
-5781
-6129
-6336
-6043
-5408
-5083
-4295
-3394
-2358
-1548
-823
167
465
1186
1531
1909
2459
2758
3451
3859
4672
5383
6323
7211
7579
8252
8595
8481
8094
7280
6336
5131
3831
2370
835
-181
-1290
-1835
-2355
-2868
-2761
-2714
-2405
-2353
-2137
-2091
-2168
-2088
-2548
-2719
-3014
-3416
-3702
-4122
-4298
-4361
-4216
-4194
-4239
-4012
-4029
-3854
-3845
-4245
-4500
-4969
-5397
-5970
-6412
-6852
-7191
-7155
-7274
-7050
-6594
-5866
-4828
-3825
-2997
-1849
-498
946
2215
3358
4300
4985
6177
6867
7704
7972
8095
8403
8390
8633
8297
8258
7580
6863
6275
5354
4587
3365
2101
670
-747
-1834
-2964
-3919
-4965
-5864
-6084
-6361
-6010
-5746
-5286
-4775
-4218
-3131
-2364
-1379
-865
-280
377
995
1825
2448
2938
3516
4249
5340
6143
6874
7547
8064
8698
8628
8652
8078
7496
6590
5421
4263
2877
1988
885
62
-800
-1317
-1507
-1636
-1706
-1832
-1758
-1703
-1704
-1757
-2039
-2237
-2474
-2804
-3224
-3624
-3734
-3976
-3983
-4173
-4106
-3949
-3833
-3771
-3959
-4018
-4328
-4509
-4948
-5563
-5920
-6282
-6557
-6889
-7080
-7027
-6940
-6577
-6494
-6007
-5261
-4351
-3279
-2391
-1139
312
2213
3596
4813
5963
7028
8073
8815
9177
9048
9070
8867
8669
8241
7623
7040
6297
5463
4411
3633
2661
1348
101
-1398
-2569
-3694
-4690
-5704
-6674
-7020
-7256
-6920
-6617
-6128
-5212
-4394
-3351
-2404
-1351
-385
238
1003
1323
1924
2576
2941
3396
3537
4433
5243
6099
6788
7331
8264
8664
8823
8550
7871
7079
5881
4474
2820
1067
66
-1199
-1932
-2772
-3132
-2725
-2669
-1989
-2037
-1361
-1160
-1039
-860
-1580
-1656
-2439
-2870
-3637
-4246
-4299
-4710
-4484
-4725
-4403
-3880
-3705
-3415
-3792
-3870
-4241
-4467
-5091
-6129
-6559
-7086
-7357
-7711
-8009
-8002
-7775
-7410
-7001
-6247
-4963
-3884
-2380
-1251
436
2773
4440
5698
6155
7575
8418
9434
9631
9144
9251
9076
9582
9344
8904
8101
7672
7430
6216
5218
4209
2735
1206
-736
-2133
-3492
-4666
-5855
-7117
-7331
-7688
-6802
-6146
-5713
-4957
-3898
-2406
-1542
-561
7
493
1240
1601
2112
2538
2698
3209
3658
4613
5259
6315
7148
7938
9104
9527
9677
9112
8590
7628
6391
4549
2442
767
-398
-1441
-2298
-3077
-3322
-2850
-2301
-1668
-1352
-723
-636
-334
-488
-820
-1262
-2052
-2758
-3758
-4193
-4535
-4415
-4484
-4653
-4339
-3722
-3133
-2886
-3226
-3655
-4182
-4695
-5402
-6399
-7189
-8280
-8558
-8770
-8768
-8444
-8457
-7855
-7442
-6463
-5296
-4134
-2758
-2237
-322
1678
3595
4935
5466
7015
8026
9368
9664
9811
9982
9619
10128
9880
9294
8613
7900
7304
5940
4903
3916
2621
1247
-938
-2101
-3335
-4526
-5529
-6716
-7282
-7718
-7042
-6579
-6250
-5559
-4832
-3658
-2596
-1758
-829
-222
332
827
1633
2340
2659
3368
3735
4554
5703
6880
7758
8377
8900
9310
9568
9142
8198
7029
5609
3780
2310
699
-651
-1796
-2848
-3514
-3712
-3285
-3020
-2621
-2371
-2039
-1359
-1035
-1054
-1362
-1809
-2253
-2630
-2886
-3444
-3794
-3993
-4129
-3909
-3696
-3472
-3384
-3413
-3596
-3836
-3971
-4508
-5412
-6352
-7419
-7790
-8135
-8438
-8796
-8900
-8490
-8075
-6799
-6051
-5273
-4413
-3327
-1863
-659
933
2371
3775
4612
5446
7219
8567
9245
9481
9521
9790
9974
10388
9926
8976
7875
7020
6666
5500
4139
2722
1355
-219
-1523
-2386
-3443
-4650
-5602
-6252
-6281
-6028
-5570
-5086
-4964
-4352
-3348
-1926
-1217
-720
-178
384
1165
1851
2577
3011
3501
4083
4880
5783
7045
8165
8820
8837
8883
9239
9213
8558
6874
5177
3610
2450
1462
24
-1343
-2529
-2839
-2814
-2607
-2236
-2107
-1714
-1545
-1046
-680
-602
-1012
-1886
-2466
-3024
-3114
-3468
-3932
-4406
-4472
-3931
-3462
-2996
-3033
-3165
-3334
-3591
-3710
-4342
-5089
-6328
-7309
-7678
-8022
-7871
-8246
-8448
-8653
-8131
-7062
-6442
-5763
-5448
-4479
-3001
-1245
929
2632
3742
4877
6463
8515
9616
10243
10238
9918
10307
10477
10914
10149
8940
8122
7430
7142
5974
4997
3582
1688
480
-853
-1676
-3169
-4710
-5786
-6815
-6726
-6751
-6203
-6081
-6193
-5246
-4169
-2786
-2053
-1501
-1011
-640
457
1183
1868
2235
2324
3319
4306
5670
7084
8330
9077
9229
10064
10314
10283
9287
7094
5335
3429
2109
521
-1057
-2962
-4360
-4159
-4325
-3676
-3528
-3258
-2850
-2302
-1557
-1480
-1242
-2329
-2946
-3382
-3870
-3981
-4358
-4755
-5299
-4815
-4269
-3727
-3163
-3560
-3621
-3689
-3750
-4078
-4827
-5918
-7440
-7795
-8480
-8797
-8889
-9283
-9256
-9113
-8186
-7419
-6374
-5743
-5292
-3917
-2636
-721
1385
2652
3584
4739
6819
8435
9582
9973
9820
10370
10730
11258
11321
10484
9359
8633
8148
7219
6005
4780
2898
1243
-148
-1345
-2180
-3722
-4997
-6025
-6332
-6259
-5919
-5456
-5627
-5184
-4061
-2993
-1871
-1274
-774
-322
232
1195
1912
2826
2974
3501
4616
6127
8144
9424
9924
9933
10498
11246
11073
9792
7484
5364
3875
2453
1055
-814
-2441
-3622
-3681
-3404
-3055
-2623
-2435
-2186
-2023
-1327
-1118
-1203
-2228
-3285
-3859
-3896
-3766
-4117
-4359
-4615
-3970
-3076
-2262
-2005
-2198
-2521
-2750
-2912
-3359
-4280
-5458
-6679
-7488
-7659
-7907
-7923
-8443
-8505
-8398
-7722
-6595
-6218
-5356
-5115
-3852
-2238
-154
2076
2667
4035
5059
7374
9219
9759
10373
9940
10817
11200
11756
11746
10282
9881
8734
8390
7606
6123
5146
2692
1385
-305
-1214
-2194
-4394
-5263
-6800
-6781
-6606
-6467
-6102
-6591
-5634
-4690
-3367
-2204
-2147
-1233
-1112
-260
841
1363
2241
2082
3252
4388
6492
8508
9060
9837
9938
10927
11499
10726
9000
6586
4963
3281
1735
138
-2156
-3326
-4412
-4387
-4046
-3757
-3306
-3411
-2922
-2854
-2040
-1959
-2671
-3575
-4505
-4582
-4563
-4517
-4967
-5249
-4936
-4286
-3344
-2869
-2841
-2918
-3101
-3224
-3546
-3988
-5108
-6464
-7670
-8442
-8748
-9031
-9418
-10108
-10275
-9839
-8834
-7829
-7372
-6722
-5938
-4420
-2292
65
1864
2324
3748
5457
7866
9289
9681
10121
10018
11250
11775
12553
11966
10849
10500
9610
9286
8029
6862
5023
2543
1030
-587
-1642
-3421
-5461
-6572
-7877
-7630
-7488
-6932
-6888
-6969
-5543
-4519
-2809
-2153
-1556
-1041
-689
506
1328
2205
2654
3256
4602
5937
7949
9513
10392
11018
11144
11901
11589
10781
8947
6828
5037
2967
1642
-261
-1745
-3235
-3968
-3893
-3721
-3135
-2966
-2648
-2462
-2032
-1543
-1647
-2097
-2936
-3448
-3621
-3728
-3646
-3811
-3704
-3469
-2822
-2100
-1660
-1290
-1589
-1916
-2573
-2989
-3575
-4675
-6132
-7623
-8256
-8680
-8680
-9116
-9703
-9873
-9467
-8534
-7885
-7269
-6718
-5897
-4502
-2551
74
1996
2922
4335
6132
8589
10088
10898
11127
11123
12104
12503
13320
12546
11526
11034
10174
9762
8427
7582
5659
3443
1781
-54
-1002
-2947
-4873
-6381
-7772
-7830
-7813
-7270
-7486
-7501
-6131
-5138
-3345
-2624
-1915
-1202
-753
505
1188
2302
2525
3090
4394
5642
7699
9084
10016
10556
10999
11717
11504
10653
8675
6564
4942
2800
1112
-901
-2692
-4216
-5054
-5035
-4978
-4376
-4182
-3802
-3305
-2848
-2284
-2253
-2745
-3508
-3878
-3867
-3932
-3922
-4080
-3969
-3376
-2713
-2076
-1842
-1733
-1937
-2110
-2541
-3305
-4319
-5561
-6818
-7933
-8570
-9326
-9756
-10163
-10323
-10243
-9960
-9432
-9280
-8727
-8328
-7564
-6339
-4712
-2147
-177
1326
2812
5262
8110
9740
10690
10959
11494
12586
13248
13533
12693
11647
11268
10750
10334
8735
7667
6278
4253
2779
780
-303
-2443
-4470
-6271
-7761
-8002
-8512
-8251
-8496
-8515
-7182
-5859
-4222
-3336
-2547
-1474
-840
616
1278
2241
2597
2840
4207
5445
7603
8967
10032
10588
11362
12556
12748
11945
9825
7689
5997
4235
2145
-193
-2585
-4324
-5187
-5465
-5282
-5083
-4726
-4403
-3707
-2769
-2158
-1681
-2425
-3070
-3501
-3530
-3303
-3632
-3717
-3968
-3171
-2397
-1669
-1072
-1167
-1283
-1653
-1816
-2286
-2988
-4382
-6158
-7385
-8169
-8609
-9180
-10061
-10978
-10918
-10247
-9633
-9334
-9370
-8918
-7935
-6525
-4907
-2464
-122
1368
3004
5317
8076
10493
11533
11677
12001
12928
14210
14764
14481
12877
12435
12379
11942
11090
9412
7952
5745
4087
2208
671
-1171
-3884
-5925
-7529
-8326
-8365
-8453
-8680
-9021
-7981
-6232
-4658
-3207
-2949
-1893
-1075
209
1296
1966
2495
2515
3763
5153
7137
9031
10152
11045
11833
13060
13842
13272
11656
9001
7292
5246
3121
696
-1989
-3942
-5574
-5689
-6051
-5554
-5419
-5089
-4462
-3682
-2716
-2386
-2446
-3467
-3862
-3938
-3715
-3829
-4060
-4298
-3859
-2893
-2034
-1468
-1360
-1687
-1872
-1908
-2339
-3156
-4714
-6250
-7813
-8342
-9224
-10032
-10981
-11877
-11736
-11422
-10726
-10818
-10396
-9887
-8861
-7321
-5781
-3212
-882
869
2362
4751
7616
9661
10779
10857
11299
12373
13520
14112
13636
12638
12139
12318
11951
10876
9535
7891
5902
3996
2182
527
-1622
-4187
-6477
-7911
-8626
-8926
-8814
-9088
-8999
-7955
-6077
-4420
-3377
-2599
-1828
-875
97
950
1674
1982
2188
2972
4391
6247
8094
9714
10636
11523
12835
13815
13598
12187
9749
7634
5606
3436
993
-1528
-3650
-5521
-5721
-5910
-5429
-5046
-4829
-4210
-3511
-2373
-2126
-2048
-3036
-3877
-3931
-4024
-4059
-4376
-4501
-4307
-3431
-2346
-1792
-1153
-1314
-1622
-1803
-2316
-2875
-4156
-5558
-7406
-8323
-8944
-9816
-10188
-11008
-11379
-10991
-10572
-9968
-9693
-8944
-8232
-7297
-5233
-3528
-360
942
2315
4628
6841
9813
10352
11487
11297
12184
13667
13703
14513
13081
12790
12647
12032
11686
9849
8999
6534
4387
2938
552
-550
-3573
-5544
-7169
-8404
-8085
-8639
-7977
-8480
-7536
-5632
-4531
-2707
-2375
-1390
-681
-53
1258
1619
2532
2541
3114
4671
6267
8983
10144
11031
11687
12653
14271
13726
12424
9713
7504
5821
3515
1582
-1518
-3460
-5214
-5886
-5622
-5793
-5077
-5221
-4559
-4121
-3088
-2232
-2716
-3167
-4286
-4149
-3994
-3867
-4100
-4544
-4109
-3544
-2278
-1564
-1419
-1367
-1816
-2001
-2373
-2867
-4190
-6018
-7556
-8853
-9168
-9822
-10640
-11621
-11895
-11544
-10781
-10213
-10194
-9450
-8660
-7199
-5473
-2815
-477
1064
2612
4475
7309
9518
10576
10888
10944
11771
12989
13902
13865
12544
12344
11978
11961
11271
9836
8500
5927
4250
2060
575
-1534
-4357
-6235
-8290
-8836
-8912
-8706
-8589
-8899
-7557
-6017
-4052
-2628
-2250
-1114
-727
556
1340
1959
2387
2232
3320
4098
6281
8599
10159
11187
11642
13022
14065
14179
12470
9563
7266
4869
2934
655
-2303
-4741
-6353
-6726
-6666
-6131
-5685
-5461
-4855
-4317
-3333
-2449
-2794
-3712
-4619
-4767
-4588
-4239
-4287
-4782
-4439
-3774
-2526
-1620
-1458
-1834
-2084
-2247
-2753
-3285
-4423
-6113
-7516
-8474
-9400
-9744
-10407
-10991
-11289
-11137
-10775
-10045
-8930
-8491
-7344
-6071
-3913
-964
1332
2627
3971
6214
8294
10082
10800
10814
11134
12006
12718
13338
13265
12612
12538
12305
11839
10993
10089
8244
5854
3764
1493
-272
-2599
-5230
-7253
-8707
-9276
-9428
-8909
-8729
-8233
-6647
-5201
-3349
-1983
-906
-40
593
1474
2161
3099
3396
3576
4547
5855
8049
10025
11288
12157
12921
14209
14314
13711
11653
9070
6793
4186
1927
-910
-3068
-5306
-6449
-6737
-6603
-5803
-5439
-4914
-4518
-3551
-2848
-2566
-2970
-4023
-4558
-4610
-4508
-4437
-4422
-4243
-3829
-2806
-1712
-809
-392
-816
-1297
-1842
-2246
-3254
-4563
-6536
-8203
-9187
-9785
-10118
-10929
-11503
-11924
-11326
-10862
-10168
-9285
-8562
-7581
-6158
-3438
-590
1478
2655
4336
6825
9233
10756
11455
11504
11858
12779
13572
13948
13117
12604
12210
11799
11090
10050
9124
6825
4470
2155
306
-1444
-4095
-6326
-8568
-9781
-10153
-10040
-9554
-9807
-8944
-7436
-5529
-3711
-2582
-1210
-636
471
1485
2356
3242
3381
4207
5390
7244
9276
10885
12087
12576
13680
14394
13808
12616
10074
7829
5307
2858
190
-2460
-4348
-6491
-6879
-7353
-6939
-6349
-5902
-5326
-4857
-3758
-3586
-3290
-4012
-4770
-4862
-4829
-4659
-4656
-4330
-3883
-2924
-1770
-1135
-309
-158
-280
-588
-1382
-2211
-3690
-5003
-7003
-8269
-9383
-10212
-10556
-11408
-11634
-11662
-11062
-10856
-10684
-10111
-9402
-8067
-6484
-4162
-1333
573
2591
4937
7764
10191
11498
12430
12619
13609
14368
14848
14804
13582
13097
12722
12274
11294
9939
8753
6535
4728
2630
522
-1419
-4396
-6466
-8489
-9664
-10266
-10466
-10122
-10363
-9002
-7383
-5533
-3575
-2548
-962
8
1444
2592
3379
4181
4188
5481
6686
8430
10385
11548
12694
13314
14502
14960
14176
12633
9856
7750
5229
2710
106
-2819
-4775
-6659
-6972
-7321
-6969
-6497
-6253
-5453
-4825
-3767
-3532
-3439
-4078
-4553
-4505
-4313
-3994
-3955
-3796
-3235
-2145
-1068
-487
-131
-143
-259
-259
-942
-1757
-3436
-5116
-6713
-7922
-8829
-10041
-10668
-11576
-11747
-11373
-10949
-10502
-10609
-10423
-9672
-8576
-7013
-5100
-2462
-195
1556
4240
7027
10215
12073
12630
13437
13798
15188
15514
15481
14451
12826
12984
11927
11576
10006
8336
7002
4517
3300
997
-607
-3215
-6236
-7640
-9746
-9988
-10609
-10902
-10574
-10416
-8022
-6477
-4226
-2925
-1926
-5
628
2379
3014
3607
4081
4236
5913
7278
9614
11118
11898
13102
13688
15286
14825
13344
10699
7844
5846
2941
503
-3095
-5425
-7496
-8332
-8403
-8317
-7610
-7418
-6389
-5803
-4370
-3798
-3588
-4085
-4938
-4911
-4780
-4306
-4619
-4587
-4124
-3157
-1825
-1142
-762
-672
-776
-745
-1181
-1769
-3056
-4589
-6262
-7761
-8441
-9435
-10506
-11669
-12370
-12226
-11782
-11372
-11487
-11354
-10497
-9518
-7916
-6383
-3834
-1071
1040
3016
5309
8689
11044
12498
12710
13012
14152
15283
15815
15246
14133
13469
13372
12929
11699
10003
8475
6165
4213
1990
-12
-2197
-4999
-7254
-9247
-9956
-10346
-10204
-10111
-9998
-8444
-6393
-4338
-2809
-1850
-560
438
1738
2648
3259
3856
4181
5547
6893
8905
10874
12359
13568
14396
15491
15834
14920
12870
10064
7449
4626
1635
-1234
-4255
-6210
-7776
-8211
-8121
-7717
-6885
-6369
-5308
-4650
-3666
-3150
-3378
-3844
-4465
-4363
-4220
-4067
-3987
-3761
-2834
-1821
-689
-26
230
432
289
-55
-1004
-2085
-3636
-5224
-6640
-7987
-9156
-10186
-10882
-11646
-11996
-12143
-11940
-11687
-11569
-11055
-10160
-8643
-6561
-3708
-1031
798
3108
5960
9069
11230
12092
12650
13174
14312
15019
15485
15114
14122
14047
13747
13355
12317
10987
9289
6817
4772
2422
384
-2396
-5642
-7818
-9820
-10584
-11045
-11005
-10920
-10498
-8533
-6727
-4515
-3160
-1996
-709
35
1327
2157
2917
3173
3617
4903
6455
8937
10914
12262
13388
14295
15693
15855
14694
12388
9495
6890
3840
1247
-2066
-4933
-6976
-8495
-8574
-8596
-7826
-7385
-6710
-5910
-5061
-3896
-3948
-4210
-4957
-5373
-5258
-5076
-4843
-4896
-4415
-3704
-2748
-1448
-614
-41
-74
-470
-992
-1511
-2216
-3833
-5723
-7693
-9121
-9772
-10257
-11442
-12508
-13150
-12945
-12297
-11670
-11291
-11072
-9600
-7660
-4276
-1542
-4
1740
4179
7208
9280
10706
11070
11282
12343
13235
14154
14523
13826
13919
13567
13463
12790
12256
10947
7922
5932
3151
1440
-1103
-4227
-6904
-9537
-10342
-10982
-10529
-10438
-10588
-8909
-7369
-5007
-3250
-1968
-785
-492
1092
1637
2709
3011
2864
3974
5076
7662
9656
11593
12858
13918
15978
16374
16165
14519
11756
9128
5887
3362
-310
-3060
-5935
-7865
-8119
-8544
-7455
-7076
-6099
-5741
-4382
-3346
-3247
-3231
-4424
-4909
-5303
-5125
-5299
-5213
-5030
-4499
-3061
-1737
-647
271
565
491
280
-172
-1333
-2867
-4883
-6945
-8233
-9265
-10007
-11218
-11886
-12534
-11994
-11550
-11081
-10373
-9864
-8341
-6599
-3238
-875
970
2536
4496
7373
9284
10720
11026
11361
12234
13121
14365
14382
13920
13828
13515
13584
12791
12289
10724
8429
6311
3742
2009
-761
-3612
-6386
-8905
-10089
-10851
-10614
-10806
-10801
-9522
-8073
-5732
-4230
-2785
-1655
-848
673
1534
2728
3088
3600
4555
5767
7882
9576
11195
12142
13051
14373
14798
14472
12900
10765
8365
5773
3324
268
-2296
-4891
-6706
-7578
-7871
-7527
-7252
-6739
-6478
-5583
-4820
-4436
-4487
-5104
-5552
-5666
-5402
-5261
-5072
-4827
-4298
-3294
-2300
-1514
-811
-524
-407
-780
-1249
-2108
-3216
-4792
-6527
-7745
-9109
-9655
-10688
-11335
-12023
-11914
-11619
-11582
-10822
-10610
-9050
-7901
-5659
-2909
-445
1588
3128
6069
8235
10317
11400
11715
12436
12997
13932
14336
14027
13374
12874
13079
12309
11541
10639
8850
7024
4811
2899
531
-1998
-4683
-7198
-8993
-10416
-10923
-10804
-11091
-10620
-9245
-7323
-5352
-3808
-2148
-1177
391
1481
2578
3361
3633
4354
5275
6996
8662
10543
11721
12706
13944
15144
15323
14384
12475
10153
7902
5307
2573
-666
-3407
-5847
-7090
-7771
-7986
-7678
-7405
-6722
-6025
-4925
-4310
-4085
-4383
-4909
-5103
-5182
-4962
-4862
-4823
-4439
-3591
-2535
-1716
-914
-337
-63
-103
-610
-1163
-1979
-3197
-4740
-6157
-7729
-8688
-9339
-10187
-11175
-11852
-11969
-12142
-11496
-11303
-10483
-9672
-8083
-5077
-1965
501
1751
4544
7135
9857
11410
12004
12437
12858
13960
14268
14767
13903
13711
13617
13176
12598
11939
11221
8960
7048
4725
2558
236
-2735
-5498
-8195
-10082
-11193
-11495
-11472
-11832
-10637
-9061
-7138
-4973
-3397
-1619
-671
971
1878
2978
3784
3866
4737
5677
7651
9598
11128
12077
13141
14925
15854
15581
14466
12173
10231
7781
5027
1831
-1403
-3984
-6524
-7578
-8594
-8431
-8125
-7871
-7279
-6281
-4977
-4518
-4174
-4650
-4958
-4910
-4630
-4679
-4745
-4748
-4333
-3188
-2243
-1653
-1112
-543
-349
-71
-432
-1209
-2257
-3573
-5206
-6552
-7435
-8801
-9707
-10954
-11718
-11696
-11550
-11653
-12246
-11780
-11375
-9975
-8640
-7041
-4213
-1614
711
2649
5767
8474
10942
12175
12449
13053
14118
15005
14990
14461
13149
13154
13081
12582
11422
10274
8898
6945
5306
2869
704
-1726
-4669
-7100
-9277
-10447
-11070
-11348
-11423
-11410
-9370
-7563
-5308
-3678
-2385
-582
620
2287
2827
3711
3918
4129
5127
6610
8880
10534
11452
12466
13727
15728
16235
15072
12994
10185
8442
5602
3051
-994
-4059
-6467
-8292
-8392
-9036
-8309
-8436
-7466
-6743
-5331
-3998
-4061
-3974
-4819
-4879
-4642
-4231
-4358
-4778
-4390
-3670
-2257
-1091
-936
-393
-274
34
-74
-537
-1570
-2962
-4029
-5800
-6603
-7495
-8554
-9886
-10982
-11529
-11325
-11073
-11682
-11940
-11434
-10295
-9019
-7465
-5805
-3021
-118
1953
4070
6803
9462
11559
12534
12833
13359
14510
15193
14933
14618
13505
13684
13417
12656
11415
10032
8697
6175
4508
1788
-385
-2754
-5638
-7797
-9715
-10285
-10730
-10485
-10331
-9791
-7516
-5640
-3892
-2390
-1203
295
1236
2401
2696
3410
4061
4338
5903
7128
9240
10754
12003
12882
13942
15375
14766
13658
11218
8837
6501
3765
600
-2830
-5117
-7308
-8243
-8804
-8991
-8496
-7830
-7084
-6353
-5045
-4489
-4166
-4233
-4675
-4604
-4319
-4142
-4249
-4071
-3600
-2651
-1430
-1051
-731
-247
-127
-17
-468
-1096
-2226
-3193
-4607
-6016
-6928
-8422
-9352
-10664
-11494
-12113
-11918
-12067
-12510
-12243
-11867
-10269
-9139
-7424
-5343
-2042
852
3154
5824
7773
10482
12006
12976
13130
13302
13993
14130
14572
13704
13320
13282
12522
12129
10719
9647
7658
5544
3319
376
-1489
-4548
-6713
-8973
-10600
-10922
-11128
-10247
-9811
-8122
-6258
-4499
-2322
-1155
267
1045
1564
2151
2237
3015
3046
3978
5331
7172
9686
11085
12919
13997
15534
15985
15070
13399
10390
7968
4865
1818
-1733
-4807
-6853
-8525
-8825
-9124
-8453
-7707
-6787
-5679
-4722
-3601
-3526
-3336
-4008
-4487
-4519
-4482
-4399
-4604
-4109
-3512
-2232
-1222
-647
-138
50
148
-15
-633
-1882
-3163
-4505
-5959
-7156
-8204
-9189
-9914
-10237
-10619
-10627
-10625
-10757
-10629
-10749
-10416
-9897
-8594
-6799
-4392
-1665
201
2817
5720
8653
10964
11891
12743
13249
14269
14848
14692
14437
13140
13121
12634
12060
11264
9802
8713
6392
4898
2733
636
-1603
-4627
-6506
-8501
-9299
-9701
-9840
-9286
-8910
-7016
-5416
-3601
-1832
-797
566
968
2073
2524
3133
3632
3698
4914
6138
8195
9866
11302
12443
13369
14636
14475
13674
11901
9334
6943
3972
1214
-1984
-4265
-6555
-8128
-8389
-8744
-7863
-7443
-6536
-5894
-4679
-3821
-3699
-3324
-4072
-3993
-4037
-4099
-4278
-4224
-3796
-3622
-2722
-2290
-1615
-769
-782
-694
-953
-1088
-1989
-2956
-4366
-5945
-6626
-8029
-8942
-10098
-10668
-11308
-11478
-11831
-12264
-11670
-11279
-10408
-9506
-7162
-4430
-1251
647
2615
5430
8188
10514
11207
11926
11879
13192
13896
14173
13942
13290
13616
13308
13185
12129
11316
9925
7604
5602
3165
943
-1638
-4518
-6923
-9128
-9723
-10093
-9991
-9742
-9280
-7257
-5770
-3758
-2634
-1424
-509
-170
763
966
1600
1715
1991
2998
4620
7393
9455
10919
12297
13572
15464
15642
14631
12256
9532
7195
4133
1511
-2122
-4808
-6804
-8189
-8363
-8293
-7439
-6993
-6283
-5377
-4473
-3246
-3353
-3772
-4479
-4927
-4569
-4596
-4453
-4940
-4387
-3720
-2718
-1640
-1276
-565
-657
-504
-909
-928
-1485
-2827
-4490
-6343
-7022
-7661
-8493
-9851
-10964
-11474
-11263
-11134
-11330
-11533
-11118
-10404
-9607
-7934
-5681
-2237
-84
1524
3697
6631
10069
11630
12502
12246
13062
14718
15351
15731
14388
13959
13875
13524
13101
11477
10649
8178
6080
4077
1607
177
-2945
-5269
-8085
-9270
-9185
-9393
-8764
-9495
-8177
-6427
-4541
-2720
-2180
-1031
-716
371
1220
1677
2867
2886
3884
5070
7156
9647
10939
12209
12423
13816
14346
13838
12450
9681
7501
4908
2621
-305
-2885
-4937
-6790
-7467
-7834
-7385
-6811
-6407
-5991
-5302
-4233
-3691
-3398
-3835
-4288
-4098
-3719
-3447
-3538
-3384
-3198
-2451
-1784
-1356
-926
-848
-1016
-1310
-1485
-2039
-2626
-3801
-5353
-6593
-7143
-7660
-8562
-9511
-10639
-10713
-10717
-10934
-11315
-11381
-10977
-10449
-9180
-8012
-5619
-2639
-33
2080
4274
7122
9905
12208
12751
13046
13684
14572
15009
14839
14010
12962
12823
12111
11344
10187
8805
7113
5080
3182
974
-687
-3039
-5565
-7394
-8749
-9030
-9165
-9043
-8944
-8061
-6313
-4861
-3250
-2299
-1338
-508
203
1035
1682
2397
2665
3366
4952
7200
9444
10943
11778
12723
13925
14679
13786
11674
9126
6578
4433
1814
-1008
-3796
-5754
-7084
-7600
-7436
-7138
-6447
-5905
-5313
-4470
-3327
-2884
-3066
-3614
-4092
-3925
-3454
-3385
-3637
-3567
-3213
-2335
-1541
-1194
-1211
-1081
-1118
-1092
-973
-1559
-2496
-3849
-5264
-6442
-7270
-8204
-9746
-10708
-11412
-11408
-10993
-11382
-11457
-11525
-10684
-9962
-8801
-7342
-5622
-2465
-3
2358
4600
7257
9802
11825
12853
13423
14161
15079
15324
15184
14684
13415
13355
12154
11175
9569
8091
6468
4092
2587
-29
-1523
-3682
-5833
-7127
-8511
-8647
-8856
-8373
-7975
-7362
-5620
-4838
-3321
-2515
-1704
-750
-351
733
1030
2299
2932
4068
5700
7243
9388
10730
12015
12645
13223
13463
12325
10902
8472
6163
3945
1296
-991
-3693
-4842
-6486
-6717
-6889
-6759
-5796
-5516
-4290
-4123
-2747
-2741
-2274
-2360
-2867
-2534
-2690
-2280
-2667
-2245
-2236
-1669
-1041
-1010
-961
-1105
-1315
-1301
-1478
-2240
-3424
-4287
-5149
-6046
-6913
-8405
-9378
-10205
-10597
-10901
-10693
-11109
-11231
-11019
-10509
-9709
-8856
-7672
-6891
-4497
-2060
1241
3769
5693
8179
10544
13240
14216
15246
15480
15254
15772
15183
14872
13451
12299
11134
9344
8582
6550
5792
3508
1355
-159
-2070
-2830
-4931
-5884
-7713
-8330
-7908
-7856
-7000
-7189
-6321
-5265
-4249
-2807
-2205
-1092
-815
-19
1235
1942
3641
4131
5756
7117
8695
10333
10823
11710
11333
11522
10315
8816
7239
4889
3054
599
-1366
-3261
-4485
-5463
-6234
-6225
-6219
-5534
-4756
-4214
-3648
-3047
-2566
-2230
-1967
-2135
-2289
-2176
-2200
-2186
-2120
-2121
-2010
-1840
-1910
-2037
-1753
-1756
-1973
-2634
-3263
-3847
-4385
-5245
-6581
-7465
-8571
-9134
-9693
-9862
-10250
-10267
-10148
-10116
-9646
-9331
-8761
-8516
-7776
-7190
-5777
-4162
-1887
751
3260
5445
7973
11047
13411
15143
15629
16044
15817
16174
15262
14282
12428
10582
9460
7887
6986
5172
4390
2501
1415
587
-465
-1342
-2982
-4122
-5325
-6056
-6458
-6988
-7089
-7460
-7142
-5933
-5197
-3532
-2917
-1453
-607
905
2439
3185
4507
4533
5662
6296
7781
8664
8946
8940
8890
9403
9503
8732
7140
5359
3701
2641
1112
-486
-2666
-3872
-4876
-5128
-4836
-4676
-4381
-4071
-3320
-2393
-1306
-772
-739
-1059
-1200
-1432
-1049
-1700
-2344
-3001
-3295
-3267
-3164
-2734
-3172
-3000
-3474
-3312
-3412
-3532
-4163
-5102
-5877
-6960
-7104
-8018
-8606
-9483
-9623
-9534
-9328
-8937
-9129
-8403
-8144
-7441
-7247
-6639
-5851
-4708
-2430
-279
2512
4230
6804
9400
12156
14071
14617
15284
14743
14972
14318
13523
12011
9981
9061
7574
6979
5797
4828
4003
2447
2143
915
345
-1208
-2965
-4217
-6217
-6451
-7593
-7661
-8332
-8362
-7219
-6359
-4363
-3592
-2161
-1193
-46
1483
2079
2937
3102
3510
4273
5172
6683
6929
7498
7750
8260
9143
8676
8200
6515
5456
4069
2869
1373
-964
-2207
-3668
-4135
-4316
-4095
-3794
-3511
-2608
-1992
-915
-337
-266
-430
-1079
-1440
-1772
-2005
-3005
-3895
-4248
-4441
-4143
-3957
-3878
-4008
-3642
-3275
-3020
-2786
-3159
-3748
-4500
-5272
-6012
-6412
-7119
-8193
-8537
-8710
-8426
-7942
-7661
-7795
-7528
-6748
-6306
-5450
-5139
-4712
-3739
-1836
480
2887
4838
6270
8634
11024
12844
13611
14028
13488
13225
13029
12265
11283
9747
8628
7362
6853
6005
5264
4529
2889
1872
778
-215
-1708
-3338
-4966
-6849
-7401
-7934
-8016
-7983
-8038
-7203
-6209
-4594
-3431
-2239
-1482
-940
237
1000
1936
2565
3055
3779
4799
6225
7285
8151
8590
8837
9176
8960
8526
7334
5877
4314
2805
1360
-103
-1194
-2480
-3120
-3451
-3039
-2579
-2173
-1821
-1564
-1013
-984
-819
-1405
-2074
-2947
-3509
-3938
-4462
-4596
-4974
-4690
-4425
-3758
-3347
-2811
-2425
-2364
-2177
-2502
-2549
-2958
-3548
-4629
-5465
-6056
-6605
-6860
-7316
-7552
-7507
-7026
-6681
-6228
-5923
-5604
-5102
-4829
-4569
-4116
-3210
-2048
-186
1958
3479
5173
7238
9379
11278
12096
12565
12546
12760
12577
12111
11618
9880
9114
8034
7243
6270
5103
4129
2285
1565
130
-726
-1986
-3807
-4899
-6408
-6880
-7511
-7539
-7792
-8105
-7285
-6778
-5467
-4506
-3698
-2804
-2083
-636
311
1592
2523
3295
4609
5550
6953
7806
8449
8757
8758
9020
8375
8051
6999
5684
4555
3234
2225
714
-128
-1478
-2049
-2400
-2753
-2484
-2714
-2567
-2796
-2459
-2679
-2777
-2971
-3729
-3929
-4183
-4141
-4182
-4056
-3959
-3687
-3052
-2706
-2286
-1882
-1689
-1458
-1567
-1650
-2158
-2314
-3005
-3851
-4591
-5450
-5731
-6284
-6038
-6703
-6522
-6288
-5992
-5451
-5667
-5475
-5707
-5182
-5430
-5252
-4805
-4161
-2476
-338
1584
3070
5279
7424
9832
11457
12239
12465
12518
12497
11874
11587
10106
8684
7818
6535
5906
4920
4409
2999
2009
1300
-119
-619
-2587
-3889
-5511
-6846
-7626
-8472
-8378
-9263
-8678
-8164
-7348
-5623
-4621
-3153
-2278
-799
532
1498
2698
2885
3755
4319
5486
7116
7730
8529
8891
9796
10546
10564
10082
8717
7459
6062
4683
3257
990
-483
-1894
-3017
-3184
-3640
-3563
-3884
-3533
-3418
-2909
-2353
-2920
-2835
-3614
-3767
-3893
-3874
-4129
-4360
-3898
-3848
-2644
-1855
-1313
-765
-268
124
129
-35
-1036
-1876
-2672
-3619
-4252
-4913
-5696
-6049
-5890
-5720
-5177
-4767
-4614
-4480
-4285
-4174
-4348
-4488
-5403
-5877
-6149
-5723
-4700
-3406
-1470
446
2941
5229
8137
10342
11921
12572
12628
12570
12003
11346
9827
8296
6319
5279
4460
3654
2893
2104
1544
925
601
-238
-1296
-2763
-4380
-5784
-7027
-8127
-8818
-9387
-9533
-9237
-8027
-6619
-5074
-3449
-2162
-553
838
2429
3249
3994
4507
5114
5969
6643
7387
7783
8357
8569
9089
9295
9080
8604
7654
6652
5308
4134
2374
696
-882
-2427
-3231
-4170
-4503
-4936
-4819
-4651
-4322
-3701
-3582
-3086
-3193
-2919
-2862
-2610
-2501
-2467
-2247
-2119
-1645
-1354
-826
-607
-172
-103
-24
-228
-533
-943
-1490
-1799
-2472
-2706
-3358
-3715
-3853
-3974
-4067
-4260
-4340
-4761
-4690
-4988
-5415
-5560
-5961
-6311
-6521
-6388
-6181
-5041
-3885
-2561
-292
1818
4025
6132
8119
9366
10505
11046
10599
10448
9658
8631
7749
6652
5498
4716
4194
3251
2734
2246
1228
538
-287
-1481
-2613
-3824
-5250
-6355
-7076
-7922
-8209
-7901
-7737
-6831
-5540
-4336
-2950
-1456
-156
1003
2413
3103
3856
4705
5397
6335
7114
7466
7965
8631
9078
9333
9250
8839
8043
7616
6363
5297
3796
2025
651
-1148
-2161
-3494
-4042
-4947
-5228
-4964
-4888
-4020
-3743
-3076
-2802
-2218
-1832
-1571
-1231
-1455
-1325
-1483
-1415
-1265
-961
-836
-722
-269
19
467
884
950
659
356
-138
-622
-1118
-1990
-3095
-3977
-4636
-5118
-5256
-5527
-5921
-5974
-5941
-5955
-5715
-5759
-5952
-6188
-6427
-6667
-6543
-5919
-5406
-4186
-2475
-516
1691
3842
5982
7868
9506
10292
10546
10434
9680
8843
7808
6427
4927
3946
3001
2222
1728
1283
1025
667
347
-371
-963
-1998
-3165
-4207
-5518
-6399
-6998
-7126
-7160
-6609
-5558
-4376
-2681
-1128
413
1827
3010
4065
4723
5376
5721
6324
6763
6977
7422
7700
7995
8206
8266
7907
7448
6732
5810
4580
3366
1726
397
-1150
-2646
-3407
-4284
-4445
-4713
-4219
-3988
-3179
-2443
-2094
-1424
-1382
-1075
-1129
-1021
-1215
-1110
-1090
-1008
-598
-240
117
517
924
1058
1332
1204
974
348
-412
-1269
-1982
-2795
-3833
-4622
-5374
-5679
-5825
-5868
-5913
-5988
-5939
-5884
-5971
-6365
-6710
-7039
-7500
-7891
-8151
-7924
-7148
-5919
-4228
-1983
224
2408
4824
6954
8697
9855
10288
10070
9572
8984
8071
7182
5833
4610
4028
3325
3028
2559
2294
1532
1076
530
-517
-1284
-2794
-3932
-5294
-6109
-6744
-6837
-6648
-6498
-5456
-4298
-2743
-1084
459
1682
2859
3977
4818
5290
5700
5764
6094
6195
6413
6740
6884
7231
7233
7578
7264
7133
6562
5737
4718
3317
2285
610
-673
-2146
-3185
-3956
-4502
-4412
-4547
-3913
-3554
-2718
-1955
-1455
-772
-457
146
73
491
353
264
292
99
195
-2
169
-47
171
127
119
76
-332
-781
-1240
-1795
-2720
-3609
-4664
-5411
-6191
-6694
-7252
-7507
-7729
-7958
-7673
-7873
-7645
-7674
-7657
-7705
-7913
-7406
-7016
-5784
-4800
-3228
-1179
650
3212
5276
7414
8883
10111
10968
11045
11115
10344
9505
8358
6671
5590
4254
3187
2003
1060
387
-571
-724
-1688
-2232
-3015
-3818
-4286
-5089
-5377
-5795
-5567
-5422
-4963
-3885
-2942
-1611
-260
976
2244
3227
4357
4936
5564
5911
6153
6597
6744
7233
7331
7587
7508
7684
7688
7304
6689
5727
4662
3277
2079
520
-1002
-2571
-3780
-4589
-4917
-4937
-4788
-4189
-3508
-2496
-1413
-476
122
566
890
910
977
772
420
67
-308
-434
-414
-190
-184
95
296
284
339
131
-279
-1062
-1876
-2978
-3933
-4811
-5727
-6352
-7041
-7529
-7650
-7465
-7494
-7491
-7474
-7774
-7849
-7967
-8064
-8430
-8613
-8403
-7411
-5762
-4190
-1904
242
2782
5270
7728
9549
10343
11090
10818
10630
9743
8648
7408
5686
4515
3227
2738
1995
1428
1281
609
512
33
-207
-966
-2059
-2881
-4154
-4575
-5295
-5496
-5561
-5495
-4520
-3483
-1795
-585
869
2234
3248
4566
5249
5804
5783
5775
6015
6289
6955
7081
7291
7360
7550
7982
7863
7293
5897
4663
3280
1937
575
-1286
-2881
-4366
-4976
-5211
-4886
-4533
-4151
-3126
-2148
-759
182
872
895
789
807
632
678
128
-268
-619
-695
-461
-116
192
51
191
335
482
498
108
-614
-1615
-2490
-3384
-4119
-5180
-6231
-7081
-7536
-7677
-7684
-7534
-7977
-7947
-8124
-7957
-8066
-8274
-8415
-8724
-8276
-7970
-6656
-5382
-3580
-1512
606
2870
4957
7147
8568
9506
9856
9850
9518
8989
7952
6966
5692
4749
4042
3549
3165
2605
2537
1990
1785
1306
720
-37
-1200
-2258
-3377
-4002
-4583
-4927
-4789
-4612
-3713
-2490
-1081
376
1675
3147
4148
5320
5772
6087
6228
5919
5884
5772
5888
5567
5599
5634
5675
6118
5974
5645
4954
4169
3316
2265
1083
-752
-1876
-3131
-3966
-4252
-4512
-4278
-3965
-2792
-2079
-796
81
652
1274
1381
1648
1558
1597
918
562
211
-127
-93
-97
-188
-216
110
280
454
313
-192
-891
-1737
-2906
-4084
-5231
-6547
-7659
-8357
-8828
-8880
-8718
-8455
-8175
-7775
-7308
-6954
-6707
-7020
-7391
-7818
-8101
-8330
-8171
-7720
-6750
-5216
-3197
-825
1515
4084
6180
8180
9312
10105
10287
9878
9191
7920
6935
5594
4600
3688
3023
2742
2573
2804
2817
2798
2719
2297
1766
854
-93
-1116
-2211
-2869
-3534
-3524
-3376
-2757
-1752
-724
670
1810
3156
3910
4573
5004
4924
4699
4164
3704
3274
3162
2980
2915
3072
3551
4081
4727
4720
4464
4328
3743
3260
2068
955
-686
-1574
-2371
-3005
-2900
-3269
-2675
-2165
-891
6
1115
1865
2046
2698
2673
2896
2548
2082
1297
844
483
-1
-193
-711
-1100
-1265
-1278
-1460
-1676
-2106
-2840
-3454
-4221
-4984
-5641
-6496
-7186
-7739
-7747
-7816
-7446
-7220
-7116
-6636
-6407
-6029
-6152
-6318
-6792
-7168
-7546
-7943
-8162
-8079
-7695
-6435
-4896
-3025
-711
1314
3905
5674
7762
8710
9405
9608
8946
8739
7399
6814
5684
4888
4428
3919
4278
4091
4495
4654
4570
4861
4194
3911
2834
1815
872
-476
-915
-2124
-2147
-2516
-2229
-1471
-982
199
592
1557
1780
2196
2274
1761
1387
649
351
95
80
252
536
1319
2207
3354
4286
4802
5331
5376
5318
4667
3980
2803
1566
450
-634
-1135
-1592
-1433
-1302
-586
140
1176
2100
2593
2988
2990
2969
2467
2004
1090
242
-561
-1187
-1697
-2172
-2509
-2834
-2888
-2992
-2953
-3077
-3260
-3735
-4224
-4869
-5589
-6092
-6732
-7166
-7657
-7752
-7633
-7279
-6697
-6437
-5891
-5664
-5302
-5124
-5320
-5591
-6310
-6609
-7164
-7437
-7601
-7558
-6763
-5639
-3925
-1975
116
2302
4339
6267
7746
8495
9012
8772
8490
7858
7088
6534
5660
5360
4984
5176
5445
5527
5945
5757
5865
5654
5180
4592
3278
2361
972
97
-802
-1650
-1929
-2467
-2174
-2133
-1719
-1403
-1101
-750
-824
-730
-997
-1196
-1369
-1587
-1558
-1369
-800
61
962
1982
2831
4123
5050
5984
6363
6248
5981
5401
5177
4201
3593
2329
1665
1265
1049
1375
1233
1726
1630
2256
2422
2508
2499
1828
1458
607
208
-556
-1177
-1879
-2645
-2918
-3245
-3251
-3508
-3735
-4001
-4102
-4070
-4293
-4515
-5094
-5540
-5926
-6122
-6335
-6663
-6732
-6767
-6442
-6192
-5816
-5532
-5193
-4791
-4578
-4414
-4474
-4392
-4478
-4448
-4887
-5271
-5327
-5156
-4445
-3844
-3012
-2057
-355
1627
3340
4987
5843
6698
7532
7891
8135
7677
7281
6556
6201
5990
5449
5785
5378
5531
5528
5614
5802
5506
5409
4274
3659
2632
1487
615
-815
-1880
-2822
-3238
-3494
-3700
-3440
-3693
-3240
-2810
-2459
-1817
-1862
-1690
-1882
-1279
-945
-398
206
351
1199
2093
3292
4167
5087
5633
6275
6924
7270
7196
7024
6301
5506
4883
3884
3173
2159
1525
586
470
254
113
159
-244
-217
-359
-131
-511
-698
-1299
-1895
-2180
-2713
-3197
-3867
-4245
-4758
-4826
-4848
-4888
-4751
-4769
-4723
-4607
-4454
-4480
-4625
-4797
-5145
-5247
-5211
-5266
-5203
-5223
-5157
-5023
-4715
-4394
-4154
-3967
-4095
-4094
-4110
-4155
-4302
-4570
-4752
-4730
-4133
-3507
-2489
-1475
-33
1655
3431
5185
6292
7491
7989
8696
8835
8689
8241
7397
6830
5958
5581
5039
4696
4352
3983
3831
3699
3510
3163
2458
1704
805
-60
-940
-2030
-2902
-3862
-4243
-4575
-4544
-4402
-4119
-3695
-3194
-2488
-1900
-1339
-1038
-742
-448
52
609
1484
2217
3128
4134
5387
6544
7651
8478
8735
8992
8544
8252
7272
6142
4571
3155
1943
638
88
-856
-1198
-1462
-1279
-959
-656
-356
-512
-381
-672
-878
-1163
-1724
-2337
-2935
-3327
-3797
-3896
-4060
-4255
-4152
-4073
-3795
-3504
-3320
-3335
-3304
-3272
-3528
-3651
-3955
-4483
-4638
-4770
-4808
-4711
-4560
-4466
-4232
-3816
-3763
-3407
-3402
-3590
-3737
-3792
-4199
-4433
-4457
-4830
-4321
-3980
-2874
-1926
-300
1126
2685
4841
5679
7407
7742
8221
8063
7850
7498
6213
5868
4434
4078
3605
3171
3193
2981
3207
3137
3546
3488
3020
2913
1893
1128
206
-898
-1866
-3016
-3589
-4490
-4291
-4351
-4018
-3331
-2973
-2192
-1522
-585
-264
315
554
631
1076
1469
1968
2571
3042
3629
4405
5478
6231
6997
7245
7085
7152
6772
6369
5026
3953
2282
1306
346
-523
-989
-1794
-1647
-1792
-903
-696
-249
-38
-171
-86
-405
-442
-1136
-1738
-2484
-3081
-3392
-3669
-3870
-3907
-4091
-3905
-3593
-3160
-2963
-2922
-2886
-3144
-3234
-3544
-3790
-4362
-4792
-5108
-4957
-4859
-4609
-4279
-4096
-3553
-3281
-2657
-2574
-2500
-2525
-2594
-2433
-2693
-2475
-2547
-2560
-2263
-1982
-1297
-811
-49
607
1356
2237
2924
3719
3950
4053
4047
4151
3837
3617
3198
2720
2585
2439
2830
2667
3069
3062
3543
4037
3893
4253
3630
3443
2636
2154
1391
182
-374
-1482
-1772
-2255
-2354
-2181
-2135
-1702
-1413
-674
-326
-54
310
258
336
354
545
743
920
1335
1828
2646
3463
4373
5191
5563
5869
6135
6283
5967
5343
4589
3624
2830
2101
1409
654
-9
-334
-401
-303
-261
-78
-39
-198
-322
-367
-673
-1167
-1724
-2314
-2718
-2993
-3086
-3258
-3499
-3667
-3538
-3308
-3256
-3277
-3188
-3321
-3269
-3289
-3338
-3521
-3977
-4070
-4405
-4305
-4498
-4258
-4071
-3895
-3246
-2826
-2169
-2025
-1609
-1405
-1160
-1235
-1304
-1479
-1719
-1931
-2070
-2106
-2427
-2125
-2122
-1435
-1204
-463
275
889
1704
2007
2902
2835
3168
3068
3055
2973
2721
2841
2561
2699
2705
3085
3340
3352
3540
3592
3567
3269
2899
2426
1546
977
212
-326
-968
-1453
-1509
-1718
-1471
-1409
-824
-612
-330
102
257
454
363
492
394
320
462
669
1103
1573
2232
3216
3925
4791
5473
6123
6349
6299
6225
5599
4969
4072
3198
2206
1229
456
-90
-593
-964
-1129
-948
-912
-752
-507
-544
-476
-657
-619
-978
-1244
-1607
-1888
-2142
-2605
-2703
-2917
-3117
-3433
-3554
-3654
-3785
-3778
-3850
-3992
-4110
-4158
-3953
-3998
-4037
-4031
-3844
-3555
-3378
-2894
-2775
-2518
-2347
-1957
-1644
-1562
-1407
-1391
-1337
-1428
-1407
-1600
-1849
-2278
-2396
-2557
-2565
-2377
-2028
-1357
-1010
-94
644
1532
2278
2686
3136
3060
3364
3445
3369
3117
2374
2389
2161
2252
2330
2075
2328
2083
2847
2877
2960
2744
2103
2151
1272
1216
380
-37
-687
-1221
-1019
-1357
-978
-1122
-784
-591
-219
478
732
1079
951
1095
1323
1390
1649
1622
1855
2027
2698
3602
4090
4647
4777
5114
5159
5147
4806
4039
3185
2222
1641
1092
382
-48
-390
-498
-260
95
618
612
915
789
874
694
128
-305
-1312
-1919
-2680
-2928
-3434
-3912
-4076
-4332
-4174
-4067
-3876
-3793
-3894
-3780
-3676
-3487
-3488
-3572
-3437
-3513
-3163
-2875
-2435
-2125
-1854
-1412
-994
-546
-262
-40
-127
-212
-241
-145
-436
-754
-1299
-1656
-1812
-2102
-2239
-2581
-2747
-2702
-2291
-1922
-1732
-1353
-909
-449
288
513
894
1021
1162
1529
1584
1861
1527
1952
1930
2181
2677
2737
3188
3107
3504
3448
3603
3538
3092
3010
2349
2074
1756
1340
884
341
182
-222
-162
-235
-431
-391
-555
-333
-267
-51
-187
-171
-113
-167
211
381
626
722
1153
1557
2129
2800
3175
3667
3922
4178
4334
4353
4084
3526
3075
2369
1875
1491
1065
729
465
467
447
679
584
470
127
-288
-814
-1368
-2009
-2962
-3590
-4387
-4679
-5000
-4901
-4900
-4687
-4218
-3784
-3023
-2616
-2095
-1836
-1434
-1224
-975
-817
-728
-689
-503
-392
-295
-176
-251
-193
-419
-386
-754
-885
-1279
-1606
-1852
-2310
-2610
-3088
-3254
-3650
-3729
-3948
-3991
-3970
-3734
-3338
-2927
-2281
-1830
-963
-306
592
1320
1984
2603
2958
3557
3710
3987
4027
4025
4089
3963
4072
3941
3982
3957
3804
3771
3462
3272
2851
2347
1774
1020
542
-164
-640
-1123
-1557
-1739
-1902
-1740
-1683
-1372
-1151
-887
-450
-211
186
415
652
806
1013
1291
1434
1825
2029
2334
2650
2855
3121
3207
3309
3143
3038
2789
2388
2129
1597
1184
699
213
-173
-624
-816
-1208
-1292
-1488
-1590
-1464
-1613
-1471
-1672
-1559
-1653
-1538
-1442
-1461
-1180
-1158
-797
-707
-422
-354
-234
-216
-299
-253
-446
-482
-736
-838
-1066
-1158
-1277
-1492
-1557
-1811
-1848
-2021
-2133
-2292
-2534
-2633
-2950
-2888
-3019
-2938
-2823
-2704
-2330
-2159
-1637
-1566
-1237
-1159
-1021
-794
-841
-593
-621
-141
49
583
1039
1316
1877
2053
2611
2628
2847
2710
2499
2470
1932
1888
1340
1153
846
691
729
504
772
606
789
804
748
809
579
511
278
263
211
122
259
159
357
523
739
941
1021
1209
1226
1405
1309
1302
1163
1023
868
777
687
536
560
452
574
524
593
476
396
248
139
105
-33
4
-5
113
216
456
636
862
923
1000
986
945
833
642
452
109
-42
-297
-396
-584
-652
-719
-753
-745
-804
-817
-1023
-1216
-1497
-1714
-1988
-2201
-2400
-2526
-2520
-2392
-2163
-1920
-1629
-1328
-1014
-807
-657
-635
-620
-753
-897
-1109
-1310
-1459
-1547
-1538
-1507
-1390
-1171
-927
-698
-437
-385
-152
-190
-30
-104
-92
-94
-199
86
-85
290
271
597
779
928
1231
1208
1563
1451
1601
1484
1374
1301
1145
1021
828
710
638
501
480
393
362
436
344
480
361
474
390
473
423
358
393
267
267
125
149
31
62
-18
48
36
130
214
365
559
751
1074
1324
1624
1793
2027
2079
2227
2068
2037
1632
1410
1079
800
645
196
249
-142
132
-28
162
184
91
263
-20
130
-322
-403
-815
-1091
-1307
-1547
-1556
-1709
-1567
-1491
-1220
-988
-743
-558
-390
-358
-299
-334
-401
-522
-666
-793
-950
-982
-1053
-1032
-1025
-997
-969
-892
-897
-805
-801
-805
-904
-931
-937
-965
-885
-1002
-945
-985
-851
-819
-756
-756
-774
-623
-584
-397
-306
-145
-39
83
237
314
384
342
207
123
-54
-107
-269
-418
-499
-585
-397
-400
-168
-93
112
321
425
681
615
765
645
651
605
551
659
581
736
697
942
1111
1284
1457
1475
1616
1569
1668
1510
1416
1236
1056
897
683
566
432
444
376
422
475
650
792
919
912
903
886
905
806
645
452
268
274
157
300
125
274
121
208
230
112
193
-234
-178
-653
-542
-758
-836
-865
-1070
-761
-820
-382
-413
-190
-130
-56
135
93
140
-26
-95
-232
-269
-281
-325
-461
-517
-625
-547
-558
-560
-599
-648
-591
-572
-512
-584
-603
-711
-767
-1049
-1144
-1413
-1504
-1681
-1923
-1886
-2076
-1740
-1794
-1542
-1478
-1414
-1009
-1058
-707
-872
-774
-744
-878
-566
-746
-411
-437
-262
91
187
782
773
1170
1147
1292
1530
1393
1561
1277
1413
1315
1390
1472
1428
1556
1521
1629
1655
1631
1617
1451
1267
1037
830
738
434
285
5
10
-12
109
195
298
575
730
1098
1061
1329
1225
1414
1251
1082
1001
666
740
281
357
-1
54
14
-116
-41
-286
-108
-294
-286
-480
-596
-644
-796
-834
-854
-795
-616
-446
-250
-18
178
524
643
803
771
775
768
600
505
310
214
67
-61
-97
-178
-150
-164
-241
-228
-326
-311
-516
-789
-1072
-1390
-1598
-2002
-2319
-2654
-2871
-2977
-3066
-3086
-3035
-2886
-2607
-2394
-2180
-1888
-1628
-1225
-1095
-864
-732
-624
-406
-423
-224
-236
-78
108
159
435
511
795
912
923
1124
1101
1307
1177
1074
1065
878
1090
938
1032
951
936
1229
1192
1498
1420
1556
1587
1499
1671
1519
1556
1336
1231
1266
1200
1343
1244
1212
1187
1194
1363
1203
1097
880
721
572
242
33
-335
-585
-870
-1085
-1259
-1401
-1383
-1351
-1279
-1174
-917
-633
-401
-232
-49
112
202
236
273
221
225
174
202
226
313
593
693
896
922
1204
1375
1387
1346
1082
975
674
482
190
-175
-420
-609
-654
-742
-804
-734
-817
-888
-1007
-1026
-1128
-1419
-1712
-2035
-2155
-2343
-2362
-2604
-2621
-2603
-2244
-1955
-1882
-1560
-1442
-865
-856
-532
-521
-480
-306
-444
-193
-505
-318
-355
-302
-254
-279
72
76
209
265
470
676
726
855
876
921
1025
1125
1162
1095
1178
1357
1470
1489
1633
1814
1969
2028
2093
2222
2159
2212
2093
1993
1782
1624
1602
1282
1073
824
772
585
291
197
-32
-156
-420
-556
-713
-967
-1000
-1123
-1165
-1295
-1177
-964
-929
-817
-682
-394
-300
-203
-85
-66
-51
-75
15
-45
-108
6
69
124
103
288
477
443
521
516
637
531
506
549
337
303
158
221
49
-104
-66
-202
-286
-481
-397
-492
-702
-828
-881
-900
-1087
-1086
-1211
-1291
-1405
-1305
-1279
-1472
-1456
-1506
-1306
-1513
-1417
-1341
-1390
-1278
-1403
-1051
-1246
-1115
-1066
-1025
-899
-985
-564
-648
-537
-497
-238
-62
-124
40
123
243
288
516
626
711
764
1072
1176
1204
1338
1479
1609
1460
1630
1712
1752
1737
1781
1891
1783
1825
1894
1842
1664
1528
1506
1283
996
832
680
379
53
-68
-164
-323
-495
-475
-587
-652
-605
-503
-514
-736
-594
-520
-405
-465
-377
-276
-401
-245
-189
-32
-223
-204
-118
-144
-88
-59
148
-32
20
109
324
289
211
330
280
338
285
471
329
226
226
265
224
45
112
31
-107
-220
-169
-195
-390
-485
-473
-563
-608
-608
-488
-618
-676
-588
-562
-625
-821
-734
-937
-1044
-1184
-1078
-1117
-1240
-1126
-1083
-904
-917
-587
-500
-451
-409
-219
-50
-161
-91
-91
-25
-100
60
213
264
312
512
762
837
987
1105
1182
1058
1135
1273
1310
1226
1256
1442
1525
1650
1814
1955
1900
1941
2007
2020
1775
1594
1444
1133
828
535
399
8
-307
-522
-633
-785
-933
-957
-1080
-1229
-1265
-1209
-1290
-1447
-1532
-1466
-1521
-1502
-1435
-1307
-1311
-1237
-1022
-862
-770
-692
-516
-511
-459
-405
-253
-359
-459
-457
-401
-404
-443
-333
-334
-307
-288
-103
-133
-161
-217
-184
-243
-348
-216
-249
-165
-230
-17
128
140
298
286
409
273
314
348
202
183
90
166
47
18
112
121
88
44
59
45
-63
-118
-153
-352
-414
-519
-437
-497
-497
-309
-275
-94
-12
271
423
450
619
676
864
921
1068
1178
1150
1304
1392
1577
1523
1557
1558
1567
1560
1545
1613
1445
1412
1245
1292
1106
1004
842
580
407
131
116
-166
-375
-630
-759
-853
-975
-996
-1081
-1164
-1195
-1146
-1093
-1117
-1150
-1156
-1222
-1217
-1176
-1068
-1052
-1014
-932
-754
-635
-496
-413
-421
-430
-474
-408
-520
-566
-684
-727
-756
-773
-639
-589
-502
-436
-283
-116
-2
125
143
122
53
48
33
-63
-125
-208
-127
-137
55
174
307
415
422
644
588
746
664
623
522
375
489
337
356
170
159
157
109
241
157
177
34
48
35
-47
-58
-195
-191
-290
-154
-16
126
256
360
614
763
1019
1157
1265
1262
1300
1386
1424
1386
1319
1249
1140
1096
1021
1034
829
732
591
498
389
187
86
-229
-373
-561
-607
-711
-842
-831
-863
-796
-781
-701
-696
-762
-772
-776
-786
-815
-841
-789
-824
-759
-659
-569
-526
-558
-476
-502
-520
-596
-644
-764
-884
-952
-971
-1024
-1050
-934
-870
-733
-638
-428
-312
-270
-208
-193
-187
-250
-256
-242
-262
-243
-137
-59
39
89
244
325
322
399
392
441
355
348
349
233
249
194
284
219
261
374
393
510
455
626
530
510
480
389
384
157
250
143
152
197
206
392
310
495
582
622
725
659
821
686
703
696
612
614
460
577
519
559
605
672
708
687
725
721
635
464
401
231
107
-71
-133
-254
-392
-427
-455
-497
-568
-574
-556
-569
-597
-498
-516
-488
-535
-468
-452
-497
-438
-456
-426
-475
-401
-355
-410
-455
-487
-524
-596
-686
-688
-791
-885
-903
-906
-877
-938
-858
-839
-800
-733
-605
-466
-428
-326
-188
-78
-11
77
120
155
119
221
284
279
329
314
416
383
444
534
472
497
459
531
557
491
569
481
453
423
373
470
314
371
362
365
468
436
587
471
472
460
456
427
338
311
235
225
173
295
189
225
167
206
274
173
346
218
262
193
203
266
126
148
36
24
-6
24
102
78
76
112
189
167
204
160
122
55
-14
42
-91
-111
-246
-279
-321
-402
-341
-416
-406
-447
-372
-339
-345
-385
-421
-512
-589
-613
-688
-728
-842
-798
-798
-728
-682
-607
-561
-546
-444
-398
-302
-340
-281
-291
-283
-256
-290
-255
-338
-303
-261
-198
-119
-96
25
74
143
234
263
289
252
272
299
310
328
314
326
314
359
423
450
482
497
576
631
688
753
727
713
660
637
611
488
426
307
265
214
158
152
26
-9
-83
-72
-106
-138
-159
-191
-167
-157
-66
-100
-84
-157
-127
-101
-124
-59
-114
-57
-54
19
136
125
197
191
216
271
245
307
213
157
100
42
14
-57
-117
-128
-130
-70
72
110
236
163
251
196
118
61
-197
-294
-570
-630
-710
-773
-765
-797
-711
-613
-490
-330
-270
-225
-176
-184
-148
-249
-298
-376
-466
-447
-427
-338
-216
-142
72
181
329
452
411
478
307
308
241
109
118
-45
6
-5
-11
177
113
247
286
309
527
437
600
569
520
633
501
612
562
436
615
432
555
572
371
590
168
359
182
-34
135
-407
-87
-459
-422
-295
-681
-349
-769
-549
-605
-733
-461
-761
-476
-583
-435
-271
-342
-99
-183
64
50
191
274
228
364
258
474
318
403
350
251
398
216
417
266
255
270
138
250
80
75
-22
-182
-175
-281
-274
-343
-419
-425
-454
-419
-388
-351
-370
-309
-313
-186
-171
-156
-103
-197
-97
-165
-96
-110
-137
-82
-70
18
75
124
139
165
128
205
144
97
43
-94
-79
-170
-173
-170
-280
-223
-277
-205
-134
-162
5
-53
75
132
192
324
295
405
432
492
565
589
615
635
593
640
588
563
520
418
429
302
315
229
132
56
-108
-179
-338
-455
-569
-728
-791
-883
-880
-852
-848
-748
-712
-593
-506
-410
-292
-247
-168
-101
-82
-8
38
81
196
175
317
315
366
437
349
445
294
305
248
112
164
32
90
85
59
198
137
250
256
219
293
124
148
16
-93
-98
-215
-133
-146
-88
39
53
193
247
272
322
194
172
32
-90
-160
-308
-343
-443
-445
-405
-360
-263
-181
-110
-38
-3
45
43
-21
-51
-137
-164
-183
-184
-137
-100
-30
59
131
203
216
213
188
143
120
73
47
1
0
18
79
140
235
313
373
478
526
612
600
575
512
391
300
147
42
-67
-190
-227
-303
-305
-300
-322
-283
-339
-315
-331
-356
-319
-367
-335
-352
-355
-299
-346
-286
-306
-286
-210
-248
-127
-175
-116
-84
-120
15
-59
69
91
139
279
256
420
379
391
364
229
237
55
33
-54
-136
-79
-139
-22
4
58
165
146
232
233
236
273
212
238
205
162
165
79
102
70
44
83
11
28
-16
-92
-101
-218
-246
-307
-379
-331
-379
-291
-233
-207
-75
-94
-13
-2
-35
10
-65
-43
-83
-148
-144
-245
-239
-275
-334
-305
-350
-286
-221
-134
36
138
297
411
488
594
605
619
571
474
401
299
216
135
66
26
31
50
108
162
193
257
229
240
183
78
12
-166
-221
-319
-370
-347
-417
-352
-387
-337
-293
-340
-306
-425
-424
-459
-456
-378
-390
-270
-236
-106
18
109
245
249
327
304
321
311
202
173
35
8
-36
-68
-18
-51
29
71
135
227
223
260
229
202
226
193
230
213
193
233
220
281
274
243
242
174
177
158
129
127
54
42
3
-37
-45
-112
-125
-168
-189
-184
-204
-214
-257
-295
-325
-351
-369
-378
-384
-376
-327
-290
-226
-187
-161
-121
-132
-90
-87
-65
-29
-16
68
111
174
247
282
339
372
398
429
402
406
385
344
328
237
201
145
87
90
51
73
61
55
91
36
49
-20
-100
-173
-291
-319
-397
-409
-426
-414
-355
-297
-191
-134
-69
-52
-35
-39
-56
-70
-131
-158
-205
-218
-187
-173
-112
-75
-2
90
145
235
231
225
182
110
60
-51
-113
-194
-244
-218
-192
-102
-17
69
182
244
335
393
401
415
356
335
289
222
185
79
39
-25
-79
-58
-105
-59
-50
-26
43
17
63
6
-49
-94
-208
-245
-355
-417
-454
-494
-442
-418
-347
-281
-240
-139
-94
-30
-1
-21
-19
-71
-81
-95
-117
-112
-105
-37
38
134
236
303
344
367
376
352
298
213
135
72
25
31
43
58
84
98
134
140
132
96
19
-50
-131
-179
-218
-268
-273
-273
-221
-149
-95
-21
5
33
53
58
50
4
-45
-90
-115
-113
-89
-75
-29
3
46
100
109
119
71
13
-47
-107
-126
-174
-183
-169
-158
-96
-43
9
54
66
89
93
92
95
76
79
76
96
154
179
217
251
285
332
343
342
311
250
207
145
84
26
-39
-58
-91
-89
-64
-69
-48
-64
-70
-73
-118
-138
-178
-210
-217
-236
-226
-229
-242
-234
-237
-219
-207
-204
-178
-177
-135
-82
-43
14
23
58
78
89
125
111
110
101
99
126
132
155
179
186
211
227
244
240
203
178
116
71
19
-35
-67
-113
-106
-82
-34
5
41
69
76
76
41
10
-64
-131
-171
-202
-187
-175
-120
-58
8
93
143
188
192
170
146
84
24
-49
-100
-135
-165
-137
-114
-80
-30
16
74
96
104
74
23
-28
-78
-105
-146
-156
-150
-103
-36
33
117
147
179
192
202
194
164
141
86
57
39
45
52
47
54
53
65
75
78
66
41
5
-15
-25
-38
-42
-61
-61
-63
-60
-52
-76
-103
-143
-173
-196
-222
-222
-231
-218
-180
-148
-90
-54
-20
2
-9
-8
-33
-47
-71
-96
-87
-83
-40
5
64
136
184
240
279
288
286
259
220
161
100
52
6
-17
-27
-16
2
15
46
72
89
89
59
11
-42
-88
-123
-146
-166
-173
-170
-150
-111
-75
-43
-22
-15
2
1
13
24
19
20
13
27
40
50
55
62
65
57
55
43
32
18
9
0
-3
2
6
17
18
19
16
-3
-22
-57
-76
-89
-119
-115
-102
-68
-23
15
63
87
116
140
141
131
97
62
27
5
-4
-10
-9
-2
17
33
65
87
88
64
16
-14
-56
-88
-144
-194
-224
-255
-233
-213
-180
-165
-157
-130
-127
-115
-121
-133
-145
-153
-131
-102
-54
-12
30
74
115
159
184
194
181
175
167
151
146
142
138
135
146
158
156
149
134
102
63
10
-41
-111
-178
-223
-247
-249
-246
-215
-178
-121
-66
-21
11
12
5
-21
-46
-78
-104
-119
-122
-109
-86
-45
3
53
101
135
168
188
193
184
161
138
105
75
39
11
-14
-36
-39
-41
-29
-29
-41
-47
-48
-52
-52
-54
-49
-50
-50
-38
-25
-4
12
27
41
58
74
97
112
133
150
152
161
155
148
132
99
63
33
5
-24
-46
-63
-81
-85
-88
-96
-107
-111
-114
-128
-139
-146
-156
-167
-186
-196
-192
-186
-162
-126
-89
-43
12
70
110
143
165
172
180
176
168
169
157
152
155
159
154
150
155
139
122
102
80
49
13
-10
-46
-87
-123
-155
-175
-175
-172
-168
-173
-156
-143
-126
-81
-90
-91
-96
-116
-104
-92
-73
-57
-44
-11
12
64
111
147
185
177
189
189
190
181
149
123
77
53
30
8
-4
-2
-9
-11
-6
-17
-22
-37
-54
-66
-79
-96
-107
-100
-89
-71
-36
-20
6
33
50
82
84
93
95
83
68
48
45
27
19
25
26
33
47
58
65
76
78
72
60
42
16
-8
-27
-62
-81
-108
-124
-121
-127
-113
-104
-90
-77
-67
-42
-21
-4
3
13
25
33
49
66
87
106
113
125
144
162
173
175
166
150
127
101
74
39
14
-17
-41
-55
-65
-67
-74
-76
-80
-77
-75
-83
-83
-91
-97
-99
-102
-101
-103
-100
-82
-65
-48
-29
-4
12
22
44
61
81
98
108
117
120
125
128
127
120
104
91
79
55
45
44
35
19
2
-9
-26
-41
-50
-65
-87
-110
-119
-127
-125
-113
-107
-97
-86
-68
-47
-32
-20
-17
-20
-24
-25
-19
-11
-7
5
27
50
78
103
138
154
156
157
136
118
81
44
5
-42
-71
-96
-107
-107
-108
-90
-79
-68
-45
-25
-16
-20
-21
-27
-41
-56
-62
-73
-83
-83
-70
-48
-30
5
24
52
78
95
109
106
100
91
74
64
50
33
17
-5
-12
-18
-13
-8
-10
-8
-16
-22
-25
-38
-47
-60
-70
-84
-104
-97
-92
-79
-67
-56
-33
-24
-5
14
21
31
30
30
32
32
48
53
59
63
68
80
78
83
85
76
65
48
33
10
-17
-33
-53
-77
-85
-95
-98
-100
-97
-86
-87
-84
-78
-71
-60
-52
-34
-11
0
4
10
24
30
31
40
41
40
35
31
35
33
39
41
35
35
37
31
25
10
-5
-18
-34
-52
-62
-67
-89
-100
-103
-108
-100
-96
-90
-83
-83
-79
-67
-53
-40
-17
-4
3
18
40
58
76
92
100
110
111
110
99
99
100
95
90
72
55
40
34
22
16
10
-7
-24
-36
-39
-49
-54
-58
-62
-69
-73
-65
-65
-72
-76
-73
-69
-64
-54
-38
-24
-12
14
35
51
75
91
102
108
105
105
105
94
91
90
82
68
56
50
45
38
27
17
1
-15
-30
-41
-43
-49
-49
-45
-48
-45
-43
-39
-35
-31
-31
-39
-32
-31
-30
-21
-10
5
19
24
41
57
58
67
69
68
57
50
47
39
29
19
14
8
2
-3
-10
-19
-24
-32
-44
-53
-51
-54
-60
-56
-49
-46
-39
-26
-19
-11
1
7
17
31
31
40
48
53
63
64
61
59
58
59
63
61
55
46
46
40
38
34
27
20
12
13
-4
-15
-27
-40
-49
-62
-68
-71
-72
-72
-72
-79
-72
-64
-55
-44
-35
-20
-16
-5
1
12
23
28
31
28
31
23
21
22
22
18
16
16
17
19
25
33
31
28
21
7
-3
-16
-30
-42
-58
-61
-66
-70
-69
-62
-60
-59
-50
-47
-36
-27
-16
-16
-11
-2
1
14
19
17
22
28
25
27
27
22
16
20
21
21
22
23
29
35
27
18
18
8
-1
-5
-14
-23
-29
-32
-29
-27
-19
-17
-12
-4
-1
10
3
1
6
5
6
10
13
13
17
17
17
20
19
12
11
7
2
7
-2
-7
-6
-7
-4
-14
-14
-8
-16
-22
-21
-23
-30
-32
-34
-37
-39
-39
-28
-24
-19
-13
-11
-1
2
3
16
21
22
24
28
35
40
39
37
29
27
23
13
9
5
3
-2
-3
0
0
4
2
-1
-4
-8
-13
-21
-25
-30
-29
-35
-40
-39
-34
-25
-20
-10
-3
6
9
12
16
16
19
22
26
15
17
20
19
18
18
27
28
22
19
26
24
25
27
24
25
19
21
20
22
27
21
22
23
15
15
12
11
12
13
13
16
21
15
13
14
15
19
15
10
14
7
8
9
12
17
6
6
8
2
-3
-3
-4
-9
-14
-18
-20
-15
-14
-14
-8
-8
-3
0
4
12
14
10
12
11
9
10
14
20
16
19
16
12
13
8
6
5
4
0
-2
-9
-4
-3
3
7
10
13
11
6
1
1
1
4
-2
-2
-8
1
9
5
11
10
8
9
10
6
8
9
11
13
14
10
11
12
11
10
4
5
6
2
-1
3
3
1
4
6
5
11
13
11
12
15
16
6
9
4
5
6
8
14
11
11
13
15
14
14
16
13
15
19
9
2
4
2
3
3
3
2
0
-8
-13
-13
-15
-24
-18
-18
-18
-14
-16
-10
-3
-3
-1
0
-2
-5
-6
-4
-6
-6
-5
-1
1
-2
1
4
5
11
6
4
4
3
4
-3
0
-3
-6
-8
-11
-4
-6
-11
-7
-4
-11
-8
-8
-10
-5
-8
-6
0
0
0
2
3
6
10
8
7
11
11
15
19
24
23
20
23
17
19
16
17
20
19
19
17
16
12
11
13
21
18
20
23
19
22
20
22
24
27
24
23
26
27
24
23
26
24
25
30
32
31
29
33
31
22
24
23
18
14
12
11
8
2
-1
6
6
7
9
5
2
-3
-12
-15
-13
-9
-15
-16
-11
-10
-8
-9
3
4
-1
0
-1
-1
-4
-8
-8
-8
-9
-6
-4
2
0
5
1
4
8
3
4
3
7
5
5
0
-2
2
4
-1
3
2
-6
-5
0
3
-5
-2
0
4
10
12
10
9
10
10
11
9
3
4
4
2
3
6
9
5
6
9
4
-2
2
-1
-8
-11
-19
-21
-21
-19
-24
-22
-17
-24
-18
-17
-15
-12
-12
-13
-11
-10
-12
-15
-15
-10
-14
-11
-7
-4
-4
-6
-3
-1
-3
-13
-8
-6
-3
-5
-9
-15
-20
-16
-26
-30
-36
-36
-38
-34
-32
-37
-37
-40
-44
-43
-36
-39
-34
-36
-38
-40
-42
-38
-34
-28
-23
-20
-16
-22
-21
-20
-17
-14
-14
-11
-11
-8
-5
-1
0
1
-1
-4
2
-1
2
3
1
1
-4
-4
-10
-17
-16
-14
-14
-18
-14
-13
-11
-8
-10
-9
-10
-13
-13
-5
-6
-5
-5
-7
-6
-9
-9
-11
-10
-6
-4
-2
-4
-7
-9
-12
-6
-4
-5
-4
-8
-7
-9
-10
-5
0
1
3
6
5
1
0
0
2
4
5
4
0
2
5
10
14
15
11
18
16
12
7
6
4
-4
-10
-13
-7
-4
-4
-2
5
0
3
6
2
5
1
2
2
4
1
1
4
5
11
15
18
18
17
11
10
13
16
14
12
13
6
2
1
10
15
11
12
15
17
17
17
23
28
27
21
17
16
13
17
14
14
13
11
12
11
12
16
10
8
10
3
3
-3
-5
-3
-11
-14
-15
-19
-21
-18
-13
-12
-11
-13
-12
-7
-6
-4
0
-4
-5
-2
1
-4
-10
-5
-5
-1
3
-2
-2
0
6
3
3
7
7
9
3
4
3
3
3
0
-3
0
-4
-8
-3
1
-2
-1
-6
-11
-6
-14
-12
-11
-21
-16
-16
-14
-12
-12
-10
-8
-8
-3
-5
-11
-3
-4
-6
-15
-17
-17
-20
-16
-17
-14
-16
-19
-18
-18
-22
-17
-22
-22
-20
-20
-19
-24
-22
-18
-15
-12
-9
-12
-11
-7
1
6
11
13
6
3
4
6
7
13
11
12
11
7
7
12
12
11
13
4
5
3
-2
-8
-6
-7
-8
-3
-8
-9
-15
-7
-2
3
5
-2
-4
-5
4
5
1
5
2
5
5
4
8
8
5
12
9
-2
1
0
2
-1
2
10
9
9
8
11
8
12
8
-2
-3
-9
-8
-11
-4
1
8
10
6
7
16
12
5
16
15
10
7
2
3
8
9
10
12
8
17
19
22
22
17
20
14
9
8
11
12
7
11
11
11
12
10
16
22
24
24
21
26
23
23
22
22
30
27
25
27
28
23
25
26
22
21
19
24
21
16
17
22
23
19
19
20
12
14
15
12
10
3
-2
-10
-12
-15
-13
-11
-10
-4
-11
-12
-7
-4
-7
-8
-3
-10
-13
-11
-20
-16
-19
-23
-20
-21
-23
-27
-23
-23
-24
-17
-12
-19
-27
-19
-15
-16
-15
-18
-23
-23
-20
-18
-23
-21
-22
-23
-22
-25
-24
-22
-21
-24
-24
-19
-19
-22
-24
-24
-23
-25
-22
-24
-29
-23
-20
-21
-27
-21
-20
-25
-27
-24
-21
-24
-25
-24
-23
-20
-15
-14
-12
-16
-11
-5
-9
-4
-3
-2
-5
-4
-8
-11
-16
-20
-21
-15
-8
-9
-12
-14
-19
-15
-10
-11
-10
-6
-7
-10
-8
-13
-16
-14
-11
-9
-7
-4
-1
1
6
11
6
10
14
7
8
9
6
1
1
1
1
-1
-1
4
2
4
-1
6
5
4
8
2
6
8
10
7
11
11
20
15
15
19
17
23
22
27
21
22
22
26
23
21
28
29
31
25
29
26
21
20
24
25
24
20
21
22
22
21
20
22
16
17
10
15
14
7
3
3
6
7
8
3
13
13
10
13
16
13
14
17
18
21
24
25
22
15
14
13
8
10
8
8
13
19
19
16
12
12
7
4
4
3
-1
-1
-1
0
2
-5
-6
-6
-5
1
3
3
2
5
-1
0
4
8
7
10
10
8
8
6
7
2
1
0
2
2
-2
-5
-1
0
-3
-5
-10
-6
-4
-10
-12
-11
-15
-15
-14
-13
-10
-10
-4
-2
-7
-1
2
-1
-4
-6
-3
-2
-3
-4
-6
-7
-6
-5
-1
-3
-5
-4
-11
-8
-5
-5
-9
-17
-18
-13
-15
-16
-13
-14
-13
-12
-12
-15
-18
-18
-19
-22
-19
-18
-11
-14
-17
-16
-12
-8
-13
-10
-7
-6
-12
-9
-10
-12
-9
-20
-13
-13
-15
-9
-8
-11
-8
-8
-4
-4
-2
0
-5
-7
-12
-11
-11
-18
-17
-11
-12
-11
-11
-7
-6
-10
-9
-14
-15
-12
-16
-16
-13
-15
-12
-8
-4
-3
-3
-8
-8
-6
-7
-3
-2
-1
-4
-3
-7
-6
-1
-3
3
-3
-3
0
-1
-1
-5
-5
-4
-4
-7
-10
-6
-5
-2
-1
-1
5
3
7
2
0
1
5
8
1
2
-1
-5
-9
-11
-8
-6
-12
-11
-10
-7
-8
-13
-13
-15
-12
-18
-20
-15
-10
-7
-10
-8
-9
-5
-12
-12
-4
-3
-3
-1
-4
-7
-5
-7
-6
-5
0
2
5
4
0
-3
-3
-8
-10
-6
-6
-8
-9
-11
-13
-10
-7
-6
-8
-6
-6
-4
-5
-6
-8
-15
-8
-7
-6
-6
-9
-5
-4
-3
0
-9
-6
-6
-10
-11
-14
-10
-12
-5
-3
-6
-7
-9
-4
-4
-4
0
-2
-8
-5
0
3
4
0
-1
-5
-8
-3
-3
0
1
2
0
-5
-6
-7
-5
-2
-2
-2
0
-4
-3
-1
2
-4
-11
-11
-15
-10
-10
-10
-11
-8
-8
-7
-7
-5
-7
-4
-8
-8
-5
-13
-9
-7
-5
-4
-4
-3
5
8
4
7
9
9
8
11
8
11
12
11
12
12
11
10
10
12
12
7
8
10
12
14
15
11
16
13
12
15
18
20
14
16
13
14
13
20
19
13
16
15
25
24
22
25
26
21
16
22
22
22
21
17
15
15
18
16
15
18
28
26
14
24
26
23
26
30
32
26
31
27
22
22
21
24
27
25
26
26
17
17
18
20
15
12
10
7
14
9
9
11
7
8
13
7
10
8
10
9
9
8
5
4
-3
5
6
4
1
2
4
-1
-3
-2
4
4
9
6
7
13
8
8
9
10
10
7
4
10
7
5
13
9
8
8
3
4
6
9
9
8
14
12
9
9
1
1
-1
-4
3
3
6
6
6
6
-1
2
-2
3
1
-3
5
6
0
-1
3
-1
-4
-3
-2
-2
2
5
5
5
1
2
-1
-3
7
2
0
6
3
5
3
-2
0
-1
0
1
2
7
4
5
9
7
2
3
4
2
-2
-4
-1
-2
-2
-6
2
3
1
1
3
6
2
5
1
-2
-3
-1
1
0
2
0
-5
-13
-10
-9
-4
0
-7
-10
-13
-9
-5
-7
-5
-2
-4
-8
-8
-10
-11
-9
-5
-3
-5
-4
-5
2
4
1
0
-2
-1
4
-1
-4
5
5
3
6
6
7
13
8
6
10
9
9
6
4
7
5
8
11
6
5
5
6
5
1
4
1
-2
-1
-7
-5
-2
-3
-2
-6
-7
-13
-14
-15
-12
-10
-6
-1
-5
-6
-7
-4
-6
-6
-7
-7
-5
-9
-7
-6
-8
-4
-7
-8
-11
-12
-8
-4
-1
3
-2
0
2
-3
-6
-4
-1
-3
-1
0
1
-2
6
0
4
9
1
0
-7
-2
-8
-3
4
0
-2
-10
-7
-7
-7
-6
-4
-7
-6
-9
-8
-10
-10
-6
-4
-2
-8
-6
-10
-10
-5
-7
-8
-5
-5
-7
-5
-4
-1
-1
-6
-9
-7
-7
-5
-4
-4
-4
-4
-1
-2
-7
-7
-3
-5
-10
-10
-7
-7
-9
-9
-12
-12
-13
-14
-18
-24
-22
-22
-23
-18
-19
-22
-22
-27
-23
-16
-11
-12
-18
-16
-12
-9
-16
-12
-9
-8
-10
-12
-12
-12
-11
-12
-6
-10
-7
-6
-10
-6
-4
1
0
-3
-6
-6
-6
-1
-2
-1
-7
-6
-7
-7
-8
-9
-3
-2
0
-5
-2
-11
-6
-4
-5
-8
-12
-3
-6
-5
-10
-11
-3
-4
-6
-6
-5
-4
-5
-8
-5
-4
-8
-13
-8
-5
-11
-11
-6
-10
-5
-6
-10
-3
-3
1
-1
2
1
8
9
9
11
10
7
3
9
7
12
9
8
8
8
14
11
15
13
16
23
18
19
21
18
20
16
12
9
4
5
2
5
10
10
15
14
10
12
11
15
11
11
17
13
7
11
13
13
10
3
2
2
4
8
0
2
10
4
1
1
3
2
-1
-6
-3
-3
-6
-11
-16
-13
-8
-11
-9
-6
-11
-6
-1
-3
1
-2
-4
4
-2
-5
-2
-1
-2
-3
0
-4
-8
-9
-12
-8
-6
-14
-9
-11
-10
-11
-10
-5
-4
-4
-3
0
0
-2
-3
1
-4
-5
0
-1
-1
6
11
9
9
13
12
12
13
9
15
12
7
9
5
6
4
10
12
10
9
12
18
15
20
20
17
10
11
15
12
12
6
15
9
7
12
10
9
7
13
12
12
8
10
9
6
4
9
11
12
12
2
13
14
12
12
13
11
9
10
3
4
0
1
3
-2
-5
-4
-9
-10
-11
-11
-7
-9
-6
-6
-4
-2
-4
1
-10
-8
0
-7
-3
-6
-3
-4
-7
2
1
-2
-5
-2
-4
-8
-8
-6
-5
-6
-10
-14
-11
-12
-12
-13
-11
-14
-14
-13
-18
-13
-15
-16
-16
-18
-20
-17
-17
-12
-13
-20
-15
-11
-8
-11
-13
-13
-9
-16
-15
-15
-17
-11
-15
-12
-13
-16
-13
-14
-8
-5
-8
-2
-7
-5
-4
-4
1
0
4
3
3
6
1
5
10
8
9
7
12
12
12
12
11
17
14
16
14
10
17
23
17
18
16
16
22
13
15
17
16
15
12
13
11
10
7
2
1
3
6
4
