13
-8
-25
-6
2
-12
-28
-10
14
0
-24
-26
-4
-8
-22
-14
-1
0
-14
-17
-7
3
-7
-22
-8
-4
-19
-20
-1
4
-14
-11
0
-3
-6
-4
-2
-6
-11
-2
2
-9
4
10
-6
-5
3
-5
-4
18
9
-11
-11
16
36
2
-12
12
15
5
4
3
18
24
1
-4
12
18
4
14
23
12
5
12
21
7
6
19
23
7
6
19
21
20
21
29
25
3
6
32
29
2
3
23
19
-2
-2
24
24
-6
-8
20
24
1
0
9
15
9
-13
-4
18
3
-24
-8
2
-11
-13
-6
1
-8
-11
-6
1
-12
-18
3
6
-10
-21
-14
-12
-15
-18
-17
-14
-16
-11
-4
-21
-36
-8
4
-22
-26
1
1
-27
-31
-9
0
-15
-24
-12
5
-1
-16
-11
2
5
-16
-18
-1
-5
-11
-6
9
-3
-18
-1
-2
-12
-2
6
0
11
5
-26
-24
8
17
-16
-26
-3
12
-10
-25
-3
14
3
-11
-12
-13
-1
-9
-33
-18
18
4
-21
-3
5
-8
-11
4
3
1
1
-12
-12
5
4
-6
-1
8
10
-6
-7
19
12
-4
7
8
0
4
10
6
3
14
9
2
7
9
11
13
19
6
1
21
20
10
17
21
6
3
16
12
1
7
12
3
-6
6
22
10
2
2
-1
7
11
1
6
21
2
-4
3
4
-2
-6
0
7
7
2
12
8
6
11
5
-2
9
16
-9
4
26
9
0
11
12
9
7
-4
-4
2
-2
10
11
-1
3
2
11
14
-1
-3
10
-1
-15
7
23
6
-6
9
9
-1
1
3
7
13
11
8
13
20
14
3
13
17
-5
-1
25
19
-5
10
43
30
8
13
34
29
-2
3
20
22
14
13
18
23
13
6
17
23
13
6
16
15
21
21
18
20
16
15
3
4
14
9
6
19
22
13
16
17
9
0
7
31
24
1
8
18
13
6
22
20
7
18
9
-6
-10
13
23
8
9
12
5
-5
-4
-11
-2
8
3
1
-2
0
3
-4
-3
2
0
-3
4
5
-2
-5
-6
-2
-3
-12
-16
-13
-10
-13
-21
-15
-3
-10
-20
-7
2
-5
-11
-15
0
-8
-33
-29
-6
-16
-39
-22
-3
-12
-38
-36
-8
2
-24
-19
13
7
-22
-40
-25
-17
-33
-37
-26
-19
-17
-9
-17
-21
-10
-4
-9
-14
-11
-25
-22
-7
-14
-26
-18
-8
-19
-25
-24
-18
-14
-11
-10
-14
-22
-15
-1
-3
-14
-17
-9
-10
-16
-22
-15
-9
-3
0
-9
-4
-6
-1
3
-5
-16
-8
12
6
-3
-8
0
-4
-18
-9
6
-1
-14
7
18
-6
-5
19
21
-2
-3
3
-3
0
3
10
5
5
19
5
-8
16
31
10
10
17
8
9
2
4
15
8
-9
-3
9
-2
-8
-6
4
7
2
3
8
1
-6
16
9
-17
-3
18
5
-12
1
21
16
-4
-10
3
6
3
-10
-1
32
27
-6
-12
3
-4
-14
-8
10
0
-18
-5
0
-8
2
10
0
-8
-7
-8
-14
-6
3
-14
-17
-4
-4
1
-10
-20
-9
1
-1
-13
-14
-2
-3
-18
-14
3
-2
-14
-8
-3
-9
-10
-6
-10
-2
-4
-20
-31
-25
-9
-5
-6
-11
-9
-5
-10
-19
-18
-10
-17
-21
-22
-17
-24
-31
-20
-16
-8
-7
-13
-14
-17
-14
-17
-17
-19
-8
-7
-16
-11
-11
-22
-22
-13
-14
-7
-10
-14
-8
-11
-12
-13
-9
-9
-7
-13
-20
-11
-5
-6
-8
-4
-4
-12
-8
-6
-14
-21
-12
-1
-7
-8
-6
-2
-10
-25
-20
-4
-8
-17
-17
-13
-9
-6
-6
-8
-4
-1
-16
-22
-9
6
5
-6
-2
10
9
-3
-11
-6
10
15
1
-6
2
24
17
2
7
17
5
-2
10
18
19
13
7
15
23
20
11
8
11
11
16
14
7
12
26
27
19
15
18
21
16
5
5
13
19
18
12
11
11
13
6
7
16
6
11
18
27
25
16
16
11
2
4
19
13
2
7
19
23
9
7
9
13
13
5
-2
1
13
9
-11
0
23
17
1
-2
3
-10
-8
13
-4
-16
2
15
1
-8
11
16
7
-1
-7
2
20
10
-11
-1
12
9
-6
-15
-1
12
12
9
13
11
22
23
6
1
-2
7
9
4
16
23
8
2
12
11
8
8
9
16
19
23
26
23
19
15
27
25
26
25
14
19
23
19
15
25
33
21
10
21
34
35
28
17
25
41
21
2
17
30
16
-2
14
27
25
11
7
27
35
20
8
10
14
10
7
8
7
16
13
7
12
21
20
0
-12
0
24
27
5
2
16
15
12
8
-1
3
14
8
8
14
8
7
5
6
16
27
22
15
12
2
5
14
1
-2
7
5
-12
-21
-14
-4
5
-8
-10
8
11
4
0
-4
-6
-1
-6
-18
-22
-15
1
7
-8
-19
-2
12
-9
-25
-20
-7
-4
-23
-22
-5
-9
-26
-31
-17
-7
-14
-25
-20
-12
-12
-7
-12
-8
-4
-19
-22
-6
-9
-11
-5
-6
0
-3
-11
-3
11
-15
-24
-7
-8
-16
-5
8
-1
-7
-6
1
1
-6
-3
-1
-8
-9
2
3
6
9
9
5
11
1
-3
17
17
13
13
12
9
5
-1
10
18
10
17
18
11
6
6
14
29
34
23
13
15
30
22
9
16
24
28
23
9
17
26
7
-3
3
11
19
10
5
17
19
18
6
-4
4
4
-4
-14
1
21
22
7
-5
-4
7
7
4
-1
7
20
7
-1
3
19
12
-1
-1
-2
1
-2
-3
-7
-1
8
-2
-12
-2
4
-7
-13
-4
-8
-13
1
-3
-10
-3
0
-5
-13
-20
-19
-12
-14
-21
-8
8
3
-15
-22
-8
0
-5
-20
-23
-9
4
10
-5
-6
15
11
-13
-10
7
11
9
0
-13
4
25
2
-10
4
12
8
-4
-16
-15
2
5
-13
-16
-8
-6
-16
-24
-10
-8
-15
-11
-8
-9
-8
-11
-22
-16
-8
-14
-24
-22
-25
-36
-29
-12
-9
-19
-16
-13
-20
-20
-20
-26
-23
-8
-21
-35
-29
-13
-8
-32
-42
-27
-14
-20
-18
-18
-18
-14
-18
-27
-25
-14
-20
-14
-24
-28
-8
-5
-13
-22
-9
-6
-10
-6
-2
0
-4
-5
-10
-14
-7
-4
-9
-7
-6
-13
-19
-4
10
13
8
0
-4
-4
-1
-2
13
10
-6
-10
1
13
0
-8
6
21
4
-11
0
17
27
16
-7
-3
19
20
3
8
21
11
1
0
9
23
31
6
-2
25
31
13
6
30
36
16
1
4
27
31
13
-8
-2
19
21
5
14
34
25
1
-1
11
26
33
3
-17
5
24
12
4
17
20
0
-12
4
17
11
0
2
8
21
22
7
18
34
17
-8
3
16
14
3
-11
-3
11
11
6
9
20
14
-7
-2
12
25
26
15
11
4
4
7
6
7
14
8
1
2
15
26
11
-2
5
10
7
2
11
11
4
-2
1
13
9
6
0
-3
-9
-7
12
20
14
5
10
13
9
11
21
6
0
11
1
2
6
15
18
9
8
10
5
2
9
23
16
-12
-11
17
23
13
-4
-10
6
9
2
9
8
4
5
1
-1
7
13
1
-12
-12
2
4
-10
-2
-3
-9
-7
-6
-6
-9
-2
1
-13
-24
-8
9
-2
-9
-8
-11
-10
-6
-8
-16
-7
-11
-34
-36
-18
-1
-15
-20
-13
-15
-28
-36
-20
4
-4
-33
-30
-13
-8
-25
-28
-15
1
-11
-40
-28
-7
-9
-28
-34
-15
-4
-14
-16
-14
-17
-26
-17
-4
-8
-7
-14
-15
-6
-5
-9
-13
-12
-5
-6
-7
2
4
11
5
-10
-10
0
8
7
-9
-1
21
2
-38
-10
28
6
-14
-2
18
5
-8
-3
13
17
4
0
2
1
-9
5
15
3
-10
-2
2
0
-7
-13
10
12
-2
-4
-2
3
0
-18
-9
8
-5
-16
-2
8
-10
-15
-1
10
6
-8
-9
0
0
-6
5
2
2
-2
-17
-6
12
1
-18
1
3
-12
-9
2
8
2
-10
-15
-1
-6
0
12
1
-8
-11
1
-7
-8
20
17
-14
-26
2
19
-1
-8
2
10
-10
-7
11
11
-3
-5
17
8
-1
-1
2
13
2
-13
3
22
6
-13
1
17
-1
-12
10
16
-8
-10
5
-11
-11
11
8
-14
-17
3
4
-9
-11
6
5
-11
-5
0
3
11
17
7
7
24
13
0
9
11
4
5
-1
2
9
5
1
19
30
5
-6
7
22
14
-1
-2
18
25
-1
-8
8
21
11
3
14
20
2
-1
23
14
-7
7
18
16
14
-5
-3
10
4
-1
5
12
11
5
-6
4
9
5
18
15
10
13
15
12
8
9
14
11
0
1
13
16
1
9
23
23
22
6
4
9
0
18
29
-1
-4
11
14
-8
-7
21
12
0
-7
0
16
7
-1
13
14
9
0
-8
-5
-4
2
7
9
1
4
-6
-8
8
3
-8
-10
-5
-5
-8
-14
7
11
-23
-22
8
-1
-32
-19
1
-12
-26
-21
-3
-10
-35
-21
-8
-20
-29
-26
-11
-9
-22
-27
-15
-10
-21
-28
-22
-17
-17
-18
-17
-14
2
-4
-21
-13
-3
2
-8
-7
-1
-6
-13
4
-5
-21
11
23
4
-8
7
24
5
-19
0
22
10
2
-3
4
25
15
3
15
19
10
2
12
19
14
5
13
31
21
18
20
23
21
6
11
31
32
20
18
21
15
12
19
28
21
8
18
33
29
29
32
26
23
14
12
30
32
18
25
38
13
3
26
41
32
10
13
31
17
2
25
39
22
13
20
27
22
12
15
21
12
5
12
10
13
26
17
4
19
38
13
-10
3
18
19
-9
-20
-2
18
4
-18
-19
0
11
-18
-32
-11
1
-14
-18
-13
-13
-13
-25
-24
-15
0
-6
-24
-20
-4
-9
-23
-15
-5
-6
-7
-9
-20
-8
10
-4
-9
-3
-1
-6
-2
7
2
-4
-13
0
7
-6
-6
4
2
-5
-3
8
9
1
10
23
12
-5
7
20
10
-13
-15
9
15
-3
-6
7
2
1
-1
6
3
-5
0
2
0
-10
-7
5
2
-8
-5
-4
-3
-5
-7
-11
1
-9
-15
8
3
-2
-13
-8
2
-10
-17
-10
10
4
-13
-6
-7
-8
1
-7
-6
4
-6
-14
5
9
6
4
3
-1
3
6
5
3
-1
10
10
10
10
7
5
11
18
4
6
10
16
11
-5
-1
16
14
-1
1
14
24
7
-5
12
19
10
1
3
3
5
3
-8
3
13
9
7
13
10
2
1
-6
-3
2
4
6
-19
-27
-3
0
-4
-3
6
5
-1
-7
-19
-16
-5
3
-4
-17
-18
-15
-3
-6
-21
-15
4
-1
-18
-3
6
-11
-21
-12
2
-10
-28
-10
7
-7
-11
-7
2
7
-14
-38
-12
14
-7
-29
-21
-7
-9
-33
-34
1
4
-24
-31
-13
2
-3
-32
-30
-5
-11
-12
-19
-25
-9
-8
-25
-23
-20
-13
-10
-27
-24
-13
-10
-7
1
-8
-14
-10
-18
-27
-29
-20
6
-8
-41
-18
-11
-27
-15
3
-10
-22
-10
-10
-17
-29
-7
16
-18
-27
-8
-11
-12
-9
-18
-10
9
2
-12
-13
10
17
2
6
9
0
7
14
9
14
17
20
14
5
16
14
8
14
9
-8
4
33
20
0
14
27
18
-1
-10
-4
22
30
2
-2
20
26
4
-4
18
20
18
15
15
16
15
19
9
13
31
23
5
5
16
19
11
14
13
12
24
-3
-10
23
21
-3
-1
10
17
8
2
17
16
4
-4
5
15
17
10
3
22
19
-6
-11
13
14
0
-5
2
12
2
1
-6
-3
13
0
-15
-7
10
6
-4
4
19
13
0
0
10
20
7
0
11
21
21
6
9
14
19
10
5
18
18
14
7
14
22
20
25
21
16
27
33
18
10
18
21
18
13
19
32
21
-5
14
30
15
13
16
17
9
2
17
20
10
9
11
11
1
3
13
18
18
12
10
2
-2
9
13
7
2
3
8
12
0
-5
8
19
15
8
-5
-4
9
2
1
15
15
-5
2
14
16
13
9
20
8
-11
4
15
9
7
7
3
-2
-18
-9
10
3
-8
-8
5
-5
-18
-13
-2
2
-12
-16
-14
-18
-18
-17
-14
-18
-26
-13
-4
-14
-18
-13
-7
-4
-9
-14
-3
0
-2
-14
-11
3
5
7
3
6
30
28
0
6
31
31
-2
-8
31
38
4
6
38
32
5
13
29
23
16
17
15
-3
-1
7
3
5
6
-5
-18
-7
3
-4
-15
-9
-6
-20
-18
-6
-11
-11
-11
-10
-1
4
-4
-3
10
6
1
9
15
14
18
18
20
30
35
31
40
52
33
19
44
56
41
42
46
48
38
27
33
43
39
35
23
14
16
16
9
-1
2
-5
-21
-21
-29
-44
-32
-17
-29
-62
-71
-44
-58
-84
-62
-42
-46
-71
-81
-64
-64
-72
-67
-49
-41
-44
-42
-38
-33
-32
-17
-3
-1
-7
2
8
-3
8
31
35
26
42
62
51
26
35
53
50
38
38
58
64
37
20
32
45
25
-2
10
10
-8
-26
-30
-22
-32
-41
-45
-52
-54
-59
-76
-77
-59
-64
-82
-72
-67
-81
-80
-60
-55
-62
-50
-37
-25
-30
-21
-6
-3
17
31
34
43
63
61
53
79
111
99
92
109
132
143
116
111
137
149
134
116
129
135
117
110
97
79
69
79
77
39
26
34
24
-18
-40
-27
-20
-37
-75
-88
-70
-80
-117
-121
-95
-78
-114
-144
-119
-92
-104
-114
-88
-74
-77
-73
-69
-68
-44
-20
-23
-22
13
25
7
24
60
79
63
71
104
115
101
111
135
130
123
137
147
143
121
119
136
119
94
112
123
91
51
48
48
15
-4
7
-10
-52
-61
-56
-88
-119
-112
-122
-146
-157
-156
-151
-158
-172
-189
-180
-167
-172
-161
-150
-151
-153
-145
-110
-101
-116
-85
-51
-62
-68
-23
0
-4
9
25
38
47
52
54
82
102
94
91
111
130
125
124
131
131
129
140
133
126
127
111
106
109
105
85
72
63
51
31
4
8
0
-18
-54
-82
-77
-75
-98
-121
-118
-126
-143
-150
-140
-128
-133
-139
-133
-130
-136
-118
-95
-84
-69
-50
-36
-42
-38
-6
25
24
21
49
54
52
62
78
81
72
88
98
92
95
104
101
105
98
90
110
102
84
86
94
89
71
77
103
91
55
55
85
63
24
37
43
16
0
6
-12
-38
-36
-41
-63
-88
-92
-90
-110
-125
-135
-137
-126
-131
-155
-146
-113
-122
-145
-117
-90
-92
-87
-69
-49
-47
-48
-30
-12
-11
-7
7
29
35
16
39
71
59
37
47
75
62
49
73
85
70
62
69
78
82
70
67
78
74
65
68
72
66
64
63
62
49
36
40
37
31
32
17
-9
-3
3
-25
-51
-49
-46
-62
-74
-85
-89
-90
-89
-83
-94
-91
-72
-69
-70
-60
-48
-38
-26
-23
-23
0
14
4
25
50
53
51
48
69
85
77
84
107
88
66
67
72
73
57
45
59
39
-5
4
33
14
-30
-28
1
-26
-72
-47
-4
-30
-76
-52
-22
-54
-65
-19
-12
-64
-59
-6
-15
-49
-19
15
-9
-31
-1
25
14
6
29
51
23
16
47
59
40
32
49
36
12
29
46
31
15
26
36
10
4
26
29
6
-6
17
20
-7
-3
3
-18
-19
-18
-35
-41
-22
-41
-67
-63
-55
-63
-72
-52
-55
-72
-72
-66
-74
-87
-69
-72
-99
-90
-69
-85
-104
-81
-52
-61
-93
-71
-21
-43
-74
-36
-13
-31
-43
-25
10
-17
-43
-1
10
-29
-28
20
12
-31
-19
40
40
-9
21
57
26
19
64
74
60
73
97
89
58
93
130
109
87
113
149
112
101
160
176
128
130
176
155
137
172
186
148
118
147
160
136
137
143
134
124
129
126
103
113
123
83
60
63
56
32
3
-22
-58
-120
-143
-137
-185
-241
-233
-266
-346
-367
-344
-367
-419
-426
-425
-473
-517
-491
-452
-505
-554
-510
-482
-529
-524
-426
-382
-419
-406
-327
-298
-276
-194
-135
-120
-95
-38
-1
33
104
153
147
156
210
240
224
238
299
289
222
240
322
323
275
336
394
346
352
459
493
436
447
516
510
465
510
591
589
569
623
690
730
795
906
1009
1058
1121
1200
1245
1283
1351
1397
1386
1381
1362
1290
1257
1272
1182
1033
958
883
702
505
369
196
-76
-369
-584
-790
-1084
-1400
-1623
-1826
-2102
-2348
-2426
-2509
-2716
-2838
-2859
-2916
-2984
-2967
-2930
-2940
-2947
-2939
-2901
-2824
-2732
-2663
-2576
-2436
-2294
-2174
-2017
-1781
-1541
-1376
-1195
-859
-539
-381
-128
337
666
785
1128
1655
1932
2062
2428
2851
2962
2996
3265
3530
3512
3428
3528
3572
3377
3244
3275
3169
2857
2621
2449
2135
1760
1494
1214
754
291
-64
-389
-707
-909
-1070
-1285
-1393
-1336
-1224
-1118
-875
-533
-300
-124
207
608
900
1185
1551
1878
2036
2186
2486
2756
2837
2909
3025
2982
2778
2630
2486
2169
1755
1284
747
207
-316
-918
-1528
-2021
-2535
-3125
-3583
-3847
-4117
-4459
-4732
-4875
-5020
-5217
-5288
-5193
-5175
-5348
-5391
-5204
-5123
-5159
-4911
-4534
-4472
-4443
-4124
-3729
-3461
-3144
-2666
-2195
-1881
-1505
-865
-168
424
1031
1745
2374
2901
3509
4231
4806
5179
5521
5812
6043
6235
6363
6348
6299
6228
6021
5760
5562
5285
4808
4289
3747
3110
2407
1760
1069
242
-564
-1292
-1963
-2523
-2942
-3262
-3448
-3569
-3633
-3523
-3241
-2882
-2424
-1912
-1481
-1023
-429
179
697
1335
1974
2380
2772
3306
3745
4026
4365
4568
4525
4410
4303
4108
3739
3233
2679
2097
1363
587
9
-547
-1340
-2073
-2533
-3035
-3639
-3995
-4240
-4678
-5121
-5395
-5599
-5842
-6022
-6178
-6346
-6501
-6639
-6681
-6577
-6394
-6274
-6153
-5970
-5726
-5403
-5003
-4498
-3913
-3380
-2910
-2278
-1467
-648
157
1047
1905
2602
3323
4151
4905
5456
5944
6419
6758
6948
7170
7407
7477
7425
7359
7239
6976
6688
6376
5910
5254
4504
3751
2907
1995
1105
181
-816
-1700
-2423
-3088
-3638
-3918
-4057
-4251
-4331
-4112
-3756
-3406
-2906
-2334
-1854
-1392
-794
-94
550
1143
1758
2356
2776
3156
3683
4205
4446
4533
4679
4680
4457
4211
3989
3586
2994
2385
1804
1175
543
-14
-613
-1266
-1837
-2349
-2870
-3306
-3679
-4118
-4628
-5049
-5373
-5723
-6019
-6221
-6406
-6655
-6860
-6901
-6847
-6772
-6700
-6543
-6371
-6301
-6070
-5591
-5172
-4760
-4170
-3567
-2982
-2210
-1239
-314
570
1517
2423
3266
4114
4879
5509
6101
6614
6950
7240
7544
7721
7829
7883
7825
7723
7542
7201
6781
6360
5726
4835
3988
3160
2117
1068
155
-820
-1821
-2676
-3379
-3882
-4176
-4413
-4581
-4580
-4406
-4116
-3690
-3159
-2642
-2113
-1563
-1049
-472
253
854
1301
1826
2365
2766
3170
3621
3909
4075
4233
4289
4180
4073
3876
3467
3025
2625
2114
1517
982
422
-97
-618
-1190
-1685
-2126
-2649
-3162
-3526
-3971
-4562
-4996
-5294
-5715
-6033
-6144
-6368
-6668
-6706
-6619
-6633
-6544
-6410
-6366
-6317
-6163
-5878
-5532
-5192
-4832
-4347
-3716
-2981
-2078
-1055
-184
675
1746
2746
3582
4465
5273
5783
6238
6791
7173
7444
7725
7862
7884
7937
7922
7745
7533
7201
6715
6190
5520
4654
3790
2876
1824
876
14
-999
-2007
-2749
-3353
-3829
-4087
-4255
-4404
-4372
-4142
-3826
-3280
-2675
-2247
-1774
-1146
-567
22
700
1219
1616
2123
2617
3013
3479
3920
4123
4291
4566
4644
4568
4475
4145
3690
3291
2782
2160
1573
929
161
-432
-860
-1489
-2104
-2549
-3036
-3556
-3952
-4356
-4898
-5324
-5691
-6094
-6322
-6505
-6819
-7077
-7178
-7262
-7314
-7253
-7268
-7354
-7313
-7181
-6940
-6574
-6184
-5802
-5200
-4323
-3419
-2375
-1201
-194
792
1958
3123
4086
4941
5708
6238
6807
7435
7878
8246
8574
8764
8845
9058
9152
8962
8749
8381
7787
7129
6392
5439
4328
3192
2012
893
-129
-1273
-2346
-3160
-3831
-4365
-4657
-4793
-4993
-4974
-4686
-4299
-3788
-3250
-2762
-2289
-1687
-1023
-364
277
769
1203
1766
2302
2855
3472
3905
4126
4410
4784
4884
4885
4855
4519
4019
3577
3113
2495
1870
1249
513
-95
-544
-1075
-1597
-2078
-2553
-3039
-3490
-3924
-4444
-4917
-5415
-5886
-6170
-6429
-6736
-6997
-7155
-7248
-7252
-7206
-7268
-7345
-7327
-7268
-7111
-6825
-6468
-6091
-5616
-4909
-4024
-2963
-1816
-757
272
1360
2471
3544
4517
5245
5780
6341
6911
7354
7750
8097
8301
8453
8622
8762
8779
8666
8344
7822
7275
6626
5741
4699
3588
2363
1124
30
-1022
-2075
-2991
-3765
-4355
-4661
-4788
-4871
-4837
-4549
-4184
-3758
-3176
-2594
-2081
-1551
-965
-359
226
775
1277
1766
2277
2794
3380
3904
4258
4583
4930
5172
5224
5238
5079
4693
4244
3734
3180
2551
1872
1131
404
-179
-738
-1289
-1775
-2283
-2820
-3309
-3729
-4138
-4555
-5022
-5560
-5948
-6263
-6585
-6793
-6951
-7093
-7246
-7277
-7205
-7136
-7066
-7057
-6999
-6875
-6696
-6414
-6100
-5738
-5246
-4577
-3729
-2768
-1701
-703
295
1444
2553
3593
4479
5252
5900
6440
7044
7531
7873
8105
8237
8384
8492
8571
8502
8199
7787
7247
6678
5998
5141
4161
2979
1787
712
-253
-1232
-2219
-3027
-3719
-4187
-4394
-4509
-4505
-4410
-4192
-3829
-3309
-2684
-2177
-1653
-1062
-486
146
789
1395
1846
2287
2844
3399
3964
4414
4755
5068
5318
5532
5600
5565
5338
4835
4358
3863
3238
2541
1782
969
152
-448
-992
-1619
-2184
-2762
-3309
-3763
-4116
-4502
-5015
-5497
-5947
-6323
-6576
-6835
-7148
-7489
-7762
-7890
-7923
-7971
-8085
-8137
-8172
-8163
-7885
-7497
-7156
-6754
-6121
-5343
-4410
-3208
-2060
-1098
-15
1224
2380
3440
4409
5182
5819
6499
7178
7789
8312
8630
8866
9136
9355
9408
9368
9133
8600
8013
7431
6657
5663
4571
3331
2060
984
-19
-1110
-2117
-2963
-3712
-4233
-4469
-4597
-4746
-4769
-4617
-4279
-3795
-3304
-2830
-2325
-1765
-1146
-398
329
942
1553
2188
2808
3489
4234
4765
5139
5535
5850
6055
6198
6134
5792
5405
5030
4507
3900
3352
2665
1848
1189
657
66
-609
-1249
-1939
-2646
-3247
-3822
-4453
-5130
-5815
-6434
-6873
-7268
-7684
-8018
-8326
-8616
-8735
-8720
-8754
-8810
-8816
-8818
-8758
-8486
-8166
-7872
-7466
-6899
-6166
-5237
-4103
-2962
-1854
-675
553
1822
3071
4168
5064
5849
6621
7331
7996
8538
8845
9153
9420
9578
9741
9793
9616
9234
8856
8325
7563
6799
5824
4532
3219
2102
991
-254
-1366
-2375
-3314
-3957
-4361
-4600
-4798
-4897
-4825
-4609
-4163
-3690
-3250
-2787
-2321
-1704
-1023
-370
281
876
1469
2068
2869
3715
4297
4829
5333
5817
6222
6529
6681
6481
6158
5767
5285
4780
4113
3326
2502
1760
1097
395
-212
-907
-1699
-2379
-2997
-3540
-4188
-4922
-5675
-6356
-6812
-7289
-7724
-8075
-8482
-8778
-8871
-8839
-8903
-8970
-8935
-9043
-9080
-8919
-8756
-8617
-8401
-7957
-7372
-6535
-5400
-4292
-3147
-1883
-506
947
2307
3516
4531
5503
6409
7192
7987
8575
8984
9389
9728
10019
10290
10499
10400
10142
9929
9480
8852
8136
7126
5845
4538
3304
1942
599
-645
-1959
-3053
-3809
-4367
-4806
-5048
-5144
-5199
-4966
-4563
-4174
-3711
-3311
-2951
-2425
-1774
-1190
-643
69
720
1402
2359
3296
4103
4840
5544
6131
6660
7102
7154
6976
6680
6138
5561
4993
4297
3467
2678
1964
1259
776
252
-469
-1090
-1720
-2417
-3071
-3686
-4481
-5381
-6056
-6704
-7333
-7762
-8230
-8748
-9073
-9166
-9215
-9206
-9082
-9119
-9137
-8938
-8753
-8567
-8329
-8059
-7791
-7341
-6650
-5871
-4840
-3775
-2774
-1522
-111
1276
2558
3757
4792
5730
6790
7655
8284
8866
9236
9463
9697
9974
10090
10017
9864
9493
9104
8716
8064
7232
6223
5017
3728
2512
1307
-64
-1336
-2455
-3450
-4133
-4587
-4945
-5244
-5316
-5194
-4922
-4441
-3982
-3582
-3153
-2658
-1986
-1226
-511
139
808
1581
2363
3289
4256
5015
5667
6268
6882
7385
7664
7675
7388
6995
6510
5963
5358
4554
3617
2679
1892
1228
591
-47
-837
-1645
-2371
-3059
-3670
-4377
-5222
-6106
-6872
-7482
-8026
-8489
-8983
-9409
-9602
-9661
-9586
-9506
-9527
-9585
-9579
-9424
-9266
-9097
-8948
-8855
-8558
-7970
-7112
-6073
-4946
-3837
-2676
-1243
267
1699
2987
4024
4967
5954
6921
7710
8330
8830
9184
9627
10122
10474
10691
10669
10444
10144
9832
9402
8629
7601
6351
4991
3780
2597
1343
40
-1174
-2231
-3084
-3596
-4021
-4415
-4660
-4784
-4646
-4291
-3930
-3644
-3345
-2882
-2328
-1605
-807
-162
495
1186
2001
2969
3959
4831
5453
6070
6633
7081
7476
7554
7348
6953
6470
5951
5304
4554
3629
2708
1921
1181
570
-93
-902
-1725
-2484
-3111
-3770
-4411
-5151
-6065
-6816
-7463
-7972
-8397
-8871
-9297
-9627
-9740
-9786
-9814
-9751
-9825
-9865
-9776
-9640
-9454
-9322
-9134
-8868
-8335
-7529
-6647
-5535
-4412
-3332
-2038
-597
898
2264
3478
4551
5514
6555
7425
8179
8860
9314
9729
10125
10516
10736
10798
10764
10481
10172
9793
9113
8215
7113
5853
4528
3312
2132
774
-461
-1638
-2702
-3395
-3898
-4269
-4557
-4655
-4647
-4517
-4058
-3651
-3298
-2778
-2273
-1717
-1041
-243
458
1088
1921
2761
3711
4676
5405
6060
6653
7173
7525
7798
7841
7425
6923
6337
5612
4891
4080
3152
2222
1492
802
92
-448
-1125
-1903
-2518
-3137
-3863
-4697
-5530
-6457
-7333
-7931
-8553
-9119
-9554
-9984
-10241
-10241
-10108
-10099
-10106
-10056
-10148
-10153
-10055
-10068
-10068
-9895
-9513
-8918
-7957
-6807
-5716
-4373
-2833
-1250
451
2053
3358
4428
5557
6628
7489
8325
8948
9357
9778
10240
10684
11054
11320
11295
11182
11154
10798
10167
9393
8280
6969
5705
4482
3070
1636
281
-1128
-2197
-2902
-3548
-4121
-4510
-4771
-4889
-4597
-4190
-4012
-3695
-3242
-2857
-2311
-1625
-1028
-494
248
1064
1904
2993
3919
4602
5355
6117
6729
7225
7560
7419
7047
6747
6231
5604
5008
4180
3242
2484
1885
1242
689
156
-612
-1248
-1760
-2486
-3312
-4145
-5126
-6146
-6836
-7448
-8208
-8758
-9227
-9735
-9897
-9816
-9903
-10071
-10133
-10333
-10556
-10465
-10468
-10663
-10619
-10409
-10044
-9301
-8210
-7126
-5980
-4484
-2912
-1255
497
1950
3159
4345
5494
6517
7494
8379
8917
9416
10011
10537
11078
11536
11733
11735
11743
11607
11177
10661
9843
8619
7406
6162
4729
3232
1807
289
-1149
-2119
-2982
-3767
-4245
-4617
-4929
-4925
-4654
-4453
-4226
-3862
-3632
-3317
-2755
-2285
-1803
-1136
-361
345
1232
2329
3205
4071
5004
5791
6401
6887
7149
7044
6802
6471
5889
5264
4578
3757
3001
2341
1747
1170
701
213
-363
-846
-1484
-2237
-3014
-3917
-4833
-5683
-6440
-7291
-8078
-8660
-9220
-9533
-9658
-9859
-10075
-10228
-10347
-10575
-10659
-10691
-10958
-11027
-10792
-10427
-9824
-8891
-7787
-6704
-5250
-3517
-1904
-263
1237
2550
3806
5149
6412
7368
8312
9086
9708
10438
11179
11765
12150
12401
12514
12486
12365
11977
11276
10363
9206
7993
6667
5215
3668
2084
591
-803
-1925
-2923
-3815
-4545
-5111
-5435
-5545
-5479
-5390
-5260
-4976
-4684
-4342
-3834
-3313
-2766
-2117
-1294
-465
445
1531
2515
3470
4446
5365
6085
6650
7098
7193
7033
6821
6436
5889
5256
4613
3905
3185
2697
2243
1809
1384
882
265
-435
-1097
-1975
-3065
-4138
-5259
-6393
-7323
-8076
-8732
-9319
-9609
-9727
-9760
-9658
-9734
-9914
-10211
-10495
-10791
-11087
-11286
-11511
-11511
-11114
-10326
-9173
-7833
-6402
-4735
-2960
-1092
723
2349
3752
4945
6184
7201
8094
8947
9577
10075
10627
11283
11835
12244
12541
12564
12425
12293
11854
11102
10122
8916
7428
5926
4544
2944
1340
-123
-1454
-2586
-3454
-4109
-4688
-5052
-5184
-5234
-5086
-4866
-4707
-4558
-4347
-4008
-3656
-3159
-2669
-2065
-1301
-489
516
1545
2572
3505
4384
5213
5852
6351
6597
6526
6436
6164
5708
5183
4583
3995
3317
2955
2579
2122
1773
1308
898
363
-184
-926
-1958
-2920
-3968
-4983
-5848
-6775
-7591
-8345
-8821
-9048
-9313
-9437
-9803
-10119
-10354
-10632
-10755
-11109
-11375
-11553
-11526
-11038
-10330
-9269
-8221
-7057
-5436
-3767
-1921
-208
1266
2679
3976
5421
6590
7630
8597
9230
9916
10631
11345
11891
12182
12422
12383
12302
12190
11706
10997
9935
8750
7429
6002
4584
2927
1347
-161
-1564
-2725
-3672
-4381
-4973
-5375
-5498
-5473
-5247
-5000
-4779
-4456
-4218
-3854
-3466
-3007
-2490
-1964
-1261
-567
393
1463
2444
3449
4403
5301
5990
6587
6987
6946
6796
6480
5924
5362
4724
4111
3438
2957
2705
2389
2236
1916
1503
1088
527
-156
-1176
-2177
-3302
-4505
-5434
-6404
-7275
-8014
-8571
-8901
-9192
-9276
-9528
-9907
-10159
-10527
-10776
-11111
-11504
-11796
-11954
-11604
-11046
-10138
-9033
-7965
-6460
-4821
-3020
-1273
245
1683
2920
4398
5733
6857
7979
8783
9562
10364
11241
11940
12274
12620
12688
12645
12614
12215
11556
10547
9427
8148
6767
5494
3861
2236
731
-642
-1783
-2842
-3673
-4532
-5124
-5403
-5623
-5573
-5489
-5402
-5262
-4973
-4490
-4102
-3612
-3064
-2540
-1797
-993
-55
905
1809
2729
3581
4535
5282
5852
6304
6447
6516
6440
6260
5880
5421
4963
4377
4005
3776
3489
3140
2824
2434
1925
1469
878
-73
-1150
-2212
-3375
-4428
-5351
-6264
-7161
-7857
-8359
-8739
-8944
-9204
-9656
-10137
-10537
-10991
-11379
-11777
-12258
-12606
-12608
-12183
-11506
-10471
-9350
-8195
-6632
-4880
-3053
-1317
253
1682
3003
4510
5864
7061
8184
9018
9853
10693
11563
12278
12730
13073
13138
13179
13166
12738
12094
11145
9957
8574
7106
5671
3913
2263
628
-958
-2213
-3300
-4158
-4941
-5370
-5579
-5748
-5620
-5367
-5173
-4945
-4673
-4375
-4088
-3671
-3165
-2760
-2112
-1416
-610
352
1328
2357
3252
4219
5022
5698
6294
6552
6641
6541
6277
5859
5373
4892
4288
3795
3506
3166
2926
2721
2426
2072
1646
1144
274
-675
-1710
-2940
-4028
-5111
-6159
-7146
-7945
-8545
-9079
-9346
-9674
-10148
-10478
-10850
-11224
-11525
-11849
-12242
-12563
-12434
-12104
-11498
-10478
-9518
-8382
-6852
-5096
-3306
-1597
91
1547
3048
4695
6060
7315
8386
9252
10062
10886
11718
12259
12649
12859
12899
13010
12943
12533
11875
10954
9847
8583
7330
5921
4238
2656
1063
-385
-1604
-2612
-3567
-4449
-4941
-5291
-5443
-5385
-5295
-5252
-5098
-4786
-4459
-4116
-3725
-3315
-2872
-2226
-1506
-662
192
1031
1884
2765
3695
4441
5109
5558
5800
5974
6054
5953
5663
5326
4902
4465
4197
4002
3626
3280
2957
2566
2135
1691
1103
132
-879
-1913
-2981
-3986
-5031
-6096
-7146
-8022
-8622
-9081
-9444
-9886
-10412
-10804
-11196
-11454
-11715
-12154
-12599
-12868
-12725
-12315
-11549
-10521
-9599
-8366
-6659
-4786
-2878
-1163
489
1937
3463
5128
6439
7679
8642
9479
10354
11197
12077
12653
13044
13292
13435
13611
13442
12995
12349
11263
10067
8720
7328
5694
3880
2247
475
-1014
-2231
-3276
-4189
-4931
-5252
-5475
-5529
-5379
-5265
-5119
-4939
-4743
-4463
-4252
-3881
-3477
-2995
-2348
-1653
-695
180
1190
2269
3258
4220
5025
5807
6302
6601
6811
6682
6341
5918
5402
4852
4263
3868
3451
3035
2851
2631
2451
2123
1683
1038
125
-811
-1950
-3206
-4494
-5793
-6923
-7938
-8786
-9337
-9791
-10149
-10537
-10809
-11077
-11467
-11649
-11973
-12400
-12690
-12697
-12404
-11903
-11057
-10088
-9055
-7552
-5781
-3978
-2181
-575
1064
2640
4331
5883
7139
8300
9193
10175
11090
11840
12468
12890
13138
13266
13393
13388
12974
12394
11607
10468
9346
8072
6634
4919
3222
1610
-11
-1270
-2440
-3535
-4462
-5114
-5442
-5582
-5598
-5545
-5512
-5331
-5083
-4745
-4353
-4106
-3711
-3285
-2668
-1968
-1160
-266
496
1482
2503
3509
4441
5222
5835
6192
6497
6680
6555
6297
5868
5384
4931
4487
4210
3780
3435
3115
2785
2522
2055
1481
629
-339
-1382
-2539
-3681
-4901
-6088
-7132
-8117
-8821
-9357
-9837
-10262
-10794
-11202
-11662
-11939
-12185
-12631
-12999
-13187
-12970
-12445
-11582
-10568
-9554
-8189
-6411
-4535
-2626
-935
632
2145
3679
5299
6607
7791
8700
9602
10558
11418
12263
12849
13255
13489
13681
13752
13531
13074
12345
11201
9964
8649
7168
5475
3634
1896
121
-1311
-2541
-3627
-4513
-5222
-5565
-5708
-5669
-5507
-5283
-5087
-4944
-4643
-4235
-4019
-3653
-3222
-2840
-2315
-1531
-573
200
1197
2230
3159
4152
5093
5869
6330
6650
6826
6760
6547
6153
5573
4985
4330
3809
3341
2870
2442
2090
1864
1412
962
422
-412
-1364
-2331
-3414
-4673
-5825
-6866
-7951
-8844
-9418
-10024
-10605
-11087
-11488
-11868
-12110
-12255
-12555
-12714
-12650
-12288
-11615
-10756
-9854
-8847
-7483
-5911
-4204
-2477
-964
487
2097
3753
5264
6667
7962
8958
9935
11021
11926
12622
13132
13462
13580
13680
13655
13235
12576
11672
10516
9224
7884
6422
4753
3073
1410
-127
-1360
-2486
-3547
-4422
-5107
-5579
-5773
-5777
-5807
-5792
-5554
-5326
-5040
-4538
-4080
-3696
-3207
-2548
-1897
-1112
-179
628
1423
2321
3226
4058
4827
5423
5788
6082
6291
6309
6200
5875
5404
4977
4622
4211
3732
3345
2892
2487
2180
1767
1143
355
-487
-1490
-2493
-3488
-4626
-5779
-6801
-7634
-8272
-8801
-9293
-9869
-10400
-10904
-11404
-11720
-12151
-12656
-13057
-13115
-12764
-12087
-11102
-10162
-9072
-7489
-5664
-3779
-2009
-462
1013
2454
4067
5478
6666
7708
8480
9401
10375
11340
12090
12638
13039
13297
13599
13730
13445
12852
11897
10660
9393
8025
6470
4564
2689
844
-767
-2001
-3209
-4316
-5236
-5757
-5970
-5809
-5542
-5480
-5350
-4983
-4605
-4246
-3929
-3854
-3841
-3532
-2955
-2460
-1777
-996
-194
773
1985
3240
4225
5136
5792
6283
6767
7021
6928
6515
5918
5275
4708
4306
3744
3151
2788
2391
2274
2290
2166
1662
932
258
-703
-1645
-2681
-4073
-5492
-6723
-7650
-8418
-8994
-9465
-10173
-10723
-11130
-11479
-11637
-12009
-12450
-12861
-12876
-12397
-11644
-10629
-9849
-8950
-7463
-5726
-3921
-2296
-855
487
1955
3809
5392
6768
7950
8892
9936
10988
12086
12784
13145
13399
13533
13692
13658
13252
12498
11349
10126
8876
7547
6088
4302
2592
858
-536
-1606
-2700
-3814
-4938
-5670
-6056
-6083
-6014
-6129
-6188
-5977
-5543
-4927
-4447
-4074
-3775
-3349
-2641
-1912
-948
-223
474
1306
2221
3256
4115
4892
5302
5583
6001
6261
6367
6307
5959
5550
5128
4875
4509
3971
3507
2834
2363
1964
1555
1036
256
-510
-1356
-2113
-2919
-3961
-4988
-6052
-7050
-7760
-8428
-9049
-9784
-10478
-11084
-11630
-11782
-12120
-12601
-12959
-12986
-12548
-11799
-10785
-9908
-9009
-7631
-5945
-4165
-2453
-1095
220
1579
3222
4846
6208
7390
8262
9316
10392
11448
12351
12976
13333
13551
13803
13906
13640
13069
12131
10778
9449
8054
6610
4861
3093
1387
-220
-1395
-2387
-3259
-4221
-4972
-5393
-5475
-5434
-5442
-5533
-5543
-5336
-4951
-4550
-4336
-4014
-3672
-3070
-2329
-1387
-488
224
1097
2017
3049
3956
4759
5232
5484
5809
6155
6308
6220
5895
5369
4910
4544
4324
3891
3413
2874
2425
2187
1894
1600
942
33
-985
-1940
-2839
-3861
-4952
-6045
-7111
-7856
-8283
-8708
-9155
-9770
-10340
-11035
-11509
-11830
-12371
-12888
-13288
-13174
-12645
-11707
-10583
-9527
-8235
-6537
-4730
-2962
-1486
-132
1252
2633
4143
5361
6548
7502
8477
9604
10644
11662
12403
12950
13268
13618
13904
13804
13252
12420
11214
9899
8545
7116
5472
3599
1883
153
-1142
-2220
-3175
-4149
-5053
-5542
-5690
-5461
-5311
-5202
-5048
-4823
-4456
-3927
-3547
-3300
-3072
-2682
-2254
-1647
-721
-41
743
1637
2715
3701
4652
5589
6080
6528
6867
6922
6728
6361
5820
5170
4553
4047
3378
2851
2422
1991
1850
1634
1308
713
136
-565
-1460
-2254
-3291
-4539
-5716
-6724
-7591
-8284
-8844
-9503
-10367
-10924
-11409
-11812
-12064
-12486
-12853
-13099
-12837
-12216
-11296
-10238
-9414
-8389
-6931
-5278
-3562
-2015
-680
604
2090
3810
5204
6537
7691
8698
9777
10840
11906
12620
13210
13615
13808
13963
13866
13366
12483
11294
10057
8674
7183
5519
3709
2047
404
-844
-1958
-2998
-3974
-4841
-5354
-5630
-5522
-5448
-5591
-5660
-5541
-5172
-4639
-4211
-3886
-3677
-3183
-2481
-1578
-482
293
1040
1752
2649
3612
4551
5302
5563
5796
6111
6317
6470
6486
6138
5567
5035
4663
4074
3610
3136
2409
1820
1376
1008
440
-61
-703
-1590
-2411
-3231
-4259
-5248
-6162
-7144
-7996
-8719
-9385
-10223
-10802
-11383
-11947
-12253
-12579
-12932
-13085
-12736
-12142
-11274
-10208
-9229
-8314
-6900
-5289
-3692
-2170
-806
505
1840
3599
5138
6520
7725
8751
9716
10718
11820
12640
13269
13668
13859
13839
13792
13378
12582
11448
10116
8568
6930
5393
3643
1977
360
-1049
-2406
-3407
-4174
-4888
-5337
-5544
-5577
-5681
-5532
-5361
-5111
-4727
-4276
-3987
-3663
-3105
-2505
-1844
-1014
-116
530
1388
2279
3179
3999
4802
5372
5615
5994
6190
6298
6305
6212
5794
5277
4881
4355
3729
3220
2658
1986
1482
998
485
-83
-483
-1186
-2112
-2982
-3951
-4937
-5866
-6594
-7428
-8198
-8821
-9426
-10025
-10478
-10966
-11552
-12109
-12567
-12865
-12950
-12571
-11978
-11091
-10137
-9165
-7907
-6293
-4506
-2903
-1494
-262
1011
2552
4200
5561
6706
7667
8609
9562
10679
11790
12477
12971
13298
13557
13637
13571
13124
12095
10821
9497
7989
6389
4754
3022
1219
-437
-1698
-2967
-4012
-4857
-5547
-5998
-6083
-5837
-5747
-5539
-5171
-4688
-4071
-3474
-3129
-2905
-2541
-1929
-1280
-536
177
659
1385
2241
3257
4220
5069
5569
5751
6197
6623
6810
6780
6463
5785
5132
4712
4271
3611
3074
2418
1651
1262
1035
710
150
-396
-1195
-2109
-2837
-3676
-4728
-5707
-6589
-7469
-8117
-8580
-9101
-9745
-10212
-10794
-11333
-11705
-12141
-12583
-12767
-12431
-11870
-10982
-9931
-8988
-7888
-6265
-4482
-2858
-1460
-250
944
2377
4129
5527
6654
7559
8425
9425
10651
11884
12620
13042
13294
13481
13629
13677
13166
12107
10708
9262
7757
6303
4815
2993
1122
-637
-2012
-3211
-4070
-4841
-5616
-6172
-6369
-6240
-6086
-5753
-5430
-5084
-4689
-4179
-3774
-3276
-2694
-2094
-1512
-894
-83
638
1623
2542
3462
4288
5017
5611
5991
6454
6698
6752
6634
6358
5867
5464
5087
4608
3999
3527
2962
2219
1867
1519
1063
380
-288
-1183
-2179
-2929
-3781
-4777
-5755
-6593
-7416
-7983
-8373
-8714
-9267
-9831
-10514
-11123
-11468
-11949
-12346
-12752
-12786
-12505
-11729
-10646
-9662
-8471
-7010
-5377
-3656
-1925
-492
818
2206
3794
5069
6259
7384
8245
9185
10200
11345
12070
12701
13239
13577
13820
13882
13674
12888
11724
10460
9014
7369
5751
3937
2033
47
-1482
-2729
-3862
-4664
-5487
-6040
-6406
-6269
-5995
-5814
-5592
-5451
-5150
-4690
-4182
-3700
-3292
-2873
-2302
-1567
-554
266
1161
2077
2904
3912
4856
5745
6175
6601
6965
7036
7170
7079
6685
6083
5542
5105
4481
3917
3288
2494
1958
1460
1027
447
-271
-1050
-2009
-2739
-3641
-4632
-5560
-6573
-7412
-8101
-8579
-9033
-9521
-9909
-10404
-10815
-11153
-11603
-11960
-12260
-12468
-12503
-12127
-11309
-10463
-9419
-8179
-6767
-5142
-3469
-1750
-302
1076
2537
3986
5399
6596
7745
8708
9560
10500
11442
12234
12753
13162
13468
13567
13551
13257
12531
11494
10180
8779
7257
5696
3946
2049
348
-1225
-2514
-3598
-4561
-5467
-6075
-6263
-6237
-6053
-5827
-5659
-5382
-4880
-4376
-3887
-3464
-3034
-2606
-1889
-1049
-363
431
1305
2292
3205
4248
5191
5925
6600
7084
7449
7640
7590
7232
6776
6244
5610
4907
4318
3589
2818
2256
1739
1245
646
117
-628
-1426
-2238
-3113
-3969
-4892
-5836
-6760
-7443
-8064
-8610
-9080
-9473
-9983
-10476
-10930
-11294
-11563
-11917
-12247
-12507
-12355
-12011
-11286
-10315
-9372
-8341
-6911
-5130
-3476
-1926
-489
879
2173
3749
5230
6468
7424
8376
9511
10525
11571
12330
12907
13164
13421
13719
13730
13336
12577
11532
10236
8911
7507
5920
4019
2241
477
-947
-2046
-3078
-4071
-5003
-5462
-5795
-5837
-5694
-5644
-5742
-5710
-5316
-4844
-4517
-4172
-3751
-3256
-2540
-1647
-510
379
1258
2245
3300
4360
5190
6016
6483
6785
7044
7220
7265
7016
6582
6028
5535
5145
4630
4048
3498
2821
2184
1655
1253
565
-349
-1144
-1959
-2784
-3740
-4616
-5527
-6529
-7423
-8122
-8613
-9170
-9655
-9953
-10306
-10813
-11239
-11474
-11780
-12236
-12501
-12521
-12381
-11920
-11053
-9986
-8992
-7713
-6096
-4346
-2606
-1038
521
1982
3557
5058
6337
7539
8496
9394
10243
11205
12032
12510
12969
13365
13605
13615
13485
13154
12234
11010
9880
8583
7007
5141
3426
1711
-43
-1333
-2441
-3451
-4570
-5287
-5526
-5700
-5705
-5665
-5565
-5490
-5238
-4769
-4359
-4098
-3792
-3349
-2654
-1973
-1259
-366
535
1586
2536
3655
4672
5480
6159
6679
7241
7431
7380
7182
6880
6339
5634
5071
4560
3803
3031
2524
2093
1534
901
536
-80
-939
-1807
-2576
-3509
-4780
-5820
-6676
-7554
-8545
-9175
-9485
-9833
-10299
-10620
-10853
-11309
-11755
-12093
-12286
-12660
-12858
-12571
-11857
-10939
-10032
-8856
-7407
-5863
-4270
-2552
-942
425
1696
3311
4853
6084
7200
8248
9401
10286
11194
12102
12895
13427
13636
13983
14170
13797
13092
12281
11228
9772
8201
6955
5330
3489
1820
478
-651
-1982
-2887
-3663
-4379
-5006
-5275
-5150
-5334
-5592
-5577
-5387
-5310
-5155
-4729
-4223
-3859
-3186
-2273
-1295
-319
637
1796
2819
3814
4664
5478
6083
6370
6620
6768
6769
6570
6268
5821
5382
4932
4507
4014
3590
3003
2262
1909
1508
786
-137
-788
-1624
-2957
-4062
-4920
-6034
-7290
-8107
-8546
-9058
-9605
-9788
-9923
-10258
-10856
-11256
-11405
-11943
-12537
-12800
-12662
-12476
-12014
-10860
-9721
-8742
-7389
-5640
-3697
-2131
-605
1137
2667
4117
5322
6758
7845
8439
9384
10393
11255
11791
12493
13173
13360
13611
13790
13533
12970
11983
10866
9578
8182
6694
4889
3345
1544
-175
-1416
-2427
-3417
-4515
-4982
-5182
-5380
-5437
-5397
-5279
-5268
-5274
-4817
-4370
-4284
-4151
-3454
-2413
-1994
-1136
104
1040
1693
2613
4027
4740
5262
5874
6427
6670
6596
6641
6548
6090
5459
5024
4675
4123
3419
2990
2385
1747
1288
763
89
-773
-1422
-2349
-3241
-3965
-4916
-5955
-6880
-7564
-8257
-8884
-9281
-9628
-10115
-10529
-10983
-11271
-11563
-11999
-12241
-12348
-12159
-11752
-10831
-9813
-8919
-7599
-6089
-4528
-2939
-1329
100
1337
2898
4522
5734
6847
7906
8918
9800
10620
11572
12257
12716
13062
13403
13625
13307
12856
12223
11114
9797
8383
6982
5203
3467
1956
344
-895
-1912
-2762
-3642
-4304
-4594
-4925
-5005
-5010
-5139
-5277
-5314
-5033
-4684
-4445
-4113
-3619
-2843
-2152
-1309
-99
891
1763
2658
3785
4654
5186
5786
6099
6251
6239
6190
6128
5785
5364
4916
4572
4313
3885
3549
3147
2646
2210
1691
1124
285
-616
-1604
-2717
-3667
-4714
-5774
-6683
-7451
-8117
-8700
-9009
-9249
-9630
-10012
-10469
-10923
-11415
-11879
-12222
-12598
-12785
-12614
-11945
-11008
-10096
-8947
-7393
-5841
-4201
-2381
-673
770
2160
3894
5293
6422
7446
8476
9375
10007
10906
11705
12297
12637
13060
13479
13417
13028
12656
11953
10738
9398
8099
6670
4762
3153
1596
-11
-1451
-2570
-3378
-4386
-4962
-5223
-5334
-5439
-5491
-5416
-5380
-5225
-4875
-4552
-4180
-3658
-3123
-2401
-1684
-643
254
1117
2216
3228
4193
4807
5659
6305
6534
6670
6739
6670
6249
5878
5558
5032
4493
4152
3760
3320
2847
2496
1945
1290
752
30
-783
-1808
-2720
-3743
-4908
-5872
-6597
-7307
-8211
-8823
-9015
-9278
-9717
-9908
-10154
-10728
-11351
-11593
-11950
-12585
-12800
-12567
-12061
-11409
-10303
-9045
-7751
-6222
-4381
-2488
-954
476
2007
3709
5024
6202
7410
8391
9107
9865
10920
11702
12275
12748
13231
13537
13607
13394
12933
12173
10957
9630
8311
6978
5140
3345
1745
209
-1158
-2309
-3191
-4224
-4960
-5400
-5536
-5504
-5544
-5609
-5506
-5253
-4996
-4547
-4091
-3750
-3460
-2636
-1732
-998
-172
706
1675
2539
3597
4519
5334
5937
6177
6487
6784
6788
6400
6019
5628
4926
4300
4019
3640
3058
2510
2245
1997
1521
1047
498
-108
-1091
-2165
-2962
-3989
-5305
-6450
-7135
-7901
-8704
-9038
-9178
-9507
-9907
-10121
-10332
-10711
-11162
-11608
-12022
-12283
-12402
-12050
-11261
-10481
-9709
-8461
-6703
-5140
-3446
-1618
47
1464
2933
4653
6059
7146
7940
8850
9816
10574
11203
11924
12565
12730
12941
13322
13407
12908
12215
11419
10410
9138
7789
6346
4677
2923
1150
-157
-1347
-2586
-3797
-4639
-5141
-5568
-5636
-5661
-5706
-5790
-5674
-5272
-4879
-4636
-4363
-3855
-3194
-2551
-1663
-590
145
904
1991
3219
3960
4630
5554
6142
6317
6465
6880
6821
6230
5728
5530
5159
4391
3844
3664
3295
2630
2270
2163
1713
892
309
-292
-1204
-2324
-3389
-4365
-5506
-6509
-7326
-7934
-8498
-8918
-9115
-9255
-9443
-9813
-10143
-10546
-11035
-11443
-11854
-12273
-12484
-12273
-11699
-11035
-10146
-8896
-7268
-5588
-3988
-2056
-171
1355
2601
4139
5758
6723
7411
8341
9412
10099
10612
11429
12311
12673
12836
13266
13700
13464
12751
12143
11376
10191
8644
7285
5660
3715
1925
496
-764
-2254
-3402
-4277
-5000
-5618
-5830
-5832
-6089
-6256
-6050
-5688
-5648
-5463
-4919
-4360
-4019
-3340
-2252
-1322
-657
243
1721
2890
3689
4565
5677
6396
6580
6952
7367
7336
6774
6461
6311
5864
5217
4689
4388
3954
3488
3180
2997
2513
1771
1145
498
-528
-1781
-2878
-4045
-5349
-6413
-7070
-7716
-8378
-8834
-8947
-9031
-9351
-9670
-10003
-10382
-11124
-11740
-12053
-12475
-12965
-13251
-12913
-12437
-11725
-10524
-9087
-7444
-5696
-3754
-1702
29
1539
2966
4336
5613
6605
7720
8566
9256
10129
11032
11857
12416
13225
13820
13961
14092
14242
14071
13194
12108
11122
9812
8050
6119
4377
2668
705
-958
-2168
-3171
-4333
-5364
-5808
-6173
-6548
-6794
-6834
-6816
-6915
-6886
-6659
-6266
-5769
-5328
-4634
-3561
-2380
-1305
-203
1233
2616
3821
4934
6063
7061
7506
7756
8070
8327
8159
7715
7482
7236
6757
6213
5794
5369
4811
4226
3754
3305
2756
1933
919
-37
-1142
-2393
-3766
-5067
-6264
-7426
-8329
-9041
-9539
-9987
-10307
-10362
-10395
-10574
-10837
-11113
-11532
-12014
-12350
-12646
-13151
-13513
-13449
-13037
-12332
-11169
-9540
-7969
-6232
-4143
-1868
185
1728
3257
4738
6012
6977
7957
8989
9583
10076
10885
11945
12759
13373
14038
14608
14930
15085
14927
14369
13446
12180
10727
9055
7385
5349
3158
1107
-621
-1985
-3438
-4673
-5713
-6420
-7077
-7584
-7597
-7638
-7942
-8147
-7793
-7293
-7003
-6541
-5716
-4927
-4035
-2865
-1421
-54
1135
2497
3919
5446
6618
7560
8397
8890
9190
9364
9497
9283
8832
8377
7883
7380
6828
6102
5275
4553
3895
3214
2554
1832
719
-574
-1693
-2847
-4197
-5535
-6813
-8084
-9112
-9779
-10294
-10778
-11107
-11340
-11402
-11256
-11161
-11312
-11564
-11717
-11982
-12206
-12297
-12483
-12751
-12849
-12461
-11571
-10405
-9092
-7669
-5907
-3838
-1870
193
2103
3643
4832
6142
7648
8614
9435
10123
10816
11451
12105
13058
13848
14381
14572
14848
15232
15185
14583
13766
12654
11091
9225
7475
5618
3231
928
-1102
-2602
-4036
-5365
-6412
-7361
-7978
-8480
-8461
-8222
-8231
-8310
-8133
-7588
-6999
-6397
-5670
-4940
-4087
-2902
-1414
269
1795
3288
4781
6386
8020
9307
10262
10793
11035
11147
11074
10753
10137
9259
8262
7265
6569
5922
5004
4104
3388
2808
2067
1317
464
-815
-2381
-3828
-5020
-6332
-7858
-9270
-10307
-11217
-11862
-12068
-12014
-12104
-12246
-11851
-11282
-10931
-10904
-10880
-10978
-11371
-11637
-11753
-11912
-12319
-12448
-11927
-10916
-9705
-8246
-6515
-4653
-2632
-511
1742
3640
5169
6377
7590
8824
9671
10363
10805
11288
11761
12341
13095
13726
14201
14422
14655
14894
14851
14280
13243
11847
10104
8003
5931
3770
1286
-1141
-3339
-5005
-6419
-7464
-8251
-8952
-9184
-9086
-8643
-8137
-7698
-7319
-7029
-6476
-5726
-4997
-4264
-3569
-2619
-1387
92
1843
3564
5339
6920
8548
10305
11530
12248
12556
12649
12352
11602
10874
9827
8463
7083
5909
5052
4039
3157
2443
1765
1101
363
-155
-985
-2275
-3609
-4832
-6148
-7739
-9155
-10381
-11615
-12494
-12793
-12821
-12759
-12568
-12082
-11482
-10807
-10160
-9908
-9782
-9918
-10161
-10475
-10885
-11325
-11823
-11821
-11370
-10340
-8912
-7299
-5480
-3305
-761
1601
3794
5670
7190
8287
9405
10401
10893
11192
11336
11657
11972
12480
12992
13380
13753
13990
14222
14268
14047
13196
11834
10162
8258
6090
3781
1327
-1219
-3488
-5489
-6950
-8091
-8871
-9417
-9640
-9338
-8922
-8181
-7443
-6878
-6472
-5951
-5024
-4299
-3645
-2905
-2071
-953
409
2194
3995
5613
7236
8779
10368
11640
12349
12667
12566
12145
11416
10536
9534
8088
6672
5443
4373
3478
2528
1699
743
44
-537
-1314
-2120
-3211
-4348
-5659
-6871
-7982
-9194
-10369
-11443
-12199
-12584
-12611
-12533
-12305
-12005
-11564
-10947
-10221
-9679
-9571
-9577
-9734
-9889
-10109
-10325
-10592
-10800
-10486
-9762
-8503
-6872
-5113
-3292
-1075
1401
3648
5583
7127
8386
9278
10244
11016
11385
11534
11533
11802
12080
12517
12830
13020
13195
13159
13161
12881
12270
11128
9560
7841
5848
3733
1578
-676
-2812
-4731
-6306
-7395
-8134
-8486
-8767
-8726
-8320
-7788
-7006
-6307
-5606
-5001
-4314
-3472
-2684
-1699
-807
92
1232
2670
4301
5682
7071
8402
9467
10498
11320
11815
11793
11357
10817
10081
9187
8042
6721
5436
4105
2913
1866
930
78
-816
-1528
-2181
-2793
-3491
-4457
-5468
-6572
-7709
-8799
-9762
-10630
-11461
-12072
-12258
-12184
-11938
-11505
-11063
-10486
-9879
-9210
-8760
-8644
-8695
-8967
-9151
-9364
-9541
-9682
-9684
-9186
-8225
-6810
-5064
-3272
-1412
650
2769
4779
6320
7523
8479
9197
9829
10151
10395
10394
10357
10540
10789
11190
11409
11651
11810
11818
11763
11315
10617
9486
7931
6224
4373
2472
397
-1668
-3427
-5036
-6323
-7177
-7634
-7759
-7766
-7478
-6986
-6283
-5419
-4704
-4001
-3418
-2875
-2200
-1511
-716
-40
730
1771
2933
4407
5724
6971
8225
9335
10372
10995
11395
11316
10710
9954
9012
7897
6478
4983
3547
2151
1095
199
-562
-1145
-1693
-2072
-2490
-2900
-3421
-4293
-5292
-6478
-7690
-8741
-9737
-10606
-11329
-11794
-11812
-11507
-10913
-10265
-9607
-8857
-8192
-7548
-7112
-6945
-7166
-7567
-7829
-8102
-8322
-8557
-8584
-8181
-7327
-5987
-4365
-2720
-1075
730
2587
4448
5833
6780
7523
8028
8483
8601
8760
8780
8662
8794
9030
9564
9919
10223
10485
10698
10920
10685
10222
9363
8060
6496
4694
2875
954
-1072
-2836
-4370
-5532
-6219
-6639
-6664
-6522
-6115
-5469
-4727
-3778
-3063
-2594
-2262
-1919
-1472
-1146
-724
-334
142
982
2042
3432
4792
6153
7525
8670
9798
10587
10921
10784
10211
9429
8391
7128
5654
4071
2552
1194
112
-662
-1261
-1700
-2098
-2376
-2505
-2721
-3117
-3822
-4613
-5542
-6742
-7838
-8811
-9737
-10620
-11262
-11284
-11007
-10525
-9823
-9073
-8164
-7330
-6523
-5854
-5457
-5429
-5857
-6303
-6731
-7187
-7745
-8195
-8161
-7681
-6795
-5527
-4019
-2434
-710
1038
2852
4397
5380
6055
6423
6869
7071
7093
7143
7053
7253
7519
8073
8746
9358
9996
10457
10941
11117
10882
10273
9221
7814
6188
4427
2654
765
-946
-2320
-3548
-4240
-4653
-4702
-4596
-4417
-3925
-3509
-2976
-2595
-2453
-2320
-2306
-2239
-2185
-1974
-1554
-1198
-475
615
2023
3487
4782
6224
7402
8444
9227
9569
9597
9044
8179
7148
6001
4720
3249
1950
965
156
-471
-886
-1014
-1104
-1249
-1333
-1503
-1756
-2433
-3432
-4454
-5569
-6733
-7952
-8935
-9622
-10181
-10357
-10066
-9454
-8643
-7855
-7050
-6188
-5390
-4855
-4713
-4842
-5300
-6029
-6827
-7528
-8248
-8973
-9366
-9275
-8608
-7514
-6152
-4715
-3095
-1290
373
1943
3107
3970
4496
4885
5367
5582
5919
6065
6287
6841
7574
8533
9382
10320
11082
11675
12162
12331
12065
11363
10175
8643
7032
5338
3562
1619
20
-1438
-2608
-3321
-3821
-3961
-4090
-3953
-3718
-3366
-2807
-2620
-2590
-2617
-2661
-2663
-2740
-2622
-2461
-2119
-1363
-370
1009
2484
3934
5296
6642
7869
8603
9007
9020
8525
7633
6557
5345
4021
2645
1457
493
-171
-496
-717
-698
-563
-402
-406
-504
-816
-1474
-2297
-3373
-4527
-5741
-6867
-7890
-8714
-9142
-9209
-8964
-8436
-7608
-6721
-5853
-5081
-4451
-4068
-4123
-4577
-5345
-6236
-7237
-8302
-9331
-10124
-10556
-10529
-9919
-8866
-7460
-5984
-4297
-2423
-570
1102
2346
3353
4059
4687
5101
5437
5789
5963
6294
6858
7827
8878
9946
11019
11989
12833
13433
13658
13372
12600
11251
9588
7695
5738
3609
1520
-345
-2019
-3191
-3957
-4268
-4398
-4276
-3943
-3627
-3226
-2901
-2803
-2976
-3330
-3702
-3960
-4118
-4132
-4000
-3508
-2672
-1571
-112
1564
3250
4711
6074
7274
8085
8524
8464
7925
7100
6014
4839
3632
2516
1535
710
346
256
379
673
1018
1257
1335
1320
999
350
-599
-1829
-3299
-4668
-5900
-7028
-7914
-8433
-8519
-8338
-7699
-6883
-6041
-5298
-4806
-4401
-4258
-4441
-5145
-6122
-7231
-8488
-9624
-10565
-11328
-11903
-11960
-11443
-10347
-8809
-7014
-5177
-3288
-1245
539
2103
3278
4105
4609
5063
5628
6052
6584
7097
7865
8821
9940
11148
12299
13344
13996
14405
14451
14104
13187
11797
10056
7991
5881
3792
1789
6
-1514
-2752
-3565
-4013
-4136
-4173
-4081
-3927
-3885
-3843
-3885
-4045
-4367
-4781
-5078
-5237
-5190
-4883
-4378
-3487
-2454
-1108
504
2134
3759
5059
6267
7066
7528
7677
7346
6712
5799
4859
3893
3042
2386
1894
1572
1597
1800
2092
2450
2666
2721
2416
1968
1242
172
-1074
-2584
-4017
-5293
-6375
-7139
-7694
-7884
-7834
-7526
-6882
-6305
-5759
-5389
-5226
-5186
-5368
-5794
-6611
-7610
-8684
-9841
-10747
-11366
-11850
-11965
-11607
-10676
-9319
-7570
-5521
-3708
-1774
159
1890
3505
4611
5499
6057
6607
7231
7634
8247
8718
9310
10093
10961
11955
12766
13485
13794
13808
13631
13006
11937
10527
8698
6674
4640
2750
992
-744
-2000
-3125
-3885
-4247
-4423
-4384
-4467
-4353
-4360
-4413
-4408
-4620
-4883
-5226
-5448
-5494
-5383
-4934
-4318
-3483
-2334
-1062
481
2020
3469
4756
5710
6470
6820
6961
6733
6094
5409
4580
3840
3196
2734
2472
2181
2246
2465
2636
2834
2804
2547
1975
1229
300
-982
-2334
-3746
-5183
-6327
-7247
-7794
-8109
-8249
-7996
-7684
-7047
-6483
-6031
-5617
-5646
-5657
-5902
-6289
-6958
-7889
-8676
-9588
-10273
-10611
-10736
-10595
-10126
-9168
-7721
-6033
-4084
-2173
-469
1363
2918
4375
5482
6169
6679
6815
7305
7680
8051
8549
8949
9718
10426
11341
12236
12801
13137
13035
12804
12308
11291
10005
8371
6546
4756
2974
1554
91
-1151
-2058
-2864
-3160
-3394
-3494
-3625
-3815
-3858
-4130
-4293
-4463
-4863
-5150
-5419
-5391
-5166
-4864
-4141
-3399
-2331
-1127
138
1631
2796
3954
4813
5473
6000
6098
6125
5799
5339
4835
4224
3829
3394
3041
2740
2517
2526
2378
2219
2013
1593
982
159
-724
-1741
-2973
-4179
-5346
-6376
-7101
-7681
-7887
-7949
-7759
-7422
-7079
-6496
-6179
-5937
-5969
-6120
-6342
-6797
-7228
-7796
-8286
-8802
-9162
-9252
-9118
-8885
-8521
-7808
-6866
-5688
-4375
-2851
-1455
-211
1154
2426
3576
4427
5099
5679
6110
6708
7276
7854
8466
8987
9665
10380
11124
11672
11961
12131
12039
11701
11130
10314
9286
7934
6447
5119
3771
2498
1209
114
-771
-1658
-2240
-2728
-3130
-3546
-3965
-4185
-4422
-4622
-4773
-4939
-4948
-4993
-4908
-4600
-4196
-3574
-3049
-2213
-1194
-163
951
1999
3131
3964
4666
5227
5622
5840
5745
5498
5154
4748
4265
3791
3369
2993
2500
2132
1845
1576
1249
789
368
-235
-857
-1613
-2329
-3062
-3984
-4813
-5534
-6009
-6470
-6851
-7017
-7104
-7128
-7056
-6797
-6477
-6360
-6333
-6281
-6215
-6215
-6486
-6755
-7154
-7629
-8020
-8251
-8156
-8139
-7916
-7354
-6458
-5209
-3909
-2458
-1057
273
1604
2834
4065
4954
5464
5916
6363
6863
7221
7617
8071
8437
8940
9569
10350
11048
11420
11606
11632
11498
11079
10263
9227
7854
6233
4674
3221
1867
447
-829
-1829
-2602
-3081
-3394
-3576
-3731
-3973
-4119
-4142
-4138
-4280
-4618
-4866
-5036
-5113
-4998
-4694
-4265
-3754
-3012
-1962
-748
521
1737
2790
3793
4602
5267
5724
5829
5639
5153
4689
4216
3729
3288
2832
2485
2271
2199
2264
2299
2164
1840
1377
937
318
-472
-1368
-2438
-3510
-4574
-5380
-6027
-6618
-7038
-7403
-7438
-7232
-6958
-6609
-6390
-6207
-6197
-6243
-6191
-6395
-6770
-7306
-7829
-8168
-8423
-8437
-8378
-8138
-7649
-6941
-5752
-4343
-2872
-1443
-138
1261
2514
3618
4557
5075
5446
5638
5974
6470
6872
7403
7833
8546
9373
10181
11072
11663
12018
11978
11798
11441
10677
9603
8217
6633
5041
3522
2169
960
-232
-1215
-2047
-2463
-2697
-2998
-3254
-3612
-3898
-4293
-4630
-4917
-5401
-5933
-6477
-6740
-6714
-6592
-6246
-5690
-4846
-3727
-2430
-869
639
2000
3192
4192
5106
5728
6028
6029
5827
5560
5166
4831
4610
4364
4170
4030
4072
4180
4221
4207
4012
3659
3065
2248
1283
156
-1168
-2573
-3940
-5134
-6161
-7011
-7505
-7841
-7955
-7873
-7632
-7242
-6908
-6586
-6438
-6393
-6414
-6598
-6794
-7034
-7350
-7661
-7886
-7873
-7701
-7421
-6880
-6304
-5578
-4669
-3636
-2417
-1349
-259
663
1533
2528
3297
4079
4641
5146
5671
6193
6955
7621
8270
8826
9387
10038
10572
10963
11175
11102
10758
10259
9636
8897
7831
6673
5390
4125
3028
1958
1015
-4
-927
-1822
-2597
-3211
-3874
-4617
-5382
-6051
-6645
-7110
-7435
-7612
-7832
-7827
-7536
-7000
-6197
-5349
-4342
-3276
-2075
-786
473
1722
2717
3526
4278
4937
5500
5900
6202
6369
6429
6519
6614
6704
6675
6497
6244
5983
5674
5184
4507
3665
2649
1523
375
-770
-1954
-3152
-4247
-5178
-5839
-6322
-6683
-6954
-7146
-7221
-7248
-7182
-7136
-7156
-7230
-7285
-7236
-7184
-7108
-7014
-6852
-6578
-6262
-5816
-5336
-4932
-4583
-4230
-3812
-3480
-3187
-2877
-2534
-2077
-1475
-734
105
951
1878
2878
3890
4914
5709
6471
7106
7676
8167
8487
8798
8884
8973
8965
8957
8908
8717
8471
8099
7743
7218
6581
5833
4963
3918
2826
1758
616
-584
-1811
-2879
-3926
-4816
-5619
-6308
-6803
-7192
-7280
-7225
-6966
-6647
-6268
-5660
-5024
-4298
-3625
-2950
-2232
-1500
-619
229
1105
1984
2828
3744
4680
5594
6363
6947
7436
7772
7923
7914
7650
7205
6548
5776
5010
4174
3345
2430
1574
822
125
-485
-1090
-1689
-2319
-2937
-3529
-4099
-4667
-5215
-5821
-6376
-6792
-7132
-7317
-7439
-7403
-7248
-6951
-6467
-5916
-5274
-4662
-4108
-3615
-3203
-2845
-2598
-2527
-2576
-2751
-2936
-3094
-3240
-3267
-3318
-3247
-2995
-2522
-1786
-990
-67
803
1604
2473
3237
3964
4432
4649
4769
4813
4997
5106
5174
5206
5229
5366
5574
5868
6095
6142
6006
5810
5503
5102
4472
3641
2662
1567
609
-327
-1115
-1892
-2637
-3199
-3580
-3697
-3755
-3755
-3713
-3667
-3538
-3314
-3056
-2827
-2696
-2532
-2302
-1984
-1507
-1041
-477
166
907
1732
2550
3431
4149
4700
5127
5377
5496
5422
5232
4891
4403
3939
3469
3084
2723
2363
2076
1766
1535
1358
1180
904
490
45
-504
-1070
-1616
-2204
-2814
-3433
-3883
-4165
-4305
-4254
-4171
-4009
-3777
-3418
-2963
-2574
-2219
-2067
-2003
-1927
-1907
-1970
-2182
-2399
-2654
-2888
-2956
-2970
-3014
-3114
-3230
-3261
-3266
-3240
-3262
-3400
-3484
-3532
-3402
-3136
-2848
-2504
-2200
-1705
-1053
-332
374
935
1513
2019
2506
2995
3388
3651
3738
3805
3898
3977
4054
4048
3936
3820
3716
3649
3581
3451
3225
2887
2603
2349
2068
1722
1328
875
371
-52
-416
-730
-1056
-1368
-1622
-1726
-1628
-1467
-1257
-1048
-831
-618
-360
-15
229
378
453
523
674
833
1053
1228
1346
1500
1709
2050
2418
2701
2890
2977
3041
3119
3124
3012
2709
2346
1955
1612
1395
1132
837
504
297
231
256
370
401
364
296
248
203
84
-183
-590
-1050
-1443
-1732
-1958
-2127
-2315
-2469
-2536
-2493
-2402
-2388
-2478
-2693
-2968
-3267
-3621
-4081
-4650
-5313
-5981
-6528
-6929
-7171
-7296
-7281
-7084
-6659
-5941
-5097
-4232
-3405
-2594
-1805
-1101
-425
82
431
688
902
1185
1512
1884
2267
2664
3125
3691
4325
4961
5476
5870
6164
6305
6386
6286
6004
5519
4920
4370
3805
3306
2804
2331
1916
1563
1318
1102
880
588
217
-132
-445
-786
-1178
-1633
-2038
-2349
-2547
-2607
-2592
-2440
-2180
-1775
-1214
-592
44
585
1101
1572
1935
2236
2381
2401
2350
2286
2232
2169
2163
2163
2180
2329
2559
2819
3076
3269
3419
3496
3522
3433
3182
2828
2369
1897
1400
921
454
-21
-468
-849
-1132
-1398
-1685
-1962
-2196
-2449
-2703
-2931
-3190
-3513
-3891
-4270
-4688
-5107
-5530
-5994
-6395
-6720
-6957
-7146
-7290
-7341
-7356
-7289
-7145
-6945
-6692
-6381
-5962
-5439
-4842
-4200
-3538
-2863
-2148
-1435
-700
9
682
1351
1994
2636
3234
3834
4375
4859
5322
5738
6173
6585
6932
7183
7361
7469
7439
7292
7070
6691
6157
5552
4910
4235
3520
2812
2058
1298
610
-46
-630
-1155
-1638
-2088
-2463
-2697
-2845
-2917
-2954
-2959
-2878
-2730
-2512
-2216
-1889
-1575
-1266
-880
-416
29
471
863
1210
1576
1963
2369
2719
3057
3349
3608
3915
4225
4493
4665
4794
4878
4938
5007
4997
4850
4580
4229
3823
3367
2869
2330
1721
1108
536
21
-458
-981
-1535
-2133
-2720
-3262
-3771
-4251
-4754
-5235
-5682
-6059
-6367
-6664
-6987
-7345
-7649
-7892
-8050
-8117
-8142
-8178
-8200
-8141
-8010
-7829
-7634
-7430
-7208
-6897
-6448
-5855
-5160
-4406
-3614
-2802
-1866
-864
159
1133
1988
2795
3558
4326
5025
5618
6087
6420
6725
7012
7297
7525
7650
7702
7698
7681
7654
7527
7260
6837
6309
5740
5127
4459
3679
2824
1948
1122
399
-282
-931
-1539
-2086
-2493
-2729
-2842
-2947
-3039
-3046
-2989
-2865
-2667
-2462
-2293
-2088
-1779
-1379
-916
-424
20
451
953
1503
2065
2597
3079
3478
3866
4276
4645
4964
5164
5283
5384
5489
5570
5597
5567
5417
5179
4899
4545
4086
3510
2825
2063
1295
525
-259
-1053
-1861
-2644
-3400
-4067
-4646
-5209
-5712
-6150
-6536
-6845
-7083
-7286
-7481
-7670
-7850
-8024
-8156
-8263
-8385
-8473
-8509
-8518
-8496
-8344
-8096
-7814
-7464
-7064
-6569
-5987
-5312
-4570
-3805
-2995
-2157
-1271
-355
550
1407
2195
2937
3624
4274
4909
5481
5983
6444
6857
7256
7641
7981
8218
8377
8471
8476
8430
8288
8018
7620
7116
6553
5920
5234
4498
3690
2847
2019
1224
476
-230
-903
-1558
-2156
-2659
-3059
-3358
-3603
-3778
-3876
-3855
-3715
-3478
-3148
-2814
-2441
-1988
-1482
-939
-391
161
662
1159
1710
2267
2832
3356
3813
4235
4661
5106
5494
5825
6064
6186
6245
6234
6146
5924
5521
4982
4322
3619
2887
2089
1254
368
-504
-1315
-2056
-2755
-3454
-4121
-4764
-5353
-5854
-6297
-6727
-7133
-7495
-7793
-8000
-8121
-8215
-8282
-8286
-8245
-8133
-7957
-7736
-7517
-7313
-7079
-6818
-6523
-6222
-5927
-5647
-5353
-5008
-4600
-4135
-3633
-3075
-2456
-1749
-962
-106
770
1618
2470
3299
4096
4859
5535
6131
6633
7073
7480
7805
8081
8284
8405
8457
8436
8359
8200
7972
7643
7208
6711
6142
5500
4790
4004
3182
2339
1496
693
-73
-777
-1442
-2056
-2575
-3015
-3377
-3682
-3898
-4052
-4151
-4141
-4035
-3841
-3589
-3279
-2888
-2468
-1963
-1376
-773
-146
486
1145
1811
2474
3121
3692
4210
4656
5033
5332
5536
5688
5725
5664
5555
5387
5173
4862
4478
4030
3506
2946
2323
1646
885
58
-789
-1665
-2529
-3385
-4203
-4962
-5656
-6253
-6746
-7120
-7384
-7576
-7688
-7699
-7623
-7489
-7312
-7100
-6873
-6619
-6351
-6074
-5792
-5527
-5253
-4975
-4684
-4358
-4019
-3662
-3309
-2946
-2574
-2211
-1823
-1460
-1109
-766
-414
-21
416
884
1358
1860
2363
2886
3425
3982
4500
4957
5374
5714
6012
6245
6379
6416
6374
6274
6132
5959
5770
5532
5261
4994
4728
4427
4086
3705
3250
2734
2171
1578
946
280
-395
-1047
-1657
-2197
-2643
-3006
-3272
-3447
-3482
-3402
-3246
-3014
-2727
-2378
-2005
-1594
-1170
-770
-367
41
459
870
1272
1690
2099
2524
2944
3355
3779
4147
4462
4735
4940
5045
5022
4900
4664
4328
3911
3388
2796
2155
1465
753
43
-654
-1381
-2092
-2751
-3368
-3916
-4431
-4898
-5308
-5653
-5921
-6141
-6282
-6364
-6410
-6385
-6280
-6095
-5859
-5573
-5226
-4851
-4430
-3986
-3521
-3056
-2618
-2190
-1794
-1411
-1063
-784
-574
-427
-316
-262
-267
-291
-334
-362
-358
-312
-195
-58
138
394
668
959
1229
1495
1736
1944
2139
2294
2427
2527
2600
2684
2778
2877
2962
3044
3140
3235
3318
3381
3412
3400
3329
3197
3032
2821
2562
2242
1908
1569
1199
848
502
185
-115
-415
-655
-860
-1026
-1165
-1264
-1294
-1298
-1261
-1195
-1080
-904
-725
-513
-261
5
283
559
849
1138
1422
1700
1951
2191
2421
2625
2777
2890
2970
2995
2961
2881
2746
2554
2315
2038
1727
1354
961
555
111
-358
-817
-1256
-1702
-2141
-2547
-2927
-3251
-3543
-3793
-3991
-4152
-4242
-4277
-4224
-4114
-3939
-3685
-3374
-3014
-2662
-2312
-1949
-1617
-1326
-1061
-843
-675
-563
-477
-413
-372
-356
-392
-450
-519
-615
-742
-904
-1076
-1267
-1465
-1645
-1822
-1965
-2062
-2106
-2070
-1965
-1797
-1547
-1232
-887
-536
-166
201
515
797
1028
1237
1420
1576
1733
1890
2107
2351
2606
2890
3184
3485
3753
3984
4175
4275
4285
4173
3967
3683
3304
2858
2333
1801
1264
737
261
-158
-512
-800
-1008
-1133
-1196
-1225
-1217
-1165
-1097
-1049
-989
-923
-865
-788
-686
-554
-388
-175
93
394
742
1121
1495
1873
2223
2527
2762
2916
2990
2955
2828
2619
2337
1996
1609
1201
775
371
3
-342
-638
-898
-1127
-1324
-1512
-1675
-1824
-1957
-2076
-2192
-2269
-2328
-2344
-2329
-2292
-2195
-2076
-1940
-1803
-1652
-1497
-1370
-1251
-1155
-1093
-1073
-1078
-1104
-1155
-1234
-1322
-1415
-1497
-1556
-1612
-1679
-1740
-1795
-1857
-1928
-2008
-2082
-2140
-2196
-2244
-2248
-2205
-2116
-2004
-1855
-1664
-1433
-1145
-846
-549
-232
120
473
820
1147
1481
1835
2159
2454
2721
2990
3224
3412
3569
3684
3749
3757
3698
3580
3407
3186
2921
2611
2262
1879
1518
1159
815
484
187
-65
-320
-533
-703
-840
-966
-1073
-1136
-1160
-1140
-1081
-1000
-884
-717
-506
-267
-1
284
573
885
1191
1473
1727
1966
2165
2275
2322
2306
2237
2113
1958
1787
1605
1404
1198
1017
861
727
599
459
292
111
-69
-281
-514
-754
-1015
-1284
-1550
-1789
-1996
-2179
-2323
-2433
-2485
-2480
-2438
-2370
-2279
-2138
-1981
-1845
-1713
-1576
-1434
-1318
-1229
-1159
-1096
-1028
-987
-966
-941
-923
-919
-940
-971
-988
-1008
-1049
-1096
-1148
-1194
-1213
-1234
-1260
-1278
-1264
-1240
-1207
-1151
-1072
-953
-807
-636
-450
-245
-1
270
522
765
1013
1260
1479
1655
1804
1930
2050
2132
2163
2168
2175
2185
2161
2107
2042
1976
1901
1794
1655
1502
1346
1174
955
723
503
301
113
-69
-215
-313
-367
-401
-408
-380
-326
-252
-174
-103
-20
91
208
327
439
559
696
824
945
1059
1149
1214
1260
1289
1272
1227
1161
1066
964
827
675
526
367
193
11
-148
-295
-442
-572
-690
-811
-918
-1013
-1096
-1173
-1229
-1271
-1311
-1333
-1349
-1338
-1294
-1243
-1195
-1146
-1092
-1030
-976
-926
-872
-804
-732
-678
-619
-556
-491
-427
-382
-356
-362
-377
-389
-427
-497
-572
-639
-696
-741
-786
-825
-839
-840
-863
-871
-853
-832
-806
-798
-773
-718
-640
-565
-476
-348
-211
-65
87
257
435
612
783
933
1080
1207
1322
1435
1538
1608
1644
1665
1671
1660
1623
1564
1470
1352
1231
1089
928
760
607
459
316
183
64
-9
-49
-76
-87
-87
-61
-20
16
49
73
111
172
235
282
325
398
473
537
601
662
728
768
775
749
705
676
617
515
396
288
198
105
-4
-103
-165
-212
-272
-343
-398
-430
-459
-512
-571
-605
-615
-628
-659
-692
-714
-718
-740
-777
-784
-780
-771
-769
-739
-683
-622
-534
-447
-354
-245
-150
-75
-10
43
73
59
21
-37
-113
-184
-270
-381
-497
-607
-702
-787
-856
-915
-987
-1051
-1095
-1126
-1148
-1148
-1143
-1139
-1113
-1063
-990
-892
-751
-591
-441
-281
-96
109
309
493
658
803
931
1038
1122
1202
1269
1291
1283
1255
1224
1189
1119
1024
916
826
724
614
531
470
409
350
301
252
210
181
164
135
102
78
65
57
74
102
129
161
203
249
301
360
394
418
420
422
412
386
373
354
333
299
277
277
286
306
329
341
353
359
354
339
306
247
157
56
-45
-152
-242
-327
-413
-498
-555
-576
-571
-551
-540
-519
-476
-428
-381
-332
-267
-208
-194
-185
-151
-105
-61
-44
-51
-64
-49
-37
-46
-55
-66
-116
-197
-271
-346
-412
-505
-641
-794
-936
-1044
-1164
-1268
-1329
-1385
-1435
-1461
-1424
-1337
-1220
-1112
-1017
-892
-739
-572
-418
-284
-156
-66
20
128
232
328
414
484
534
590
676
774
863
932
974
993
1014
1039
1062
1056
1003
894
780
706
646
571
494
410
311
229
187
198
210
210
193
155
154
193
243
267
274
278
266
266
290
316
341
347
314
266
269
312
341
347
353
349
361
402
439
484
531
538
494
471
496
524
504
417
307
201
114
32
-59
-148
-243
-353
-443
-485
-464
-404
-362
-355
-342
-285
-187
-117
-93
-77
-85
-140
-207
-245
-272
-302
-386
-517
-615
-669
-706
-753
-802
-840
-913
-1005
-1080
-1122
-1131
-1176
-1289
-1409
-1472
-1482
-1481
-1478
-1440
-1381
-1331
-1270
-1150
-972
-794
-658
-580
-492
-355
-201
-73
34
142
223
270
322
451
607
717
758
761
789
866
948
997
1010
1006
984
925
908
965
1027
999
898
822
808
843
865
856
841
819
767
700
695
755
770
682
559
489
478
492
481
454
419
371
300
261
320
401
397
316
255
251
305
372
373
338
333
270
180
175
214
249
182
60
-15
-9
67
111
95
111
109
79
98
154
250
288
232
129
56
91
127
73
5
-76
-200
-334
-406
-423
-468
-539
-698
-864
-919
-900
-908
-937
-978
-1066
-1159
-1207
-1186
-1145
-1145
-1217
-1345
-1437
-1442
-1428
-1417
-1406
-1432
-1492
-1519
-1441
-1299
-1136
-1025
-998
-941
-802
-629
-494
-332
-174
-134
-118
-39
112
321
501
565
562
663
850
991
1116
1241
1295
1265
1205
1173
1193
1256
1198
980
779
717
713
666
645
622
583
538
480
499
642
786
772
650
616
644
676
715
692
587
461
358
258
232
298
284
125
-14
-66
-73
-7
95
94
7
-12
-2
32
161
311
315
234
200
228
318
436
519
480
408
356
349
459
584
594
507
409
320
289
342
365
266
118
-35
-195
-241
-204
-228
-331
-460
-590
-709
-698
-619
-645
-740
-851
-990
-1070
-1069
-1074
-1139
-1213
-1335
-1539
-1632
-1578
-1543
-1577
-1651
-1742
-1790
-1714
-1566
-1476
-1370
-1217
-1158
-1104
-888
-579
-305
-74
82
174
341
634
862
991
1145
1238
1232
1237
1341
1492
1589
1584
1448
1336
1371
1397
1352
1319
1221
1013
837
742
671
606
554
387
133
33
65
71
54
40
-43
-143
-168
-141
-90
-21
-22
-147
-235
-193
-116
-62
-23
-36
-88
-115
-91
-34
76
167
104
20
40
110
183
269
328
319
300
322
385
505
643
643
583
569
564
578
641
673
573
479
421
321
273
320
281
92
-73
-191
-299
-363
-395
-514
-706
-843
-987
-1108
-1107
-1086
-1187
-1368
-1487
-1539
-1569
-1554
-1569
-1616
-1667
-1760
-1792
-1695
-1541
-1477
-1469
-1404
-1355
-1265
-1023
-822
-728
-610
-473
-372
-257
-1
252
373
500
621
749
974
1208
1363
1481
1595
1650
1661
1768
1882
1869
1826
1756
1622
1509
1463
1392
1238
1088
931
709
560
499
384
235
96
-44
-163
-223
-242
-279
-297
-305
-384
-439
-402
-358
-339
-333
-359
-404
-384
-339
-350
-329
-230
-225
-281
-222
-94
-14
46
132
172
227
329
396
441
536
613
589
602
696
740
727
753
729
666
658
634
538
442
394
280
124
3
-122
-264
-371
-507
-694
-790
-836
-986
-1149
-1179
-1189
-1280
-1353
-1357
-1369
-1364
-1337
-1328
-1282
-1193
-1147
-1151
-1083
-978
-935
-903
-837
-807
-783
-720
-676
-635
-554
-443
-406
-367
-242
-118
-6
113
197
295
424
512
616
749
883
942
987
1096
1166
1218
1307
1364
1350
1335
1331
1341
1327
1281
1209
1141
1080
946
854
820
745
590
457
386
278
171
111
21
-99
-186
-262
-324
-321
-319
-394
-423
-358
-344
-384
-304
-161
-146
-204
-152
-29
16
32
70
142
210
184
167
274
392
384
325
364
417
373
330
334
350
285
135
24
30
-10
-176
-267
-275
-375
-588
-648
-576
-631
-776
-829
-814
-842
-884
-890
-815
-776
-838
-868
-768
-655
-668
-691
-616
-569
-636
-649
-558
-475
-491
-564
-570
-513
-451
-453
-468
-397
-336
-403
-444
-348
-256
-272
-324
-296
-239
-228
-215
-149
-44
19
-7
54
236
355
389
443
595
708
710
724
850
1007
1019
914
936
1102
1098
951
960
1079
1034
831
773
872
830
660
569
602
598
411
270
316
343
165
-19
43
118
-35
-174
-84
-2
-81
-170
-74
99
96
14
59
215
247
117
112
274
257
31
-50
58
49
-165
-291
-211
-180
-360
-506
-444
-338
-437
-622
-543
-377
-436
-610
-595
-410
-401
-574
-563
-375
-342
-487
-551
-375
-270
-383
-417
-296
-186
-239
-335
-237
-116
-156
-233
-206
-65
-65
-188
-164
-65
-77
-168
-137
9
29
-59
-42
46
100
59
41
149
235
166
40
78
195
148
13
37
155
149
4
-38
99
176
98
43
196
344
283
213
364
547
520
456
577
748
733
599
591
730
742
604
550
672
720
523
379
468
548
424
290
349
445
314
135
164
246
148
-40
-17
78
-36
-208
-192
-101
-198
-356
-298
-188
-247
-389
-421
-330
-362
-492
-500
-398
-339
-460
-592
-511
-416
-465
-540
-459
-294
-311
-456
-452
-282
-228
-327
-349
-197
-111
-254
-367
-277
-186
-279
-369
-322
-258
-333
-467
-463
-402
-396
-444
-432
-319
-285
-346
-336
-229
-142
-156
-98
44
93
74
86
178
239
243
289
387
442
409
344
330
412
421
334
354
450
399
222
161
254
272
157
127
221
251
164
56
84
223
199
90
136
271
279
115
92
256
296
204
218
345
425
337
214
276
365
343
271
301
390
340
195
136
199
229
170
103
117
136
3
-126
-88
-66
-159
-218
-159
-147
-292
-355
-294
-291
-345
-354
-264
-210
-309
-383
-361
-310
-305
-367
-313
-198
-221
-331
-372
-250
-159
-239
-230
-87
-42
-150
-263
-199
-81
-92
-143
-120
-24
-35
-179
-229
-120
-28
-113
-161
-53
-8
-95
-193
-140
-43
-46
-36
-8
56
105
17
16
131
177
189
235
363
379
277
340
461
484
479
540
668
709
587
513
571
646
555
428
554
632
441
216
221
319
197
49
72
143
76
-169
-258
-112
-87
-217
-307
-176
-78
-249
-355
-274
-126
-151
-291
-191
-1
-28
-181
-208
-58
14
-89
-94
11
47
-55
-179
-142
-73
-163
-259
-204
-109
-166
-310
-326
-329
-400
-435
-318
-178
-247
-408
-483
-403
-299
-325
-290
-155
-181
-341
-379
-200
-66
-117
-129
-102
-30
4
-98
-53
122
138
-6
-29
144
201
84
35
103
113
0
-89
-18
101
68
-94
-170
-130
-158
-224
-177
-58
-45
-174
-263
-212
-104
-24
1
56
117
92
79
164
294
387
452
510
502
507
589
639
647
652
650
660
612
563
590
578
460
335
312
325
242
147
138
86
-29
-107
-173
-182
-157
-239
-340
-282
-222
-366
-545
-437
-233
-295
-422
-341
-237
-343
-487
-378
-58
-12
-313
-390
-178
-105
-308
-346
-69
-8
-291
-457
-279
-65
-169
-442
-396
-117
-162
-449
-424
-78
-30
-346
-374
-44
124
-42
-176
56
318
161
-24
209
561
494
211
331
622
559
330
404
666
683
414
265
442
543
308
93
226
372
161
-157
-120
67
-54
-316
-306
-87
-129
-446
-499
-223
-172
-429
-481
-214
-123
-349
-420
-180
-28
-180
-286
-66
148
22
-134
-7
229
215
48
144
390
401
201
155
366
493
324
196
425
633
390
140
322
533
381
194
317
459
273
14
53
259
239
-31
-128
28
14
-248
-367
-214
-123
-292
-453
-363
-238
-366
-617
-601
-367
-381
-627
-622
-370
-373
-677
-737
-487
-412
-574
-609
-403
-256
-439
-651
-467
-148
-108
-214
-145
89
131
-49
-30
294
560
490
353
518
763
673
444
578
895
892
668
643
826
795
502
393
578
674
446
243
340
426
220
-33
-24
140
111
-135
-202
-52
-67
-368
-568
-386
-206
-383
-566
-477
-404
-576
-809
-698
-383
-345
-561
-624
-466
-435
-566
-536
-254
-84
-225
-331
-173
58
81
-48
57
352
422
281
310
588
656
404
347
634
803
631
445
535
663
499
301
397
597
524
256
184
303
255
24
-46
95
169
-28
-309
-344
-208
-309
-561
-536
-330
-415
-768
-850
-605
-528
-765
-881
-640
-406
-567
-783
-583
-278
-322
-535
-377
58
130
-140
-148
173
355
213
161
506
785
568
319
461
736
726
498
594
871
792
468
368
608
721
457
308
521
659
440
181
250
429
317
64
86
285
251
-99
-286
-119
-53
-276
-473
-352
-231
-468
-782
-762
-572
-603
-809
-825
-589
-541
-837
-965
-691
-441
-517
-648
-458
-170
-217
-404
-283
68
193
-6
-4
339
490
277
161
429
669
537
379
547
763
662
396
426
690
672
425
397
564
519
224
67
231
334
175
31
59
90
-52
-240
-206
-32
-93
-308
-369
-269
-274
-445
-521
-429
-356
-441
-511
-451
-367
-423
-512
-435
-285
-199
-245
-286
-206
-137
-165
-179
-96
59
119
24
17
126
170
139
142
259
384
369
299
326
387
372
303
323
459
483
362
288
299
287
212
175
249
294
188
68
52
53
-16
-79
-48
-20
-100
-196
-209
-230
-311
-383
-336
-259
-328
-406
-371
-342
-408
-448
-363
-300
-357
-367
-262
-221
-259
-290
-264
-176
-124
-79
-31
14
38
-21
-9
147
253
227
207
252
282
253
260
354
402
377
343
325
341
332
300
297
285
244
218
188
173
150
100
92
56
20
46
46
4
-8
-3
-24
-96
-139
-67
-46
-133
-201
-208
-227
-301
-340
-270
-192
-243
-368
-387
-301
-265
-274
-233
-128
-136
-242
-229
-91
-9
-33
-48
-36
1
36
75
156
212
173
141
202
286
321
286
273
275
208
172
219
253
240
173
104
84
66
74
102
102
72
40
13
-16
-64
-73
-9
-7
-85
-120
-98
-105
-180
-189
-96
-97
-208
-245
-144
-76
-139
-216
-183
-153
-213
-214
-132
-55
-83
-185
-200
-120
-69
-40
10
35
4
-40
-6
49
85
127
154
111
59
106
218
265
224
217
262
315
314
290
357
394
302
234
268
329
291
186
168
183
80
-13
32
81
37
-78
-136
-117
-160
-253
-260
-227
-253
-319
-371
-369
-375
-380
-358
-327
-323
-341
-336
-255
-183
-201
-203
-151
-108
-122
-96
0
30
-28
-38
-3
38
85
85
93
106
84
84
120
162
207
172
128
118
117
171
199
153
108
128
129
81
68
132
162
91
17
28
93
104
35
-12
20
36
-3
-19
46
82
12
-37
-1
35
32
50
62
44
-3
-27
-5
2
-1
27
33
2
-31
-53
-1
35
27
44
49
45
30
29
95
135
96
77
85
102
128
127
158
205
164
132
180
240
280
241
205
207
167
170
225
219
144
48
-13
-31
-47
-41
-24
-64
-136
-216
-242
-200
-190
-220
-253
-292
-333
-356
-382
-376
-398
-452
-463
-473
-448
-411
-387
-367
-361
-335
-279
-228
-154
-80
-54
-47
-48
-27
49
108
131
162
168
158
139
158
233
265
256
259
242
198
192
204
219
184
116
90
80
59
20
-5
-5
-29
-91
-89
-30
-5
-6
-43
-73
-52
-35
-10
24
28
11
-35
-42
5
28
46
75
66
27
27
78
115
100
89
115
109
77
82
113
121
91
44
48
76
68
75
97
97
65
24
38
96
106
77
69
74
56
26
80
164
181
141
92
111
158
158
149
175
170
111
38
3
24
-2
-66
-124
-186
-228
-243
-258
-296
-341
-383
-419
-428
-394
-389
-418
-435
-466
-500
-479
-418
-361
-324
-322
-319
-280
-197
-112
-43
33
97
106
106
174
239
264
261
267
277
260
252
260
294
303
227
157
193
271
258
188
153
138
84
11
-3
21
19
-53
-163
-210
-171
-141
-150
-145
-135
-148
-164
-138
-73
-8
12
5
7
5
25
66
97
91
79
95
111
107
132
193
194
135
95
102
137
154
141
102
43
5
-24
-31
-1
6
-17
-36
-54
-67
-39
22
69
63
17
10
47
72
88
86
67
33
-1
20
85
94
52
33
16
-15
-20
29
83
33
-80
-127
-117
-130
-161
-148
-121
-163
-251
-272
-216
-169
-163
-183
-197
-190
-181
-158
-123
-111
-126
-151
-125
-67
-38
-15
33
62
34
31
114
211
248
260
251
234
224
209
229
262
237
172
115
74
70
72
63
51
4
-47
-71
-66
-56
-74
-107
-126
-161
-196
-181
-148
-144
-175
-187
-156
-107
-54
-14
18
49
72
85
113
180
240
230
197
190
181
166
186
210
185
143
131
117
83
87
99
69
24
-5
-12
-15
-45
-77
-97
-145
-182
-177
-149
-159
-180
-179
-168
-175
-178
-114
-55
-40
-53
-60
-34
9
24
37
62
63
49
35
53
91
95
91
91
66
77
83
74
66
40
-12
-55
-51
-46
-54
-103
-137
-150
-170
-167
-159
-143
-122
-129
-166
-175
-154
-116
-84
-72
-80
-66
-37
-17
13
41
60
58
79
124
144
131
141
150
118
107
122
122
101
66
24
15
9
-20
-23
3
7
-59
-114
-84
-47
-76
-110
-90
-65
-78
-110
-106
-41
3
-24
-47
-5
65
90
85
109
152
176
161
160
188
216
185
123
119
131
113
88
80
77
48
-3
-17
-3
9
-15
-50
-62
-81
-106
-120
-98
-87
-126
-174
-161
-123
-114
-121
-107
-58
-42
-69
-50
32
70
57
45
64
98
104
96
104
108
89
56
57
98
106
70
46
59
42
10
16
33
18
-42
-86
-91
-91
-95
-121
-135
-122
-140
-157
-143
-103
-80
-83
-93
-71
-33
-17
5
36
59
55
50
66
102
137
161
162
136
117
120
132
156
154
112
85
83
53
25
30
3
-31
-39
-45
-70
-98
-87
-68
-87
-129
-121
-82
-57
-70
-95
-71
-41
-51
-58
-13
49
46
11
20
46
62
79
97
89
75
75
63
48
50
48
46
39
-3
-25
-13
-10
-40
-62
-47
-43
-53
-61
-43
-43
-79
-103
-83
-57
-47
-46
-78
-77
-62
-70
-66
-26
10
5
-24
-32
-2
26
40
33
41
55
44
-3
5
53
41
-18
-58
-30
-4
-9
-43
-63
-52
-53
-89
-110
-72
-48
-80
-130
-124
-119
-120
-91
-74
-65
-76
-86
-62
-25
-3
-1
12
39
49
44
58
109
124
105
101
116
125
113
108
99
96
84
48
37
62
63
16
-34
-20
-11
-49
-46
-10
-15
-61
-100
-82
-52
-50
-55
-41
-23
-37
-45
-14
31
29
12
42
66
50
57
109
127
98
69
82
115
140
120
84
84
93
78
44
48
80
51
-11
-42
-51
-48
-40
-39
-51
-78
-91
-104
-88
-59
-73
-106
-93
-67
-73
-84
-69
-36
-47
-63
-50
-24
12
30
17
16
25
28
46
82
110
87
43
38
48
41
29
39
34
10
-29
-64
-48
-17
-16
-32
-47
-52
-59
-45
-18
-21
-49
-70
-46
-12
-18
-31
-15
-1
-17
-24
4
46
43
24
26
27
14
16
51
67
43
-8
-35
-21
-1
-15
-48
-46
-38
-68
-108
-89
-44
-58
-101
-98
-57
-36
-56
-39
10
10
-33
-48
7
51
58
39
31
55
64
66
81
107
124
112
75
80
113
119
95
81
78
61
27
9
26
23
-14
-63
-85
-78
-79
-103
-119
-111
-122
-159
-173
-136
-100
-115
-141
-136
-134
-119
-101
-83
-49
-40
-69
-84
-30
35
47
35
44
61
69
88
126
141
126
119
125
134
131
137
148
154
127
72
72
111
121
89
55
47
42
33
38
44
30
15
-12
-21
-17
-25
-25
-18
-31
-64
-90
-80
-46
-30
-40
-59
-70
-69
-36
-26
-46
-35
-18
-35
-52
-36
-13
-5
-16
-21
-16
-20
-1
24
37
40
13
-3
26
68
77
63
74
80
72
64
76
104
101
82
73
77
72
78
89
89
85
76
65
68
71
72
72
49
6
-9
16
18
-21
-65
-73
-71
-83
-113
-124
-110
-111
-129
-165
-174
-137
-113
-124
-138
-142
-138
-134
-119
-88
-71
-73
-75
-34
8
19
23
61
106
105
99
137
185
192
188
196
193
185
195
218
222
188
158
152
154
134
103
89
95
84
25
-19
-24
-27
-64
-97
-102
-112
-146
-175
-158
-152
-171
-184
-175
-158
-154
-153
-152
-144
-123
-105
-96
-88
-57
-24
-10
13
9
1
30
66
77
66
62
75
92
100
91
81
74
92
90
58
46
53
52
39
35
23
7
12
18
12
-4
-19
-22
-4
15
-3
-27
-1
24
-1
-23
5
37
21
0
20
28
1
-6
10
10
-6
-25
-34
-29
-39
-59
-72
-71
-59
-77
-99
-81
-75
-91
-90
-74
-68
-89
-90
-49
-16
-37
-50
-16
19
34
29
53
93
112
107
108
135
160
153
161
184
174
153
142
156
150
119
92
76
70
50
33
7
-22
-32
-37
-61
-92
-109
-104
-106
-147
-173
-154
-140
-143
-136
-139
-137
-129
-111
-80
-60
-61
-64
-44
-10
11
-1
11
47
66
55
51
76
87
91
91
84
82
76
81
86
74
52
28
20
36
39
17
5
-2
-2
-6
-32
-36
-15
7
-5
-39
-32
3
3
-7
6
22
26
4
12
44
46
37
32
40
56
47
22
24
39
31
-10
-24
-6
-10
-29
-43
-59
-75
-77
-71
-64
-71
-84
-85
-81
-76
-78
-71
-54
-43
-39
-26
-27
-14
21
50
48
31
65
100
97
94
118
138
123
112
119
112
101
99
92
67
43
36
15
2
-15
-48
-72
-77
-89
-107
-118
-130
-133
-152
-159
-151
-155
-150
-155
-153
-139
-121
-114
-114
-97
-67
-45
-44
-32
-3
21
44
38
36
67
82
85
87
106
101
81
85
99
94
67
64
67
58
34
12
17
19
5
-16
-26
-10
-11
-39
-40
-23
-24
-43
-49
-34
-15
-26
-53
-42
-19
-14
-33
-35
1
25
1
-25
-3
20
15
-8
-15
-13
-17
-5
1
-28
-34
-15
-16
-32
-42
-45
-32
-9
-26
-59
-56
-13
-9
-45
-37
-1
10
-14
-8
19
21
13
33
58
52
52
53
61
84
78
60
64
88
86
50
31
53
68
35
-1
0
14
-6
-45
-62
-45
-44
-83
-106
-94
-72
-91
-112
-101
-80
-76
-89
-93
-71
-39
-38
-52
-39
-2
11
6
17
47
52
48
75
101
104
97
101
105
116
111
98
99
103
99
57
30
51
59
25
10
9
-5
-27
-42
-32
-31
-55
-77
-84
-71
-66
-96
-106
-79
-58
-77
-95
-67
-47
-48
-55
-55
-39
-22
-16
-16
-5
0
-1
-1
12
24
16
8
16
24
18
8
-3
5
23
8
-21
-29
4
5
-29
-32
-8
-10
-28
-27
-12
-4
-12
-13
-4
1
5
20
15
10
15
23
22
35
51
33
45
59
43
22
34
59
40
10
13
25
6
-5
-4
-21
-27
-26
-32
-43
-53
-52
-58
-55
-64
-58
-47
-45
-42
-44
-35
-32
-21
-7
9
0
-1
26
35
24
38
65
51
39
60
81
54
52
98
92
45
46
64
44
34
31
31
3
-9
-1
-24
-33
-16
-23
-59
-56
-39
-62
-78
-51
-43
-74
-80
-46
-40
-45
-38
-39
-38
-27
-24
-31
-1
24
-1
-23
2
34
14
-5
21
40
17
-3
27
32
-5
-26
-1
25
3
-31
-30
-3
-11
-46
-51
-21
-12
-34
-36
-28
-12
-20
-39
-14
7
-2
-7
-8
17
18
-8
13
43
28
-3
13
34
28
8
12
30
14
-13
-7
8
-1
-11
-22
-26
-35
-43
-45
-42
-34
-46
-58
-51
-38
-41
-49
-46
-39
-30
-23
-28
-28
6
2
-23
3
35
26
7
28
45
38
25
33
47
42
54
42
13
47
78
30
-1
37
53
5
-12
19
17
-14
-22
-17
-27
-23
-26
-40
-41
-22
-31
-62
-45
-11
-23
-50
-27
3
-22
-33
-3
6
1
8
18
14
13
28
38
38
31
37
46
54
45
29
22
34
37
22
24
32
15
6
21
13
-6
-6
21
20
-16
-21
-6
0
-1
0
-9
-10
9
0
-22
-8
18
6
-22
6
40
1
-31
9
24
-9
-14
7
9
-11
-7
-5
-27
-32
-19
-12
-30
-31
-14
-20
-35
-27
-15
-25
-24
-18
-19
-21
-27
-24
-10
-6
-14
-4
19
14
-17
-9
25
26
-4
9
49
35
12
27
34
18
18
43
34
7
23
39
11
4
24
5
-11
8
9
-20
-23
-1
-19
-37
-13
-1
-42
-48
-2
2
-45
-45
12
-3
-34
-12
10
11
7
20
24
17
37
34
16
46
72
42
30
78
81
31
23
63
55
14
27
50
19
2
32
14
-25
4
34
-15
-42
-10
3
-36
-55
-25
-21
-41
-35
-27
-40
-31
-24
-28
-19
-14
-29
-33
2
12
-12
-7
27
11
-35
-12
30
12
-8
5
19
-3
-25
-18
2
7
-16
-34
-30
-5
-10
-37
-36
-1
-4
-51
-34
-6
-14
-34
-22
-2
-11
-19
-8
-1
0
14
8
-5
16
41
28
9
31
45
19
7
37
35
-5
-5
13
7
6
10
-6
-15
-1
-10
-43
-32
13
-11
-75
-59
-17
-34
-60
-36
-1
-18
-35
-27
-10
6
7
-1
9
43
36
-5
12
71
57
10
25
66
50
25
34
40
26
24
33
4
2
30
10
-27
-9
-4
-33
-38
-10
-15
-64
-61
-25
-26
-53
-48
-31
-26
-29
-43
-42
-19
-3
-17
-34
-2
26
3
-9
25
43
15
7
28
41
37
36
34
34
39
31
4
5
49
32
-22
-14
37
24
-32
-30
29
32
-37
-37
22
21
-29
-29
5
15
-11
-19
14
26
-6
-17
12
26
16
2
10
21
16
25
27
17
14
18
18
7
5
23
14
-11
-11
1
1
-21
-15
-3
-17
-24
-17
-28
-31
-17
-21
-33
-26
-5
-16
-36
-20
4
-20
-35
-2
16
-4
-15
10
26
14
6
11
17
28
16
-9
0
26
18
-17
-3
19
-20
-42
-13
-4
-32
-35
-17
-35
-57
-47
-34
-48
-45
-25
-33
-39
-28
-21
-29
-18
5
1
-3
6
11
22
32
27
28
51
68
44
27
61
66
44
38
54
65
37
33
49
27
16
18
16
9
3
10
5
-6
-23
-27
-9
-5
-16
-35
-27
-4
-19
-42
-26
-4
-16
-16
-2
7
9
1
6
18
31
31
19
26
39
27
2
19
54
23
-4
6
11
-8
-22
3
15
-11
-29
-32
-21
-17
-30
-44
-31
-13
-33
-62
-51
-3
-10
-48
-31
5
8
-12
-15
0
6
-4
5
12
21
22
3
-4
23
24
-4
-1
28
19
-20
-14
8
-1
-34
-21
7
-20
-46
-33
-12
-26
-44
-34
-20
-26
-24
-13
-20
-22
-7
7
6
0
15
39
31
15
26
48
45
29
31
55
50
22
38
58
50
21
22
36
28
5
4
14
1
-8
-17
-12
-6
-28
-39
-12
-9
-47
-53
-17
3
-33
-48
-1
9
-19
-11
15
16
2
7
11
14
18
16
13
16
37
37
9
21
52
21
-5
23
31
6
-6
24
31
-4
-11
3
-1
-17
-8
15
-8
-26
-6
-1
-15
-16
3
23
1
-20
6
16
5
3
9
24
33
13
9
30
29
15
10
27
42
22
1
13
20
8
-3
2
15
8
-8
-14
-1
-1
-25
-24
-11
-10
-24
-34
-6
7
-22
-31
-5
9
-17
-16
4
12
-5
-5
18
16
11
7
14
26
22
2
6
16
10
-4
-3
22
25
-7
-20
5
7
-18
-28
-4
0
-20
-29
-28
-23
-31
-29
-13
-11
-22
-19
-8
-9
-27
-19
8
-6
-17
-7
-8
-22
-16
3
-3
-20
-5
18
-2
-19
10
18
-6
-11
7
13
-7
0
22
20
3
7
12
-6
2
17
20
12
4
11
18
16
10
17
25
15
-1
-2
19
18
4
6
12
21
15
-2
-1
25
25
-4
-18
4
31
5
-22
6
25
1
-14
6
23
3
-10
15
24
0
-7
-1
4
-1
-19
-21
-2
-5
-21
-19
-4
5
-1
-8
-5
10
0
-24
-9
18
19
2
-13
12
27
-9
-19
7
26
13
-9
-10
3
-3
-18
-12
5
9
-6
-13
7
0
-29
-24
-2
-9
-27
-13
-5
-22
-29
-13
5
-2
-18
-10
3
-11
-22
-20
-8
3
-6
-14
-3
4
-11
-18
-9
1
8
-5
-11
-6
-7
0
-11
-18
0
13
9
-13
-23
-6
5
-6
-16
-9
-3
2
9
-7
-15
1
0
-10
-15
-10
-5
-8
-3
-7
-11
-12
-6
-5
-16
-10
-11
-8
0
6
-3
-12
-2
5
3
-17
-10
1
-1
-4
-10
3
9
5
-2
4
14
14
7
7
10
4
14
17
13
8
17
24
16
6
12
31
25
13
11
27
26
12
10
27
30
15
13
23
36
24
17
21
29
25
18
9
11
28
18
0
9
31
26
15
19
32
18
4
17
14
6
14
23
19
22
27
26
18
29
38
16
16
36
30
15
12
24
20
8
10
6
-1
10
12
-4
-2
8
-1
-22
-11
16
1
-23
-10
5
-18
-38
-23
-4
-9
-23
-34
-26
-17
-22
-27
-27
-26
-40
-49
-37
-26
-30
-43
-34
-25
-39
-47
-38
-25
-32
-34
-34
-24
-21
-29
-23
-18
-23
-34
-22
-16
-20
-31
-32
-17
-18
-18
-18
-7
8
3
-20
-22
10
8
-12
-3
15
6
-17
-1
24
17
-11
-5
29
10
-19
-1
25
26
3
-9
23
34
3
-14
4
28
14
-7
9
26
7
-4
5
22
22
15
16
25
26
5
-7
11
26
15
1
12
31
16
-7
2
21
20
13
9
8
12
18
16
14
23
13
5
1
3
8
4
11
9
1
1
6
11
7
8
5
8
12
0
-8
-1
10
3
-11
-4
15
7
-11
-7
0
-3
-9
-6
-8
2
3
-6
-15
-18
4
10
1
-10
1
7
-3
-5
11
22
9
4
10
15
5
1
3
9
14
5
-2
7
20
8
-10
5
14
3
-3
4
16
11
-3
-6
6
9
2
5
6
5
7
-3
-9
14
22
-6
-11
2
8
-2
-6
4
3
-7
-6
4
-1
-13
-13
-3
1
-10
-14
-6
5
-1
-12
-13
-7
-6
-16
-27
-7
6
-19
-26
-12
3
-12
-41
-26
-5
-17
-21
-12
-4
-7
-24
-22
-7
5
-5
-16
-8
-1
-4
-4
5
-5
-5
-4
4
10
-4
-5
1
13
13
0
4
28
29
4
-7
13
16
6
9
19
21
15
21
13
24
29
16
5
17
29
19
15
18
33
21
4
18
35
34
28
18
22
32
27
17
22
29
22
15
4
17
23
15
9
8
8
5
0
8
12
3
-3
-5
11
5
-15
-11
6
2
-9
-7
-9
-10
-7
-4
-19
-15
-7
-19
-24
-9
-7
-24
-30
-8
-3
-36
-30
-5
-9
-33
-38
-12
-2
-26
-36
-23
-17
-16
-17
-23
-31
-29
-29
-19
-14
-22
-23
-9
-2
-14
-24
-13
-9
-8
-17
-24
-8
1
-7
-13
-9
-4
-1
-1
7
3
-4
5
7
11
12
10
16
24
14
12
19
25
35
29
20
15
28
31
25
24
29
38
36
29
26
25
42
53
28
21
33
47
41
28
34
43
36
18
26
38
43
28
19
36
40
26
19
29
33
21
17
25
27
13
4
18
18
3
7
18
19
6
-13
-14
6
12
-11
-14
11
14
-11
-32
-16
15
-4
-35
-26
-17
-18
-25
-25
-2
-3
-30
-37
-18
-14
-30
-32
-2
0
-29
-45
-24
-5
-23
-31
-22
-19
-21
-15
-5
-6
-11
-12
-11
-9
-1
1
-4
-10
-2
-1
-5
11
19
12
-7
-13
13
23
-2
-7
17
20
14
12
17
21
16
16
11
-4
4
33
28
3
9
33
17
1
26
31
20
8
13
17
7
12
20
17
14
14
9
15
14
9
7
12
17
3
-1
9
15
14
4
3
6
1
-4
-9
0
29
22
-9
-7
4
12
3
-14
2
26
18
6
1
7
13
-4
-7
-2
9
8
4
11
9
7
-10
-4
7
-3
-13
-10
13
7
-22
-20
14
18
-14
-21
-5
6
-10
-28
-17
-7
1
0
-14
-23
-32
-18
-9
-14
-17
-17
-15
-19
-30
-41
-18
-5
-23
-35
-28
-26
-25
-20
-24
-30
-27
-15
-21
-29
-23
-9
-9
-22
-33
-22
-1
-5
-21
-31
-16
3
4
-17
-27
-13
6
5
-24
-34
-10
12
-5
-26
-16
8
7
-10
-17
-16
-8
2
6
-2
-13
-15
-9
-9
-14
-10
2
9
2
-18
-23
-2
8
-11
-23
2
21
8
-26
-25
7
12
-7
-21
7
22
6
-9
-5
10
6
7
