-12
-9
-8
-5
-4
-5
-6
-3
-3
-6
-4
-6
-6
-6
-9
-10
-12
-11
-9
-13
-11
-11
-7
-7
-10
-14
-15
-12
-11
-16
-16
-17
-13
-13
-17
-9
-9
-10
-12
-15
-10
-15
-15
-11
-10
-17
-13
-12
-13
-6
-11
-10
-5
-10
-12
-2
-2
-2
1
-2
-3
1
-4
0
5
-5
-3
-7
-7
-3
-3
-4
-3
-4
-10
-7
-8
-9
-6
-6
-2
-1
-3
0
-4
-5
4
5
0
0
5
0
3
4
3
3
3
1
1
4
-4
4
6
2
-1
-1
-1
-3
1
-2
1
3
2
3
0
2
4
2
-3
-5
-1
4
0
-5
-4
-2
-7
-8
-6
-6
-8
-5
-6
-5
-6
-4
-2
-2
3
-1
-2
-6
-1
-1
-2
-4
-4
-5
-9
-8
-6
-5
-6
-2
-3
-8
-10
-10
-9
-10
-7
-4
4
-1
1
0
1
5
4
6
0
0
-4
-3
-3
-3
3
0
-1
-2
0
-2
-1
-1
-1
5
2
4
9
5
6
7
6
7
1
3
3
5
5
3
4
2
2
0
-3
1
1
-1
4
9
8
5
-1
0
0
1
9
8
9
4
2
2
1
4
5
3
-1
3
7
13
14
10
9
8
10
14
9
9
9
7
10
16
13
9
13
6
6
10
8
11
8
9
8
4
6
8
5
1
8
12
7
12
9
7
9
10
13
12
12
12
16
15
15
20
12
11
19
15
18
20
16
14
15
10
15
16
9
14
13
11
9
13
11
11
12
4
9
12
14
13
10
10
9
7
7
6
7
7
7
7
5
1
-1
-7
-4
-5
-7
-5
-2
0
-7
-4
-5
-1
-4
-6
-6
-9
-5
-11
-7
-2
0
-5
-3
-10
-14
-7
-10
-7
-8
-5
-4
-9
-7
-7
-4
-2
-10
-10
-8
-9
-7
-8
-5
-8
-6
1
-2
-5
-2
-4
0
1
-5
-4
0
-5
-4
-6
-6
-3
-6
-4
-1
4
3
4
8
8
9
6
10
13
18
16
15
18
16
18
11
17
22
14
19
18
20
23
23
21
16
19
25
18
21
20
18
18
13
18
21
22
18
19
17
17
21
17
13
13
12
11
12
11
10
4
2
2
0
1
-2
-4
-3
-4
-2
1
-7
-4
-5
-10
-5
-7
-7
-6
-7
-8
-15
-15
-15
-15
-15
-16
-18
-22
-22
-27
-25
-26
-23
-20
-26
-25
-25
-24
-25
-27
-24
-26
-24
-21
-20
-15
-23
-27
-21
-24
-20
-13
-13
-14
-13
-13
-13
-11
-14
-16
-15
-16
-14
-14
-11
-9
-6
-10
-11
-7
-6
-7
-7
-8
-8
3
-3
-2
0
1
-1
-2
6
8
6
10
16
4
8
11
9
12
13
11
2
7
5
9
9
10
12
7
10
5
5
5
1
-1
-7
-7
0
0
-5
-5
-4
-2
-1
1
2
-2
0
0
-4
-7
-6
-13
-8
-10
-9
-8
-11
-9
-12
-9
-11
-10
-15
-12
-17
-19
-12
-16
-16
-16
-15
-18
-18
-16
-10
-17
-13
-8
-11
-8
-14
-9
-12
-10
-10
-15
-10
-10
-6
-6
-6
-5
-9
-7
-6
-7
-9
-8
-3
-4
-3
1
-3
3
-4
-2
2
0
2
4
5
0
6
4
3
3
4
6
2
5
0
-1
0
0
1
3
4
4
4
-1
-4
-4
-3
-1
-4
-3
1
-2
-2
-1
-1
5
-2
-3
-5
-6
-1
-4
-2
-6
-7
-5
-5
-3
-10
-8
-6
-8
-13
-10
-10
-8
-9
-10
-4
-8
-5
-4
-3
-4
-8
-6
-7
-2
-8
-8
-6
-8
-6
-6
-6
-9
-6
-6
-7
-1
-2
-7
-3
-2
-5
-1
0
0
-1
-2
5
-1
4
13
4
10
8
3
6
6
1
7
8
6
16
13
10
8
13
11
10
16
12
14
9
11
13
13
17
13
14
14
16
15
14
13
13
15
7
9
13
10
15
16
11
11
10
12
8
7
12
6
11
5
2
1
4
4
3
6
-2
-3
-5
-3
-1
-1
1
-1
-3
-2
-1
-2
-7
-5
-4
-7
-6
-12
-10
-13
-14
-15
-10
-11
-8
-8
-13
-3
-14
-9
-6
-10
-3
-11
-13
-13
-7
-3
0
-3
-9
-6
-3
1
0
0
0
0
0
1
7
9
7
10
8
9
10
9
15
15
14
13
11
12
19
16
9
16
9
18
22
22
25
22
23
24
26
24
19
18
19
14
15
16
13
15
14
12
14
14
8
9
5
8
6
6
6
6
10
6
7
7
8
10
8
6
8
-1
3
4
2
9
8
6
4
4
4
9
3
8
3
2
5
-4
4
0
2
0
-1
-1
-5
-7
-4
-5
-2
0
-3
-3
-5
-2
-3
-4
-4
-5
-7
-4
-6
-6
-6
-4
-3
-4
-4
-11
-9
-14
-12
-5
-1
-5
-9
-12
-16
-10
-11
-8
-6
-11
-9
-5
-9
-12
-9
-12
-11
-11
-15
-17
-17
-11
-12
-13
-12
-10
-11
-10
-8
-13
-15
-10
-8
-12
-13
-11
-11
-9
-12
-11
-10
-9
-7
-9
-7
-8
-3
0
1
3
-3
3
5
7
3
-1
-1
-8
2
1
5
8
6
10
10
10
8
9
10
10
9
10
4
9
16
14
10
8
12
8
10
10
9
17
16
13
11
4
7
9
5
8
9
5
7
5
9
6
7
8
1
8
9
10
8
1
8
4
4
6
-2
-4
-4
-2
-6
-7
-4
-10
-9
-5
-6
-8
-5
-9
-16
-7
-5
-10
-6
-6
-9
-10
-5
-7
-10
-6
-5
-6
-3
-6
-7
5
-2
-5
-2
-3
0
-2
-2
4
8
1
2
4
4
9
9
9
8
9
6
6
8
7
11
10
8
6
-1
5
4
5
7
7
7
4
-1
-1
3
6
10
9
2
4
6
4
15
8
4
3
4
3
2
8
-4
-4
-2
1
-3
-8
2
-2
-2
2
-5
-3
-5
-3
-6
-6
-3
-5
-6
-11
-10
-5
0
-2
-5
-5
-6
-7
-5
-5
1
0
1
-3
-1
3
0
2
1
3
-5
-1
1
-2
0
-2
0
-5
0
1
1
4
0
-5
-2
-5
-4
-8
-7
-3
-4
2
-1
-4
0
0
-5
-2
-3
-11
-5
-4
-8
-8
-5
-2
-1
0
-3
3
1
-1
7
1
4
2
2
6
9
12
3
6
5
8
9
6
13
6
8
7
5
10
3
9
6
6
9
4
8
3
7
6
3
1
0
-2
-5
2
7
3
6
6
0
7
4
3
7
3
2
1
0
-2
-2
0
3
0
1
7
3
3
1
-3
1
3
7
1
-4
-1
0
1
-2
-3
-7
-5
-5
-11
-7
-5
-7
-3
0
-3
-2
-1
-3
-3
0
0
-2
-4
-1
3
1
-4
-8
-12
-4
-4
-2
1
-3
-4
-5
-3
2
-3
-5
-7
-6
-4
-3
-2
-3
-5
-6
-1
-4
-1
-7
-10
-5
-7
-8
-12
-3
-7
-9
-9
-9
-2
-5
-5
-4
-7
-5
-7
-9
-4
-7
-2
-1
-3
-4
-2
-1
-3
4
5
1
-4
-2
-4
-1
1
-3
-1
-3
2
4
4
5
4
7
5
3
7
10
13
7
9
8
5
10
11
11
9
8
7
10
8
9
10
9
9
10
10
15
14
12
12
10
11
7
14
12
7
8
6
6
5
3
3
4
0
3
-2
-2
-4
-4
-5
-5
-3
-9
-7
-10
-8
-5
-6
-12
-10
-17
-18
-17
-17
-14
-21
-14
-18
-19
-18
-18
-15
-19
-19
-20
-17
-17
-20
-18
-16
-19
-22
-23
-23
-21
-17
-21
-18
-17
-19
-16
-17
-15
-22
-19
-16
-18
-17
-19
-15
-15
-8
-13
-11
-3
-9
-8
-6
-7
-5
-2
-3
-2
-1
2
4
7
5
3
3
4
4
2
8
8
10
11
10
14
12
15
16
16
19
17
16
22
15
10
14
11
16
16
14
15
17
16
19
20
14
18
15
14
16
11
13
12
10
9
15
14
9
11
6
11
9
12
12
7
7
6
6
4
7
1
1
4
5
6
4
3
2
0
4
5
-1
1
-2
-1
0
-3
0
2
1
-3
-1
-3
-3
-1
-1
0
3
1
0
1
2
5
5
2
-1
-3
-1
-1
1
2
-2
-5
-7
-5
-6
-3
-9
-10
-10
-11
-5
-7
-7
-8
-11
-5
-5
-10
-13
-13
-10
-10
-8
-7
-7
-4
-5
-5
-2
-3
0
2
-2
1
-3
-7
-4
-8
-3
-4
-3
-2
-1
1
-3
1
-4
3
3
-1
7
2
8
7
7
4
1
10
4
4
7
4
9
8
9
9
3
7
7
10
8
6
10
8
12
13
8
7
6
6
10
12
16
16
12
12
17
15
17
19
20
24
22
21
15
14
14
17
19
18
18
14
8
15
18
14
16
9
12
9
8
10
7
4
0
4
9
10
4
2
5
5
6
7
6
12
7
11
10
0
3
1
7
3
2
-1
-3
2
1
8
6
0
-2
-3
-4
-3
0
0
1
-8
-5
-1
-2
3
1
1
-1
-2
6
-3
-1
0
1
-3
-3
1
-9
-3
-4
-5
-3
-10
-6
-13
-13
-13
-14
-10
-13
-14
-14
-16
-10
-17
-18
-11
-20
-12
-19
-20
-18
-22
-15
-17
-17
-17
-16
-12
-12
-9
-9
-13
-12
-14
-11
-9
-7
-6
-12
-9
-7
-5
-4
-3
-6
-2
-5
-6
-3
-2
6
2
7
5
7
6
10
15
7
16
13
8
12
11
15
22
19
20
18
17
15
22
26
19
20
13
17
25
27
23
17
18
15
17
20
18
19
15
15
21
18
21
16
10
14
10
12
14
8
11
11
8
5
2
4
4
5
2
2
0
-1
1
3
2
0
2
-5
5
4
4
5
-4
-3
-6
-5
-6
-9
-8
-8
-12
-15
-9
-14
-9
-14
-13
-11
-17
-11
-18
-11
-13
-15
-9
-15
-15
-20
-18
-24
-18
-17
-23
-14
-15
-10
-10
-10
-10
-10
-10
-18
-11
-9
-12
-12
-21
-15
-19
-17
-8
-13
-14
-24
-19
-16
-15
-9
-12
-7
-10
-12
-8
-5
-7
-11
-11
-11
-10
-10
-4
-1
-3
1
-8
-2
-5
-5
8
0
1
-7
-11
-8
-2
5
0
-2
-11
-10
4
10
7
0
-11
-7
-1
1
2
-6
-8
-10
-4
-2
2
1
-4
-4
-2
1
1
-4
-3
-5
1
2
-7
-1
-5
-1
6
-1
-3
-3
-1
7
5
6
5
-3
1
2
8
6
-3
1
3
10
11
10
12
4
9
7
5
8
4
10
11
13
9
1
5
4
4
8
-2
0
0
-4
2
4
0
-7
0
-2
6
8
5
7
-2
5
7
4
8
0
-2
-2
-2
5
-2
1
-3
-5
-7
-12
-5
-6
-10
-12
-12
-9
-5
-11
-11
-9
-8
-5
-12
-13
-14
-15
-11
-8
-6
-7
-11
-11
-8
0
-5
-10
-3
-9
-6
-3
-4
1
-7
-8
-9
-9
-2
-6
-2
-5
-4
-1
-8
-3
1
1
1
-5
-3
-2
-1
3
0
7
2
1
3
-1
11
9
4
9
7
7
6
4
10
15
15
11
6
9
15
11
14
10
6
8
-6
9
13
11
12
4
10
9
13
18
15
23
23
13
15
4
16
24
23
24
6
9
4
20
34
18
14
-4
1
16
23
36
7
4
7
-3
25
3
3
-3
-16
15
-6
2
-4
-22
16
-7
1
3
-36
2
-15
7
17
-32
-6
-32
-12
13
-22
3
-31
-28
-8
-25
9
-12
-8
2
-9
-1
-11
-9
10
12
9
4
-23
-7
9
16
19
-3
-15
-27
-14
7
24
8
-8
-17
-24
12
8
6
-4
-23
6
-18
-3
7
-4
18
-14
-2
3
-5
23
19
17
22
4
1
26
19
40
12
-6
34
14
55
24
1
32
-4
46
35
27
38
-18
14
17
34
54
-3
-13
-16
1
34
17
3
-11
-43
-10
-11
2
27
-23
5
-32
-24
-3
-26
40
6
8
-7
-58
-1
2
47
58
-4
-7
-48
-10
60
67
68
5
-52
-27
25
85
96
17
-13
-48
-16
67
67
75
8
-48
-8
7
53
66
5
20
-16
-17
26
-1
38
22
-5
32
-30
-23
6
2
90
22
-23
-32
-75
61
58
45
31
-78
2
2
54
104
-28
-10
-50
20
81
0
17
-42
14
43
5
3
-51
1
17
20
35
-43
-51
-55
6
75
6
-53
-121
-69
40
35
0
-52
-104
-40
-23
18
52
-57
-27
-74
-5
77
-1
24
-55
15
55
-8
27
-11
59
60
7
15
-3
32
29
44
47
27
-28
-23
23
76
89
-30
-27
-61
23
54
2
32
-53
-16
-56
-23
67
8
14
-84
-72
20
-7
24
-33
-35
13
-61
-30
-2
-11
51
-53
-35
16
-57
43
-77
23
61
-61
40
-119
38
23
-70
83
-53
74
-55
-136
41
-15
154
-17
-95
-46
-121
59
18
82
37
-123
-115
-65
86
155
28
-73
-60
-64
64
30
86
104
-48
3
-70
65
115
35
108
3
30
-33
-30
111
131
141
-37
-54
-63
50
118
88
96
-113
-59
-94
77
161
-11
-19
-183
-16
32
9
32
-109
-52
-84
-8
22
-56
-65
-118
-2
-2
-18
-111
-135
-27
-6
53
-99
-79
-94
-36
31
-29
32
-104
-89
-71
9
121
-14
-75
-140
-83
98
70
64
-53
-174
-47
15
135
126
-77
-72
-117
12
183
-2
84
-74
11
88
-135
68
-3
208
148
-97
-76
-133
146
210
184
54
-119
-117
-79
198
234
226
-59
-227
6
-2
275
65
107
98
-184
-9
-107
257
235
30
18
-145
-7
14
84
233
150
-33
-163
-129
99
246
133
20
-111
-103
48
24
187
18
-97
-72
-49
190
-22
-174
-133
-35
128
50
-191
-157
-276
-57
141
-17
25
-473
-294
-30
-34
175
-353
-248
-120
-216
99
-318
-83
-47
-236
53
-293
-91
-161
-222
157
30
-97
-298
-358
102
200
-1
-54
-244
-74
-54
-87
249
117
-23
-194
-259
211
186
166
33
-94
42
10
168
237
228
17
46
133
335
312
-3
187
286
513
351
33
210
273
536
576
380
303
78
273
574
703
532
210
110
269
472
460
444
247
229
105
47
166
180
251
80
-108
-198
-319
-234
-82
-76
-196
-622
-691
-544
-409
-358
-612
-654
-734
-821
-737
-735
-594
-694
-860
-724
-747
-661
-825
-799
-506
-460
-459
-652
-643
-473
-429
-296
-72
-86
-211
-485
-356
174
310
271
-23
-135
170
151
419
507
342
447
54
425
551
484
647
297
674
560
452
523
371
771
711
633
547
391
607
627
714
699
657
591
526
585
622
753
654
687
662
571
591
488
626
760
710
650
330
283
471
573
694
356
155
89
30
217
152
70
-72
-365
-313
-453
-417
-448
-646
-609
-874
-853
-1103
-1197
-1097
-998
-1015
-1388
-1582
-1643
-1353
-1338
-1238
-1387
-1632
-1617
-1745
-1266
-1069
-1157
-1246
-1746
-1364
-942
-808
-631
-1189
-989
-810
-743
-221
-415
-389
-469
-554
86
193
92
58
-133
373
631
402
557
358
651
1007
681
1089
902
910
1255
1024
1652
1463
1194
1501
1386
1992
1945
1676
1923
1746
2038
2145
2111
2349
2206
2058
2177
2190
2356
2345
1999
2164
2032
1926
1864
1521
1716
1539
1254
1087
678
668
421
158
57
-241
-534
-967
-1283
-1315
-1376
-1643
-2029
-2364
-2522
-2682
-2742
-2835
-2795
-3061
-3404
-3318
-3291
-3033
-3141
-3277
-2978
-3115
-3038
-2799
-2783
-2232
-2521
-2445
-1933
-2064
-1482
-1764
-1590
-1088
-1327
-758
-656
-576
-356
-774
-378
392
371
589
197
136
1001
539
1392
1543
1353
1734
562
1664
2018
2181
2414
1453
2127
1995
1985
2193
2115
2544
2170
1781
1640
1777
1847
1654
1718
1477
1494
805
609
1012
932
1137
398
455
781
551
370
88
584
1277
1080
544
400
466
1260
1503
1678
1757
1008
1077
1308
2014
2440
1868
1647
1439
1593
1718
1514
1579
1454
1211
684
239
203
187
145
-325
-732
-1211
-1745
-1820
-1805
-1742
-2161
-2951
-3212
-3276
-3314
-3318
-3664
-3679
-3904
-4273
-4197
-4255
-4040
-3929
-4171
-3923
-3976
-4008
-4033
-4071
-3010
-2425
-2505
-3346
-3608
-2856
-1732
-1023
-875
-839
-1727
-1562
-783
1130
2140
1170
439
384
1639
2862
3128
3264
3206
2814
3055
3069
3887
4266
3984
3928
3622
3631
3281
2966
3254
3820
3452
2544
1354
1179
1643
1688
1644
925
39
-531
-818
-379
-82
-568
-822
-1350
-1036
-740
-862
-758
-1056
-353
237
278
91
-374
399
1289
1956
2286
1761
1722
1649
2480
3520
3694
3422
2609
2600
2944
3240
3293
2904
2465
2061
1718
1379
1104
882
684
353
-413
-1088
-1564
-1907
-1781
-2100
-2387
-3096
-4124
-4262
-4249
-3890
-3866
-4766
-5243
-5429
-5512
-4723
-4868
-4695
-4719
-5673
-5175
-5103
-4171
-3269
-4190
-4191
-4244
-4094
-2524
-2868
-2040
-1589
-2538
-1057
-1800
-322
571
194
1828
570
1198
1597
2050
3879
3519
3772
3408
3106
3812
4484
5279
5157
4662
3880
4226
4213
4343
4772
3907
4008
2638
2116
2366
1877
2529
1560
779
195
-696
-388
-537
-606
-554
-1151
-1549
-1903
-1945
-1252
-865
-743
-956
-1364
-1146
-595
202
805
1060
1025
1024
1365
1950
2742
3048
3111
3090
2931
3201
3306
3454
3639
3370
3151
2551
2097
2066
1969
1758
1232
525
-15
-518
-956
-1208
-1598
-2030
-2542
-3117
-3750
-4166
-4441
-4327
-4281
-5036
-5461
-6167
-5980
-5405
-5718
-5367
-6121
-5847
-5736
-5865
-5263
-5492
-4714
-4885
-4346
-4518
-4520
-4282
-3372
-1380
-1811
-2016
-2924
-1390
598
861
1305
732
1358
2196
2755
4146
4232
3962
4358
4752
6028
5698
5322
5571
6103
6644
6156
5392
5034
5347
5168
5177
4151
3597
3105
2390
2381
1799
1459
516
-325
-478
-669
-1162
-1592
-1735
-1596
-1886
-2453
-2463
-2056
-1577
-1663
-1669
-1625
-1040
-667
-195
492
680
1285
1157
1854
2611
2868
3229
3003
3637
3894
3744
3743
3656
3992
3871
3269
2950
2708
2533
2061
1497
1198
806
86
-662
-1194
-1584
-1826
-2495
-3037
-3542
-4337
-4740
-5169
-5122
-5023
-5987
-6375
-6914
-6631
-6167
-6620
-6379
-7010
-6932
-6681
-6304
-5767
-5851
-6145
-6174
-5277
-4819
-3717
-4030
-3781
-3137
-3112
-1032
-1053
-263
-153
-192
1827
1583
2695
3054
3738
4712
4205
5023
5460
6139
6482
6699
6996
6700
6333
6255
6958
7198
6503
5679
4775
4852
4544
4147
3787
2670
2288
1246
711
390
65
-284
-1066
-1575
-1634
-1916
-2491
-2434
-2057
-1548
-2245
-2792
-2459
-1467
-806
-612
-631
-306
218
603
1608
1974
2595
2497
2631
3362
3560
3808
3648
3827
4220
3980
3556
3123
3122
3387
2945
2217
1419
1013
613
333
-159
-735
-1468
-2410
-2748
-3254
-3458
-3873
-4617
-5103
-5706
-6014
-6033
-6091
-6074
-6598
-7227
-7249
-6943
-6483
-6587
-6694
-6689
-6727
-6601
-6478
-5636
-5343
-5129
-4875
-4640
-3743
-4053
-3228
-1869
-435
196
-1443
-1120
325
2398
3684
3174
3409
3119
3705
5094
6414
7534
6614
5945
6060
7142
7613
7314
7315
7090
7102
5812
5244
4977
5214
5434
4093
3132
1851
1272
1268
1000
1063
126
-1211
-1793
-1896
-1300
-1347
-2079
-1893
-2191
-2401
-1995
-2180
-885
-905
-702
-152
-699
738
673
1756
2630
2430
2975
2470
3108
3834
4110
4461
4070
3662
3764
3494
3589
3605
3339
2841
1970
1152
924
639
258
-95
-1292
-1815
-2865
-3336
-3355
-3980
-4210
-5142
-5922
-6240
-6615
-6464
-6450
-6891
-7073
-7639
-7495
-7260
-7400
-6918
-6962
-6673
-6791
-7107
-6321
-6336
-5715
-5125
-4761
-3794
-4473
-4171
-3284
-1823
184
-567
-900
-611
166
2462
2878
3791
3957
2947
4198
4848
6721
7342
6218
6707
6551
7287
7393
7001
7653
7415
6928
6168
5256
5133
5211
4840
4446
3359
2117
1557
927
1168
1022
143
-566
-1568
-1455
-1315
-1541
-1231
-1566
-1616
-1844
-2180
-1291
-989
-51
241
-208
247
272
1495
2076
2799
3103
2604
2788
2808
3802
4108
4168
3782
3225
3093
2896
2880
2917
2494
1746
810
-9
45
-387
-592
-1611
-2709
-3024
-3772
-4129
-4612
-5155
-5320
-6068
-6585
-7015
-7273
-6916
-7134
-7172
-7645
-7900
-7696
-6977
-6712
-6850
-7025
-7234
-6713
-6027
-5448
-5240
-5504
-5234
-3810
-3835
-3159
-3084
-1249
1127
-332
-1826
-1394
2145
5079
4095
2218
2905
3429
5835
6751
7741
8279
5301
5879
7298
9401
9453
7315
7239
7912
7358
6660
5476
5894
6961
5511
3865
2201
1892
2503
2221
1350
922
-1065
-1578
-1977
-1428
117
-1820
-2468
-2862
-2836
-1481
-1785
-1624
-806
-1684
-451
-610
-291
1495
747
2347
2222
2397
3187
2241
3703
4331
4480
4460
2973
3426
3886
3699
3742
2872
2413
1940
948
707
666
2
-370
-1883
-2573
-2789
-3667
-3699
-4787
-5059
-5391
-6615
-6944
-7165
-7063
-7298
-7861
-7834
-7547
-7824
-8479
-8279
-7509
-6434
-6512
-7630
-7967
-7787
-6250
-4791
-4727
-5439
-6233
-5387
-3474
-2398
-1517
-430
0
-1081
-2510
175
4048
5395
3797
1888
3319
4424
6133
7725
8695
8490
5709
5828
7831
9855
9871
8112
8042
7555
6783
5918
5712
7041
7024
5327
2650
1141
1741
2428
2315
1325
-143
-1788
-2598
-2477
-1073
-640
-1698
-2410
-3692
-3571
-2615
-1485
-82
-910
-1606
-1523
-1288
789
1821
2538
2573
1726
2508
2798
3947
4946
5007
4967
4089
3591
3910
4428
4862
4535
3347
2483
1504
1179
1558
1513
659
-685
-2298
-2883
-2973
-3138
-3414
-4770
-5340
-6371
-7252
-7191
-7188
-6818
-7309
-8458
-8809
-9024
-8349
-8000
-7837
-7329
-8036
-8171
-8764
-7953
-6514
-5752
-5581
-6888
-7000
-5525
-4405
-3193
-2895
-1996
101
-1035
-2428
-2034
2386
5733
4443
1999
2070
3920
5679
7955
8682
9519
6336
5388
7675
10272
11712
8797
8117
8348
7775
7295
6369
7024
8219
6515
4243
1731
1832
3013
2867
2282
750
-1223
-2772
-2715
-1790
227
-1223
-2886
-4271
-4747
-2854
-2155
-618
-928
-2639
-2753
-2470
-413
1756
1922
1762
624
1276
2406
3224
4534
4803
4733
3887
3023
3410
4488
5256
4972
3667
2660
1771
1518
1855
2178
1613
170
-1794
-2567
-2616
-2313
-2708
-4086
-4576
-5870
-6734
-7266
-6783
-5948
-6593
-8154
-8965
-9004
-8045
-7684
-7353
-7031
-8267
-8256
-8529
-6730
-5624
-5808
-5974
-8044
-6797
-5123
-3339
-2215
-4180
-3846
-4245
-1555
1917
1599
289
-1883
828
4269
5352
3792
3409
4204
6088
6952
6751
8034
6498
7676
8360
9139
8695
6203
7022
8567
9233
7879
4776
4217
5455
5857
5388
3008
2107
1421
1029
615
906
430
-784
-1820
-2325
-726
-1471
-1772
-2538
-2189
-1426
-1817
-1459
-1842
-953
-547
216
827
853
1088
793
2479
3481
3620
3311
2412
3622
3922
4246
4077
3073
3659
3050
2715
2622
1932
1892
1152
919
348
-876
-1347
-1797
-1874
-2073
-3228
-4579
-5362
-5407
-4825
-5159
-5900
-7131
-7937
-7541
-6813
-6153
-6964
-7941
-8346
-7813
-7257
-6950
-6886
-6892
-7539
-8126
-7010
-6766
-4862
-5227
-7438
-6277
-5917
-2642
-2106
-2218
-911
-4646
-2039
807
3520
4021
-753
1941
3968
6297
6783
5095
7641
7571
8056
8536
9057
9411
8860
10199
10568
9861
7332
6715
8140
9075
9108
5425
3524
3424
3833
4712
2475
1428
495
-990
-1016
-1214
-962
-1643
-3061
-2854
-2442
-3598
-3563
-3252
-2011
-1309
-2720
-2541
-2484
-983
576
621
1237
805
580
1841
2931
4112
4005
3109
3456
3465
4149
4428
3858
4117
3892
3176
2570
1916
2399
2112
1292
813
-797
-1044
-1584
-1997
-1933
-3254
-3789
-4915
-5486
-5183
-5779
-5982
-6832
-7386
-6902
-7079
-6965
-7683
-8513
-6809
-6899
-6882
-7399
-8214
-6332
-6781
-6638
-6874
-7321
-6563
-6416
-5626
-4643
-5336
-4894
-3585
-2726
494
-1713
-3499
-2527
190
5077
2674
983
1409
2600
6102
6414
7326
7433
5544
6496
8191
10715
10585
8186
8256
9383
9405
8456
8021
7741
8733
7540
5935
4689
3723
5087
4043
3483
2483
313
-7
-387
362
430
-1158
-1995
-2798
-2876
-2107
-2348
-1857
-1643
-2787
-2412
-2295
-1222
7
-29
793
54
265
1136
1549
2929
2834
2633
2324
2037
2991
3165
3477
3389
2297
2232
1936
1578
1767
1447
890
-91
-939
-1126
-1723
-1995
-2409
-3142
-3687
-4829
-4947
-5330
-5171
-5339
-6831
-6165
-6631
-6447
-6901
-7767
-6164
-7126
-6475
-6290
-8635
-6928
-5932
-6718
-5791
-8576
-7316
-5875
-7258
-3769
-7077
-5180
-3223
-5180
286
-1827
-3286
-3452
-2652
5032
3456
-287
682
867
5868
7104
5704
7271
5582
6031
8219
9339
11511
9496
7350
10369
9331
9242
8959
6932
9900
8684
6959
5688
3326
5683
5427
3519
3747
846
93
583
-626
1136
-223
-2179
-2055
-3636
-2102
-2047
-3022
-1083
-2810
-2818
-1840
-2732
-323
-74
274
681
-671
1121
1277
1833
3292
2529
2654
2407
2253
3142
3471
3735
3375
2103
2198
1728
1479
2148
1334
668
-505
-1528
-1537
-1910
-2005
-2904
-3836
-4424
-4929
-5313
-5929
-5413
-6498
-6372
-6380
-7292
-7037
-7962
-6381
-6955
-8055
-6175
-7466
-7333
-6576
-7545
-6278
-7254
-7317
-6100
-6897
-6588
-5966
-5553
-3159
-2916
-3338
-667
-3558
-2939
-1129
1005
4848
440
996
2010
2314
7068
6785
7327
7322
4781
7349
8845
10674
11471
8785
9318
9085
8130
9585
9168
8531
9597
6754
5896
4418
3935
6338
4059
3679
1735
-1071
20
-84
143
562
-2128
-2957
-3603
-3789
-1936
-2610
-1984
-2514
-4266
-2674
-2271
-1407
359
-564
140
-391
24
1754
1483
3249
2881
2216
2503
2412
3120
3805
4089
3641
2669
1961
2360
1972
2351
2217
804
218
-1111
-1724
-1418
-1490
-1912
-3424
-4851
-4930
-5318
-4986
-4793
-6253
-6480
-7118
-6974
-6662
-7419
-6353
-6834
-7694
-7321
-7442
-6647
-6482
-7468
-6521
-7277
-7865
-7508
-7723
-4905
-5452
-5664
-4890
-4525
-1467
-1733
-3587
-3026
-1200
2253
2580
-264
1409
2032
4788
6556
6111
7867
5520
6159
8613
10961
12082
9176
8168
10130
10700
10164
9165
8708
9624
8773
7073
5728
4998
5501
5427
3649
2976
654
-600
-114
-179
402
-1776
-3494
-3798
-3833
-3074
-3097
-3660
-3036
-4114
-4307
-2937
-2286
-707
-1119
-941
-350
-255
949
1697
2536
3404
2808
2486
2993
3637
4731
4441
4168
3839
3301
3585
3279
3041
3099
2425
1462
539
-629
-747
-972
-1497
-2266
-3984
-4500
-4987
-5347
-5343
-6000
-6397
-6800
-7468
-7342
-7304
-7909
-7629
-8111
-7972
-7346
-8032
-7684
-8084
-8298
-7348
-7262
-7581
-8074
-7662
-6334
-5115
-4446
-2982
-1596
-2900
-5705
-4190
1160
4326
1965
-1867
-1
2603
5461
6436
7115
8054
4796
5436
8367
11911
12522
9105
9227
10442
10171
9320
8463
10364
11043
8849
6463
4010
5022
6228
5682
4437
2215
-137
-1282
-1128
341
826
-1972
-3973
-4937
-4701
-3701
-3402
-2831
-2971
-4736
-4951
-3871
-2110
-355
-721
-458
-607
-502
831
1818
3352
4126
3196
3056
2827
3539
5306
5179
5321
4408
3670
3501
2891
3816
4036
3181
1768
148
-507
-399
-714
-1129
-2298
-3951
-4858
-5575
-5305
-5467
-5815
-7288
-7769
-7674
-8406
-7540
-8451
-8115
-8456
-8706
-8970
-8853
-7452
-8788
-8737
-8920
-8373
-9093
-8270
-6271
-5746
-5632
-5798
-3075
-1196
-3262
-5293
-1728
1939
4275
-147
-573
3122
3857
7150
6327
8687
7352
5360
8582
11155
13191
11732
8846
10516
11824
10645
10488
8963
11126
10498
8014
6009
4812
6013
6281
4313
2785
1376
-1044
-439
-1079
271
-1190
-4036
-4527
-5373
-4589
-3792
-4296
-3894
-4546
-6228
-4409
-3916
-1454
-1191
-1663
-1062
-1773
493
1814
2650
3282
3053
2843
3130
3694
5330
5581
4996
4821
4182
4206
4263
4038
4124
3811
2503
1437
301
517
393
-763
-1750
-3288
-4059
-4354
-4992
-5250
-5782
-6852
-7710
-8525
-7858
-7652
-8496
-9029
-9606
-9520
-9159
-8547
-9320
-9498
-9974
-9787
-9553
-10378
-8374
-7782
-5953
-6099
-6689
-3201
-3419
-4898
-3505
-742
3307
1059
-1994
1973
3649
7314
6381
6221
8946
6674
8253
9990
12843
13781
10491
10350
12191
11688
11718
10552
10766
11465
9200
7564
5725
6057
6932
5422
3373
2147
-79
-308
-741
-615
-323
-3240
-4996
-5404
-4688
-4288
-4934
-4966
-4760
-5867
-5380
-4927
-3515
-2326
-2633
-1737
-1988
-1024
86
1071
2693
2800
2672
2522
2932
4325
4902
5649
5112
4396
4494
4054
4419
4520
4402
3689
2528
1910
1051
576
659
-72
-1235
-3061
-3870
-4062
-4671
-4812
-5786
-6111
-7270
-8493
-8644
-8638
-7349
-8601
-9460
-9465
-10906
-10111
-9455
-9666
-9427
-10870
-10851
-9022
-9550
-7799
-6977
-5349
-2774
-5696
-7018
-5197
-1052
3624
1682
-904
577
834
6275
7985
8471
10060
5786
7905
10264
13293
15018
11415
12142
13305
11695
11897
10634
12374
13994
10228
8411
5607
5995
7743
6328
5178
2940
-247
-863
-1352
-465
371
-2655
-4693
-6363
-6046
-5446
-5488
-4846
-5024
-6520
-7267
-6497
-4980
-2732
-2778
-2931
-2583
-2856
-1453
-67
1944
3622
2126
1961
2028
3259
5484
5528
5631
4792
4510
4782
4124
5017
5689
4619
3957
2325
1617
1712
1259
1294
-170
-1684
-3065
-3917
-3822
-4047
-4638
-6065
-6952
-7763
-7921
-8246
-8767
-7806
-8464
-9749
-11128
-11542
-8949
-8054
-9977
-10876
-12938
-11405
-7835
-7674
-6573
-9043
-7719
-3358
-4563
-5116
-4780
-1389
3392
351
-849
1316
2258
7364
7313
9430
9640
5023
8272
11558
15794
15592
10538
10954
12683
13028
13316
11497
12129
12484
9316
7777
6034
6823
8128
5756
3626
1779
-777
-399
-660
-135
38
-4131
-5287
-5949
-5566
-3969
-4907
-4996
-5351
-7263
-6410
-5638
-3741
-1692
-3243
-2768
-3557
-2623
70
889
2606
2158
1199
1640
1874
4198
5602
4930
4525
3396
3898
4375
4592
5031
4694
3536
2670
1528
1425
2086
1067
982
-851
-2364
-2958
-4046
-3241
-3614
-4998
-5970
-7957
-7937
-7415
-7711
-7353
-9137
-9811
-9135
-11342
-10876
-10517
-10915
-8902
-11912
-11110
-11415
-11857
-7464
-6934
-3295
-6280
-12004
-8183
-3039
3171
1554
-4222
-997
32
4199
7146
7573
10202
6754
7501
10650
13498
14705
13114
13672
16187
14231
11676
11804
13582
16776
13856
9829
7018
6767
8684
8395
6815
4741
1362
-710
-1198
-5
353
-1752
-4095
-5945
-5242
-5984
-6047
-5378
-4587
-5252
-6719
-7506
-6402
-4201
-2540
-1606
-3410
-2812
-3617
-1260
1431
2534
3257
459
1369
2442
4064
5358
4840
4624
4463
4028
3729
3777
4692
5419
3778
2611
1109
445
1601
1199
436
-821
-2811
-3489
-4285
-3801
-3974
-5219
-5901
-7226
-7961
-8286
-7912
-7741
-8306
-9555
-10321
-11089
-10159
-9501
-10399
-11367
-12318
-11212
-8912
-8256
-8775
-7573
-6026
-5350
-9740
-6486
-1379
690
-488
-5288
454
1819
5481
5930
6321
9525
5848
7886
10652
15300
15487
11902
12590
14210
14287
13695
12945
14662
14737
12235
8995
7153
9102
9598
8229
4790
3032
738
365
104
657
-203
-3409
-5167
-5884
-4085
-5483
-5501
-5723
-5649
-6133
-7247
-6032
-4949
-3489
-3082
-3762
-3289
-3032
-1964
-67
1098
2353
641
827
1674
3345
4693
4468
4061
3269
3904
3927
4251
4301
4295
3322
2521
2005
1661
1627
1491
766
-646
-2024
-2825
-2996
-3289
-3288
-4161
-6126
-7019
-7299
-7059
-6323
-8010
-8322
-9041
-10033
-9948
-11047
-10532
-10207
-11247
-10153
-11067
-11288
-9495
-8805
-3895
-5837
-10656
-10081
-6139
798
405
-4209
-3085
-1965
2234
5444
5374
8561
5199
6278
9488
12552
14886
11854
12683
15312
15582
13399
12836
13702
16966
15532
12067
9667
8381
10193
9719
8193
6510
3380
979
815
558
1332
-1246
-3851
-5025
-5715
-5356
-6263
-5882
-5637
-6165
-7456
-7458
-6766
-5542
-4065
-4072
-3515
-3978
-4025
-2544
-747
1879
1352
389
320
1494
3512
4508
4710
3911
3852
3480
4148
3973
4681
4516
3239
2927
1486
1225
1326
1318
934
-790
-2283
-3135
-3548
-2796
-3419
-4691
-5995
-6918
-7267
-7010
-7630
-7781
-8388
-9297
-9356
-11299
-10590
-10108
-10619
-10663
-11280
-10609
-9019
-9596
-7333
-5440
-6275
-9039
-9613
-3165
173
-761
-4885
-2569
340
3333
4858
5178
8080
5036
7047
9580
13313
14839
11312
12501
14709
14695
14242
12671
14378
16023
13533
12038
8940
9808
10951
9231
7587
5647
3288
2291
1134
1351
1812
-2277
-3599
-5137
-4747
-3668
-5563
-5950
-6065
-6749
-6552
-6128
-5688
-4393
-5051
-4123
-3502
-3526
-2062
-2834
-433
1175
783
1194
-92
2099
3563
3828
4193
3040
3397
3595
3511
4286
3954
3309
2520
1426
1946
1097
249
213
-602
-1207
-2451
-3704
-3647
-3946
-3972
-5223
-6856
-6722
-7411
-7245
-7752
-8765
-8716
-9227
-9467
-9548
-10600
-11055
-11515
-9732
-8153
-9143
-10638
-9731
-4807
-3279
-7658
-10477
-5717
-786
900
-3427
-3667
-916
793
4724
5104
7817
4905
4126
8107
12450
14762
11116
10435
12981
15247
14005
12596
13113
14958
14657
12347
9951
9529
10474
10392
8761
6831
4728
2312
2092
2285
2648
-66
-3229
-3973
-4035
-4009
-4097
-4724
-5435
-5792
-6797
-5830
-5494
-5110
-3848
-4475
-2844
-3599
-3764
-1881
-1464
1810
680
535
637
415
3523
4024
4451
3555
2306
2750
3341
3909
4622
2766
2153
1596
612
1272
160
309
-625
-2262
-2487
-3764
-3860
-3797
-4641
-5150
-6840
-7497
-7812
-7792
-7391
-8352
-8998
-9809
-10181
-9358
-10112
-10183
-10816
-11280
-9309
-10307
-9336
-8635
-7209
-3344
-6238
-9916
-8040
-3535
2542
-242
-4593
-2156
-1517
4306
5331
6533
7977
3306
5981
9209
13560
14485
10588
11932
14122
13661
12897
12209
14580
16199
13356
10814
8482
9057
11212
10121
8175
5826
2450
1869
1898
2581
2532
-1379
-3183
-4046
-4803
-4647
-3887
-2571
-3719
-7142
-8171
-6274
-3353
-1507
-3500
-4139
-4384
-3764
-1488
126
1978
1170
-5
205
1676
3470
4359
4624
4531
3904
3087
2671
3346
4973
5206
3099
986
185
497
1364
852
-8
-2061
-3655
-4337
-4008
-3582
-4264
-5493
-7512
-8086
-8241
-8038
-8634
-8885
-9320
-9997
-10688
-11104
-10442
-10503
-10581
-11075
-11066
-11324
-11549
-9591
-6581
-4047
-4260
-10170
-11253
-5201
1095
3515
-2786
-4765
-2452
1030
6523
6882
7925
5853
3409
7601
11407
14490
13095
11087
13950
14299
12282
11520
13141
16816
16192
11763
8667
7337
9993
11678
9954
7475
3434
1222
1244
2176
3086
1239
-2109
-4189
-4850
-5222
-4709
-3429
-2655
-4409
-7418
-8127
-6279
-2620
-795
-2025
-3771
-4334
-3751
-545
1973
2897
2677
105
916
2215
4191
5940
5400
5531
3955
2958
3107
3765
5937
5468
2711
992
-456
72
916
789
140
-2774
-4751
-5403
-5018
-3799
-4871
-6157
-8130
-9489
-8784
-9047
-8687
-8704
-9656
-10304
-11340
-11901
-10757
-10455
-10040
-10592
-11726
-11055
-12375
-9785
-6439
-4204
-2807
-8960
-11582
-6890
72
5010
126
-4622
-2847
-385
5915
8155
8274
8097
3629
6693
10624
13712
14840
11656
13329
14330
12274
11596
12134
15500
16976
12685
9166
6586
7893
10969
10298
8204
4553
990
389
1160
2289
2570
-1364
-3852
-5176
-5844
-4235
-3792
-2819
-2959
-6370
-7613
-6778
-3867
72
-1066
-2162
-3630
-3648
-509
1241
3620
3846
1774
1558
1749
3927
6381
6239
6455
4634
3465
3545
3612
5432
5575
3795
1841
-602
-511
363
372
62
-2790
-4526
-5720
-6017
-5202
-5626
-6402
-7876
-9704
-9733
-10143
-9789
-9057
-10152
-9890
-11759
-12634
-11919
-11359
-9865
-11010
-12286
-11774
-11880
-10077
-7032
-3840
-2788
-10178
-12460
-5523
1944
4622
-2589
-5091
-1455
1605
6505
7275
8663
7445
3807
7575
12110
14995
13695
11311
14052
15047
12457
11317
12515
16329
16867
12087
8046
6851
9463
11425
9684
6951
3976
799
854
1481
2646
1686
-2686
-4022
-5714
-5243
-4467
-4330
-2374
-4123
-6694
-7538
-6825
-2489
-293
-1185
-2117
-4314
-2646
-570
2032
4858
3482
2267
759
2238
5479
6981
7441
6182
4443
3894
3590
4476
6380
5712
3965
727
-779
-306
231
1042
-635
-3287
-5672
-6814
-6180
-5500
-5766
-7048
-9252
-10438
-10994
-10875
-10124
-10033
-10382
-11142
-12582
-13061
-12940
-11949
-9661
-11181
-11968
-13062
-12801
-8113
-5776
-2304
-5065
-12250
-9805
-3572
3732
3197
-4125
-3009
-1348
3788
7565
6759
9344
6060
5894
9974
12452
14978
12729
13141
16253
13955
11863
11564
14000
17758
15122
10926
7632
7274
10406
10350
8618
6125
2822
715
607
1306
1786
353
-2732
-3975
-6075
-6641
-4826
-3799
-2332
-5040
-8295
-6876
-5699
-2431
-701
-2119
-1718
-3499
-2773
176
2566
4957
3096
2128
2731
3042
5573
6907
7589
7460
4847
4035
4305
5463
7064
5611
3321
1743
170
157
402
434
-342
-3296
-5298
-6462
-6350
-5439
-5865
-7369
-9423
-10849
-11115
-10187
-10175
-10371
-11197
-12326
-12352
-12900
-12366
-11740
-11579
-11800
-12264
-12511
-11816
-10321
-6408
-2878
-4887
-10576
-12232
-3639
2868
3483
-2271
-5005
-1280
2409
7859
8354
8939
6003
4757
9220
13457
15603
13392
12508
15023
15028
12557
12501
13709
17439
15623
11800
8256
7025
10334
10722
9527
6437
2548
609
568
1373
2484
-415
-2813
-4769
-5800
-5641
-5575
-3613
-3931
-5709
-7456
-7556
-5244
-2208
-2077
-2221
-2773
-2918
-1770
-136
2494
3607
3188
2638
3188
4121
5557
6262
7438
7071
6093
5202
4392
6099
6518
5777
3871
2184
1383
711
825
268
-825
-2937
-4587
-5463
-5616
-6077
-6689
-7473
-9136
-9844
-10932
-10471
-10621
-10766
-11197
-12154
-12064
-12440
-12562
-12293
-12485
-12197
-11689
-12329
-11055
-11730
-8956
-6338
-3993
-4746
-11397
-8832
-2739
3261
2474
-3504
-2905
94
3953
8270
7954
9013
6416
5351
10855
13671
16457
13042
12522
15167
14401
13254
12457
14312
16707
14814
10664
7700
7333
10341
9908
8096
5212
1946
137
-239
1032
1570
-821
-4124
-6059
-6133
-5474
-5031
-4070
-4979
-5934
-7414
-6624
-4372
-2649
-1422
-2098
-2803
-1977
-1468
769
3262
3728
4430
2196
3381
4500
6099
8326
6658
6260
5499
5503
5943
5604
5963
5444
3100
2419
816
450
897
-571
-925
-3781
-5129
-6027
-6946
-5266
-6570
-8351
-9996
-11330
-10330
-10484
-10627
-10600
-12023
-11621
-12900
-13189
-11580
-12681
-11167
-12382
-12015
-11020
-12426
-9377
-7309
-3303
-2933
-10173
-11002
-4606
2629
4996
-2357
-3581
-955
2102
8025
7774
9681
7488
4632
8677
12712
16242
14453
11864
14997
15245
12999
12166
13083
17257
16558
12214
8114
6659
9517
10999
9424
6882
2969
-69
-264
888
2384
607
-3278
-5488
-6148
-6099
-4849
-4810
-4542
-4729
-7345
-7496
-6201
-3377
-875
-1843
-2590
-3116
-2551
26
1973
4268
4632
2340
2277
3120
5768
8142
6987
6475
5245
5111
5363
5249
6251
6149
4149
1641
560
666
1450
328
-1085
-3316
-4758
-5881
-6621
-5944
-5983
-7451
-10045
-10728
-11015
-10110
-10643
-10851
-10576
-12172
-12931
-13010
-12105
-11135
-11679
-12094
-11970
-11769
-11347
-10818
-7898
-4732
-2588
-6631
-11526
-7886
-95
4833
1305
-4070
-3075
154
5461
8529
8049
8430
4444
5942
10496
14436
15654
11919
12992
14813
13736
12085
12272
15218
17783
14009
9932
6456
7896
11854
10815
8920
4378
1100
205
1010
3035
2647
-1595
-4487
-6054
-5551
-4547
-4539
-3553
-4607
-6530
-8402
-7599
-4474
-831
-579
-3099
-4793
-4154
-1024
2114
4335
3997
1566
637
2397
5486
8126
7497
5796
4494
4754
5863
5441
6311
6702
5033
2714
528
1185
1947
2108
993
-2303
-4444
-5567
-5411
-4762
-4725
-6416
-8658
-10837
-10676
-9890
-9552
-9359
-11003
-11761
-12794
-12154
-11782
-11497
-11176
-11384
-12016
-12593
-11645
-10986
-8973
-8016
-4691
-2927
-7400
-11382
-7703
1176
5200
214
-5367
-3087
724
6328
7678
8114
7931
3857
5940
9946
15163
15423
11683
12749
14319
13252
11973
12334
16099
17579
13469
9048
6110
9056
12219
10892
8173
4072
1082
477
1254
3464
2368
-1787
-4732
-5894
-4955
-4500
-4386
-3816
-4467
-6785
-7973
-7121
-3622
-1254
-1844
-3279
-4066
-3115
-1128
1538
3670
3934
1484
1212
2820
5580
7054
6245
5873
5072
5264
4847
4665
5833
6106
4517
2297
999
1035
1165
1002
242
-1785
-4101
-5427
-5474
-4860
-4685
-6869
-9107
-9929
-10046
-9002
-9723
-10419
-10823
-11458
-11096
-11954
-11662
-11333
-11570
-11190
-11851
-11805
-10227
-10138
-9210
-8593
-5818
-2459
-6535
-9800
-6788
-422
3121
-280
-3633
-880
623
5075
6485
7393
9010
3945
6933
10009
14496
15063
10878
12860
14202
13452
12864
12374
14931
16384
12553
10387
7265
9494
11353
9229
7732
4383
2400
1957
1373
2410
1623
-1967
-2892
-4852
-4083
-4727
-5072
-3704
-4652
-4706
-6476
-7266
-4528
-2244
-1543
-1827
-4081
-2950
-1748
805
3703
2791
2696
917
2101
4591
5580
7076
5014
4403
4774
4155
4785
4776
5025
4792
2588
1260
436
398
1681
98
-1138
-3964
-5671
-4979
-5000
-4108
-5940
-8916
-9929
-9357
-8820
-8686
-10184
-10331
-10707
-11186
-11007
-11571
-10864
-10496
-11195
-11241
-11532
-11268
-9427
-10037
-7775
-5745
-4269
-4659
-10744
-8004
-986
2257
2039
-4628
-3063
373
2921
8337
6420
7766
4646
4062
10118
13289
15371
11775
10675
13741
14057
12553
12836
13740
16271
14262
10044
7948
8143
11467
10844
8110
5690
2765
1361
1790
2658
3085
-15
-3330
-4531
-4325
-3743
-3893
-3881
-3594
-4970
-7185
-6846
-4401
-1507
-1643
-3081
-3888
-3074
-1042
177
2133
2990
1890
1155
1352
3902
5221
5622
4937
3943
4649
3696
3871
4167
5195
4749
2114
739
725
895
1074
-62
-1579
-3202
-5003
-4427
-4997
-4479
-5792
-8415
-8309
-8435
-8190
-8884
-10339
-9027
-9633
-9955
-10326
-11829
-10345
-10217
-9931
-10554
-11332
-10706
-9686
-10339
-8213
-6899
-4307
-3185
-9636
-9217
-4655
1128
2772
-2587
-3550
-1118
439
6412
6491
7837
6788
2811
8729
10699
15102
13402
10762
14161
13782
12688
12330
13156
16684
16110
11339
9157
6968
10839
11634
9683
7718
3467
1804
1639
2534
3811
1634
-1816
-3316
-4699
-3889
-4261
-3275
-3065
-4431
-5908
-7221
-6503
-3208
-1119
-1754
-2868
-4937
-3255
-1451
1690
3200
1873
736
-516
1450
3932
5349
5284
3382
2739
3192
2704
4014
4628
4516
3241
714
85
167
1234
1570
-546
-2883
-4320
-4815
-4021
-4258
-4496
-6219
-7858
-8130
-8813
-7857
-7775
-7848
-9279
-10177
-10256
-10049
-9469
-9715
-9293
-10609
-11098
-11429
-9904
-9386
-9031
-7944
-6722
-3564
-6237
-9963
-8179
-1780
2192
138
-4691
-3692
-884
3200
6915
6115
7145
3578
4728
8971
13089
15416
11494
11112
13333
13477
12684
12974
14956
16792
13298
10115
7813
9274
12508
11072
8787
5573
2959
2262
2628
4110
4013
88
-2184
-3884
-3741
-2968
-3072
-2470
-3245
-5236
-6988
-6681
-4174
-1206
-1397
-2421
-4692
-4321
-2320
19
3067
2324
619
-1127
-345
2666
4676
5056
3813
2074
2078
2450
3507
4559
4441
3762
1180
81
517
1055
1766
567
-1521
-3292
-4222
-4066
-3948
-3788
-4775
-6512
-7313
-8204
-8183
-7144
-7548
-6996
-8660
-10094
-10078
-10096
-8494
-9085
-9037
-10321
-11686
-11115
-9667
-9030
-7627
-8133
-6475
-4278
-7565
-8685
-7522
-651
1763
-1439
-4642
-3931
-346
4389
6724
6283
6001
2626
5908
9108
14070
14505
10645
11322
12478
13211
12728
13213
15064
15562
11712
9594
7343
10341
12151
10378
7981
4339
3055
2251
3458
4212
3520
-652
-2373
-3289
-3133
-2676
-2744
-2252
-3514
-5788
-7227
-5914
-3384
-364
-1935
-3402
-4985
-4346
-1341
704
2489
1209
-1155
-1526
584
2732
4505
3187
2444
1753
1644
2934
2806
4167
4183
2187
1074
214
989
1619
774
568
-1728
-2963
-3516
-3607
-2789
-3385
-4529
-5987
-6806
-6726
-6236
-6596
-6317
-6964
-8136
-8954
-8993
-7988
-8163
-8747
-9719
-10147
-9821
-9845
-9021
-8825
-9000
-7601
-6771
-4332
-5836
-9623
-6797
-2947
1147
-728
-5069
-2585
-974
3957
6163
4738
6135
3664
6437
10262
11989
13533
10507
11576
13922
12889
12847
12271
13672
15322
12116
10183
8309
8901
11443
9673
7775
5122
2798
3200
2966
3044
2481
-754
-1841
-2863
-3538
-3100
-3885
-2914
-3504
-5638
-6294
-6438
-4142
-1986
-2331
-3398
-4863
-4143
-1982
-324
1119
414
-966
-906
-80
2157
3101
2862
2371
1564
2363
2617
2651
3162
3277
3102
1801
691
700
820
1269
531
-854
-2326
-3235
-2913
-3032
-2978
-3501
-5249
-6077
-6497
-6043
-5404
-6275
-6435
-7778
-8579
-8249
-8253
-8321
-7985
-8999
-9692
-10609
-10616
-8057
-9210
-7785
-8043
-6896
-4237
-7903
-9139
-6088
-1613
1124
-2884
-5074
-2055
-512
5415
5576
5615
5718
3113
7597
10346
13743
13870
10300
11752
13488
13058
13754
12858
14972
14888
11490
10198
8483
10902
11967
9866
7472
4752
3207
3648
3683
4159
2709
-969
-2331
-3441
-3157
-2650
-2862
-2215
-4176
-7215
-7047
-5869
-2671
-1141
-3709
-5197
-6391
-4276
-1412
-447
1439
-1485
-3007
-2135
-448
3037
2500
2207
1326
387
1701
1885
2552
4065
3187
2017
88
149
1443
1517
2314
309
-1627
-3131
-3187
-1825
-1323
-2155
-4163
-5556
-5814
-5495
-4803
-4910
-6015
-6555
-8252
-8297
-8111
-8157
-7399
-8577
-8839
-10554
-11748
-9896
-8956
-7834
-9092
-9865
-8744
-6907
-4545
-7089
-8592
-4938
-1920
-693
-3107
-3330
-82
1424
5745
5513
5711
5989
5500
9835
12154
14506
12318
10361
12997
14669
14361
13809
13311
14226
13566
11967
10738
9457
11398
10647
8763
6701
4710
4125
3622
3618
3090
517
-1633
-2993
-2602
-2445
-3871
-3709
-4636
-4514
-5652
-7299
-5358
-4266
-2840
-3275
-6579
-4982
-4721
-1915
-128
-1246
-689
-3796
-1413
787
2072
3504
1415
995
2061
2010
3655
3032
3673
4598
1842
2279
774
2157
2894
2158
1255
-1508
-2026
-1650
-1509
-870
-1286
-3817
-4828
-6128
-5241
-4426
-4812
-5182
-7683
-8898
-9213
-8515
-6658
-7359
-8942
-10963
-11422
-10901
-9450
-9105
-9552
-9688
-11174
-9278
-8670
-5193
-4120
-7909
-8087
-5099
-1692
207
-2022
-967
1243
1619
6389
4777
8197
7968
7163
11105
11079
14090
12302
12074
14870
14445
13299
13104
12388
14890
13552
12020
10370
8343
10539
9173
8160
6327
4361
3480
2705
1656
1654
-482
-1504
-2549
-3914
-4169
-5499
-4189
-5005
-5202
-5993
-7018
-6377
-5561
-4200
-3868
-4995
-4967
-4954
-3673
-1344
-949
-298
-1922
-1320
-139
1121
3239
2580
2326
2351
2624
3186
3300
4295
4655
3502
2734
1833
1903
2389
2508
2100
456
-997
-1390
-1204
-984
-1166
-3020
-4142
-4630
-5068
-4831
-5865
-5816
-6565
-7762
-8031
-8472
-8394
-8316
-8807
-9410
-9832
-10930
-10086
-10623
-9011
-9176
-10648
-8349
-8278
-4777
-4433
-8099
-7328
-4079
103
1577
-2437
-889
697
3298
8053
5827
8801
6875
7155
11179
11678
15148
12652
11687
14247
13634
13502
12796
12773
15364
12981
11346
9073
7729
10651
9369
8186
5520
2790
2306
1693
2177
1676
-994
-2926
-4193
-4125
-4696
-5500
-4828
-5755
-6462
-8078
-7847
-6256
-5739
-4816
-5916
-6208
-5165
-5280
-3279
-2080
-1374
-1279
-2892
-558
270
1548
2768
2203
2973
2129
2915
3875
4454
5566
4508
3117
3147
3241
3829
3367
2857
2493
658
7
-637
-149
-69
-1414
-2982
-4456
-4519
-4752
-4729
-5628
-6444
-7149
-8194
-8219
-8320
-8780
-8846
-9118
-9963
-10320
-11185
-10058
-10170
-9637
-9133
-10086
-8004
-7409
-4405
-4647
-7904
-6243
-2668
1180
1361
-1808
-852
1394
4548
8290
6912
7964
6672
7560
11253
12786
14811
12250
11835
13634
13430
13089
13269
13560
14392
11985
9915
8644
8565
10692
8966
6848
4204
2317
1963
1973
2239
871
-2026
-4189
-5060
-4909
-4673
-5011
-5922
-6492
-7364
-8974
-7976
-6590
-4729
-4490
-6742
-7238
-6201
-3932
-1680
-1466
-1129
-2281
-2611
-138
1502
3567
2961
2232
2634
3056
4538
4686
4690
5633
5186
3766
3307
3302
4397
4352
3133
1481
-507
-315
161
-390
-915
-2918
-4611
-4766
-5065
-4752
-5464
-6985
-7472
-8475
-8705
-8617
-9323
-8723
-9462
-10454
-10861
-11767
-10213
-9614
-9048
-9784
-11177
-8079
-6307
-4180
-4619
-7818
-5932
-2464
1127
1760
-1485
-207
1548
4494
8617
6993
7943
6761
8339
12192
12527
14227
12136
12516
14660
13900
12967
12660
12989
14616
12305
10219
8742
7866
10294
8281
6799
4312
1944
2061
1324
1152
-75
-2484
-3603
-5053
-5563
-5364
-6090
-5969
-6914
-7550
-8776
-8826
-6833
-5668
-5032
-5739
-7210
-6070
-4126
-2109
-963
-1286
-1550
-2112
-269
1919
3450
3568
3067
2936
3978
4697
5276
5910
5758
6164
4451
4267
4428
4465
4786
3447
2255
780
-241
75
-461
-744
-2437
-4539
-4506
-5258
-4883
-6074
-7126
-7713
-8719
-8729
-8529
-9328
-9638
-9994
-10926
-10310
-11141
-10395
-10281
-9749
-10392
-10142
-7678
-5628
-4158
-5801
-7006
-6385
-1580
1453
1869
-852
-1241
1007
4536
8375
7824
7834
5978
8025
10515
12848
14105
12195
12172
12739
12955
12116
11919
13225
13799
11487
9450
6831
7644
9301
8410
6512
3136
1193
769
677
1032
18
-2814
-4249
-6399
-6069
-6121
-5848
-5711
-7589
-7722
-9447
-9307
-6877
-5110
-4569
-5586
-7353
-5906
-4007
-1163
16
-965
-167
-1688
523
2485
4326
5456
3786
4299
4463
5680
6412
6856
6954
6843
5640
4383
4490
5209
5680
3988
2469
592
-342
-149
-275
-728
-2038
-4547
-6202
-5981
-5054
-5360
-6734
-8489
-9479
-9706
-9226
-8766
-9333
-9214
-11318
-11115
-11016
-9770
-8964
-10026
-9504
-9205
-7821
-6221
-3956
-4254
-4529
-6115
-2109
596
2003
1398
-1149
2730
3833
7484
7170
7654
8110
7962
9720
11563
13008
12162
12007
11790
12963
11187
11396
11284
12165
11658
9055
6800
6174
7576
7347
5640
2528
1359
-182
254
-492
-1162
-2989
-4738
-5700
-6763
-6504
-6721
-6098
-7108
-8439
-9838
-8788
-7079
-4926
-5132
-6313
-6591
-5880
-3092
-1425
197
-710
-1235
-556
1401
3371
4165
4718
4571
4808
5002
5743
6246
7500
7842
6654
5545
4522
5355
5849
5957
4643
2104
868
87
841
475
-532
-2225
-4423
-5023
-5102
-4806
-5177
-6208
-7574
-8393
-9106
-8883
-8471
-7952
-8389
-9895
-10058
-10723
-9238
-8278
-7956
-7890
-9052
-8558
-7762
-5105
-3790
-3227
-1922
-2825
-4388
-2321
1296
4379
4049
1332
2373
2980
6766
8856
9083
9466
7237
7739
9007
11999
13515
11331
10178
10475
9388
9798
9673
10020
10250
7798
6072
3531
4205
5907
4970
2888
109
-1963
-2182
-2172
-1637
-2064
-4801
-6278
-7623
-7478
-6361
-6816
-6542
-7128
-7543
-7115
-8172
-6731
-3858
-2716
-2342
-4399
-4615
-1848
-222
3312
2296
1566
1897
1100
4939
5964
7712
6596
4676
5839
6138
6799
7561
7031
6940
5679
3564
3925
2870
4616
3148
1276
-214
-2336
-1808
-2095
-1328
-2811
-4646
-6648
-6742
-6328
-6087
-6473
-7384
-8095
-9326
-9088
-9077
-8040
-7768
-7580
-8909
-9219
-9034
-8797
-6206
-5799
-5422
-7383
-7167
-4466
-2764
115
-441
-2789
-2880
-494
2983
4501
3001
3068
2580
4770
7486
6943
8104
7428
8081
8504
8895
9982
9426
9504
10588
9258
7862
7461
7118
8940
7946
6668
3986
2491
3670
3530
2855
1273
-780
-1817
-2362
-2842
-2442
-3876
-4493
-5282
-6108
-6411
-6592
-5673
-5169
-5573
-6018
-6025
-5449
-3582
-2555
-1969
-2079
-1842
-1153
-124
1736
2746
2689
2932
3405
3977
4833
5670
6277
5939
5841
5644
5567
5879
6301
5685
4800
3808
2983
2699
2302
2145
945
-400
-1369
-2107
-2391
-2506
-3193
-4068
-5348
-6069
-5957
-5998
-5960
-6569
-7645
-7980
-7998
-7304
-7020
-7710
-7702
-8384
-7944
-7114
-7058
-6817
-6609
-6391
-5824
-6058
-4514
-2987
-2503
-813
-2651
-2998
-1854
824
3476
2473
1532
1106
2163
5298
6903
6577
6503
5171
6342
7317
8908
9909
8349
8529
7909
7627
7632
7560
8201
8037
6503
4907
3057
3575
4727
4150
2566
-180
-1274
-1431
-1370
-1286
-2234
-3695
-4920
-5394
-5167
-5254
-4950
-4971
-4925
-5136
-4947
-4752
-4681
-2575
-1541
-1196
-1630
-2027
-977
1002
2905
3429
2624
2534
3116
4015
6018
6344
6311
5255
5004
5800
5494
6205
5824
5056
4281
3160
2694
2330
2563
2098
757
-451
-1748
-2047
-1847
-2109
-2640
-3877
-5214
-5806
-6092
-5450
-5454
-6043
-6796
-8156
-7547
-7619
-6872
-6479
-7309
-7227
-8175
-7607
-7009
-6018
-5344
-5790
-6438
-5865
-4901
-3306
-1344
-1329
-1997
-4009
-1492
969
2808
2729
1000
1805
2416
5083
5561
6413
6199
5840
6008
7160
8559
8245
8427
8198
8661
7232
6962
6678
7370
7735
6386
4458
2759
3175
3309
3116
1572
173
-1362
-2323
-2310
-2254
-2615
-3759
-4801
-5128
-5894
-5424
-4958
-4475
-3684
-5337
-5610
-5104
-3550
-1296
-1450
-1875
-1676
-1830
765
1691
2992
3196
1507
3411
3179
5409
5846
5061
5919
4953
5511
5481
5087
6054
5462
4600
3984
2426
3244
2671
2680
1923
-183
-355
-1420
-1092
-941
-2388
-3294
-4682
-5005
-4579
-5190
-4955
-6111
-6757
-6825
-7348
-6880
-6600
-6853
-6964
-7605
-7691
-6764
-7397
-5943
-6052
-6928
-6025
-6707
-4923
-3423
-3264
-1557
-3025
-3486
-1895
-1345
2449
1524
604
1650
338
4208
4730
5325
6600
4007
5691
6094
7313
9262
7697
8286
7953
6845
7675
7105
7670
8037
6181
5707
3464
3278
4462
3412
3048
832
-930
-1465
-1477
-1038
-1610
-3221
-4409
-4898
-5112
-4329
-4389
-4519
-4735
-5372
-5019
-4453
-3490
-2471
-2587
-2208
-1567
-1443
81
757
1479
2436
2011
3032
3224
4000
5177
5132
5803
5278
5396
5778
5827
6440
5906
5121
4681
4238
4233
4024
3067
2476
1676
985
452
-615
-828
-1490
-2155
-3119
-4155
-4360
-4999
-4960
-5258
-5812
-6790
-7177
-7084
-6677
-6555
-7177
-7056
-7990
-7297
-6905
-6561
-6182
-7180
-6454
-6178
-5851
-5421
-5383
-3887
-2569
-2723
-2248
-3626
-2518
57
521
2265
18
285
1233
2434
5778
4798
5033
4103
4199
6479
7311
8061
7771
6915
7309
6729
6095
7214
6985
7343
5751
4089
3411
2888
3851
3617
2420
480
-960
-1675
-782
-838
-1336
-2495
-4345
-4015
-4449
-3745
-2928
-3591
-3422
-4355
-4683
-3189
-3002
-1206
-731
-1789
-909
-1619
339
1847
2285
3463
1724
2298
3315
4108
6042
5464
5109
5005
4412
5839
5874
5896
5970
4397
4374
3662
3605
3736
3030
2671
1293
-66
-542
-627
-637
-998
-2452
-3544
-4230
-4536
-4232
-4472
-4931
-5541
-6450
-6407
-6303
-6179
-5766
-6233
-6233
-6546
-6918
-6060
-6019
-5195
-4974
-6173
-5828
-6345
-5096
-3951
-3994
-3182
-3993
-3513
-2416
-2747
-1416
-674
-859
96
-1195
442
1399
1784
3722
2341
3398
3386
3359
5416
5601
6359
5938
4629
5830
5640
6092
6579
5161
5371
4243
3904
4025
3548
3869
2739
1599
1129
422
470
488
-111
-525
-1615
-2441
-2182
-2273
-1673
-1803
-2716
-2887
-3261
-2341
-1504
-852
-588
-1748
-1564
-399
434
2443
1689
1173
1943
1781
4160
3856
4416
4566
3673
4878
4790
5471
5394
4618
5079
4570
4038
4127
2932
3916
3182
2108
1458
36
719
-91
-233
-1340
-2348
-2386
-3024
-3041
-3261
-3901
-4500
-5066
-5105
-5046
-5240
-5079
-5811
-5428
-5605
-5686
-5349
-5573
-5292
-5563
-5204
-5145
-5165
-5732
-5402
-4454
-5008
-4921
-5204
-4421
-2945
-3088
-2820
-3657
-3383
-1566
-1137
-222
-928
-1393
-1
504
2397
2552
1729
2601
2312
4076
4706
4490
4990
4443
5545
5321
4740
5243
5368
5658
5342
4350
4089
3824
4094
4234
3349
2734
1892
1608
1576
1537
1159
538
-192
-561
-669
-841
-640
-868
-1137
-1628
-1678
-1095
-930
-406
-237
-682
-314
-92
497
1333
1427
1770
1639
1799
2521
2594
3305
3416
3246
3352
3014
3485
3364
3580
3724
2938
2500
2258
2229
2471
2096
1510
880
171
218
-231
-141
-529
-1137
-1575
-2233
-2284
-2533
-2507
-2865
-3247
-3796
-4149
-4155
-3844
-3611
-3986
-4676
-5221
-4988
-4801
-4577
-4988
-5195
-5802
-6041
-6016
-5966
-5149
-5945
-5780
-5947
-6198
-5209
-4946
-3675
-3308
-4864
-4581
-3751
-2148
-805
-2112
-1371
-1565
-526
1139
1002
2564
2162
2175
3240
3860
4972
5176
5021
6152
5771
5748
5957
5740
7128
6673
6141
5341
4927
5644
5735
5240
4804
3814
3204
3375
2939
3098
2195
1482
964
463
281
78
163
-164
-864
-1363
-906
-844
-82
-269
-1234
-1241
-927
-203
435
259
-211
-202
-226
1103
963
1115
1366
657
1443
1318
1999
2177
2117
2713
1773
1569
2262
2042
2831
2531
1618
1761
1011
1752
1606
1319
1213
137
119
-172
-339
-339
-801
-1316
-1856
-2533
-2662
-2962
-3024
-3229
-4115
-4527
-4868
-5088
-5287
-5176
-6018
-6372
-6328
-6849
-6941
-7228
-6684
-6963
-7085
-6924
-7427
-7249
-6321
-5925
-5117
-4875
-5767
-5255
-4655
-2476
-1802
-2251
-1976
-1886
-724
883
1841
2400
2500
2468
3612
4036
5804
5834
5941
6733
6348
6935
6917
7620
8074
7934
7490
6920
6465
7101
6970
6805
6318
5039
4481
4097
4141
3708
3147
2094
1357
720
417
154
-291
-331
-1247
-2049
-2365
-2790
-1919
-2225
-1764
-2121
-4262
-3293
-2823
-1315
-491
-2306
-2543
-2268
-1290
638
125
1039
267
-350
1440
1402
3506
2648
2635
3159
2533
3622
3511
3871
4730
4089
3484
2833
2583
3867
3243
3408
1908
763
756
0
727
-44
-858
-2101
-3248
-3358
-3819
-3750
-4041
-5240
-6001
-6974
-7082
-6772
-6926
-7116
-7944
-8488
-8811
-9006
-8287
-8059
-8026
-8320
-8448
-7944
-8173
-7054
-6392
-5524
-4901
-5416
-5391
-4471
-2587
-1242
-947
-947
-545
-142
1845
3015
4023
4612
4205
4991
5731
7120
7946
8017
8576
8516
8256
8760
8812
9578
9725
8895
8210
7287
7649
7814
7313
6815
5290
4189
3877
3220
3097
2120
1141
135
-1183
-1464
-2170
-2151
-2234
-3612
-4471
-4827
-4414
-3760
-4434
-4562
-4788
-4706
-3737
-3976
-3259
-2904
-2642
-1865
-1499
-495
-418
-60
1253
2032
2670
2782
2586
3918
4662
5192
5255
4756
5560
5489
5807
5751
5284
5384
4926
4499
4213
3497
3054
2444
1734
1356
49
-741
-1476
-2029
-2407
-3643
-4524
-5200
-5737
-5892
-6827
-7141
-7497
-8155
-8012
-8485
-8582
-8928
-9116
-8483
-8690
-8873
-8559
-8992
-7740
-7490
-7379
-6546
-6849
-5501
-5455
-4552
-2842
-2696
-2627
-1975
-1127
980
1249
1317
2591
2526
4482
4436
5185
6656
6542
7181
7367
8009
8921
8613
8990
9466
8770
9150
8180
8372
8833
7978
7576
6222
5620
5752
4835
4133
3433
2100
1581
411
-220
-468
-1678
-2154
-3044
-3908
-4133
-4770
-4191
-4504
-5654
-5551
-5621
-4700
-3990
-4742
-4650
-4415
-3393
-2072
-2108
-1428
-1654
-905
760
1450
2175
2101
2576
3642
4334
5075
5188
5112
5963
6160
6132
5802
5848
6074
5949
5635
4760
3935
3564
3474
2910
2196
878
-159
-807
-1148
-1804
-2595
-3735
-4669
-5213
-5848
-6024
-6623
-7023
-7631
-8113
-8420
-8335
-8312
-8082
-8247
-8668
-8314
-8208
-7698
-7055
-6814
-6543
-6587
-6370
-5059
-4519
-3684
-3247
-3308
-2393
-1806
-774
317
702
1311
1280
2063
3517
3720
4628
4784
5138
5787
5916
6550
6988
7248
7598
7372
7185
7494
7078
7460
7208
6729
6284
5365
5232
4949
4484
4031
2958
2020
1706
979
884
224
-702
-1404
-2259
-2376
-2658
-2944
-3225
-3973
-4349
-4359
-4364
-3549
-3495
-3893
-4029
-3979
-2816
-2035
-1525
-1295
-1541
-951
-176
895
1994
1976
2095
2272
2923
4050
4241
4814
4856
4556
4830
4821
5269
5312
5199
4836
4172
3917
3534
3257
3013
2521
1622
602
-164
-572
-910
-1344
-2306
-3323
-4113
-4605
-4830
-5152
-5363
-6047
-6625
-6882
-6997
-6826
-6731
-6651
-6729
-7135
-6738
-6387
-5914
-5241
-5343
-4965
-4994
-4621
-3580
-2950
-2531
-2392
-2352
-1644
-726
-174
283
385
970
1453
2010
2536
2685
3166
3489
3695
3966
4062
4124
4376
4363
4644
4618
4065
4089
3935
4271
4135
3541
3299
2819
2969
2669
2514
2125
1618
1320
939
722
356
425
-87
-281
-610
-1182
-1171
-1150
-1057
-1303
-1644
-1878
-1797
-1660
-1473
-1232
-1502
-940
-1228
-909
-407
-872
441
266
1821
1697
-784
632
1740
3389
4564
1191
1364
1863
2394
5530
3273
4509
2062
1210
3830
3155
5647
2849
2055
2362
1303
2540
1778
1114
2195
72
-743
-1559
-2178
49
-1660
-1560
-3631
-4678
-3899
-4300
-3072
-3706
-4661
-5621
-5944
-5171
-4617
-4546
-4309
-5069
-5073
-4997
-4819
-3593
-3020
-2634
-3111
-3643
-2852
-2045
-1056
-474
-702
-786
-776
-593
125
1229
1351
1240
590
939
1159
1437
2096
2185
2152
1467
987
903
1967
2259
2233
1261
804
719
618
1497
1713
1486
907
78
111
1123
1140
1461
678
465
549
95
813
916
1108
1017
285
300
448
610
1226
944
1037
512
-108
392
622
1047
961
133
103
-168
189
631
559
1239
11
-191
307
402
1637
1189
828
982
79
1373
1707
2429
2462
379
1551
1475
2989
2962
1500
2351
1390
2121
2345
1747
2304
1310
883
987
512
940
-48
-235
-432
-1173
-1155
-1984
-1697
-1731
-2142
-2643
-3164
-2889
-2839
-2948
-2985
-3088
-3030
-3012
-3082
-2844
-2641
-2318
-2170
-2367
-2280
-2249
-1819
-1264
-1323
-1474
-1686
-1340
-1229
-1042
-796
-1103
-941
-1214
-1341
-870
-835
-636
-899
-1221
-743
-967
-499
-338
-573
-307
-922
-248
71
69
235
-350
263
640
635
825
741
1190
1480
1336
1769
1678
1967
2308
1947
2453
2238
2227
2404
2169
2466
2245
1908
1939
1816
1778
1569
1116
1186
1006
757
482
78
198
87
-185
-323
-682
-556
-500
-668
-522
-646
-360
-169
-394
-46
244
334
615
550
973
1134
1071
1245
1490
1939
1707
1678
1618
1961
2003
1933
1898
1685
1653
1256
1390
1229
1100
766
261
156
110
-94
-376
-742
-985
-1071
-1332
-1378
-1554
-1654
-1868
-2073
-2129
-2031
-2260
-2332
-2339
-2557
-2475
-2731
-2497
-2370
-2624
-2458
-2583
-2315
-2229
-2389
-1712
-2037
-1722
-2032
-2125
-1069
-1553
-1057
-1604
-1700
-920
-1395
-755
-767
-974
-595
-1190
-456
-83
-125
192
-460
324
449
545
822
719
1289
1252
1228
1374
1390
1912
2185
1967
2095
1769
2074
2214
2385
2482
2209
2109
1782
2001
2162
2296
2030
1613
1425
1493
1404
1706
1518
1284
1122
527
898
890
1189
1012
419
415
289
548
745
521
633
327
247
332
189
683
405
435
218
-81
-41
-104
190
132
-31
-471
-687
-662
-415
-295
-493
-745
-1067
-1116
-935
-826
-723
-929
-1234
-1333
-1426
-1162
-1140
-1184
-1357
-1536
-1611
-1531
-1333
-1306
-1284
-1402
-1345
-1422
-1375
-1158
-923
-901
-967
-1276
-1156
-836
-719
-270
-717
-1009
-1016
-871
-211
-135
-733
-675
-1010
-637
-139
-561
161
-865
-674
-408
-590
467
-536
-352
-208
-516
149
-294
-162
406
-95
172
-59
19
744
321
666
555
492
846
630
922
1323
1081
1124
1056
982
1549
1298
1426
1485
1330
1422
1143
1365
1661
1700
1524
1279
1191
1538
1575
1586
1746
1453
1427
1263
1365
1834
1745
1522
1301
1159
1446
1382
1417
1347
1078
1049
631
792
791
612
498
16
-72
-152
-425
-603
-767
-965
-1040
-1537
-1803
-1868
-2000
-1859
-2236
-2373
-2528
-2705
-2487
-2557
-2293
-2308
-2514
-2376
-2293
-1983
-1653
-1634
-1546
-1392
-1418
-1000
-995
-635
-470
-737
-270
-558
-182
56
-105
219
-15
-69
318
230
302
262
-93
467
110
271
149
-66
265
-220
174
66
81
-177
-255
-209
121
127
-326
-39
-446
143
-94
-97
115
-135
117
-78
123
372
390
217
461
303
771
728
583
1021
740
1079
1005
1068
1385
1310
1330
1403
1426
1659
1634
1628
1756
1658
1791
1645
1703
1836
1678
1673
1447
1481
1506
1326
1341
1075
1113
833
689
738
492
487
122
-50
-76
-349
-449
-585
-844
-811
-1179
-1250
-1334
-1531
-1381
-1710
-1661
-1765
-1906
-1785
-1873
-1740
-1658
-1796
-1750
-1718
-1574
-1395
-1371
-1223
-1196
-1115
-1060
-918
-656
-581
-473
-482
-395
-197
-179
-9
-59
113
245
80
278
30
257
523
267
556
134
174
362
184
676
320
289
158
-61
377
286
408
274
-99
57
-20
192
215
11
48
-293
-103
-209
-4
-36
-247
-199
-387
-157
-274
-108
-197
-98
-69
-100
-9
29
234
386
478
449
573
571
863
961
1191
1225
1227
1232
1325
1527
1599
1748
1640
1647
1456
1506
1504
1663
1595
1382
1116
836
975
939
988
638
258
138
-59
16
-74
-302
-392
-802
-837
-955
-906
-904
-1093
-1094
-1354
-1277
-1382
-1264
-1245
-1216
-1253
-1437
-1321
-1427
-1132
-1078
-1130
-994
-1258
-1074
-999
-899
-616
-756
-758
-762
-796
-550
-287
-478
-259
-606
-461
14
-427
48
-212
-206
357
-293
139
235
-198
782
-140
506
533
-258
931
-112
927
621
63
732
44
803
592
353
580
314
305
390
134
468
254
42
121
-126
121
-59
26
5
55
-171
-216
-29
-17
305
-14
-22
33
-40
300
320
317
434
121
275
519
530
831
463
498
668
525
886
647
780
771
476
717
535
750
587
440
525
377
458
238
237
306
249
182
38
-85
31
-73
-40
-93
-247
-204
-482
-298
-382
-333
-432
-685
-569
-720
-625
-754
-791
-818
-941
-964
-1069
-1004
-1085
-1086
-1115
-1137
-1105
-1284
-1172
-1208
-998
-923
-1077
-1051
-1155
-871
-681
-559
-543
-652
-665
-430
-274
135
21
-27
52
-54
578
410
753
635
589
793
669
971
951
1132
1033
1057
832
1017
970
1029
1165
927
1027
590
584
686
850
884
559
325
237
300
385
452
416
275
3
-117
42
298
379
149
-81
-33
32
189
120
198
323
171
127
-6
205
388
345
386
277
248
183
138
404
564
567
322
55
159
325
565
506
334
240
20
127
140
324
339
53
-134
-365
-183
-179
-119
-294
-493
-648
-854
-803
-858
-710
-898
-1096
-1350
-1483
-1344
-1329
-1341
-1423
-1604
-1737
-1754
-1779
-1456
-1439
-1554
-1603
-1781
-1478
-1306
-1315
-908
-1117
-1019
-834
-1051
-247
-342
-151
108
-302
389
276
544
960
700
1070
893
944
1359
1347
1474
1523
1265
1495
1465
1341
1769
1363
1506
1309
973
1467
1045
1212
1071
639
941
485
589
696
351
577
112
95
181
65
212
38
-21
-121
-106
-208
84
19
12
-56
-294
66
-16
195
145
95
124
45
155
240
434
330
345
184
264
448
411
622
422
418
386
280
561
458
466
348
125
233
80
41
26
-157
-132
-361
-525
-599
-734
-712
-810
-868
-1051
-1271
-1472
-1405
-1297
-1232
-1464
-1732
-1869
-1871
-1546
-1625
-1443
-1694
-1834
-1770
-1800
-1298
-1212
-1234
-1249
-1383
-1200
-879
-825
-387
-337
-378
-246
-472
125
469
636
874
478
705
786
943
1551
1431
1648
1284
1048
1450
1515
2073
1791
1571
1448
1193
1569
1518
1820
1662
1263
1071
799
1209
1257
1206
1010
609
545
421
477
716
622
439
123
-214
20
123
200
199
-161
-236
-392
-457
-99
-40
5
-228
-623
-471
-370
-81
15
-154
-254
-474
-388
-221
68
116
-92
-185
-365
-108
-15
82
180
-17
7
-243
-176
68
127
188
-150
-261
-241
-306
-86
-192
-247
-373
-721
-617
-558
-609
-530
-986
-950
-801
-1180
-789
-1316
-1146
-942
-1468
-886
-1357
-1257
-1065
-1618
-850
-923
-1084
-806
-1526
-691
-618
-735
-220
-880
-344
-373
-429
211
49
207
304
-15
575
666
649
1090
731
1093
1103
912
1437
1395
1555
1582
1189
1542
1628
1580
1696
1520
1546
1607
1269
1427
1445
1196
1431
919
1127
968
685
814
483
724
471
253
129
-8
46
-31
-138
-205
-369
-460
-602
-576
-483
-575
-684
-912
-753
-845
-810
-835
-832
-686
-931
-910
-876
-788
-552
-686
-750
-627
-704
-365
-453
-375
-241
-484
-182
-232
-2
28
-233
-110
-124
191
144
-135
-95
-186
59
-83
-182
-46
-373
-224
-510
-463
-189
-580
-340
-816
-777
-490
-895
-399
-800
-769
-755
-1174
-577
-610
-533
-590
-1109
-772
-423
-404
-51
-596
-440
-282
-368
402
175
352
158
54
570
806
957
946
786
974
1221
1118
1421
1348
1562
1512
1350
1422
1394
1550
1642
1562
1401
1205
1005
1189
1243
1394
929
623
472
541
775
474
426
11
-55
-88
-186
-103
-258
-465
-550
-736
-650
-672
-882
-645
-870
-799
-952
-1121
-838
-871
-611
-729
-948
-856
-821
-542
-396
-428
-440
-600
-518
-206
-85
4
-141
-249
-77
-41
92
96
57
146
4
-50
30
10
119
37
-91
-137
-252
-140
-176
-230
-317
-382
-489
-502
-442
-582
-616
-735
-645
-574
-727
-881
-872
-855
-532
-594
-827
-689
-993
-532
-441
-363
-139
-668
-410
-223
-123
416
87
91
286
-23
813
488
693
993
392
1047
653
920
1324
922
1279
1078
794
1355
902
1290
1457
770
1300
551
1093
1222
753
1116
457
703
668
524
623
359
307
295
138
149
106
-128
-35
-149
-86
-144
-419
-301
-402
-227
-241
-451
-453
-452
-358
-277
-315
-407
-307
-443
-156
-161
-240
-149
-332
-81
-36
-63
-23
-135
-55
121
-42
59
-20
48
180
0
-9
-152
35
64
119
-72
-221
-235
-336
60
-119
-154
-415
-694
-279
-456
-184
-434
-740
-545
-807
-505
-534
-688
-587
-793
-827
-525
-792
-526
-622
-831
-252
-705
-331
-484
-597
33
-345
16
-30
-178
206
-6
382
508
329
483
341
624
749
659
728
695
787
818
743
814
742
762
775
754
749
520
530
442
591
599
384
286
13
174
269
135
233
-189
-175
-142
-327
140
-257
-173
-315
-607
-158
-395
-199
-164
-420
-322
-435
-420
-38
-121
-73
-103
-433
-97
-104
117
352
37
84
-89
-9
406
446
487
305
56
184
359
482
655
386
254
230
89
464
365
346
318
-5
125
-22
-42
152
-3
51
-138
-478
-352
-378
-153
-88
-401
-615
-734
-729
-292
-276
-427
-546
-1093
-576
-578
-194
-205
-738
-515
-775
-204
-98
-116
-161
-412
-220
4
112
234
129
39
292
169
451
328
304
547
401
568
385
214
527
480
641
523
136
326
101
434
554
293
237
-186
3
234
220
259
-69
-190
-88
-127
56
34
-135
-96
-276
-176
-86
-241
-29
-155
-144
-154
-394
-222
-150
-76
24
-286
-353
-324
-287
61
-34
-108
-322
-445
-216
22
61
31
-240
-257
-100
-75
245
23
129
-102
-24
151
131
317
61
260
130
142
157
65
260
246
151
166
-82
-2
53
-15
241
-121
-151
-270
-335
3
-150
-192
-307
-530
-330
-344
-318
-209
-455
-377
-462
-413
-216
-343
-233
-354
-274
-189
-264
-138
-234
-27
-24
-43
-14
-134
34
114
168
259
95
45
133
133
477
328
217
155
45
414
406
399
293
138
247
366
406
445
258
191
280
342
469
322
236
155
309
348
359
282
71
274
179
324
258
34
154
16
164
226
4
4
-119
-78
144
-22
-50
-182
-284
-75
-85
-88
-92
-301
-229
-173
-174
6
-170
-137
-148
-182
-46
-57
-59
20
2
15
37
-89
65
85
142
169
42
-8
1
1
188
182
32
-6
-235
-41
0
23
69
-180
-218
-260
-256
-9
-103
-146
-272
-477
-253
-275
-123
-159
-353
-371
-464
-367
-146
-221
-224
-398
-502
-285
-335
-109
-221
-279
-308
-401
-264
-158
-74
-65
-149
-267
-157
-164
92
132
120
104
-99
57
158
373
479
331
294
233
328
558
595
661
529
453
513
561
690
697
645
587
551
537
579
502
522
503
490
451
290
213
179
226
263
253
54
-84
-238
-153
0
-13
-97
-392
-516
-449
-307
-161
-197
-452
-550
-626
-430
-208
-228
-235
-477
-494
-354
-207
-14
-63
-150
-178
-190
-15
83
186
193
132
120
100
193
257
378
367
325
202
117
172
294
388
353
173
-46
-73
-34
214
175
11
-245
-468
-310
-261
-92
-217
-497
-665
-776
-544
-401
-445
-625
-873
-889
-725
-579
-494
-648
-803
-801
-699
-448
-392
-427
-517
-526
-336
-147
-30
-68
-104
-27
153
310
379
383
396
487
624
740
782
742
741
817
939
985
920
847
819
910
945
914
797
660
650
663
637
581
383
298
242
209
258
57
-51
-197
-219
-128
-231
-332
-483
-547
-456
-449
-468
-529
-673
-630
-586
-465
-418
-514
-567
-555
-395
-246
-217
-271
-285
-218
-49
78
123
88
81
146
291
423
426
383
330
404
539
600
556
437
390
452
534
526
414
285
222
248
276
267
100
-89
-172
-139
-50
-134
-318
-520
-598
-536
-452
-504
-654
-835
-898
-803
-741
-667
-781
-865
-887
-850
-695
-667
-621
-606
-569
-485
-467
-412
-273
-156
7
43
-7
46
93
383
572
624
575
422
503
717
951
1079
944
723
691
760
1032
1120
982
791
570
623
729
797
725
501
292
218
233
281
203
40
-125
-231
-253
-288
-334
-446
-509
-571
-610
-650
-715
-738
-710
-689
-681
-713
-759
-720
-674
-554
-468
-495
-503
-480
-356
-177
-141
-93
-89
-45
138
203
266
298
288
436
496
537
572
476
548
590
655
705
548
469
433
485
572
488
338
193
114
153
147
64
-64
-238
-314
-313
-339
-372
-509
-632
-654
-662
-649
-688
-783
-808
-783
-747
-667
-697
-682
-685
-660
-525
-451
-344
-320
-335
-260
-162
-10
135
162
206
225
276
427
535
656
682
635
660
684
782
878
880
868
810
745
745
747
774
788
664
558
440
398
423
377
316
173
56
-41
-112
-142
-156
-229
-338
-452
-546
-561
-573
-540
-572
-619
-696
-754
-703
-635
-529
-530
-583
-624
-589
-453
-331
-261
-252
-258
-248
-143
-49
89
115
91
122
134
271
299
313
319
306
343
349
317
339
325
328
342
251
266
199
183
178
113
120
46
-3
-17
-68
-82
-106
-164
-140
-185
-224
-259
-308
-236
-233
-252
-287
-346
-309
-278
-265
-237
-247
-250
-216
-244
-185
-145
-113
-39
-86
-48
-41
-3
104
150
203
191
155
207
287
364
417
370
380
399
419
474
489
519
511
463
435
425
454
470
429
381
327
284
266
233
207
182
100
49
-11
-42
-49
-97
-128
-179
-214
-248
-294
-309
-293
-302
-307
-342
-356
-339
-348
-301
-276
-239
-255
-300
-269
-208
-139
-112
-144
-174
-146
-121
-62
-40
-48
-49
-113
-94
-68
-23
8
-47
-94
-128
-105
-48
-21
-32
-64
-139
-126
-74
-2
32
-54
-104
-110
-29
40
47
32
4
-2
4
30
91
139
111
56
-5
25
104
147
152
83
33
-5
15
99
164
152
55
-32
-27
73
149
184
116
32
-7
8
137
222
222
108
15
52
157
259
260
163
95
86
145
230
214
183
103
74
123
135
165
121
58
36
25
72
88
54
1
-42
-27
11
7
-5
-37
-71
-44
-52
-40
-40
-49
-51
-94
-94
-101
-85
-49
-51
-91
-136
-166
-134
-96
-106
-132
-174
-177
-189
-203
-201
-176
-156
-193
-241
-266
-243
-205
-153
-143
-173
-221
-249
-179
-101
-58
-80
-116
-105
-79
-42
3
62
83
60
19
38
112
172
189
144
137
153
177
199
171
188
211
212
190
128
142
180
175
167
114
109
116
73
75
64
80
68
-6
-29
-21
34
39
-54
-118
-117
-59
22
41
-8
-199
-385
-223
221
526
116
-670
-797
-65
798
752
-131
-783
-624
126
706
686
190
-406
-578
-132
528
819
422
-244
-426
-83
357
426
203
58
26
-15
-146
-180
56
311
242
-113
-431
-421
-191
33
141
43
-231
-558
-666
-355
141
295
-76
-627
-798
-408
81
247
-9
-367
-452
-318
-76
114
146
58
-125
-183
-37
135
226
152
107
178
157
116
73
156
350
361
257
85
21
154
279
354
283
103
5
1
139
284
229
77
-106
-98
75
137
85
-85
-161
-94
-40
-6
-70
-147
-158
-154
-104
-103
-155
-168
-196
-178
-148
-150
-129
-168
-179
-152
-128
-98
-122
-114
-69
-45
-39
-45
-26
-9
5
47
89
95
56
33
88
163
209
185
123
100
113
171
215
214
155
71
44
79
144
162
88
-8
-60
-30
30
15
-35
-114
-145
-102
-94
-84
-143
-209
-183
-134
-97
-153
-220
-196
-142
-60
-42
-96
-121
-139
-67
39
71
56
-31
-44
38
122
194
151
92
78
105
190
210
191
167
142
159
161
163
172
144
141
138
122
105
47
51
96
112
74
-21
-52
-30
3
20
-22
-65
-90
-107
-98
-91
-75
-76
-125
-170
-190
-140
-90
-101
-142
-191
-170
-135
-119
-122
-144
-135
-122
-106
-87
-89
-101
-109
-76
-8
8
-33
-85
-82
29
113
91
12
-41
15
70
93
105
87
67
26
44
123
155
121
60
61
96
87
70
69
90
99
60
38
33
28
25
14
34
29
-26
-75
-76
-18
22
-5
-66
-126
-119
-65
-14
-1
-56
-103
-110
-54
14
25
3
-32
-21
34
75
98
84
64
90
128
166
150
111
132
168
209
187
139
141
154
181
174
143
115
79
71
75
70
55
4
-28
-16
-8
-21
-78
-105
-79
-68
-66
-107
-143
-125
-102
-81
-89
-121
-143
-131
-90
-68
-68
-78
-89
-67
-38
-24
-22
-42
-43
-25
-13
-11
-35
-29
-12
-5
0
-23
-31
-31
-14
4
-8
-17
-30
-17
9
3
11
10
-5
3
3
19
44
44
41
24
28
47
55
71
59
45
42
45
71
63
48
30
19
21
11
6
-4
-16
-13
-15
-23
-26
-41
-39
-37
-43
-62
-80
-62
-48
-30
-31
-60
-63
-42
-11
15
-3
-22
-21
2
44
63
60
31
25
48
67
86
77
55
41
34
53
61
55
41
5
-5
-6
-5
-3
-11
-18
-41
-52
-55
-56
-50
-55
-71
-79
-90
-80
-63
-57
-53
-66
-61
-52
-40
-20
-23
-26
-21
-12
10
15
16
18
6
20
35
39
27
10
11
28
48
45
22
3
-2
9
31
27
15
-13
-25
-6
6
25
8
-20
-24
-11
12
14
1
-5
8
37
38
15
10
11
40
55
36
15
-2
5
28
52
47
9
-21
-25
-2
25
10
-30
-58
-54
-26
-17
-28
-44
-60
-53
-57
-55
-56
-56
-37
-45
-45
-49
-47
-47
-42
-23
-9
-4
-25
-38
-13
21
29
17
-12
-15
4
16
25
17
16
11
-7
-5
12
19
-1
-27
-24
-15
-19
-27
-44
-41
-30
-30
-43
-62
-57
-50
-38
-28
-29
-30
-43
-43
-20
0
0
-8
-23
-20
-3
16
18
19
20
20
24
16
20
27
27
23
14
14
20
21
17
13
13
6
-9
-9
0
6
4
-2
-7
-9
-5
-7
-8
5
8
-2
-5
-7
7
16
7
8
4
-2
3
1
7
15
17
6
-4
0
6
7
5
0
-6
-7
-15
-19
-19
-10
-7
-20
-28
-33
-22
-17
-21
-20
-22
-17
-19
-27
-13
-9
-4
-7
-19
-12
-3
7
18
23
28
21
13
14
24
27
17
7
11
25
27
24
15
6
9
7
3
-3
-8
-4
0
6
1
-5
-9
-9
1
8
5
-2
-9
2
17
22
14
0
-2
9
20
24
16
13
14
31
37
35
26
12
15
18
31
24
14
12
14
29
36
36
19
8
8
17
18
13
7
5
12
11
12
7
3
5
1
0
0
0
6
13
10
11
9
-2
1
8
11
13
8
0
-2
7
8
7
3
3
2
0
3
-5
1
5
-1
-2
-8
-8
-2
-2
-4
0
-1
-7
4
12
17
23
21
21
18
22
17
18
23
25
31
33
33
21
19
28
24
22
19
11
11
17
21
15
12
7
0
4
2
2
-4
-6
-3
-3
-1
-5
-9
-14
-9
-11
-20
-18
-14
-13
-6
-11
-12
-16
-21
-18
-19
-12
-19
-21
-18
-18
-13
-7
-12
-17
-16
-25
-23
-16
-23
-21
-18
-22
-19
-17
-22
-21
-22
-21
-16
-16
-15
-15
-11
-12
-12
-9
-13
-13
-21
-18
-8
-4
-3
-11
-15
-13
-13
-8
-8
-14
-13
-15
-11
-7
-5
-12
-13
-7
-9
-8
-8
-11
-11
-13
-8
-4
-10
-12
-8
-2
-5
-6
-3
1
9
6
4
5
3
9
16
16
18
15
15
10
14
15
13
16
12
13
9
6
0
-3
0
3
0
-4
-6
-8
-10
-12
-12
-19
-22
-21
-24
-21
-19
-25
-28
-23
-32
-31
-34
-36
-36
-31
-29
-34
-27
-26
-25
-22
-23
-26
-28
-25
-16
-11
-12
-7
-12
-15
-6
-8
-5
-8
-8
0
2
9
6
3
5
5
4
7
3
0
5
6
14
8
6
9
11
13
10
5
3
7
7
12
10
3
-1
-2
-6
-7
-4
-6
-5
-5
-4
-11
-7
-2
-2
3
6
5
3
5
9
18
19
16
16
25
23
27
35
34
37
37
45
45
42
44
44
46
47
45
44
42
42
38
40
41
37
42
40
37
33
28
23
24
22
17
14
2
-7
-9
-11
-17
-16
-23
-24
-25
-27
-27
-28
-29
-37
-36
-38
-34
-32
-32
-37
-36
-30
-35
-28
-24
-24
-24
-18
-19
-21
-15
-12
-9
-5
-7
-3
-5
6
12
9
16
6
5
10
9
11
10
12
5
-2
2
-1
-2
-3
-9
-14
-18
-20
-22
-20
-30
-33
-40
-45
-45
-39
-37
-50
-43
-48
-47
-40
-45
-50
-45
-38
-36
-31
-31
-27
-21
-14
-9
-5
-2
-1
9
10
19
23
18
26
34
44
38
43
41
38
46
47
55
47
45
46
50
53
43
37
30
33
32
25
24
16
11
11
7
3
-6
-8
-8
-8
-12
-17
-20
-26
-22
-16
-19
-14
-23
-25
-19
-16
-14
-19
-12
-13
-2
5
4
4
2
14
18
18
15
18
20
29
37
39
38
38
44
46
48
37
37
34
38
46
38
30
21
17
20
22
13
0
-2
-1
-1
-4
-10
-19
-20
-25
-30
-29
-35
-36
-38
-35
-33
-39
-39
-42
-36
-29
-30
-33
-33
-26
-24
-22
-17
-12
-10
-10
-3
4
7
6
5
9
22
26
26
28
27
36
41
41
41
36
28
39
40
35
27
26
36
36
36
28
19
21
28
26
19
12
9
10
11
8
5
-2
-10
-2
-5
-8
-16
-16
-16
-13
-10
-12
-16
-23
-13
-12
-13
-14
-16
-18
-5
2
-1
1
1
9
11
15
19
16
19
22
25
25
26
24
23
23
24
25
21
20
18
20
19
17
13
1
2
1
1
-4
-10
-14
-15
-15
-17
-17
-26
-26
-31
-30
-31
-41
-42
-42
-38
-37
-39
-42
-41
-39
-38
-35
-37
-37
-37
-37
-32
-26
-27
-33
-29
-27
-24
-14
-17
-18
-16
-9
-7
-10
-9
-9
-4
0
4
6
10
14
12
13
13
13
8
7
10
9
4
3
5
2
6
2
-3
1
-3
-9
-14
-11
-10
-23
-23
-23
-25
-27
-25
-24
-26
-29
-32
-28
-26
-26
-27
-23
-19
-15
-10
-17
-12
-7
-5
-4
-3
1
4
5
12
13
13
15
16
19
22
18
16
22
24
21
18
25
24
24
27
20
23
21
22
17
18
21
19
14
12
12
13
18
9
10
8
9
14
12
7
7
3
1
4
4
4
-3
-2
1
3
5
1
1
8
14
8
9
8
6
8
15
18
15
16
14
19
22
18
19
19
17
20
17
11
12
13
8
11
8
6
6
6
8
3
3
-3
-3
-2
-7
-8
-12
-13
-15
-8
-14
-15
-15
-17
-20
-22
-16
-22
-24
-32
-34
-28
-32
-33
-31
-35
-28
-25
-25
-22
-24
-17
-12
-12
-14
-8
-12
-10
-3
4
7
5
5
7
15
10
13
13
7
15
20
17
18
17
20
22
14
13
11
15
14
18
15
9
9
10
16
11
10
0
4
9
5
9
5
3
3
5
10
11
4
3
6
10
7
1
1
1
6
7
10
7
8
9
13
18
12
11
9
15
16
13
10
11
11
11
19
19
20
10
7
15
16
12
8
4
1
7
5
1
-2
0
1
7
1
1
-3
-14
-7
-7
-3
-7
-10
-14
-11
-7
-11
-14
-16
-13
-14
-13
-15
-13
-12
-13
-12
-15
-11
-11
-10
-10
-3
0
-8
-4
-5
-6
-6
-11
-12
-6
-1
-4
-3
-3
-2
0
4
6
5
1
2
5
6
8
2
2
0
-2
1
8
9
5
1
1
7
5
3
2
-1
2
4
5
4
3
4
2
-3
0
3
-1
0
-6
-5
-4
-1
1
0
5
2
-1
-4
-7
-1
2
0
-4
-4
-3
-1
-2
-2
-4
-4
2
-1
2
6
8
4
0
4
-1
5
4
0
0
-5
-6
-11
-2
-2
-5
-5
0
0
-6
4
6
5
0
-5
-1
-2
1
2
-2
-5
-10
-7
-6
-3
0
-3
-5
-18
-15
-17
-10
-5
-13
-13
-19
-11
-8
-12
-15
-18
-25
-31
-28
-26
-26
-23
-26
-31
-27
-20
-20
-22
-25
-30
-31
-30
-26
-28
-21
-23
-28
-24
-24
-15
-15
-13
-24
-24
-18
-21
-14
-15
-20
-22
-21
-29
-29
-18
-18
-20
-25
-32
-30
-23
-21
-20
-27
-32
-26
-19
-15
-14
-16
-16
-14
-8
-9
-9
-3
-2
-2
-3
2
6
7
7
6
3
-1
1
3
4
9
11
12
10
16
20
21
24
17
24
23
15
21
24
23
17
26
25
26
26
22
25
29
33
28
22
25
28
29
31
27
26
21
21
21
24
26
21
23
17
19
22
21
21
21
27
26
22
22
26
23
19
28
31
26
25
26
31
28
21
26
30
25
25
28
29
29
28
32
26
20
20
23
27
21
18
19
19
18
16
11
13
13
9
6
11
10
12
13
13
5
-2
6
5
8
4
-2
1
2
0
-2
-3
-2
1
-3
-1
-4
-4
2
2
0
-8
-2
1
-1
0
2
1
0
3
6
7
5
0
-5
2
1
2
5
-2
0
0
1
3
-1
0
-1
2
-2
-5
-6
-3
0
-4
0
-2
-7
-4
-4
-4
0
2
-3
-7
-3
1
1
0
-7
-4
-4
-3
-3
-4
0
-2
-3
0
-3
-2
-1
-2
-2
0
-4
-11
-7
0
-5
-6
-13
-11
-4
-6
-7
-14
-17
-20
-15
-20
-20
-15
-21
-16
-21
-23
-22
-25
-26
-24
-26
-27
-22
-21
-19
-21
-17
-19
-21
-22
-12
-9
-16
-18
-19
-13
-9
-6
-3
-4
-3
1
6
6
6
10
3
4
9
10
11
9
13
12
16
19
18
18
18
21
20
16
10
13
21
21
18
13
11
10
6
4
3
1
-4
-5
-5
-8
-15
-14
-14
-13
-14
-18
-15
-15
-18
-17
-14
-13
-15
-11
-9
-11
-11
-6
-3
-4
1
1
1
3
-4
-5
2
5
10
7
4
6
2
6
7
10
4
2
9
5
15
9
9
9
2
5
6
9
7
7
2
2
8
11
10
11
8
1
8
11
10
11
9
7
9
13
14
15
16
15
15
10
16
18
18
14
10
15
16
18
19
20
23
22
22
27
27
25
23
20
18
19
19
18
22
18
17
9
12
14
11
11
11
9
2
2
6
4
0
1
-12
-15
-11
-14
-18
-20
-19
-22
-24
-27
-28
-28
-25
-28
-34
-30
-31
-26
-28
-36
-31
-37
-33
-28
-28
-24
-27
-24
-30
-23
-19
-20
-15
-12
-11
-20
-7
-10
-10
-5
-4
0
-5
-5
-1
4
1
2
3
2
-2
0
4
3
0
-1
4
-2
7
3
-3
5
-3
5
2
3
5
2
6
2
8
12
4
2
2
2
6
8
6
1
3
0
1
4
11
16
4
8
11
13
14
13
17
13
12
16
14
15
13
11
14
15
18
20
17
18
20
19
19
12
16
20
14
14
10
12
11
10
5
-4
0
3
4
-3
-8
-5
-5
-4
2
0
-3
1
-5
1
-4
-8
-4
-1
-2
0
4
-3
1
1
7
8
4
-1
0
11
3
10
6
2
8
7
13
8
12
7
3
14
6
9
9
10
13
6
13
5
4
8
11
8
3
8
0
7
3
-3
-2
-3
-3
-2
0
-2
-4
-6
-3
-8
-8
-11
-13
-11
-16
-16
-16
-19
-16
-14
-16
-16
-21
-14
-12
-14
-9
-13
-11
-10
-9
-9
-7
-7
-5
-5
-5
-8
-4
-3
-5
0
-6
3
4
-2
-2
-9
-10
-7
-4
2
-1
-3
-6
-8
-2
-1
0
-6
-8
2
7
1
-1
-5
-2
-3
-1
1
-1
3
-9
-13
-10
-2
-5
-3
-3
-10
-13
-17
-10
-14
-8
-17
-17
-11
-13
-11
-15
-9
-8
-11
-9
-6
-4
-9
-15
-11
-13
-13
-17
-17
-16
-21
-15
-12
-14
-14
-7
-15
-16
-18
-18
-9
-13
-16
-26
-24
-23
-20
-20
-23
-21
-30
-35
-38
-35
-31
-31
-40
-48
-48
-41
-36
-38
-41
-46
-42
-40
-39
-34
-33
-27
-23
-23
-20
-19
-13
-12
-3
-7
-12
-8
-12
-1
-4
-2
-2
-8
-2
3
8
9
8
8
7
11
12
15
15
13
17
25
22
21
26
22
23
30
29
32
31
34
34
30
30
26
28
27
22
20
22
25
23
24
22
20
19
12
