18
14
15
16
14
11
9
11
7
4
3
8
7
6
11
11
9
12
6
7
12
10
12
17
15
11
8
7
4
3
3
9
6
4
6
8
14
10
12
13
9
9
11
10
8
10
13
13
11
11
10
7
10
9
10
8
7
9
7
11
7
10
9
4
2
4
11
9
7
5
9
8
1
3
-2
-4
-5
-1
-5
-4
2
4
4
0
-1
-1
3
1
-3
-1
1
1
-1
-2
-1
-1
-5
-6
-6
-6
-9
-10
-8
-10
-10
-7
-8
-11
-1
-6
-3
-1
-11
-8
-10
-10
-8
-10
-8
-7
-7
-4
-1
-8
-9
-6
0
0
0
-3
-1
-4
-8
-6
-9
-12
-12
-8
-9
-10
-7
-5
-6
-9
-10
-10
-12
-16
-13
-13
-9
-12
-10
-10
-13
-6
-8
-3
-10
-11
-6
-4
-10
-13
-5
-10
-10
-11
-12
-10
-11
-12
-14
-12
-16
-15
-8
-10
-13
-15
-14
-9
-13
-13
-10
-16
-14
-13
-15
-13
-11
-6
-2
-7
-6
-2
-3
1
-6
-5
-1
-5
-7
-6
-1
-6
-5
-5
-2
3
1
1
5
4
3
7
1
5
6
-2
-1
1
2
-1
-3
-3
-2
2
2
2
4
3
2
7
7
7
7
2
5
5
2
1
-1
-2
0
-1
4
8
3
-4
-5
3
1
-1
0
0
0
2
0
0
-2
-12
-6
-1
-6
-11
-9
-3
-4
-8
-8
-6
-5
-3
-3
-2
-5
-2
0
-3
-1
0
4
2
0
0
1
-3
-5
-2
-10
-6
-4
-3
-7
-7
-4
-9
-8
-5
-1
-5
-9
-10
-5
-7
-10
-9
-13
-11
-12
-8
-8
-9
-4
2
-5
-6
0
-3
-3
-2
-6
-8
-6
-6
-8
-5
-3
1
-1
-5
-5
-5
-4
-2
-5
-8
-2
-4
-8
-9
-11
-10
-8
-5
-3
-3
-4
-1
-1
-4
-7
-6
-6
-4
-6
-7
-3
-3
-5
-7
-11
-12
-11
-10
-6
-11
-13
-14
-13
-11
-13
-12
-13
-7
-5
-5
-7
-9
-7
-6
-2
-2
-2
-1
1
0
-4
-6
0
0
-1
-1
-3
-1
-4
-4
-6
-1
1
7
9
4
6
9
11
7
6
1
0
3
10
11
7
10
14
20
17
18
18
19
22
23
21
17
19
13
15
15
15
16
17
13
12
12
11
16
13
10
15
12
11
13
11
16
19
10
15
17
15
11
10
9
1
3
6
5
1
5
5
6
9
2
-4
-2
4
0
1
1
6
12
14
11
6
7
7
12
4
0
-6
-8
1
-3
-4
-3
0
2
5
9
7
10
15
13
14
11
9
10
3
5
9
9
6
6
4
8
8
5
3
2
6
8
7
6
8
4
7
9
6
9
14
18
19
21
17
18
18
18
19
18
17
17
18
17
10
12
19
18
19
17
17
19
19
17
17
15
22
21
18
18
24
22
21
22
15
20
18
19
19
17
18
18
26
23
23
21
19
15
15
20
21
21
16
22
23
18
20
13
10
9
13
12
8
10
3
9
9
12
9
2
6
3
7
5
3
2
5
0
3
-3
-6
-3
-7
-4
-11
-9
-6
-5
-8
-7
-2
-3
-7
-8
-11
-8
-7
-2
3
-7
-6
-6
-6
-10
-15
-16
-13
-17
-18
-13
-16
-18
-14
-11
-9
-8
-6
-6
-9
-12
-16
-8
-7
-12
-4
-6
-9
-8
-10
-9
-11
-11
-12
-15
-15
-13
-9
-7
-13
-8
-2
-5
-5
-4
-6
-4
-1
5
4
2
3
2
1
2
-5
-12
-7
-5
-4
-7
-7
-6
-7
-2
0
-13
-10
-1
0
2
1
-1
3
2
1
2
-6
-7
-9
-10
-10
-12
-8
-10
-11
-13
-16
-14
-15
-13
-12
-15
-11
-16
-12
-10
-8
-7
-11
-10
-14
-12
-14
-10
-10
-6
2
-4
-3
-10
-7
-2
-5
-6
-2
0
-1
-2
-2
-4
-7
-4
-4
-9
-12
-11
-12
-7
-8
-14
-12
-9
-6
-4
-9
-10
-10
-11
-5
-6
-10
-10
-10
-9
-8
-6
-11
-11
-11
-17
-16
-18
-25
-23
-19
-22
-20
-23
-18
-13
-15
-15
-13
-15
-19
-14
-14
-14
-14
-12
-7
-7
-11
-11
-8
-13
-7
-7
-11
-14
-16
-11
-13
-16
-17
-16
-16
-7
-12
-9
-6
-12
-9
-6
-9
-11
-9
-6
-6
-10
-16
-15
-10
-17
-15
-19
-24
-25
-22
-17
-24
-21
-12
-11
-11
-6
-7
-6
-9
-13
-13
-11
-11
-8
-4
-13
-2
-9
-8
-1
-5
4
-3
-11
-5
-3
-6
-8
-6
-3
0
6
0
-4
-2
-1
1
1
-4
0
4
4
3
-1
0
3
12
12
7
11
8
9
13
9
2
9
13
12
11
5
6
7
10
10
8
11
8
12
16
11
18
16
17
21
20
15
18
15
13
14
19
17
14
18
13
14
8
13
10
12
14
12
12
10
15
6
10
4
6
10
10
9
11
13
8
10
3
1
1
3
4
-5
-1
8
10
9
7
5
11
16
16
12
13
14
10
14
14
11
13
15
15
19
14
10
14
9
12
15
15
14
12
15
11
10
13
18
14
13
15
12
15
14
14
18
11
21
24
19
17
14
19
15
14
15
15
22
22
20
17
18
15
14
17
13
7
5
10
13
11
4
4
11
6
3
-1
4
13
13
15
13
10
9
16
12
5
2
3
4
3
0
-4
-4
3
5
1
3
-3
-7
-3
-4
-10
-9
-15
-14
-6
-5
-7
-14
-10
-8
-8
-4
-11
-17
-13
-14
-11
-11
-16
-14
-14
-13
-16
-23
-17
-15
-9
-12
-19
-12
-13
-11
-14
-20
-24
-17
-10
-15
-14
-18
-15
-13
-12
-15
-20
-18
-16
-17
-13
-10
-14
-12
-10
-14
-9
-10
-11
-8
-7
-2
-3
-3
-3
-6
-9
-8
-5
-11
-11
-11
-9
-12
-11
-10
-11
0
-3
-8
-3
-3
-3
-5
-2
-2
-8
-4
-5
-5
-5
-6
-3
2
2
1
3
-4
-2
-4
-6
-2
-5
-3
0
0
5
6
5
5
7
3
2
5
7
4
0
-1
0
2
-2
3
3
5
7
8
10
6
10
7
11
9
8
7
3
8
9
9
4
3
9
10
6
8
9
8
2
0
0
-1
-5
-1
4
-5
-8
-5
2
0
-8
-4
-4
-7
-7
-5
-6
-6
-11
-9
-5
-12
-12
-5
-6
-4
-2
-3
-1
-4
-6
-1
0
-9
-8
-4
-2
-5
-6
-8
-10
-7
-1
1
0
-1
-1
1
-2
-7
0
4
2
5
-2
2
1
1
7
6
5
1
6
7
1
0
-1
-1
1
5
2
-1
1
-2
1
2
-2
2
4
1
-1
-5
-4
-1
-1
-3
-7
-8
-10
-10
-12
-11
-9
-3
-6
-6
-3
-8
-2
-1
-1
-4
-7
-3
-5
-2
-3
-5
-1
-6
0
-5
-3
1
-3
-2
-5
-1
-7
-8
-8
-11
-7
-12
-6
-2
-2
-5
-3
-7
-5
-4
-9
-5
-6
-1
2
2
4
1
8
8
6
8
4
2
2
6
13
11
9
6
10
17
15
12
3
4
8
12
12
7
11
12
16
14
10
8
14
13
4
12
9
13
17
12
7
8
7
0
-2
-1
3
2
0
-2
1
-3
-5
-5
1
-1
-1
10
5
4
8
15
14
11
7
9
15
10
11
10
7
8
13
15
18
12
7
16
19
14
7
6
5
11
12
10
6
10
11
8
11
9
9
7
3
2
3
6
6
10
6
8
3
-2
4
2
3
3
3
8
7
5
2
3
-1
-4
4
4
1
3
2
3
3
1
-2
-5
-8
-9
-6
-5
-6
-5
7
6
3
4
5
2
-1
0
1
2
2
6
10
15
8
6
9
10
9
8
15
10
10
8
5
13
10
6
6
6
8
6
10
12
16
10
3
6
5
4
7
9
9
12
7
6
10
4
2
5
8
6
0
-3
3
10
10
6
4
3
3
6
3
-2
-5
-6
-5
-8
-7
-4
-5
-4
-3
-7
-9
-10
-11
-8
-7
-13
-16
-14
-10
-14
-17
-16
-15
-16
-20
-22
-20
-17
-16
-11
-7
-4
-8
-15
-16
-15
-14
-12
-11
-12
-13
-18
-18
-15
-17
-11
-16
-12
-5
-10
-11
-11
-10
-8
-12
-8
-4
-10
-13
-6
-5
-7
-9
-8
-9
-5
-8
-7
-5
-5
-7
-6
-2
-4
-5
-5
-2
-2
0
-2
-3
3
-4
-1
-1
-4
-3
-7
-2
0
0
-2
-1
-2
-5
-4
-5
-4
-4
-4
-3
-3
-3
-1
1
-1
-3
0
0
6
7
0
0
-4
-2
3
-1
-2
5
2
-2
5
1
-1
-1
-5
2
5
0
-1
5
5
1
-2
-2
1
3
-1
-4
4
2
2
6
6
1
5
7
1
3
-3
6
8
4
0
-2
1
1
7
5
3
6
7
4
7
5
-3
7
4
2
4
-3
3
6
5
3
5
5
-2
1
5
6
7
2
7
4
0
-1
-1
-7
-5
2
0
-1
-4
-2
1
3
0
-1
-3
-3
-1
2
-4
-4
-1
7
8
1
1
1
6
-1
3
5
4
5
-1
6
5
3
2
-1
6
10
8
2
3
4
7
14
8
4
10
13
8
10
8
8
12
7
10
9
7
12
16
16
14
19
20
19
21
24
23
18
19
19
11
14
19
18
14
13
15
21
18
14
15
14
11
10
12
9
11
13
6
10
13
12
13
10
7
9
11
11
5
5
7
11
12
11
8
-1
5
12
8
3
2
5
5
8
-3
-8
0
-3
-5
-1
2
1
5
5
-3
-3
-1
0
7
7
4
7
7
7
9
5
7
8
8
5
4
6
4
6
0
2
5
3
7
5
5
5
9
3
7
7
5
6
-2
0
3
5
4
0
2
-3
1
0
-1
2
-1
1
-4
-5
1
-1
4
4
0
1
-1
-1
1
0
-6
-4
-6
-1
1
-7
-8
-10
-3
-4
-8
-10
-15
-8
-7
-10
-16
-12
-12
-14
-15
-15
-12
-17
-15
-19
-18
-12
-21
-23
-18
-20
-19
-13
-19
-17
-14
-8
-7
-11
-10
-13
-13
-9
-11
-9
-13
-12
-8
-10
-4
-7
-6
-2
-3
2
-1
-5
-2
1
3
1
-8
-6
3
1
3
1
2
4
4
9
6
7
2
2
3
5
7
-1
2
4
3
4
5
4
8
12
8
6
8
7
3
0
2
3
5
8
3
8
6
3
-2
-4
3
4
2
-4
-2
-1
1
2
0
2
1
-1
5
6
3
0
3
-3
-5
2
-1
1
1
-3
0
-3
-6
-7
1
2
-3
-5
-9
-6
-2
1
-3
-4
-4
-10
-9
-14
-14
-9
-15
-13
-13
-14
-14
-13
-12
-18
-15
-9
-13
-13
-12
-9
-9
-9
-10
-9
-8
-14
-9
-8
-13
-14
-11
-7
-12
-16
-12
-8
-10
-8
-5
-7
-6
-12
-15
-11
-10
-9
-11
-10
-11
-6
-2
-6
-8
-14
-4
-6
-7
-5
-2
-2
-5
-9
-11
-8
-7
-6
-7
-1
4
0
-5
3
3
-4
2
-2
-3
-5
-5
0
-1
-6
-8
-6
-9
-6
-7
-9
-8
-5
-4
-4
-5
-3
-3
-7
-4
-2
2
-1
-5
-3
-1
5
0
-6
-10
-8
-6
-7
-14
-18
-13
-11
-10
-7
-6
-10
-8
-9
-7
-7
-11
-9
-11
-9
-8
-8
-9
-4
-2
-4
-5
-6
-9
-12
-6
-4
-5
-4
1
3
2
1
-2
-2
1
-2
-2
1
-3
0
1
-4
2
6
-2
-2
0
-2
2
7
3
3
8
4
7
8
3
5
7
5
6
8
6
6
2
0
5
9
7
5
5
5
6
9
8
10
10
13
16
19
17
13
22
23
16
15
23
20
16
19
21
19
14
16
21
20
15
16
18
18
22
23
22
22
15
15
16
19
23
17
20
19
15
11
17
16
9
11
4
9
13
12
10
10
14
6
8
7
9
7
5
14
10
5
8
10
9
7
13
14
10
10
10
14
13
14
11
7
8
14
19
10
9
14
16
21
15
10
9
8
11
15
10
4
7
9
8
9
6
0
5
3
6
9
1
4
1
6
6
-4
-2
-1
0
-1
-5
-5
-5
-12
-10
-9
-14
-10
-10
-8
-8
-11
-12
-12
-13
-12
-4
-8
-12
-7
-6
-8
-5
-3
-4
-7
-6
-2
5
1
-6
-4
-1
-2
-2
-6
-5
-2
-2
3
-5
-3
8
0
1
-5
-6
8
5
0
-5
1
4
-4
4
4
5
5
3
-2
-3
0
0
4
4
5
4
1
-1
-4
0
0
-1
6
1
5
4
9
12
8
8
4
6
11
5
4
12
6
1
1
7
9
8
4
-3
1
3
10
2
1
5
5
7
0
6
4
-2
1
0
-4
-5
-1
4
-2
-3
-2
-5
2
0
-6
-13
-11
-14
-13
-7
-4
-10
-8
1
-6
-8
-5
4
3
2
-3
-5
-4
-7
-5
-7
-12
-16
-11
-9
-15
-9
-3
-8
-16
-16
-15
-14
-15
-15
-9
-9
-15
-12
-9
-9
-13
-14
-16
-16
-18
-14
-5
-12
-16
-12
-8
-8
-11
-3
-5
-11
-7
-17
-18
-14
-12
-8
-8
-10
-12
-4
-6
-11
-13
-16
-17
-17
-15
-14
-6
-8
-9
-6
-8
-9
-7
-10
-12
-7
-10
-11
-7
-6
-7
-8
-6
-12
-13
-5
-9
-11
-11
-11
-7
-15
-13
-7
-8
-14
-14
-12
-15
-13
-7
-6
-10
-7
-7
-11
-7
-4
-6
-13
-11
-11
-6
-7
-14
-10
-11
-10
-10
-9
-13
-17
-14
-11
-6
-13
-17
-18
-18
-11
-10
-15
-17
-13
-9
-8
-9
-11
-12
-14
-8
-4
-6
-7
-2
0
5
11
6
-2
2
3
-2
7
6
7
12
4
8
10
10
8
4
5
11
9
5
9
15
14
12
12
12
3
1
7
4
8
6
6
7
7
7
6
7
8
7
3
5
11
13
12
11
12
6
4
8
6
8
11
8
7
1
6
9
1
5
11
14
10
8
12
8
6
3
4
6
8
2
4
8
7
5
5
7
3
1
-1
3
-1
-6
-1
-2
3
3
-1
4
2
5
7
4
7
8
4
3
7
3
4
8
9
11
10
12
11
13
10
11
13
13
16
17
14
15
21
16
14
18
16
20
17
18
18
15
17
14
12
11
12
8
10
12
12
10
7
7
5
6
7
8
3
1
1
1
1
0
-1
-1
-8
-3
-2
-9
-6
-7
-2
0
3
0
1
3
3
3
-4
-1
-5
-1
-2
-6
-3
-3
-4
-11
-16
-16
-13
-9
-10
-9
-11
-9
-2
-9
-4
-2
-4
-2
-4
-7
-8
-3
-6
0
3
1
2
-1
-9
-7
-3
-7
-6
-5
-3
-6
-3
-2
-5
0
1
1
2
-2
-5
-3
-4
-2
-2
-5
-3
-1
-5
-6
4
3
2
-1
-4
2
-1
-2
-3
0
2
0
1
1
-3
-9
-4
-9
-9
-5
-6
-1
0
-8
-10
-5
-1
-4
-11
-11
-9
-6
-7
-10
-9
-7
-8
-6
-4
-11
-8
-5
-5
-7
-7
-5
-4
-2
-1
-3
-1
0
-2
-8
-5
1
-3
-4
-5
1
-1
-5
-3
-6
-1
2
2
-2
1
4
1
-2
-5
-2
-2
1
-3
-11
-5
-4
-3
2
2
-3
-4
-4
-7
-11
-5
-7
-10
-14
-11
-6
-5
3
-2
-4
-8
-5
-5
-15
-10
-5
-7
-12
-10
-8
-11
-8
-6
-11
-12
-9
-10
-8
-6
-4
-9
-12
-2
2
0
3
-5
-8
-8
-8
-4
-5
-5
-2
-8
-11
-9
-8
-1
1
-4
-13
-12
-7
-7
-7
-10
-7
-3
-3
-9
-12
-5
-7
-5
0
-8
-4
3
-6
-13
0
0
-10
-7
-3
4
1
2
10
7
-1
5
10
2
1
8
4
4
1
5
10
4
11
15
-1
-5
7
6
4
1
0
0
-6
4
12
9
0
8
8
3
1
4
-2
-3
4
3
2
-3
7
3
-2
1
3
0
-2
2
4
3
0
6
2
-5
-3
3
-3
-4
-1
-4
-2
-4
-3
-5
-3
-5
-1
-2
-5
-3
7
4
-1
8
1
0
5
9
6
-1
2
7
7
3
6
7
4
4
1
-1
6
6
4
7
6
6
8
9
4
-2
7
9
2
3
5
2
7
9
1
3
8
9
4
7
7
6
5
6
8
4
-2
-2
9
7
1
7
4
0
8
9
5
3
2
11
7
-6
1
12
12
7
5
15
9
9
17
15
12
15
15
7
4
12
12
2
7
10
4
0
1
11
14
9
8
6
3
8
8
6
10
14
14
14
13
6
4
9
13
6
7
12
9
4
10
19
13
7
8
5
9
10
13
13
9
14
10
9
10
13
14
4
9
16
7
9
8
11
14
7
16
16
3
3
6
0
3
8
2
3
9
12
10
7
2
5
7
7
8
13
10
7
11
14
10
9
16
9
4
7
7
7
8
7
6
5
7
11
8
2
5
11
7
9
10
9
5
7
10
7
9
3
3
1
-1
-3
2
0
-5
3
0
-4
3
10
3
0
4
2
-6
-3
7
-1
-8
-9
-4
-11
-19
-9
-8
-12
-14
-16
-21
-18
-14
-8
-10
-19
-12
-10
-12
-14
-9
-5
-14
-14
-9
-17
-12
-4
-10
-9
-12
-17
-18
-13
-10
-12
-13
-14
-10
-10
-13
-2
-6
-12
-4
-6
-11
-5
5
4
-4
-3
1
-2
-1
3
1
1
5
12
9
0
8
11
5
7
7
3
9
18
5
3
9
10
12
6
7
2
5
7
10
12
14
12
6
13
16
12
9
19
16
12
17
10
6
7
18
15
17
16
9
13
13
16
12
13
14
12
12
8
12
5
5
2
1
5
3
9
6
-1
1
4
2
0
0
3
-6
-6
-2
-10
-5
-4
-4
-10
-11
-2
-11
-15
-11
-12
-13
-15
-13
-16
-16
-19
-21
-20
-17
-19
-21
-18
-23
-22
-22
-21
-20
-21
-20
-21
-22
-17
-20
-20
-18
-24
-21
-12
-14
-23
-20
-15
-16
-15
-14
-17
-24
-19
-13
-18
-17
-21
-21
-15
-20
-20
-19
-24
-19
-16
-19
-20
-15
-14
-13
-16
-18
-16
-21
-18
-13
-15
-18
-15
-13
-12
-8
-10
-8
-9
-12
-8
-3
-9
-9
-6
-8
-3
-11
-7
-3
-2
-4
-1
4
-3
-4
0
0
-3
-3
-2
1
-3
1
4
2
5
5
1
-2
5
6
-1
-4
-2
2
2
-1
4
3
-1
2
5
3
1
3
-1
-4
-4
3
4
1
12
15
2
8
12
7
11
9
9
7
13
13
7
12
14
15
15
16
17
16
19
15
14
22
21
15
9
10
13
15
12
5
4
5
12
7
9
12
6
4
13
10
8
11
2
5
8
6
9
9
6
1
2
7
1
3
6
-1
2
0
5
1
-8
-3
-7
-4
-7
-16
-7
-9
-13
-7
-7
-14
-12
-12
-10
-9
-9
-7
-10
-7
-6
-8
-12
-12
-3
-12
-10
-5
-13
-3
-1
-5
2
2
-7
-9
-13
-13
-14
-17
-8
-13
-15
-8
-5
-4
-3
-2
-10
-7
-3
-6
-2
0
1
-3
2
4
0
1
2
4
3
7
4
2
3
-9
-1
7
-1
4
9
8
11
4
0
0
0
8
13
15
13
16
12
10
6
7
10
12
14
15
8
2
4
2
3
0
4
12
14
15
12
9
5
8
11
9
10
8
13
15
11
11
8
8
6
8
10
9
13
9
11
10
7
14
18
16
11
9
11
10
11
16
12
5
14
21
17
15
15
20
12
9
15
12
10
15
19
7
5
12
11
13
16
17
13
14
17
16
16
12
7
5
6
7
5
9
2
6
12
15
10
2
1
-9
-11
-12
-6
-4
-4
4
-3
-6
-9
-10
-14
-9
3
11
7
5
4
-5
-10
-10
-6
-9
-3
1
-2
4
2
-4
-4
-12
-22
-17
-15
-11
0
-5
-3
-6
-12
-13
-8
0
8
8
1
-5
-12
-13
-10
-11
-18
-13
-10
-11
-10
-11
-8
-9
-9
-14
-9
-2
0
2
6
5
-3
-9
-15
-12
-2
3
6
2
-7
-13
-16
-11
-6
2
-4
-10
-9
-4
2
-4
4
-3
-7
-10
-12
-1
4
2
0
0
-6
-9
-7
-7
-11
-14
-11
-10
-12
-6
2
-1
-9
-10
-18
-19
-7
-4
-5
-6
0
-8
-18
-13
-6
-15
-11
-8
-11
-2
6
16
4
-6
-11
-16
-7
2
19
13
4
-1
-9
-8
-10
-11
-9
0
10
16
13
5
-7
-20
-25
-32
-19
1
11
21
18
11
3
-12
-22
-24
-12
4
7
10
10
-1
-7
-26
-34
-27
-32
-9
7
16
14
0
-7
-26
-25
-20
-8
8
18
13
5
-5
-21
-22
-25
-13
2
13
16
12
10
1
-12
-11
-7
-6
10
21
28
24
6
-1
-11
-11
-5
2
26
32
32
18
6
1
-12
-9
-6
3
18
22
13
7
-3
-1
3
12
32
31
35
34
15
15
11
0
6
2
0
12
17
20
9
4
-8
-18
0
15
36
40
16
13
1
-8
0
-4
13
14
8
22
12
6
5
-5
-15
-13
-11
3
5
7
6
-15
-19
-29
-19
-2
-3
9
5
4
13
1
-5
-20
-27
-17
-10
5
10
6
2
-10
-16
-7
-13
-2
0
-3
-5
-14
-8
-22
-14
-18
-21
-5
3
6
12
20
6
-1
-7
-5
8
24
28
26
14
-1
-13
-19
-21
-16
-6
-1
13
5
2
-15
-24
-22
-24
-8
0
1
-1
-7
-12
-3
-9
-11
-8
-10
8
12
21
17
1
-11
-22
-18
-7
11
15
8
-6
-24
-26
-8
8
16
23
15
1
0
4
16
18
5
7
11
11
13
8
-2
-14
-15
-6
-1
24
37
23
15
-10
-24
-27
-14
13
18
26
17
13
-5
-16
-22
-31
-25
-8
14
18
23
2
-11
-25
-36
-22
-11
0
0
-3
-1
-1
-10
-13
-15
-2
6
15
27
25
17
-3
-20
-23
-2
9
28
32
22
7
-8
-6
-5
0
16
30
34
30
19
17
8
5
8
18
31
22
27
15
1
-2
-11
-8
4
13
23
24
16
0
-16
-17
-13
1
15
33
36
28
8
-19
-19
-26
-4
19
33
38
19
16
-13
-24
-29
-21
-2
9
26
24
25
7
-14
-33
-33
-17
-1
19
28
17
3
-8
-7
-1
-13
-7
-12
-5
4
20
43
24
2
-37
-48
-45
-26
5
4
-12
-46
-57
-36
-8
19
20
9
-16
-46
-26
8
43
40
5
-24
-61
-44
-16
32
45
13
-22
-73
-65
-64
-32
1
-3
-3
-24
-1
14
23
16
-12
-39
-49
-29
27
90
123
102
24
-35
-105
-103
-81
-28
27
21
44
3
-4
-28
-44
-37
-66
-51
-43
21
96
117
125
74
-22
-82
-115
-59
0
53
59
24
-8
-78
-48
-52
-42
-85
-137
-125
-89
68
152
235
166
-16
-144
-219
-135
-13
123
201
149
77
-28
-54
-42
-90
-88
-154
-95
-19
123
235
169
50
-201
-251
-226
-47
153
248
248
97
-36
-110
-100
-48
23
58
111
65
96
53
-3
-111
-232
-193
-151
55
148
247
155
-6
-136
-201
-89
5
132
162
151
43
-15
-68
-62
-56
-70
-37
10
100
103
143
33
-72
-184
-217
-76
32
191
177
117
-11
-118
-92
-50
45
36
61
53
72
125
137
114
-19
-134
-184
-121
-13
99
118
91
-36
-101
-123
-87
-33
-62
12
-35
70
99
156
135
-48
-108
-212
-92
-12
95
170
136
99
15
-38
-104
-195
-242
-193
-69
95
174
201
67
-66
-207
-217
-94
-27
108
75
119
141
117
175
73
-26
-178
-209
-77
107
245
242
148
-78
-220
-320
-218
-123
-25
33
35
112
73
116
37
18
-87
-126
-71
12
166
183
193
81
11
-91
-87
-69
-52
-52
-81
-68
-18
24
41
10
-86
-128
-229
-130
-66
51
103
54
29
-4
-22
27
102
105
132
28
82
75
127
63
-33
-161
-282
-266
-171
69
163
185
23
-14
-168
-126
-135
-1
136
48
106
28
94
-31
4
-2
117
129
113
203
131
38
-162
-186
-139
-49
-90
46
25
18
-120
-189
-112
-211
-171
-149
139
266
268
183
53
-97
-255
-226
36
235
287
235
103
34
-175
-171
-93
-6
-48
-110
-23
99
95
40
-28
-178
-262
-334
-54
160
212
62
-98
-115
-134
35
192
380
239
2
-73
-115
16
0
7
20
-96
-78
75
281
294
29
-316
-484
-466
-254
70
336
311
68
-148
-193
-37
38
90
55
-16
-29
126
364
552
421
108
-235
-460
-361
-143
247
344
288
5
-278
-394
-423
-310
-224
-130
-71
47
127
245
208
136
-28
-115
-183
-17
205
280
428
328
286
99
-121
-209
-225
-297
-164
-117
60
113
-51
-93
-293
-295
-413
-197
-93
145
263
333
493
319
179
-89
-98
-176
13
59
236
175
-55
-61
-144
47
-69
-16
-109
-123
-278
-358
-267
-382
-323
-402
-18
385
660
830
716
413
-107
-464
-399
-3
244
339
239
63
-117
-348
-293
-145
-198
-296
-336
-219
26
73
104
212
51
-20
-73
-3
175
42
-150
-328
-391
-267
137
519
848
736
319
30
-232
-248
-203
-154
-220
-173
-270
-63
150
135
81
-332
-522
-547
-161
349
735
600
149
-462
-857
-752
-400
236
495
665
438
411
325
232
199
-222
-276
-447
-257
19
219
305
47
-266
-652
-747
-595
-234
240
581
729
533
-60
-655
-1141
-1145
-666
89
1030
1623
1707
1298
613
-3
-473
-742
-722
-450
-53
165
410
351
117
-340
-961
-939
-798
-270
143
496
819
624
342
-85
-165
-86
-11
210
435
588
370
-167
-422
-613
-395
-124
250
864
862
770
171
-184
-604
-999
-1075
-936
-235
257
747
829
716
131
-468
-876
-691
-79
390
799
651
347
-238
-608
-779
-394
-120
135
248
133
302
-1
-125
-317
-319
-432
-495
-322
152
820
882
724
165
-375
-647
-681
-125
410
562
380
-116
-236
-290
-249
-60
61
170
128
108
324
508
312
-103
-692
-796
-588
-145
360
689
579
276
-21
-195
51
-58
-112
-90
0
264
493
388
446
255
-14
-69
-216
-41
-34
-52
-241
-96
-115
58
211
136
314
82
-106
-294
-493
-660
-623
-417
274
998
1336
1089
397
-653
-1328
-1497
-1131
-157
436
949
846
533
-47
-716
-1379
-1602
-1311
-512
533
1305
1695
1063
201
-1225
-1814
-1957
-1514
-603
25
837
1106
1368
1383
1139
577
-190
-660
-524
-196
450
435
252
-352
-1115
-829
-613
347
658
792
870
474
385
100
89
4
-264
-248
149
884
1453
1453
988
-3
-775
-1179
-640
401
1112
1517
1115
683
108
-396
-545
-575
-340
-192
187
628
908
831
199
-380
-973
-1145
-961
-461
131
148
-80
-492
-622
-698
-660
-350
-69
256
128
-87
-364
-840
-1277
-1722
-1445
-633
442
1256
1280
565
-673
-1821
-2154
-1561
-532
671
1042
1044
350
-477
-1019
-1460
-1318
-1077
-303
415
1336
1738
1642
1023
-286
-1193
-1569
-843
424
1302
1739
1512
892
294
-522
-689
-747
-374
197
792
1587
1691
1647
1020
656
221
-11
171
428
1047
1052
855
452
103
233
365
674
1057
1268
1495
1345
1105
854
642
408
241
447
518
549
299
146
199
-68
-472
-712
-622
-475
-575
-945
-1211
-1274
-1500
-1661
-1580
-1587
-1542
-1575
-1469
-959
-836
-841
-756
-829
-809
-1159
-1342
-1085
-812
-799
-1074
-1077
-1016
-970
-1123
-1309
-1343
-1613
-1949
-1728
-1250
-957
-1282
-1750
-1661
-1351
-1023
-1055
-656
-763
-1042
-1436
-1524
-303
356
1100
1428
1717
1998
1871
1926
1954
1996
1550
1382
1806
2612
3273
3373
3009
2724
2182
1771
1772
2139
2816
2993
3043
2940
2910
2554
2300
2060
2012
2204
2272
2679
2941
3031
2474
1925
1440
1217
1054
645
378
-61
-473
-1048
-1670
-2359
-2784
-3037
-2885
-2399
-1966
-1650
-1874
-2431
-2946
-3164
-3033
-2471
-1910
-1476
-1248
-1193
-1316
-1460
-1864
-2386
-2649
-2731
-2225
-1646
-1276
-1510
-2100
-2879
-3462
-3705
-3700
-3207
-2833
-2365
-1955
-1821
-1544
-1476
-1673
-1366
-1287
-1061
-714
-110
775
1173
1423
1619
2280
2702
3062
3190
3418
3552
2968
2182
1485
1003
591
432
434
745
633
252
-144
-172
-356
-512
-460
-181
604
878
1353
1594
1781
1788
1493
1531
1729
1968
2136
2398
2546
2211
1741
1297
1193
1110
555
896
1806
3087
3735
3488
2807
1711
920
526
1081
2008
2541
2564
2287
1942
1528
634
211
-221
-489
-311
257
1563
2354
2397
1187
-106
-1378
-1955
-1873
-1336
-658
-638
-999
-1776
-2211
-2932
-3469
-4034
-4038
-3753
-3311
-2874
-2746
-2939
-3556
-3966
-4396
-4070
-3741
-3120
-3064
-3204
-3419
-3587
-3657
-4041
-4198
-4328
-3711
-3059
-2105
-1658
-1548
-2041
-2411
-2128
-904
387
1111
1421
933
1477
2647
5045
6107
5995
4606
2938
1892
1239
1847
1876
1931
668
-310
-615
-154
254
204
-275
-1086
-1432
-1147
631
2237
3223
2775
2054
1383
1712
2138
2767
3206
2665
2546
1743
1439
993
298
-510
-1099
-1027
197
1972
3560
4810
4813
3408
1928
1117
1414
2759
3127
3667
3613
3287
2949
2143
1366
660
-311
-908
-383
317
1275
1440
1073
109
-945
-1933
-1716
-1231
-784
-388
-876
-1041
-1668
-2095
-2701
-3035
-3388
-3227
-2911
-2299
-1982
-2649
-3462
-4617
-4977
-4939
-4265
-3880
-3369
-3492
-3823
-4029
-3856
-3505
-4028
-4533
-4902
-4462
-3851
-2676
-2182
-1905
-2466
-3405
-3305
-2382
-847
232
1068
1349
1323
1652
3898
5922
6613
5777
4479
3484
2776
2473
2513
2917
2102
1003
-369
-207
31
-283
-673
-1112
-1274
-1376
-613
655
2279
2630
2327
1824
2239
2579
3161
3423
3382
3436
2536
2146
1361
1082
193
-724
-1171
-585
678
2407
4402
4745
4268
2978
1796
1437
2252
2912
3839
3989
3715
3435
2755
2376
1405
702
-201
-314
-65
1025
2077
2193
1914
301
-992
-1554
-1502
-822
-369
-528
-1037
-1715
-2344
-2949
-3267
-3743
-3924
-3994
-3770
-3138
-2840
-2994
-4116
-4965
-5654
-5728
-5072
-4415
-3998
-3590
-3584
-3783
-4003
-4090
-4098
-4485
-4716
-5293
-4536
-4011
-3822
-4457
-4803
-4557
-4757
-3032
-1344
628
1285
1152
947
1534
2002
2571
5951
8866
9295
7240
5858
4529
3107
1659
1047
1076
809
133
-1006
196
237
-1136
-2790
-3353
-3121
-2677
-718
1367
3607
3983
2931
1962
2108
2939
3492
4388
4992
5113
4587
3566
2284
1276
-70
-963
209
2285
4507
5246
4984
3586
1854
979
542
1692
2834
4104
4161
4247
4010
3125
2840
1529
912
492
1033
1965
3109
3554
3001
1420
-402
-1313
-1776
-1194
-1009
-751
-1508
-2040
-3411
-4312
-4678
-5193
-4444
-4616
-3746
-3302
-3171
-3196
-3443
-3756
-4292
-4104
-3905
-3365
-2941
-3095
-3015
-3064
-3278
-3508
-4360
-4111
-4166
-4454
-4480
-5045
-5711
-6537
-6768
-6669
-6231
-5528
-5515
-4979
-3680
-2150
-355
606
2481
3209
3847
4534
5663
8359
9427
9342
7401
5990
4438
2956
2109
1820
1201
-309
-1317
-2033
-1503
-1713
-1997
-2536
-2538
-2537
-2082
-642
1287
3287
3467
3738
3509
4134
4793
5156
5747
5651
5387
4335
3550
2557
1530
385
-95
1057
2500
3684
3565
2608
1741
821
205
826
1779
3118
4105
3830
4094
3574
3393
2915
2381
2279
2120
2736
2958
3824
3152
2279
758
-551
-575
-1072
-797
-1085
-1485
-2581
-3751
-5211
-5817
-5763
-5336
-4085
-2892
-1976
-2320
-2836
-4027
-4577
-5386
-4785
-3261
-1768
-663
-1608
-2073
-3450
-4325
-4912
-4552
-3994
-3878
-3191
-3125
-2789
-3920
-5753
-7608
-9036
-9309
-8571
-6680
-4962
-4659
-4831
-5168
-4932
-3408
-1577
1087
3486
5280
6203
6726
8113
9437
9546
7910
6009
5146
4775
4142
3208
2833
1452
-605
-2006
-2500
-1383
-1306
-1555
-1857
-1791
-1769
-1529
249
2113
3643
3731
4127
4590
5706
6374
6232
6343
5955
5410
4446
4014
2966
1490
-283
-832
495
2412
3459
3166
2607
1525
65
-708
201
1493
3098
3438
3662
4176
3854
3857
2874
2124
1384
1188
1996
2924
3954
3375
2289
653
-520
-752
-1289
-956
-1720
-2567
-3365
-4766
-4911
-4843
-4477
-3799
-3020
-2594
-3000
-3353
-3546
-3796
-4189
-4995
-5001
-4602
-2654
-587
-270
-282
-2609
-4161
-5045
-5778
-5043
-4134
-2973
-3250
-4399
-5825
-6884
-7774
-8611
-8556
-8938
-8993
-8526
-8267
-7002
-6609
-5644
-3513
-2064
299
2889
5569
7921
9105
9561
10453
10868
9786
7842
7167
6642
5299
3773
2365
1820
133
-781
-2192
-2440
-1895
-2653
-2585
-1974
-1165
-795
577
1845
3070
3661
4135
4511
5723
6901
7129
7453
7064
6490
4640
3654
1965
697
-403
-2019
-3171
-3813
-2656
-1139
1265
2164
1626
893
516
735
1977
3548
5102
5894
6124
6652
6551
6572
5249
4169
2661
1830
1540
1983
3216
2643
1769
-716
-2237
-2829
-2684
-1566
-1067
-922
-2015
-2527
-2754
-2899
-2786
-3577
-3776
-3413
-2813
-2164
-1991
-1515
-2828
-4782
-5715
-6497
-5876
-5286
-4464
-3634
-2913
-2626
-4952
-5906
-7346
-8661
-7939
-6838
-4985
-4880
-3915
-5515
-8207
-9361
-10817
-10387
-9858
-8267
-6457
-4770
-3008
-2799
-1633
-285
-14
4084
9896
14714
15340
13932
12585
9254
6912
3484
3219
3737
3605
2982
2668
3317
712
-2354
-5206
-6203
-6152
-4347
-1239
2442
4812
4455
2439
1660
2184
2800
4494
5805
8180
8774
8851
7353
5300
3146
434
-1204
-2243
-2038
-3154
-3853
-4947
-4956
-4127
-2966
-1745
-666
948
2230
3803
5403
7490
8727
9159
8671
8426
8457
8695
8048
7103
5623
3794
2507
1094
1005
70
-742
-1846
-2271
-1890
-1545
-1123
-1064
-592
-239
259
372
649
773
111
-1086
-1655
-2392
-2576
-3288
-3953
-4187
-5613
-6000
-6637
-6191
-5569
-5745
-6576
-7101
-6486
-6423
-6213
-6290
-5976
-5727
-5805
-5987
-6838
-6977
-5733
-5828
-6639
-6519
-6454
-6466
-7494
-7977
-7735
-7552
-8001
-8638
-7279
-5396
-3073
-487
6035
15079
17580
14363
9639
7294
5686
4564
5993
8399
9628
7742
4841
3023
3243
884
-2418
-3737
-3653
-3048
-1640
2218
4343
4508
1292
-2362
-2900
-435
1836
3486
6079
6922
6943
6137
5453
3632
2401
950
-282
1
342
-650
-3048
-4090
-6593
-7184
-4836
-1064
1945
4410
5638
4861
5915
6351
7582
8704
9050
8795
8539
9374
9037
7555
5130
2492
284
-621
-271
613
1674
1707
402
-552
-1525
-2048
-1143
-373
315
1196
1436
1581
1226
-3
-1895
-3324
-4001
-4305
-3462
-3684
-3660
-4647
-5845
-7218
-8804
-8565
-8229
-6665
-5881
-4177
-3686
-3900
-4508
-5410
-4670
-4458
-3792
-4059
-4322
-5541
-6279
-7444
-8200
-7958
-7865
-9078
-10570
-10240
-10980
-10918
-10743
-8936
-8318
-6545
-4615
-185
11176
19379
19628
14828
12450
8450
5887
7014
9677
12239
11928
8968
5061
5700
3903
-724
-3820
-5164
-6744
-6396
-2575
711
2583
800
-3378
-5485
-3199
-671
1795
5495
7981
8677
8848
8430
7194
5953
4354
2527
2430
2903
1303
-741
-3080
-5368
-7299
-6918
-4203
-699
2287
3166
3283
3739
4898
6259
7364
7796
8261
8657
9710
10377
9642
7218
4195
1893
367
534
983
2036
2174
1478
14
-1923
-2735
-2860
-2359
-2086
-1578
-1316
-597
133
-753
-2042
-3721
-5086
-5606
-5237
-4094
-3573
-3448
-3967
-4819
-5629
-6188
-6289
-5762
-5083
-5048
-5140
-4204
-3229
-3049
-2751
-4102
-5312
-6983
-7836
-8056
-7613
-6532
-7057
-7051
-9039
-9916
-10439
-10452
-10790
-11492
-10751
-11405
-10164
-7192
-2602
4694
14607
20419
18262
14064
11387
8883
8202
8557
9985
11489
10466
8287
5828
6080
2586
-2901
-6691
-8164
-7987
-6306
-1839
928
2253
-398
-3934
-5085
-2890
-237
2780
6832
9672
11397
11241
10358
7996
6049
4010
3021
3313
3874
2291
-483
-3114
-6396
-8385
-9009
-6000
-2053
1238
2675
3220
3973
5043
6494
7242
8261
8870
9694
10473
11117
10005
7457
4278
1947
487
-92
887
1171
2082
1313
-724
-2741
-4116
-3965
-3806
-2732
-2172
-1476
-1453
-2304
-2923
-4479
-5457
-6375
-5967
-3961
-2361
-1310
-1385
-2028
-3196
-4764
-6140
-6450
-4836
-3171
-2997
-3331
-3931
-3186
-3532
-5447
-6334
-7098
-6741
-7368
-7306
-6926
-6868
-7395
-9433
-10318
-10789
-11123
-12435
-11767
-10400
-9686
-8217
-6040
-3567
1849
11756
18881
19428
15640
12250
8806
7316
7040
8827
11067
9869
6725
3514
3713
1616
-1736
-4891
-6920
-7725
-6989
-3313
316
2804
1360
-1704
-3080
-1320
1080
3925
7184
9833
11289
11440
10789
9607
8432
6160
4421
3295
3347
2310
74
-2649
-5448
-7756
-9358
-8076
-4434
68
2426
3429
4142
5451
6918
7981
8771
9610
10211
9588
9593
9019
7350
4822
2466
556
-490
-486
-326
454
712
-274
-2353
-3411
-3673
-3720
-3521
-3717
-3913
-4110
-3893
-3987
-4333
-4880
-5693
-5891
-4406
-2545
-1543
-1629
-2609
-3697
-4131
-3827
-4433
-3894
-3226
-3207
-3697
-4498
-4118
-4394
-4796
-6433
-7799
-7399
-6781
-6739
-7933
-8608
-9595
-10692
-10459
-9943
-9419
-10651
-12244
-11622
-9069
-5084
-2489
544
7619
16533
19518
15631
12572
10774
8369
6291
6948
9791
10545
8423
4754
3250
2592
-1287
-4643
-5715
-5753
-6239
-4821
-561
2571
3332
542
-2214
-1408
1837
4849
7407
10019
10938
10433
9340
8309
7235
6074
4481
2938
2267
1605
-624
-2999
-4415
-6009
-7526
-7627
-4280
145
2885
3161
2454
3055
4708
6634
7797
9470
10690
10352
9924
9206
7883
5556
2692
770
-44
252
687
693
872
-95
-2446
-4189
-4126
-3387
-2499
-2269
-3002
-3675
-4092
-4387
-4768
-5474
-6313
-6466
-5888
-4257
-3240
-2618
-3055
-4313
-5007
-5305
-4622
-3829
-2556
-2185
-2678
-3891
-4394
-4644
-4482
-3952
-4522
-5800
-7455
-8446
-8834
-7580
-8135
-8752
-9482
-9884
-10527
-11831
-11695
-11478
-9191
-7249
-5165
-1934
7174
18013
21875
18524
13403
9438
6206
5416
7485
12223
12692
9975
5101
3294
2777
-1198
-4743
-6482
-6100
-6484
-3977
423
4068
3548
-346
-3892
-3353
261
3669
7765
11153
12284
10245
8516
7322
6699
4802
3102
2157
2331
2489
76
-2201
-3919
-5286
-7721
-7508
-4151
-130
2632
3228
2431
2656
3758
5120
6685
8448
10239
9449
9594
9198
7877
5826
3418
1447
-226
-157
-195
662
1574
757
-1352
-3425
-4154
-3593
-2676
-1540
-1838
-2706
-3972
-5136
-5393
-6020
-6341
-6999
-6479
-5353
-4475
-3461
-2900
-3141
-4008
-4797
-5001
-4593
-2402
-1527
-1380
-1246
-3228
-4006
-4467
-4400
-6699
-6987
-6375
-7328
-6613
-6829
-7009
-8756
-9427
-10573
-12048
-12728
-13841
-13090
-8854
-5240
-2675
3274
12939
20078
19110
15689
11136
9158
6914
6641
9971
12380
12411
7896
5195
3003
-120
-5115
-7770
-7303
-6456
-4820
-2138
1495
2790
770
-3564
-5172
-3362
629
4199
8533
12061
12447
10858
8624
6926
4392
2966
2383
3135
3967
2719
-745
-3748
-5613
-7210
-7667
-5480
-1153
2088
3444
2852
2598
3262
4592
5796
7549
9812
10667
10582
10158
8758
6206
3439
1279
808
977
1267
1438
1485
724
-1289
-3416
-4377
-4063
-3138
-2020
-1261
-975
-1832
-3182
-4573
-5849
-6561
-6603
-6019
-4937
-3884
-3709
-4320
-5072
-6524
-7121
-6729
-5578
-3476
-1873
-893
-1740
-2595
-3985
-5066
-5514
-4985
-4506
-5637
-5524
-5843
-6079
-5820
-5735
-7001
-7791
-9595
-12470
-13848
-13101
-11170
-8430
-4117
-996
6645
16704
21306
16973
12742
10419
6542
5780
7036
10928
12565
11468
6523
3669
2946
-2079
-6734
-8069
-7457
-7267
-3994
128
3145
2990
-562
-4707
-4894
-1540
1239
5351
9804
12341
11873
10384
8474
6557
4707
2717
1756
2675
2772
885
-1369
-3604
-5697
-7815
-7984
-5124
-676
2412
3556
3791
4515
5263
6254
6839
7901
9137
9429
9643
9077
8267
5395
2718
609
-765
-999
-397
570
822
693
-1178
-3011
-3738
-3238
-2649
-1782
-1395
-1355
-1480
-1820
-2210
-3754
-4969
-6065
-6326
-6048
-5718
-5532
-5663
-5872
-6919
-7411
-6811
-6516
-5558
-4838
-4026
-3097
-2849
-2509
-3494
-4459
-5015
-4637
-3970
-3383
-3406
-4549
-6190
-7420
-7660
-7310
-8183
-10739
-12538
-13130
-10370
-7156
-2815
2316
10603
18036
17780
14824
11328
10421
7725
6253
7825
10567
11668
9177
6394
4424
2259
-3520
-7075
-7345
-6404
-6004
-3639
29
2243
1942
-1554
-3448
-2825
-539
1424
4860
8907
11360
10972
9638
7720
5475
3797
1949
2138
2622
1686
-1404
-3659
-4915
-5820
-6247
-6284
-3685
-235
1756
2965
3684
5030
6440
7207
7776
7786
9164
9163
9020
8842
7234
4723
1737
336
-965
-925
-472
-93
631
688
-731
-2374
-2528
-1886
-1225
-448
15
-279
-239
-1099
-2193
-3743
-5232
-6180
-6583
-5737
-5813
-6103
-6548
-7213
-7650
-8208
-8350
-8112
-6883
-4996
-3845
-2805
-2076
-2281
-2363
-3328
-4541
-4774
-4331
-2781
-1578
-1747
-4054
-6025
-7402
-8601
-8829
-10476
-12145
-13440
-11728
-8936
-6435
-2802
2736
12775
19294
17699
13261
11357
9797
7270
6985
9668
11125
9994
7228
4449
4536
1401
-3704
-6427
-6675
-7474
-7485
-3570
696
2382
10
-3527
-5274
-3076
-532
2282
6336
9399
10346
9692
9567
8255
6732
4984
3932
4055
3689
1605
-1244
-2897
-4371
-5597
-6060
-5157
-1964
1521
2914
2900
2805
3915
5580
7291
8127
8957
10129
9928
9502
8291
6069
3546
1634
1127
946
1206
1883
1780
1692
825
-1152
-2092
-1513
-621
-142
49
-1045
-1971
-2239
-3176
-4475
-5984
-7225
-7709
-7408
-6632
-6540
-7135
-7844
-9062
-9074
-8487
-8023
-6916
-5859
-3750
-2303
-2172
-2382
-3471
-4165
-4647
-3594
-2892
-2501
-1811
-3243
-3971
-5960
-8551
-10382
-10788
-10722
-12654
-13892
-13392
-10234
-6215
-4131
-2449
5682
17050
20376
16612
14641
12735
9585
7107
7746
11939
11989
9269
5154
5285
4797
-1255
-6000
-7562
-7479
-8968
-7212
-2995
1354
1921
-1284
-4321
-3735
-1068
997
5289
9780
12318
11684
11215
10506
9327
7477
5090
4241
4472
3191
-246
-2846
-4774
-5781
-6664
-6251
-4189
-1127
1538
2303
2501
2781
3834
5488
7255
9199
10916
11810
11217
10355
8901
5849
3267
1666
1698
2373
3039
2854
2081
1396
-615
-2845
-3398
-2571
-1717
-938
-1439
-2439
-3554
-4732
-6260
-7690
-8299
-8924
-8602
-8051
-7250
-7040
-7494
-8039
-8869
-8321
-7425
-5956
-4316
-3437
-2637
-3369
-4647
-5341
-5368
-5243
-5299
-5169
-4613
-3654
-3593
-4913
-5969
-7172
-8598
-9159
-11185
-13351
-15087
-13333
-8744
-4064
4811
16111
22579
18913
12971
9354
7553
6804
7483
12080
14189
12495
8170
5560
5201
499
-6596
-10387
-9931
-8198
-5382
-1204
2331
1908
-2012
-6651
-7063
-2945
1470
6047
10257
13432
13214
11295
9422
7731
6342
4735
4132
5186
6018
3618
-393
-4692
-7516
-9230
-9036
-6519
-2818
1544
2909
2846
2604
3108
4369
5814
7799
10089
13019
13826
13539
12435
9775
6557
3219
1830
1710
2142
2654
2486
1734
-176
-3356
-5348
-5358
-4562
-3415
-2492
-1650
-2157
-2902
-4649
-6260
-7379
-8925
-8751
-7907
-5523
-4721
-5261
-6006
-7462
-8381
-9196
-8411
-6915
-5197
-4940
-5338
-5660
-6587
-6958
-6740
-5960
-5121
-4520
-4285
-4244
-5218
-5651
-5950
-6774
-8705
-11659
-12717
-11538
-7442
-3482
987
7693
14792
17582
14298
11396
9515
8140
6859
7740
10376
10840
9227
6364
4881
3032
-1337
-5854
-6837
-6503
-6208
-4297
-954
2139
1367
-1204
-3831
-3363
-465
2708
6929
10472
12475
11478
10418
9220
7339
5534
3941
3172
2976
2453
-104
-3136
-6068
-7341
-8234
-8441
-7286
-4388
259
3245
4146
3651
4724
5482
7201
9412
10952
13102
12927
12118
10453
9115
7259
5167
4128
2856
1543
184
39
-599
-1864
-3892
-6148
-6909
-5710
-4270
-3510
-2544
-2738
-2905
-3357
-4235
-4785
-5198
-5798
-6251
-5543
-5339
-6130
-7515
-8397
-9017
-9213
-8867
-8532
-7022
-6603
-7507
-8742
-8821
-8496
-7929
-6408
-6472
-5023
-3584
-3738
-4442
-4507
-5765
-8828
-10096
-11348
-10569
-6985
-2535
1339
8893
17986
20097
15354
10266
7168
4928
5467
7208
11541
13972
12007
7026
4153
2924
-2370
-6256
-7322
-6155
-4622
-1862
1424
3412
2437
-1584
-4916
-4327
112
4195
8205
11866
12771
10920
8897
7134
5856
4840
3888
3427
3555
2925
-59
-4110
-7377
-10031
-11241
-8914
-5100
-1847
225
950
-33
540
2268
5356
9051
11127
12271
12295
13046
12347
10915
9095
7357
5427
4416
4243
3822
3202
788
-2026
-4877
-6288
-7075
-6081
-4869
-3999
-3734
-4122
-4054
-4244
-3468
-3601
-3645
-3301
-2708
-2369
-2309
-3117
-5133
-7428
-8825
-8804
-8269
-7574
-7600
-7705
-8188
-8852
-9329
-9172
-9650
-9518
-8126
-7491
-7221
-5906
-5362
-5561
-5447
-6525
-6306
-6229
-6930
-7773
-6270
-3238
3
3288
8525
16367
19183
17024
12028
9375
7888
4927
4531
7833
10352
9498
6735
3908
2286
-1855
-6161
-8286
-6456
-4408
-3009
350
3427
4066
1379
-796
-666
2120
4741
7654
10780
12898
12181
9415
7127
4948
3370
1677
923
784
138
-2589
-5590
-7615
-8496
-8555
-7551
-5381
-3108
-569
509
1243
2561
4473
6507
8685
10614
12011
13478
13774
12327
10211
7885
5867
4586
4277
4151
3460
2584
360
-2016
-4158
-5652
-6718
-6713
-5678
-5141
-4504
-3948
-3505
-3532
-3735
-4574
-4446
-3556
-2792
-2446
-2572
-3317
-4771
-6001
-7318
-7740
-7841
-7699
-7995
-7495
-7310
-8466
-9145
-10056
-11051
-11135
-10155
-9621
-8404
-7019
-6609
-6482
-6177
-6738
-7712
-8590
-9186
-8414
-5450
-610
2550
8150
16287
21027
19734
15065
11795
8674
6502
5537
7409
10748
10883
8180
4742
2813
-855
-5935
-8328
-8006
-6164
-3916
-649
2383
3627
2037
-830
-1703
840
4597
7896
11716
13747
13396
10856
8267
6033
3912
2496
1268
1121
349
-1660
-4856
-7465
-9279
-10383
-9566
-6475
-2708
117
1736
1859
2020
2408
4420
6988
9915
12112
13463
14600
13724
12027
8870
6055
4081
2802
2310
2410
2658
1754
-211
-3078
-5575
-7256
-7453
-6582
-5041
-3846
-2982
-2749
-3330
-3182
-3665
-3785
-3423
-2912
-1881
-1552
-989
-1744
-3413
-5112
-7200
-8663
-9728
-9172
-9021
-8729
-8635
-9851
-10553
-11099
-10989
-10863
-9940
-9052
-9291
-8985
-7930
-7123
-6296
-6925
-8617
-10055
-9504
-5937
-1942
3323
9195
16720
20758
17985
14050
11254
10177
8347
7772
9881
11154
10232
7247
4577
2924
-1068
-5660
-7884
-7405
-5815
-4210
-1150
1710
2663
1174
-1209
-1580
1116
4733
8028
11356
13646
13743
11724
8663
5971
3713
2009
1433
1132
1012
-1141
-4924
-8193
-10228
-11376
-11101
-7973
-4079
-805
1678
2890
3131
3883
4911
6648
8359
10456
12153
13571
15178
13591
10779
6872
3563
1043
-298
159
482
1169
301
-1681
-4275
-5873
-6525
-6085
-4502
-3459
-2119
-1272
-873
-728
-1233
-2228
-3013
-2668
-1239
-122
-230
-1372
-3453
-5831
-7169
-8539
-9540
-9655
-10107
-10577
-11081
-11124
-10991
-10725
-11499
-12244
-12726
-11499
-8839
-7758
-6234
-5738
-6304
-7382
-8276
-8532
-6840
-3991
-2132
282
4255
12647
19744
19546
15365
11123
8474
6727
6316
9605
13103
12398
8366
4094
2342
275
-3577
-6754
-7068
-6457
-5166
-1993
1737
4217
2673
-588
-2177
216
4605
8224
11882
14096
13812
10994
7858
5781
3918
2343
741
-172
-446
-1805
-4775
-7662
-9685
-10758
-11032
-8689
-4062
-672
2769
3679
3669
3945
4950
7299
8701
11905
12749
13865
14016
12334
10314
6447
4520
1466
444
-55
-651
-110
-1145
-2608
-4887
-5967
-5773
-4684
-2769
-1505
-751
26
-109
-167
-573
-1056
-1614
-1819
-985
-1161
-827
-1229
-2533
-4275
-7093
-9587
-11189
-10849
-9948
-9315
-8985
-10892
-12964
-13632
-13680
-13676
-13756
-12099
-9706
-6971
-5333
-5823
-6091
-8326
-10876
-11073
-8489
-3424
-612
3330
9374
17444
21392
16539
12689
9414
7342
5123
6492
12114
14681
13653
7906
3920
1476
-2512
-6679
-7686
-6634
-6543
-4697
-724
2753
2828
311
-2928
-2301
1812
5981
10092
14454
16605
14780
11756
8188
5554
3477
2012
907
-63
-418
-3404
-6684
-9500
-12774
-14438
-13512
-9359
-4358
493
3531
4363
4678
4199
5039
7141
9201
12021
14086
15378
15275
13053
10230
6153
3041
833
-397
-478
-404
-287
-1557
-3165
-5870
-7280
-6750
-5477
-3420
-1579
1
1064
1632
1315
677
-220
-597
-752
109
864
689
-357
-2840
-5166
-7708
-9093
-9854
-9754
-9247
-10075
-11058
-12322
-13264
-13507
-13555
-13559
-13507
-12338
-10942
-9847
-8695
-8194
-7858
-8689
-9192
-8251
-6134
-2641
-241
2488
9551
18416
21543
16874
12444
10066
7234
6190
6963
10969
12596
10108
5985
3722
3873
-266
-4830
-6662
-6910
-7500
-5365
-629
3150
3996
1116
-1603
-900
3269
6602
10251
14232
16319
14901
12622
10379
7328
4566
1733
100
-1169
-1748
-4498
-7674
-9917
-12709
-14375
-12949
-8043
-3957
-1010
1253
2025
2711
4253
6459
8981
11178
12583
13121
14232
14306
12456
9977
7102
4093
1408
625
150
-14
-321
-1939
-4307
-6072
-6835
-6364
-4650
-3006
-1574
-580
624
1013
998
509
-219
-779
-335
696
835
669
-796
-2778
-5340
-7465
-8796
-9447
-9318
-9415
-10550
-11989
-12714
-13033
-13166
-12849
-12645
-13367
-13031
-12719
-11756
-10073
-8181
-8031
-9265
-9432
-8747
-5770
-2296
1376
4329
10736
18201
19247
16134
12830
10526
7713
5661
6327
9349
10888
9375
6019
4430
2789
-1742
-5527
-6455
-6126
-6106
-3720
429
3550
3721
1247
-1079
-211
3049
6549
10511
14501
16273
14990
12637
10118
7075
3794
1585
-30
-780
-2094
-4672
-7592
-10463
-13026
-15046
-14048
-9882
-5057
-1247
1752
3752
4379
4852
6512
8223
10636
12872
14279
15125
14928
13579
10265
7509
4515
1819
128
-756
-1177
-1801
-2153
-3770
-5732
-6752
-6521
-5709
-3766
-1907
-758
611
1279
1250
626
370
134
-72
212
161
-436
-1668
-3163
-5011
-6983
-8547
-9550
-9474
-9268
-9869
-11096
-11778
-12103
-13147
-14501
-14673
-13964
-13358
-11914
-10540
-9333
-8496
-8525
-9383
-9519
-7781
-5568
-2494
1221
4706
9929
17254
20538
17762
13378
10244
7351
5526
6971
9669
11351
9815
6012
3160
1648
-1186
-5082
-6436
-5912
-5489
-3761
30
3149
3957
2224
-135
186
3200
7065
10614
13954
15607
14183
11472
9132
6860
4174
1830
204
-500
-1645
-4155
-7177
-10035
-12297
-14281
-13575
-9159
-3378
614
2607
3715
3293
3641
5259
7844
10716
13003
14093
13938
14036
12603
9524
6059
3178
597
-979
-1023
-1083
-784
-1553
-3848
-6308
-7099
-6437
-5030
-3030
-1359
52
1213
2250
2203
1868
1026
-332
-578
-68
182
-443
-1756
-3829
-5576
-7161
-8781
-9208
-9150
-9425
-9992
-10739
-11476
-12504
-13207
-13371
-13050
-12671
-12914
-12195
-10683
-10064
-10412
-9840
-10000
-10759
-8674
-5431
-1265
2298
4303
8599
15727
19603
16205
12393
11460
9295
6522
6634
9148
10489
9285
5235
2097
1501
-1358
-5587
-6377
-4988
-5397
-4665
-1276
2261
3775
2817
1164
1333
4832
7874
10381
13769
15852
14525
12011
10025
7178
4504
1962
556
-397
-1612
-4196
-7733
-9605
-11677
-13074
-11713
-7566
-3372
-432
1935
2687
3230
4022
6091
8675
10582
12144
12936
13930
13661
11940
8977
5635
2736
693
-152
-681
-655
-1030
-2404
-4423
-6061
-6718
-5694
-4031
-2334
-819
429
1740
2224
2378
1773
575
-344
-178
232
52
-723
-2474
-4726
-6643
-7678
-8310
-8977
-9545
-10204
-11005
-11231
-11780
-12838
-12882
-12855
-13354
-13187
-12224
-11098
-10608
-10431
-10505
-10543
-11329
-11179
-9528
-6170
-1965
-194
3813
11596
19103
19458
15184
11983
10039
8342
6916
8429
10671
11617
8405
4958
3961
2487
-1979
-5998
-6499
-6826
-6271
-3736
584
3619
3918
1172
-728
1259
5043
8230
11637
15429
16586
15190
12841
10246
7193
4662
2251
1024
391
-928
-3918
-7173
-9343
-11973
-13970
-12498
-7193
-2309
777
2212
2598
2542
3744
5533
7826
11041
12702
13236
13710
13758
11812
8534
5137
2284
65
-924
-1228
-784
-106
-1416
-4269
-6522
-7047
-6637
-5023
-3202
-1385
190
1311
2075
2172
1778
649
221
858
1184
655
-644
-2291
-3728
-5356
-7027
-8605
-9633
-10057
-10910
-11610
-12112
-12406
-12293
-12534
-12752
-12700
-12395
-12423
-12619
-11885
-10575
-9459
-9962
-9963
-9062
-8073
-5799
-3337
-227
4173
11911
18647
18364
15103
11918
9301
7313
6071
7000
9025
9682
7608
4408
3472
1565
-2930
-5821
-6875
-7206
-6016
-2396
1654
4250
4215
1860
310
2157
5337
8007
11904
15200
16339
15162
12751
9832
6375
3408
973
-636
-924
-1966
-4531
-6831
-9437
-11819
-13714
-11843
-6418
-1897
1353
3160
3624
3697
4744
6013
8398
10842
12139
12749
13278
13259
10827
7817
4866
1916
-533
-1387
-1558
-1138
-670
-2067
-4372
-5691
-6006
-5939
-4177
-2413
-1180
276
1608
2145
2345
2013
1215
907
1198
1732
849
-270
-2292
-4824
-6243
-7269
-7996
-8392
-9370
-10508
-11281
-12015
-12295
-12348
-12303
-12907
-12592
-12050
-11697
-10905
-10202
-10163
-10417
-9849
-9740
-8547
-6424
-4228
-2133
-392
1494
6347
14769
19128
16373
12739
10393
7496
5534
5743
8107
9175
7935
4581
2308
2405
-141
-3740
-5533
-5624
-6040
-4677
-344
3558
5444
4523
2265
2348
5209
7814
10120
13228
14989
13899
12052
9866
7641
4951
1879
-477
-1820
-2510
-4571
-6931
-8661
-10503
-12207
-11783
-8376
-3765
265
2445
3232
4355
4977
6511
8627
10064
11847
11901
12181
11838
10760
8844
5259
2554
191
-1690
-2682
-2787
-2448
-2531
-3744
-5145
-5677
-4777
-4032
-2877
-1832
-763
547
993
2142
2004
1892
1164
817
1228
839
306
-1468
-3642
-5497
-7107
-7997
-8368
-8904
-9642
-11348
-12053
-12668
-12331
-11972
-12110
-11818
-12534
-11854
-11037
-9728
-8188
-7675
-8177
-8619
-8809
-8831
-7438
-4839
-2086
419
4311
12872
19828
18137
13699
8856
6270
4452
3625
6909
10199
10652
7282
3763
2822
593
-3952
-6400
-6415
-5288
-3737
351
5166
7311
6006
1959
158
2614
6329
9474
13708
16135
15416
12386
9091
6667
4046
1726
89
-584
-684
-2092
-4921
-7083
-9692
-12340
-13955
-11951
-6846
-1901
1565
4066
6239
6760
6830
7180
8288
10030
11465
12110
13295
13697
10896
6683
3150
71
-2566
-4034
-3686
-2372
-1834
-2142
-3864
-4434
-4277
-4995
-4580
-2776
-870
752
2415
3565
3514
2260
753
-683
-640
77
-181
-676
-1289
-3333
-5647
-7517
-8799
-9055
-9813
-10299
-11428
-12459
-12675
-12886
-12136
-11297
-11483
-11737
-11073
-9529
-8172
-7500
-6548
-6097
-6773
-8762
-9225
-7371
-4215
-1024
576
4989
12621
17443
15637
11733
9184
6073
3503
3619
7073
10675
10604
7451
4197
2557
-253
-5037
-6334
-4978
-3968
-2117
1266
5303
6580
5019
2019
933
3617
6439
9429
12922
14773
13568
10234
7586
4940
2501
1034
-120
103
-108
-1488
-4327
-7075
-8915
-11765
-12896
-10832
-6027
-1041
2499
4827
5451
6121
6307
6288
8492
9836
10955
12072
11998
11809
8947
5726
2726
-219
-2807
-3827
-3102
-2014
-713
-1947
-3288
-4107
-4981
-4363
-2856
-854
1244
1771
2304
2686
2182
1583
47
-613
-545
-48
21
-101
-933
-3178
-5987
-9203
-10828
-10655
-10363
-10009
-10304
-10907
-11103
-12005
-11798
-11967
-12446
-11504
-10093
-8841
-7229
-6305
-6218
-5495
-7463
-9502
-8676
-6811
-3851
-1053
1715
8710
15799
17369
14072
9203
6880
4039
2784
5954
9916
11470
9625
5913
3331
1421
-2580
-5882
-6015
-4434
-3461
-1221
2954
5566
5436
3131
517
1020
4081
7255
10577
13583
14376
11718
8718
6091
3711
1868
196
48
396
163
-2149
-5491
-7588
-9773
-11890
-11648
-8843
-4217
494
3067
4470
5896
6347
6661
7479
8197
10073
10897
11416
12001
10802
8689
4638
1297
-1327
-3058
-3119
-2607
-1400
-1069
-1591
-3107
-4232
-4315
-3818
-2376
-785
1051
2767
3486
3952
2829
1329
66
-1491
-1059
-507
244
-254
-1745
-3803
-6916
-9054
-11107
-11370
-11022
-10960
-10420
-10682
-10387
-10100
-10578
-10480
-10631
-10249
-9738
-8742
-7311
-5583
-3894
-4973
-5949
-7304
-7355
-5655
-4112
-1262
196
2212
7531
13429
15093
11395
7671
4929
3242
3743
5408
9060
9993
7651
3896
1271
690
-1758
-3180
-2926
-2333
-1884
-174
3007
5273
5081
2766
792
1937
4908
7214
9189
10429
10078
7686
5833
3993
2312
1183
295
147
-59
-1053
-3344
-5199
-6699
-8567
-10405
-9845
-5660
-284
3361
5293
5882
5948
6394
6445
7033
8877
10299
10447
10127
9548
8190
5393
2537
11
-1782
-2707
-2319
-909
423
1020
-679
-2699
-3487
-3422
-2316
-519
893
1915
2698
3063
2640
1797
316
-1163
-1636
-1713
-1234
-1012
-1054
-2496
-5739
-8982
-11526
-12082
-11017
-9712
-8614
-8966
-9956
-10709
-10642
-10082
-9682
-9104
-8760
-7314
-5645
-4743
-5044
-6044
-6686
-7928
-8005
-6573
-4855
-2617
-1358
-144
3948
10888
14536
11250
7688
5252
3689
4213
6136
10008
11081
8561
4135
1161
1944
682
-1120
-1430
-1398
-2092
-1765
1415
3845
4664
2693
333
146
2303
4890
6455
8471
8965
7283
5642
4490
4010
3445
2409
1515
81
-451
-2181
-3982
-5225
-7048
-8660
-9208
-6378
-2396
1391
3581
4269
5086
5415
5673
6859
8014
9693
9965
9289
8716
7788
6361
3794
2023
109
-657
-1248
-635
394
531
103
-1629
-2809
-2804
-2106
-1247
227
1369
2157
2154
2432
2026
1538
464
-688
-1199
-1409
-1033
-1440
-2299
-4591
-7334
-10349
-11314
-10992
-10116
-9574
-9769
-10082
-10290
-9844
-9346
-8612
-7951
-7341
-6634
-5123
-4393
-3444
-4215
-5257
-7019
-7906
-7039
-6462
-5316
-5489
-4924
-4406
-2096
2598
9665
13467
10817
7060
4917
4449
5509
6867
9183
10302
8112
5649
3790
5571
4634
2059
-35
-1085
-1293
-1077
1955
3648
4285
1904
-1174
-2017
-71
1916
3195
4961
6214
5940
5600
5517
5146
4658
3085
1808
938
1330
-483
-2303
-3813
-5387
-6857
-8066
-6142
-3004
286
2631
3808
4686
5582
5832
6389
6669
7443
7139
7012
7041
6848
6342
4784
3811
1880
954
-166
-348
221
675
677
-170
-801
-1115
-1394
-1232
-777
-689
10
540
1426
1570
1562
565
-82
-455
-1273
-2104
-4108
-5696
-7528
-8725
-9303
-9484
-9090
-8693
-8534
-8929
-9356
-8959
-8524
-7628
-6445
-4661
-3250
-2675
-2192
-2826
-3104
-4880
-6874
-7171
-7062
-6890
-6903
-7175
-7743
-8478
-9117
-8165
-4940
-665
5517
11059
12668
11075
7971
7091
6871
7247
8736
10641
11743
11272
10138
8771
7191
3477
-385
-2718
-3210
-2591
-789
1690
2560
678
-2481
-5322
-5759
-3261
64
3863
7049
8913
8872
8050
6544
5000
3572
2553
2745
2948
2859
1694
-608
-3122
-6205
-9147
-9485
-7489
-3314
1566
4774
5615
5006
3649
2498
2335
2874
4640
6711
8606
9719
9419
7957
5238
2327
612
-108
714
2261
3527
3918
2489
90
-2308
-3631
-3628
-3065
-1997
-497
746
1543
1599
379
-1907
-3815
-5423
-5804
-5245
-5190
-5239
-5731
-6596
-7732
-9084
-9510
-8655
-7712
-6249
-4981
-4315
-4063
-4045
-4186
-4088
-4378
-4837
-4671
-4357
-3485
-4277
-6419
-8140
-9972
-11730
-11129
-10645
-9765
-7731
-6708
-5067
-3373
-337
5156
11757
14647
12580
10370
10045
9948
10357
12058
13694
12710
10700
8472
6626
5760
2157
-1607
-4253
-4991
-5842
-5305
-2417
-1084
-1509
-3521
-4705
-3975
-928
2136
5016
7954
9442
9138
8896
8666
8023
6350
4334
3315
2512
2110
-285
-2820
-4987
-7418
-9803
-10081
-7629
-4003
-351
1550
2247
2334
2161
2300
3907
5751
8015
9123
9902
10599
9869
8347
5934
4099
2757
2212
1773
2047
2669
2038
389
-1523
-3218
-3647
-3397
-2635
-1419
-907
-645
-1262
-1915
-3113
-4326
-5128
-5197
-4135
-3359
-2490
-2652
-3872
-5286
-6960
-7939
-7821
-6597
-4851
-3894
-3741
-4031
-4208
-4288
-4501
-4715
-4950
-5042
-5224
-5268
-5480
-6585
-8449
-9491
-8905
-9036
-9781
-8878
-7398
-6413
-5849
-5032
-3052
-743
2061
5836
11637
16814
16245
13427
11877
10615
9021
8282
9312
9739
8235
5542
2823
1579
458
-2670
-5304
-6173
-5948
-5261
-2998
-66
894
491
-858
-1334
317
3071
4979
7136
9154
9494
8444
6955
6070
4482
2995
1554
325
-105
-1391
-3366
-4885
-6448
-7703
-8370
-7118
-3843
-576
2136
3348
4075
4402
5061
5846
6634
8262
9081
9692
9528
8555
7383
5301
3392
1899
891
517
713
1455
1620
1154
-302
-1940
-2975
-3528
-3310
-3389
-3250
-3208
-3405
-3390
-3619
-3842
-4175
-4145
-3815
-3521
-2977
-2866
-3234
-3607
-4201
-4708
-4950
-4322
-3682
-3410
-3030
-3869
-4768
-5211
-5630
-5749
-5923
-5860
-6041
-6476
-6635
-7282
-7820
-8359
-9100
-9248
-9276
-8847
-8570
-6756
-4449
-2741
-512
1457
4994
9430
14689
16837
14405
11969
9359
7366
6569
6916
8075
7634
5860
3263
1132
331
-1701
-3607
-4783
-5069
-4988
-3844
-983
908
1539
349
-863
-686
1374
3664
5693
7650
8269
7861
6954
6260
5304
4141
2926
1659
310
-452
-2425
-4532
-5837
-7260
-8270
-8300
-6369
-3297
233
2860
3797
4311
6000
7006
7958
8507
9135
9306
8873
8849
7788
7311
5290
3623
2438
1867
1903
1298
1399
1089
-149
-1770
-3252
-4108
-4105
-4601
-4506
-4185
-3442
-2960
-2104
-1948
-2191
-2253
-2671
-1682
-1388
-1007
-1183
-1375
-1495
-1626
-2345
-3270
-4450
-5601
-6000
-6507
-6145
-5590
-4762
-4263
-4241
-5199
-5616
-6176
-6609
-6990
-7272
-6970
-6667
-6911
-7006
-6788
-7260
-6048
-5402
-4162
-4015
-4242
-3333
-952
3070
8446
13579
13638
11069
7331
5498
4772
4810
6157
7263
6902
5637
4122
3840
3417
593
-2149
-4501
-4803
-4329
-2018
634
2050
1179
-1033
-2775
-2853
-851
924
3500
5698
7220
7114
6633
5559
4327
3037
1912
1561
1711
1634
30
-1966
-4253
-6325
-8254
-8122
-6585
-3587
-253
2775
4844
5513
5755
5419
5700
6293
7415
8136
9168
9380
8916
8220
6752
5057
3043
1403
347
-99
184
440
-175
-1101
-2982
-4523
-5288
-5401
-4915
-4120
-3300
-2708
-2012
-1756
-1104
-589
-371
94
583
1279
1548
692
-392
-1381
-2436
-3200
-4102
-4761
-5209
-5537
-5447
-5486
-4966
-4627
-4952
-4992
-4633
-4393
-4149
-3962
-4947
-5218
-5236
-5222
-5021
-6303
-6964
-6706
-5799
-4255
-3996
-4252
-5156
-5776
-4724
-2316
2302
7478
10564
9986
8433
6691
5396
5345
5739
6694
6418
6103
5926
5901
5784
3592
-104
-2897
-4645
-4811
-3382
-1346
317
464
-861
-2906
-3639
-3322
-1412
936
3556
6156
6997
6967
6383
5073
4145
2773
1417
1896
1974
1814
380
-1715
-4000
-6143
-7161
-7097
-5685
-3363
-274
2255
4542
5773
5703
5744
6123
6320
7378
7825
8619
8905
8142
7086
4776
3407
1667
752
-130
-239
-459
-1207
-1761
-3164
-4044
-5135
-5571
-5256
-4326
-3283
-2012
-1162
-216
338
561
465
500
1322
1867
2456
2242
1827
847
-655
-2117
-2835
-3536
-4090
-4423
-4030
-3464
-3574
-4350
-5111
-4847
-4880
-3903
-3224
-2203
-1768
-2718
-3671
-4664
-5341
-5881
-5908
-5389
-5112
-5654
-6381
-6260
-5512
-6122
-6376
-6737
-5575
-3943
-1688
2043
4861
7092
6887
7041
6868
6227
6061
6371
6814
6872
6344
5419
4755
3521
1979
-52
-1398
-2641
-3043
-3063
-2456
-2165
-2220
-1693
-1593
-989
-448
312
1592
3410
4925
5878
5967
5700
4942
4504
4017
3528
2944
1783
779
-910
-1820
-3142
-3744
-3922
-3963
-3256
-2632
-1226
179
1732
3065
3757
4638
5732
6755
7366
7155
7215
6540
6158
5364
4361
3621
1784
427
-1157
-1850
-2413
-2755
-3039
-3428
-3639
-4178
-4139
-3628
-2730
-1895
-1092
-488
426
967
1454
1837
2315
2851
2990
3095
3072
2940
1796
525
-528
-1509
-2290
-2827
-3278
-3302
-3788
-4713
-5532
-5768
-5812
-5798
-5123
-5361
-5040
-5138
-4819
-4351
-4641
-4404
-4992
-5570
-6215
-6354
-6246
-6016
-5591
-5285
-4811
-5158
-5293
-4013
-1801
1134
3507
5396
6272
5914
6051
5467
4671
4044
4075
4668
5033
5164
5011
4477
2733
781
-1130
-1911
-1887
-1360
-10
904
1016
452
-68
-5
595
1229
2176
3259
4551
5485
5472
5109
4447
3660
2917
2089
1648
1032
82
-830
-2140
-2947
-3951
-4545
-4554
-4056
-2979
-1868
-87
1623
3499
4788
5615
5927
5927
6265
6101
5723
5307
4836
4196
3195
1914
438
-1038
-2215
-3116
-3142
-3161
-2927
-2759
-2607
-2092
-2080
-1297
-463
617
1756
2544
3154
3800
4315
4628
4887
4456
4225
3480
2599
1802
619
-401
-1385
-2553
-3545
-4238
-4984
-5541
-6065
-6744
-6911
-6666
-6151
-5090
-4273
-3604
-3497
-3587
-3777
-3684
-3424
-3213
-3254
-4209
-4738
-5832
-6651
-7690
-8364
-7612
-6952
-6352
-5827
-5365
-4956
-3958
-2836
-678
1488
3283
4587
5256
6466
6981
6898
6756
6215
5524
5046
4379
4591
4697
4202
3115
1496
471
-259
-821
-585
-89
125
841
858
1232
1376
1068
1037
1211
2004
2970
3747
4150
4205
3528
2874
1838
1319
837
469
-122
-670
-1022
-2103
-2714
-3503
-3698
-3255
-2024
-274
1618
3175
4069
4540
3897
3032
2606
1909
2514
2960
3312
4063
2931
2260
605
-388
-913
-942
301
1415
2723
2893
3196
2660
2234
1847
1851
2170
2459
3045
3235
3342
2696
1909
1035
370
-130
-217
-355
-256
-497
-1191
-1981
-3027
-3656
-4174
-4409
-4730
-4931
-4814
-4635
-4402
-4316
-5005
-5101
-5695
-5714
-5193
-5457
-4970
-5997
-6616
-7134
-8058
-8362
-8654
-8427
-8295
-8089
-7738
-6674
-6019
-5665
-4370
-3283
-660
2139
4623
8089
8280
8321
7502
6165
6338
5531
6229
6300
5914
5494
4929
4260
3439
2107
530
-20
-608
-155
404
886
1176
562
34
-277
-358
570
1559
2857
3819
4034
4112
3612
3271
2716
2107
1682
1360
791
305
-859
-1791
-3251
-4479
-5034
-5504
-4648
-4646
-3394
-1477
431
1935
2426
3407
4129
4991
5029
4992
5312
5113
5390
5052
5296
5054
3982
3498
2380
2740
2182
2209
2636
2157
2334
977
686
742
763
1231
1047
1126
1272
1481
1854
2101
2004
1601
1186
828
582
57
-547
-1233
-2136
-2868
-4068
-5089
-5814
-6326
-6503
-6684
-6828
-6726
-6706
-6623
-6504
-6860
-6511
-6574
-6426
-5932
-5970
-5621
-5945
-5722
-5737
-5549
-5572
-6611
-6125
-5820
-5180
-4809
-4530
-3708
-3500
-2448
-915
1689
4179
5847
6615
6013
6436
5879
5939
6552
6416
6683
5093
4809
4531
4422
4118
2483
1403
106
-222
-77
650
1300
1420
423
-482
-732
-657
51
852
2001
2822
2664
2557
2448
2025
1997
1464
947
658
234
-270
-486
-1454
-2054
-3179
-3980
-3889
-4051
-3141
-2843
-1643
202
2447
3680
4805
6207
6068
6396
5881
5801
6692
6107
6484
6216
5657
5452
3771
3214
2371
1792
830
729
1133
1774
2371
1857
2025
1288
1062
620
663
1092
1287
1471
1429
1170
500
-392
-1246
-1563
-2084
-2497
-2922
-3300
-3812
-4645
-5789
-6763
-7793
-8205
-7923
-7240
-5983
-5015
-4827
-4809
-5180
-5702
-5051
-4751
-4356
-4280
-4394
-4201
-4340
-4108
-4385
-4830
-5548
-5871
-6077
-6372
-5479
-5023
-3631
-2263
-1432
92
1227
3265
4877
5538
5763
5662
5923
6133
6104
6045
6008
5341
4555
3886
2831
2178
1051
265
70
-276
-364
-748
-667
-378
-445
-977
-997
-808
43
737
1038
1646
2149
2661
2786
2917
2432
1904
1212
1146
1128
819
278
-597
-1170
-1918
-3057
-3511
-3362
-3012
-2064
-1208
702
2526
4031
5045
5615
5490
5384
5465
5745
6746
6836
6845
6537
5821
5059
4127
2902
2463
2040
1835
1901
2079
2408
2205
1502
493
-125
-767
-716
-610
-52
305
317
10
-729
-1352
-2145
-2479
-2602
-2384
-2199
-2148
-2464
-2993
-3749
-4629
-5273
-5576
-5797
-6108
-5882
-5595
-4971
-4534
-4800
-4887
-4988
-5048
-4585
-3703
-3180
-3150
-3684
-3922
-3904
-4223
-4319
-4661
-4881
-4585
-4479
-3913
-2511
-1272
-56
275
654
1239
2050
3422
4617
4771
4336
3956
3349
3598
3194
3059
2393
1839
1534
1322
1421
1160
896
60
-237
-700
-740
-791
-168
297
325
122
304
826
1299
2013
2237
2534
2455
2663
2680
2699
1945
1094
190
-103
-300
-727
-804
-1150
-1447
-2053
-2193
-2043
-1190
-518
490
1624
3032
4170
5036
5837
6014
5922
5557
5679
5953
6383
6012
5592
4721
3673
2863
2033
1643
1214
614
163
145
190
315
159
86
-79
-428
-663
-381
97
418
737
589
395
34
-473
-699
-945
-1249
-1900
-2699
-3309
-3890
-4558
-4920
-4880
-4911
-4921
-4924
-4991
-4815
-4742
-4814
-4585
-4255
-3649
-3368
-2976
-2669
-2333
-2087
-1944
-1550
-1676
-1830
-2329
-2750
-3135
-3440
-3977
-4504
-4755
-4450
-3665
-2658
-1534
-797
-236
396
1338
2022
2582
2669
2770
2703
3018
3338
3616
3960
3626
2969
2098
1503
1064
880
458
354
97
64
37
103
212
-76
-343
-599
-114
518
1323
1851
2178
2221
2045
1991
1951
1945
1979
2038
2104
1905
1444
893
256
-176
-611
-775
-761
-450
-235
-4
621
1438
2289
2789
3428
4077
4344
4381
4272
4356
4253
3965
3674
3624
3506
3063
2581
1822
1389
796
420
494
746
864
842
735
637
439
-149
-374
-610
-602
-560
-465
-253
-39
-330
-762
-1274
-1872
-2127
-2496
-2471
-2493
-2632
-3014
-3428
-3535
-3783
-4069
-4069
-4109
-3927
-3895
-3841
-3460
-3093
-2846
-2971
-2891
-3041
-3023
-2819
-2486
-2029
-1901
-1953
-2320
-2877
-3045
-3189
-3398
-2947
-2273
-2229
-2394
-1928
-1381
-577
23
430
883
758
981
1594
2527
3496
3428
3199
2881
2585
2145
1717
2147
2216
1776
877
284
44
-179
-238
-270
-153
-112
-147
52
601
1270
1581
1582
1832
1942
2015
2022
2377
2606
2492
2092
1577
1367
1058
746
358
140
-82
-408
-745
-711
-945
-976
-741
10
1236
1909
2431
2663
2904
3068
3173
3301
3964
4515
4705
4418
4034
3678
2944
2152
1417
1042
349
59
15
155
324
170
-89
-232
-392
-509
-389
-138
483
515
427
121
-417
-835
-1257
-1398
-1517
-1803
-2015
-2190
-2261
-2408
-2743
-3026
-3569
-3962
-4234
-4010
-3622
-3237
-3092
-3353
-3421
-3475
-3198
-2949
-2795
-2684
-2779
-2823
-2553
-2245
-2031
-2186
-2431
-2941
-3395
-3291
-3019
-2289
-2025
-1571
-870
-237
370
674
1043
1086
1028
1054
1493
2082
2187
2166
2110
2069
1932
1442
1133
869
505
47
244
801
1079
1161
723
625
380
369
905
1411
1835
1922
1865
2159
2253
2020
1745
1414
1284
970
1055
1152
1346
1043
318
-13
-374
-571
-729
-690
-408
-299
340
1884
2747
2814
2371
2183
1829
1845
2272
3209
4202
3826
3727
3467
3735
3483
2430
2122
1864
1302
965
1052
1612
1589
787
278
-178
-110
-173
-17
188
632
423
9
-68
-404
-730
-1426
-1365
-1322
-1308
-1591
-1927
-2322
-2700
-3135
-3427
-3278
-3296
-3415
-3809
-3789
-3755
-3780
-3827
-3797
-3905
-3831
-3789
-3444
-3092
-3040
-2992
-3219
-3085
-2690
-1986
-1822
-1844
-2069
-2053
-1989
-1884
-1489
-1319
-970
-540
91
717
1584
1914
1695
1207
819
730
935
1502
2086
2118
1815
1690
1418
1397
1148
737
285
228
328
702
1087
1114
876
271
324
520
812
1010
1294
1301
1030
850
772
1056
1059
907
699
539
662
773
712
695
222
-182
-519
-412
-94
80
311
251
420
617
1622
2618
3325
3763
3726
3554
3161
2872
2919
2975
2991
3124
2816
2897
2788
2471
2011
1305
643
245
138
446
643
400
381
-241
-458
-575
-440
-183
-90
-2
28
-37
-153
-231
-661
-739
-1246
-1394
-1680
-1766
-1699
-2138
-2501
-3078
-3438
-3435
-3435
-3434
-3276
-3520
-3257
-3242
-3049
-2819
-2905
-2801
-2683
-2453
-1985
-1555
-1556
-1429
-1889
-1928
-2191
-2096
-1494
-1090
-616
-386
-218
-251
-475
-908
-957
-1212
-944
-533
181
1021
1135
744
250
-294
-544
-691
-638
354
813
1500
1485
1286
1006
384
-12
31
524
992
1612
1805
2484
2112
1632
1139
758
928
776
1046
1338
1594
1474
1026
547
384
252
340
618
1205
1343
1446
1630
1905
2320
2132
2039
1926
2086
2135
2138
1965
2565
2651
1927
1609
1125
1123
849
395
802
808
439
544
-128
244
355
135
616
823
1199
906
463
359
340
-221
-201
-343
-487
-447
-606
-376
-520
-932
-1476
-1888
-1883
-1508
-1311
-694
-552
-875
-1535
-2183
-2312
-2596
-2356
-2060
-1671
-1355
-1434
-1528
-1802
-2110
-2346
-2902
-2658
-2152
-1748
-1289
-1213
-1067
-1305
-1602
-1646
-1427
-1346
-956
-714
-440
248
208
133
-89
-655
-888
-1388
-1193
-568
-442
132
-48
-153
-303
-561
-319
-345
7
184
91
286
633
757
915
756
713
836
738
1033
1286
1354
1507
1149
757
610
190
397
795
1108
1310
1184
991
853
679
896
1460
1859
2184
2103
1918
1602
1498
1303
1387
1762
1797
2062
2036
2100
2280
1850
1528
1162
720
877
796
964
1264
1009
695
145
-360
-415
-583
-547
-65
116
463
524
354
372
16
-362
-440
-625
-647
-738
-1091
-958
-1192
-1505
-1708
-1906
-1599
-1480
-1332
-1098
-728
-354
-460
-503
-741
-951
-1198
-1692
-1509
-1259
-964
-519
-335
-109
-282
-966
-1300
-1067
-794
-585
-631
-615
-341
-602
-818
-777
-871
-976
-1502
-1688
-1113
-550
-159
-135
-307
-500
-1091
-1378
-1249
-974
-661
-1094
-1341
-1179
-929
-420
-514
-617
-522
-729
-683
-503
-18
555
394
-27
142
521
881
1041
994
1301
1079
802
823
1117
1753
1605
1377
1358
1378
1444
1189
1318
1555
1552
1677
1831
2206
2475
2445
2270
2153
2128
2044
1938
1917
1895
1697
1402
1045
867
532
294
226
-7
-8
-51
-122
-21
-245
-472
-608
-736
-534
-314
-173
62
245
302
576
427
214
-188
-809
-1005
-1381
-1379
-1182
-1085
-868
-985
-1276
-1363
-1471
-1269
-1073
-928
-691
-669
-638
-282
-72
28
177
-72
-3
-224
-374
-419
-599
-690
-767
-989
-1118
-1059
-1228
-1112
-1342
-1593
-1961
-2098
-2068
-1895
-1697
-1409
-802
-658
-343
-252
-677
-1031
-1250
-1162
-515
-217
165
-114
-805
-1053
-1423
-1498
-1249
-974
-743
-517
-574
-184
-138
83
179
-35
275
598
784
1201
1559
1689
1672
1258
1439
1181
1256
1433
1579
1750
1827
1930
1727
1724
1541
1635
1562
2001
2286
2483
2478
2264
2176
1873
1870
1710
1551
1587
1475
1183
1167
962
945
720
667
648
321
200
338
474
461
440
157
139
-14
202
340
498
670
554
463
320
-90
-583
-937
-1151
-1017
-1302
-1175
-1366
-1522
-1465
-1742
-1699
-1554
-1269
-1007
-952
-891
-671
-703
-465
-290
-277
-339
-518
-531
-120
189
104
-256
-873
-1053
-1376
-1507
-1397
-1477
-1531
-1800
-2051
-1938
-1858
-1629
-1577
-1658
-1677
-1762
-1394
-940
-316
-197
-565
-1046
-1343
-1239
-1026
-605
-364
-497
-844
-1014
-973
-803
-771
-750
-837
-998
-1043
-814
-163
512
793
394
87
-130
-144
368
820
1241
1104
820
1188
1580
1955
2205
2138
1989
1741
1497
1867
2358
2675
2805
2429
2271
2069
1660
1589
1684
1452
1306
1199
1585
2116
1801
1611
1079
616
679
508
775
1057
841
759
479
610
740
318
192
218
289
253
131
-134
-312
-764
-1098
-1033
-817
-457
-432
-359
-148
-265
-619
-749
-660
-450
-644
-735
-574
-332
-106
-180
-238
-300
-292
-435
-395
-342
-348
-568
-898
-790
-620
-620
-504
-372
-146
-87
-566
-773
-960
-955
-1164
-1537
-1477
-1203
-923
-884
-948
-1460
-2035
-2208
-1714
-1011
-673
-861
-1188
-1443
-1392
-1241
-1239
-989
-1095
-1231
-1296
-1170
-901
-638
-535
-567
-892
-1129
-749
-607
-282
-229
-422
-285
-82
227
756
842
829
814
801
1671
1907
1737
1521
1256
1538
1640
1726
2046
1841
1391
1012
904
1510
1746
1592
1502
1501
1553
1410
1295
1637
1696
1290
964
856
1080
1271
1328
1178
966
246
-290
-367
94
586
423
249
62
108
-41
-7
-131
-257
-288
-410
31
375
481
362
27
-173
-281
-444
-131
216
488
387
-259
-616
-857
-777
-485
-348
-340
-297
-127
103
217
138
-190
-564
-571
-275
-101
112
219
-89
-166
-362
-697
-943
-1052
-1019
-1129
-961
-722
-850
-1089
-1292
-1525
-1498
-1316
-1198
-1062
-918
-1071
-1428
-1635
-1451
-1340
-1603
-1487
-1424
-1276
-1262
-1425
-1081
-1107
-1361
-1517
-1377
-659
-378
-625
-652
-546
-261
-556
-801
-200
88
246
609
1184
1603
1269
670
423
478
892
1024
1103
1786
2057
1781
1586
1723
1832
1512
1357
1773
2068
2367
2357
2177
2148
1855
1444
1059
1281
1567
1518
1343
1491
1447
1111
809
542
547
443
701
922
1037
1047
635
14
-280
-265
-295
-330
-329
-158
-270
-311
-283
-403
-551
-631
-732
-775
-705
-685
-776
-862
-773
-838
-895
-747
-495
-481
-409
-379
-399
-462
-597
-666
-876
-886
-886
-843
-721
-493
-475
-583
-723
-851
-817
-817
-585
-426
-418
-652
-962
-1063
-1084
-1160
-1119
-1081
-758
-403
-338
-352
-806
-1095
-1593
-1869
-1644
-1421
-894
-211
196
59
-495
-1143
-1421
-1514
-1037
-463
18
686
1038
888
521
-104
-872
-1064
-779
275
1141
1753
2298
2004
1594
1161
660
875
1253
1675
2127
1975
1965
1619
1395
1344
1076
889
964
1392
1822
2057
1753
1319
589
275
561
1027
1366
1386
1050
576
142
-234
-211
-191
214
400
540
776
630
204
-380
-866
-1295
-1493
-1200
-553
-145
-64
-381
-668
-893
-723
-418
-99
185
45
-117
-255
-212
-398
-845
-1178
-972
-795
-529
-312
-389
-573
-1003
-1108
-1133
-949
-653
-514
-512
-345
-499
-850
-961
-936
-787
-740
-490
-94
211
333
355
-259
-646
-925
-1207
-925
-636
-268
-401
-768
-820
-827
-966
-886
-853
-490
-129
-142
-121
-96
128
45
-203
-292
111
243
233
371
339
182
-261
-274
327
850
1013
837
445
505
298
158
476
1022
1365
1243
1227
1309
1362
888
716
588
522
607
656
1128
1543
1444
965
439
173
280
182
464
825
966
778
354
101
-143
-292
-361
-115
160
454
438
173
30
-195
-511
-610
-471
66
444
415
275
-108
-240
-530
-651
-584
-382
-233
-168
112
221
152
-500
-968
-950
-791
-538
-425
-201
-28
-391
-690
-817
-775
-745
-895
-516
-132
35
-138
-348
-377
-627
-978
-1149
-744
-176
-134
-204
-250
-248
-316
-478
43
230
266
168
-5
291
239
124
-77
27
229
127
183
431
575
423
152
66
-58
-66
-71
86
477
333
219
-99
-155
-51
-112
65
185
344
209
-124
-244
-94
-7
212
457
584
497
316
30
-98
37
104
282
322
585
552
316
260
121
46
-11
-80
-10
210
405
450
362
324
129
-27
-154
-30
134
259
296
179
230
83
-68
-204
-239
-240
-212
-121
125
380
399
240
-28
-150
-265
-329
-339
-248
-222
-281
-346
-305
-202
-272
-395
-482
-556
-558
-401
-153
155
265
155
-162
-367
-485
-590
-549
-584
-611
-714
-666
-545
-410
-191
-34
72
101
36
-54
-17
82
244
351
355
278
228
206
198
197
158
207
329
612
823
810
673
349
53
-68
-112
-73
-22
92
144
50
7
-47
-51
-74
-56
-87
-137
-69
38
322
499
419
136
-173
-262
-142
-56
15
86
63
64
69
127
133
83
22
-48
-117
-160
-267
-386
-262
-95
39
193
325
440
462
303
55
-166
-178
-35
172
426
527
349
14
-230
-397
-400
-385
-339
-62
265
486
632
687
598
321
-47
-232
-341
-302
-161
-97
22
26
-191
-236
-95
-10
68
75
110
156
165
201
98
-127
-358
-658
-682
-524
-499
-472
-437
-298
-79
102
156
88
-131
-386
-543
-545
-380
-243
-137
25
124
93
38
-71
-49
130
241
375
503
541
490
294
148
69
-50
-59
1
122
277
296
246
291
175
-60
-254
-338
-102
114
221
307
215
-45
-320
-477
-447
-358
-320
-162
75
298
349
112
-186
-359
-571
-633
-379
-58
268
356
333
237
48
-96
-232
-235
-31
96
93
230
267
109
-91
-243
-308
-220
-163
-34
95
191
259
99
43
19
10
140
328
371
325
151
-19
-46
73
252
317
351
361
371
299
336
209
73
5
-133
-154
-28
65
30
-98
-330
-515
-640
-447
-176
88
221
131
-129
-261
-263
-252
-125
-133
-159
-235
-192
-90
-32
-57
-30
-54
15
95
48
116
128
132
32
-30
-99
-126
-116
-24
164
298
351
316
254
246
246
294
433
481
537
443
342
207
18
-144
-194
-113
-76
-82
-139
-92
-45
-59
-155
-288
-420
-533
-588
-412
-90
188
282
177
43
-166
-314
-345
-236
-2
178
161
122
27
-165
-281
-352
-411
-364
-201
-44
174
298
243
-8
-276
-397
-466
-193
243
430
612
646
388
107
-140
-186
-36
194
365
324
229
91
-252
-464
-358
-279
-123
206
390
478
439
217
23
-70
-5
-35
2
231
239
133
-32
-431
-738
-681
-551
-395
-94
211
255
146
-56
-308
-383
-315
-251
-143
143
212
-9
-118
-74
-97
-229
-260
-183
24
363
530
555
526
252
-137
-238
15
163
48
-1
74
30
-14
-25
26
175
169
65
126
338
415
189
-120
-146
-237
-381
-233
-70
35
82
7
-122
-175
-195
-170
-92
51
90
-55
-11
-47
-279
-312
-317
-405
-262
-145
-60
147
140
54
-6
3
-49
-19
161
250
209
195
162
-51
-95
-143
-161
31
185
190
291
153
14
211
45
-363
-358
82
252
207
166
37
-101
-369
-1064
-361
1895
1476
-1599
-2085
302
2163
2100
-348
-2119
-580
1344
274
-851
316
606
-744
-821
-116
-128
47
-392
-528
681
1096
-566
-1176
411
1364
296
-984
-1004
-498
274
243
-322
-202
112
-242
34
862
951
186
-352
132
692
664
-139
-623
-61
536
-9
-500
-420
-188
32
58
-50
15
241
69
-70
256
699
328
-42
-89
-152
-205
-159
-133
-86
6
-106
-200
-189
32
-39
0
202
266
8
-284
-310
-132
39
-28
-167
-415
-367
-180
-108
-139
-19
97
200
287
314
297
215
280
248
188
227
162
33
-5
-55
-9
-102
-281
-257
-135
-40
40
43
91
182
139
73
25
24
-131
-124
67
132
-32
-191
-283
-334
-317
-339
-137
155
220
122
152
184
109
-42
29
232
274
218
24
-193
-244
-309
-462
-408
-277
-173
-85
143
329
412
376
184
22
9
24
-46
49
105
85
-33
-112
-81
41
117
181
252
314
428
321
208
110
-22
-169
-196
-246
-227
-160
-219
-263
-191
-160
-326
-279
-148
-108
-146
-66
9
108
64
-156
-195
-86
5
-18
28
68
117
7
-5
55
50
45
51
53
53
82
8
-35
-89
-124
-185
-92
30
107
237
295
194
144
156
127
177
138
149
190
199
64
6
45
9
-88
-78
64
105
150
134
83
-51
-250
-394
-348
-340
-496
-618
-585
-337
-197
-192
-79
102
212
213
166
221
265
189
7
-127
-66
-26
-70
-51
-41
-54
-74
-34
52
197
363
403
426
340
136
-9
-40
-50
-20
54
88
23
55
158
168
173
188
268
277
201
160
247
320
201
-71
-214
-193
-198
-237
-137
61
59
-80
-317
-488
-467
-328
-203
-124
-144
-139
-51
26
10
-125
-213
-256
-187
-84
25
114
174
166
144
45
-126
-211
-149
99
259
251
140
17
-42
34
105
69
42
74
32
82
228
183
125
140
133
92
98
78
70
122
151
40
-9
15
-36
-57
-39
-16
-75
-140
-243
-293
-231
-169
-153
-73
14
19
24
-34
-166
-303
-332
-309
-192
-40
-6
58
171
130
58
53
42
36
101
174
200
220
148
52
8
-14
-100
-109
-11
75
160
269
282
190
118
65
50
-21
-84
-138
-96
41
80
73
100
50
-54
-8
139
234
229
160
9
-76
-121
-195
-215
-164
-152
-196
-224
-222
-196
-154
-104
-90
-21
-15
-39
-27
5
92
97
20
-49
-47
-7
2
23
91
120
106
78
66
92
112
95
79
146
191
66
-71
-76
-38
8
-5
-18
43
152
185
155
187
163
78
14
-16
32
112
48
-119
-211
-202
-171
-134
-99
-84
2
73
-6
-100
-110
-78
-62
-43
-34
-65
-67
-102
-164
-160
-180
-242
-192
-13
128
138
128
172
223
250
141
20
52
63
1
-19
8
4
-6
24
45
111
159
109
102
155
173
136
95
47
8
6
6
-32
-65
-72
-54
-14
-9
21
71
114
108
50
11
-52
-98
-132
-177
-200
-237
-262
-214
-112
-18
-2
10
-1
-58
-49
-16
-8
-8
-41
-103
-116
-75
-60
-78
-49
-46
-43
40
86
97
99
101
99
93
67
6
24
93
76
13
-50
-92
-91
-39
49
93
125
166
147
110
74
2
-25
-6
29
37
29
1
-47
-11
-11
-82
-136
-153
-118
-41
12
-24
-65
-96
-173
-202
-143
-86
-38
12
27
29
27
-9
-62
-44
-3
-44
-39
14
50
72
61
47
46
63
34
11
63
90
74
65
34
7
-18
-75
-123
-98
-24
37
79
110
93
73
47
-9
32
93
111
95
88
78
23
-7
-80
-130
-103
-78
-74
-2
62
47
12
-30
-56
-62
-46
-70
-35
28
17
-14
-11
12
3
-18
-18
7
77
92
16
-27
-31
-22
-27
-27
-44
-47
-16
-16
-41
-27
-25
-39
0
30
48
50
31
-36
-80
-85
-139
-144
-58
19
71
106
87
50
60
77
34
34
39
19
43
81
53
-30
-96
-154
-193
-174
-150
-145
-61
17
21
3
-28
-62
-72
-28
5
14
47
61
76
109
92
49
40
84
129
178
197
188
176
116
15
-60
-90
-92
-49
-3
39
39
5
-69
-114
-71
-25
29
75
113
149
148
101
28
-22
-29
-45
-27
18
32
21
-31
-89
-113
-124
-147
-156
-106
-30
-19
-25
-72
-111
-116
-125
-109
-58
26
86
121
146
114
45
17
3
27
57
57
60
76
112
75
-9
-57
-98
-95
-62
-38
10
43
49
2
-32
-54
-92
-81
-39
10
32
33
11
1
14
16
1
43
116
149
142
98
32
-60
-123
-156
-162
-104
-57
-50
-23
-1
-23
-80
-123
-132
-127
-84
-63
-54
-25
-54
-121
-172
-178
-140
-101
-11
76
146
204
189
169
158
125
88
68
85
106
90
69
14
-34
-74
-109
-72
-22
33
67
98
127
111
67
18
-13
-1
11
13
24
22
36
14
-13
-25
-26
-12
-23
-22
-14
-28
-72
-109
-127
-148
-190
-202
-173
-109
-66
-84
-92
-86
-61
-36
-6
51
111
148
142
122
115
90
46
30
38
85
114
94
77
56
17
-53
-106
-97
-76
-43
-21
4
32
51
36
1
1
-3
-13
-12
22
60
76
37
0
7
29
52
55
72
87
88
67
35
2
-27
-57
-67
-56
-45
-54
-69
-68
-92
-114
-134
-133
-114
-86
-62
-47
-19
2
6
14
25
31
37
49
80
111
119
105
81
77
85
81
75
60
51
49
39
20
12
19
8
10
29
46
54
58
73
87
82
56
20
4
4
-14
-20
-20
-13
-4
-7
-16
-33
-39
-42
-52
-40
-42
-70
-94
-101
-83
-81
-93
-90
-66
-33
-29
-35
-6
27
69
89
95
118
118
110
82
60
64
63
65
75
83
76
33
11
12
3
-15
-52
-52
-43
-41
-56
-80
-63
-48
-50
-55
-41
-3
16
18
34
56
90
106
109
123
117
99
74
52
37
3
-26
-32
-32
-19
-35
-46
-49
-42
-35
-50
-45
-31
-14
-11
-24
-21
5
18
25
18
11
19
24
39
25
14
6
-3
-1
-11
-18
-6
8
24
34
40
53
58
56
41
29
24
31
35
38
41
33
21
4
1
4
15
22
25
35
48
36
3
-16
-22
-20
-30
-38
-26
-14
-28
-61
-79
-74
-70
-70
-62
-37
6
23
19
19
26
23
9
-2
-1
12
24
22
26
33
35
30
26
42
47
27
-7
-14
-5
-15
-44
-62
-53
-57
-69
-81
-65
-38
-14
-6
-6
9
15
17
7
6
11
10
12
17
21
30
27
23
22
25
35
32
42
56
59
50
39
29
27
27
20
15
12
13
6
10
15
22
42
34
26
17
-1
-2
-14
-28
-29
-40
-46
-48
-58
-52
-44
-42
-44
-36
-11
0
9
20
9
-14
-23
-22
-13
-2
3
12
13
13
13
16
22
44
50
35
31
25
26
27
16
12
2
-10
-10
-10
-5
3
15
22
30
41
44
42
38
46
50
37
23
22
18
14
6
-8
-16
-31
-42
-42
-39
-28
-21
-28
-32
-33
-31
-32
-40
-49
-54
-60
-60
-59
-52
-48
-54
-46
-41
-47
-51
-38
-29
-21
-15
-15
-8
-6
3
-9
-15
-22
-18
-4
-6
6
23
38
44
42
44
47
52
60
75
79
73
68
53
43
35
16
2
2
-6
-14
-25
-34
-26
-36
-55
-64
-65
-63
-56
-62
-63
-56
-55
-59
-70
-67
-64
-48
-32
-25
-30
-26
-21
-17
-8
4
9
0
4
9
28
42
39
36
40
49
53
52
53
62
70
76
61
54
61
77
80
80
72
68
63
50
48
39
46
35
16
-1
-13
-15
-16
-27
-43
-56
-67
-76
-87
-74
-67
-72
-71
-84
-81
-67
-73
-69
-65
-53
-39
-47
-46
-40
-30
-30
-37
-37
-22
-12
-11
-11
-6
1
-1
-12
-11
17
33
31
23
27
44
46
41
52
74
81
77
71
78
88
85
62
50
42
29
22
13
8
1
-11
-31
-47
-51
-48
-47
-48
-41
-38
-28
-43
-55
-43
-36
-27
-42
-53
-57
-60
-58
-72
-72
-61
-50
-47
-43
-37
-24
-8
-11
-10
-3
5
17
15
18
31
33
29
22
20
30
39
35
33
49
60
64
61
61
73
78
73
57
53
63
62
56
39
17
7
3
-11
-17
-17
-24
-45
-60
-61
-46
-32
-38
-45
-47
-44
-38
-36
-27
-22
-14
-13
-32
-34
-22
-10
-6
-17
-14
-13
-16
-18
-26
-2
11
5
-3
-6
13
27
31
30
39
55
58
51
51
67
77
81
69
67
74
74
56
41
50
48
38
24
18
30
35
20
-1
-12
2
11
5
-4
-10
-10
-18
-27
-30
-24
-19
-27
-40
-43
-45
-50
-48
-56
-57
-54
-60
-71
-78
-69
-55
-43
-53
-55
-43
-36
-28
-26
-9
5
6
2
0
13
22
13
19
36
45
55
38
25
32
50
57
48
50
65
75
63
45
45
57
55
45
31
25
37
31
7
-9
-7
-10
-13
-20
-24
-20
-33
-50
-51
-24
-15
-29
-52
-58
-42
-41
-50
-49
-31
-30
-43
-65
-59
-37
-21
-18
-25
-19
-10
-10
-13
6
32
53
54
47
46
55
54
53
62
67
82
69
55
47
58
64
52
49
45
47
39
26
24
37
43
34
24
14
15
2
-14
-23
-22
-17
-22
-41
-62
-63
-58
-72
-81
-82
-73
-67
-85
-89
-87
-85
-84
-82
-62
-47
-46
-49
-54
-41
-29
-15
-10
-12
-2
8
4
2
14
26
40
37
37
44
47
56
56
63
69
62
55
50
48
52
55
47
40
35
25
18
11
8
12
-1
-5
-8
-8
-17
-26
-25
-37
-45
-45
-39
-42
-54
-70
-67
-68
-70
-69
-68
-54
-50
-57
-64
-61
-45
-32
-22
-15
-16
-5
-6
-4
13
27
44
47
36
38
42
46
51
52
65
64
51
35
40
65
71
62
49
41
35
35
17
19
41
49
42
17
1
3
0
-5
-9
-3
-2
-32
-52
-59
-47
-37
-47
-56
-64
-74
-79
-85
-78
-57
-47
-48
-67
-70
-60
-48
-37
-33
-19
-12
-21
-29
-21
3
20
20
18
15
22
25
26
34
49
68
63
43
40
42
50
49
52
74
85
69
40
30
35
50
54
51
54
45
23
2
5
27
43
33
10
-11
-22
-30
-27
-15
-5
-4
-15
-45
-51
-34
-16
3
2
1
-9
-29
-38
-19
7
29
32
18
11
1
2
14
25
48
64
47
22
9
16
38
49
53
49
44
33
19
23
44
57
55
47
35
28
28
38
54
60
60
45
22
7
5
15
16
21
6
-12
-29
-44
-44
-40
-26
-25
-36
-56
-68
-68
-64
-57
-50
-38
-30
-36
-49
-52
-46
-40
-28
-31
-28
-17
-14
-16
-26
-15
5
0
-4
-6
0
7
-3
-5
-9
-7
-1
-6
-15
-17
-4
6
8
12
15
11
9
-1
1
14
13
9
5
5
1
-5
-18
-24
-14
-8
-11
-16
-20
-16
-18
-43
-42
-27
-16
-7
-21
-27
-18
-14
-18
-20
-7
2
7
4
2
11
19
23
21
23
30
31
26
17
27
44
39
30
12
10
19
20
30
35
49
46
22
13
22
41
53
51
49
46
36
22
11
18
30
33
23
4
7
10
5
1
-2
6
4
-7
-19
-16
3
8
9
2
-7
-13
-18
-15
-1
11
15
13
-4
-2
-1
2
7
6
15
13
2
-9
-15
-7
-2
0
-6
-7
2
-8
-9
-9
-2
12
4
-6
-5
14
18
15
12
11
19
7
-5
0
7
12
13
-3
-7
0
-3
-12
-12
3
6
-7
-17
-17
-14
-6
-6
-3
3
2
3
4
5
8
11
15
13
11
17
19
22
18
12
22
16
4
6
5
8
4
2
5
1
3
1
-4
-7
2
8
6
4
1
2
-3
-3
-1
4
7
1
-4
-12
-7
-5
-4
-3
-7
1
-3
-16
-12
-10
-7
-9
-20
-19
-15
-9
-13
-18
-17
-17
-8
-15
-17
-10
-3
1
-7
-7
-1
2
-8
-11
-11
-3
-2
-14
-13
-10
-5
-14
-20
-12
-12
-8
-12
-14
-13
-10
-9
-10
-7
-9
-1
-6
-7
-4
-7
-3
-5
-6
1
2
0
0
0
4
3
4
2
-1
0
-1
2
1
4
10
5
1
-3
-4
10
4
8
11
8
11
1
-1
6
10
14
12
2
6
7
-2
-7
-8
-5
-2
-2
0
1
-3
1
10
9
8
7
6
8
13
13
9
6
3
5
2
-2
-4
-2
3
4
-4
-5
-2
3
7
4
1
0
6
1
0
8
12
4
1
-6
-9
-6
-12
-8
-7
-3
-4
-9
-13
-18
-8
-8
-15
-20
-16
-5
-12
-17
-9
-7
-4
1
-3
-12
-8
-4
-11
-11
-10
-7
-2
-8
-13
-13
-15
-13
-17
-14
-5
-11
-17
-13
-14
-13
-14
-10
-5
-7
-8
-11
-13
-10
-9
-14
-13
-14
-14
-14
-8
-4
-2
-2
-5
-4
0
1
-7
-2
-2
1
2
4
0
-1
5
2
1
3
3
4
2
-3
-4
-4
-6
-8
-8
-5
-2
-6
-2
-2
-3
-2
-3
-5
-13
-6
0
1
-5
-7
-8
-10
-5
-10
-9
-7
-12
-11
-10
-11
-10
-10
-8
-7
-8
-4
-7
-12
-11
-11
-19
-22
-18
-20
-21
-20
-23
-22
-31
-26
-20
-28
-27
-29
-27
-25
-24
-28
-28
-27
-31
-30
-33
-32
-19
-13
-11
-13
-23
-20
-20
-22
-15
-18
-15
-15
-20
-16
-16
-17
-16
-23
-22
-13
-12
-8
-6
-1
2
-7
0
-5
-6
-2
-10
-8
-8
-6
-6
-8
-3
1
-1
-5
-1
6
10
3
5
8
4
3
-1
-5
-4
-2
1
1
3
7
1
2
8
11
14
10
3
10
7
7
8
3
4
1
1
5
8
6
9
12
17
16
16
18
16
23
22
21
22
23
23
17
14
17
14
15
17
14
19
15
10
11
20
17
13
14
9
8
10
3
7
11
4
7
7
2
5
5
4
1
-2
1
-3
-3
1
5
6
-3
-3
3
3
2
7
4
6
1
4
9
6
4
-3
0
4
-2
1
6
3
4
2
-1
-2
-1
-2
2
2
5
0
1
11
8
11
4
-2
4
7
-5
-1
-1
-2
2
-5
-3
-2
-1
-6
-3
-6
-3
-6
-6
-3
-5
-2
-11
-18
-14
-14
-13
-12
-18
-13
-20
-19
-15
-11
-12
-20
-22
-27
-28
-33
-27
-32
-28
-29
-31
-25
-29
-25
-18
-19
-24
-21
-20
-18
-22
-18
-23
-29
-27
-31
-27
-29
-28
-28
-27
-24
-26
-28
-24
-22
-25
-24
-23
-23
-25
-25
-22
-25
-24
-32
-25
-27
-29
-27
-31
-20
-23
-22
-18
-18
-23
-22
-12
-12
-11
-9
-5
-3
-2
-1
4
8
9
8
12
7
3
14
13
9
14
11
21
23
16
22
24
27
22
23
30
33
37
38
36
36
40
44
42
41
41
39
39
38
40
39
34
39
34
35
37
32
36
33
33
27
25
25
23
23
17
15
14
10
9
10
12
18
18
19
19
17
19
17
22
19
22
28
22
25
27
22
25
25
25
19
20
26
17
22
23
29
31
23
19
19
14
6
4
0
-1
1
-1
-6
-10
-12
-8
0
-7
-12
-5
-8
-19
-15
-10
-14
-20
-24
-28
-26
-29
-31
-27
-34
-30
-32
-34
-33
-28
-28
-31
-27
-30
-27
-31
-35
-24
-22
-19
-12
-16
-12
-8
-8
-8
-5
-5
-2
5
-1
3
0
4
7
2
3
1
4
5
6
8
16
17
16
11
1
12
11
9
4
2
5
-1
-4
-3
-3
-4
-2
1
2
-4
-5
-5
-2
2
-5
-6
-2
-2
-6
-8
-7
-5
-2
7
0
1
3
4
13
5
3
6
8
4
4
6
11
14
13
12
9
14
16
20
23
23
26
28
33
29
22
26
24
19
19
18
25
20
15
7
-2
6
9
7
6
8
3
7
8
0
1
-6
-7
-9
-16
-13
-19
-25
-25
-29
-30
-24
-23
-25
-21
-18
-18
-27
-20
-19
-17
-9
-13
-15
-15
-14
-7
-3
0
4
2
6
6
8
9
10
15
13
17
13
13
12
12
18
17
14
13
19
19
15
19
13
12
13
9
11
8
2
0
2
2
1
-3
-3
1
-2
-6
-8
-1
-2
-7
-3
-3
-7
-6
-6
-7
-6
-8
-7
-3
-6
-6
-3
-6
-3
-2
7
10
7
6
8
15
9
13
17
11
12
17
11
9
11
14
17
21
20
19
17
15
19
15
18
15
10
15
12
4
-4
-3
-2
3
-3
-4
-3
-5
1
-7
-12
-15
-12
-8
-10
-17
-24
-18
-20
-22
-22
-24
-24
-25
-25
-24
-25
-26
-28
-26
-31
-28
-22
-26
-20
-20
-17
-15
-13
-9
-6
-5
-9
-4
-12
-8
-10
-10
-6
-11
-6
-12
-12
-3
-5
-9
-8
-11
-6
-1
-9
-7
-6
-8
-3
-8
-14
-13
-15
-15
-11
-13
-16
-12
-16
-22
-19
-17
-17
-17
-21
-11
-11
-19
-19
-21
-12
-8
-11
-10
-11
-5
-4
-5
2
3
0
-2
-3
-3
9
8
9
10
11
14
10
16
23
23
20
18
21
26
32
30
28
30
32
26
27
31
33
34
34
33
30
25
18
16
18
23
20
20
12
14
17
9
15
19
26
26
19
22
13
14
14
13
12
9
11
10
12
13
14
13
10
12
8
10
15
12
15
18
15
9
13
17
17
12
9
11
11
13
11
13
9
13
17
16
21
17
21
19
10
8
15
13
11
12
8
4
-4
1
-2
1
0
-5
-12
-11
-4
-13
-15
-12
-9
-10
-13
-7
-9
-6
-10
-15
-12
-12
-10
-17
-21
-14
-14
-14
-10
-14
-10
-6
-7
-9
-8
-5
-7
-1
0
-1
-1
-1
0
6
4
-5
-5
-3
2
3
5
6
5
10
8
7
7
5
4
3
8
6
4
-1
-4
-4
-5
-7
-13
-9
-4
-7
-8
-10
-15
-11
-8
-12
-8
-7
-9
-1
-8
-10
-11
-14
-5
-7
-6
-13
-13
-14
-14
-4
-7
-13
-11
-14
-18
-10
-9
-12
-10
-10
-13
-13
-16
-13
-12
-8
-6
-10
-6
-12
-7
-1
-4
-13
-15
-9
-9
-6
-5
-10
-13
-9
-7
-8
-14
-16
-11
-5
-8
-11
-11
-11
-9
-11
-10
-18
-17
-13
-16
-13
-12
-11
-11
-12
-10
-8
-9
-16
-11
-7
-7
-5
-7
-6
-4
2
4
1
5
0
1
-2
-3
4
3
9
6
7
5
-2
-1
-1
6
9
12
11
1
3
4
9
13
9
11
9
0
1
-3
0
5
0
-1
-1
-1
-4
-3
-2
-2
-1
0
5
4
8
8
9
9
10
4
6
4
-1
6
6
6
1
-4
6
4
0
7
5
8
1
3
6
-2
3
1
1
9
6
2
4
-1
3
4
8
2
-1
5
4
8
4
-3
3
2
-8
-3
-3
-1
5
5
1
-2
-3
-5
-3
2
6
6
2
-5
-4
-7
-4
-5
-4
-3
-8
-10
-11
-12
-15
-9
-1
-8
-15
-3
-14
-12
-8
-8
-2
0
7
1
-1
2
1
-1
1
5
3
-3
0
2
3
4
2
2
0
6
5
7
10
8
8
9
3
8
9
7
10
9
5
9
10
10
9
7
10
6
5
6
9
12
14
13
15
11
11
7
8
14
5
6
7
9
10
12
8
3
5
9
9
4
5
9
12
11
8
6
15
8
5
13
10
15
10
12
14
5
5
5
12
13
13
11
6
8
5
11
11
6
6
4
9
5
3
2
4
7
4
7
5
3
0
4
10
9
10
12
13
8
11
13
11
14
13
12
8
8
9
6
8
3
5
5
3
7
9
20
14
17
16
13
24
19
19
17
19
16
10
10
8
5
5
4
3
5
7
4
3
2
4
1
4
12
12
15
7
5
9
10
5
2
-2
-6
-2
-3
-7
-10
-7
-3
-1
6
2
-6
-3
-4
-11
-11
-5
-3
-7
-5
-12
-11
-15
-15
-11
-15
-12
-16
-20
-22
-19
-12
-9
-12
-11
-8
-6
-2
-3
1
2
0
3
3
-1
-7
-5
0
-1
-3
-2
3
5
3
0
-3
-5
-5
5
6
0
8
7
4
5
9
5
1
1
-3
-4
-9
-3
-1
-5
-10
-9
-4
-10
-9
-10
-4
-5
-8
-2
-4
-6
-5
-1
0
2
-5
-6
-4
-11
-9
-9
-7
-4
-2
-3
0
-2
-11
-9
-8
-11
-13
-13
-18
-19
-20
-21
-24
-25
-21
-22
-17
-17
-16
-20
-17
-17
-14
-8
-11
-14
-16
-13
-13
-14
-17
-16
-12
-13
-6
-4
-4
-4
-5
-4
-7
-5
-8
-13
-10
-11
-11
-14
-22
-17
-13
-10
-7
-14
-19
-16
-13
-15
-1
-7
-9
-1
-5
-2
-8
1
4
4
4
2
2
-2
0
0
5
0
-1
-1
0
-2
-3
1
5
8
8
11
-1
4
4
4
8
0
-2
-1
1
-3
-5
-3
-8
-7
0
0
0
-1
-1
2
1
0
0
-1
-6
-4
-2
-8
-5
-6
-4
0
-5
0
1
-2
-3
-3
0
-3
4
0
-2
-2
2
2
-1
2
-2
4
2
1
-1
-7
-1
-1
8
6
2
0
-2
5
8
5
6
14
8
5
12
12
18
15
13
14
18
10
2
9
10
21
21
24
24
18
18
14
21
10
9
17
18
17
12
14
15
13
9
14
11
6
8
4
14
14
13
13
8
10
11
9
5
13
10
9
3
-4
-3
-5
-5
-8
-2
4
-7
-15
-13
-8
-9
-12
-15
-21
-19
-11
-11
-10
-9
-16
-17
-11
-6
-8
-8
-9
-13
-11
-19
-22
-15
-16
-11
-8
-16
-18
-14
-18
-18
-15
-17
-16
-22
-26
-20
-12
-9
-15
-19
-21
-15
-15
-14
-14
-13
-11
-13
-19
-18
-14
-12
-6
-12
-15
-9
-10
-12
-16
-15
-14
-12
-8
-6
-4
-11
-10
-11
-13
-13
-20
-16
-12
-5
-4
-3
-3
-8
2
4
4
0
-1
4
5
4
5
5
-1
5
1
-7
-4
-7
-3
2
-2
-3
-6
-9
-6
-1
2
0
0
-2
4
12
5
6
3
4
5
2
7
2
6
3
5
9
5
4
6
8
2
1
-7
-1
10
10
12
8
8
3
4
7
-2
3
7
5
10
-1
0
3
-2
-3
0
-3
1
-6
-8
-3
-8
0
2
-2
-3
-5
-7
-1
-3
-3
3
-1
3
-4
-3
0
-1
2
7
12
9
10
17
17
8
11
9
6
12
13
10
15
8
9
11
5
6
6
4
3
6
10
9
8
15
13
14
17
14
16
12
11
14
10
15
19
18
25
14
17
16
17
17
9
15
12
9
9
4
10
8
4
3
-1
2
0
7
9
3
-4
-6
4
8
7
0
1
3
1
3
1
9
12
8
1
-5
-1
2
1
4
-4
-6
-4
-8
-8
-12
-17
-10
-10
-9
-12
-11
-2
-8
-8
-8
-8
-7
-5
-5
-12
-15
-11
-5
-12
-4
-9
-16
-15
-12
-1
4
-3
-7
-6
-12
-16
-19
-12
-8
-10
-12
-12
-5
-5
-4
-2
1
3
-2
-8
-10
-7
-6
-6
-9
-6
1
0
-7
-10
-9
-5
-5
-11
-6
-9
-15
-17
-17
-10
-15
-19
-23
-20
-14
-15
-12
-10
-13
-15
-10
-1
0
-6
-8
-8
-11
-11
-7
-11
-13
-14
-8
-11
-19
-13
-11
-9
-5
-9
-17
-20
-18
-14
-6
-10
-15
-9
-8
0
1
-5
-5
5
7
5
2
-6
-3
-3
-4
-7
-1
10
7
1
-2
-1
2
3
1
9
11
6
5
0
3
2
-1
-1
5
7
3
9
12
12
13
9
10
14
18
7
-1
3
5
2
-3
0
0
8
12
7
6
3
5
5
8
5
8
6
7
12
2
8
13
11
12
7
10
16
16
15
3
1
-2
-9
-1
0
0
0
-2
-2
2
1
-5
-1
-1
4
7
2
3
3
7
14
13
6
-1
-2
-4
-8
-4
-1
9
9
1
6
-1
-7
-12
-19
-14
-15
-11
-7
-7
-6
-5
-8
-7
-9
-1
1
-3
-6
-2
2
-1
0
-9
-9
-7
-9
-11
-10
-1
5
7
4
-1
0
2
-5
-6
-3
-5
-5
-7
0
8
6
6
5
-7
-7
0
6
7
4
-1
-3
5
3
8
6
-2
0
5
15
11
9
8
9
15
13
7
4
6
6
8
10
11
12
19
19
19
21
12
17
17
13
20
19
12
10
14
18
11
4
8
16
25
30
28
22
25
23
15
11
12
13
13
10
7
10
16
23
23
20
20
15
8
11
8
9
11
15
14
7
2
1
11
21
20
15
14
7
5
15
21
14
6
7
6
7
5
12
18
14
13
14
22
18
17
15
9
14
11
18
7
-7
-1
4
4
-9
-9
3
5
4
0
4
8
5
6
2
-2
-2
2
-2
-6
-6
-2
-4
-9
-5
-9
-2
-12
-11
-4
-7
-8
-10
-9
-10
-9
-1
9
-1
2
8
5
7
3
4
2
6
2
-3
-3
-6
0
6
10
7
2
2
9
9
4
1
2
10
8
7
9
5
13
12
1
-4
0
6
11
12
4
5
6
7
6
3
2
1
-1
1
6
1
6
-4
-11
-5
1
10
-2
-3
-5
-3
0
2
3
-1
-2
5
11
6
4
3
2
-1
-3
-3
4
4
6
0
-4
-4
-6
0
-12
-1
-2
-6
-9
-10
-6
-5
1
-2
1
-9
-5
-2
-3
0
2
0
1
0
-5
-2
-2
-4
-7
-6
-6
1
-2
-11
-8
-16
-17
-13
-10
-9
-15
-16
-10
2
3
2
-3
-10
-6
3
6
-3
-4
0
1
0
-6
-6
-7
-12
-7
-1
-5
-10
-3
8
2
-16
-19
-11
-9
-3
-3
1
-5
-10
0
6
4
-1
4
4
5
11
10
13
12
11
8
1
-1
2
4
2
-5
-7
-3
0
3
1
0
-2
-2
-1
-4
0
4
9
12
12
12
10
11
11
9
8
7
9
12
11
11
8
-1
0
9
5
8
9
9
5
3
11
15
17
16
15
6
5
8
13
12
15
21
16
22
16
11
10
14
19
18
14
12
18
21
16
9
0
0
1
-3
-2
-3
1
5
4
3
2
1
1
-2
-1
-1
-6
-2
-1
0
1
5
3
-4
-12
-12
-10
-10
-6
-6
-6
-6
-6
-16
-15
-17
-13
0
1
3
-7
-16
-21
-16
-13
-10
-11
-10
-4
-5
-5
-7
-5
-4
-2
-2
-7
-12
-10
-7
-13
-11
-10
-4
-4
-5
-11
-16
-18
-13
-1
-2
-5
1
5
7
0
-10
-9
-8
-11
-14
-7
-5
-5
-5
-11
-8
-12
-10
-5
-7
-10
-5
-6
-4
2
0
2
-2
-6
-3
-2
-1
-2
3
7
5
3
2
11
5
2
-6
-17
-5
2
3
5
-5
-19
-15
-16
-21
-25
-21
-14
-10
-10
-19
-19
-19
-8
-2
-5
-11
-14
-13
-17
-13
-13
-9
-11
-18
-14
-17
-21
-24
-18
-9
-8
-3
-4
2
-2
-8
-15
-16
-7
-4
-2
-9
-15
-11
-7
-3
-8
-7
-5
-3
11
14
13
5
-3
-1
-3
1
2
-2
-2
3
-1
-8
-17
-16
-8
-2
-7
-13
-1
-4
-3
-3
1
1
2
1
-12
-14
-20
-16
-15
-15
-10
-4
-11
-25
-20
-16
-20
-19
-8
5
1
-6
-13
-18
-16
-8
-6
-5
-12
-15
-14
-11
-10
-22
-20
-14
-8
-2
-6
-9
-16
-12
4
4
-3
-8
-12
-14
-21
-21
-23
-19
-6
-6
-5
-7
-12
-12
-5
-9
-3
-4
-4
4
0
0
-16
-14
-10
-12
-1
-1
5
4
1
-7
-17
-11
-7
2
10
5
1
0
7
7
6
2
7
19
14
9
1
-5
3
9
15
24
24
19
13
11
12
10
12
15
17
21
18
9
0
-5
3
2
7
8
8
16
13
14
12
17
27
20
14
10
5
18
19
12
3
-9
7
19
16
10
5
12
16
18
25
19
15
7
11
23
21
16
10
13
24
26
22
13
5
13
20
24
27
26
23
31
29
16
9
6
20
26
23
7
11
13
7
12
10
17
25
32
31
28
25
17
29
32
20
15
11
14
15
15
11
9
3
5
22
13
10
2
2
19
24
21
13
21
22
23
19
9
7
5
20
32
20
10
13
14
16
17
19
20
23
32
26
23
16
8
15
22
21
12
5
-2
1
3
-1
7
12
11
14
15
12
19
13
17
17
15
18
17
22
18
15
2
0
3
8
15
12
4
3
10
9
13
11
1
-2
2
9
11
8
9
4
3
8
6
9
5
2
2
4
15
14
11
15
13
17
10
8
4
0
2
-6
-7
-8
-9
-5
1
1
2
1
0
7
5
7
3
5
5
4
13
-6
-11
-7
-5
4
-3
-4
-5
-7
-4
-4
0
3
6
2
-2
-8
-16
-12
-10
-15
-14
-16
-16
-20
-26
-22
-11
-4
-10
-16
-10
-2
-3
-10
-7
-1
-1
-9
-19
-20
-20
-17
-16
-15
-22
-27
-20
-10
-4
-21
-20
-17
-13
-1
-9
-15
-21
-18
-18
-16
-19
-29
-24
-20
-13
-14
-30
-25
-23
-22
-19
-23
-22
-24
-17
-9
-13
-23
-20
-13
-13
-9
-13
-21
-28
-30
-27
-14
-15
-23
-20
-13
-2
-3
-9
-11
-4
5
0
-13
-26
-27
-21
-24
-20
-19
-28
-18
-17
-12
-13
-21
-17
-7
5
-1
-8
-20
-27
-28
-32
-24
-15
-14
-23
-33
-29
-24
-23
-16
-13
-11
-10
-8
-4
-5
-8
-13
-16
-13
-11
-12
-13
-14
-12
-11
-22
-13
-7
-3
0
0
4
0
0
0
1
2
3
8
-2
-6
-11
-20
-16
-19
-18
-4
7
4
-4
-1
-1
-2
3
12
12
9
-1
-3
-2
-9
-4
-5
-4
-6
-18
-14
-9
3
3
-7
-4
-2
5
20
18
2
-13
-12
-9
-2
-2
-9
-15
-21
-8
-2
1
-3
-7
2
9
13
13
8
11
11
0
1
-2
5
9
-9
-16
-17
-8
0
11
15
6
-5
-5
8
18
12
5
1
1
9
4
3
-5
-15
-15
-10
0
3
-2
-11
-7
2
6
13
18
14
8
2
7
8
0
-3
-2
0
-5
-13
-16
-1
5
2
-2
2
12
12
23
19
8
9
-5
-7
9
11
-3
-16
-26
-15
-7
-9
-8
-7
1
-3
-5
13
23
11
6
-3
-6
5
-2
-3
1
-1
-15
-15
-4
-6
5
-2
-10
-10
-1
16
18
20
3
1
7
9
14
4
-3
-15
-8
3
4
-1
2
13
14
23
12
11
17
17
22
18
20
20
11
10
13
16
9
0
4
10
7
3
4
9
19
20
18
24
28
20
3
-1
15
24
14
-2
0
7
4
-2
7
21
23
15
14
19
34
40
25
16
11
13
11
11
15
15
6
-11
-5
13
23
9
-6
8
26
30
28
27
29
27
16
17
17
16
4
-15
-10
15
27
17
6
8
11
14
21
22
22
16
13
11
9
9
5
-10
-5
8
10
1
-1
4
2
-1
-7
7
16
16
10
8
11
10
3
-1
11
5
1
-9
-15
-3
-4
-10
-14
-3
10
14
11
9
11
13
-1
-5
0
7
-2
-15
-10
-12
-5
-11
-9
4
4
-8
-20
-14
7
8
-5
0
2
7
-4
-18
-20
-26
-36
-33
-16
-13
-21
-37
-42
-31
-9
-11
-17
-14
-7
-4
-9
-4
-11
-24
-38
-28
-10
-13
-25
-30
-26
-18
-17
-15
-13
-5
3
-2
7
12
1
-7
-6
-3
2
-8
-20
-20
-13
-8
-16
-20
-14
4
6
7
2
6
5
5
11
8
9
-8
-18
-32
-29
-14
-10
-4
-10
-12
-16
-23
-17
0
2
-2
-7
-1
11
4
-4
-9
-14
-21
-25
-19
-19
-17
-36
-47
-49
-36
-2
6
8
-12
-9
8
6
3
-5
-4
-1
0
-8
-22
-33
-31
-31
-20
-16
-18
-20
-24
-3
7
11
0
-15
-2
17
13
-5
-41
-53
-24
-13
-13
-20
-27
-14
-21
-25
-11
-7
-1
-13
