-9
-12
-6
-7
-14
-7
-10
-13
-7
-15
-12
-10
-10
-9
-7
-12
-13
-7
-13
-7
-6
-11
-5
-4
0
0
0
2
1
-2
-4
-7
-10
-3
-8
-11
-5
-6
-2
0
-3
-1
2
4
7
3
1
5
10
8
9
12
13
9
11
13
9
12
4
10
12
4
9
15
12
10
13
9
10
16
16
11
14
13
9
11
10
8
14
12
4
8
10
5
0
6
7
5
8
6
9
5
11
5
-2
5
3
0
1
-1
-6
1
-1
-2
-3
-10
-7
-8
-10
-11
-10
-8
-13
-16
-12
-11
-18
-14
-13
-12
-10
-8
-7
-15
-9
-15
-19
-14
-13
-22
-16
-11
-17
-12
-12
-14
-13
-9
-16
-24
-20
-19
-19
-14
-15
-14
-10
-15
-14
-15
-13
-17
-15
-12
-11
-14
-14
-11
-11
-12
-12
-9
-14
-14
-15
-14
-12
-14
-11
-6
-7
-5
-1
-2
4
2
2
-1
-1
3
2
-4
-1
5
-5
0
1
-2
5
2
8
7
1
12
10
13
13
15
10
12
22
9
9
13
12
9
14
13
13
18
12
16
21
9
11
18
11
8
9
8
16
17
17
16
13
16
11
10
11
15
14
9
10
5
2
6
6
12
14
6
7
4
5
8
11
10
2
4
1
1
3
4
6
5
6
9
5
7
7
2
3
4
2
1
1
-3
-1
1
5
5
2
0
2
2
1
0
5
12
4
3
0
-1
1
-5
0
-3
-7
0
0
-4
-6
-8
-12
-11
-9
-8
-9
-5
-7
-11
-6
-5
-5
-7
-8
-4
-3
-9
-4
-5
-9
-3
-4
-7
-9
-6
-6
-7
-13
-8
-13
-8
-4
-9
-9
-10
-8
-12
-8
-6
-7
-9
-12
-6
-5
-10
-12
-13
-10
-13
-14
-13
-18
-11
-18
-15
-14
-17
-17
-16
-17
-23
-16
-13
-15
-23
-18
-12
-16
-14
-14
-14
-20
-19
-17
-16
-15
-13
-17
-15
-14
-13
-14
-17
-12
-14
-16
-16
-13
-14
-12
-17
-12
-11
-11
-5
-6
-5
-9
-8
-7
-9
-11
-8
-6
0
4
3
7
12
14
11
13
8
11
16
18
13
11
16
12
14
9
13
15
16
13
13
17
11
12
11
11
15
15
13
16
17
24
22
16
14
15
13
14
13
10
12
8
6
4
1
-3
-4
-2
-5
-5
-6
-5
-9
-8
-8
-7
-11
-10
-7
-3
-7
-12
1
-11
-10
-9
-10
-12
-12
-11
-20
-14
-13
-12
-17
-18
-20
-16
-14
-15
-13
-15
-12
-18
-16
-11
-12
-15
-13
-16
-13
-10
-16
-11
-4
-5
-13
-10
-10
-8
-5
-4
-3
-4
-3
-3
1
4
0
-2
-1
-1
2
6
2
0
4
3
7
1
6
8
5
8
6
9
7
13
12
18
15
10
10
10
9
11
16
13
19
17
11
13
14
11
14
14
12
14
16
14
9
17
17
16
20
23
18
16
20
16
16
22
17
14
19
11
7
9
11
11
12
5
13
13
6
12
6
12
12
5
9
6
3
5
4
5
6
5
1
2
-1
-1
9
4
-4
-1
2
-1
0
2
4
-1
0
3
-3
2
3
5
3
1
1
3
8
-1
-1
-2
-4
-2
1
0
-2
-2
-6
-6
-3
-4
-6
-5
-3
-3
-4
1
-2
-4
4
2
0
1
4
0
1
1
-2
1
1
1
1
2
2
2
3
4
4
3
6
8
10
8
9
11
11
7
6
6
4
4
4
2
1
3
0
-2
-1
-2
3
1
-1
-2
-4
-3
-1
5
0
1
0
-3
0
1
-2
-1
3
2
3
-1
-3
-4
-4
-2
-1
-3
-5
0
0
3
4
7
3
-1
-1
-4
-4
-6
-5
-3
-7
-8
-5
-8
-9
-4
-3
-9
-8
-5
-10
-7
-4
-1
0
-2
-3
1
5
0
-5
-6
-4
-6
-3
-3
-6
-1
1
-2
-1
-3
0
0
3
6
1
2
2
-2
-2
8
-2
-1
5
0
3
3
5
-2
-2
2
1
2
-2
-2
-1
-1
0
2
3
4
3
-1
1
-2
-5
0
0
2
4
1
-1
-3
-1
5
0
2
4
-3
1
1
-2
0
-3
-3
-6
-6
-5
-9
-6
-4
-10
-9
-7
-9
-9
-2
-5
-10
-8
-7
-8
-8
-5
-5
-4
-2
-7
-8
-6
-10
-5
-1
-3
-2
0
2
0
2
1
-1
-3
-8
-4
0
-5
-8
-7
-6
-8
-10
-12
-8
-8
-7
-3
-5
-5
-2
-3
0
2
1
0
1
5
0
3
5
3
-1
0
1
-1
2
3
0
4
6
-1
-3
-5
-1
1
-2
-1
-4
-4
-2
-4
-5
-5
-6
0
-3
-2
1
-4
0
-4
-5
0
0
-3
4
1
3
4
-4
0
4
-2
-7
-2
-5
-5
-4
-6
-5
-6
-4
-8
-8
-6
-5
2
3
0
-5
-4
-7
-8
-4
-3
-4
-6
-4
-3
-4
-1
-3
-2
-1
-2
0
0
3
-1
-2
2
-1
-2
0
-2
-1
2
1
2
4
5
8
4
3
5
5
5
6
9
8
8
9
7
7
11
9
11
17
12
16
12
9
12
13
14
8
8
10
12
14
14
12
16
10
7
14
10
15
16
11
5
8
9
5
7
9
11
7
3
2
2
-1
6
4
5
2
-4
3
3
7
6
8
4
-3
2
3
2
0
-4
-6
-5
-4
-9
-8
-15
-11
-11
-16
-10
-10
-5
-8
-11
-8
-9
-8
-4
-6
-8
-7
-9
-9
-6
-4
-11
-12
-11
-10
-8
-6
-10
-9
-9
-8
-2
-4
-3
-1
1
-5
-8
-5
-4
-5
-8
-5
-5
-4
-7
-8
-7
-3
-2
-2
-5
-5
0
-2
2
7
0
1
4
6
6
3
7
6
6
8
4
8
6
7
9
9
8
4
9
9
11
11
11
14
13
13
11
10
11
11
9
8
6
9
8
10
8
8
11
3
11
13
10
12
14
12
11
11
9
15
13
12
10
13
15
14
12
12
18
15
17
14
10
15
21
19
21
19
14
16
16
16
18
20
21
17
20
18
18
18
16
21
17
19
11
12
14
12
16
8
19
16
13
9
11
16
12
15
14
16
19
14
17
23
20
23
22
22
22
16
17
19
13
10
15
14
10
10
10
10
13
11
14
11
11
9
13
15
9
15
15
10
9
10
11
7
7
7
3
11
6
5
8
5
3
4
2
-1
5
2
8
3
1
5
2
4
3
-1
-6
-6
-9
-5
-11
-15
-15
-20
-18
-21
-21
-17
-15
-14
-14
-15
-15
-20
-20
-19
-18
-16
-21
-19
-16
-19
-21
-21
-24
-25
-25
-26
-25
-27
-31
-22
-23
-18
-19
-17
-14
-16
-12
-12
-15
-20
-17
-18
-19
-16
-18
-13
-13
-13
-9
-11
-10
-11
-9
-7
-12
-9
-7
-2
-6
-5
-3
-5
-3
-3
-5
-5
-5
-12
-4
-8
-7
-7
-9
-6
-6
-9
-4
-1
-6
2
-5
-8
-11
-12
-8
-11
-11
-10
-7
-10
-10
-3
-6
-8
-7
-13
-9
-8
-11
-13
-8
-7
-10
-11
-8
-10
-13
-6
-6
-5
-2
-3
-2
3
-3
-3
-3
-3
1
-3
1
0
-1
-2
-3
2
0
-4
-4
-4
-3
-3
-3
-1
3
2
3
7
-2
-6
-2
0
3
10
7
5
6
4
6
5
2
0
-1
-4
-5
-4
-2
-2
-4
2
-2
-5
-4
-3
-3
-4
-5
-3
-3
0
-1
-2
-5
-11
-9
-11
-11
-9
-7
-4
-4
-4
-5
-5
-1
0
1
0
-2
1
6
9
10
7
6
4
0
7
5
4
6
10
13
8
12
14
15
14
13
14
16
13
12
18
14
9
8
9
6
5
7
11
11
7
6
5
7
7
8
7
8
9
7
11
4
5
6
7
3
2
3
3
1
-1
1
0
4
3
2
2
3
1
-3
-1
-6
-3
1
-2
-3
-7
-3
3
2
-2
-5
-4
-3
-3
0
1
-7
-2
-2
-2
1
-1
-4
-1
-1
-6
-4
-1
-4
-10
-9
-7
-7
-1
1
0
2
2
3
3
-3
-2
-5
-4
-8
-5
-1
0
7
3
-1
-2
1
2
0
0
3
5
-3
-1
3
-1
2
6
0
1
0
4
6
2
1
1
0
-4
-6
-5
-3
-3
-5
-4
-6
-6
-7
-6
-3
-3
-4
-6
-6
-5
-7
1
-3
-6
-6
-7
-7
-10
-9
-11
-10
-9
-13
-10
-11
-14
-8
-3
-3
-12
-11
-6
-6
-7
-7
-5
-10
-6
-13
-12
-10
-13
-10
-10
-4
-5
-8
-14
-12
-8
-9
-5
-12
-5
0
-7
-5
-1
-1
-3
2
4
3
4
-3
-4
1
-4
-7
1
8
3
2
3
5
4
4
10
11
9
10
10
11
15
15
12
13
15
18
14
18
18
14
22
20
18
16
16
15
19
22
18
20
22
23
19
19
20
16
19
21
26
27
22
19
21
22
25
24
23
22
19
18
15
12
13
13
16
12
11
12
11
16
12
15
21
13
14
17
14
20
18
17
16
16
21
19
17
16
24
22
15
21
20
19
19
21
21
24
29
25
26
28
28
26
25
25
22
21
21
19
24
18
20
16
16
22
16
22
21
13
14
16
14
15
11
8
8
10
5
4
4
0
3
-5
-5
-6
-2
-8
-11
-6
-6
-5
-7
-4
-4
1
-5
-4
0
0
0
-4
-6
-6
-5
-8
-10
-14
-12
-10
-13
-12
-14
-10
-7
-6
-9
-11
-5
-9
-11
-6
-4
-5
-2
-3
-7
-2
-9
-13
-8
-7
-7
-8
-13
-10
-3
-3
-4
-1
-6
-10
-8
-8
-8
-9
-9
-11
-11
-7
-10
-10
-9
-11
-11
-14
-12
-10
-10
-10
-16
-12
-14
-12
-13
-14
-11
-13
-12
-10
-13
-16
-8
-11
-10
-9
-9
-6
-3
-6
-12
-9
-12
-11
-11
-10
-9
-9
-9
-10
-14
-9
-10
-17
-12
-14
-11
-12
-12
-12
-18
-13
-18
-13
-13
-14
-13
-15
-9
-15
-15
-11
-13
-8
-13
-17
-16
-10
-5
-5
-8
-10
-8
-9
-5
-8
-5
0
3
6
3
6
7
9
8
8
7
3
12
6
8
9
1
4
9
11
11
12
17
20
19
20
16
18
18
13
16
15
18
19
20
13
11
17
14
11
12
18
13
15
16
14
16
15
17
11
5
7
5
4
3
2
0
-3
3
2
3
4
2
5
4
2
-1
-3
-3
-6
-2
-6
-11
-5
-9
-5
-3
-8
-8
-15
-8
-10
-11
-12
-13
-12
-14
-13
-17
-17
-18
-12
-11
-12
-8
-10
-11
-16
-15
-15
-16
-15
-17
-17
-20
-15
-15
-14
-14
-17
-17
-14
-16
-15
-5
-8
-11
-9
-9
-11
-7
-6
-9
-4
-9
-6
-4
-7
-4
-1
1
-1
1
7
5
9
10
8
11
8
8
11
8
7
8
8
3
1
10
6
5
10
5
5
7
8
7
3
5
8
10
5
8
11
9
8
6
8
7
3
2
4
0
2
1
1
2
5
4
1
3
3
7
7
5
6
7
2
3
4
6
0
-4
3
3
3
-2
4
3
1
4
1
6
4
4
6
4
5
2
4
9
2
1
2
-2
3
-2
-5
1
-4
-1
-1
-2
-2
3
4
-2
5
4
7
7
-1
0
0
-4
-1
0
-2
2
-5
-9
-4
-2
-2
1
0
-5
-8
-5
-7
-6
-4
-8
-5
-8
-8
-4
-5
-8
-8
-6
-4
-8
-14
-11
-7
-7
-8
-8
-6
-4
-10
-7
-6
-7
-7
-9
0
-2
-2
-2
-5
-3
-6
-2
6
-1
-4
-2
0
1
-4
-2
-2
-6
1
6
4
2
7
9
3
-1
2
8
1
2
5
-1
1
0
-2
1
-1
-4
0
-4
-5
-1
-2
-4
-3
1
1
4
4
8
3
0
7
0
2
-1
-3
2
-5
-1
-4
-2
1
-2
-3
-3
0
-6
-5
-7
-4
-12
-14
-7
-6
-10
-9
-7
-5
-1
-5
-1
-8
-5
-9
-9
-6
-9
-6
-9
1
-2
-7
-3
-4
-3
-2
-3
1
-1
-6
-5
-4
-4
-3
-5
-4
-1
-2
0
-3
-3
-2
7
4
-2
4
1
3
2
3
6
8
6
8
11
8
9
13
14
15
14
13
12
12
14
8
11
9
10
9
8
13
15
14
12
15
15
13
15
14
18
19
17
18
15
17
15
13
18
15
15
12
17
18
13
15
13
16
17
21
21
19
22
24
21
24
26
21
26
28
27
26
22
24
30
27
22
20
18
18
20
20
24
24
19
22
19
17
23
19
17
17
16
11
12
14
15
18
13
11
9
12
9
6
8
6
5
5
10
10
4
5
6
8
8
6
7
7
11
10
7
9
3
7
10
8
4
5
11
11
10
10
8
6
3
11
11
9
9
4
4
4
6
8
10
7
6
7
7
8
7
11
11
8
8
7
8
7
6
5
2
4
6
6
10
8
7
8
7
10
8
10
8
4
6
9
7
7
10
7
10
8
9
9
9
8
7
9
7
7
9
11
8
6
12
9
7
10
9
10
9
8
3
0
-1
-4
0
2
-1
0
0
1
4
0
3
0
-1
-1
0
0
-7
-6
-6
-8
-5
-6
-10
-7
-10
-10
-8
-10
-11
-7
-12
-13
-10
-11
-16
-18
-18
-20
-16
-13
-15
-13
-11
-13
-12
-11
-11
-8
-11
-12
-10
-7
-5
-7
-6
-5
-5
-6
-5
-5
-6
-2
0
0
-3
-1
4
1
0
0
2
5
6
7
5
6
8
6
2
3
4
3
1
2
7
5
4
4
5
8
8
7
4
5
5
9
9
6
7
5
10
8
7
6
6
9
9
8
9
5
5
6
7
7
6
7
5
5
6
6
1
6
3
0
9
5
6
7
9
6
9
11
6
0
1
5
5
5
4
3
6
5
5
7
4
3
6
9
4
11
12
10
4
-4
6
-3
-4
2
-1
1
1
-1
-3
3
4
2
8
5
-1
3
3
2
2
3
3
3
6
9
7
-2
4
2
1
4
-4
-3
-7
-8
-11
-8
-7
-9
-13
-14
-10
-6
-7
-7
-2
-5
-2
-2
1
-1
0
-1
-6
-2
-8
-4
-3
-2
-2
-5
-4
-1
1
1
-2
-1
-2
1
1
-4
-1
-6
-2
-5
-1
-1
-3
-7
-6
1
-5
-3
-3
-2
-9
-9
-1
-13
-11
-14
-17
-12
-14
-6
-12
-13
-12
-15
-7
-5
-6
-21
-18
-17
-14
-8
-17
-16
-18
-20
-18
-19
-14
-20
-22
-19
-20
-19
-23
-24
-24
-20
-19
-24
-27
-19
-22
-20
-13
-13
-8
-17
-14
-20
-18
-14
-17
-9
-8
-14
-17
-19
-12
-3
-5
1
-9
-3
-4
-5
6
-2
0
-5
-1
-3
-2
-1
-3
-1
-5
-3
-4
2
-2
0
0
0
12
7
11
12
9
12
7
12
10
8
6
5
13
10
12
8
8
11
11
11
10
8
3
9
9
14
14
8
3
5
12
9
6
0
0
3
5
8
3
4
1
-4
-1
-2
1
-1
-1
-2
-1
4
-1
8
4
-6
-2
-4
-1
-2
2
-1
1
1
-3
6
5
7
12
6
5
4
10
6
4
9
6
8
1
0
5
7
8
12
10
-5
-4
1
12
17
14
12
2
2
3
8
14
8
12
7
9
14
13
15
6
9
6
8
1
8
15
17
21
11
3
-5
1
8
13
9
1
-7
2
1
-2
1
-11
-12
-17
-11
-12
-9
-7
-15
-14
-18
-21
-18
-26
-20
-19
-19
-15
-27
-20
-22
-19
-27
-36
-35
-33
-34
-28
-21
-30
-33
-43
-32
-20
-26
-35
-51
-43
-37
-25
-7
-17
-30
-53
-42
-24
-9
-1
-32
-41
-49
-32
-12
-9
-6
-34
-43
-41
-23
8
1
0
-14
-19
-13
-19
5
8
6
-10
-29
-26
-23
-14
6
18
7
-12
-32
-30
-10
14
15
0
-17
-31
-26
-5
14
17
-3
-29
-35
-24
-10
5
5
2
0
-5
-8
-9
3
1
7
-10
-16
-16
-30
-6
-4
23
15
-12
-11
-17
9
14
20
19
-5
-2
-15
8
29
30
19
-1
14
-13
-1
3
11
33
11
8
-13
-3
16
26
53
29
16
3
12
56
58
45
-17
-46
-46
-6
46
69
90
62
67
77
98
89
24
-40
-87
-26
58
96
91
13
-32
-65
-20
36
28
23
-9
46
116
191
166
34
-61
-157
-168
-133
-47
45
66
98
98
80
47
-5
-41
-100
-129
-131
-85
27
149
179
114
2
-90
-122
-116
-67
-56
-60
-59
-7
70
96
33
-66
-122
-108
-42
22
65
76
77
49
35
-10
-75
-146
-146
-80
-17
51
63
58
63
73
43
11
-37
-52
-74
-54
-3
8
56
22
10
-4
-43
-38
-36
16
38
16
9
-27
10
36
31
17
-43
-61
-49
7
45
60
28
1
-3
24
46
2
-18
-71
-46
-13
8
42
28
59
53
48
32
-30
-79
-87
-50
-22
2
2
39
107
151
118
-27
-131
-207
-189
-73
1
47
1
37
142
168
128
-30
-173
-235
-185
-69
11
49
72
57
78
85
-15
-102
-166
-116
-63
-36
22
29
113
128
82
39
-116
-156
-172
-68
56
35
54
-14
53
73
35
10
-87
-132
-164
-73
46
120
94
33
25
39
54
19
-54
-132
-147
-108
-28
85
69
21
-4
39
97
18
9
-100
-77
-55
-64
49
-9
41
-16
13
53
-51
-17
-74
29
92
-3
-10
-75
-10
34
45
25
-78
-70
-34
97
166
116
-28
-84
-48
-10
78
6
-20
-54
-26
70
58
66
-63
-11
42
-6
54
-24
13
-5
55
98
11
-25
-123
-4
39
41
8
-45
-35
-60
37
6
24
11
-66
4
-9
60
-13
-39
17
-29
2
-140
-34
17
-6
-9
-64
46
-118
-113
-20
49
65
-67
-54
-61
41
-7
-65
41
-12
-67
-103
23
-18
-55
29
-87
53
-74
-321
-140
77
272
176
-130
-200
-82
188
275
189
52
-662
-614
308
270
315
19
-596
-87
142
436
258
-155
-211
-530
184
266
17
227
-398
-139
387
-5
-29
-154
-169
98
142
138
-165
57
4
-154
424
61
-319
-122
-195
123
286
141
-21
-97
-18
-144
196
21
-250
76
-215
-50
175
37
58
9
123
-42
-60
-67
-270
74
53
-104
108
-204
-149
134
-19
64
-32
-78
-117
-87
109
-26
98
-18
-183
86
-132
-119
64
-66
22
-94
-39
5
36
108
-70
49
-41
-79
105
-50
-55
60
-45
32
62
38
-5
-86
26
-9
96
40
-96
76
-77
-37
103
70
171
-16
-44
-59
-1
143
34
114
-68
-117
16
24
129
41
-16
-29
-38
44
-15
37
64
14
121
41
-45
-82
-84
102
55
-7
-16
-131
18
31
118
133
-51
-3
-134
-10
52
7
122
-74
18
36
-62
31
-71
57
34
-22
7
-65
33
-45
9
128
35
-41
-97
-99
20
43
18
47
49
19
-105
-7
32
21
169
22
-17
-117
-214
26
164
308
50
-119
-162
-185
170
219
199
6
-179
-117
-18
86
133
207
22
-203
-94
38
14
103
210
110
-19
-192
-170
105
145
68
5
6
-116
-119
64
66
228
90
-139
-71
-115
-85
-13
125
95
-47
-106
-295
-36
186
46
91
15
-213
-240
-59
50
115
75
-83
-223
-170
-123
24
279
0
-73
-119
-259
-39
48
256
58
-94
-114
-271
75
96
223
231
-88
-77
-103
43
137
221
264
-65
-130
-3
81
198
191
181
100
28
56
69
114
190
207
224
1
-107
21
-5
138
241
298
73
-206
-167
-11
309
305
167
58
-288
-286
6
276
432
225
-107
-442
-234
130
283
355
15
-172
-227
-293
-110
228
357
21
-255
-357
-378
-105
35
143
81
-361
-590
-433
-166
12
77
-187
-526
-524
-400
-244
-42
-93
-230
-266
-406
-433
-132
-12
-79
-86
-204
-251
-177
-105
-16
168
162
64
-16
-135
-7
297
371
217
167
2
-10
201
239
354
331
144
111
95
127
287
438
252
186
311
99
-98
51
570
961
225
-658
92
814
376
280
668
460
28
100
406
944
748
54
466
849
201
109
715
699
725
754
11
-172
297
505
656
469
-259
-398
-103
-377
-126
293
-338
-850
-755
-891
-884
-663
-823
-854
-976
-1605
-1553
-1082
-1217
-1113
-927
-1407
-1620
-1213
-1166
-1093
-724
-913
-930
-805
-971
-644
-324
-374
-246
102
-190
-349
283
247
389
652
494
478
542
597
568
1005
836
630
904
623
635
813
833
666
732
757
475
638
490
452
703
605
474
438
439
332
556
667
520
603
521
501
674
802
790
872
923
804
965
1039
961
1131
1259
1192
1142
1095
1051
1098
1157
1040
979
912
513
364
378
338
296
39
-307
-666
-840
-928
-876
-912
-1409
-1887
-2129
-2095
-2036
-2074
-2324
-2515
-2576
-2831
-2734
-2625
-2469
-2488
-2562
-2403
-2413
-2264
-2249
-1868
-1445
-1427
-1343
-1352
-1126
-781
-480
-160
-29
120
178
290
509
719
1142
1235
1192
1302
1325
1238
1308
1664
1992
2011
1679
1230
1188
1574
1873
2065
1719
1115
852
955
1297
1526
1446
927
544
520
599
772
817
621
525
473
222
187
336
583
787
765
500
222
483
721
1031
1249
1056
947
831
952
1244
1495
1483
1281
1243
1065
935
1086
1031
942
788
453
159
-90
-236
-330
-438
-836
-1240
-1438
-1716
-2031
-2198
-2300
-2556
-2689
-2914
-3250
-3312
-3502
-3384
-3235
-3182
-3335
-3676
-3413
-3294
-2892
-2585
-2645
-2504
-2576
-2245
-1770
-1409
-1111
-1235
-815
-525
-271
232
265
580
738
1252
1456
1561
1827
1816
2100
2301
2771
2924
2659
2317
2609
3127
3096
2924
2776
2578
2336
2276
2458
2444
1978
1460
1241
1338
1006
814
564
282
101
-255
-350
-550
-592
-763
-817
-799
-1004
-982
-933
-789
-455
-392
-543
-330
97
401
453
696
1007
1148
1425
1528
1947
2076
1843
2124
2386
2504
2178
2106
2170
1985
2003
1689
1420
1251
888
544
194
-78
-380
-717
-1076
-1619
-1953
-2259
-2621
-2738
-2903
-3357
-3755
-3940
-4187
-4111
-4079
-4159
-4361
-4446
-4407
-4565
-4170
-3931
-3553
-3437
-3732
-3502
-3108
-2653
-2291
-1639
-1168
-1410
-1530
-897
-59
819
968
1142
1307
1116
1668
2411
3486
3300
2954
3014
3148
3648
3650
4008
4039
3758
3388
3134
3098
3023
2997
2962
2525
2002
1447
915
921
970
939
383
-300
-782
-881
-848
-821
-764
-861
-1142
-1468
-1351
-1287
-834
-384
-225
-152
-321
-119
170
753
1447
1748
1900
1561
1575
2127
2594
3054
3024
2985
2698
2366
2495
2624
2903
2609
2061
1559
1068
892
584
553
245
-357
-1093
-1859
-2114
-2273
-2331
-2757
-3310
-3911
-4431
-4685
-4534
-4378
-4560
-4973
-5571
-5406
-5224
-4800
-4761
-4767
-4564
-4669
-4347
-4097
-3400
-2898
-2784
-2644
-2159
-1642
-1152
-912
-287
405
639
1058
1043
1758
2131
2800
3414
3294
3172
3070
3852
4392
4565
4361
4049
3822
3902
4107
4296
3943
3193
2916
2842
2716
2217
1904
1595
1212
830
429
43
-170
-423
-555
-751
-1237
-1234
-1057
-1084
-1601
-1488
-933
-710
-521
-715
-461
-199
96
755
1285
1606
1106
1373
2108
2509
2971
2802
2885
2924
2861
2993
3013
3221
2844
2532
2394
1787
1657
1321
1064
821
249
-345
-1039
-1317
-1768
-1970
-2229
-2833
-3535
-4064
-4258
-4315
-4250
-4820
-5087
-5284
-5632
-5662
-5518
-5049
-5145
-5324
-5454
-5475
-4929
-4741
-4305
-3639
-3635
-3692
-3702
-2907
-1951
-1360
-942
-1281
-643
-137
419
1218
1758
2598
2489
2570
2469
3403
4632
4627
4678
4586
4740
4603
4692
5289
5528
5260
4230
3793
4246
3915
3528
3344
3120
2367
1438
1103
970
1137
641
-161
-606
-811
-923
-794
-1060
-1652
-1491
-1257
-1164
-1088
-973
-999
-970
-190
276
638
720
339
1168
1813
2144
2376
2551
2718
2405
2899
3034
3105
3382
2839
2742
2581
2244
2052
1859
1687
1019
754
88
-595
-673
-1182
-1607
-1999
-2516
-3436
-3861
-3932
-4197
-4209
-4945
-5636
-5733
-5677
-5699
-5796
-5771
-6156
-6045
-5895
-6075
-5701
-5195
-5216
-5052
-4573
-4339
-4020
-3699
-2992
-2160
-1578
-1950
-1774
-527
518
893
1209
1580
2014
2896
2744
3427
4195
4799
4739
4629
5356
5194
5526
5421
5810
6137
5335
4483
4494
5005
4671
4119
3559
3076
2405
1860
1583
1483
1422
536
-327
-637
-733
-375
-828
-1624
-1671
-1440
-1143
-1427
-1352
-1013
-1295
-795
-246
399
408
-316
615
1531
2210
2109
1993
2485
2338
2779
3042
3255
3321
2894
2866
2786
2646
2402
2127
1987
1501
1133
476
-121
-282
-599
-1049
-1735
-2197
-2886
-3568
-3750
-3884
-4109
-4646
-5394
-5593
-5658
-5829
-5812
-6090
-6102
-6299
-6176
-5945
-6455
-5955
-5691
-5306
-5034
-5411
-4810
-4504
-3683
-3096
-2918
-2310
-2262
-1693
-743
-237
776
1020
1127
1911
2380
3520
3395
3901
4618
4789
5407
5147
5748
6000
5889
6093
6140
6086
5594
5096
5291
5125
4819
4190
3380
3042
2369
2168
1924
1617
808
-137
-499
-155
-100
-901
-1846
-1875
-1279
-1206
-1259
-1619
-1456
-1562
-1134
-422
182
18
-523
295
1114
1953
1918
1925
2013
2251
2715
2817
3163
3197
2987
2917
2802
2607
2592
2317
2021
1576
1264
732
185
110
-496
-1080
-1565
-2103
-2639
-3342
-3751
-3977
-4181
-4669
-5334
-5610
-5755
-6028
-6284
-6457
-6669
-6343
-6204
-6398
-6872
-6893
-6315
-5963
-5433
-5518
-5739
-5765
-4995
-3740
-2898
-3028
-3287
-2868
-1888
-881
-161
861
858
1037
1567
2620
3421
3827
4502
4843
5183
5280
5787
6327
6871
6787
6946
6779
6337
6273
6244
6460
5973
5548
4834
4045
3570
3307
3022
2734
2041
1335
357
-175
406
217
-451
-1459
-1395
-998
-1215
-1468
-1538
-1080
-988
-1155
-539
-16
-334
-18
731
1537
1599
1508
1720
2091
2877
2856
2907
3084
2854
2777
2982
2998
2701
2555
2163
1710
1476
1143
684
364
45
-853
-1544
-1884
-2400
-2652
-3218
-3799
-4102
-4799
-5324
-5796
-5708
-5672
-6019
-6224
-6858
-7021
-7032
-6732
-6229
-6174
-6791
-7147
-7052
-6466
-5585
-5301
-5338
-5728
-5311
-4701
-3452
-3046
-3257
-3184
-2101
-659
-101
599
-315
371
1641
3457
4323
3570
3452
3650
5605
6602
6931
6908
6539
6309
7021
7629
7569
7229
6811
6919
6476
5898
4976
4712
4828
4391
3701
2687
1569
1644
1645
1323
914
106
-623
-1270
-950
-594
-586
-1001
-1644
-1657
-865
-974
-431
-108
-374
-162
144
1136
1106
1685
1722
1746
2382
2361
2271
2509
2782
2683
2772
2446
2142
2003
2142
1617
1294
1344
576
-3
-308
-799
-1213
-1541
-1972
-2615
-3117
-3642
-4397
-4367
-4502
-5178
-5615
-5946
-6145
-6157
-6411
-6438
-6679
-6336
-6601
-7035
-6619
-7193
-6668
-6427
-6250
-6124
-6245
-5741
-5846
-5509
-4303
-4148
-3956
-4028
-3939
-1953
-1406
186
598
-486
-731
271
3889
4697
3115
2940
4051
6048
6860
6712
7951
7058
6188
6973
8353
9132
7520
7319
8259
8095
6945
5325
4666
5704
5263
4952
3519
2086
2569
2230
2452
1574
643
-425
-1494
-874
173
-59
-663
-1688
-1260
-679
-1576
-798
-725
-369
-462
24
983
701
1100
1165
1621
2157
1692
1431
1926
2163
2625
2650
2328
1792
1562
1704
1083
1168
1169
456
-50
-369
-695
-980
-1572
-1934
-2451
-2985
-3689
-4339
-4003
-4403
-4802
-5375
-5649
-5846
-5998
-5798
-6377
-6497
-6499
-6442
-6438
-6342
-6644
-6988
-6704
-6027
-5982
-6186
-6407
-6810
-5334
-4740
-4737
-4585
-4209
-4066
-4063
-1881
-207
98
-1158
-2232
-81
3383
4007
2748
3028
3815
4395
5711
7240
7986
7543
6869
7066
8547
9390
8147
8248
8960
8495
7547
6534
6038
6412
6938
6023
4428
3333
3053
2646
2993
2951
1944
735
-753
-541
344
419
-556
-1295
-1358
-1405
-1543
-991
-438
-837
-1079
-1065
-243
74
116
383
693
1247
977
570
699
1229
1669
1781
1385
879
759
965
970
990
881
197
-545
-789
-808
-980
-1166
-1800
-2230
-2799
-3229
-3746
-4005
-3921
-4445
-4829
-5423
-5760
-5799
-5617
-5773
-6034
-6108
-6034
-6514
-6778
-6359
-6628
-6223
-6509
-6607
-6334
-6476
-6375
-6196
-4861
-4920
-5781
-4797
-3871
-3613
-2944
-1985
-468
-504
-1736
-1016
1595
4109
2894
2205
3935
4392
5442
6547
7877
8370
7148
7032
8127
9840
9801
8498
8829
9074
8072
7530
7176
6993
7299
6515
5356
3948
3650
3952
3198
3246
2482
1119
8
-558
111
628
-173
-1360
-1982
-1717
-1313
-1825
-839
-941
-1732
-1646
-1436
-268
-329
-145
61
165
693
220
214
1042
1312
1424
1162
646
654
820
1357
1174
837
840
-50
-378
-263
-471
-449
-1082
-1542
-2322
-2643
-2706
-3234
-3180
-3802
-4438
-4904
-4963
-5369
-5167
-5112
-5776
-6032
-6281
-6355
-6489
-6278
-6845
-6702
-6027
-6399
-7474
-7318
-6519
-5888
-5420
-6394
-6339
-4782
-3846
-3799
-2149
-1002
-2705
-3338
-525
2438
2990
1597
1107
3332
5776
5862
6042
8199
7827
6943
8148
10112
10234
9475
9937
9677
9865
9227
7903
8240
8795
8062
6887
5644
4398
3904
4808
4215
2307
2118
1072
-665
-654
152
122
-1243
-2397
-2886
-2954
-2066
-2743
-2251
-1569
-2948
-3033
-2242
-1140
-1151
-648
-188
-644
-290
67
-23
1049
1821
1229
1141
741
947
1427
2059
1824
1084
1304
528
26
587
618
49
-604
-1230
-1837
-2177
-2302
-2893
-3323
-3711
-4678
-5383
-5015
-5229
-5882
-6530
-6420
-5914
-6867
-7475
-8289
-7047
-6307
-7506
-8168
-8185
-7659
-7973
-7284
-6524
-6261
-6934
-6237
-5827
-4164
-2039
-2427
-2516
-3492
-1191
1267
2427
2106
1615
3576
4801
5119
6654
8648
7984
7540
8248
10532
10880
9726
9909
10489
11206
9947
8467
8752
8766
8197
7796
6438
5297
4249
4434
3835
2805
2687
1315
-242
-794
-501
-488
-1046
-2121
-2642
-3013
-2814
-3273
-2470
-1817
-3072
-3160
-2456
-1415
-1422
-851
-335
-493
-180
25
-7
1069
1748
1477
1507
1311
1328
1487
2340
2217
1753
1799
1232
624
1125
1343
592
164
-403
-1059
-1592
-1974
-2548
-2731
-2839
-3679
-4956
-5040
-5199
-5869
-5706
-6108
-6595
-7383
-7670
-7394
-7568
-7440
-7986
-8751
-8175
-7928
-8089
-8539
-8618
-7393
-6606
-5635
-5627
-5173
-3221
-3285
-4185
-2683
510
2053
874
553
2191
3962
5918
6403
7635
8613
7194
7140
9590
12127
11580
10614
10663
10457
10307
10148
9789
9870
10006
8322
6606
5825
5378
5593
5333
3925
2428
1555
356
-826
-173
679
-751
-2596
-3470
-3707
-3012
-2999
-2882
-2601
-3439
-4309
-4190
-2360
-1444
-1507
-1325
-1634
-1492
-766
-255
457
1308
1391
848
675
1279
1833
2570
2628
1995
1762
1583
1323
1426
1969
1544
552
147
-304
-807
-1039
-1709
-2272
-2563
-3171
-4001
-4712
-4971
-5653
-5648
-5337
-6587
-7864
-8159
-7717
-7571
-7637
-8227
-9208
-9024
-8858
-8879
-8425
-8055
-8475
-8417
-6899
-6131
-5854
-3828
-3007
-4435
-4254
-1779
1369
2049
1187
1434
3096
5748
6334
7116
9368
8733
7845
9588
11889
12312
10985
11206
11954
11866
11234
9706
9725
10714
9634
8247
7057
5548
5297
5239
4535
3203
2176
1023
-1036
-1155
-34
-759
-2145
-3142
-3868
-3513
-3643
-3682
-2991
-3238
-4035
-4564
-3131
-2034
-2350
-1851
-1653
-1552
-927
-714
-309
619
1077
1071
822
1176
1433
1897
2605
2084
1990
2063
1348
992
1452
1710
1233
475
-137
-961
-1144
-938
-1505
-2079
-3172
-4396
-4651
-4545
-4689
-5103
-5959
-6952
-7666
-7222
-6856
-8041
-8700
-8431
-8444
-8599
-9291
-9207
-8538
-8730
-8624
-8361
-6928
-6335
-6353
-4097
-3203
-5061
-5037
-1686
1797
1908
134
971
2924
5717
7033
7571
9352
8443
7805
10044
12656
13002
11777
11778
12418
12011
11672
10986
10780
11636
10401
8515
7101
6107
6316
6004
4968
3686
2286
848
-905
-724
445
-614
-2529
-3840
-4321
-3831
-3758
-3411
-3006
-4041
-4894
-4841
-3351
-2233
-2442
-2091
-2109
-2009
-1448
-1329
-400
701
905
838
375
614
1336
1967
2725
2270
2015
1724
882
1537
2165
2189
1529
254
-243
-756
-551
-384
-1217
-1630
-2897
-3864
-4085
-4533
-4404
-4972
-5761
-6549
-7283
-6957
-7679
-8247
-7633
-8402
-8585
-9620
-10372
-9211
-8669
-7969
-9581
-9642
-7574
-7050
-5371
-4382
-5540
-6190
-5171
-1247
1621
372
-436
-497
2984
6189
6090
7670
7953
7688
8635
10511
12600
12183
11635
12565
12509
12458
11480
10590
11797
11722
10492
8856
6998
6212
6551
6466
5086
3282
2331
624
-989
-163
222
-992
-2773
-4172
-4511
-3811
-3694
-3755
-3604
-4202
-5001
-4844
-3079
-2448
-2491
-1994
-2233
-2189
-1581
-1135
-348
594
819
384
314
760
1195
2010
2455
1811
1511
1681
1245
1319
1799
1679
1036
433
4
-652
-919
-833
-1295
-1692
-2074
-3453
-4304
-4605
-4233
-4066
-5191
-5890
-7051
-7217
-6510
-7438
-7580
-7616
-8266
-8827
-9798
-8900
-8532
-8726
-7866
-8642
-8020
-7043
-6958
-4355
-3738
-5140
-5471
-3434
756
455
-358
919
1647
4501
5664
6321
8206
7866
8089
9562
11794
12712
11038
11830
13039
12400
12233
11182
10909
11691
11070
9963
8336
7367
7047
6202
5910
4802
3377
2152
289
-41
686
125
-1480
-2881
-3328
-3451
-3530
-3073
-2946
-3557
-4174
-4357
-3318
-2274
-2218
-2127
-1968
-1685
-1622
-1313
-544
58
514
533
118
257
864
1327
1712
1562
1334
852
607
860
730
949
626
-171
-615
-1383
-1582
-1523
-1475
-2114
-3497
-3813
-4086
-4624
-4726
-5218
-6061
-6427
-6460
-6507
-7578
-8144
-8041
-8048
-7252
-8513
-10393
-10758
-9626
-7459
-7182
-8321
-9368
-8317
-4367
-3640
-6444
-6448
-4053
-652
-33
-1124
-199
292
2838
4730
6404
8239
5835
5876
9098
12201
12703
10655
11004
12231
12674
12852
11624
11534
12372
11191
10357
9160
8062
7897
7461
6766
5029
4195
3385
1128
781
1294
464
-590
-2045
-3006
-3566
-3018
-2663
-3090
-3166
-4354
-4857
-3551
-2310
-2380
-2440
-2153
-2180
-1992
-1084
-880
-362
525
281
125
162
640
794
1613
1881
1033
709
279
366
889
1362
494
-595
-713
-1267
-1625
-1612
-1660
-2401
-3206
-3737
-4481
-4500
-4501
-5109
-6090
-5967
-6043
-6902
-7893
-7975
-7105
-7099
-7104
-8999
-10134
-9869
-8826
-7351
-7105
-7409
-8750
-8217
-4943
-3145
-5304
-6060
-4340
-751
499
-1161
-500
453
3565
4764
5655
7673
6233
6160
8594
11890
12833
10755
10348
11685
12789
13066
11691
11517
12323
11279
10286
9574
8591
8243
7912
6885
5308
4483
3986
1877
1114
1744
1083
-210
-1730
-2634
-2878
-2539
-2498
-2789
-2937
-4012
-4571
-3437
-2104
-2073
-2539
-2370
-2206
-1926
-1304
-1057
-454
268
182
-3
-100
326
871
1549
1680
825
173
-205
128
671
1077
-52
-1240
-1393
-1825
-1755
-2089
-2167
-2900
-3868
-4212
-4968
-4770
-4897
-5603
-5934
-6559
-7130
-7404
-7797
-7842
-7564
-7515
-8203
-9711
-9696
-9417
-8413
-6414
-7279
-8598
-8899
-6955
-3785
-3328
-5452
-6863
-4008
398
207
-1250
169
897
3359
4885
6233
7256
5916
7055
8750
12342
12476
9303
10202
12454
13233
12574
11303
11190
11680
11522
10742
8804
8744
8452
7276
6875
5597
4528
3699
2305
1564
1412
775
-422
-1837
-1749
-2370
-3099
-2556
-2599
-2742
-3573
-3898
-3026
-2293
-2039
-2338
-2069
-1526
-1676
-1286
-606
-110
295
260
337
428
908
1154
1195
1541
1290
780
234
285
556
646
-201
-1265
-1626
-1685
-2019
-2599
-2651
-3480
-4119
-4612
-4999
-5187
-5331
-6145
-6999
-6926
-7091
-8077
-8616
-7912
-8405
-8703
-8978
-9693
-10162
-9022
-7882
-8120
-8641
-9371
-8886
-6611
-3375
-3882
-6500
-7018
-4614
-836
1225
46
-718
260
2348
4508
6189
8310
7101
6926
8749
10897
11973
11194
11476
12887
13646
12363
10883
11182
12675
12257
11519
10018
8256
7683
7699
7366
6585
5809
3969
1677
721
1636
1315
606
-873
-2281
-2868
-3132
-2545
-2086
-1701
-2789
-4029
-3423
-2260
-1674
-1139
-999
-942
-1226
-1010
-466
327
1476
1323
979
977
967
1327
1970
2324
2249
1487
698
-150
199
892
424
-485
-1339
-2258
-3077
-3152
-3063
-3093
-3983
-4981
-6411
-6604
-6267
-6411
-6589
-7530
-8276
-8863
-8739
-8820
-9724
-9247
-8832
-10275
-10245
-10173
-9100
-9179
-9393
-7913
-7024
-4431
-5641
-8509
-6789
-2831
-151
-401
-2097
-1028
-257
2533
5191
6115
8523
6194
5816
8552
11914
12861
11552
12040
12986
12728
12234
11934
12294
14320
12465
10822
9511
8459
8473
8575
8575
6484
4790
3523
1763
1323
2537
1508
117
-1580
-2884
-3566
-2970
-1924
-2344
-2542
-3878
-4659
-3811
-2060
-1559
-1467
-1250
-1619
-2034
-1046
-13
801
1542
1061
849
678
1432
1823
2649
3014
2133
1354
841
716
1087
1630
848
-537
-1703
-2066
-2608
-2643
-2931
-3954
-4654
-5702
-6437
-6835
-7060
-6892
-7368
-7902
-9003
-10446
-9792
-9106
-9135
-9630
-11270
-12459
-12079
-10350
-7837
-8939
-10755
-11159
-9450
-4004
-3727
-7032
-8685
-6031
-956
-52
-1225
-830
-650
1933
4506
5628
8158
6120
6353
9026
12048
13533
10464
11182
13534
14521
14313
12002
11493
13501
13287
12671
10832
9267
8899
7965
8517
7080
5527
4703
2610
1733
1777
911
122
-939
-1783
-3113
-3878
-3089
-3151
-2911
-3129
-4162
-4131
-3249
-2688
-1889
-1317
-931
-1318
-1081
-138
246
1608
2035
1880
2011
2128
2363
3045
3764
3871
3171
2740
2272
1838
2589
2149
1534
938
-273
-1325
-2107
-2015
-2408
-3210
-3794
-5494
-6619
-6647
-6641
-6502
-7682
-8812
-9192
-9699
-9699
-10331
-10168
-9610
-11535
-12555
-12844
-10694
-7948
-9505
-10864
-11175
-7970
-4384
-6059
-7886
-7138
-3934
-904
-2068
-1205
499
364
2443
3922
7518
7940
5512
7010
10272
13673
12431
10242
12154
14298
14285
13341
12165
13027
13485
12414
11619
10215
9608
8660
7880
7673
6131
4560
3549
2205
1787
992
-346
-1172
-1842
-2534
-3888
-4252
-3674
-3871
-4148
-4283
-4466
-3941
-3750
-3152
-2504
-1668
-1476
-1881
-1011
-170
721
1219
1578
1745
2247
2563
2920
3207
3679
3699
3089
3260
2627
2649
2437
2079
1444
671
172
-1093
-1930
-2493
-2942
-3424
-4334
-5721
-6773
-7295
-7474
-8081
-8325
-8645
-10374
-11247
-11269
-10591
-10199
-12261
-13402
-14038
-12298
-9456
-10072
-10948
-12434
-9969
-5988
-6443
-7959
-7732
-5038
-2282
-2689
-1555
493
412
2396
3270
6765
7943
5916
7651
10310
13306
12382
10828
12674
14280
14312
13925
12633
13383
13667
12560
12154
10547
9989
9214
8453
7834
5856
4642
4187
2777
2295
1035
-534
-1217
-1592
-1937
-3458
-4113
-3941
-4028
-4192
-3755
-4102
-3696
-3609
-3279
-2444
-1787
-999
-1427
-517
203
928
1417
1948
2388
2914
3424
3613
3953
4053
4323
3935
4543
3949
3353
3090
2614
2606
1719
1143
-14
-932
-1378
-2260
-2965
-3740
-5043
-5903
-6476
-7124
-7754
-8686
-9084
-9809
-10600
-10601
-10851
-11221
-12956
-13601
-12985
-12411
-10884
-10367
-11072
-12665
-10492
-6642
-6507
-8525
-8300
-5208
-2622
-2658
-2917
-647
1347
2856
2856
5692
7454
6128
7457
10436
13574
12431
10811
11842
13883
15067
14302
12863
13351
13371
12570
12348
11115
10336
9198
8700
7599
6036
5235
4077
2731
2590
1604
-312
-1532
-1911
-1977
-3085
-3376
-4058
-4533
-4728
-4284
-3872
-3458
-3469
-3996
-3369
-2359
-1262
-1174
-654
-406
191
869
1646
2236
2862
3340
3117
3630
3850
4377
4046
4162
3982
3544
3449
2533
2358
2026
1356
414
-713
-1421
-2235
-3171
-3539
-4539
-5824
-6581
-7692
-7808
-8699
-9558
-9698
-11105
-10989
-11622
-12148
-12994
-14083
-13686
-13476
-12088
-11148
-12086
-13421
-11095
-7934
-6976
-9492
-9596
-5932
-3566
-2980
-3876
-1434
624
2057
2725
4997
6923
6218
7129
9843
13354
12464
10909
11736
14133
15260
14393
13301
13478
13505
12949
12610
11401
10783
9446
8828
7849
6446
5305
4127
3448
3107
1549
-413
-1445
-1740
-1581
-2870
-3477
-4168
-4472
-4751
-4641
-3615
-3363
-3558
-3925
-3361
-2481
-1589
-951
-469
-49
435
642
1555
2644
3272
3795
3700
4044
4010
4404
4954
4699
4916
4579
3839
3158
2800
3033
2424
1400
220
-1199
-1843
-2164
-2877
-3695
-5035
-5903
-7021
-7829
-8178
-8893
-8649
-10283
-11279
-11254
-11639
-12157
-13792
-13404
-12814
-12820
-11791
-12627
-12949
-11777
-10660
-6912
-6707
-9392
-10141
-7881
-1837
-1251
-2482
-1289
-1429
1601
3852
5640
8220
7054
7794
9295
11689
13942
11988
13086
15152
14795
14641
12850
13049
14654
14294
13626
10702
9473
9494
8379
8699
7302
5233
3859
2082
1861
1597
615
-586
-2378
-2455
-3260
-4162
-3800
-4002
-4037
-4281
-4312
-4135
-3988
-3209
-2491
-1844
-990
-1319
-1197
-135
1162
2153
2302
2617
2832
3306
4218
4588
4919
5204
4821
4700
4373
4668
4489
3912
3656
2738
2116
1132
173
-507
-945
-1523
-2920
-4537
-5383
-6221
-6839
-7026
-7692
-8785
-10465
-11519
-11212
-10206
-10729
-13101
-14602
-14186
-13011
-12657
-12562
-12993
-13750
-12791
-11547
-8652
-6882
-9292
-11353
-9299
-3497
-1248
-3161
-3420
-1947
283
3336
4479
6420
7533
6784
8107
10222
13474
12887
11929
14181
14778
14323
13245
12647
14216
14865
13422
11244
9305
9439
8838
8405
7908
5341
3494
2271
1528
1918
1063
-769
-2407
-2994
-2824
-4070
-4131
-3821
-4200
-4427
-4726
-4534
-3977
-3365
-2661
-2058
-1525
-1315
-1591
-252
1189
2036
2378
2256
2746
3201
4062
4813
5087
5214
4742
4291
4680
4844
4636
4290
3636
3077
2173
1446
882
148
-353
-1695
-2986
-3791
-4785
-5632
-6371
-6982
-7834
-8996
-9633
-10020
-10780
-10858
-11509
-12225
-12866
-13300
-12785
-13335
-12738
-11737
-12202
-12500
-12095
-9031
-6204
-7909
-10130
-9351
-4529
-790
-2146
-2205
-1095
154
2571
4597
7809
8548
7013
7904
10195
13663
13803
12405
14255
14968
14640
13543
13036
14604
14771
13793
11820
9819
9631
8832
8392
8295
6330
4094
1981
1460
2176
1351
-181
-1915
-2502
-2713
-4045
-3891
-3111
-3010
-3798
-4812
-4307
-3410
-2785
-2239
-1509
-704
-967
-1429
-165
1575
2630
2880
2568
2871
3326
4042
4658
5153
5694
4897
3985
4024
4445
4751
4270
3209
2246
1547
1037
366
-384
-945
-2292
-3527
-4336
-5512
-5980
-6783
-7636
-8240
-9455
-10054
-10976
-11231
-10893
-11849
-12490
-13149
-14057
-13620
-13249
-12326
-11634
-13312
-13315
-12621
-9328
-5835
-8244
-10633
-10207
-5498
-1159
-1991
-2494
-2034
-1050
2271
4386
6921
8102
6111
7392
9938
13156
13299
11422
13609
14917
14670
13480
12159
13715
14567
13499
11931
9735
9009
8235
8009
8254
6123
3919
1966
648
1310
1123
-284
-2148
-3148
-3280
-4554
-4220
-3473
-3684
-4215
-5000
-4829
-4048
-3024
-2516
-2078
-1080
-952
-1583
-361
1399
2563
2995
2697
2900
3297
4533
5073
5261
6020
5386
4788
4691
4785
5015
4732
4165
2919
2075
1556
583
188
118
-1394
-3270
-4447
-5007
-5147
-6176
-7310
-8258
-8800
-9767
-10789
-10877
-10815
-11518
-12566
-12483
-13160
-13493
-13598
-13663
-11826
-11528
-12167
-12635
-11637
-7687
-6652
-8555
-9349
-7467
-2725
-1345
-2667
-1260
-339
1717
3929
5684
8683
7421
7130
9226
12204
15079
12981
12236
14191
14763
14935
13842
13461
14354
13209
12532
10958
9553
9592
8151
7731
6561
4428
3033
1467
1228
1438
209
-1719
-3445
-3281
-3264
-4033
-3779
-3858
-4418
-4993
-4598
-3804
-2990
-2381
-2438
-1945
-960
-708
-165
1139
2385
2741
2549
3127
3626
4703
5458
5470
5667
5586
5189
5045
5336
5533
5059
4043
3141
2144
2182
1823
714
-331
-1797
-3047
-4021
-4264
-4776
-6361
-7702
-8547
-9454
-9565
-9796
-10771
-11867
-12787
-12441
-12521
-13458
-13970
-14243
-12474
-11895
-13410
-13561
-12140
-8281
-7041
-9648
-10988
-8937
-4166
-1828
-2961
-2242
-1849
-757
2639
5009
8061
6967
5813
7821
10839
14269
12707
11876
13967
14745
14384
13201
12992
14590
14252
13146
11250
9292
9580
8340
8176
7505
5141
3574
1247
630
915
572
-312
-2949
-4129
-4413
-5073
-4223
-3743
-4297
-5396
-6149
-5355
-4063
-2859
-2338
-2908
-2129
-1541
-1264
189
1639
2602
2285
2676
3131
3749
4865
5460
5884
6117
5742
4685
4857
5601
5820
5043
4046
2990
2008
1744
1246
630
-353
-2012
-3849
-4395
-4699
-5766
-6753
-7638
-8352
-9868
-10528
-10844
-11515
-10954
-12272
-13572
-13916
-13747
-13141
-14132
-13269
-12180
-12388
-12347
-12283
-9410
-6322
-8957
-10567
-7850
-3111
-1078
-3962
-1940
-237
1385
3727
4466
8101
8106
7025
8367
11838
14943
13327
11968
14202
14931
14793
14122
13148
14749
14161
12875
10977
9739
10054
8508
8148
7140
4808
3407
1443
971
1564
914
-1329
-3879
-3568
-3513
-4256
-4024
-4076
-4752
-5278
-5376
-4476
-3393
-2681
-2792
-2936
-1321
-1322
-585
746
1925
2671
2410
2869
3372
4742
5488
5610
5829
6276
5379
5332
5752
5733
5904
4712
3868
2754
2655
2223
805
371
-899
-2521
-3229
-4304
-5100
-5900
-6780
-7855
-9240
-9653
-10114
-10748
-11040
-12678
-13620
-12475
-13103
-13453
-14577
-14416
-12982
-11920
-11176
-12652
-10571
-8027
-9528
-10647
-6987
-3550
-2871
-4379
-3373
-586
1141
3658
3802
7198
8100
6124
7507
11634
14982
13567
12543
13354
14240
14633
14566
14021
15364
14808
11989
10663
10376
10601
9599
8794
7017
4301
3503
2045
1096
1844
909
-1386
-4010
-4137
-4341
-4610
-3679
-4238
-5382
-6209
-6233
-5561
-3705
-2776
-2925
-3698
-2880
-2054
-1299
846
1632
2370
1988
1969
2659
4356
6041
5886
5612
5528
5374
5255
6114
6358
6118
5146
3630
2884
2867
2993
1707
494
-641
-2350
-3226
-3670
-4311
-5521
-6792
-8101
-9301
-9427
-9781
-10901
-11631
-11990
-13035
-13486
-13790
-14138
-14194
-13888
-12973
-13888
-13954
-13478
-11521
-7759
-7639
-10854
-12197
-7920
-2663
-1445
-2924
-3002
-2426
673
4080
6180
8445
6755
6240
8407
12608
14721
12879
13249
14558
14942
14687
13397
13705
15649
15042
13043
10563
9686
9576
8987
9147
7311
4829
3139
860
607
1501
816
-899
-3503
-4231
-5295
-5260
-3862
-3905
-4230
-5778
-6695
-5873
-3877
-2484
-2238
-2337
-1944
-2254
-1271
823
2405
3782
3034
2679
2920
4556
6325
6655
7126
6693
5846
5635
5966
6908
7276
6294
4721
3192
2957
2733
2248
1691
79
-1579
-3080
-4123
-4636
-5255
-5978
-7652
-8699
-9378
-10784
-11260
-11640
-11094
-11665
-13315
-13997
-14941
-14291
-14029
-14027
-12821
-13212
-13514
-13262
-11348
-7043
-7446
-10666
-10365
-6497
-1387
-2159
-3455
-1514
-486
2955
4439
6247
8273
6816
7679
10011
13792
15011
12255
12864
15021
15326
15004
13343
13962
15053
13569
12318
10180
10025
9558
7915
7633
5830
4286
2761
702
576
691
-166
-2159
-4045
-4006
-4855
-5380
-4423
-4363
-4881
-6002
-6243
-5032
-3660
-2473
-2676
-2438
-1493
-1369
-443
1385
2938
3117
2734
3149
4117
5194
6198
6217
6526
6708
5868
5803
5998
6679
6392
5220
4204
2979
2766
2184
969
650
-527
-2654
-4123
-4888
-5187
-6078
-7266
-8213
-9748
-10376
-10920
-11928
-11160
-11855
-13123
-13853
-14132
-13903
-14630
-14758
-14452
-13442
-11956
-11889
-13227
-10618
-7660
-8088
-9423
-8265
-3593
-2184
-3050
-2606
-355
2516
3936
4187
7032
8337
7503
8401
11181
15174
14066
12411
13026
14309
15568
14670
13709
14242
13519
11994
11077
10165
9965
8310
7398
5941
4051
3515
1992
701
477
-118
-1580
-3168
-3698
-3957
-4642
-4254
-4480
-4722
-5150
-5267
-4738
-3784
-2547
-2388
-1910
-1362
-758
200
1411
2424
3401
3515
3812
4212
5172
6259
6206
6842
6313
6062
6131
6117
6314
5839
5293
4232
3121
2665
1932
996
449
-1038
-2274
-3656
-4983
-5656
-6482
-7024
-8427
-9878
-10502
-11087
-11430
-11982
-12832
-12840
-12805
-13687
-14641
-15088
-14304
-12718
-12392
-12661
-13321
-11941
-8218
-7510
-9061
-9579
-6751
-2601
-2079
-2452
-1182
-346
2134
4209
6429
8386
6839
7477
9404
12939
14681
12417
12756
14137
14924
14616
13336
13769
14368
13297
12164
10203
9506
9174
8000
7598
5611
3946
2514
1083
900
214
-650
-2039
-3334
-3652
-4460
-4797
-4639
-4262
-4346
-5315
-5384
-4659
-3648
-2577
-1846
-1523
-1262
-769
314
1267
2989
3763
3409
3974
4606
5608
5977
6725
7012
6561
6407
5972
5844
6401
6167
5071
4215
3062
2322
1289
933
310
-1171
-2465
-4341
-5384
-5557
-6459
-7586
-8862
-10138
-10817
-11848
-12023
-12019
-12412
-12948
-14420
-15242
-14361
-14116
-13544
-13494
-13716
-13162
-13200
-9062
-6858
-9518
-11756
-9438
-3006
-992
-3026
-3249
-1964
834
4112
5267
7834
7175
6146
8021
11508
15202
12945
11909
13449
14716
15017
13555
12941
14320
14427
12869
10675
9105
9317
8422
8286
6778
4320
2740
822
320
972
405
-1838
-3938
-4389
-4683
-5170
-4307
-4434
-5413
-6153
-6107
-5267
-3808
-3200
-3167
-2690
-1735
-1232
-988
1007
2094
2969
3237
3451
4000
4932
6174
6555
7100
7070
6609
6058
6596
6852
6962
6318
4965
3898
3182
2847
1729
1341
305
-1493
-3089
-4366
-4973
-5635
-6242
-7674
-9588
-10400
-11051
-11644
-11643
-12087
-13146
-13829
-14913
-15060
-14673
-14091
-13438
-14458
-13522
-13600
-11949
-8346
-8718
-10842
-10905
-6545
-2502
-2735
-3633
-2241
-899
3062
4407
5789
7900
6434
8007
9799
13857
14621
12306
13317
14418
15591
15519
13791
14131
15095
14005
12760
10449
10183
9577
8852
8346
5425
4187
2732
927
1089
928
-425
-2943
-4223
-4012
-4934
-4156
-4695
-5927
-5760
-5884
-5393
-4724
-3720
-3693
-3883
-2227
-1099
-1348
301
670
2039
3572
3578
4060
4014
6236
6532
6752
7793
6886
6740
7193
7218
7535
7031
6052
4862
3985
4383
2467
1875
1476
-696
-1974
-3443
-4121
-5097
-6075
-6904
-9264
-9892
-10357
-11767
-11728
-12228
-13147
-14732
-14819
-14977
-15137
-14860
-15361
-15112
-14088
-13192
-14177
-11898
-8651
-9585
-11898
-9672
-5351
-2972
-3399
-3531
-1501
250
3579
3880
6727
8474
6992
8249
10818
14549
13937
13101
13958
14667
15512
15075
13671
14605
14969
13366
11785
10198
9927
8779
8649
6887
4415
3706
1779
324
316
-148
-2026
-3549
-3550
-5154
-6364
-4915
-5362
-5762
-5937
-6224
-6351
-5365
-3725
-3944
-3029
-1747
-2193
-1625
730
1551
2626
3625
3935
4009
5000
6750
6536
7740
8291
7263
7230
7416
7505
7847
7803
6426
4759
4624
4235
2538
2382
1299
-614
-1705
-3002
-4134
-5458
-6127
-7242
-8721
-9002
-10713
-12203
-12153
-12171
-12694
-14235
-14576
-15397
-15303
-14995
-15397
-14653
-14275
-13275
-13648
-11983
-9128
-9984
-11394
-9950
-5601
-2322
-3509
-3900
-2147
-41
3842
4463
6796
8032
6774
8172
10183
14938
15248
13156
13658
14262
15480
15354
14255
15173
15124
13586
11830
9988
10604
9761
8765
7600
4773
3416
2030
769
1010
428
-1480
-4014
-4710
-3572
-5234
-5876
-5253
-5496
-5851
-6567
-6487
-5329
-4172
-3358
-3596
-2973
-1206
-2116
-325
2012
3041
3273
2666
4201
4997
6822
7442
6701
7604
8049
7301
7253
7850
8166
7445
6488
5623
4277
4447
3305
2039
1564
-136
-1980
-3392
-3455
-4539
-6801
-7534
-8793
-9593
-9947
-11706
-12555
-12912
-13230
-13873
-14652
-14794
-15041
-15988
-15245
-14881
-13965
-12636
-13625
-11058
-9345
-10884
-11861
-9130
-3251
-2102
-4508
-3857
-2600
898
4873
5251
7538
6965
6541
8164
11516
15961
14182
12984
13978
14128
15109
14874
14477
15654
14947
13187
10461
9518
10528
9670
9064
6653
3830
2506
1022
588
1158
529
-2494
-5733
-5360
-4117
-4180
-5229
-6921
-6739
-6130
-5700
-5947
-5620
-4379
-4155
-3296
-1998
-1454
-1049
-557
1419
3719
4120
3781
3432
5259
7481
7706
7692
7404
7743
8061
7666
7966
7877
7477
6631
5369
4898
4001
2631
1858
1387
317
-1918
-4049
-4761
-5095
-5944
-7561
-9004
-10199
-11112
-12020
-12579
-12387
-13151
-14214
-15331
-15536
-14934
-15297
-15348
-14225
-13533
-13449
-14520
-12921
-8440
-7552
-9728
-11135
-7315
-2461
-1852
-2152
-1133
48
2214
4078
6827
9501
8329
8045
9377
13472
15177
13153
13488
14680
15427
14733
13364
13487
14272
13625
12188
9864
9035
8255
7224
6811
5020
3388
1075
-505
-709
-496
-1480
-4245
-5420
-5071
-5242
-5602
-6070
-5917
-6207
-6526
-5581
-5077
-4034
-3755
-3808
-2115
-699
239
522
1141
3368
4004
4821
5759
5971
7402
7614
8108
8603
8698
8996
8203
8083
8528
7646
7039
6082
5079
4949
3230
1975
674
-228
-1072
-3123
-4133
-5622
-7124
-7856
-8972
-9727
-10631
-11993
-13060
-13866
-13409
-14156
-14735
-14536
-15608
-15554
-15536
-14657
-14126
-13601
-12247
-12397
-10143
-7770
-9416
-9827
-7022
-2584
-624
-2292
-1435
-596
2518
6334
6718
8886
8595
8008
9607
12796
16015
14472
13314
14289
14437
15119
14539
13522
14379
13504
11821
9756
8866
8871
7523
7080
4983
2337
1307
-83
-647
-660
-1739
-3957
-5943
-5393
-5454
-5625
-5242
-6796
-7297
-6609
-5653
-5029
-4934
-4165
-3816
-2901
-743
-796
289
1562
1953
3781
4333
5606
5562
6310
7828
7619
8442
8472
7890
8336
8395
7938
7579
6735
6476
4920
4266
3731
2022
1545
-324
-1912
-2876
-3979
-5237
-6916
-7747
-8785
-10399
-10925
-11610
-12891
-13084
-13565
-14170
-14603
-15279
-14651
-15001
-14975
-15366
-16387
-14072
-12504
-11181
-11555
-11674
-8718
-7433
-7688
-6743
-4014
-885
-833
-1569
1251
2609
5547
6662
7666
10088
8969
9890
10955
14511
16218
14069
13442
14033
14719
14931
14016
13419
13374
11803
10778
8652
8153
8124
6655
5247
2684
1393
535
-815
-979
-1327
-2459
-4600
-6304
-5545
-4778
-4085
-4905
-6586
-6985
-5952
-4251
-3098
-2753
-2688
-2984
-2058
432
1701
3125
2763
3469
4547
5453
6969
6838
8125
8533
8518
8228
7862
8374
8729
8260
7600
6555
5561
4815
3718
3837
2606
1147
-774
-2677
-3119
-4191
-4806
-6239
-7836
-9030
-10850
-11006
-11133
-11895
-12508
-13830
-14176
-13983
-14134
-13977
-14583
-14771
-14386
-15130
-13614
-12994
-12338
-10882
-11084
-7894
-6350
-7458
-8199
-6221
-475
1115
-786
-288
391
3431
6857
7719
9780
8814
8278
9180
12010
16267
14562
12857
13473
13452
14107
13397
12697
13266
12332
11295
8518
7259
7998
6690
6108
4562
2202
816
-701
-1243
-686
-1019
-2408
-5479
-6138
-5247
-5027
-3020
-3806
-6332
-7511
-6008
-3161
-1881
-1569
-2544
-3155
-1029
1356
2100
3626
3860
3420
4181
5701
7146
6903
7898
8159
7774
8234
7437
7025
7576
8063
7061
5425
4456
3494
2943
3002
1604
-263
-1614
-3401
-4525
-4715
-5302
-6756
-8245
-9382
-10921
-11482
-10538
-11419
-12300
-12994
-13586
-13851
-13106
-12852
-13499
-13509
-13914
-13411
-13971
-12077
-11607
-10385
-8579
-8736
-6309
-5949
-6742
-6255
-2199
1516
1340
-1180
330
1815
5290
8852
7870
9133
7095
7969
10031
13204
15459
12530
11742
12275
12020
12559
12541
11747
12308
10425
9168
6553
6247
7490
6229
5990
3096
575
-60
-583
-8
57
-1264
-3150
-5937
-4906
-4167
-3838
-2281
-3692
-4850
-6243
-5310
-2324
-462
551
-998
-2463
-347
1091
3426
5071
4753
4696
3380
5071
6361
7667
8954
7476
6951
6522
6092
6466
6634
7157
6115
3765
2837
1351
1728
1745
157
-760
-3273
-4723
-5821
-5881
-5348
-6976
-8130
-9781
-11273
-11175
-10700
-10355
-10492
-12042
-13105
-13245
-12369
-11025
-11745
-11293
-12419
-12724
-12247
-11365
-8701
-7532
-6879
-8536
-7165
-4239
-3285
-4302
-2928
-22
1453
721
110
2721
4076
7419
6835
7647
8144
7190
8984
10617
14206
12966
10518
10055
11261
12298
12497
10957
10720
10060
8515
7994
6639
7639
6587
5482
3658
1849
1548
879
547
474
-473
-2199
-3471
-3699
-3358
-3583
-2576
-2413
-2720
-4221
-4738
-3109
-846
868
255
-888
-1123
193
2458
4507
4902
4685
2970
3201
4960
6479
7481
6431
5929
4930
4654
4855
4895
5170
4866
3098
1284
265
-64
452
-377
-1338
-3394
-5363
-5958
-6407
-5884
-6476
-7768
-8997
-10307
-10817
-10570
-10024
-9993
-10717
-11853
-12057
-12407
-11416
-10382
-10406
-10223
-11244
-11105
-11040
-9352
-7659
-6641
-6210
-6556
-5039
-3951
-3920
-4548
-1267
1717
1734
-206
77
2094
4280
7365
7355
7898
6247
6211
7710
11378
13833
11089
9653
9459
10361
10836
11363
10807
10482
9308
8222
6656
6535
7403
6405
6103
3815
1971
1015
972
1302
1162
609
-1404
-3547
-3287
-2477
-1599
-633
-1295
-3144
-4827
-3359
-1059
791
1210
-278
-1504
-708
1154
3045
4235
4237
2966
2025
3369
4383
5384
5722
5194
4236
3344
3250
3199
3959
4274
3001
1372
54
-576
-358
55
-668
-2258
-3804
-5031
-5480
-5301
-4970
-6248
-7292
-8189
-9154
-8981
-8682
-8543
-8975
-9621
-10040
-9991
-9737
-8517
-9142
-8866
-8611
-9887
-8994
-9469
-7675
-6442
-6324
-5893
-7193
-4453
-2438
-3984
-4199
-2610
131
1238
-666
550
1478
3164
5597
4974
7391
6444
5540
7292
9774
12564
10518
8935
9890
10669
11607
11113
9915
11013
9981
9108
8045
7252
7899
6619
6416
4824
3277
2859
1635
1316
1733
1119
-552
-2056
-2066
-2205
-2532
-1416
-1311
-2323
-3571
-3870
-2732
-838
434
-611
-1611
-1322
-502
943
2238
3010
2032
1263
1385
2061
3782
4273
3603
2745
2590
2288
2096
2480
2936
2628
1639
292
-1017
-588
-143
-603
-1418
-2839
-4317
-5177
-4881
-4438
-5051
-5697
-7119
-8490
-8399
-7797
-7514
-7773
-8034
-8975
-9862
-9670
-8719
-8212
-7798
-8194
-9788
-10327
-9759
-7817
-6500
-6186
-7086
-7862
-5146
-3324
-4560
-5177
-2691
-17
142
-1125
-367
890
3054
5444
5551
7228
5925
5316
7308
10879
13307
10558
9684
10225
11201
11924
11397
11034
11553
10819
9328
7801
7705
8409
7654
7162
4913
3242
2578
2013
2056
2085
1180
-964
-2417
-2284
-2624
-2564
-1528
-1877
-2879
-4591
-4645
-3517
-1559
-207
-1701
-2711
-2567
-1694
-22
1348
1727
1036
37
372
887
2467
3820
2965
2485
1720
1857
2033
2415
3537
2895
2094
575
-280
274
519
128
-660
-1728
-2975
-3905
-4084
-3311
-3826
-4316
-5510
-7105
-6825
-6612
-6306
-6350
-7148
-7819
-8672
-8317
-7492
-7841
-7740
-8144
-9032
-8928
-9079
-9157
-7955
-7006
-6087
-6976
-7194
-5018
-4581
-4517
-4349
-2409
-98
-925
-1829
124
2094
4388
4889
4933
6858
6318
7637
9029
11336
13050
10544
10480
11318
12196
12835
11750
11881
11735
10715
9897
8538
8891
9244
7882
6661
4875
3814
3546
2321
2444
1764
277
-1325
-2737
-1388
-1777
-2708
-3167
-3928
-4026
-4346
-4139
-3370
-3258
-3081
-3507
-3733
-1931
-2042
-1555
-1058
-659
-103
-701
496
831
1434
2177
1502
1858
2241
2169
2479
2081
2670
2029
1269
1495
830
1604
644
-868
-1144
-1335
-1168
-1821
-3072
-3233
-4292
-4115
-3883
-4973
-4623
-6522
-6677
-6251
-6429
-6001
-7452
-7772
-7817
-7761
-6981
-7849
-8589
-8660
-8520
-7671
-7704
-8131
-7948
-7520
-7247
-6615
-5674
-3330
-2742
-4244
-5432
-3244
937
2391
1679
777
1953
2825
5824
7483
8898
8726
6957
7909
9578
12845
11990
11023
11262
11567
11265
10445
10412
11022
11453
10073
8109
6174
6718
6501
6370
5501
3407
1922
210
93
495
2
-968
-3269
-3634
-3771
-5304
-4743
-4704
-3812
-4719
-5962
-6004
-6442
-4597
-2909
-2907
-2498
-3828
-4639
-2800
-857
2133
641
12
-312
-606
2812
3498
4263
3671
2696
2845
2459
3787
4568
3856
4097
2656
1631
1793
1231
2113
1738
1051
-677
-2650
-2033
-2138
-1870
-2051
-4066
-5092
-6239
-6071
-5789
-6300
-6170
-7983
-8402
-8310
-8598
-7997
-8605
-8613
-8638
-8992
-8744
-9010
-8971
-8155
-7610
-5857
-5264
-5693
-4567
-4092
-2666
-1712
-350
1266
1060
1307
2196
3936
5907
7093
7215
7951
7709
8382
9821
11208
12903
11688
11218
10853
10958
11879
11842
11768
10742
9289
8676
7975
7611
7696
6439
5370
3318
2069
1560
465
473
-617
-1815
-3422
-4647
-4174
-4655
-5031
-5445
-6645
-6752
-6778
-6204
-5636
-5914
-5371
-5488
-4718
-3479
-3743
-2777
-2044
-1313
-376
-131
1012
1103
1956
3076
3060
3840
3868
3984
4566
4803
5104
4535
4320
4469
3935
4113
3384
2446
2018
1238
899
111
-499
-1378
-2415
-2683
-3448
-4337
-4851
-5618
-6379
-7057
-7455
-7821
-8184
-8413
-9105
-9451
-9027
-8786
-9417
-9452
-9099
-9062
-8622
-8347
-7791
-7570
-7013
-5716
-4542
-2455
-2102
-3908
-3446
-776
2294
3299
2047
2191
2505
4861
7579
8062
9104
7857
7512
9023
11020
12778
11545
11030
11234
10807
11046
10349
9885
10675
9728
8454
6611
5659
5698
4589
4731
3009
759
-570
-2198
-2135
-2060
-2774
-4588
-6516
-6368
-6675
-7161
-6564
-6867
-6991
-7460
-7656
-6789
-6155
-4998
-5059
-4690
-3295
-3368
-2668
-1514
-40
1269
1458
2069
2414
3227
4617
5020
5938
6613
6081
6126
6088
6734
6870
6326
6027
4667
4434
4096
3231
3086
2185
1144
-28
-1081
-1416
-2501
-3001
-3671
-5095
-5581
-6655
-7089
-7255
-7893
-8145
-8804
-8890
-9082
-9296
-8467
-8645
-8878
-8499
-8113
-7421
-7916
-7946
-7113
-5892
-4550
-4758
-4517
-3319
-1902
-584
-631
-207
1144
2478
3464
3608
4561
5439
6171
7526
8277
8808
8602
8583
9790
11039
11630
10532
9549
10066
10218
9989
9128
8233
7828
6965
5987
4676
3760
3311
2179
949
-289
-1599
-2472
-3245
-3839
-4418
-5344
-6174
-6802
-6679
-6663
-7157
-7122
-6972
-6899
-6759
-6139
-5389
-4456
-3514
-3172
-2988
-2069
-388
625
1404
1929
2413
3350
4448
5293
5686
6143
6182
6220
6743
7285
6974
6403
6091
5864
5562
4874
3942
3123
2847
2011
931
-69
-893
-1507
-2405
-3156
-4166
-4760
-5073
-5778
-6166
-6697
-7276
-7514
-7777
-7520
-7558
-7940
-8083
-8110
-7167
-6702
-6859
-6919
-6943
-6057
-5412
-5524
-5323
-4620
-3741
-3236
-2877
-1858
-885
-58
-218
-580
964
2828
3472
3073
3558
4161
4759
5986
6886
7350
7031
6802
6837
8117
9280
8415
7322
7332
7281
6792
6341
5915
5439
4643
3907
2282
1567
1530
766
-39
-1201
-2198
-3209
-3634
-3792
-4207
-4470
-5226
-6233
-6000
-5506
-5243
-4594
-3994
-4517
-5959
-5035
-2652
-932
-416
-1518
-2002
-725
1437
2961
3301
3539
2830
2546
4405
5952
6243
5632
5188
5233
5488
5631
4877
4628
5202
4593
3151
2230
1990
2020
1753
972
-483
-1276
-1696
-2449
-2401
-2332
-3195
-4515
-5192
-4890
-4944
-4853
-5131
-5850
-5538
-5704
-5867
-5561
-5176
-4745
-4951
-4994
-4654
-4767
-3892
-3514
-3442
-2800
-3852
-3670
-3016
-1863
-1115
-1685
-1440
-1467
-620
992
782
113
818
1415
2704
2382
2683
2969
2821
4391
4167
4859
4814
4374
4760
5383
6013
5306
4424
4686
4930
4577
4367
3161
3180
2832
2497
2119
1234
1090
315
146
-266
-839
-958
-1358
-1892
-1871
-2009
-2145
-2103
-1710
-1688
-2408
-2220
-1748
-1027
-666
-846
-1056
-559
320
709
1072
1248
1180
1201
1979
2712
2835
2756
2497
2564
3156
3540
3201
2724
2665
2757
2655
2497
2070
1679
1609
1180
920
650
297
-133
-519
-605
-1156
-1438
-1570
-1845
-2065
-2269
-2562
-2700
-2801
-2795
-2820
-2984
-2944
-3301
-2939
-2839
-2989
-2980
-2958
-2698
-2901
-2963
-3202
-2906
-2889
-3066
-3470
-3739
-3408
-3382
-3101
-3586
-3616
-3182
-3076
-3042
-2441
-2278
-2764
-2772
-2072
-822
-1179
-1061
-1428
-769
830
758
1182
1100
1650
1711
2115
3278
3302
3163
3280
3293
3690
4154
3699
3745
3662
4031
3552
3181
3327
2886
3372
2891
2252
1960
1960
1716
1279
1355
1085
644
699
269
-529
-310
-176
-98
-409
-617
-1104
-1306
-483
-402
-327
-321
-715
-838
-217
453
494
613
960
662
562
1001
1307
1743
1840
1570
1137
1407
1871
2061
2223
1762
1193
1182
1695
1680
1581
1455
957
862
1009
1027
504
429
371
122
24
-278
-583
-658
-425
-976
-1278
-1685
-1883
-2095
-2079
-2188
-3097
-3181
-3774
-3948
-4227
-4166
-4671
-5260
-5687
-5893
-5270
-5600
-5741
-6404
-5598
-5456
-5253
-4678
-4810
-4892
-4576
-3379
-2864
-2199
-2663
-2040
-1567
114
852
757
1890
1604
2796
3417
4438
4887
4977
5547
5632
5964
6556
6509
6573
7006
6563
6629
6000
6005
5827
5768
5495
4479
4029
3433
2848
2559
2456
1656
1230
484
-337
-1114
-813
-605
-1208
-1750
-2630
-2786
-2607
-1728
-1781
-1876
-2173
-2637
-2141
-1281
-483
-649
-470
-454
-269
260
893
1354
1724
2014
1751
1921
2198
2797
3134
3512
3288
2822
3067
3055
3509
3618
3534
2817
2356
2434
2116
2058
1848
1269
557
221
-390
-721
-1204
-1445
-2265
-3057
-3247
-4243
-4384
-5006
-5347
-5775
-6295
-6582
-7394
-7423
-7394
-7692
-7912
-8225
-8490
-8147
-8105
-7695
-7759
-7502
-6756
-6827
-6055
-5573
-4865
-4199
-4254
-3326
-2416
-1756
-910
-557
614
1251
1607
2743
3318
4259
4485
4665
5706
6244
6595
6645
6590
7127
7067
7084
7081
6511
6658
6239
5845
5475
4859
4537
3857
3532
3012
2281
1651
931
703
709
434
-743
-1870
-2031
-1731
-1171
-1397
-2613
-3413
-3236
-2240
-1552
-1551
-1714
-2610
-2279
-1215
-425
260
-21
28
137
971
1737
1901
2499
2923
2972
3093
3329
3549
4125
4639
4822
4274
4020
3855
3975
4501
4321
3666
2795
2434
2013
1864
1814
1064
288
-388
-1280
-1901
-2095
-2352
-3094
-3986
-4549
-5354
-5719
-5730
-6086
-6386
-6800
-7542
-7909
-7607
-7278
-7432
-7579
-7681
-8006
-7772
-6999
-6494
-6353
-5940
-5791
-5528
-4736
-3828
-2843
-2499
-2376
-1966
-1009
219
681
1285
2259
2489
2928
3640
4523
5449
5643
5957
6200
6631
7106
6961
7501
7848
7408
7242
6949
6882
6800
6664
6351
5441
5088
4588
3857
3584
3171
2558
1829
1085
543
236
199
-339
-1309
-1582
-1839
-1889
-1859
-2261
-2551
-2644
-2233
-2074
-1879
-1638
-1796
-1439
-773
-307
-103
242
608
944
1546
1995
2039
2444
3019
3190
3420
3516
3565
3607
4096
4281
3759
3582
3270
3111
3185
3011
2416
1603
1250
807
197
65
-523
-1374
-2056
-2795
-3227
-3585
-3892
-4486
-5330
-5766
-6232
-6570
-6443
-6884
-7237
-7513
-7705
-7788
-7832
-7387
-7491
-7445
-7417
-7412
-7178
-6700
-6159
-5717
-5459
-5403
-5010
-4140
-3081
-2811
-2148
-1805
-1445
-750
144
1062
1343
2085
2469
3071
3655
4141
4812
5690
6096
5850
5981
6481
6982
7216
7528
7058
6659
6550
6562
6611
6384
5924
5011
4658
4324
3615
3253
2740
2153
1508
746
229
-481
-382
-536
-1274
-1778
-2558
-2602
-2208
-2205
-2485
-2875
-2806
-2475
-2415
-1654
-1585
-1499
-1053
-915
-114
100
642
1010
1455
2110
1976
2277
2814
3230
3625
3674
3608
3541
3583
4011
3867
3732
3419
2944
2901
2581
2434
1852
1281
924
180
-162
-855
-1501
-1785
-2456
-2932
-3712
-4237
-4586
-5222
-5367
-5743
-6187
-6505
-7107
-7288
-7290
-7147
-6963
-7455
-7629
-7947
-7631
-6706
-6424
-6183
-6518
-6414
-5967
-5213
-3856
-3342
-3228
-3078
-2885
-1679
-238
857
1136
681
1422
2318
3589
4690
4723
5061
5219
5876
6663
7231
7777
7377
7314
7810
7829
7823
7526
7261
7229
6804
6288
5485
5025
4865
4200
3616
2807
1840
1263
763
381
-162
-889
-1615
-2180
-2141
-2323
-2763
-3154
-3592
-3481
-3047
-2688
-3014
-3331
-2939
-2244
-1308
-996
-1081
-978
-394
516
1287
1963
2024
1867
2409
3191
3778
4016
3876
3972
4062
4304
4298
4046
4120
3796
3597
3232
2594
2242
1866
1662
1141
306
-372
-1246
-1661
-1975
-2735
-3261
-4175
-4807
-5245
-5738
-5818
-6465
-6828
-7212
-7727
-7646
-7917
-7864
-7828
-7938
-7657
-7880
-7627
-7358
-7153
-6321
-6086
-5617
-5326
-5079
-4298
-3903
-2718
-1730
-1631
-1183
-1000
30
1368
2133
3122
2788
2905
3505
4324
6127
6291
5960
5665
5754
6831
7268
7637
7553
6683
6553
6395
6466
6773
6142
5666
4819
4195
3894
3170
3007
2510
1751
1018
-5
-655
-857
-1010
-1285
-1967
-2725
-3281
-3649
-3140
-2654
-2800
-3257
-3856
-3822
-2974
-1934
-1526
-1666
-1815
-1427
-813
317
1123
1180
1590
1633
2121
2709
3368
3916
3870
4222
3952
3728
4098
4321
4564
4467
3897
3248
2661
2819
2792
2429
2079
875
143
-296
-559
-689
-1306
-1981
-3019
-3737
-3928
-4303
-4495
-4806
-5474
-5972
-6413
-6471
-6540
-6467
-6387
-6705
-6793
-6961
-6676
-6270
-5672
-5314
-5630
-5306
-5037
-4383
-3507
-3106
-2552
-2368
-1884
-1343
-1051
339
926
829
1317
1414
2439
3027
3515
4036
3558
4195
4060
4429
5622
5236
5013
4755
4929
5356
5003
5230
4790
4344
4701
3877
3840
3816
3311
3144
2481
2406
1651
1239
1372
736
706
250
-520
-730
-850
-662
-993
-1224
-1313
-1935
-1589
-1375
-1157
-884
-1231
-1119
-1203
-628
-54
-47
496
332
372
841
1184
1911
1805
1964
2113
1899
2499
2476
2698
2931
2678
2685
2184
2187
2286
2108
2445
1970
1297
1010
565
767
669
398
-116
-1074
-1179
-1572
-1677
-1554
-2189
-2667
-3280
-3641
-3793
-3899
-3727
-4088
-4448
-4683
-5178
-5036
-4668
-4457
-4407
-4639
-4799
-4994
-4464
-3722
-3414
-3169
-3415
-3510
-3129
-2387
-1730
-1548
-1237
-1249
-1292
-741
-341
154
521
535
693
631
861
998
1338
2244
2108
1764
1493
1397
2158
2691
3003
2665
2011
2095
2119
2746
3286
2809
2615
2169
2110
2400
2454
2655
2159
2066
2024
1382
1415
1383
1475
1735
1138
693
172
276
687
379
732
232
-319
-242
-439
53
382
376
98
-548
-232
-12
207
1209
734
319
8
59
1122
1462
1668
833
459
1088
1161
1598
1922
1310
1108
976
1136
1367
1132
1412
688
695
613
-135
123
35
34
-401
-1044
-1388
-1806
-1567
-1460
-2156
-2264
-2897
-3395
-3164
-3188
-2848
-3382
-3622
-3774
-4066
-3446
-3383
-3295
-3023
-3406
-3352
-3227
-2835
-2166
-2389
-2064
-2226
-2274
-1699
-1702
-1076
-830
-858
-958
-1179
-554
19
229
488
223
166
529
801
1488
1655
1608
1478
1384
2071
2316
2485
2617
2436
2635
2805
2800
2792
2858
3108
3136
2878
2834
2500
2419
2600
2517
2664
2233
1529
1213
1291
1629
1457
929
626
102
116
215
-62
107
-302
-416
-409
-555
-433
-682
-544
-81
-123
-6
-354
-582
156
225
914
820
562
673
235
1042
1356
1750
1786
1130
1126
1081
1392
1992
1914
1728
1171
674
915
914
1303
931
393
71
-579
-557
-757
-800
-875
-1446
-1883
-2614
-2755
-2544
-2744
-2569
-3142
-3574
-3938
-4140
-3531
-3443
-3173
-3619
-4167
-3982
-3811
-3284
-2918
-2964
-3041
-3444
-3173
-2558
-2273
-1669
-2075
-2042
-1785
-1570
-961
-932
-227
-284
-403
8
-8
719
1128
1179
1206
946
1416
1621
1997
2539
1951
1995
2017
2102
2677
2704
2729
2251
2143
2450
2263
2606
2648
2103
2007
1661
1607
1806
1843
1677
950
822
710
596
813
658
231
24
-82
-295
-55
2
-75
-266
-327
-294
-380
1
177
98
210
207
173
635
774
951
1004
1044
1310
1150
1596
1614
1673
1982
1823
1873
1821
1848
1971
1950
1991
1782
1398
1432
1143
1143
1025
640
395
-176
-327
-714
-841
-999
-1477
-1804
-2271
-2518
-2681
-2820
-2949
-3172
-3364
-3511
-3844
-3783
-3715
-3502
-3428
-3714
-3700
-3799
-3492
-3253
-2981
-2704
-2786
-2802
-2665
-2313
-1791
-1518
-1353
-1111
-1123
-864
-651
-112
383
554
630
468
688
1113
1523
1709
1828
1745
1831
1886
1981
2251
2408
2613
2356
2221
2286
2251
2366
2510
2519
2457
2067
1719
1724
1869
2104
1748
1390
1192
801
794
797
808
795
318
2
-213
-147
154
-54
-41
-106
-407
-295
-270
-27
221
227
337
135
256
544
628
1012
1094
1008
1083
1003
1179
1398
1612
1688
1355
1378
1374
1370
1532
1429
1279
1100
911
806
686
581
285
-127
-193
-488
-737
-1004
-1393
-1594
-1922
-1990
-2283
-2601
-2767
-3128
-3055
-3073
-3357
-3418
-3596
-3395
-3339
-3500
-3324
-3588
-3334
-3099
-3049
-2645
-2914
-2896
-2703
-2444
-1762
-1782
-1754
-1693
-1825
-1166
-756
-355
-90
-435
-218
-108
377
1154
1156
1246
994
999
1597
1844
2211
2134
2041
2193
1981
2163
2452
2609
2694
2434
2272
2159
2128
2320
2365
2423
2166
1656
1379
1492
1707
1697
1499
995
643
546
643
695
639
504
114
-128
-75
46
215
263
54
-73
-12
119
128
363
612
561
506
406
493
684
932
1031
899
944
752
636
1000
1137
1212
988
735
685
579
947
928
719
566
74
77
176
47
-81
-539
-671
-874
-1112
-1038
-1532
-1654
-1798
-2014
-1973
-2329
-2491
-2680
-2683
-2503
-2665
-2740
-2893
-3052
-2837
-2774
-2688
-2710
-2736
-2553
-2610
-2429
-2364
-2178
-1890
-1930
-1696
-1628
-1425
-1177
-1090
-616
-455
-298
-144
-96
380
517
717
1105
1176
1435
1347
1345
1788
1979
2370
2192
1984
2152
2084
2538
2657
2586
2498
2205
2304
2436
2553
2587
2256
2167
2176
2013
2063
1836
1805
1730
1526
1384
1094
1158
1030
871
796
622
512
375
287
293
222
199
80
-17
90
-114
-98
-70
-61
-34
-290
-224
-267
-190
-74
-306
-270
-314
-307
-164
-215
-220
-356
-413
-233
-213
-140
-260
-557
-484
-469
-319
-356
-626
-733
-985
-923
-933
-941
-969
-1312
-1591
-1766
-1745
-1646
-1688
-1824
-2074
-2448
-2517
-2433
-2088
-2051
-2419
-2691
-2855
-2527
-2315
-2141
-2106
-2281
-2397
-2382
-2047
-1617
-1450
-1428
-1390
-1388
-1101
-913
-488
-126
16
84
-40
263
635
1078
1334
1331
1337
1380
1568
1790
2108
2377
2425
2275
2132
2241
2550
2821
2906
2802
2643
2459
2383
2625
2936
2938
2616
2126
2002
2085
2204
2251
2000
1798
1349
1102
1158
1275
1345
1024
670
410
300
352
412
400
318
-21
-274
-349
-235
17
-30
-200
-549
-673
-560
-402
-201
-346
-568
-805
-831
-587
-448
-472
-681
-824
-794
-793
-768
-705
-712
-694
-882
-996
-1028
-1005
-849
-907
-900
-1191
-1452
-1470
-1335
-1093
-1278
-1585
-1884
-1949
-1773
-1669
-1680
-1792
-2151
-2247
-2195
-1997
-1746
-1994
-2047
-2252
-2144
-1853
-1821
-1627
-1685
-1716
-1585
-1489
-1128
-827
-829
-670
-762
-379
69
182
451
368
632
905
1089
1499
1575
1600
1697
1763
2279
2457
2378
2376
2342
2748
2792
2814
2803
2725
2818
2771
2790
2784
2682
2570
2455
2403
2354
2104
2038
1913
1828
1662
1357
1270
1123
1108
914
622
515
338
223
154
-10
-43
-227
-412
-485
-625
-487
-570
-704
-723
-921
-953
-961
-914
-750
-901
-1041
-1172
-1216
-924
-950
-942
-969
-1123
-1103
-1187
-973
-752
-741
-821
-1086
-1083
-868
-749
-646
-698
-855
-977
-1138
-974
-805
-724
-839
-1266
-1378
-1406
-1227
-1090
-1164
-1302
-1674
-1846
-1764
-1554
-1351
-1511
-1831
-1988
-2031
-1757
-1636
-1495
-1472
-1687
-1639
-1637
-1296
-1010
-860
-673
-694
-628
-529
-338
244
601
702
644
427
876
1242
1748
2013
1795
1846
1760
2173
2686
2838
2834
2542
2573
2934
3013
3088
2886
2860
3058
2897
2848
2553
2514
2567
2486
2452
2100
1788
1533
1433
1523
1381
1027
570
174
212
122
20
-267
-695
-798
-1081
-1058
-1138
-1291
-1344
-1669
-1672
-1645
-1678
-1677
-1888
-1826
-1655
-1658
-1643
-1863
-1789
-1564
-1396
-1170
-1303
-1375
-1395
-1155
-701
-504
-557
-843
-870
-542
-187
32
-120
-330
-403
-364
-19
86
71
-174
-513
-388
-288
-109
-220
-579
-656
-759
-659
-617
-829
-863
-1079
-1099
-1028
-1143
-1077
-1236
-1191
-1078
-1128
-1062
-1144
-995
-720
-637
-553
-665
-517
-169
105
437
332
350
503
850
1435
1579
1641
1567
1690
2170
2451
2728
2757
2646
2781
2853
3153
3296
3145
3137
3012
3105
3089
2813
2768
2606
2591
2466
2087
1898
1525
1381
1264
1019
807
297
-95
-364
-528
-564
-826
-1194
-1566
-1926
-1944
-1962
-1987
-2124
-2454
-2564
-2667
-2507
-2364
-2365
-2376
-2543
-2448
-2242
-2044
-1919
-1944
-1793
-1595
-1451
-1299
-1251
-1035
-778
-651
-515
-507
-368
-164
-18
214
158
128
150
257
554
521
361
137
139
389
464
313
16
-244
-251
-144
-79
-137
-540
-880
-1055
-846
-598
-734
-1035
-1416
-1445
-1319
-1127
-982
-1046
-1219
-1432
-1377
-1026
-692
-558
-638
-685
-583
-389
-61
305
589
658
624
689
1070
1495
1860
2042
2069
2117
2148
2430
2763
3079
3122
2997
2804
2794
2932
3087
3230
2989
2710
2290
2184
2276
2260
2117
1634
1197
899
751
714
565
170
-224
-625
-732
-811
-1056
-1269
-1565
-1601
-1696
-1888
-2025
-2154
-2083
-2049
-2083
-2056
-2148
-2143
-2068
-1912
-1646
-1669
-1663
-1613
-1434
-1176
-1153
-1006
-846
-697
-563
-560
-375
-182
-121
-7
52
247
363
259
338
337
477
577
565
679
450
259
198
386
710
543
147
-215
-282
-26
105
74
-194
-633
-849
-804
-488
-335
-598
-977
-1179
-1024
-776
-679
-720
-820
-842
-774
-643
-418
-334
-213
-141
44
213
229
442
588
1017
1183
1222
1251
1291
1700
1951
2210
2147
2068
2076
2281
2544
2602
2488
2225
2201
2183
2285
2147
1984
1711
1471
1355
1198
1173
808
581
249
96
4
-300
-415
-719
-861
-1070
-1284
-1329
-1495
-1604
-1699
-1783
-1796
-1934
-2060
-1966
-1858
-1738
-1849
-1993
-1893
-1790
-1541
-1445
-1414
-1375
-1448
-1277
-1095
-822
-696
-746
-631
-608
-423
-347
-199
85
127
141
-46
-11
292
510
616
509
313
285
278
448
658
599
546
189
95
142
203
390
284
202
-134
-405
-418
-200
98
51
-323
-718
-853
-596
-228
-99
-169
-583
-751
-740
-422
6
23
24
-265
-371
-239
-15
493
703
579
360
52
322
827
1195
1473
998
716
615
886
1582
1658
1569
1074
782
977
1158
1449
1428
1151
861
558
560
758
806
804
457
162
-26
-183
9
17
34
-253
-681
-774
-821
-592
-593
-760
-891
-1132
-1159
-1174
-1062
-918
-974
-1116
-1263
-1243
-1112
-961
-928
-878
-922
-929
-853
-776
-538
-488
-439
-427
-348
-214
-135
-72
22
204
206
286
184
331
454
482
600
417
550
482
574
622
525
580
420
504
484
486
406
211
240
280
334
254
10
-64
-51
20
134
-16
-141
-344
-367
-119
-34
8
-295
-499
-378
-201
69
-46
-223
-349
-367
-33
107
202
-5
-220
-57
135
449
340
154
135
215
509
551
478
397
306
454
670
664
591
311
326
577
640
689
347
253
299
373
520
365
261
79
43
143
194
114
-76
-144
-90
-26
-170
-331
-386
-263
-180
-271
-418
-589
-575
-519
-335
-272
-453
-667
-865
-622
-355
-245
-371
-676
-690
-574
-352
-220
-200
-325
-395
-424
-241
2
-41
-6
-201
-43
68
72
144
10
221
228
257
190
145
235
288
357
332
327
195
239
204
375
356
243
195
63
262
129
191
79
55
97
-90
5
-124
-2
-101
-179
-191
-263
-171
-273
-225
-282
-280
-333
-355
-294
-246
-223
-301
-294
-326
-178
-186
-89
-75
-138
-65
-155
71
80
136
149
55
204
129
230
252
304
385
306
277
203
283
380
499
445
338
208
171
346
411
504
297
158
86
119
323
262
243
24
-56
-8
-14
71
-44
-113
-163
-226
-162
-197
-284
-306
-365
-233
-215
-344
-410
-542
-348
-219
-199
-205
-427
-416
-371
-175
74
-31
-119
-280
-203
70
141
289
145
86
91
110
394
429
481
339
240
378
436
519
510
432
451
421
368
444
327
412
352
273
342
91
160
81
110
193
-53
-87
-212
-188
-85
-187
-223
-326
-403
-321
-363
-341
-356
-451
-372
-414
-340
-354
-445
-375
-388
-229
-217
-287
-305
-349
-164
-73
3
-33
-174
-130
-82
143
250
175
74
-37
116
290
397
354
208
171
275
377
462
438
333
335
301
434
448
385
331
205
296
300
289
204
55
37
43
58
19
-116
-221
-248
-306
-242
-290
-358
-386
-528
-458
-465
-442
-403
-522
-461
-461
-446
-356
-371
-288
-273
-316
-203
-161
-81
-34
-152
-8
61
121
204
35
147
140
211
380
228
276
149
161
373
296
349
197
99
260
149
239
159
39
173
-7
96
8
-125
-24
-177
-25
-103
-267
-237
-379
-223
-180
-272
-237
-463
-413
-329
-310
-144
-348
-328
-352
-363
-181
-246
-122
-148
-183
-149
-171
-58
3
57
130
122
55
53
105
331
418
379
274
187
337
411
556
565
514
460
365
448
525
611
584
495
418
385
342
368
406
378
337
126
64
18
42
105
-8
-59
-188
-285
-249
-261
-233
-240
-353
-327
-389
-383
-339
-439
-320
-330
-282
-280
-414
-353
-364
-206
-73
-107
-141
-268
-248
-76
50
162
94
-37
-27
-40
186
313
348
322
98
147
185
375
482
388
330
155
153
244
332
362
221
19
-20
-32
53
37
-107
-138
-321
-285
-301
-313
-291
-461
-470
-507
-475
-436
-482
-502
-497
-514
-458
-429
-412
-322
-372
-278
-261
-213
-126
-133
14
30
81
97
110
214
304
368
389
378
386
467
477
582
585
588
588
529
584
545
574
552
549
546
443
366
277
281
311
285
215
91
-59
-100
-129
-68
-47
-182
-296
-488
-496
-432
-389
-337
-481
-590
-684
-690
-564
-512
-485
-523
-625
-635
-633
-548
-401
-378
-343
-409
-428
-360
-311
-159
-82
-15
-32
-98
-54
44
187
273
303
286
246
230
278
372
466
439
380
316
271
302
256
310
298
258
193
49
30
-28
8
45
22
-60
-235
-333
-318
-220
-152
-177
-289
-397
-469
-406
-289
-163
-152
-257
-328
-349
-207
-115
0
62
12
-9
-66
49
219
346
426
372
322
324
370
544
682
718
672
524
509
579
698
802
738
650
535
469
512
565
599
561
419
283
187
150
208
209
157
11
-172
-262
-298
-244
-220
-291
-434
-601
-672
-648
-573
-523
-576
-670
-778
-791
-724
-658
-561
-582
-609
-641
-663
-538
-467
-336
-274
-306
-269
-314
-228
-90
19
149
95
51
51
80
252
341
382
363
240
250
274
382
477
447
401
268
229
271
347
395
337
226
117
96
148
200
175
90
-16
-59
-28
53
46
-34
-125
-167
-65
-14
14
-63
-153
-147
-82
46
82
41
-52
-86
2
158
234
211
125
69
117
210
320
319
286
212
198
252
292
357
317
292
253
226
255
245
247
248
211
197
134
77
75
38
64
21
-24
-72
-183
-205
-228
-204
-191
-258
-332
-426
-480
-445
-409
-392
-457
-566
-616
-628
-557
-498
-490
-539
-605
-608
-558
-459
-401
-397
-412
-408
-342
-299
-239
-203
-190
-140
-116
-50
-13
-2
27
54
137
201
211
202
164
188
260
329
373
314
259
219
249
346
387
389
295
228
219
279
373
369
318
222
175
229
283
325
295
196
151
129
181
234
204
178
100
84
130
153
182
144
83
63
52
96
118
99
81
31
48
74
89
121
92
80
90
103
138
134
115
108
114
156
165
144
100
48
69
116
156
134
45
-33
-64
-15
53
57
-25
-154
-238
-220
-149
-89
-116
-235
-350
-408
-360
-264
-217
-254
-371
-465
-470
-400
-300
-266
-306
-379
-443
-410
-324
-244
-205
-255
-291
-295
-253
-163
-126
-97
-104
-115
-80
-58
-13
6
15
54
77
95
91
85
114
151
200
219
205
180
178
208
250
284
273
250
223
220
240
256
263
251
220
210
202
205
206
185
182
146
155
138
109
99
67
65
49
50
38
-2
-36
-57
-45
-12
-10
-33
-75
-100
-89
-67
-16
-24
-49
-69
-85
-33
-4
21
18
-7
7
17
50
73
70
76
72
80
101
94
99
86
74
90
71
71
45
27
15
-16
-20
-26
-35
-56
-107
-143
-166
-170
-160
-190
-211
-269
-307
-314
-300
-270
-286
-308
-350
-345
-315
-291
-275
-266
-261
-250
-230
-196
-165
-144
-109
-92
-53
-31
0
31
55
101
115
156
176
191
218
218
240
262
296
323
316
298
264
266
306
333
358
318
249
223
202
251
283
268
226
140
108
106
140
173
155
108
33
-20
-13
18
57
58
-4
-74
-143
-132
-89
-48
-42
-117
-178
-228
-200
-143
-106
-100
-148
-192
-216
-185
-130
-77
-72
-98
-126
-131
-88
-34
13
19
7
-18
5
38
74
96
82
83
74
89
94
85
73
57
64
68
48
15
-39
-57
-50
-53
-63
-117
-162
-207
-211
-194
-209
-216
-259
-291
-296
-288
-275
-261
-259
-265
-259
-252
-236
-207
-167
-143
-116
-110
-103
-70
-29
27
49
62
72
82
132
174
222
251
244
249
255
286
325
350
364
333
305
301
326
373
386
360
284
235
238
277
322
295
216
128
91
114
162
158
86
-10
-62
-55
-27
-17
-66
-129
-187
-202
-191
-183
-203
-238
-251
-252
-240
-242
-261
-283
-275
-251
-219
-208
-221
-235
-237
-197
-152
-107
-103
-113
-117
-109
-57
-10
32
41
23
9
16
54
92
115
114
90
60
60
80
108
114
101
77
44
28
20
30
29
24
7
-31
-63
-80
-71
-55
-53
-79
-114
-145
-137
-110
-94
-99
-131
-140
-125
-87
-71
-77
-96
-104
-64
-16
23
13
-19
-20
29
110
169
175
138
105
128
214
300
337
302
251
226
264
348
399
401
340
290
281
306
348
351
316
265
218
196
198
182
168
128
93
54
23
-5
-42
-56
-79
-91
-127
-162
-202
-222
-224
-235
-232
-247
-266
-288
-288
-286
-273
-261
-262
-266
-263
-253
-242
-216
-195
-163
-147
-142
-127
-118
-96
-61
-28
-2
15
17
16
31
67
105
126
127
107
106
119
148
184
178
159
132
131
142
156
154
122
95
86
99
103
94
48
3
-9
12
40
26
-20
-63
-82
-63
-14
-4
-22
-63
-87
-78
-35
13
21
15
-10
-18
-4
33
66
84
89
78
84
92
114
142
166
185
180
170
162
170
181
196
198
183
160
136
123
110
109
96
75
42
7
-26
-50
-62
-78
-94
-124
-161
-191
-216
-237
-233
-238
-250
-267
-292
-317
-327
-309
-288
-271
-283
-300
-311
-303
-271
-233
-201
-205
-211
-210
-189
-139
-99
-69
-56
-64
-57
-31
13
50
68
76
74
86
100
123
141
150
157
153
155
159
161
165
161
155
144
131
125
123
121
110
86
62
51
51
47
29
2
-23
-42
-38
-26
-18
-37
-66
-84
-78
-43
-21
-27
-49
-65
-60
-29
10
26
18
8
9
37
70
81
85
81
85
105
133
147
143
132
127
137
145
149
128
104
89
85
100
99
82
36
-6
-21
-22
-6
-20
-60
-104
-146
-149
-137
-140
-159
-197
-227
-240
-230
-217
-211
-222
-228
-231
-224
-204
-194
-178
-162
-143
-116
-103
-82
-65
-42
-4
19
44
52
56
83
114
144
157
150
147
153
165
191
197
181
165
160
174
183
178
153
120
106
112
128
130
109
71
49
54
67
78
62
31
-1
-11
-2
13
21
4
-17
-30
-28
-16
-12
-13
-27
-40
-45
-47
-31
-30
-40
-40
-49
-40
-36
-45
-44
-51
-43
-37
-31
-29
-39
-40
-38
-32
-17
-12
-14
-18
-20
-19
-18
-6
-3
5
-6
-17
-22
-30
-23
-27
-27
-41
-58
-77
-92
-83
-82
-85
-93
-114
-125
-131
-135
-126
-125
-133
-143
-156
-154
-145
-132
-121
-120
-123
-125
-121
-99
-83
-68
-54
-49
-41
-32
-22
-3
19
27
29
38
40
49
67
85
90
91
91
93
99
104
105
93
97
98
97
105
98
86
74
79
88
99
97
80
67
60
65
74
79
69
47
27
26
34
45
43
21
-1
-12
-7
-2
4
-3
-20
-36
-42
-32
-25
-24
-40
-48
-49
-41
-38
-44
-48
-56
-51
-46
-40
-36
-40
-43
-44
-33
-21
-22
-13
-15
-18
-8
-2
20
27
28
28
31
38
46
56
66
77
77
79
76
81
91
99
109
99
90
85
88
97
105
105
95
81
72
72
71
74
70
48
32
21
19
19
12
1
-18
-19
-18
-12
-3
-7
-20
-22
-15
-3
13
15
14
10
16
29
49
64
62
65
68
85
106
126
130
122
127
131
138
151
150
145
138
132
127
123
121
110
103
99
86
72
55
41
33
28
19
-5
-27
-43
-52
-50
-58
-73
-90
-111
-117
-116
-116
-120
-125
-142
-149
-141
-142
-133
-140
-153
-158
-145
-136
-135
-130
-137
-135
-124
-104
-89
-87
-83
-79
-56
-28
-12
4
-1
-7
9
33
52
58
61
56
61
78
94
108
102
93
86
85
88
85
77
61
42
29
22
4
-15
-32
-46
-54
-61
-71
-84
-95
-107
-107
-109
-112
-116
-127
-132
-123
-116
-113
-108
-108
-102
-87
-73
-56
-42
-32
-13
11
32
38
43
50
61
77
82
82
72
65
65
77
91
87
82
63
63
71
74
77
56
39
20
14
13
7
-8
-37
-47
-58
-57
-57
-72
-84
-94
-96
-90
-92
-98
-109
-116
-122
-124
-120
-131
-135
-140
-135
-125
-120
-114
-109
-102
-98
-78
-60
-52
-39
-26
-20
-4
7
14
17
23
36
48
68
75
85
92
106
123
136
134
132
135
129
134
130
119
103
84
75
72
67
63
57
51
37
35
44
38
27
14
9
2
0
-3
-23
-39
-48
-42
-39
-36
-31
-35
-32
-19
-9
5
13
15
14
17
24
31
37
34
26
28
38
41
50
51
52
62
67
70
80
80
69
60
59
52
36
29
19
15
4
-2
-4
-11
-10
-14
-14
-18
-21
-26
-29
-31
-38
-50
-64
-76
-82
-88
-94
-98
-102
-101
-98
-86
-76
-72
-69
-64
-64
-63
-57
-55
-53
-60
-64
-68
-67
-63
-62
-57
-58
-50
-43
-37
-30
-22
-16
-16
-13
-17
-16
-16
-24
-25
-33
-29
-30
-27
-16
-16
-9
-7
-3
9
10
4
3
-7
-9
0
-7
-16
-26
-41
-37
-32
-32
-29
-26
-27
-31
-24
-23
-22
-24
-30
-26
-36
-47
-51
-55
-61
-64
-67
-68
-61
-60
-54
-48
-44
-33
-30
-25
-17
-16
-15
-17
-20
-22
-24
-18
-17
-18
-19
-15
-6
2
17
28
29
31
30
32
35
35
30
16
19
19
13
21
23
22
21
26
26
36
39
35
33
28
29
27
22
19
10
1
-2
-6
0
-4
-1
-2
1
10
13
23
19
22
19
21
20
16
16
5
3
3
6
14
23
27
37
39
47
58
62
68
67
68
67
63
62
67
65
63
54
54
56
56
60
64
69
64
63
70
72
68
63
55
46
38
30
24
23
23
20
17
13
15
15
15
14
11
13
12
6
3
-2
-3
-9
-12
-10
-9
-5
-10
-5
2
6
16
26
24
24
28
34
36
35
39
32
35
35
35
42
38
45
46
43
45
45
43
46
39
32
30
27
24
17
8
-6
-10
-17
-12
-11
-13
-14
-16
-13
-19
-14
-12
-17
-26
-27
-30
-32
-28
-30
-34
-35
-29
-28
-28
-21
-14
-13
-11
-13
-10
-2
-3
-5
-3
-6
-5
6
5
4
0
-1
0
5
10
12
12
9
8
8
10
4
4
2
4
6
2
-6
-4
-6
-11
-10
-13
-8
-8
-6
-13
-14
-15
-12
-12
-12
-10
-14
-14
-19
-11
-12
-9
-11
-10
-3
-4
1
1
3
2
3
0
2
3
12
12
13
19
16
25
26
24
21
20
19
18
19
19
18
14
16
8
7
9
-1
-5
-2
-2
-3
-5
-8
-15
-21
-26
-27
-27
-24
-25
-26
-25
-29
-25
-27
-23
-22
-27
-18
-14
-13
-12
-9
-5
-7
-10
-6
-4
1
5
7
10
14
21
19
20
21
26
27
27
28
32
29
29
32
28
34
29
32
30
28
32
31
28
21
24
19
16
11
7
5
3
3
-7
-13
-18
-16
-15
-15
-14
-15
-15
-13
-11
-11
-9
-3
-4
-1
3
5
8
13
14
14
16
24
20
22
23
22
27
27
34
32
35
38
38
38
35
32
26
26
31
33
30
28
23
19
15
18
15
12
11
2
-4
-16
-16
-20
-24
-33
-38
-36
-43
-34
-34
-41
-39
-39
-40
-41
-36
-35
-36
-39
-45
-43
-42
-42
-42
-44
-39
-41
-41
-36
-36
-34
-34
-30
-33
-31
-28
-28
-23
-25
-26
-27
-27
-24
-23
-20
-24
-21
-22
-26
-21
-26
-28
-31
-32
-34
-43
-36
-42
-40
-38
-47
-51
-52
-50
-52
-47
-50
-52
-46
-45
-40
-43
-46
-44
-48
-51
-49
-50
-49
-44
-40
-37
-34
-31
-31
-26
-21
-19
-16
-11
-8
-8
-5
-2
6
9
14
12
7
10
13
12
12
14
5
0
3
2
1
-2
-7
-9
-8
-6
-8
-12
-7
-11
-6
-10
-15
-12
-19
-23
-25
-22
-27
-32
-31
-31
-32
-31
-37
-30
-29
-25
-18
-22
-20
-22
-16
-15
-12
-13
-17
-5
-6
-4
-2
-2
5
7
2
5
12
15
21
22
23
24
21
28
27
27
28
28
29
29
37
39
42
39
36
36
34
36
36
35
34
28
21
21
17
18
15
13
12
6
9
8
6
9
6
6
8
5
8
12
13
12
15
14
8
14
16
17
21
23
23
23
29
32
33
39
41
38
41
44
41
46
52
54
58
63
55
54
54
52
58
59
57
54
56
55
54
47
43
38
35
37
34
32
25
22
22
17
15
11
4
8
4
0
-3
-10
-6
-10
-14
-19
-24
-22
-25
-31
-28
-28
-28
-27
-28
-26
-25
-19
-20
-17
-22
-24
-19
-22
-14
-13
-11
-8
-6
-3
3
8
9
13
14
14
15
18
24
25
23
24
24
19
16
17
14
12
12
8
8
2
0
-5
-6
-6
-9
-14
-21
-18
-25
-29
-35
-34
-28
-36
-38
-40
-41
-41
-44
-40
-35
-40
-36
-38
-36
-31
-30
-25
-23
-21
-21
-15
-12
-10
-11
-3
4
3
6
13
15
13
19
16
20
25
24
27
30
30
29
31
29
29
21
14
9
6
5
9
7
1
-5
-7
-9
-12
-12
-18
-20
-23
-26
-26
-35
-35
-38
-35
-33
-34
-31
-35
-32
-27
-28
-23
-22
-26
-17
-19
-13
-7
-8
2
3
10
14
20
22
27
33
33
37
35
43
37
37
45
46
48
48
46
42
43
42
44
41
34
33
32
28
28
23
12
13
10
7
2
2
-1
-3
0
-5
-5
-7
-7
-10
-14
-17
-20
-16
-22
-20
-21
-21
-16
-18
-16
-11
-11
-8
-7
-11
-6
-7
-5
-3
1
5
8
8
6
9
7
10
8
9
10
7
9
5
2
1
1
-2
-7
-6
-13
-16
-12
-19
-21
-23
-24
-30
-36
-38
-41
-41
-42
-45
-49
-52
-56
-58
-61
-62
-60
-63
-56
-57
-52
-46
-51
-47
-46
-39
-31
-25
-21
-21
-18
-19
-18
-10
-12
-5
4
2
5
11
13
13
15
17
15
13
13
9
8
9
9
8
9
7
8
5
3
1
-3
0
-5
-7
-11
-20
-17
-19
-21
-24
-22
-26
-35
-30
-31
-25
-25
-29
-24
-30
-22
-19
-21
-16
-17
-11
-8
-9
-5
-7
2
-4
-6
3
1
7
11
13
16
10
17
18
17
18
18
14
14
15
14
20
16
15
18
17
20
12
12
14
9
7
7
9
3
2
-1
-4
-4
-3
-1
-3
-4
-1
-3
-2
2
-1
-1
1
5
2
2
8
4
5
9
12
18
17
15
14
13
19
20
21
21
27
28
25
28
30
25
23
29
27
31
33
30
31
31
25
25
27
28
31
21
17
18
15
11
15
14
13
12
9
11
11
10
7
8
4
0
-2
-2
1
-3
-8
-9
-10
-4
-1
-7
-8
-7
-11
-9
-2
-4
-5
-5
-5
-7
-5
-3
-2
-3
0
-2
-8
0
-2
-3
-2
-2
-3
-4
0
-3
-4
-8
-4
-7
-9
-5
-4
0
-5
0
-4
-11
-8
-10
-5
-5
-4
-9
-10
-5
-4
-1
-9
-7
-8
-10
-5
-7
-4
-3
-4
-5
-11
-7
-1
-1
-2
-3
-6
-5
0
-3
4
4
7
6
3
9
6
8
7
7
10
11
13
16
15
15
23
21
19
18
20
20
21
21
18
26
24
18
17
14
7
9
11
10
11
6
3
7
3
5
5
3
3
-2
-3
-6
-8
-8
-9
-11
-8
-9
-13
-9
-9
-6
-7
-8
-12
-16
-14
-16
-13
-12
-12
-15
-21
-20
-20
-18
-18
-16
-10
-13
-18
-13
-10
-6
-2
-7
-3
-2
-3
-3
-3
-2
-6
1
-3
0
-2
-4
2
-3
2
-1
0
5
1
4
3
2
4
7
6
5
5
-3
-1
-1
-1
-1
-5
-3
1
3
1
-1
1
1
4
-1
-1
0
0
1
-1
-1
-6
4
2
1
9
0
5
-1
-3
0
-1
-2
-4
-2
-7
0
2
-4
-3
-7
-5
-7
-10
-8
-11
-4
-4
-5
2
-4
-4
-6
-9
-14
-17
-15
-24
-11
-9
-17
-11
-8
-15
-12
-11
-15
-11
-18
-17
-9
-15
-16
-19
-16
-13
-16
-12
-13
-13
-11
-14
-17
-19
-14
-17
-21
-18
-10
-9
-10
-8
-12
-13
-14
-18
-15
-14
-18
-21
-15
-18
-19
-16
-23
-21
-20
-21
-24
-19
-21
-20
-15
-21
-22
-20
-16
-13
-12
-20
-20
-19
-19
-17
-19
-16
-11
-13
-15
-11
-18
-14
-18
-14
-12
-10
-3
-8
-6
-8
-1
-5
-6
-3
-3
-1
0
-1
-1
1
-3
3
2
0
4
-3
2
2
2
0
2
0
-2
5
0
7
1
7
8
7
8
3
6
5
4
2
6
7
5
9
16
10
14
18
12
15
20
25
19
23
23
21
18
18
17
15
23
28
27
26
22
20
25
28
30
22
23
19
19
26
23
28
18
14
17
14
15
13
9
9
5
8
3
-1
4
5
6
6
6
2
0
6
3
2
4
-3
-3
-1
3
5
9
10
4
3
4
6
8
10
9
10
15
20
16
19
15
11
17
14
18
14
9
12
11
14
13
12
13
13
12
8
10
6
0
5
-2
-1
0
1
-3
2
1
-5
-6
-10
-4
-6
-4
-5
-10
-13
-16
-15
-17
-18
-14
-15
-16
-17
-14
-18
-26
-21
-21
-16
-14
-23
-17
-26
-22
-11
-10
-6
-18
-22
-19
-11
-6
-8
-13
-16
-15
-12
-10
-10
-12
-18
-11
-9
-8
-5
-7
0
-7
-6
-3
-2
0
-5
-2
-7
-7
-9
-9
-4
-8
-8
-8
-7
-9
-5
-2
-7
-6
-6
-2
0
-3
-6
-3
2
2
-1
-2
-5
-5
1
3
0
0
1
4
6
14
16
13
11
12
17
10
12
7
5
7
5
12
7
10
12
8
6
10
13
10
12
9
6
7
9
14
14
10
13
14
8
8
11
9
5
5
8
12
10
4
1
4
2
-2
-2
1
6
6
6
7
11
9
7
8
8
10
14
14
11
13
6
5
6
2
3
9
8
9
12
11
16
12
14
14
13
11
11
17
16
12
8
9
13
8
5
8
5
4
7
7
7
8
4
7
7
0
4
5
3
1
-2
-2
1
-1
-5
-3
4
-2
-1
4
4
8
4
8
7
8
13
10
9
9
11
12
14
14
18
18
22
19
15
19
12
13
10
8
12
10
12
12
11
10
6
6
4
4
4
1
-6
4
5
-3
-2
-7
-9
-18
-18
-16
-19
-20
-21
-20
-21
-23
-23
-28
-30
-28
-30
-30
-36
-37
-35
-38
-31
-32
-32
-32
-33
-33
-34
-30
-31
-32
-31
-28
-28
-24
-26
-26
-25
-20
-19
-24
-20
-18
-15
-19
-10
-5
-7
-4
-5
-3
-1
-3
-7
-5
2
0
-2
2
-2
2
3
0
3
2
8
8
3
7
6
4
4
3
0
-3
1
3
3
4
4
5
-2
3
6
6
7
1
4
9
9
10
16
15
10
9
10
14
16
12
7
6
4
4
2
7
7
4
5
4
8
2
12
8
11
11
9
12
7
9
-1
9
-3
-7
-1
-2
-1
-5
1
-6
-2
6
3
3
4
1
4
4
1
4
4
6
5
8
10
6
3
10
10
5
5
5
6
4
1
2
3
3
3
6
2
6
9
4
3
5
3
1
8
3
7
4
4
1
-2
6
-2
-4
1
5
1
2
-1
-2
1
1
7
7
9
3
6
5
5
-1
-4
6
-1
-1
-2
-6
0
1
-2
-3
-1
-4
-1
2
1
2
1
-4
-6
-1
0
5
5
2
4
4
0
-2
-1
0
-2
-3
-2
-3
-1
-5
1
3
2
1
4
3
5
13
7
3
1
-1
-4
2
-2
-3
-3
-10
-6
-9
-6
-9
-8
-6
-8
-3
-1
-10
-8
-9
-9
-6
-12
-13
-14
-12
-21
-21
-22
-29
-30
-33
-26
-33
-30
-32
-31
-29
-33
-28
-28
-24
-28
-21
-21
-26
-23
-25
-21
-25
-25
-24
-25
-24
-27
-28
-27
-29
-22
-21
-19
-11
-11
-14
-19
-11
-8
-6
-7
-4
-1
-4
0
1
1
0
0
3
5
5
9
14
13
15
16
20
18
10
19
16
13
19
14
20
18
16
16
17
19
20
25
21
18
21
28
23
22
25
25
23
13
22
22
18
25
27
26
23
19
25
27
16
13
20
11
5
12
5
7
9
6
10
12
8
3
8
11
11
7
7
6
11
10
4
3
3
5
1
1
4
1
4
5
9
9
10
6
7
8
6
8
7
13
12
10
7
10
7
3
7
9
11
8
7
5
7
4
5
4
4
5
1
1
5
12
10
15
21
16
10
7
8
5
6
10
5
6
5
3
5
2
13
7
2
8
8
3
4
12
5
10
14
10
12
17
16
10
10
6
4
8
12
9
6
6
6
3
6
13
10
9
11
15
11
8
6
-2
-2
-3
-5
-6
-3
-1
-7
-6
-1
-1
-6
-5
1
-1
-1
-1
-3
-4
-5
-1
-2
-1
0
3
-1
-1
-3
-6
-11
-10
-8
-15
-14
-12
-14
-19
-21
-21
-16
-17
-12
-11
-8
-4
-8
-7
-11
-9
-7
-6
-4
-5
-6
-6
-7
-6
-10
-11
-9
-18
-14
-8
-9
-1
0
0
2
1
8
2
-3
4
1
3
0
8
10
6
5
4
10
6
12
8
9
10
7
11
10
14
15
13
15
16
17
15
11
17
17
16
18
14
10
7
10
5
6
5
7
9
5
13
16
12
9
11
13
7
13
11
9
11
7
10
-1
2
0
-6
0
-6
-2
-2
-5
-2
-7
0
-2
-3
2
-4
0
2
1
0
-1
-2
-8
1
-1
0
-4
-6
-8
-13
-9
-9
-9
-11
-5
-6
-2
-1
-3
2
0
3
4
3
2
0
4
5
3
8
5
4
6
4
