-3
-9
-12
-9
-10
-10
-8
-8
-4
-5
-3
-1
-3
-4
-4
-5
-6
0
2
3
1
-6
-2
2
1
2
0
-3
-4
-4
-4
-2
-4
-1
-3
-3
0
-2
-2
-5
-2
2
-1
-3
-4
-1
0
4
4
0
0
0
2
3
7
0
3
3
2
7
8
6
7
6
6
8
7
11
3
6
10
9
8
11
12
6
14
14
14
10
10
7
11
13
9
7
7
5
4
13
8
11
11
11
12
14
14
12
9
8
9
8
7
8
7
5
8
7
9
7
6
5
7
6
6
8
0
5
4
2
6
9
8
4
5
9
7
8
8
10
10
5
12
16
13
10
13
9
12
9
8
11
13
12
11
13
8
6
9
8
7
10
7
8
12
12
12
15
16
10
14
14
11
12
9
10
13
10
11
9
8
8
3
7
5
9
10
3
6
3
5
7
4
8
4
7
5
5
5
-7
-9
-7
-5
2
0
-9
-6
-5
-5
-2
-2
-1
-3
-8
-9
-3
-2
-1
-4
-5
-8
-6
-3
-5
-4
-5
-7
-7
-7
-5
-6
-2
-2
-3
0
1
6
1
-3
-1
3
3
5
4
3
8
5
6
7
12
13
11
11
10
8
13
13
6
7
8
14
9
11
13
6
10
7
10
11
8
9
9
10
12
11
6
13
12
8
15
12
10
9
11
7
4
7
5
10
10
9
9
7
11
6
6
6
3
3
3
2
1
0
1
-2
-2
-2
-2
0
0
1
-1
-5
-6
-3
5
0
-7
-3
-2
-9
-5
-6
-11
-10
-11
-10
-9
-5
-15
-9
-5
-16
-7
-12
-11
-12
-11
-10
-9
-5
-8
-5
-10
-13
-12
-10
-13
-11
-12
-10
-6
-10
-10
-12
-15
-11
-9
-8
-8
-11
-8
-10
-9
-10
-10
-7
-8
-4
-5
-1
-1
-4
-9
-8
-11
-9
-3
-7
-4
-8
-6
-6
-2
-1
-7
-7
-12
-14
-13
-10
-10
-9
-7
-4
-2
-3
-4
-9
-11
-13
-9
-7
-9
-9
-15
-15
-12
-11
-8
-9
-10
-9
-11
-9
-8
-10
-14
-19
-21
-22
-14
-17
-15
-13
-14
-9
-15
-18
-15
-11
-13
-10
-15
-14
-16
-11
-5
-12
-11
-18
-13
-14
-12
-10
-11
-9
-13
-11
-15
-10
-14
-7
-9
-16
-8
-13
-6
-6
-4
-11
-11
-4
-9
-5
-2
-2
1
1
-2
0
0
1
0
3
4
7
5
4
6
5
9
7
10
8
8
6
8
7
5
9
9
8
10
11
11
9
4
4
5
9
10
9
7
3
5
6
11
9
6
5
4
3
4
0
7
11
7
2
-2
4
3
8
3
1
1
-3
0
5
5
3
0
2
2
2
5
6
6
3
8
4
3
2
0
0
-2
2
3
8
7
8
5
5
5
8
11
8
7
5
11
12
9
8
3
7
7
13
16
9
10
10
5
7
8
9
10
6
10
9
12
14
10
8
8
13
9
10
9
10
7
9
12
12
10
5
8
5
10
2
3
5
-1
3
0
4
0
-6
-4
-4
-5
-1
-6
-8
-5
-6
-4
0
4
4
0
-6
-4
0
3
1
-2
-3
-5
-1
1
0
-3
-6
-8
-6
-2
1
-2
-1
-7
-2
-3
-1
1
-7
-2
-5
-5
-4
-2
-5
-6
0
-6
0
-2
-2
-3
-5
-5
-4
-5
-5
-5
-5
-2
-5
-4
0
3
-1
1
0
-1
-2
-5
-2
-1
-1
-3
3
1
-6
-2
0
-3
-2
-1
3
1
-1
1
9
10
6
12
7
5
7
14
13
10
13
12
8
8
10
11
8
6
9
7
12
10
6
10
2
3
8
10
12
9
5
7
7
4
10
9
8
11
10
12
13
10
10
9
5
8
10
9
9
7
12
13
14
16
12
10
10
8
12
12
6
6
4
4
9
4
2
2
-1
0
1
3
3
6
-3
-1
0
-1
0
0
3
-4
0
-1
-2
-1
-4
-4
-8
-7
-4
-6
-6
-9
-6
-9
-10
-6
-7
-6
-11
-7
-7
-10
-10
-10
-6
-9
-7
-6
-9
-10
-14
-9
-8
-11
-9
-12
-11
-13
-15
-15
-14
-16
-16
-16
-21
-19
-17
-16
-17
-16
-17
-13
-12
-13
-14
-11
-12
-13
-8
-10
-12
-13
-13
-13
-14
-16
-19
-17
-14
-17
-14
-13
-15
-12
-11
-14
-13
-11
-15
-14
-18
-16
-13
-12
-16
-19
-15
-14
-16
-17
-13
-17
-20
-20
-17
-19
-19
-13
-18
-20
-18
-18
-22
-20
-20
-19
-16
-18
-16
-13
-17
-13
-14
-21
-18
-18
-16
-14
-15
-16
-15
-11
-8
-7
-12
-11
-7
-12
-10
-9
-8
-2
-7
-10
-12
-6
-2
0
-1
-3
-2
-5
1
-3
-4
-4
-6
2
-1
-4
-3
-2
-1
-2
3
0
-2
0
-2
0
-1
1
-2
-3
-7
-8
-5
-5
-7
-8
-7
-9
-5
-3
-5
-10
-12
-12
-12
-9
-10
-11
-10
-12
-10
-5
-5
-8
-7
-6
-7
-5
-7
-4
-5
-9
-3
-2
0
1
-2
-3
-3
-7
-10
-8
-6
-9
-9
-7
-6
-6
-6
-9
-11
-12
-12
-7
-5
-10
-12
-11
-11
-4
-8
-11
-8
-10
-4
-3
-1
-1
-1
-3
-6
-4
-1
-1
-2
-4
-3
-3
-3
0
-3
0
-2
0
5
2
3
0
0
2
7
5
8
7
4
7
4
4
3
7
6
12
12
9
11
6
3
7
10
7
8
8
6
11
10
10
9
8
11
8
9
10
4
4
3
6
10
9
8
8
8
11
14
12
4
7
9
7
12
9
9
6
9
11
12
7
4
6
3
3
8
5
0
6
7
10
17
16
12
10
6
10
13
14
12
10
9
6
12
11
9
7
6
7
6
10
9
6
9
8
5
4
5
5
2
7
6
11
9
5
7
4
6
10
11
8
10
9
12
14
12
13
11
13
12
12
6
2
3
-1
3
8
7
7
9
7
4
6
9
6
2
5
8
10
8
9
12
9
11
14
15
15
14
12
11
10
10
11
8
10
11
16
17
16
13
9
9
13
8
8
10
6
10
8
10
9
9
9
7
10
6
7
10
9
4
4
-3
0
8
4
5
5
6
8
8
12
14
11
3
0
0
4
8
2
-2
3
4
6
4
3
0
-4
-2
0
2
0
-2
-6
-5
-2
-3
-4
-2
-2
-6
-8
-2
-4
-9
-6
-8
-10
-7
-2
-6
-11
-14
-13
-13
-12
-9
-8
-16
-12
-6
-11
-4
-11
-14
-15
-15
-13
-12
-10
-16
-16
-19
-17
-16
-15
-14
-15
-12
-8
-11
-10
-12
-11
-7
-13
-10
-7
-7
-9
-5
-5
-3
-4
-4
3
-1
-3
0
-4
0
1
-3
-1
0
0
2
-1
-1
0
-3
1
-2
0
2
2
2
-1
-2
-2
2
0
-1
-1
-2
-7
4
9
0
-2
-2
-3
-2
0
-3
-1
-6
0
3
2
4
-2
0
-3
-2
2
-2
-2
-7
-10
-5
-9
-7
-8
-6
-7
-9
-4
-8
-3
-6
-9
-2
-6
-3
-7
-11
-10
-12
-9
-11
-13
-11
-12
-16
-14
-10
-15
-10
-14
-14
-12
-19
-13
-17
-18
-15
-16
-12
-12
-10
-13
-15
-11
-12
-12
-13
-14
-14
-10
-10
-10
-9
-9
-9
-11
-6
-9
-9
-8
-9
-5
-7
-5
-9
-8
-6
-4
-3
-3
-5
-6
-5
-1
-2
-6
-3
-7
-3
-2
-1
-5
-6
-8
-3
-2
-7
-2
-3
-4
-7
-2
1
1
0
-1
2
-3
-1
-1
-3
-5
-4
0
-4
0
-4
-3
0
-6
-2
-1
-4
0
2
5
4
0
0
6
3
-1
-1
1
-2
-2
6
6
4
5
2
1
3
2
2
-1
2
0
2
-3
-6
-5
-4
-2
1
-1
-2
-2
-7
-6
-9
-7
-9
-9
-9
-9
-10
-6
-8
-9
-7
-12
-9
-13
-10
-7
-10
-11
-10
-12
-14
-10
-9
-8
-15
-11
-11
-9
-10
-12
-8
-7
-1
-3
0
-1
-2
-1
-1
2
-1
-2
-2
-1
4
5
9
7
5
10
5
5
9
8
9
11
10
10
8
5
7
6
6
11
9
9
11
11
11
9
7
7
6
1
4
10
6
9
7
8
11
6
9
9
11
5
4
7
7
6
3
3
0
5
3
6
1
0
2
-2
-3
-5
-4
-6
-5
-4
-7
-4
-5
-6
-3
-7
-3
-5
-6
-2
-1
0
-2
-2
-6
-4
-6
1
3
4
4
5
6
4
5
-2
2
1
1
3
-5
-2
-3
4
11
11
15
15
9
8
17
20
12
11
13
12
16
14
13
10
7
12
12
16
15
14
12
11
16
8
9
3
2
8
8
9
8
7
7
3
7
12
5
1
1
5
0
3
3
-3
-6
-6
-2
-7
-3
-6
-13
-10
-13
-10
-6
-14
-12
-16
-12
-11
-18
-18
-24
-20
-21
-23
-18
-20
-14
-13
-15
-12
-17
-21
-17
-21
-20
-22
-21
-17
-12
-9
-7
-8
-9
-8
-10
-6
-8
-2
-5
-1
3
1
6
-5
2
-5
-1
7
1
7
7
11
6
8
4
0
1
0
2
1
5
8
10
4
6
6
8
10
16
18
11
7
4
12
12
13
19
16
16
17
11
13
14
14
16
15
18
17
17
7
5
9
4
9
14
20
23
11
7
-1
-6
-11
-10
-7
-8
1
4
5
2
-4
-10
-16
-23
-24
-20
-17
-11
-13
-9
-10
-12
-21
-23
-25
-19
-10
-13
-3
-2
-5
-12
-21
-21
-24
-21
-17
-10
-2
-3
-3
-9
-11
-15
-7
1
4
3
-5
-2
-5
0
-2
-6
-2
-4
1
3
14
10
5
-3
-6
-1
2
13
13
14
12
11
12
9
9
1
7
6
7
7
11
16
2
4
2
3
14
14
13
10
7
5
10
8
10
4
3
11
15
23
17
12
8
7
11
14
13
12
10
8
15
13
12
14
18
15
20
21
17
16
8
4
0
10
8
14
22
17
18
10
12
7
7
6
9
16
19
20
16
17
8
8
5
10
13
17
25
19
25
13
11
-2
-13
-8
-6
10
21
29
27
22
15
13
8
6
-1
3
13
15
24
25
22
7
6
4
8
11
15
18
11
19
14
8
2
-2
-4
0
5
17
21
19
19
16
18
3
9
4
6
10
10
17
5
14
4
7
0
2
3
-7
-2
-12
0
-6
-1
-8
-11
-11
-15
2
6
11
7
3
-4
2
-3
-1
-6
-16
-19
-23
-6
-5
9
-6
-10
-6
-5
15
22
26
9
2
-8
-4
6
10
-8
-11
-17
-19
6
5
25
-3
0
-7
-7
22
-3
12
-18
-25
-32
-31
-4
-12
3
-6
-1
10
16
13
9
-1
-18
-16
-1
22
14
23
-1
-16
-23
-30
-9
-13
9
-9
14
17
15
26
8
16
-32
-16
-38
-23
-7
-15
24
-3
28
2
22
23
7
14
-7
-7
-28
-2
-14
24
7
13
-2
-8
6
-38
0
-61
-26
-43
-11
24
22
72
-6
8
-44
-32
-17
0
25
3
21
10
35
18
15
-48
-66
-108
-86
-25
-9
52
11
21
-24
-31
-44
-50
-29
-66
-14
-12
46
42
47
28
-41
-20
-70
-18
-9
-10
-9
-70
-26
-66
-36
19
-29
13
-19
-16
2
-14
2
-64
-25
-50
-34
63
65
78
18
-34
-96
-106
-60
-28
56
96
81
79
42
-12
-74
-117
-137
-153
-59
-3
94
124
88
60
-39
-38
-84
-24
31
34
74
45
49
-22
-60
-106
-132
-84
-32
64
132
158
100
16
-59
-117
-120
-73
-13
46
79
69
42
2
-57
-113
-111
-73
1
106
206
235
198
66
-69
-178
-230
-189
-126
35
90
151
129
54
-11
-148
-160
-178
-70
57
143
248
219
134
3
-155
-230
-231
-149
-25
74
171
164
134
86
-34
-101
-161
-168
-104
-21
84
101
117
31
-51
-77
-96
-23
20
111
73
107
66
3
41
-53
-33
-87
-51
-60
-53
14
-68
-40
-67
-30
28
119
130
79
64
-51
-46
-64
19
-2
44
21
-51
31
-45
1
-51
18
-19
40
83
41
71
-39
-46
-178
-64
-96
9
113
75
152
43
44
-65
-38
-21
-8
102
96
88
38
-14
-114
-152
-134
-102
-19
62
119
114
135
1
-81
-107
-107
-34
26
143
59
98
-41
-85
-86
-122
-51
-71
119
114
199
199
59
-57
-201
-271
-209
-67
109
199
222
152
-51
-92
-194
-155
-89
-5
92
197
293
238
104
-62
-308
-355
-248
-93
176
245
321
131
101
-82
-168
-136
-173
-47
17
212
174
199
6
-137
-253
-225
-162
50
254
243
272
67
30
-139
-89
-160
-89
29
54
161
145
138
-46
-106
-238
-200
-63
60
181
234
191
58
-49
-128
-186
-106
-7
65
174
192
166
73
12
-190
-190
-145
-45
87
171
214
93
74
-130
-183
-190
-226
-105
26
190
244
227
159
-47
-124
-201
-224
-76
11
125
185
218
145
40
-61
-180
-205
-96
-41
101
167
120
104
-16
13
-100
-105
-172
-192
-34
48
228
204
182
43
-74
-103
-128
-74
-55
63
124
225
164
70
-122
-257
-217
-227
49
72
213
208
129
97
-173
-125
-290
-166
-9
73
294
224
198
-10
-116
-204
-288
-114
-30
179
293
288
157
6
-116
-263
-197
-151
-35
37
135
92
124
56
-67
-113
-151
-22
-43
218
82
100
10
-91
61
11
212
1
82
22
-45
73
-54
-32
-149
-140
-82
41
200
141
44
-46
-186
-138
-63
-37
97
59
127
98
123
180
5
60
-152
-48
17
53
209
29
116
-119
-103
-152
-207
-25
-86
77
46
65
63
-3
7
-101
-107
-173
-149
0
203
317
288
163
-65
-100
-103
-14
21
-14
-78
-103
-10
27
-52
-150
-237
-277
-76
9
172
128
58
-48
-168
-93
-113
23
120
191
233
226
131
-30
-168
-213
-278
-173
-58
137
230
207
70
-202
-312
-548
-467
-357
-60
194
339
491
325
139
-36
-219
-190
-162
-42
136
185
307
111
61
-170
-319
-330
-204
-59
30
119
50
4
-167
-151
-297
-172
-207
-57
167
292
362
256
237
5
-39
-126
-51
2
85
72
20
2
-159
-245
-224
-184
-74
21
18
-23
-97
-94
-127
-52
10
57
150
184
119
162
12
8
-20
115
210
120
203
-88
0
-176
-230
-226
-256
-172
-211
67
81
102
72
-58
-79
-130
-123
-90
48
230
269
415
356
120
-22
-118
-167
-119
-62
39
72
78
-11
-129
-57
-276
-228
-226
-192
-154
-111
185
220
318
196
36
109
-2
24
69
29
59
-62
135
98
-2
-120
-233
14
89
210
130
-29
-151
-370
-268
-266
-266
-174
-227
160
160
324
282
164
207
-31
158
7
100
75
75
210
111
85
-30
-226
-268
-448
-312
-137
-48
270
93
208
-106
-49
-41
-77
39
-182
53
1
200
246
214
150
-102
-89
55
120
281
247
247
176
-30
-68
-325
-361
-530
-445
-138
139
263
312
200
-15
-138
-163
20
42
201
120
249
365
236
184
3
-134
-235
-98
172
190
195
54
-111
-84
-247
-225
-291
-116
-143
-9
279
106
108
-225
-247
-184
-51
228
291
422
324
88
86
2
-107
-97
-173
-110
-122
-13
-7
17
-47
-252
-274
-299
-181
-123
26
80
72
60
-51
-71
-149
-96
19
107
307
294
301
205
-18
-125
-335
-323
-197
-92
130
217
146
133
-35
-103
-192
-270
-250
-242
34
208
364
370
225
26
-42
-65
-71
61
106
247
261
325
201
16
-21
-150
31
257
392
394
275
102
-152
-215
-298
-209
-85
138
332
437
578
250
24
-278
-487
-392
-132
163
385
422
307
69
-253
-346
-690
-562
-428
-140
312
419
338
-115
-317
-489
-396
-188
-92
-112
-185
-258
-291
-302
-423
-656
-667
-328
-94
154
167
-42
-281
-314
-271
-164
-84
-254
-193
77
307
389
20
-210
-481
-510
-29
156
478
376
153
120
221
187
67
-33
-111
105
299
656
632
471
242
78
237
482
519
630
576
559
623
706
812
446
282
-58
22
214
394
570
474
305
58
101
248
272
108
-36
-78
-64
-11
152
-2
142
-227
-184
-65
-347
-352
-916
-727
-637
-350
-11
-19
-236
-688
-1041
-1147
-1018
-960
-841
-781
-804
-905
-802
-726
-458
-745
-762
-775
-771
-383
-420
-174
-478
-754
-832
-614
-104
-91
-243
-455
-587
-409
-245
41
-83
-342
-256
-24
732
897
830
451
277
481
747
1309
1182
1023
739
673
995
1096
1231
1076
824
886
789
984
958
482
404
284
656
936
1157
1230
1030
1070
998
1342
1386
1435
1197
1026
1225
1075
1326
1157
952
898
808
979
745
354
-234
-901
-1141
-1304
-1104
-939
-893
-1020
-1342
-1481
-1991
-2051
-2185
-1981
-1687
-1507
-910
-939
-814
-1275
-1832
-1933
-2225
-1849
-1507
-1282
-900
-1128
-952
-1139
-1622
-2043
-2538
-2193
-1794
-949
-594
-481
-1075
-1726
-1866
-2145
-1679
-1851
-1497
-923
-592
-213
-211
-153
-135
-166
218
841
1292
1714
1784
1977
2086
1965
1675
1801
1911
2076
2503
2894
3439
3408
3196
2757
2430
2144
2098
2192
2525
2718
2544
2716
2574
2540
2290
2044
2067
2207
2546
2846
3014
3000
2771
2478
2194
1769
1240
742
378
-110
-332
-818
-1105
-1665
-2182
-2333
-2587
-2150
-2281
-2095
-2146
-2373
-2447
-2817
-2746
-2892
-2939
-2889
-2778
-2632
-2431
-2441
-2633
-2716
-2745
-2645
-2234
-2215
-2158
-2422
-2780
-2560
-2908
-2391
-2575
-2818
-2527
-2610
-1964
-1718
-1498
-1541
-1675
-1453
-1131
-628
-215
140
293
755
1195
1235
1520
1005
814
1158
1735
2627
2659
2802
2377
1966
1532
1084
1051
947
806
546
877
1047
892
609
324
289
301
352
681
996
1420
1326
1282
1494
1239
1332
1029
1041
1085
1141
1738
2187
2712
2646
2139
1841
1902
2285
2969
3561
3404
3135
2627
2231
2234
1807
1626
1374
1310
1741
1958
2170
1920
1149
881
711
805
894
721
740
534
669
331
134
-534
-1628
-2218
-2831
-2543
-2476
-2584
-2928
-3766
-4323
-4857
-4918
-4576
-4429
-4290
-4407
-4270
-4285
-4375
-4298
-4285
-3604
-3536
-3423
-3321
-3323
-2949
-3157
-2818
-2784
-3008
-2912
-3100
-2036
-1324
-789
-350
-423
510
530
933
1069
1450
2848
3702
4759
4560
4074
3103
2023
1803
1606
1888
1448
990
1060
1036
1251
545
-1
-228
-564
-143
76
1096
1713
1768
2088
1840
2132
1641
1400
1567
1684
2244
1860
1709
1030
242
-245
-238
710
1208
1683
1670
1642
2061
2226
2461
2533
2190
2396
2378
2994
3420
3047
3247
2530
2545
2232
1949
1960
1535
1736
1434
1589
1279
625
215
-304
-194
-260
-319
-410
-1293
-1784
-2566
-2926
-2773
-3125
-2864
-3320
-3451
-3929
-4390
-4049
-4298
-3994
-4307
-4355
-4043
-4298
-3975
-4010
-3468
-3355
-4060
-4037
-4388
-3593
-3742
-3837
-3903
-4485
-3923
-4482
-3225
-2536
-1760
-743
-382
1080
1339
1838
2027
2702
3825
4326
4806
4559
4056
3695
2827
2845
2188
1874
1567
621
1210
414
667
70
-330
-275
-639
3
-75
956
1278
1891
2242
2371
2760
2639
2842
2761
2781
2933
2504
1967
1267
600
633
650
1128
1044
1274
1320
1493
2328
2496
2456
2134
2009
2278
2815
3061
3314
3071
2951
2779
2562
2495
1954
1391
1352
1478
1509
1530
776
275
-378
-666
-882
-1045
-1391
-2095
-2589
-3166
-3278
-3763
-3701
-4080
-4273
-4295
-4380
-3919
-4109
-3947
-4353
-4557
-4729
-4926
-4591
-4326
-3966
-4062
-3919
-3703
-3492
-3846
-4352
-4760
-5023
-4813
-4638
-4202
-3666
-3285
-3195
-2492
-1604
-267
354
939
1992
3209
5082
5365
5483
4934
4503
4083
3801
4132
3791
3308
2214
1723
1283
849
-143
-1056
-1165
-1045
-621
-366
105
362
411
666
1105
1703
2291
2601
3096
3588
4050
3964
3580
3018
2245
1643
1373
1757
2110
2669
2888
2671
2430
2508
2565
2444
2210
2187
2403
2879
3144
3128
3382
2769
2483
2076
2334
2448
2039
2064
1788
2037
1783
1384
728
317
-302
-720
-624
-836
-1365
-2426
-3392
-4135
-4316
-4628
-4541
-4803
-4654
-4680
-4755
-4357
-5082
-5066
-5474
-5281
-4882
-4681
-3935
-3993
-3572
-3295
-3188
-3222
-4080
-4989
-5337
-5159
-5230
-5252
-4618
-4632
-4529
-4669
-4238
-3142
-3188
-1988
-1026
740
2540
3140
4948
5694
5806
5383
4948
5110
4540
4319
3962
3964
3648
2676
2096
745
187
-1104
-1514
-1127
-1364
-733
-1076
-412
-158
246
852
1074
1930
2287
2971
3583
4031
4335
4282
3793
3305
2607
2369
2010
1993
2031
2257
2756
2855
3407
2957
2720
1796
1462
1798
2185
3018
2998
3470
3530
3570
3323
2947
2683
2112
2107
2315
2758
2954
2491
1883
1248
792
218
-277
-840
-1446
-1797
-2306
-2550
-3286
-3947
-4711
-5456
-5250
-5050
-4782
-4642
-4877
-4920
-5103
-4923
-4349
-4370
-4402
-4574
-4152
-3521
-3267
-3817
-4333
-4408
-4812
-4511
-4936
-4799
-5246
-6483
-6440
-7028
-6607
-5974
-5101
-3511
-2470
-986
-54
1144
2409
3723
4935
5634
5970
5788
6402
6756
6479
5852
4776
3626
2929
2092
1644
753
95
-586
-1416
-1212
-1808
-1639
-1707
-944
-117
723
1989
2220
2631
2850
3595
4341
5054
5322
5148
4661
4185
3658
3678
3813
3466
2959
2685
2519
1965
2172
1586
1098
762
301
958
1513
1976
2358
2010
2534
2476
2422
2899
2469
2694
2899
3311
3284
3132
2429
1600
1085
502
303
-38
-743
-1541
-2515
-3287
-3821
-4728
-4561
-5123
-4993
-4951
-5182
-5052
-5453
-4806
-5036
-4191
-3314
-3310
-2826
-3496
-3682
-3862
-4187
-3951
-4392
-4027
-4141
-4494
-4966
-6015
-7056
-8295
-8078
-8042
-7316
-6608
-7433
-6745
-6136
-4454
-2391
-1388
1377
2715
5827
8023
8414
8742
6978
6858
6517
7769
7744
6687
5921
4234
3344
1937
498
-1307
-2842
-2891
-2309
-1257
-404
-965
-877
-1037
-179
532
1777
3397
4051
5582
6215
7263
7137
6380
5513
4562
4221
3431
3010
2890
2297
1521
328
290
553
113
173
-156
205
419
839
1417
2303
2751
2734
3021
3604
4219
3881
3784
3766
3636
3501
3434
2859
2620
1738
792
590
61
-385
-1237
-1975
-2357
-2885
-2914
-3190
-3797
-4094
-4843
-5055
-5206
-5030
-4712
-4151
-3532
-3280
-2996
-2804
-3080
-3842
-4429
-4418
-4045
-3884
-4130
-4993
-5241
-5896
-6138
-7232
-7840
-8497
-9196
-8841
-9446
-8762
-8732
-8488
-8343
-8127
-7303
-5751
-3472
-472
2639
6304
10685
12572
12208
10576
9021
7715
7274
7008
8091
7973
7005
5100
3028
1856
-1175
-3404
-4980
-4360
-3436
-2396
-1307
-625
-83
-421
-248
785
2134
3615
5333
7715
9675
9874
9465
7390
6410
4766
3655
3189
2503
2252
110
-1618
-3589
-4429
-5107
-4724
-3166
-1624
-309
463
1746
2769
3144
3394
4049
5000
6381
6847
7539
7327
6718
5495
4029
3386
2076
1597
898
967
819
-15
-864
-1954
-2619
-3502
-3696
-3473
-2879
-2479
-2335
-2097
-1938
-2067
-2568
-2838
-2833
-2296
-2303
-2178
-2065
-2125
-2031
-2867
-3308
-3819
-4679
-5375
-5934
-5868
-6261
-7135
-8001
-8642
-8495
-8531
-8045
-7905
-8627
-9155
-9746
-9284
-8590
-7453
-6561
-6053
-4523
-3280
-1614
341
3066
7125
11025
14110
12798
10820
9261
7054
6546
5382
6198
5244
4162
3292
1429
1051
-1788
-4006
-5268
-4470
-3467
-2871
-995
439
1842
2368
2595
3014
3709
4505
5648
7806
10080
10059
9106
7308
5390
3617
1654
997
18
-601
-2211
-3716
-3949
-4694
-4789
-4470
-3330
-2085
-750
1349
2979
4645
5161
5815
6551
7026
7371
6831
7385
6790
6080
5155
3792
2857
1337
270
-318
-657
-812
-1248
-1915
-2098
-2961
-3045
-2981
-2675
-2176
-1901
-1141
-752
-342
-1031
-1551
-2386
-2209
-1730
-1586
-846
-1441
-1639
-2779
-4080
-4798
-6106
-6088
-6069
-6244
-5866
-6246
-6692
-7830
-9415
-9690
-9258
-8423
-7832
-7860
-8080
-8116
-8223
-7623
-6246
-6354
-5544
-4922
-3332
450
3263
8940
13379
14707
12330
8500
7435
5648
4778
4556
5967
6198
5130
3638
1218
-238
-3850
-6168
-6009
-4312
-2428
-2009
-576
1089
2064
2549
2403
2887
3775
4744
6705
9371
11418
11040
9209
6324
3789
2079
729
751
198
-369
-2271
-4715
-5511
-6375
-6036
-5033
-3421
-1476
148
1819
3306
5027
5404
6043
6560
7061
7932
7764
8657
7894
6898
5546
3479
2346
716
89
-771
-461
-382
-467
-781
-2029
-2432
-3205
-2218
-1487
-654
548
336
592
-176
-559
-902
-2239
-2432
-3139
-2533
-1554
-1227
-1429
-3307
-4670
-6349
-6759
-7367
-7576
-7257
-7298
-6766
-7918
-7057
-6959
-8012
-8364
-9892
-8503
-8511
-9259
-8707
-9162
-7836
-8812
-8270
-6060
-5094
-3364
-2375
2320
9513
15309
14730
10760
9230
6932
5865
5027
6571
7951
6006
5884
4250
4529
1663
-4617
-6675
-6486
-3404
-2907
-1483
480
1130
2113
1423
2391
3127
3262
3766
6110
10671
12166
11219
9351
6511
4616
2188
1254
671
334
-922
-4017
-4704
-5234
-5649
-6495
-5994
-3815
-2397
-84
1875
3694
5313
5409
6256
7266
8597
9038
8631
8899
8057
7217
5600
4323
2765
1431
685
-88
218
-225
-968
-1977
-2700
-2740
-2609
-1919
-1148
-727
14
153
-76
-356
-1518
-2562
-3438
-3695
-3051
-2760
-1871
-1758
-3042
-4573
-7250
-8481
-8536
-7847
-6610
-6432
-6225
-6613
-7711
-8924
-10147
-10336
-10022
-8708
-7074
-5709
-6010
-8018
-9708
-11714
-10351
-8688
-6805
-3944
-1907
1675
5016
10937
15313
12682
9019
6534
6382
7842
8082
9669
9145
7952
6052
3345
2279
-1486
-5253
-6748
-4262
-1508
-724
-508
-1079
-451
231
1168
2848
4056
5109
5569
7975
11089
11272
10471
7528
5179
3206
2269
2201
1297
752
-2069
-4971
-6833
-7461
-7511
-7302
-5816
-3853
-1982
293
2260
4091
5347
6306
7717
9080
10711
10771
10693
9809
8647
7505
5787
4781
2938
1557
584
-196
43
-420
-1219
-2073
-2752
-2445
-2087
-1161
-534
-397
-339
-604
-672
-757
-1265
-1623
-2183
-2557
-2874
-3302
-3112
-4324
-5614
-6703
-7503
-8322
-8792
-8789
-8861
-8426
-8594
-8896
-9360
-9266
-9407
-9638
-8295
-6997
-7262
-7297
-9101
-10474
-10706
-10871
-8736
-6926
-3967
-2208
-732
4877
12119
15817
13397
9512
8698
8377
7732
7963
9518
9311
7245
6200
5057
4651
-591
-5753
-6895
-4810
-2385
-2964
-1809
-1118
-384
246
797
2019
2828
3017
4434
7889
11841
12191
10636
8610
5595
3844
2090
1737
1002
328
-2369
-5507
-6670
-7517
-8159
-8375
-6551
-4475
-2246
40
2086
4285
6024
6676
8042
9432
10767
11094
11393
11774
10554
9133
6628
4872
3166
1950
1353
815
1101
112
-1082
-2044
-2944
-2985
-2968
-1877
-817
-75
183
-244
-277
-901
-1362
-2000
-1999
-1811
-2294
-2545
-3239
-3852
-4886
-6436
-7674
-9216
-9066
-8855
-8345
-7464
-7993
-8589
-10005
-10252
-10598
-10856
-9894
-9352
-8935
-8546
-8980
-9228
-9420
-9255
-8897
-6949
-4463
-2277
1457
6388
14466
17068
14969
10726
8408
8422
6105
6970
8540
9116
7662
5887
4775
3023
-1585
-6268
-7640
-5212
-3360
-3179
-2146
-791
514
330
979
742
2010
2704
4766
9127
12569
13476
10908
8231
5336
3106
1838
1053
373
63
-2616
-5239
-7407
-8314
-9042
-8944
-6874
-4464
-1419
247
2556
4463
6975
8027
8830
10114
10795
11842
12405
12690
12187
10257
7598
5274
3439
2414
945
766
239
70
-906
-2470
-3455
-4384
-3835
-3578
-2447
-1467
-941
-536
-601
-836
-1395
-1812
-1888
-2306
-2182
-2524
-2493
-2782
-3976
-5288
-7783
-8881
-10107
-10010
-9702
-9946
-9546
-10093
-10474
-11989
-12929
-13094
-12867
-11349
-9795
-7465
-5968
-5991
-7255
-8705
-7969
-6967
-5501
-2261
1904
7688
14593
19362
17802
12508
9028
6301
5645
5817
7425
8470
7655
7307
4671
3407
-974
-6583
-8558
-7467
-4092
-2213
-260
724
1263
1901
1566
1369
2133
3379
5526
9145
13214
14008
12490
9366
5383
2781
710
227
-82
-136
-1305
-4277
-6517
-8113
-9240
-9048
-7750
-4389
-1398
1221
3728
5808
8033
8730
9915
10617
11830
12534
12963
13009
12332
10042
6811
4449
2206
693
-1012
-1313
-1715
-1273
-2283
-3484
-4778
-5495
-5078
-5052
-2689
-1860
-756
-551
-697
-689
-1440
-1621
-2373
-2281
-1677
-1660
-2131
-3039
-4053
-5679
-7116
-8411
-9969
-10069
-10639
-10805
-11871
-12884
-13693
-14055
-13017
-12332
-10734
-9605
-8584
-8008
-7818
-8637
-9414
-9585
-8209
-5248
-613
3189
7334
14622
19221
17832
12306
10018
8051
7127
7080
8709
10687
9438
7664
4018
3014
-1150
-6429
-8628
-7040
-3780
-2891
-1140
-565
578
682
83
860
2540
4532
6548
10451
14146
14911
13342
10228
6760
4234
2627
1514
988
858
-1085
-4513
-7228
-9060
-10424
-10132
-8450
-4968
-1831
633
2633
3900
5660
6180
7711
9363
11448
12782
13507
13689
12414
10534
7014
4724
2406
1374
362
-554
-963
-1799
-2742
-4573
-5592
-6394
-5964
-5347
-3154
-1779
-636
-77
-948
-978
-2168
-1709
-1817
-961
-344
-671
-483
-1135
-2598
-5365
-7091
-8709
-9052
-9520
-10087
-10177
-11648
-13197
-15032
-15711
-14537
-14061
-12291
-9915
-8993
-8128
-9087
-9780
-9576
-10003
-8892
-6118
-1748
2562
5971
13693
20966
20640
14653
10536
9175
8428
7641
7837
10795
9522
8215
4603
3019
787
-6389
-9260
-8827
-4290
-3468
-2624
-1592
-55
1320
748
1593
2440
4927
6059
9454
13958
16193
15133
12076
8494
5727
3759
2127
925
308
-491
-4231
-6846
-8869
-10137
-10902
-10302
-6880
-3582
-650
1385
2828
5215
6985
8217
9653
11383
12728
13533
13891
13122
11702
8278
6189
3658
2670
1879
-158
-983
-2808
-3152
-4552
-5397
-6323
-6495
-5590
-3766
-2039
-1003
-127
-970
-669
-1514
-829
-529
-495
-223
-575
-307
-1398
-2783
-4832
-6390
-8624
-8932
-9472
-10221
-10114
-11613
-12166
-13891
-14834
-14393
-13548
-11465
-10288
-10611
-10528
-10968
-11174
-10406
-10330
-8746
-6306
-3050
434
3974
11124
18996
20516
16112
12217
10319
9201
7995
8344
10243
9343
7929
5175
3414
1741
-4575
-8515
-8567
-5342
-4182
-4096
-2938
-1936
94
710
1579
2251
3695
4538
7485
13262
16789
16897
14634
11373
8464
6218
4213
2708
1625
641
-3222
-6076
-7891
-9407
-10896
-11448
-9343
-6443
-2563
-663
1400
3705
5919
7838
8856
10617
11677
12300
13065
13125
12749
10307
7179
4603
2692
1929
209
-1128
-2712
-3605
-4556
-5624
-6010
-6504
-6124
-5049
-3658
-2448
-2020
-1625
-1356
-1424
-758
-844
76
61
122
304
-207
-1087
-3696
-5754
-7784
-8343
-8439
-8463
-9003
-10701
-13099
-14817
-15103
-14610
-13912
-13021
-12410
-11730
-10656
-10703
-10757
-11693
-10877
-9421
-6054
-1338
1389
7397
15450
21641
20680
15219
12379
9333
7938
7977
9897
11857
9588
6788
3480
2440
-1896
-7819
-9594
-8585
-5809
-5275
-3770
-2063
-751
-44
-341
768
3189
4468
6918
11624
16588
18509
17419
15280
11519
9033
6213
4685
3768
2576
-423
-5102
-7674
-9882
-11362
-12338
-11687
-8926
-5803
-2769
-522
2366
4510
5501
7171
8447
10945
12252
13181
13707
13230
11879
8350
5637
3538
2183
1330
466
-989
-2259
-4105
-6053
-7543
-7775
-7665
-7075
-5232
-4100
-2928
-2431
-1865
-1892
-1234
-752
-247
972
1452
1468
757
-391
-2027
-3857
-5425
-6622
-7413
-7597
-8928
-10664
-12585
-15066
-16315
-16068
-15765
-13939
-12921
-12954
-12718
-12466
-12398
-13681
-12429
-9737
-5779
-1603
3050
9169
17568
22855
19947
16026
13135
10368
8587
9425
11703
12172
9678
6182
2702
816
-3774
-9609
-10395
-8180
-6132
-5474
-3630
-2777
-1909
-1163
-839
846
3130
5498
8246
13543
18120
18822
17645
15153
12189
9695
7514
6057
4660
3338
-500
-5209
-8781
-11311
-12738
-13305
-11492
-8628
-5648
-3343
-1153
1200
3411
5350
7029
8898
11172
12795
14017
14610
13756
11754
8458
5891
3898
2889
2529
1411
358
-958
-3441
-6290
-8346
-9263
-9023
-7723
-5923
-4214
-2783
-2796
-3370
-3371
-2672
-1366
186
1807
2331
2621
2233
694
-531
-2760
-5142
-6910
-7821
-8373
-9274
-9905
-12044
-14146
-15565
-16839
-16943
-16659
-16355
-15703
-13726
-12524
-13259
-12984
-11679
-9149
-6211
-3080
3239
13913
23425
23595
19340
16462
13167
10438
9138
10694
12420
11467
9416
6465
5483
462
-8271
-12563
-11995
-9061
-8060
-6001
-4158
-2098
-823
-1494
-1054
-203
1357
3521
9555
16990
20737
20848
18391
14685
11836
8901
7252
6594
6058
4041
-825
-4421
-8146
-11550
-14250
-14882
-12906
-9317
-5661
-3142
-304
1966
4141
5346
6530
8948
10476
12519
14453
15157
15301
12276
8827
5596
3743
3232
2342
2150
1184
-692
-3760
-6375
-8714
-9904
-10370
-9723
-7693
-5655
-3756
-3077
-3143
-3323
-3206
-2427
-171
1377
3150
3954
3923
3601
1055
-1530
-4834
-7157
-8268
-8947
-9049
-9384
-10311
-11995
-13925
-15143
-15076
-15847
-16579
-17016
-16230
-14143
-13238
-12487
-11112
-8803
-6381
-3030
4144
15850
22409
20424
17150
15020
14155
11314
10108
11802
12237
11426
9083
6843
4719
-1862
-9424
-12012
-10872
-9271
-8967
-7340
-5236
-3104
-2110
-2275
-1841
-783
848
3820
10453
16730
19351
19385
17126
14624
12860
10867
9524
8083
7177
3878
-483
-3985
-7973
-11185
-13828
-13484
-11879
-8861
-6300
-3891
-915
1213
3160
4716
6760
9041
11231
13351
15288
15195
13908
10900
8328
5907
4320
3537
2714
2545
791
-877
-3987
-6353
-8528
-10142
-10473
-9968
-7723
-6072
-4162
-3676
-3856
-3845
-3841
-2322
-652
1201
2699
3440
4181
3417
1399
-1151
-2934
-5266
-7118
-7944
-9412
-9672
-10663
-11417
-12337
-13178
-13738
-16044
-16189
-15812
-16388
-15584
-14875
-13707
-12921
-11005
-7744
-4440
2759
13108
21309
21086
17199
14419
12898
12204
10812
12747
13257
11951
9671
6746
5811
-185
-7507
-11437
-11026
-9107
-9030
-7314
-5571
-3016
-1993
-2282
-2053
-1299
290
2683
9519
16221
19239
19634
17705
15177
12778
10980
9683
8580
8398
5537
1030
-2292
-6083
-9714
-13079
-13587
-12284
-9767
-6964
-4992
-2179
260
2608
4269
6431
8769
10350
12613
14085
15012
13959
11157
8359
5883
5262
4125
3462
2474
839
-852
-3682
-5754
-7740
-9236
-9809
-9083
-7361
-5517
-4441
-4195
-5081
-5197
-3940
-2270
15
1762
3411
4085
4199
2629
569
-1256
-3597
-5551
-6540
-6047
-7237
-9264
-11020
-12998
-13861
-14905
-15794
-15880
-15849
-15050
-13886
-12055
-11435
-12902
-14057
-13764
-11406
-6673
-866
8047
19464
24098
20331
15513
13008
10743
8543
8480
11426
12342
11431
8519
5797
4314
-3473
-10613
-12816
-10697
-9246
-8356
-5245
-2858
-485
-1041
-2510
-2706
-1080
1037
5083
12873
18587
19703
18376
15714
12868
10632
9118
7843
7494
7190
3604
-610
-3796
-7295
-11144
-13396
-12863
-10547
-7783
-5044
-2523
443
2462
2984
4326
6772
9560
11882
14379
15645
15488
12705
9490
6776
4966
4679
3578
3032
1959
917
-1519
-4409
-7251
-9266
-10047
-10034
-8200
-6653
-4739
-4659
-4994
-4822
-4251
-2949
-1885
203
1845
3504
4556
4244
2708
-418
-3427
-5508
-6426
-7417
-8582
-9775
-11477
-12509
-13591
-14036
-14039
-14968
-15328
-15240
-14092
-13332
-14397
-13885
-12948
-11309
-8263
-4718
2669
13462
21335
20647
16830
14023
11521
9645
8961
11800
12946
12689
10418
7094
5843
-523
-7752
-11283
-10211
-8548
-8417
-6350
-4847
-3166
-2984
-3673
-3884
-2728
-995
1912
8476
15009
18159
18262
16487
13626
11651
10400
10067
9691
9775
7390
2798
-1012
-4670
-7821
-11188
-11519
-10072
-7910
-5748
-4515
-2482
10
1372
1883
3686
6184
9085
11797
14260
15749
14497
11602
8482
6398
5834
5465
5033
4537
3558
1220
-1820
-5413
-7993
-9751
-10538
-9637
-8765
-7019
-6986
-6640
-6579
-6277
-5113
-4277
-1963
-624
1506
3007
4290
4629
2476
-272
-3309
-5504
-7116
-8462
-9669
-10516
-10922
-11659
-12879
-14492
-17427
-18559
-18561
-16415
-13914
-13443
-11488
-10840
-7758
-5323
-2780
4969
13574
19429
18166
16326
15058
12690
10603
9851
11846
11552
9993
7490
6393
4757
-1664
-7222
-10129
-10025
-10065
-10002
-7523
-5211
-2810
-2157
-2718
-2352
-2089
-1439
1995
8654
14921
17778
17902
16361
14099
11956
10167
9106
8636
8377
5587
2673
213
-3022
-6163
-9179
-8770
-8153
-6994
-5971
-4695
-1366
788
2051
2614
3978
5088
7085
9399
12239
13901
13059
11645
9347
8452
6987
5585
4693
4202
3265
1382
-1070
-4231
-6687
-9132
-10253
-10070
-9079
-8465
-8272
-7493
-6971
-6474
-5535
-4728
-3377
-1699
48
2105
3165
3116
1524
-244
-1525
-3539
-6332
-8719
-10548
-11258
-11493
-12390
-13560
-15099
-17029
-17655
-16924
-16979
-17241
-16684
-12942
-9349
-5775
-2435
3755
14370
19542
18371
14881
13789
11737
9711
10735
13359
13751
11524
9314
7594
6341
-649
-8010
-10484
-9041
-8891
-9025
-7338
-5709
-4302
-4063
-3747
-3847
-2445
-2156
719
7089
13129
15963
15963
15739
13819
12043
10635
9629
9198
9121
6965
3963
1670
-1402
-5366
-8348
-9157
-7626
-6089
-4620
-3094
-1879
354
889
1787
3254
5272
6980
8941
11132
12619
12366
10517
9275
7689
7588
6598
5949
5390
4693
3455
1020
-1685
-4653
-7039
-8958
-9270
-9854
-8879
-8511
-8145
-7491
-7385
-6412
-6390
-5528
-4098
-1826
1069
3120
2924
1737
-151
-1926
-3103
-5229
-7368
-9375
-10428
-10409
-10614
-11227
-11869
-14342
-16099
-16258
-16477
-16349
-16796
-15091
-11517
-7772
-3824
-1132
3810
12359
17928
17342
15005
13702
12279
10816
10186
11845
11867
10367
8113
5419
4562
-954
-7503
-10221
-9621
-8512
-8564
-7181
-5677
-4014
-3004
-2723
-2239
-745
563
2622
7820
13095
15063
15143
14235
12439
10896
9585
8600
7516
7151
5249
2202
-58
-2608
-5503
-7963
-7851
-6206
-4745
-3628
-2199
-53
1241
1889
2254
3577
5886
7454
9480
11560
12392
10904
9108
7998
7157
6584
6013
5795
4917
4232
2740
478
-1651
-4004
-6602
-7673
-7695
-7948
-7787
-7802
-7464
-7173
-6186
-5077
-4881
-4235
-3346
-2222
57
1390
861
-640
-1412
-2154
-3392
-3635
-5528
-7625
-9575
-11389
-12119
-12104
-12164
-13350
-13220
-13812
-14533
-15294
-16997
-16090
-14528
-11244
-7451
-4293
1871
9908
18394
19770
15737
13455
11725
10519
8770
10369
12177
11482
10177
6848
5143
676
-6322
-10524
-10187
-7688
-8101
-7214
-5842
-4433
-2719
-2627
-1938
-1407
385
2581
6726
13660
16386
16477
15420
13488
11482
9359
8716
7226
6898
5890
2877
-339
-3499
-6185
-9021
-8755
-6956
-5700
-4272
-3214
-1490
313
1616
3274
4372
6799
8866
10171
12325
12768
11681
9512
8247
6883
5792
5551
4913
4282
3536
2461
383
-2245
-4609
-7020
-8126
-7355
-7423
-6789
-6677
-6680
-6657
-6555
-4923
-4492
-3501
-2750
-2092
-206
1143
1831
1065
-575
-1857
-4204
-5362
-6621
-8582
-9729
-10719
-11109
-11575
-11263
-13582
-14458
-15118
-15761
-14475
-15879
-14987
-13885
-11722
-7994
-5857
-144
9341
17335
19092
15220
13603
12710
10962
9967
10749
12458
10606
9203
7023
6492
2391
-5551
-9767
-10617
-8384
-9084
-8100
-5928
-4418
-2532
-2530
-2002
-1103
-259
2340
6923
13541
17121
16926
16421
14498
12978
10810
9652
7958
6953
5480
1856
-816
-3575
-6149
-9193
-10108
-8972
-6748
-4533
-2836
-1472
121
1107
2389
3878
5962
8411
9934
12308
12816
12869
10500
8178
6682
5296
5240
4380
3848
2994
2142
266
-1967
-4653
-6742
-8533
-8716
-7533
-6808
-5816
-5688
-5666
-5636
-5089
-4300
-2794
-1705
-488
576
1524
1998
894
-658
-2920
-4586
-5801
-6339
-7060
-8805
-10880
-12085
-13171
-13431
-14192
-15269
-14253
-13834
-13750
-13709
-14385
-14496
-13467
-11132
-5983
-828
8528
18023
19576
17362
14145
12493
10654
9053
9488
11906
12189
11429
9367
7392
3942
-4538
-9820
-11178
-9949
-9153
-7665
-5327
-2905
-1757
-2322
-3139
-2880
-901
864
6300
12828
16954
17568
16838
15010
12780
10943
9282
8091
7271
6811
3597
556
-2453
-6117
-9426
-10790
-9758
-7882
-6005
-4325
-2712
-939
201
886
2632
4697
7364
9373
12088
13821
13507
11484
8976
7191
5707
5016
4071
4248
3475
2576
738
-2139
-4552
-7664
-9231
-8959
-7732
-6474
-5917
-5662
-5415
-5492
-4678
-4205
-3371
-1469
-27
1170
2300
2859
1523
-515
-3187
-4806
-5981
-6804
-7796
-10001
-10678
-11861
-12608
-12614
-13572
-15223
-16480
-16890
-17036
-16307
-14776
-13114
-11027
-7756
-3315
4006
13984
19673
17778
15093
13416
12180
10783
10674
12151
11836
11440
9513
7673
4799
-1722
-8478
-11095
-9802
-9383
-9168
-8061
-6685
-4990
-3724
-3329
-2896
-1887
-239
2916
9642
15950
18025
17425
16017
14404
12544
11845
10571
9781
9039
6213
2443
-1123
-4365
-8612
-11372
-11062
-9552
-7418
-4844
-2928
-1551
-96
347
1265
3993
6148
8822
11410
13465
14573
12867
10959
7971
5690
5134
4677
4739
4528
3803
1801
-496
-3737
-6736
-8707
-9791
-9091
-8102
-6209
-5303
-5321
-5112
-5824
-5426
-4592
-3795
-1404
1434
4061
5151
4391
2418
-664
-3039
-5068
-7013
-8198
-9039
-10231
-10603
-11144
-12582
-13499
-15421
-16196
-16250
-16138
-15040
-15340
-14158
-11985
-10250
-6854
-3468
2602
12387
19020
19571
16888
14650
12919
10710
10011
11359
11306
10475
9346
7118
5040
-994
-8282
-11878
-11878
-10415
-10182
-8509
-6419
-4769
-2953
-2338
-2058
-1288
237
3322
9278
15714
18629
18533
17281
15279
13018
11318
9979
8719
8032
6110
2575
-846
-4224
-8215
-11612
-12024
-10719
-8865
-5849
-3095
-998
229
583
1430
2937
5371
7572
10018
12859
13806
13034
11215
8652
5962
4151
3127
3106
3173
3425
2637
346
-1898
-5385
-7953
-9517
-9700
-8614
-7234
-5634
-4924
-4174
-3941
-3987
-4310
-3644
-2192
45
3057
4414
4677
3304
973
-1551
-4254
-6213
-8055
-9477
-10209
-11426
-11758
-11480
-11778
-12677
-14949
-16193
-16922
-16554
-15817
-15331
-12640
-9760
-6266
-3192
1206
8785
16400
18771
15974
15116
14184
12616
10674
10853
12620
10852
9054
5891
3863
763
-6177
-10654
-11580
-9866
-10070
-10225
-8005
-5934
-3991
-2690
-1612
-273
1252
3091
7052
13304
17569
18377
17726
16450
15105
12903
11025
9161
7654
6314
2420
-940
-3818
-6778
-9662
-11548
-10663
-9031
-6799
-4846
-2897
-925
666
2137
3435
5768
7751
9781
11425
12502
12647
10725
8668
6541
5475
4924
4739
4263
2995
2057
39
-2211
-4460
-6584
-8207
-8819
-8018
-7273
-6448
-5602
-5179
-4657
-4429
-4053
-3588
-2128
404
2653
4788
5157
4075
1557
-1056
-2999
-5110
-6780
-8822
-9619
-10458
-10953
-10929
-12052
-12199
-13864
-15115
-15371
-16061
-15433
-16043
-14904
-12552
-9742
-6115
-3965
285
8383
17605
19980
17390
15117
12735
11225
9153
10206
11401
9784
7533
3896
3270
374
-6381
-11012
-12154
-10123
-9947
-9003
-6800
-4533
-2063
-1304
-267
600
1988
3306
7026
13260
17250
18790
17724
16321
14576
12456
10648
8306
7368
5663
2129
-1196
-3949
-6225
-9448
-11387
-11010
-9771
-7751
-5709
-3495
-825
2267
4095
5590
7493
8791
10078
10848
11956
12085
10776
9038
6697
5565
5083
4128
2847
1542
265
-1409
-2975
-4609
-6003
-7050
-7168
-6692
-6138
-5146
-5615
-5405
-4826
-4296
-2852
-1845
-54
1347
2925
4273
3905
2561
786
-1672
-4125
-5805
-7810
-9389
-11090
-12476
-12969
-13433
-13287
-14160
-15850
-15934
-16423
-15832
-14790
-15104
-13238
-10878
-7420
-3643
1103
10313
17990
19333
16434
13450
11880
10415
8631
9616
11668
10697
8523
5498
3758
12
-7122
-11144
-11932
-10302
-9582
-9021
-6514
-4120
-2432
-1788
-1128
-95
1576
3620
8300
14356
18093
19003
17740
16468
14563
12586
11125
9518
8130
5920
2231
-1161
-3932
-6985
-9946
-12033
-11394
-9421
-7622
-5675
-3718
-1379
755
2100
3577
5672
7372
9375
10816
12311
12702
10673
8468
6412
5708
5076
4884
4221
3233
1816
-681
-2740
-5337
-6720
-8247
-8355
-7073
-6304
-5190
-5081
-4799
-4814
-4345
-3197
-2039
-357
1584
3718
4609
4758
2957
268
-1325
-3613
-5124
-6798
-8250
-10124
-12623
-13110
-14568
-14715
-13821
-14529
-14624
-15102
-15703
-16249
-15927
-14042
-11829
-8363
-4715
-525
7661
18397
22311
18313
15162
12037
10470
9264
8979
11582
10913
10103
6646
4479
2038
-6232
-11828
-13099
-10620
-9719
-8980
-7121
-5396
-3232
-2476
-1678
-690
1050
2343
5721
12874
17859
19375
18902
16804
14937
12604
11643
10452
9086
7852
3896
430
-2668
-6047
-10412
-13543
-13402
-11482
-8648
-6015
-4253
-2595
-250
1661
3166
5547
7510
8958
11121
12985
14195
12743
10302
7336
5219
5089
4797
4267
3238
2298
178
-1645
-3748
-6115
-7911
-8752
-8123
-6986
-5209
-4515
-4465
-4652
-4282
-3583
-2189
-207
1409
3398
4359
4482
3361
1488
-610
-3157
-4454
-6165
-8794
-10506
-12077
-12818
-13124
-13383
-13625
-14883
-16605
-18652
-18622
-16481
-13878
-12465
-11058
-8399
-5647
-2183
3465
13940
21440
19597
15612
13630
13010
11413
8859
10350
11065
9973
6844
3019
2170
-2940
-9218
-12539
-11187
-10291
-11153
-10165
-7465
-3190
-1340
-670
-1114
171
2125
4283
10218
16718
19737
19656
17681
15757
14112
12437
10675
8414
8006
5178
815
-2466
-5208
-8311
-11769
-12440
-11648
-9671
-7317
-5576
-3778
-1445
1340
2978
5093
7338
8647
10568
12167
13474
12891
11122
8522
5680
5261
5068
4801
4029
2350
877
-1339
-2977
-4705
-7234
-7915
-8446
-7691
-5995
-4902
-4188
-4811
-4764
-4078
-2617
-399
1488
2583
3495
3870
3113
2262
263
-1514
-3148
-5742
-6860
-8808
-10422
-11368
-13284
-13480
-14104
-14412
-14362
-15605
-16136
-15886
-14972
-13070
-11332
-9952
-8270
-6194
-2775
2330
10715
19525
21108
17399
14552
12034
10233
8578
8240
9373
7828
6526
3798
1732
-861
-7624
-11493
-12096
-10722
-9962
-8516
-5259
-2156
207
1282
988
928
2246
3799
8157
14392
18591
19237
18438
16230
13869
11188
9287
7621
5925
5008
775
-2724
-5416
-7996
-11086
-13047
-12453
-10946
-8393
-5827
-3435
-1536
1452
3660
5652
8060
9752
11094
12365
13262
12881
11257
8793
6578
5014
4521
4302
3362
2027
458
-1287
-3105
-4740
-6443
-7535
-7429
-6545
-5210
-4259
-3826
-4440
-4336
-3071
-1057
1177
2315
2897
3144
3201
2872
2033
346
-1478
-3835
-6136
-7467
-9365
-11440
-13361
-15059
-14792
-14283
-13045
-13338
-14926
-15978
-16437
-14483
-13764
-12610
-11012
-8393
-6009
-3131
912
8210
17346
19957
17179
13690
12578
10509
8384
7719
9437
8349
6197
3442
1538
380
-5889
-9966
-11479
-8923
-8376
-7941
-5228
-2380
927
1936
2399
2140
2816
3825
7137
12999
18288
19565
18294
15916
13467
10714
8823
7137
5476
4503
829
-2608
-5912
-8133
-10989
-13216
-13257
-12064
-9354
-6129
-3308
-812
1336
2958
5163
6997
9115
10268
12354
13130
13809
12585
9755
7462
4347
4194
3098
3299
2506
776
-1062
-3178
-4443
-5765
-6369
-7182
-5950
-4508
-2951
-2529
-2618
-2985
-2879
-1383
1114
3065
3673
3719
2730
2863
1236
-379
-2520
-4584
-5240
-7063
-7871
-9319
-11916
-13672
-14618
-14896
-14331
-14513
-14741
-13783
-12615
-11060
-10850
-11389
-11358
-12003
-10112
-7328
-5060
-926
2886
10135
18945
20427
16059
10849
7961
6833
5357
6186
8069
6801
5532
3267
1389
-124
-6199
-10101
-9947
-6624
-4168
-2887
-191
1867
2609
2387
2290
1896
3974
5751
9626
15289
18588
18177
15268
12488
9707
7072
5479
4792
3323
2524
-1594
-5487
-8467
-11021
-13363
-14733
-12750
-10222
-6340
-2544
600
2198
3476
4209
6026
8943
11648
13154
14106
14267
13342
11066
8020
5692
2981
2829
2362
2390
1487
-184
-2157
-4463
-5089
-5666
-5363
-4601
-3600
-2302
-552
-36
396
-339
-348
175
1157
3030
3724
3961
2357
1312
-817
-2957
-5462
-7845
-8625
-9704
-9684
-10716
-11410
-12765
-14743
-14925
-14742
-13733
-12753
-11718
-9699
-8545
-8503
-8956
-9283
-8869
-8679
-7135
-5354
-3137
-895
1141
5677
11637
15752
13236
8940
6877
5188
4094
3238
4531
5666
4446
3591
2212
2094
-374
-4566
-5426
-3861
-993
-710
1115
2842
4618
5498
5158
5549
5249
6311
7007
10242
13996
14745
12667
9857
7080
4676
2172
703
-615
-1882
-3249
-6520
-8112
-9650
-10474
-11315
-9708
-6640
-4105
-858
1470
3759
5175
6735
8301
9649
11460
11917
12134
12058
10935
10339
8320
6463
3688
1272
221
-670
-843
-1163
-1147
-1771
-2162
-2575
-2508
-2434
-1722
-399
1336
2558
2877
1922
815
383
241
1409
1120
969
-673
-2494
-4291
-6592
-8055
-10003
-10574
-10998
-11207
-11089
-10967
-11507
-12406
-12838
-12636
-11765
-10960
-9520
-8271
-7555
-6954
-7747
-8433
-8353
-8897
-8315
-6712
-5091
-2606
-709
3096
9430
13211
12472
8404
6012
4844
3920
4168
6185
8058
7949
7332
5533
4863
1908
-1933
-3219
-2184
114
286
1124
2681
3996
4301
3777
3497
3476
4000
5348
8114
11033
12004
10302
7626
4653
2150
493
-344
-680
-1298
-2811
-5809
-7810
-8595
-8979
-9223
-8173
-5789
-3738
-664
2145
4779
6457
7232
7932
8601
9827
10349
11252
12075
12210
10986
8957
6137
3174
1030
-101
-94
-186
452
498
64
-469
-1110
-1378
-1051
-613
60
1482
2346
2877
2180
1119
111
-1459
-2041
-2702
-3268
-3472
-4483
-5118
-6364
-8506
-10181
-11246
-11662
-11256
-10906
-10443
-10109
-10240
-9970
-10191
-9699
-9433
-9755
-9453
-8185
-7482
-7608
-8722
-9835
-8687
-7996
-6694
-6087
-4293
-1019
2680
8727
12722
12383
9247
6954
5394
5907
7120
8397
9918
9900
10023
8019
5502
2061
-2153
-3599
-2690
-1120
153
1138
1727
2198
2179
2157
1532
1665
2837
4890
7775
10293
10988
9396
7136
4048
1978
818
358
-324
-1313
-2629
-4959
-6592
-7793
-8786
-9083
-7769
-5334
-2451
584
3537
4998
5731
6439
7295
8769
10526
11761
12331
12754
11801
9946
7233
4675
2065
625
392
663
931
678
102
-686
-760
-1631
-1846
-1758
-812
383
1628
2827
2448
963
-1300
-2793
-3211
-3120
-3354
-3725
-4272
-4630
-6494
-7999
-8851
-9375
-9616
-10030
-9333
-8749
-7955
-8933
-9406
-9661
-9489
-9063
-9073
-7536
-7107
-7179
-7432
-7936
-8168
-8509
-9014
-8884
-8799
-7095
-4746
-2245
867
3725
7521
10563
12026
10292
9177
8500
8497
9359
9791
11101
9748
8119
5899
3932
2372
-263
-2091
-2622
-1883
-1265
-823
-240
315
688
947
1476
2477
3385
5023
5980
7521
8293
7366
5841
3496
2609
1345
699
-345
-1503
-2887
-4723
-5840
-6633
-6331
-5682
-4689
-3393
-1465
830
3554
5300
6760
7553
8666
9576
10336
11259
10936
10656
8979
7963
6500
5513
3905
2271
1443
269
295
-416
-422
-995
-1269
-1279
-1128
-672
-399
-50
230
647
512
192
-1007
-2256
-3186
-3279
-3371
-3472
-4417
-5482
-6545
-7735
-7860
-8399
-8116
-7893
-7855
-7927
-8415
-8690
-8939
-9355
-9129
-8981
-8174
-7374
-7852
-7733
-7643
-7567
-7902
-8130
-9399
-9379
-8182
-6470
-3894
-2652
-1083
-72
1986
4824
7681
10425
11745
11272
10680
10460
9903
9072
7775
6860
5614
5085
3861
2847
1631
322
-588
-1585
-1141
-1650
-1462
-604
715
2423
3305
3614
2773
2095
1825
2003
3437
4886
5308
4295
2980
1908
831
306
-969
-1787
-2797
-3479
-3405
-2885
-1866
-1877
-1048
137
1060
2751
4967
6370
7819
8689
9447
10228
9956
8876
7609
7063
6396
6153
5166
4361
2141
342
-290
-487
322
-129
-89
-539
23
218
319
564
111
-441
-1103
-832
-1269
-1218
-1887
-2680
-2928
-3508
-4389
-5732
-6391
-6597
-7165
-7427
-7557
-7329
-7436
-8163
-8407
-9340
-9313
-9216
-8882
-8435
-7822
-6897
-6311
-5335
-5083
-4888
-5721
-6498
-6440
-6266
-5775
-6069
-6685
-5655
-4979
-3567
-2836
-1467
1453
2870
6176
8384
11378
11604
10256
8988
7389
7842
6527
6937
6494
6855
5916
4368
3494
1292
147
-1435
-1405
-821
-201
187
-172
-534
-239
-783
-710
-462
209
1454
2856
4434
4636
5213
4084
3340
2298
2146
1932
1011
1038
-153
-643
-1169
-1526
-1527
-591
1007
1900
2786
4375
5283
6408
6332
5922
5718
6156
6721
6007
6599
5434
4936
3549
2762
2186
1120
1046
160
937
1276
1569
869
428
-96
-383
-392
-219
-62
-87
-124
-1215
-1832
-3210
-4271
-5879
-6119
-6372
-6328
-6229
-7017
-7435
-8608
-9136
-9993
-9263
-7996
-6671
-5313
-4060
-3836
-4141
-4989
-5862
-5984
-5866
-4561
-4114
-2893
-2591
-3182
-4338
-5550
-7637
-9374
-8891
-7934
-6186
-4827
-3244
-1932
-88
1742
3835
5556
7630
8212
9214
11054
10842
10628
8905
8565
7271
6529
6014
4633
3597
2040
758
-749
-1520
-3040
-4002
-4115
-3323
-2493
-1301
-386
327
646
1552
2457
3064
5000
5031
6018
6027
6057
5893
4885
4473
2950
1932
613
-251
-850
-713
-483
-90
541
316
-173
53
355
1429
2359
3026
4498
4757
6109
6304
6174
5816
4678
4307
4055
3980
3338
3216
2565
2488
2096
1654
1156
434
18
-189
-227
-344
-594
-1608
-2192
-3530
-4111
-5013
-5695
-6335
-7115
-7277
-7558
-7340
-6743
-6039
-6012
-5213
-5310
-4105
-3259
-2363
-1286
-1674
-1313
-1716
-1831
-2319
-3106
-4190
-4304
-4362
-4568
-4970
-6019
-6703
-8391
-9818
-10130
-10549
-10069
-8532
-7850
-6202
-5065
-3458
-999
1272
4418
6207
8766
11166
11977
12686
12423
11355
9096
7288
6387
5207
4362
2948
1502
317
-936
-2511
-4285
-4750
-4946
-4639
-2850
-1241
95
873
1745
2483
3042
4143
4600
5657
6884
7619
8004
7671
7375
6025
4307
3162
1042
-143
-1327
-2086
-2846
-3499
-3391
-4510
-3470
-2725
-2004
-565
602
2190
3477
4696
5580
6013
6660
7147
7281
7248
6906
6556
5142
5282
3761
2963
2224
643
756
-497
-140
-1434
-2252
-2813
-4354
-4757
-5455
-5201
-4966
-4658
-4344
-4371
-3931
-4001
-3941
-3687
-3406
-2662
-2392
-982
-477
-309
-227
-901
-764
-1574
-1927
-2428
-2898
-2425
-3257
-3779
-4708
-6314
-7271
-7904
-7729
-7580
-6882
-6867
-6967
-7362
-7693
-7527
-8042
-7106
-6324
-4454
-2108
-1106
1035
2728
4460
5558
6075
6969
6700
6712
6941
7384
6872
6158
4650
3242
2388
1180
703
349
716
71
-77
37
-153
-409
22
634
1575
2249
2548
3123
3129
4196
4200
4821
4767
4421
4060
3697
3605
2994
2830
1646
692
-826
-1982
-3138
-4007
-3915
-3703
-2753
-1683
-881
561
1991
3016
3933
4787
5778
5886
6091
6072
6093
6304
5880
5568
4917
4087
3150
1810
1468
626
-143
-723
-1650
-1716
-2484
-2753
-3285
-3560
-3400
-3691
-3121
-2804
-2003
-1168
-674
24
17
332
-172
-601
-575
-1028
-739
-1232
-1204
-1631
-2554
-2730
-4040
-4246
-4826
-5245
-4457
-4948
-4131
-4521
-4599
-4929
-6209
-5707
-6541
-5701
-5701
-5236
-4416
-4601
-4234
-5559
-5407
-6003
-5869
-4615
-3886
-2179
-1815
-304
1471
2181
3544
3072
3590
3984
4285
5912
5967
6850
6009
5590
5679
4488
3878
2328
2289
1781
1648
1919
1476
1552
302
115
-134
-254
-280
-923
97
643
1513
2219
2528
3041
2383
2653
2778
2908
3288
2828
2569
1617
841
-16
-843
-890
-1151
-1011
-532
-132
389
1037
1802
2218
2485
2868
3094
3317
3444
3932
3940
4317
4227
3447
3157
2144
1703
1426
1221
910
250
-478
-922
-1422
-1379
-1471
-1930
-1607
-1965
-1592
-1516
-1034
-589
-180
701
580
493
-270
-863
-1376
-1206
-1134
-1429
-1535
-2273
-2550
-3022
-3421
-3403
-4184
-4167
-4289
-4515
-3497
-3764
-3392
-3528
-4065
-4313
-5532
-5615
-5716
-5291
-4823
-4572
-4370
-4485
-4886
-6077
-6086
-6029
-5938
-5142
-4099
-1258
550
2401
4029
4310
5616
4868
5247
5828
6153
6622
5819
6589
6261
5397
3826
2352
1207
193
-417
-846
-432
-594
-932
-1394
-1270
-1124
-1379
-1190
33
1160
2939
4070
4811
5488
4936
4904
4376
4799
4402
3790
3152
2324
1377
-40
-1013
-2620
-3372
-4209
-4158
-3583
-2205
-777
75
1039
1295
1813
2666
3603
4325
4899
5081
5312
5169
5231
4691
4153
3349
2612
2006
1045
652
-564
-835
-1461
-1829
-2123
-2471
-2500
-2496
-1961
-1727
-1057
-800
-605
-491
-159
498
1157
1287
1522
1097
842
209
-827
-1040
-2012
-1962
-2523
-2692
-2952
-3208
-3187
-3313
-3126
-3668
-3936
-4568
-4554
-4696
-4578
-4560
-4710
-4856
-4724
-4748
-5244
-5443
-5938
-5931
-6242
-5688
-5452
-4360
-3234
-2856
-1555
-676
794
2050
3096
4056
4288
4452
4773
4273
4472
4024
3415
3378
2659
2406
1372
874
408
373
444
356
235
29
550
552
1363
1979
2120
2460
2609
3292
3854
4058
4435
4011
4028
3467
2346
1935
842
506
-323
-633
-1148
-2072
-2439
-3079
-2674
-2560
-2057
-1627
-1228
-145
508
1676
3282
4523
5534
5807
6047
5327
4728
4357
3226
3623
2605
2195
1628
650
523
-1022
-1231
-2270
-2649
-2615
-2672
-1714
-1601
-661
-596
-443
280
4
630
821
1304
2310
2412
2926
2136
1786
1296
404
333
-472
-700
-1701
-2079
-2734
-3174
-3166
-4182
-3894
-4579
-4468
-4050
-4435
-3496
-3675
-3495
-3297
-4150
-3771
-4086
-4192
-4159
-4525
-4324
-4787
-4966
-5264
-4928
-5136
-5575
-5479
-5024
-3101
-2264
-580
666
1199
2166
1957
2836
2929
3016
3442
3522
4803
4935
4877
4704
3804
3456
2401
1772
1440
947
1109
1057
1331
1387
1107
526
198
457
878
1889
2547
3178
3558
3335
3191
2663
2254
1895
1081
1193
702
360
324
-393
-446
-1391
-1749
-2176
-2533
-2040
-1279
-27
580
1128
1545
2262
2883
2709
3096
3974
4293
4431
3528
3211
2531
1524
955
123
234
-839
-1086
-1286
-654
-126
-629
-311
-609
113
374
880
1608
2154
2930
3084
3454
3512
3009
2891
2557
2449
2168
1230
793
-218
-648
-1204
-1864
-2559
-3292
-3717
-4019
-3907
-4173
-3905
-3962
-3622
-3806
-4211
-4131
-4681
-4682
-4859
-4981
-4861
-5557
-6053
-6065
-6410
-6201
-6413
-6710
-6644
-6839
-6553
-5202
-4162
-2834
-1449
-991
1148
1854
2862
3485
2906
3895
3707
4590
4900
4387
4175
3482
3239
2823
2461
1848
1218
909
1064
1442
1415
1432
1222
1214
1664
1427
2116
2100
2329
2801
2285
2862
2083
1951
1559
1109
1274
754
699
138
98
-435
-945
-1385
-1912
-2077
-2234
-1967
-1667
-908
-464
-559
-130
244
1009
1849
1671
2150
2091
2749
3895
3995
3878
2562
1575
991
1169
1398
1417
1390
1429
2238
2850
3315
2856
2294
2143
2632
3537
3856
3952
3502
2929
2730
2437
2113
1508
768
632
959
1359
1470
887
-206
-1285
-2413
-2769
-3179
-3476
-3604
-4038
-3980
-4286
-4645
-5521
-6242
-6769
-6684
-6058
-5479
-4911
-4932
-4691
-4980
-5323
-5525
-5438
-5188
-4708
-4371
-3968
-3886
-4124
-3884
-3877
-3023
-2802
-1979
-1167
48
1371
1654
1862
921
902
1021
2358
3449
4001
4617
4466
4539
3782
3413
2671
2122
1973
2415
3428
3720
3171
1836
840
125
-222
-144
132
526
884
1302
1687
1807
1364
400
-150
-136
313
750
1128
1162
603
-101
-751
-1199
-1296
-1023
-1064
-622
-305
-6
-53
-151
-317
-306
312
757
1688
1761
2352
2384
2802
2989
2913
3348
3103
3807
3774
4489
4410
3904
3353
2918
3021
2990
3259
2808
3037
2560
2302
1961
1404
1084
551
510
562
726
506
-46
-917
-1608
-2086
-2312
-2400
-2343
-2053
-1876
-2026
-2549
-3352
-4014
-4616
-4807
-4473
-4226
-4120
-4185
-4178
-3968
-4126
-4732
-5168
-5878
-5577
-5385
-4486
-3778
-4089
-4136
-5000
-4609
-4454
-3584
-2882
-2285
-1705
-1287
-271
97
1127
892
1481
1631
1695
2311
2021
2265
1601
1172
1248
1423
1686
1924
1860
2277
2525
2493
2390
1751
1201
859
1094
1612
2351
2224
1985
1224
984
1282
1104
1360
902
893
754
694
1046
809
656
97
-344
106
373
709
704
595
475
361
360
233
440
-202
89
192
726
1111
359
180
-162
525
1701
3146
3798
4109
4246
4695
5100
4887
4236
3578
3305
3260
3879
3635
3592
2425
1494
1033
528
404
-172
-215
-171
344
428
394
42
-699
-1079
-1395
-1560
-1404
-1648
-1638
-1860
-2246
-2574
-3157
-3290
-3643
-3527
-3623
-3652
-3729
-3934
-4310
-4849
-5627
-6172
-6325
-5971
-5001
-4698
-4372
-4217
-3498
-3103
-2481
-2227
-2031
-1672
-1595
-543
-188
313
-239
-802
-671
-547
94
357
987
1512
2000
2318
2281
1923
1107
795
733
1116
1482
1547
1638
1366
1082
786
502
262
226
281
969
1284
1605
1892
1516
1583
1023
725
520
443
559
608
686
417
203
-355
-479
-465
-544
-402
-285
-159
193
381
336
751
1014
1467
1854
2408
2754
3061
3337
3185
3763
3222
3524
3351
3035
3229
2358
2511
2025
1999
1481
1578
1785
1787
2294
1951
2394
2192
2046
2176
2096
2007
1837
1339
1217
1068
690
334
-201
-580
-1044
-1142
-1572
-1571
-1958
-2433
-2675
-3311
-3363
-3732
-3920
-3847
-3906
-3838
-4127
-3991
-3937
-3626
-3336
-3173
-2522
-2335
-2039
-2550
-2642
-2863
-2988
-2917
-3084
-3080
-3510
-3203
-2974
-2330
-2173
-2076
-2341
-2388
-1915
-1254
-298
-171
105
-156
12
-88
-381
-528
-535
-324
-47
575
834
1051
688
840
1396
1783
1950
1730
1468
1271
1571
1671
1984
1668
1101
851
525
1202
1217
1402
1007
589
803
794
1445
1264
1554
1510
1764
1966
2121
2626
2545
3081
3056
3280
3271
2787
2242
1717
1206
990
956
787
1026
707
653
887
1012
1266
1312
1058
1041
1315
1408
2016
2271
2411
2454
2081
2309
2260
2182
1689
1325
960
773
726
178
71
-487
-828
-1343
-1595
-1911
-2031
-2080
-2210
-1905
-1963
-1693
-1956
-2069
-2043
-1869
-1793
-1778
-1627
-1681
-1714
-1896
-2006
-2199
-2661
-3517
-4167
-4147
-3866
-3682
-3814
-4266
-4329
-4381
-3975
-3412
-2903
-2610
-2340
-2157
-1711
-1028
-755
-493
-829
-503
-152
705
978
1174
1207
850
601
-61
-70
-208
234
0
470
640
800
752
123
257
264
834
1137
1605
1615
1887
1852
1887
2131
2091
2099
1524
1386
1656
2009
2309
2039
1439
950
386
144
94
217
212
-66
-767
-726
-602
-186
240
239
724
914
1577
1830
2362
2776
3162
3135
3230
3590
3702
3747
2804
2635
2105
1891
1295
403
324
201
480
619
976
955
566
-31
-216
274
874
1412
1563
1745
1803
1830
1570
1323
971
329
-103
-278
-216
-95
-231
-1027
-1435
-2168
-2591
-2966
-3577
-3388
-3511
-3517
-3348
-3319
-3476
-3312
-3452
-3118
-2652
-2522
-2227
-2254
-1918
-1600
-1507
-1410
-1377
-1614
-1881
-2118
-2129
-2168
-1973
-2095
-2405
-2383
-2403
-2342
-2015
-1977
-1970
-2206
-2269
-1508
-1462
-753
-767
-609
-420
32
548
549
940
573
1136
1086
1991
2344
2452
2727
2218
2352
2015
1868
1038
766
895
877
1178
1139
1070
872
363
609
624
929
1540
1807
2616
3107
3463
3319
3222
2867
2466
2420
2422
2639
2691
2767
2714
2204
1902
1557
1089
837
595
559
261
372
84
-50
2
-205
228
300
639
907
875
1402
1567
1445
1467
1099
907
972
863
768
319
-213
-518
-857
-1042
-1187
-1546
-1896
-1816
-1913
-1716
-2006
-2293
-2245
-2466
-2122
-2418
-2125
-2129
-2104
-1898
-1997
-1697
-1860
-1945
-1732
-1393
-1142
-1150
-1590
-1908
-2600
-2711
-2506
-2240
-2231
-2164
-2323
-2447
-2147
-2465
-1960
-2210
-1789
-1428
-1306
-387
-409
-384
-188
-339
-99
-93
25
354
500
1517
1773
1994
1346
805
211
-15
537
534
1179
1195
1409
1227
1173
908
293
163
366
479
909
1335
1571
1914
1689
1812
1143
885
754
876
1249
1761
1898
1465
1483
913
954
861
859
803
681
1056
1130
1224
1339
1185
1130
782
669
646
642
1672
1899
1882
1802
1417
1207
1254
1048
1269
1447
1187
1685
1269
1436
1394
631
594
537
575
817
644
510
717
352
280
-255
-664
-603
-834
-675
-314
-38
-298
-1027
-1773
-2300
-2603
-2539
-2146
-1439
-1161
-1237
-1513
-1834
-1837
-2192
-2530
-2782
-2867
-2758
-2309
-2014
-1967
-1988
-2487
-2525
-2707
-2484
-2076
-2184
-1661
-1429
-1196
-1178
-1574
-1738
-2085
-1806
-1284
-949
-564
-593
-493
-353
-153
-6
-221
-385
-517
-287
142
758
767
588
439
137
382
493
1047
1295
1342
1470
1137
1212
1247
1082
1030
722
948
1362
1767
2438
2246
1954
1533
1334
1519
1805
1885
1699
1578
1479
1682
1525
1205
654
303
543
1235
1694
1815
1407
916
894
1023
1285
1186
1062
733
854
1024
1347
1465
1110
858
529
588
904
969
821
559
-52
-93
-70
416
606
406
273
-51
-4
109
210
-42
-224
-522
-357
-207
-91
-319
-989
-1379
-1547
-1585
-1530
-1679
-1961
-1774
-1607
-1038
-1069
-1169
-1549
-1866
-1780
-1752
-1604
-1683
-1618
-1716
-1654
-1612
-1409
-1517
-1358
-1473
-1803
-2004
-2042
-1855
-1483
-1152
-1201
-1388
-1949
-1428
-1283
-742
-519
-624
-268
-185
177
162
327
325
416
521
765
739
354
102
377
889
1355
1034
566
399
396
590
501
908
699
696
255
384
852
836
879
461
658
956
946
941
1228
1123
1210
822
964
1360
1258
1059
656
619
532
374
-67
86
18
348
628
670
1155
837
399
16
257
1009
1218
1281
1353
1514
1570
1633
1510
1386
1444
1166
1506
1716
2070
1593
679
159
-377
-385
-417
-168
-124
-7
-333
-548
-904
-1052
-1154
-1311
-772
-443
-4
60
-48
-378
-817
-1245
-1303
-1113
-658
-306
-259
-277
-578
-933
-1313
-1724
-2113
-2255
-2107
-1752
-1509
-1258
-1254
-1276
-1924
-2311
-2387
-2091
-1574
-1053
-210
253
379
-230
-413
-984
-651
-431
-196
403
418
591
321
390
91
-223
-997
-693
-318
258
762
251
295
-68
-318
-629
-651
-572
-269
-39
638
1116
905
735
170
12
391
616
1020
1386
1528
1834
1467
1534
1311
919
780
685
833
1282
1590
1548
1467
930
947
562
684
805
745
906
1145
1491
1722
1788
1315
1156
706
930
863
935
1149
1040
993
597
336
-57
-272
-677
-699
-720
-593
-518
-628
-695
-936
-1251
-1271
-1067
-937
-696
-768
-539
-529
-578
-590
-735
-978
-1090
-1236
-1261
-1069
-1113
-848
-1097
-1537
-1998
-2262
-1981
-1595
-1618
-1567
-1485
-1466
-1304
-1536
-1567
-1783
-2014
-1748
-1067
-379
-81
-529
-647
-342
-365
-390
-783
-581
-234
35
640
951
984
447
-174
-199
-48
34
91
541
1096
1540
1636
1700
1855
1502
1250
751
839
1238
1647
2078
2071
1910
1219
981
1100
1548
1729
1357
1213
1181
1466
1689
1408
1075
594
266
533
888
1305
1140
800
702
799
940
761
495
120
154
232
248
294
-271
-678
-1045
-1008
-488
-578
-461
-813
-1064
-912
-837
-510
-487
-382
-400
-359
-223
-90
-249
-550
-550
-631
-552
-279
-116
-3
-192
-390
-508
-876
-800
-1012
-1186
-1148
-1320
-1155
-1240
-1175
-1279
-1576
-1507
-1575
-1419
-1343
-1411
-1591
-1560
-1281
-1132
-842
-784
-546
-817
-935
-882
-1088
-751
-664
-465
-188
-26
213
307
499
729
326
134
116
365
654
1006
1415
1084
868
357
478
784
1121
1550
1434
1630
1750
1776
1994
1923
1686
1271
1099
1489
1603
1845
1503
1287
970
861
986
830
976
742
824
850
1065
981
715
367
65
-141
-57
129
129
59
-140
-84
-366
-193
-434
-492
-767
-904
-753
-805
-599
-857
-896
-986
-717
-569
-368
-264
-200
-117
-19
108
129
82
80
67
-178
-93
-220
48
-83
-99
-102
-168
-109
-301
-303
-592
-904
-1323
-1187
-1133
-1081
-1313
-1464
-1314
-1188
-1154
-1358
-1391
-1386
-1112
-1052
-588
-580
-669
-872
-1025
-849
-1019
-1048
-1065
-773
-578
-460
-782
-697
-685
-488
-223
53
533
487
655
464
585
505
655
712
882
1175
1297
1602
1748
1863
1374
935
767
1305
1842
2456
2464
2288
1800
1484
1413
1121
1080
431
509
534
1266
1416
1281
1004
497
506
381
871
869
826
515
308
98
-93
-669
-1178
-1530
-1483
-1164
-937
-478
-632
-717
-1067
-786
-690
-507
-506
-690
-630
-754
-517
-571
-525
-721
-968
-1122
-803
-473
-138
-62
-104
-156
-380
-186
-110
197
220
261
195
136
-24
-408
-691
-835
-633
-594
-344
-429
-460
-585
-748
-652
-653
-546
-574
-429
-248
-29
-175
-302
-638
-894
-961
-1152
-943
-650
-292
-65
92
-73
-209
-738
-786
-541
-190
383
289
484
530
651
661
551
407
291
231
571
1177
1393
1383
1114
983
1061
987
831
893
993
1722
2178
2632
2508
1618
887
232
331
541
878
1028
1131
1145
1153
838
397
-9
-347
-247
13
564
753
719
209
-396
-940
-1257
-1271
-1106
-643
-374
-163
-277
-506
-934
-1502
-1832
-1759
-1265
-634
-221
-145
-371
-880
-1215
-1494
-1428
-1166
-848
-368
13
305
141
-182
-536
-642
-536
-271
136
418
663
610
307
-186
-619
-926
-912
-633
-246
105
257
242
77
-184
-386
-564
-650
-346
52
453
647
712
483
4
-608
-896
-985
-891
-556
-370
46
122
230
76
-27
-146
-303
-33
204
683
695
573
420
265
326
295
193
204
320
553
861
992
1125
963
827
864
1105
1194
995
637
261
264
64
140
289
501
844
864
1023
1019
647
286
-16
-57
264
337
546
608
480
205
-430
-893
-1190
-1237
-1006
-454
-13
400
354
70
-197
-606
-817
-1034
-921
-574
-294
-97
-55
-326
-676
-1160
-1471
-1448
-1085
-639
-381
-236
-256
-355
-615
-565
-652
-600
-567
-406
133
398
422
-124
-574
-672
-517
-185
192
322
114
-155
-237
-24
52
62
116
343
719
907
787
623
371
95
-62
-45
165
234
244
133
6
-219
-347
-303
44
661
971
1168
1049
965
765
342
17
-248
-278
-187
40
335
541
458
200
-92
-34
103
245
420
606
815
684
567
341
64
-288
-583
-559
-150
316
502
519
447
371
192
127
158
72
-113
-154
-83
172
222
12
-282
-567
-605
-595
-345
-125
-5
-17
-13
44
68
65
-136
-271
-323
-256
-216
-298
-456
-683
-848
-738
-469
-189
-86
-153
-178
-188
-97
-169
-329
-513
-696
-681
-456
-207
-175
-345
-557
-651
-632
-409
-163
120
359
492
483
363
207
-85
-178
-180
47
307
426
523
451
404
291
206
336
597
875
1002
978
831
456
22
-381
-542
-584
-482
-144
201
543
610
473
212
103
53
88
293
420
604
584
498
288
-127
-375
-673
-763
-397
-114
177
290
205
138
-201
-468
-520
-436
-167
82
182
326
258
128
87
-98
-119
-249
-341
-166
-106
-14
-13
-211
-292
-375
-362
-345
-408
-232
-151
-125
-58
-157
-189
-211
-274
-132
11
126
141
16
56
-47
-110
-35
-80
-49
-151
-350
-352
-221
22
226
185
177
101
-14
32
-38
-15
-39
-123
77
211
285
237
-86
-293
-472
-563
-457
-315
-46
192
429
672
663
540
411
169
99
256
446
641
589
441
238
-4
-69
-199
-206
-108
-170
-1
203
343
375
133
-3
-152
-207
-28
100
176
201
124
60
-28
-133
-111
-221
-231
-135
-131
-4
-28
-135
-180
-244
-229
-206
-87
116
91
48
78
40
136
207
171
140
60
32
45
97
178
60
-93
-145
-170
-86
-50
-150
-282
-411
-461
-372
-239
-71
-13
-88
-111
-192
-169
-54
8
80
31
23
-13
-124
-122
-153
-128
-109
-117
10
92
97
37
-10
36
31
1
85
180
240
294
308
371
336
187
88
-16
-38
-62
-144
-115
-97
-93
-50
-12
70
52
-27
-64
-128
-77
30
90
190
214
146
81
70
131
153
97
25
-59
-58
9
16
41
13
17
87
100
74
-45
-191
-200
-85
85
203
199
145
12
-35
-26
-103
-183
-274
-285
-192
-54
65
62
-18
-115
-173
-70
94
201
281
287
228
231
217
171
165
178
174
57
-31
-53
-59
16
97
160
159
12
-102
-145
-168
-181
-224
-159
-39
56
88
46
-7
-90
-168
-204
-276
-366
-352
-273
-129
-5
-37
-141
-260
-365
-396
-279
-62
10
25
66
64
65
45
-15
2
149
244
301
443
528
348
108
-11
-99
-42
61
107
210
289
153
-104
-204
-261
-365
-231
25
144
207
214
149
101
10
-194
-303
-232
-172
-100
187
415
300
24
-271
-431
-325
-135
-19
72
140
123
80
103
-15
-250
-291
-193
-31
155
274
251
94
-81
-190
-164
-75
-63
-123
-26
158
221
288
316
230
68
58
244
388
492
403
112
17
36
-65
-65
48
31
-3
145
165
-4
80
135
12
140
246
59
-44
-81
-157
-37
-101
-557
-355
797
941
-571
-1745
-1384
203
1319
292
-1310
-1223
-274
56
130
373
89
-564
-755
-319
750
1249
214
-530
182
664
199
-155
0
338
506
216
-107
254
513
-55
-313
45
-7
-173
-11
153
221
2
-421
-467
92
354
-123
-478
-436
-289
-17
-3
-296
-391
-388
-450
-436
-167
175
180
-89
-335
-377
-201
-110
-138
-79
3
42
-3
44
259
236
-29
-116
-32
87
144
147
234
386
402
208
138
292
314
223
250
248
214
144
0
19
186
252
161
59
-3
-45
-2
66
-3
-35
-9
-35
98
242
266
271
149
9
-11
47
51
5
44
26
-93
-132
-176
-227
-186
-247
-290
-183
-175
-233
-167
-51
-37
-128
-168
-105
7
130
83
27
87
21
-59
-34
6
10
-68
-101
-29
40
33
-108
-183
-94
-32
6
26
-3
-44
-138
-196
-168
-188
-209
-211
-182
-114
-118
-128
-123
-164
-210
-297
-317
-237
-214
-192
-170
-169
-174
-229
-240
-168
-62
59
126
157
137
30
-6
16
50
118
157
207
226
193
195
192
180
178
201
318
365
346
385
394
375
276
147
101
110
119
128
213
305
287
200
148
42
-98
-132
-63
127
300
300
257
231
162
46
0
69
91
102
175
213
184
98
-59
-162
-220
-282
-260
-164
-79
-130
-165
-87
-30
-43
-144
-240
-259
-190
-128
-119
-135
-168
-196
-210
-216
-251
-271
-219
-194
-210
-201
-202
-190
-129
-67
-44
-51
-77
-83
-18
87
104
47
16
-74
-182
-197
-147
-83
-73
-107
-161
-199
-193
-196
-150
-83
-87
-100
-120
-138
-146
-127
-52
-15
-37
-50
-55
-50
-38
-1
60
98
97
95
175
303
327
257
219
219
240
298
321
287
277
271
258
273
275
244
223
260
294
347
440
403
314
255
174
83
-5
-33
2
95
157
85
14
-40
-126
-142
-105
-93
-132
-144
-96
-60
-64
-132
-188
-189
-187
-159
-85
0
59
74
69
32
-24
-14
15
-2
-64
-93
-73
-71
-61
-83
-138
-161
-217
-262
-196
-135
-172
-236
-252
-281
-295
-258
-225
-174
-152
-219
-270
-191
-133
-112
-22
47
12
-43
-66
-84
-93
-164
-251
-260
-210
-193
-111
66
138
113
65
21
9
37
88
159
237
247
151
83
62
9
-20
11
49
61
70
132
205
223
192
106
69
84
121
197
247
273
263
274
277
204
135
111
122
161
209
215
187
152
120
98
108
101
80
140
213
224
205
164
90
53
47
18
-21
-50
-63
-50
-38
-117
-206
-226
-212
-200
-186
-167
-157
-131
-133
-136
-118
-146
-197
-171
-74
-23
-59
-111
-123
-85
-51
-60
-87
-129
-165
-168
-148
-135
-166
-220
-222
-181
-149
-164
-176
-152
-170
-215
-258
-279
-230
-164
-134
-130
-154
-176
-198
-180
-143
-108
-35
6
68
137
151
135
114
105
110
146
214
256
297
309
277
257
182
99
76
84
97
128
182
222
221
189
115
104
170
194
215
235
252
239
205
171
114
57
-6
-43
7
51
46
64
72
64
17
-10
29
66
105
107
93
81
48
52
40
29
12
-35
-27
0
34
49
62
87
46
25
39
34
19
-13
-22
-24
-97
-192
-263
-272
-300
-342
-312
-298
-286
-293
-301
-267
-251
-218
-160
-74
-5
-17
-14
1
-24
-48
-68
-66
-75
-111
-103
-96
-93
-136
-196
-172
-144
-114
-87
-50
6
0
5
37
52
40
-6
30
81
88
110
124
174
170
153
211
252
275
240
229
246
216
200
171
166
158
79
37
35
32
14
-10
15
-11
-58
-32
31
107
105
83
116
105
88
71
79
79
15
9
21
49
54
2
-4
-12
-14
2
7
37
54
60
88
105
118
71
35
77
78
81
97
134
178
162
139
103
84
49
5
12
-21
-76
-116
-151
-166
-219
-275
-315
-355
-359
-356
-320
-291
-313
-305
-296
-267
-242
-248
-222
-192
-153
-124
-111
-67
-59
-52
-44
-57
-41
-56
-57
-23
-4
23
12
3
3
-11
11
20
36
52
44
64
69
55
25
7
26
11
16
26
1
25
45
81
106
102
108
71
76
108
133
155
134
117
95
56
44
38
33
33
49
68
47
29
28
42
78
96
92
91
94
104
100
90
65
34
28
17
50
61
55
61
40
46
37
14
22
57
112
135
112
97
46
18
26
13
19
17
23
31
32
19
-27
-28
-13
-26
-18
-23
-40
-36
-31
-5
-21
-64
-116
-164
-147
-146
-158
-174
-211
-221
-251
-288
-293
-302
-333
-347
-289
-253
-270
-232
-185
-158
-139
-132
-83
-50
-30
20
73
122
117
110
119
104
100
80
78
108
120
124
91
75
49
12
10
-7
-1
1
-5
22
42
49
39
39
38
21
49
115
170
198
191
196
194
151
118
121
133
116
101
118
114
86
50
9
4
-16
-39
-36
-16
22
34
56
62
50
47
31
60
109
122
137
167
189
164
106
75
48
44
31
-17
-34
-63
-94
-93
-94
-99
-132
-153
-153
-137
-91
-66
-28
0
1
28
45
35
12
17
56
50
21
1
-9
-2
-32
-68
-93
-138
-181
-221
-243
-251
-288
-326
-356
-345
-343
-389
-388
-350
-307
-276
-255
-212
-171
-113
-33
53
119
120
117
134
134
135
132
139
142
150
159
124
83
50
19
22
21
24
39
67
110
128
140
141
150
154
146
183
225
225
227
241
271
267
206
151
118
107
80
51
49
39
27
14
-6
-13
-40
-67
-75
-40
19
45
75
98
118
136
114
105
108
121
154
177
184
174
164
150
118
98
83
61
33
14
19
-4
-45
-78
-105
-101
-109
-145
-172
-176
-158
-154
-150
-125
-90
-63
-62
-59
-33
-27
-38
-38
-3
17
-26
-82
-123
-152
-200
-257
-287
-309
-328
-342
-363
-383
-390
-381
-364
-343
-287
-218
-183
-154
-110
-50
-28
-31
-5
42
103
121
121
131
141
148
119
106
128
140
138
134
143
151
129
120
123
137
136
102
91
109
141
155
152
169
194
197
181
159
157
152
130
130
130
124
96
60
25
-2
-15
-37
-58
-47
-16
-5
-3
-1
10
19
19
25
38
69
80
81
90
109
134
141
152
155
153
144
120
106
112
101
73
44
30
16
-44
-112
-164
-185
-199
-218
-224
-223
-206
-206
-210
-220
-219
-205
-193
-170
-136
-105
-98
-100
-102
-95
-100
-134
-168
-188
-185
-186
-201
-191
-173
-160
-176
-204
-203
-193
-190
-190
-165
-120
-93
-90
-81
-72
-81
-105
-109
-70
-23
4
15
52
77
64
53
43
35
36
36
55
77
77
59
33
20
15
14
20
40
76
110
130
145
157
163
175
191
201
197
197
205
215
204
192
173
149
133
113
103
100
99
94
104
109
101
84
52
39
34
42
41
47
73
87
82
63
67
75
86
84
95
122
122
107
88
73
36
-1
-21
-25
-18
-37
-61
-75
-83
-94
-113
-129
-120
-99
-90
-88
-98
-93
-94
-106
-101
-95
-90
-109
-123
-121
-125
-141
-156
-139
-119
-116
-125
-112
-98
-104
-112
-109
-97
-101
-114
-132
-132
-127
-148
-163
-170
-156
-157
-165
-145
-121
-100
-86
-67
-21
10
14
16
26
19
-2
-2
27
54
62
60
57
72
76
62
62
73
108
146
175
194
197
177
161
157
155
155
140
138
151
172
163
130
116
115
125
125
120
143
156
142
150
167
158
127
103
98
92
78
68
80
103
99
84
80
82
66
32
35
56
71
79
87
90
61
23
-2
0
-1
-19
-19
-11
2
-8
-46
-72
-91
-101
-116
-120
-106
-104
-119
-137
-138
-147
-169
-191
-191
-168
-147
-141
-137
-128
-116
-101
-90
-72
-55
-58
-67
-45
-14
-7
-22
-37
-40
-40
-45
-58
-62
-67
-68
-71
-64
-41
-47
-75
-93
-83
-68
-64
-58
-46
-33
-31
-29
-16
2
4
5
22
56
66
55
66
69
73
73
76
91
81
68
74
89
102
95
80
93
125
138
134
126
120
109
99
106
121
121
103
87
96
105
84
65
55
50
55
67
75
74
65
51
49
57
49
35
31
21
31
53
46
34
20
17
7
12
20
18
18
1
6
16
5
-14
-34
-43
-54
-68
-73
-86
-102
-121
-123
-118
-130
-140
-150
-153
-131
-106
-89
-82
-76
-66
-62
-48
-31
-23
-31
-34
-18
-4
-3
-33
-38
-28
-37
-32
-33
-23
-24
-38
-26
-1
6
2
-7
3
19
17
14
1
-11
-25
-32
-28
-26
-28
-52
-69
-61
-51
-46
-50
-40
-24
-16
-5
4
13
12
14
23
28
42
44
37
44
58
58
62
57
56
61
64
74
88
99
87
76
78
79
70
59
62
65
50
34
29
25
11
3
1
-1
2
1
-1
8
18
17
13
10
18
13
10
10
6
-4
-28
-40
-50
-54
-69
-79
-81
-83
-95
-104
-95
-92
-92
-96
-80
-72
-76
-70
-64
-61
-57
-61
-64
-58
-56
-63
-60
-53
-59
-62
-66
-64
-65
-59
-41
-28
-20
-10
9
12
24
28
36
52
70
75
72
78
69
60
52
50
38
19
17
15
21
19
2
-12
-12
-21
-25
-7
-1
-12
-13
-7
-4
-4
-4
-10
-11
-8
-3
5
6
3
7
20
25
25
26
29
38
45
56
65
75
65
53
68
74
78
70
61
65
68
65
69
65
52
47
41
51
55
46
38
30
27
19
1
-5
-7
-16
-26
-30
-35
-55
-69
-77
-71
-73
-93
-96
-102
-110
-111
-97
-101
-113
-118
-115
-102
-102
-83
-77
-79
-77
-72
-62
-63
-65
-65
-58
-50
-58
-59
-54
-59
-66
-54
-30
-31
-28
-19
-6
14
33
52
56
74
84
95
101
113
123
114
116
111
107
107
103
96
89
77
71
67
61
56
55
58
47
49
55
64
62
49
51
48
39
26
24
29
17
4
6
-2
-22
-32
-39
-31
-25
-24
-17
-12
-5
-2
0
8
24
34
37
40
46
45
37
35
32
31
22
19
23
13
13
14
5
0
-3
3
0
-3
-2
0
1
-10
-15
-15
-24
-34
-39
-48
-56
-62
-70
-76
-79
-77
-85
-88
-93
-83
-68
-62
-55
-51
-38
-36
-39
-27
-28
-31
-25
-18
-10
-16
-18
-22
-26
-20
-12
0
8
12
23
22
25
42
48
59
63
73
87
93
88
85
91
98
107
101
100
96
91
88
91
91
83
83
83
87
76
79
76
64
58
49
50
37
24
13
8
-1
-4
-5
-17
-28
-37
-40
-43
-44
-56
-61
-65
-66
-59
-69
-71
-73
-80
-78
-79
-81
-69
-60
-60
-57
-62
-53
-46
-42
-31
-21
-6
-10
-3
-3
-3
-2
-7
-3
-4
8
4
0
4
0
-8
-7
1
8
14
10
13
10
9
2
2
-4
-10
-17
-15
-13
-26
-29
-35
-32
-38
-38
-33
-28
-29
-35
-31
-26
-18
-13
-18
-16
-3
1
3
0
1
0
2
1
-5
0
-3
-5
2
10
18
21
31
41
37
38
43
54
53
55
61
59
49
41
38
39
38
35
38
29
28
22
17
20
22
25
26
32
32
28
22
16
14
15
13
13
5
-9
-18
-30
-41
-52
-62
-59
-60
-66
-63
-65
-63
-71
-71
-65
-64
-59
-60
-60
-54
-59
-60
-56
-59
-48
-51
-50
-46
-48
-47
-47
-37
-28
-23
-24
-21
-14
-19
-19
-5
0
-1
-7
-6
-7
-12
-9
-7
-9
-11
-14
-11
-13
-14
-15
-18
-14
-22
-17
-13
-14
-19
-23
-24
-26
-23
-23
-16
-19
-16
-14
-23
-22
-19
-11
-6
4
20
19
27
36
34
34
36
46
52
52
45
48
48
37
32
30
38
44
40
36
36
36
35
40
47
46
44
52
49
48
51
53
48
47
53
47
44
37
36
32
19
21
17
15
7
0
-2
-13
-14
-18
-18
-22
-33
-25
-34
-59
-54
-51
-53
-64
-67
-53
-58
-61
-59
-62
-59
-69
-57
-49
-55
-55
-61
-56
-63
-62
-59
-55
-51
-59
-57
-57
-56
-51
-56
-51
-38
-28
-21
-24
-14
-5
-3
-2
-1
15
10
9
14
16
18
3
14
11
10
8
1
11
2
-4
6
16
18
25
31
34
37
39
46
51
55
54
64
64
61
55
55
62
55
56
51
55
53
45
47
43
45
37
34
37
32
30
32
32
26
32
32
28
38
38
32
34
35
35
36
32
35
38
28
30
30
33
23
13
14
14
5
-7
-11
-13
-16
-17
-23
-23
-16
-27
-28
-31
-31
-28
-39
-37
-41
-34
-33
-36
-41
-42
-39
-50
-49
-49
-47
-48
-52
-52
-51
-48
-45
-49
-44
-41
-41
-30
-36
-32
-28
-26
-16
-9
2
-1
-8
-6
2
8
-4
-1
13
17
7
7
21
25
21
19
26
