10
6
10
10
10
12
6
11
8
4
7
15
13
9
14
16
17
18
22
17
15
15
13
9
7
12
8
7
9
3
1
-2
3
2
-6
3
-1
4
9
5
7
0
4
3
1
1
1
4
5
4
9
3
2
5
0
2
-1
-9
-16
-17
-18
-22
-20
-24
-23
-26
-26
-15
-20
-20
-24
-28
-24
-23
-22
-22
-25
-28
-30
-32
-34
-30
-29
-26
-29
-29
-32
-36
-32
-32
-31
-34
-31
-33
-34
-37
-41
-28
-27
-23
-25
-28
-21
-26
-26
-23
-26
-29
-35
-25
-19
-14
-13
-18
-20
-20
-14
-14
-15
-11
-10
-10
-5
-2
1
3
0
-5
-3
0
-3
2
2
-1
-2
1
-2
1
4
9
13
11
9
9
11
9
13
12
11
17
18
19
21
13
8
15
15
23
28
27
24
26
23
20
25
26
23
18
17
13
9
8
10
7
1
2
7
9
14
6
4
7
1
6
7
9
4
2
5
6
5
4
1
-3
0
2
4
2
1
-2
-3
-7
-5
-2
0
-3
-4
-9
-6
5
3
5
-4
4
5
4
9
11
12
7
4
3
6
8
1
2
12
11
10
6
5
8
8
17
13
19
24
16
15
12
10
12
4
4
4
7
10
4
4
3
4
7
7
5
6
6
8
11
12
13
12
11
12
11
3
2
7
1
4
3
0
5
4
11
5
-1
-1
-2
-3
-8
-7
-8
-13
-18
-17
-18
-16
-17
-20
-17
-17
-12
-11
-14
-16
-16
-14
-16
-19
-19
-19
-21
-20
-21
-20
-18
-21
-18
-18
-18
-22
-17
-12
-12
-14
-11
-15
-19
-16
-13
-10
-12
-14
-19
-17
-11
-12
-13
-5
-9
-16
-13
-13
-7
-9
-8
-8
-9
-7
-7
-7
-6
-6
-8
-2
0
3
4
4
3
0
4
0
-10
-3
-2
0
4
5
7
8
9
7
11
13
11
12
19
14
12
12
8
12
10
16
14
17
21
16
13
16
15
20
23
24
22
19
15
11
9
4
7
10
16
18
23
20
21
21
17
18
21
16
18
21
15
20
17
16
9
10
5
6
11
5
6
8
10
6
6
-3
-1
-2
-8
-6
-5
-6
-8
-9
-10
-5
-7
-9
-6
-1
-6
-1
-1
0
5
2
5
5
8
3
3
0
-2
2
3
1
2
5
6
7
3
7
3
-4
0
4
3
3
3
4
-1
1
1
1
6
10
11
12
11
8
11
11
4
2
5
1
2
6
8
13
13
14
14
19
15
13
9
15
18
21
24
19
18
14
9
2
11
10
11
10
9
10
5
14
16
13
13
8
5
8
13
11
3
1
1
-1
-2
-3
-1
0
-1
-3
-6
-1
-3
-8
-10
-11
-4
-11
-6
-2
-5
-2
-5
-4
-2
4
0
-2
0
4
5
3
1
-2
-1
-5
-8
-2
-2
-7
-4
-9
-12
-6
-3
-5
-5
-2
-1
-3
-7
-3
-5
-7
-9
-9
-6
-5
-3
-2
2
9
7
8
8
4
11
11
7
6
11
5
5
7
8
5
4
12
5
8
9
5
5
3
1
3
9
0
2
5
-3
2
-1
-1
-1
-2
0
-3
2
4
7
1
0
8
-3
-1
7
2
2
0
3
-1
-4
1
-6
-9
-6
-2
0
1
5
9
6
-2
4
7
3
4
-4
-5
-5
-6
-6
-10
-11
-7
-5
-2
3
3
4
7
8
3
1
5
3
7
8
5
1
2
2
5
12
9
12
11
9
13
13
10
8
8
10
9
7
11
15
12
12
10
10
6
6
11
9
16
17
16
20
16
16
16
11
14
20
15
15
10
3
5
6
12
12
11
10
5
5
8
8
9
10
4
2
1
-1
-3
-5
3
2
1
1
-4
-7
-2
3
-3
4
8
5
6
6
3
0
-2
-2
4
3
1
3
4
8
6
9
9
3
7
6
9
13
13
14
7
6
7
8
10
4
6
16
20
19
13
9
16
17
15
15
9
7
9
13
12
9
9
6
10
11
5
7
8
14
15
10
10
8
8
6
7
5
1
3
0
2
-1
-1
-4
-5
-6
-9
-8
-6
-3
-9
-20
-17
-15
-21
-23
-25
-30
-29
-25
-28
-19
-19
-26
-25
-25
-17
-20
-22
-21
-22
-19
-20
-22
-25
-23
-21
-15
-16
-17
-17
-18
-20
-19
-15
-16
-20
-22
-22
-23
-16
-17
-16
-12
-16
-17
-20
-21
-17
-14
-16
-15
-23
-22
-25
-26
-22
-26
-19
-20
-19
-14
-15
-15
-16
-21
-13
-10
-13
-9
-8
-6
-6
1
-2
-4
0
1
4
5
10
6
4
6
7
7
5
3
5
5
8
10
7
7
13
8
7
9
0
6
-1
-5
-7
-8
-7
-15
-6
-9
-9
-10
-14
-12
-13
-14
-16
-15
-16
-18
-18
-18
-13
-12
-13
-10
-17
-17
-15
-19
-12
-6
-2
-5
-8
-7
-7
-1
1
-6
-1
3
2
-1
-2
-4
-5
-6
-6
-4
-4
0
-1
4
0
-2
-5
-5
-4
-8
-4
-7
-1
-6
-13
-7
-8
-6
-8
-4
-8
-3
0
-3
2
-3
-1
3
6
11
11
8
3
2
4
7
12
11
8
7
8
5
6
7
4
8
8
9
12
11
6
5
5
6
7
9
11
10
8
4
11
17
18
18
20
18
17
21
21
22
20
24
17
16
21
18
17
17
15
9
14
15
16
16
20
19
17
21
15
16
12
11
14
16
19
19
18
14
15
19
19
14
8
12
12
15
14
9
10
8
8
11
9
6
10
6
10
12
12
13
10
15
11
13
14
7
4
4
6
8
0
4
9
2
4
9
8
9
8
7
4
2
-1
-2
-3
0
-3
-10
-9
-4
-1
-3
4
1
1
5
5
1
-4
-1
0
3
2
-1
-2
4
6
-3
-6
-7
-8
-8
-8
-9
-6
-7
-7
-5
-10
-16
-13
-8
-7
-6
0
-2
-12
-9
-10
-8
-4
-7
0
-2
-2
6
8
8
1
1
2
6
12
13
11
8
9
4
7
10
5
6
5
7
1
-1
3
0
-3
-4
-1
-5
-5
-8
-7
-6
-9
-12
-9
0
-3
0
-4
-2
0
-4
-2
-1
-6
-2
1
0
1
3
9
5
8
10
14
14
11
21
19
21
17
17
19
18
17
17
18
19
19
20
26
27
32
35
32
26
28
21
18
19
15
18
18
22
20
17
15
14
9
3
0
-2
6
6
4
6
8
2
2
3
2
2
6
6
2
8
7
8
2
-2
-1
-1
3
1
2
4
6
6
1
4
0
-1
7
3
7
11
8
8
15
18
14
16
14
11
11
7
5
10
3
2
3
5
2
2
4
2
1
1
2
-1
0
0
2
0
-1
0
-2
1
1
-5
-6
-5
-8
-6
-10
-8
-6
-5
-5
-7
-1
-1
-3
-2
-7
-6
-7
-9
-10
-11
-12
-14
-10
-11
-10
-5
-6
-16
-21
-18
-19
-19
-17
-16
-21
-19
-18
-20
-21
-21
-20
-22
-23
-22
-20
-22
-21
-28
-27
-21
-24
-22
-28
-26
-24
-26
-22
-21
-22
-22
-20
-17
-16
-17
-21
-23
-23
-22
-19
-22
-23
-24
-26
-25
-21
-17
-19
-18
-21
-26
-24
-17
-23
-24
-20
-23
-22
-25
-18
-20
-24
-18
-18
-15
-17
-13
-18
-16
-7
-12
-7
-5
-11
-12
-12
-14
-14
-13
-17
-9
-12
-13
-9
-13
-16
-13
-9
-15
-13
-13
-13
-8
-10
-14
-14
-8
-11
-12
-12
-15
-9
-14
-19
-16
-15
-19
-19
-23
-22
-20
-26
-20
-22
-25
-19
-18
-17
-15
-11
-11
-9
-10
-4
1
2
1
-1
0
-2
-1
0
-1
-8
-3
2
2
7
5
5
3
8
4
3
5
3
6
9
9
6
8
12
10
6
6
9
6
5
7
5
1
-1
0
-2
6
7
5
7
6
5
7
12
9
10
9
7
8
12
10
8
8
2
6
9
14
7
9
8
-1
3
4
-2
-2
1
-4
-3
-2
-3
-10
-4
-1
-5
0
-7
-4
-3
-1
1
-6
-7
-7
-3
1
3
8
9
6
9
12
15
13
9
10
13
12
10
8
6
0
-2
3
6
7
9
10
2
3
11
10
4
6
10
3
4
4
3
0
2
-2
-2
-1
4
8
2
5
5
5
1
2
2
5
3
-3
-2
2
7
6
9
7
6
6
8
9
10
13
14
17
13
12
15
12
9
11
8
7
9
14
9
8
9
8
7
2
11
14
10
9
15
18
11
7
9
8
10
9
15
13
13
17
15
21
20
22
21
19
20
17
14
13
10
11
12
13
11
12
17
12
6
2
5
13
12
8
8
5
10
11
11
8
1
7
0
0
-4
-5
-2
0
3
-9
-10
-3
-5
-4
-1
-2
-2
-13
-13
-8
-10
-11
-9
-8
-5
-12
-14
-9
-7
-3
-6
-5
-7
-6
-4
-4
-2
-5
-5
-4
-6
-5
-2
-4
-8
-8
-4
-5
-4
-7
-6
-8
-6
-4
-8
-7
-7
-7
-12
-4
-3
0
1
3
6
6
8
2
5
5
9
9
9
11
4
5
1
3
5
7
8
2
2
4
6
11
11
13
16
19
14
8
8
5
5
8
11
9
12
16
6
8
13
12
11
13
13
15
17
15
17
17
11
14
9
10
8
5
10
7
8
5
7
3
0
4
4
5
3
11
8
2
1
0
9
7
6
8
10
10
9
16
11
11
12
6
7
3
9
11
9
9
10
9
7
10
8
11
8
9
10
8
8
6
5
0
-1
-3
-4
-2
-3
0
-1
-2
-5
-2
1
-6
-5
-4
-8
-8
-6
-8
-9
-14
-11
-11
-11
-9
-7
-7
-10
-13
-11
-8
-8
-11
-18
-16
-18
-12
-9
-7
-8
-7
-4
-12
-9
-15
-14
-14
-15
-20
-19
-15
-20
-18
-19
-19
-21
-19
-15
-15
-14
-15
-14
-11
-13
-13
-9
-9
-10
-11
-11
-12
-9
-9
-10
-7
-9
-9
-10
-17
-15
-13
-7
-7
-14
-13
-16
-10
-7
-18
-16
-14
-13
-7
-5
-10
-12
-8
-10
-7
-7
-13
-7
-3
-7
-7
-7
-7
-4
-7
-8
-3
2
0
0
-3
2
5
1
1
2
0
-6
-6
-6
-4
-4
-7
-8
-13
-17
-19
-16
-16
-14
-9
-12
-18
-22
-18
-17
-16
-13
-15
-12
-13
-11
-4
-4
1
0
-5
-3
1
5
4
5
4
0
-1
3
3
-3
-2
-3
-6
-6
-9
-10
-5
-4
-7
-12
-4
5
3
3
2
-2
-1
6
1
1
-1
-1
1
-2
1
1
5
2
2
5
8
-1
-5
2
-2
-2
7
8
6
5
3
7
4
1
2
9
10
14
22
16
17
15
10
13
17
16
18
18
22
21
20
21
19
21
13
14
16
13
12
14
11
18
23
18
23
20
19
23
26
23
26
29
31
25
27
31
29
32
25
25
21
23
25
24
24
20
21
20
20
17
17
17
19
15
15
19
22
19
14
18
16
15
12
14
13
13
13
14
10
7
5
4
5
7
11
5
8
3
4
5
2
8
4
4
1
1
0
3
2
1
6
4
2
4
0
2
2
-2
3
1
0
-3
-4
-5
-5
-5
-4
-1
-3
-6
-14
-10
-8
-12
-8
-9
-9
-8
-8
-11
-9
-9
-10
-10
-11
-15
-19
-15
-21
-20
-18
-20
-17
-13
-18
-23
-19
-21
-20
-23
-20
-23
-23
-20
-25
-17
-16
-19
-18
-17
-22
-27
-21
-15
-16
-15
-19
-20
-18
-16
-13
-17
-10
-15
-13
-8
-14
-8
-9
-10
-11
-9
-13
-14
-13
-9
-9
-12
-13
-16
-11
-8
-11
-13
-13
-13
-11
-12
-12
-11
-14
-11
-10
-10
-9
-13
-13
-12
-16
-13
-11
-15
-10
-10
-12
-12
-9
-9
-8
-8
-15
-13
-8
-2
-5
-6
-4
-2
-2
-1
4
1
2
6
3
5
1
2
7
10
15
14
14
13
11
9
13
11
13
12
11
10
13
16
10
17
14
11
9
7
12
12
10
8
10
7
7
9
8
2
4
7
5
8
1
-2
-3
-2
-1
4
-2
-6
-3
0
0
2
4
2
8
1
0
2
2
1
4
7
1
3
5
5
5
8
10
10
13
12
16
14
13
13
6
8
9
9
12
10
10
7
7
6
7
3
-1
3
3
4
3
3
2
0
4
1
1
9
6
3
6
6
-2
-4
-6
-2
-1
-5
3
1
5
10
8
12
6
6
1
0
2
4
3
3
1
2
0
-3
1
-1
-3
-3
-3
-4
-5
-4
-8
-10
-8
-9
-9
-8
-18
-20
-20
-19
-17
-19
-21
-26
-23
-20
-19
-23
-19
-17
-18
-19
-19
-20
-23
-16
-20
-19
-16
-22
-15
-14
-14
-16
-17
-14
-16
-12
-16
-10
-13
-18
-9
-12
-13
-14
-14
-10
-10
-11
-9
-6
-10
-7
-3
-10
-5
-5
-8
-2
-5
-2
-3
-5
-8
-7
-7
-13
-14
-14
-12
-15
-13
-11
-15
-15
-10
-10
-9
-7
-6
1
-4
-3
0
0
2
3
3
-2
-3
-1
-1
-4
-1
3
0
-1
-1
-3
-2
-8
-11
-5
-6
-6
-7
-3
-2
-6
-4
-5
0
1
-1
2
3
8
11
10
10
9
8
6
11
10
7
8
7
3
5
7
7
10
9
13
17
23
18
18
20
22
28
19
19
26
24
24
25
18
19
22
20
18
19
23
23
23
27
25
23
24
21
23
19
20
20
15
20
20
20
20
21
15
17
17
8
10
6
4
11
0
2
5
4
10
7
6
7
3
4
-1
-1
2
5
9
5
7
11
13
8
5
6
1
2
8
12
8
3
7
5
1
7
11
13
15
15
20
23
18
18
14
17
19
15
20
17
23
19
19
23
15
22
18
19
17
16
18
18
20
15
16
10
5
2
1
-2
-3
-7
2
2
-4
-2
-3
6
-3
-4
-2
-4
-5
-3
1
-3
0
1
-1
-2
-4
-8
-5
-12
-12
-7
-11
-7
-10
-6
-8
-12
-9
-7
-7
-11
-13
-19
-19
-17
-16
-10
-11
-11
-6
-12
-13
-11
-14
-13
-14
-14
-18
-19
-18
-21
-18
-23
-18
-20
-20
-17
-16
-20
-21
-17
-22
-14
-18
-23
-16
-20
-21
-15
-16
-17
-21
-20
-20
-21
-17
-15
-14
-12
-9
-10
-10
-14
-15
-14
-9
-9
-9
-8
-11
-8
-11
-11
-10
-11
-11
-7
-6
-5
-1
-2
-2
-5
-3
-3
-7
-4
-10
-8
-8
-9
-11
-19
-19
-13
-11
-16
-14
-13
-16
-16
-15
-14
-15
-13
-11
-14
-11
-11
-15
-14
-11
-13
-16
-15
-21
-18
-21
-22
-13
-12
-13
-18
-18
-19
-24
-20
-18
-17
-14
-13
-10
-7
-4
-8
-11
-9
-10
-10
-12
-8
-9
-12
-10
-10
-9
-10
-8
-12
-10
-11
-8
-4
-5
-8
-11
-9
-9
-8
-9
-5
-4
-8
-7
-8
-3
-4
-2
1
-6
-4
-7
-3
0
-5
-2
-5
-1
-1
-4
-5
-8
-2
-4
-9
-6
-2
-2
-3
1
3
6
9
10
8
12
15
11
12
16
19
18
27
23
20
25
24
29
23
25
21
18
22
22
19
20
21
16
21
20
22
20
19
21
21
20
18
22
15
18
18
20
19
16
17
16
17
18
23
17
16
14
13
12
13
14
13
11
13
11
11
11
2
-1
2
3
-4
-5
-2
-3
-3
2
-1
-6
-9
-10
-9
-12
-13
-11
-15
-9
-3
-7
-5
-6
-9
-13
-11
-10
-9
-12
-23
-19
-14
-16
-17
-18
-22
-20
-23
-22
-20
-22
-18
-21
-20
-18
-20
-22
-21
-20
-19
-19
-15
-13
-18
-20
-24
-20
-18
-24
-27
-21
-21
-22
-20
-17
-16
-17
-17
-19
-19
-21
-20
-15
-13
-11
-12
-12
-12
-11
-14
-9
-5
-4
-3
-9
-7
-7
-7
-8
-5
-4
-7
-3
-8
-6
-1
-2
-2
-2
-5
-9
-7
-5
-5
-3
-1
-1
2
2
-1
2
-5
-8
-8
-4
-3
-2
-2
-1
-1
-2
4
-1
4
4
-3
1
0
3
8
10
6
4
4
2
3
3
11
7
6
3
1
4
4
7
4
3
5
2
1
2
5
6
2
4
3
0
2
3
6
3
1
-1
-1
-3
-3
2
0
3
0
1
2
5
4
5
8
5
4
-2
5
2
-1
2
3
0
0
3
4
1
-2
-1
-2
2
1
3
-2
-5
-2
3
0
2
2
-2
5
-2
2
2
0
3
1
-2
5
9
6
5
5
10
10
15
13
12
9
9
12
9
10
6
9
9
6
3
1
6
3
6
3
6
1
2
-2
-3
1
0
0
-9
-6
-3
-2
0
-7
-9
-10
-14
-10
-10
-9
-12
-15
-14
-16
-13
-17
-19
-19
-16
-18
-16
-20
-22
-23
-20
-13
-16
-16
-21
-18
-18
-16
-10
-15
-17
-20
-22
-17
-14
-14
-15
-14
-15
-13
-10
-13
-11
-13
-7
-4
-6
-7
-11
-14
-9
0
0
-5
-13
-15
-12
-9
-10
-8
-17
-20
-23
-9
5
-5
-9
-19
-18
-11
-13
-12
-15
-26
-22
-15
-8
-4
-14
-8
-8
-4
-4
-11
-10
-12
-3
0
0
-1
-10
-12
-13
-9
-1
-3
-8
-9
-10
2
1
2
-2
-9
5
-4
-3
-4
2
6
5
18
13
4
1
-3
11
24
16
7
-9
-10
-5
15
34
25
8
-13
-16
5
26
34
24
-11
-15
-2
22
40
23
14
-3
-1
7
14
20
14
5
4
10
14
16
-1
12
15
26
16
-2
4
-1
21
24
22
12
8
11
16
21
23
20
4
20
15
25
10
6
20
24
43
14
10
-5
1
28
24
36
10
-2
-2
9
42
35
19
9
4
34
31
15
21
8
45
36
20
16
-23
19
17
38
47
-8
-6
-13
30
56
23
9
-19
-11
30
15
25
5
-20
20
1
47
16
-23
-7
-18
72
38
10
-22
-51
8
31
56
20
-24
-34
-8
27
52
21
8
-29
-10
21
3
21
-35
22
24
28
8
-54
-17
-4
54
67
24
-40
-46
-44
58
70
43
16
-89
-1
-17
59
68
10
28
-41
-15
0
9
43
38
13
29
-58
-38
-24
21
114
20
2
-105
-71
4
62
106
30
-43
-123
-84
-11
101
68
6
-88
-108
-27
-1
91
43
11
-52
-88
-25
4
70
38
-7
-36
-76
-46
-14
39
75
24
-51
-84
-77
9
52
34
30
-64
-50
-70
-17
62
18
19
-80
-50
-35
-9
7
-6
-2
-28
-35
-72
-14
-40
4
-43
-33
-18
-46
-16
-78
0
-53
8
-37
-16
-4
-77
-29
-102
34
24
20
-57
-119
-68
-20
51
36
21
-98
-92
-111
45
95
42
-32
-173
-54
-16
84
52
-27
-59
-101
-32
28
51
24
-55
-68
-6
-6
59
-30
10
17
-30
31
-78
52
32
29
30
-96
-22
-21
39
102
30
-17
-69
-108
67
89
105
45
-131
-25
-32
76
139
41
45
-67
-94
33
50
139
103
-37
16
-88
-7
65
58
180
29
-58
-90
-113
94
164
156
86
-129
-153
-52
71
253
147
-49
-118
-212
67
143
144
138
-145
-36
-107
13
149
39
118
-33
-37
-9
-69
30
70
98
129
-64
-101
-119
-18
210
128
130
-129
-146
-49
77
255
87
9
-186
-72
54
151
102
-52
-71
-51
94
46
47
-88
-12
7
94
92
-72
-35
-146
120
90
97
-37
-204
0
-26
179
27
-69
-92
-118
59
80
49
-18
-129
-121
83
32
189
-105
-122
-60
-118
240
-37
130
-98
-153
0
-95
139
17
9
27
-72
-56
-80
-127
144
75
148
-96
-299
-131
-73
326
196
56
-213
-322
-107
114
270
183
-67
-212
-193
-86
140
115
165
-47
-102
-188
-141
59
107
214
7
-111
-220
-159
46
192
139
58
-210
-156
-57
40
244
-36
41
-186
-88
46
-9
147
-41
-35
-49
-83
62
40
8
31
-162
27
-58
74
117
-51
26
-209
-11
30
163
138
-53
-181
-173
-16
178
228
40
-90
-288
-53
48
268
102
-49
-151
-155
94
-4
164
-101
67
-4
-4
2
-164
45
-18
203
19
-14
-177
-134
3
125
203
-6
-66
-256
31
-23
206
20
-51
37
-183
129
-129
57
30
-5
93
-5
-66
-68
-96
16
240
-4
120
-265
-149
24
40
312
-37
-26
-193
-86
85
103
89
-37
-32
-6
27
-51
-40
-38
182
127
90
-126
-245
7
68
401
132
-69
-243
-270
190
254
331
19
-231
-162
-81
217
247
121
18
-207
-75
36
128
209
-23
40
-50
-13
69
-48
103
60
105
98
-89
-58
-43
67
244
106
32
-126
-196
105
111
247
60
-176
-88
-102
176
206
17
-42
-167
-55
214
55
141
-111
-167
85
-25
267
5
-71
-121
-117
143
146
121
-110
-121
-130
100
133
48
33
-131
-12
9
26
75
-3
-33
76
18
44
-25
-154
103
51
165
64
-189
-21
-82
82
194
-15
66
-140
-154
135
-47
211
-62
-91
99
-111
133
-109
-39
87
15
114
-15
-122
-46
-90
145
151
56
-56
-223
-13
-9
181
23
32
-39
-91
-56
-62
66
67
87
-67
35
-171
-7
-70
31
216
-23
41
-247
-141
7
77
186
55
-155
-167
-230
42
234
85
88
-325
-100
-81
65
169
-102
24
-188
-11
-42
8
-15
-20
-8
-34
9
-158
2
-109
97
55
-17
-57
-148
-46
46
78
-4
-34
-182
7
-32
103
36
-92
-84
-95
76
83
51
-128
-115
-86
133
149
31
-108
-203
-19
79
182
16
-85
-121
-82
118
36
67
-35
-84
69
-48
27
-29
-70
114
2
42
-13
-175
57
-49
124
133
-37
21
-222
-55
43
198
168
-8
-208
-203
12
105
316
21
-94
-209
-203
186
171
177
-2
-257
-49
5
96
200
-72
18
-80
-110
133
-62
134
-54
-68
30
-59
88
-58
14
-45
84
-34
45
-90
4
69
-23
169
-166
110
-184
89
116
9
151
-289
19
-5
143
240
-143
-114
-71
-89
360
-20
98
-34
-341
263
-161
333
45
-222
152
-259
232
-11
-65
144
-92
111
-26
-107
68
-21
64
110
-70
54
-137
-4
88
28
108
-125
25
-19
30
29
-66
46
41
9
47
-100
-26
30
-93
195
-68
74
-59
-211
79
-61
208
56
-34
-97
-166
-44
109
205
45
-81
-306
-89
108
163
128
-75
-185
-21
-124
67
152
-86
253
-323
-3
-119
-120
385
-94
222
-307
-274
2
63
332
79
-216
-199
-171
62
299
-41
103
-291
-96
-16
-41
210
-93
104
-114
-35
-69
-78
94
28
104
-20
-63
-68
-61
-25
161
47
106
-116
-237
70
-132
334
-13
-7
17
-321
189
-152
220
46
-116
65
-154
133
-25
-34
44
39
82
17
-169
-22
-22
115
141
-57
24
-195
24
40
90
91
-170
24
-32
99
44
-187
10
41
148
145
-190
-108
-19
-28
356
-21
18
-53
-393
312
-74
282
127
-336
183
-333
159
117
8
291
-181
-155
-132
-64
297
212
-54
-7
-329
-49
70
72
335
-24
-113
-199
-248
137
244
145
194
-335
-221
-136
-32
541
60
101
-228
-422
143
-69
425
162
-60
-8
-355
96
-1
310
152
131
-143
-176
-89
-61
432
49
336
-303
-158
-167
-8
346
211
193
-225
-299
-274
331
229
456
-351
-201
-262
73
461
-24
266
-530
108
-188
304
137
-122
115
-319
297
-89
107
22
-147
165
120
-111
100
-361
217
248
-150
297
-548
219
-82
-36
322
-207
141
-233
-119
98
14
81
16
-132
57
-166
75
-27
41
169
-133
205
-277
145
-129
-5
276
62
341
-341
-232
-31
222
532
73
-220
-143
-325
427
245
242
152
-528
220
-159
366
214
-85
282
-246
94
-65
22
317
-2
136
-98
-233
67
-49
273
134
-130
68
-286
-64
21
80
440
-161
-168
-373
-111
274
134
244
-309
-293
-357
18
279
179
-40
-306
-297
-177
62
49
214
-111
-160
-351
-237
96
117
169
-181
-233
-274
-145
-33
39
79
-49
-158
-375
-155
-169
122
89
-85
-13
-510
-90
-146
258
252
-90
-99
-352
-66
-73
393
269
202
-304
-315
47
278
486
132
61
-220
-70
95
516
343
232
-209
-14
233
101
512
-36
407
30
-76
199
-93
467
232
123
78
-315
26
167
398
437
-139
-266
-341
128
477
355
115
-365
-363
-34
222
463
1
-221
-379
-407
155
-53
284
-350
-426
-347
-502
125
-397
-101
-510
-574
-218
-383
-218
-556
-640
-345
-276
-173
-387
-899
-617
-446
280
59
-689
-845
-893
249
257
97
-303
-760
-134
-149
571
467
7
-244
-524
558
843
639
81
-249
350
721
526
729
169
322
337
226
1209
380
683
-126
140
841
627
985
-42
188
225
628
874
549
310
239
36
547
590
708
784
-160
436
121
848
738
256
658
300
686
336
399
663
688
541
374
293
344
348
66
328
327
321
-139
-658
-467
-242
13
-371
-695
-1077
-1141
-1096
-999
-690
-1088
-1401
-1906
-1727
-1419
-1221
-1476
-1725
-1767
-1909
-1540
-1790
-1207
-1493
-1741
-1638
-1414
-606
-1100
-1385
-1629
-672
-120
-92
-674
-1134
-436
12
622
354
199
-261
149
285
1270
1031
274
485
77
1713
909
965
683
544
1357
910
1270
1087
1026
894
1147
1114
1750
1192
1179
1148
1103
1824
1406
1804
1367
1495
1513
1765
1943
1839
1857
1584
2001
1921
2073
1925
1765
1965
1921
1849
1706
1515
1509
1488
1215
1171
873
613
494
159
116
-228
-597
-722
-1024
-1216
-1461
-1836
-1968
-2179
-2397
-2473
-2904
-3043
-2902
-3081
-3044
-3407
-3584
-3196
-3394
-2953
-3087
-3310
-3153
-3234
-2589
-2222
-2284
-2363
-2535
-2283
-1361
-1218
-1030
-1386
-1362
-889
-667
-175
-97
8
-378
-181
2
491
585
434
782
691
570
463
451
1124
1486
1357
1340
355
576
951
1753
2468
1559
814
272
640
2000
2415
1999
1275
155
792
1171
1968
2289
1297
1025
370
816
1474
1818
2258
1729
968
806
1028
2227
2685
2453
2212
1390
1842
2125
2789
3361
2777
2728
2115
2303
2744
2745
3140
2706
2463
1968
1314
1514
1666
1858
1488
281
-199
-697
-672
-505
-1114
-1209
-2298
-2895
-3267
-3590
-2911
-3314
-3676
-4448
-5156
-4807
-4836
-4382
-4252
-4753
-5149
-5735
-5077
-3990
-3601
-4118
-5114
-4939
-3812
-2921
-2782
-3332
-3402
-3312
-2843
-1922
-1627
-1176
-2076
-1772
-1115
-565
353
-412
128
242
1122
1920
1134
982
1625
3055
4149
2973
2205
2691
3174
4826
4451
4833
3909
2659
3470
4056
5491
4544
3067
2494
2482
3067
3112
2341
2044
1347
917
681
52
438
-44
-248
-439
-780
-859
-1617
-1466
-462
70
-88
-1163
-1349
-539
525
1381
1584
1141
702
972
1997
3501
3560
3228
2507
2673
3381
3787
3995
3732
3471
2971
2669
2215
2519
2222
2123
1340
478
24
-846
-633
-1000
-1040
-1978
-3167
-3545
-3760
-3420
-3845
-4423
-4841
-5267
-5562
-5484
-5670
-5169
-5707
-6242
-5760
-6079
-4782
-5922
-5858
-5245
-5263
-4194
-5265
-4801
-4174
-4133
-3733
-3364
-3272
-1703
-2697
-2250
-1694
-1491
1262
163
791
44
524
2658
3236
3764
3807
3111
3675
4516
5176
7003
5303
5515
4869
5507
6548
5634
5782
5129
5066
4709
4157
3372
3655
2958
3088
1934
982
662
-200
286
-337
-142
-1058
-1886
-2371
-2046
-1175
-1009
-1503
-2132
-1927
-1618
-753
-564
314
188
81
328
843
2242
2192
2716
2610
2904
3060
2940
3539
3804
4044
3688
3080
2638
2783
2691
3019
2201
1645
788
-106
87
-372
-34
-1025
-1968
-2695
-3244
-3215
-3370
-3703
-3908
-4809
-5381
-5581
-5687
-5125
-6103
-5881
-6069
-5743
-6072
-7069
-6493
-5904
-5057
-5292
-6199
-6437
-6062
-5390
-3859
-4507
-4091
-4673
-4609
-3076
-2429
424
-634
-2450
-2435
-100
3591
3532
1392
1955
2579
4361
5695
5757
7526
5237
5427
6476
7723
9091
7147
6730
6851
6947
7196
6135
5225
5937
5139
4897
3087
1968
2381
1497
1648
533
-177
-1121
-2353
-2101
-1598
-1480
-1806
-2904
-2966
-3020
-2771
-1658
-1603
-961
-1418
-1534
-537
-121
1233
1583
1548
2184
1884
2853
3331
3557
4313
3795
4008
3961
3552
3930
3537
3757
3845
2605
2388
1141
1122
1347
545
468
-1047
-1795
-2102
-2783
-2411
-2804
-3823
-4299
-6036
-5502
-5084
-5455
-5270
-7119
-6870
-6858
-6848
-5848
-6588
-6605
-6591
-7288
-6424
-6633
-6155
-5126
-6303
-5788
-6386
-5846
-3907
-4248
-3318
-3961
-3203
-512
-888
-1617
-2167
-91
3414
3349
1859
1860
2141
4524
6242
7288
7967
4877
4910
6410
9142
10416
8162
6989
6406
7087
7668
7290
6349
6277
5352
4711
3152
2617
3031
2495
2173
299
110
-1688
-1942
-1600
-826
168
-2625
-3306
-3704
-2625
-1086
-1074
-1162
-1343
-2782
-1479
221
1077
2751
-40
1354
1121
2109
4212
3005
4525
3051
3319
3457
3337
4044
4101
3367
3306
2266
2097
2064
718
1959
318
624
-1311
-2198
-1347
-2178
-1404
-3320
-4088
-4486
-5030
-4541
-5048
-5746
-6115
-6931
-5582
-5672
-6541
-7292
-7703
-5527
-5392
-5985
-6530
-7867
-6476
-6124
-5649
-4298
-6665
-5999
-7883
-6998
-4263
-3665
-2035
-3974
-3470
-2879
-3774
-2903
636
2630
3048
-1871
-1565
1875
4040
7663
5318
6436
3854
3310
6349
9019
11311
9655
7236
6305
6623
7427
9544
8356
8642
6342
4714
3763
3250
5632
5416
4295
1548
-352
-837
-613
347
1620
321
-1525
-4004
-3758
-1536
-370
163
-1760
-2591
-2804
-2017
-482
1168
1341
1129
-394
112
1425
2458
3880
3156
3805
2571
2408
2564
3567
4756
4310
3270
1783
1583
1633
2569
2030
1958
472
-906
-1525
-1965
-679
-1098
-1668
-3255
-4103
-4287
-4483
-4503
-4753
-4655
-5281
-5798
-6595
-6097
-6113
-5656
-5615
-5539
-4901
-7001
-7072
-6929
-5129
-3741
-5445
-6758
-7930
-7097
-4829
-4532
-5306
-6025
-6842
-4593
-3424
-1288
-1061
-5130
-5307
-2561
2636
3629
-1045
-1749
157
3409
6113
5247
5952
4238
3685
6794
8858
10559
8505
6885
8126
8562
9110
8679
7350
8341
7934
7521
6022
4217
5213
5077
4945
3542
2026
948
-155
327
1039
678
-998
-2617
-2343
-1561
-1082
-1217
-2053
-1968
-2273
-2246
-1255
-749
150
-314
-587
384
319
1554
1303
1915
2638
2020
2357
1888
3043
3613
3025
2308
1802
1792
2376
1793
1578
1003
-102
-43
-1003
-338
-961
-1722
-2439
-3245
-2678
-3305
-3804
-4105
-4103
-4016
-4715
-5720
-5361
-5180
-5049
-5058
-5790
-5233
-5688
-5387
-3938
-3987
-4722
-6722
-7175
-4776
-3503
-4336
-4995
-6460
-6137
-5748
-6121
-3485
-4376
-4589
-4811
-5737
-2038
-883
-2017
-3425
-3855
267
2309
-192
347
685
3135
4930
3497
6288
5168
4567
6121
7403
10871
8958
6639
7504
8133
9984
9460
7454
8005
7159
7491
7077
5178
6054
5154
4632
3634
2548
2588
1138
706
702
932
374
-457
-1025
-1669
-1539
-1184
-613
-650
-1653
-2397
-1456
-659
648
317
-367
-222
-836
1161
1202
1799
2005
1074
1502
725
1568
1927
1609
1805
1187
170
-82
-838
313
555
-284
-757
-3110
-2745
-2788
-1981
-1090
-2532
-3449
-4587
-4957
-3417
-3049
-2798
-3673
-6093
-5709
-5173
-3351
-2835
-4133
-4809
-5196
-5070
-4602
-5236
-4379
-3192
-4414
-5478
-7555
-5813
-4350
-4429
-5133
-5865
-5307
-5235
-4395
-2236
-1550
-4687
-4833
-2897
1061
645
-1390
-624
351
3367
3804
4172
4033
4058
5225
7045
8069
8397
7332
7312
8580
8537
9512
8109
7772
7881
7729
7858
6210
5862
5901
5115
4409
3547
2822
2343
1287
1198
1164
453
-42
-1173
-970
-502
-572
-704
-1825
-1849
-1443
-443
-154
-316
-354
-451
-220
79
1496
1623
1375
734
1054
1700
1864
2042
1762
1863
1491
1271
555
629
505
434
146
-352
-805
-2039
-2207
-2183
-1533
-2017
-3502
-4403
-4548
-3517
-3394
-3887
-4440
-5293
-5314
-5354
-4700
-3753
-4316
-5067
-6358
-6599
-4676
-4222
-4524
-5640
-7051
-6043
-6657
-5242
-4838
-6899
-6474
-6071
-1343
-23
-5606
-9236
-6909
898
5211
-219
-4307
-4434
-1749
4779
6162
7738
4042
-406
2650
7095
12691
11548
6967
6897
8176
9120
9767
8089
10047
10422
8683
7016
3549
5623
6777
6557
5986
3038
886
-928
-1126
1602
2014
194
-2604
-5239
-3751
-2758
-1820
-1215
-2219
-2388
-4083
-4422
-2227
-473
1557
693
-1084
-1507
-1097
1308
3369
4564
3959
1372
498
1910
4330
6086
4656
3295
1656
1046
1815
2239
3450
2430
586
-1139
-2237
-1508
-895
-779
-1663
-3655
-4876
-5534
-5239
-4687
-4345
-4371
-5976
-7089
-7574
-7232
-5906
-5841
-5316
-6433
-8157
-8147
-8342
-5290
-4923
-6224
-7097
-9460
-7833
-6445
-5685
-3517
-4637
-3085
-2730
-6912
-5576
-3748
2449
4028
-1740
-2109
-2488
1588
6104
6824
8784
5223
1854
5435
8826
13817
12290
8666
9555
7948
9593
10144
10165
11860
9910
7867
5898
3891
6225
6759
6175
4920
893
-556
-2045
-907
901
56
-1926
-5092
-5888
-5170
-4119
-2820
-2586
-3344
-4577
-4904
-3629
-2350
-652
369
250
34
-1254
38
1835
3952
6083
4381
3349
2198
2953
6022
6953
7066
5385
2894
2769
2737
4102
5030
3054
2037
-381
-1172
-939
-1216
-285
-1490
-3213
-4899
-6570
-5815
-4822
-4668
-4736
-7588
-8199
-8247
-7866
-6099
-7032
-6407
-7570
-9160
-8379
-7572
-6135
-5562
-7544
-7414
-7614
-7868
-5804
-7202
-5162
-4804
-3673
-341
-3470
-6795
-6815
-1247
5535
3752
-2359
-2985
-2507
3719
7865
8479
8401
1474
2078
6283
11488
14223
9599
7459
8183
8077
9817
9221
9231
10893
8338
7245
3754
3308
6017
5836
5721
3098
-295
-2005
-2809
-506
1162
-306
-3277
-6517
-5927
-4487
-2891
-2820
-2495
-3227
-4740
-4207
-3219
-814
722
895
717
186
-392
1679
2704
6318
6572
4073
3604
2279
5923
6954
7839
6939
4126
3778
2906
3508
5043
4803
3345
895
-1275
-931
-1464
-252
-830
-2456
-4292
-7008
-6475
-5801
-4589
-5156
-7404
-7752
-8984
-8893
-7701
-7519
-6244
-8082
-8614
-9315
-9192
-6735
-6904
-6254
-6698
-8080
-8563
-7676
-6376
-4408
-5225
-4056
-2158
-1856
-3610
-7093
-2611
2958
5552
903
-2579
-1267
1803
6356
8282
9344
5280
2507
3604
8889
13397
12295
8616
6940
7854
8358
9044
8891
10227
8765
6871
4274
2643
4719
5381
5454
3138
667
-1680
-3115
-1843
82
383
-1955
-5043
-6819
-6019
-3768
-2120
-1946
-2920
-4921
-5030
-3148
-1051
983
659
612
401
-34
1755
2652
5092
6354
5328
4461
3082
4592
6290
7651
8223
6088
3956
2825
3059
4950
5388
4038
1656
-954
-1087
-1255
-575
-559
-2413
-4226
-6248
-6214
-6181
-5823
-5597
-6601
-7492
-8694
-9109
-8874
-7870
-7109
-7005
-8413
-8992
-9047
-8596
-6702
-6358
-6088
-7450
-8573
-8379
-6259
-5101
-4484
-4512
-3081
17
-3425
-5797
-5017
1539
6225
2678
-1227
-1922
655
5142
8133
9074
8262
2600
3288
6941
12358
14066
9261
7971
7478
8601
9263
8978
9651
10292
7800
5896
3057
3884
6102
5320
4833
1605
-378
-2476
-2354
-493
803
-1081
-3574
-5665
-6125
-5039
-4153
-1776
-2002
-3045
-6288
-5385
-2478
203
1410
68
-172
-855
146
1206
4423
5528
5461
3414
2722
4278
5010
7054
6723
7401
5218
3377
2420
3375
5819
5554
3577
-88
-1062
-1459
-146
-57
-327
-2329
-5275
-6261
-6912
-4859
-4895
-5575
-6909
-8223
-9231
-9433
-8209
-6768
-6035
-7974
-8972
-9918
-8778
-6855
-6346
-6100
-7745
-8582
-8236
-7011
-5319
-5887
-6480
-5260
-3007
-88
-1844
-6612
-6171
-507
5582
4763
-1330
-3034
-1701
3717
8972
9234
7504
1895
1647
6677
11795
13888
9632
6787
7437
8504
9635
9569
9246
10068
8385
7005
4457
3629
5856
5851
5960
3307
84
-1811
-2246
268
1532
293
-2401
-6053
-6539
-4928
-2716
-1346
-2309
-4048
-5765
-5060
-3053
-890
757
997
-439
-1472
-1784
966
3632
5514
5714
2826
2181
1911
4773
7095
8310
7227
4008
2452
2659
4873
6277
6229
3587
1066
-1107
-599
678
1786
826
-2421
-4535
-5909
-5204
-4705
-3617
-4049
-5875
-8010
-9230
-8085
-6392
-5373
-6200
-8045
-9157
-9377
-8505
-6046
-5115
-5720
-8139
-9160
-7696
-6652
-5065
-5268
-5495
-6234
-7463
-5718
-2440
1223
60
-5533
-6363
-1632
3573
4102
226
-340
637
2672
5757
6720
7614
4782
3601
6323
9593
11186
8431
7276
8934
9835
8894
7444
7332
9307
9269
7734
5220
3758
4870
4780
4918
3644
1732
-542
-1746
-449
777
472
-2172
-4082
-4511
-3834
-2903
-2600
-1854
-2802
-4293
-3942
-2822
-530
503
-356
-532
-847
-127
1534
2014
4160
3968
2557
2230
1930
4787
5531
6027
4911
2969
2921
2493
3551
4422
4120
2228
-235
-1236
152
365
554
-1257
-2969
-3877
-5403
-4254
-4368
-3313
-4399
-6823
-6972
-6977
-6072
-5817
-6868
-5974
-6535
-8117
-8031
-7231
-4518
-5717
-7446
-7591
-7640
-6895
-7033
-6479
-4615
-6044
-6954
-6252
-3091
1134
-2812
-6616
-6108
-416
3687
1488
-1522
-1316
127
3235
5756
6079
6362
2372
3416
6458
10641
11079
7275
6973
8485
9829
8819
8278
8382
10029
8497
7316
5042
4885
6391
5635
5513
3101
1574
0
-18
1062
1548
-208
-2053
-3439
-3571
-2752
-2821
-1773
-2326
-2897
-3806
-3748
-2014
-559
214
-263
-1003
-1281
-227
1314
2947
3765
2878
1773
1573
3067
4848
5689
5075
3699
2751
2788
3490
4015
4384
3126
1453
59
103
485
476
-75
-1477
-2583
-3640
-3693
-4086
-3851
-3973
-4685
-5790
-6455
-6665
-6802
-6170
-5757
-5602
-6928
-7264
-8283
-7612
-5885
-5888
-5801
-7526
-8385
-8142
-7940
-5745
-4169
-6442
-7330
-7641
-3568
813
-2698
-5726
-6948
-1902
3269
983
-834
-1747
-926
3339
4817
6723
5938
1740
3873
6372
10773
11208
6725
7328
8249
9793
10300
7757
8603
9245
8463
8191
4989
5581
6195
5065
5278
3140
1980
537
-655
897
907
-340
-1813
-3939
-3404
-3008
-3043
-2100
-2144
-2555
-4149
-4376
-2158
-108
339
-868
-1773
-1506
292
1829
3136
3193
2181
1642
1766
3835
5119
5442
4393
3579
2968
3166
3384
3754
4249
2762
1395
-808
-119
479
780
-194
-2219
-3358
-4426
-3697
-3788
-3563
-4711
-5526
-6691
-6759
-6590
-6725
-6237
-6591
-5974
-7378
-7807
-8006
-6689
-5535
-5984
-6892
-8280
-7820
-7595
-5653
-5374
-4875
-5575
-5656
-2410
-1426
-2877
-5316
-2711
1426
3198
-340
-1875
-42
2786
6272
5754
6415
3876
3526
6140
9625
12115
9686
7020
7288
9281
10265
10506
8502
9017
8441
7589
6266
4617
6300
6001
4748
2791
841
131
-305
-335
499
-919
-2713
-4379
-5131
-3518
-3281
-2916
-3345
-4306
-4316
-4697
-3201
-1216
-739
-472
-1849
-2059
-563
1084
2981
3214
2984
2517
1841
3050
4888
6078
6045
4695
3729
3099
3629
4517
4759
4325
2464
541
-278
301
1202
473
-932
-3204
-4300
-4253
-4236
-3580
-5042
-5330
-6397
-7519
-7304
-7871
-7042
-6964
-7661
-7813
-8555
-8265
-7500
-8852
-7005
-7687
-7686
-7271
-10200
-7980
-8002
-5490
-3180
-3669
-1787
-5584
-8754
-4187
1358
5900
1808
-4978
-2324
-432
6058
8665
6776
6853
1966
3385
8079
12027
14237
9937
7779
9257
8316
10588
10753
11024
12366
8723
7030
4029
4680
8229
7577
6011
2426
-1427
-1612
-1301
1266
1603
-1420
-3740
-7544
-6893
-4525
-2726
-1961
-3915
-6298
-6880
-6336
-3050
-152
326
-311
-3848
-3309
-940
2479
4627
4500
3630
1563
1665
3886
7014
7850
7733
5541
4198
3693
4457
6536
7020
6658
3074
800
205
1395
2655
2025
354
-2898
-4894
-4977
-4078
-3397
-3465
-5870
-7829
-9258
-8715
-7189
-7743
-7377
-8961
-10083
-9850
-10321
-8828
-8508
-9199
-8884
-9810
-9757
-10276
-9844
-7224
-6258
-6084
-5091
-3829
-4612
-7076
-5265
1285
3705
1593
-2893
-1969
2184
5500
7748
7760
7577
4552
5158
8358
13624
13884
10945
9527
9507
11266
10502
11424
11410
11899
10023
7276
4926
5741
7476
6938
5637
1815
366
-2264
-1042
161
-144
-1551
-5887
-5965
-6169
-5604
-4579
-4075
-3527
-5043
-7943
-6972
-4069
-1344
811
-2348
-2296
-3060
-1286
2482
3316
6176
3225
2050
2319
4349
7633
7922
7291
6036
5024
4775
5375
5584
8045
6071
4168
1512
680
2424
1670
2494
22
-1642
-3781
-5368
-4634
-3663
-3530
-5220
-7863
-9446
-9083
-8680
-6620
-7254
-8213
-9850
-12199
-10588
-9225
-6934
-6859
-9950
-10939
-10384
-9475
-8243
-8729
-7868
-5500
-6893
-4632
-3386
-4641
-5382
-4632
2490
4243
-241
-2604
-1647
3574
8746
7625
7254
4809
3604
7180
9595
14707
12779
8569
8504
9082
11186
11567
10599
11344
9946
8236
6873
4408
6966
7946
6660
3848
259
-591
-703
133
856
-489
-3632
-5447
-5881
-4553
-3860
-3816
-3283
-4520
-6344
-6802
-4844
-1980
-105
-1207
-2152
-3130
-2226
1318
2857
4978
3660
1908
1675
3067
6401
7263
6929
5555
4135
3852
5087
5425
6618
5474
3966
2094
881
2469
1781
2194
291
-1070
-2486
-3735
-3349
-3572
-3569
-4292
-6307
-7822
-7883
-7941
-6300
-7372
-7101
-8493
-10176
-8861
-9199
-6504
-6453
-8577
-9237
-10028
-8358
-6088
-6888
-7376
-8859
-8329
-4915
-5150
-3966
-2249
-1558
-2593
-5260
-1935
3356
3658
2316
453
1481
4741
5460
7457
8507
7478
6407
5646
9036
12372
10822
9627
8670
9030
9814
8273
9023
8680
8391
7859
4777
3787
4329
4405
4071
2029
409
-776
-2777
-1781
-1334
-850
-2182
-5420
-5694
-5052
-3103
-1720
-2229
-3746
-5432
-4853
-1686
745
1602
100
-1579
-915
1502
4498
5166
4394
3685
3376
4382
5762
6513
6970
6403
5494
4132
3723
4335
4790
4964
3919
1855
-422
-990
-442
534
-92
-2588
-5539
-7313
-6280
-5302
-4959
-6488
-9079
-10549
-10752
-9375
-8546
-8517
-10185
-11576
-12479
-11649
-10956
-10690
-9818
-10111
-10323
-12644
-11312
-8292
-1887
-368
-7010
-11445
-9296
770
5193
3108
-1213
-2777
-734
5379
9654
11785
8979
4397
6682
10110
16268
14627
12165
12640
13043
12913
11012
11037
13289
14469
12512
9440
4986
6238
7126
8160
7238
3540
291
-2764
-2136
-219
562
-1983
-5361
-8789
-8108
-6972
-5940
-5074
-5915
-7488
-8742
-8517
-6664
-3085
-2464
-2136
-4474
-4335
-2408
-558
2945
3874
3518
1422
1576
3661
6684
8529
8759
6444
5133
5225
6015
8390
8400
8092
4524
3107
2986
3475
4850
3274
1724
-889
-2595
-3011
-3375
-2764
-3298
-5882
-7503
-9669
-9459
-8931
-8795
-8184
-11110
-11815
-12620
-13863
-10967
-11207
-11044
-12111
-15348
-12922
-13056
-10078
-7598
-6784
-4425
-9641
-13098
-7923
-695
4704
722
-5210
-2342
-1016
6523
9637
9799
10069
4476
6705
10853
16119
17887
13814
12624
14275
12699
13837
13508
15112
16765
12497
10228
5936
7876
10393
9584
8039
3907
345
-1408
-1168
1628
1501
-1925
-5767
-9400
-7916
-6871
-4545
-5177
-7925
-8557
-10282
-8558
-6162
-5205
-3394
-4643
-6166
-5411
-4805
-872
774
2378
2692
102
606
1639
5752
9088
8050
6345
4161
4271
6850
8082
9676
8222
5197
3951
3044
4787
5328
4638
3091
306
-1063
-2043
-2435
-1642
-1899
-3457
-6625
-8693
-8723
-8769
-7306
-8355
-9765
-11781
-13542
-12510
-11990
-11075
-11400
-13367
-13740
-13718
-14228
-11310
-9778
-5479
-4701
-11317
-13924
-10789
-735
3792
-332
-4236
-4724
-1703
5171
9093
11441
9274
4328
6997
10522
17271
17796
14557
14932
14415
14294
13423
14306
17177
17498
14264
10468
6363
8461
10458
10121
8766
3921
1088
-2157
-1241
1291
923
-1279
-6226
-8409
-8409
-7610
-6151
-5948
-5913
-7457
-10027
-10166
-8754
-5390
-2123
-3231
-4928
-7751
-6795
-2195
1322
5232
2278
-655
-1602
643
6631
8855
8840
5422
2931
3656
5440
7847
9766
7657
5080
2479
2164
4182
3740
5425
3333
406
-1949
-4245
-2414
-1290
-1176
-3083
-7159
-9129
-9459
-9175
-6936
-6684
-8703
-11761
-15271
-14355
-11487
-9540
-9599
-13621
-15702
-16140
-13906
-9930
-6052
-3714
-8634
-15539
-14536
-4391
2843
2679
-3672
-5500
-3488
1214
7951
10097
11289
7012
5345
8040
14515
18372
16746
15665
15928
15340
12878
13761
16020
19374
17360
12718
7274
6327
9910
11020
10711
6452
2178
-1877
-2857
15
1625
128
-3847
-8598
-9181
-8467
-7079
-5252
-6061
-6700
-9878
-10862
-8468
-6070
-2933
-2758
-5174
-5825
-6156
-3382
426
2543
3856
688
-219
856
3298
7331
8319
7454
5049
3703
4401
5854
7940
9243
6483
3555
2155
2093
4269
4277
3867
1221
-1505
-2236
-3404
-2102
-1107
-2662
-5297
-7660
-8524
-8018
-8269
-7503
-8068
-10079
-10936
-13889
-12979
-11656
-11049
-10244
-13396
-13802
-15097
-14646
-10638
-7017
-3679
-7436
-15703
-14489
-5699
1860
2644
-4943
-5531
-5156
-34
7808
9084
10688
5192
3917
8098
14023
18275
16017
13938
15956
15489
14056
14946
15560
19707
17447
14064
9365
7267
11249
11679
11653
8169
3485
-383
-1518
969
3168
1095
-3404
-7556
-9284
-6933
-5501
-4820
-6045
-7573
-8626
-9733
-8325
-6662
-3462
-2842
-4264
-6093
-6590
-3485
-693
3092
3295
1328
-1102
-588
3157
7226
8787
6467
4298
2393
4282
5684
8097
8392
5705
3010
1099
2673
3930
4769
3162
744
-1614
-2314
-2744
-2250
-1010
-2198
-4472
-7596
-8292
-7637
-6853
-5897
-6748
-9223
-11748
-12430
-11194
-9301
-8951
-10886
-12808
-13570
-12670
-12734
-11062
-8443
-5847
-4925
-10511
-14358
-10708
-1211
3326
-56
-5405
-6468
-3353
3368
9746
10359
7876
2658
4191
9901
16264
17879
14090
13075
13419
13538
13351
14957
16934
17783
14376
10559
7193
8346
11902
11681
9909
5289
1035
-1226
-151
2580
3071
-497
-4801
-8478
-7661
-4980
-4167
-4045
-5482
-7223
-9518
-8701
-6361
-3118
-2115
-3463
-5975
-6263
-3989
-1346
1650
2546
2263
-968
-770
1453
5171
7135
6149
4448
2143
3226
4014
5837
6763
6190
2930
657
1008
2457
3535
2608
1190
-2302
-2741
-3342
-2957
-1574
-2816
-4449
-6972
-7764
-7122
-6999
-6727
-6546
-8150
-9421
-11279
-11515
-9343
-9116
-8517
-10655
-12592
-12099
-13020
-10103
-7798
-6221
-3954
-8558
-13171
-11502
-4050
3527
1151
-4509
-6008
-5168
1871
7342
8947
8817
3196
2832
6807
13072
17699
13805
11914
12174
11824
12936
13079
15198
16839
14120
11295
7336
7307
10833
11025
10834
6969
2624
251
-802
2690
3920
2270
-2035
-6698
-6253
-4995
-3659
-2244
-2639
-4448
-7267
-8655
-6054
-2795
123
-635
-4224
-5071
-5016
-1445
1817
4340
3806
-316
-1417
-143
4086
7110
7122
4473
2066
1356
2402
4261
6270
6179
2524
263
-1086
83
1551
2222
1131
-1963
-4300
-5755
-4705
-2952
-2514
-4669
-7244
-8689
-9103
-8031
-6976
-6437
-7903
-10521
-11546
-11898
-9739
-8486
-9338
-9730
-11591
-12610
-11423
-8614
-4371
-2662
-7562
-11937
-11607
-3611
2582
-187
-3267
-5574
-2953
1418
5494
8005
6627
3964
4386
7645
12398
14426
11576
12348
13135
13457
11967
11500
14422
15491
14960
11727
7843
7392
9898
11033
10482
6911
3263
669
580
3099
3267
1327
-2220
-5086
-5397
-4624
-3399
-2527
-3482
-4845
-7566
-7314
-4942
-2654
-974
-2456
-4095
-5010
-3659
-802
2152
2749
1917
-382
-181
1878
3945
6146
5060
4399
2084
2131
3043
4015
5339
4369
2575
34
-312
125
1451
1320
424
-2188
-4512
-4832
-4797
-2969
-3367
-5184
-7404
-8844
-8939
-7918
-7298
-7424
-7965
-10586
-11341
-11840
-10345
-8269
-9767
-10014
-12514
-12461
-9856
-6967
-1759
-4408
-11539
-12680
-6944
994
2619
-3433
-4920
-5162
-678
5760
5882
8083
3465
2619
6561
10593
15267
12145
10753
13061
13219
13033
12790
12755
16222
14877
13280
10185
7489
10664
9929
10987
8903
4784
2426
373
2605
4028
2522
-576
-4686
-5905
-4601
-3618
-2055
-3701
-5503
-6921
-7723
-5054
-4482
-2671
-2217
-4256
-4381
-5085
-2832
4
1935
2874
398
-1134
-376
2311
5942
6749
4735
2331
843
2718
4606
5807
5342
2514
707
-295
768
1291
1838
1313
-1317
-3395
-4728
-4305
-2866
-2440
-3657
-6423
-8771
-8870
-8657
-6818
-6515
-8047
-10460
-12694
-11733
-10640
-9081
-9183
-11141
-12834
-12959
-11068
-7888
-4161
-3859
-9617
-13001
-8572
-1874
1697
-1683
-3953
-4202
-2045
3447
5805
7750
6304
3993
5823
9504
13790
13869
11946
13838
14334
13505
13323
13251
16213
16527
14967
12055
8689
10196
11093
11299
10186
6416
3757
1459
1951
3585
2759
651
-3258
-5172
-5111
-4476
-3111
-3756
-4696
-6417
-8448
-7012
-4915
-2956
-2579
-5301
-5670
-5210
-2862
-724
-144
1148
-213
-104
237
1737
4148
4680
4858
3573
2317
2496
3629
5122
5589
3502
1894
183
990
1888
1512
1787
-1128
-2240
-3676
-3791
-2867
-3245
-2965
-5666
-7584
-8390
-8783
-6850
-6472
-7857
-9208
-12338
-11517
-10323
-9790
-7934
-11750
-12228
-12824
-12560
-8844
-7790
-2805
-4998
-12822
-12701
-7645
990
2798
-3337
-4454
-5731
-1755
5160
6320
9190
4716
2068
5747
9303
15291
13360
11418
13861
12396
12616
12656
13455
17228
15621
13967
10312
7392
10750
11230
12137
10017
4956
2435
504
2737
4696
2693
235
-4265
-5801
-4947
-4500
-1946
-2959
-4624
-6571
-8074
-6291
-4770
-2203
-1297
-3219
-4772
-5402
-3634
-92
2547
3712
964
-867
-133
1705
5880
7132
6326
3388
1186
2110
3840
6366
6519
3685
651
-634
137
1607
1896
1268
-1401
-3244
-4393
-5067
-3982
-3812
-3520
-5854
-8679
-9467
-9606
-7980
-6720
-8059
-9961
-11703
-12013
-10963
-10493
-8983
-9909
-11859
-12198
-12449
-10682
-8517
-6037
-3568
-7036
-11746
-10370
-4128
2410
1612
-2570
-4023
-3194
1694
6485
8397
8474
4914
4390
7465
11526
15152
13119
12643
13255
12503
12314
12348
14661
15929
14522
11989
8679
7785
9809
10309
9927
7282
4007
1353
49
2139
2557
1710
-1509
-4756
-5778
-5226
-2618
-2488
-3301
-4901
-7178
-6528
-4467
-2242
-892
-2373
-3508
-3731
-2290
771
1664
2885
2223
1135
1831
2624
5182
5825
5675
4779
2971
3183
3506
4272
4785
4114
2145
-62
-222
531
753
126
-1586
-3295
-4120
-4547
-4892
-5182
-4772
-6374
-7970
-8451
-9162
-8273
-8885
-8369
-9312
-10655
-9443
-10666
-10092
-9934
-10308
-9863
-11058
-10159
-10094
-10423
-7138
-4731
-3777
-7547
-11931
-6402
-399
2739
-143
-4995
-2791
-900
4882
8239
7331
6312
2871
5319
10594
14075
14256
10932
10836
12932
12052
12862
13037
13903
14606
11578
10128
7335
8656
10323
9156
8027
4817
2210
571
1373
2987
2577
-478
-3687
-5593
-4708
-2791
-1917
-3201
-4990
-5404
-5890
-4351
-3388
-1903
-1276
-2063
-2401
-2971
-960
1152
2876
3880
2718
1600
1402
3176
6242
6868
5575
3294
2123
3073
3638
4524
4192
2833
634
-1043
-482
203
72
-1210
-2893
-4309
-4987
-5259
-5529
-5597
-5837
-7336
-8556
-9320
-9056
-9086
-9258
-7952
-9088
-10237
-11353
-11353
-9352
-9200
-8769
-9749
-11270
-10450
-10433
-8131
-4811
-3172
-4069
-9971
-10413
-3864
1736
3414
-1589
-4187
-2256
236
6529
8593
8383
5904
2770
6731
11193
14886
13724
10833
11665
12406
11670
11982
12758
14417
14192
10843
8568
6223
8325
9721
9429
7647
3549
897
-511
1936
3438
2627
-1208
-4598
-5368
-4351
-1267
-938
-2149
-4821
-6865
-6028
-2469
-243
-7
-1879
-3826
-2106
-1099
2358
2408
2732
2855
1528
3037
2862
5446
5587
5299
4191
3033
2451
2666
3485
4068
3999
720
-742
-1945
300
-113
-806
-2564
-4966
-4703
-6060
-4985
-5732
-5954
-7245
-9267
-9545
-8997
-9098
-8724
-8916
-9645
-9688
-11759
-10605
-10251
-9891
-9197
-10277
-10529
-11383
-10358
-7401
-4413
-2597
-5909
-11795
-9725
-2243
3361
2183
-3690
-4758
-3100
2133
7828
8233
6875
3651
2872
7312
12538
15132
12578
10152
12011
11756
11249
12166
13420
15546
13499
10159
7190
6486
9949
10792
9430
6723
1912
420
864
3006
4768
1363
-1756
-5489
-5385
-2200
-2124
-1078
-2841
-5183
-5459
-4853
-2706
-1193
-885
-553
-2062
-2130
-812
-574
2921
4141
4947
2475
683
2709
4128
7912
7673
5456
2307
1704
2919
4607
5642
4517
1008
-1893
-1171
-884
586
-814
-1933
-4678
-6069
-6191
-6532
-5293
-6337
-6906
-8881
-9832
-10798
-10317
-8592
-8077
-8939
-10903
-12832
-12197
-10531
-8868
-8199
-10711
-11830
-13084
-10539
-5232
-1989
-2740
-9776
-13452
-6883
598
4418
-369
-5439
-4121
-2161
5037
7519
7746
5803
2488
4951
9313
13473
13476
10568
11374
13564
11528
11419
11130
14502
16207
13109
10052
5781
7803
10278
10887
9680
5477
1554
-128
1078
3957
3897
268
-3413
-6242
-4612
-2718
-2100
-2085
-3890
-5609
-6681
-5447
-2837
-800
-648
-1949
-3352
-3048
-1164
744
3242
4267
2879
1106
576
3138
6231
7533
6680
3611
2250
2367
3695
5534
5802
3820
313
-1376
-522
616
610
-113
-2807
-4613
-5735
-6109
-5423
-5012
-4732
-7466
-9847
-10883
-10429
-8335
-7475
-8122
-10091
-12420
-12655
-10846
-9190
-8099
-10377
-12447
-12050
-11527
-8282
-6916
-4223
-3196
-9300
-11626
-8216
-380
3783
-234
-3555
-3921
-2523
3937
7275
8799
7971
2845
4838
7359
13528
15597
12039
12676
11963
11550
11960
12770
15703
16359
13199
10562
6329
8715
11100
10973
10464
5163
2619
-38
1015
4318
3642
1501
-3397
-6415
-5049
-3934
-412
-1262
-4805
-6632
-7922
-3895
-1893
-1828
-1465
-3559
-2929
-1713
-1685
1263
1140
3249
3231
1521
2638
1247
4724
6913
7028
5393
2058
1907
3460
5173
6689
3806
737
-305
-1081
1074
-6
-102
-2173
-4610
-4983
-6702
-5702
-5522
-5540
-6899
-10279
-10634
-10381
-9658
-7624
-9421
-10626
-12562
-13586
-10707
-10597
-9594
-10777
-12945
-11673
-11944
-9502
-7042
-5490
-3536
-8812
-11627
-7055
-1081
3488
-237
-3788
-2935
-1683
4635
7520
8327
7913
4041
5646
9025
13578
15348
12394
12639
13372
12175
12640
13160
15478
16304
13196
10718
7484
8828
11080
10648
9334
5395
2355
647
942
2909
2965
77
-3560
-6067
-5430
-3869
-3435
-3012
-4449
-5484
-6110
-6282
-4926
-2726
-571
-1068
-2473
-3871
-2758
-233
3195
5546
4137
1916
403
2581
6177
9238
8141
4976
3032
3055
4603
5690
6955
4913
2413
-14
-400
738
1056
559
-1505
-3639
-5340
-6116
-6642
-5285
-5582
-6900
-9606
-11526
-10916
-10610
-8661
-9171
-10691
-12192
-13900
-13017
-10810
-9808
-10250
-12723
-12733
-11688
-11131
-8156
-6361
-3291
-5821
-11316
-9801
-3375
2872
2289
-2723
-3207
-2114
1469
7092
7983
9397
5523
4228
7303
11393
16103
13758
12493
13072
12521
11917
12729
14270
16693
14432
11685
8292
7082
10740
10184
10223
6747
3295
1051
-230
2082
2844
1314
-2012
-5911
-6480
-5210
-3809
-1506
-3769
-5981
-7622
-7344
-4147
-2884
-1140
-1579
-3803
-3927
-3235
237
3195
3924
3615
1059
1766
3434
5702
8303
7819
5820
3634
3200
5039
6046
6652
5489
2057
825
7
1725
2020
769
-918
-3988
-4546
-4997
-4927
-4603
-5710
-6572
-8394
-10743
-10091
-10414
-8709
-8618
-10426
-11333
-13694
-12624
-10996
-9596
-9501
-11659
-13325
-12699
-12342
-8542
-6615
-4965
-4295
-9684
-11161
-8679
57
3749
372
-4256
-5080
-2376
3541
8644
8830
7687
2514
3996
7344
14144
16596
13323
12060
11272
11958
11764
14385
15730
16578
12947
10057
7315
8448
12130
11501
10456
5490
2297
262
1629
4010
4400
1347
-3409
-6409
-6205
-2902
-1764
-1569
-4916
-6914
-7272
-6090
-3375
-2881
-1226
-2190
-3717
-4295
-2759
554
3039
4351
2742
1200
648
3094
5640
8190
7593
4806
2836
2437
5032
5555
6741
4628
2314
231
-66
1655
1459
1446
-1023
-3222
-4875
-4941
-4948
-4504
-5103
-6326
-8290
-10002
-10035
-10197
-8433
-8272
-8642
-11200
-13154
-12008
-11157
-8565
-8722
-10899
-11968
-13119
-10995
-9498
-7514
-5884
-6598
-5420
-7535
-10326
-6358
-321
2995
682
-4983
-3732
-2039
4751
10243
7920
6874
2122
4043
8995
14240
17047
12402
9873
10921
10977
12652
14612
14515
15184
11221
9684
7221
7972
12148
10577
9366
4616
1355
833
1794
4160
3587
568
-2986
-5575
-4937
-2906
-2592
-1390
-3080
-4921
-6326
-6907
-3728
-1511
1215
-43
-3728
-4940
-3093
1473
4715
5682
2699
-542
-705
2702
6085
7946
6541
2866
1222
1292
3843
4854
5303
3938
756
-1027
-1526
-164
890
785
-1283
-4266
-6161
-6436
-5452
-4491
-4357
-6240
-8541
-10376
-10585
-8311
-7118
-6421
-8982
-11167
-11727
-10944
-8695
-8242
-8111
-9657
-10471
-11858
-10651
-9216
-6185
-5352
-5022
-3865
-8287
-9373
-6797
1595
4346
497
-4589
-5072
-624
5601
9849
7824
6190
1844
4204
8412
14508
16079
11163
9717
9734
11666
12240
13981
14467
14549
11246
8973
7111
8405
11711
10645
9207
4297
1790
775
1884
4597
4501
1336
-3074
-5555
-4265
-1975
-821
-350
-2875
-5044
-6841
-6303
-2555
179
1385
-1480
-5014
-4372
-2028
1975
4294
3986
1569
-1362
-568
2258
5596
7000
4753
1612
223
826
2860
4047
4589
2873
-596
-2418
-2329
-215
932
-33
-2307
-5463
-5936
-5805
-5169
-3979
-4380
-5370
-8615
-9882
-9724
-7428
-5832
-5993
-8355
-10891
-11315
-10607
-7329
-6423
-6310
-10092
-11555
-12118
-8997
-6297
-5664
-4721
-6264
-4693
-8277
-8123
-4506
1706
2745
-1175
-4948
-4125
366
4793
9504
6888
6163
1505
3863
9281
14246
16094
11073
9636
9237
10986
12413
15036
14758
14372
9949
7750
7482
9270
12852
10663
8532
3723
1575
1679
3636
5602
4562
515
-3314
-4788
-3325
-1153
-519
-601
-3509
-5882
-7002
-5229
-2002
123
274
-2275
-4983
-4601
-1828
2108
4155
3460
92
-2467
-613
2359
5636
5760
3663
576
-900
667
3034
4488
4224
1817
-1140
-2420
-1659
808
828
282
-2591
-5589
-5743
-5268
-3276
-3047
-4387
-6506
-9111
-9135
-7417
-6572
-5823
-7222
-8606
-9441
-10896
-9604
-8384
-6563
-6795
-9823
-11699
-12056
-10219
-6776
-4842
-4617
-5163
-8670
-10872
-8893
-1125
3723
784
-4632
-6773
-3391
2279
8015
8334
6642
2535
1892
5728
11912
16484
13603
10373
9160
10385
11464
13944
15068
15717
12846
9441
7686
7711
12264
12626
11216
6766
2854
1334
2670
4848
6157
3366
-1592
-4624
-6203
-2030
-1643
968
-373
-6413
-8703
-8048
-2623
1103
780
-2892
-5624
-7318
-2392
-19
3141
3411
-1423
-2059
-3416
2172
3499
4461
4453
1522
-54
-210
1530
3644
5626
3245
903
-3129
-882
175
1982
2080
-1482
-2819
-5873
-4008
-3944
-2154
-2357
-5062
-6649
-8421
-8142
-6385
-5202
-4838
-6828
-10336
-10029
-10890
-7772
-5870
-7529
-8102
-12435
-12326
-10560
-8355
-4083
-6071
-5655
-6540
-10658
-8829
-4099
2122
3053
-2993
-5613
-4476
-236
7792
8476
8101
4750
1384
5187
9747
16280
15672
11492
10416
10251
11213
14324
14872
15723
14110
10011
8940
7106
10923
12678
11161
8664
3386
1067
1743
3050
5427
4052
-960
-3896
-7032
-3742
-2443
-1343
306
-5567
-8074
-9158
-6422
-1238
192
-1852
-4832
-8246
-5615
-2325
420
3999
-512
-1566
-4414
-918
2939
3889
6181
2452
1104
-648
978
2753
5826
5007
2785
-1327
-2062
364
1385
4272
280
-939
-5218
-4558
-3092
-1814
-566
-4303
-5327
-8160
-7328
-6976
-5635
-5126
-5929
-9058
-10565
-10716
-10040
-6475
-7637
-7503
-11675
-13229
-11700
-10415
-5866
-6503
-5605
-6094
-10075
-11761
-7733
-214
3209
-1012
-6447
-5814
-3475
4703
8430
8575
6482
1429
3675
7903
15400
16972
13263
11117
11271
11656
13405
15198
16021
16742
12634
10167
7205
9479
13116
12783
10991
5873
2083
1049
3035
5288
5718
1649
-2971
-6557
-6039
-2822
-2233
-455
-3274
-8458
-10184
-7977
-3537
-972
-1923
-4898
-7056
-7344
-3787
-1594
1737
1741
-1507
-3019
-2844
1312
3071
5403
4832
2549
329
277
2285
5199
7279
4765
1373
-1192
634
1699
4401
3275
670
-2049
-4427
-2533
-2167
44
-1880
-4585
-6089
-7504
-6750
-5468
-5287
-5407
-7450
-9364
-9466
-11127
-8212
-7441
-7507
-8346
-12821
-11978
-11616
-8764
-6921
-8865
-8136
-9085
-7146
-6425
-8907
-6199
-1901
-414
-1317
-5131
-2785
508
3880
9069
6717
6413
3750
5226
11408
15025
16854
12152
9631
11904
13437
14745
15997
14701
14175
10786
10148
9781
10080
12955
10321
8041
4352
2390
2905
3418
4581
2772
-1156
-3598
-5460
-4212
-2393
-2403
-2929
-6275
-7016
-7650
-6421
-2755
-2913
-3530
-5219
-6534
-4634
-3153
-1015
56
-731
-742
-2372
-1315
1541
2688
4118
2902
2047
1504
1166
3694
4624
5096
4194
1473
800
1144
2307
3548
2159
815
-2004
-3306
-1293
-1336
-279
-2115
-4805
-5553
-6344
-4384
-4488
-6015
-6469
-8492
-8092
-7809
-9128
-8134
-9266
-8753
-8830
-11257
-10326
-11441
-10364
-8498
-9720
-8440
-9098
-6892
-4901
-8341
-7716
-4910
-997
1199
-2690
-2735
-474
2091
7701
7226
7879
6773
5323
9774
12519
15883
14242
11018
12430
13806
14086
14548
13062
14310
13730
11310
10629
8004
10401
10065
8547
6827
3446
2591
1896
2023
2541
898
-2194
-4049
-5721
-3731
-4098
-3862
-3472
-6579
-7393
-8025
-6112
-4324
-3504
-4346
-5623
-6318
-5357
-3530
-1691
704
-389
-1664
-2814
-760
1538
3578
4559
3054
1895
589
2510
3776
6110
5866
3174
1529
648
2244
3597
3624
2286
382
-2015
-1663
-1534
47
-293
-3214
-4203
-5865
-4581
-4728
-5701
-5937
-7596
-7824
-8350
-9158
-8136
-8301
-9095
-9497
-10702
-10414
-10707
-10402
-9334
-10895
-10332
-9531
-7145
-3398
-5999
-9746
-9568
-3382
2275
1329
-2160
-2993
-1391
3741
8684
9189
8589
4855
5695
9588
14441
16488
12348
11301
12844
13616
13228
13334
13984
15118
13427
11410
8504
7680
10086
9822
9336
6454
2903
633
505
2612
3208
801
-2579
-5959
-6228
-4647
-4007
-3338
-4830
-7119
-9210
-8513
-5928
-4410
-4214
-5161
-6797
-6564
-5286
-3793
-1416
-311
-89
-2476
-2673
-790
1525
4147
4663
3572
1474
1402
2585
5187
6802
6553
3582
1469
2149
3201
4839
4314
3328
614
-540
-642
-543
553
-76
-1382
-4099
-4962
-4684
-4730
-4718
-5535
-7167
-7526
-8195
-9282
-8538
-8753
-7868
-9139
-10759
-10131
-11173
-9753
-9750
-10037
-9178
-9854
-8559
-7007
-4224
-3496
-7317
-7904
-2554
1401
2829
-179
-1324
1580
3702
8868
8588
8874
7784
6327
9906
13146
15813
13450
11366
12227
13709
13156
13553
12811
13207
12673
10323
9073
6991
8956
8409
7490
5406
2442
828
-135
1152
1366
-126
-3582
-6164
-6474
-5120
-4532
-5260
-6588
-7377
-8023
-8332
-7254
-6101
-4714
-4702
-6234
-6186
-5544
-3698
-2058
-856
359
-1095
-1476
-1265
1511
4461
5396
4378
2266
2459
3627
5502
6316
7003
4958
2999
2221
3140
4806
4372
3734
1028
-153
-677
-802
-452
-336
-1353
-3709
-5926
-6244
-4827
-5031
-4903
-7489
-8901
-8989
-9225
-7633
-8353
-8323
-9537
-10989
-9542
-9648
-9224
-8768
-9818
-8488
-8995
-7666
-5609
-4621
-1641
-5128
-6764
-2843
454
3696
1242
-420
2048
2120
7450
8628
8367
9249
5844
8949
10787
14116
14459
10584
11696
12504
11726
11934
11367
12143
12455
9350
8416
5517
7165
8008
6402
5461
1636
661
-1185
-261
303
-948
-2849
-6436
-6722
-7272
-6322
-5884
-6127
-4662
-8148
-10599
-8797
-6551
-2671
-2388
-6670
-6655
-7258
-3194
340
52
2951
-2414
-1834
-348
3104
7316
5140
5534
3137
3195
4878
6205
6935
8472
5607
3776
1959
2755
5798
4631
5504
784
-655
-2016
-1211
611
33
-783
-5258
-6481
-6889
-5469
-4641
-4582
-6737
-8702
-10782
-10592
-7955
-6775
-5658
-9071
-11007
-11560
-9740
-7370
-5995
-6823
-8934
-9962
-9022
-4783
-3035
-328
-1742
-5836
-6034
-2307
3237
5389
2194
1513
1592
2992
8208
8141
10864
8983
7098
8173
9168
13556
12877
11522
12041
10957
9423
9841
9313
12304
11034
9165
6622
2893
5713
5458
6176
4283
999
-1530
-3246
-2426
-957
-1288
-3501
-6115
-8726
-7451
-7467
-5450
-4026
-6190
-8079
-9160
-7519
-4997
-2992
-3149
-3517
-4943
-4188
-2561
-686
2776
2111
1640
349
1253
3630
5211
7455
6676
5076
4056
4448
5656
7975
7555
5962
3353
2617
3256
3304
4391
2504
1385
-1275
-1836
-2194
-1711
-961
-3096
-4319
-6687
-6724
-5989
-5436
-5671
-7334
-9056
-8720
-8986
-7269
-6817
-8820
-7516
-9398
-7519
-7416
-8267
-6106
-7781
-6170
-6354
-6531
-3882
-2997
-916
-1510
-5551
-3230
278
3305
4528
-398
1359
1704
4686
8798
7545
8511
5052
5123
8302
11192
12532
10184
7866
9570
9634
9334
10075
8573
10097
7587
6521
4762
3821
5871
4519
3472
1032
-1225
-2251
-2073
-1479
-1106
-3887
-6107
-7403
-7616
-5326
-5929
-5771
-7040
-8116
-6765
-6450
-4141
-3708
-4429
-3752
-3488
-1914
-391
-674
344
1516
2168
3526
2301
3888
4542
5740
7105
5693
6302
5100
6106
6647
6616
6276
4477
3383
3589
3433
3125
2161
422
385
-1356
-1133
-2079
-2365
-2476
-4517
-4996
-6241
-5754
-5301
-5493
-6160
-7781
-8500
-7747
-6586
-6097
-6373
-7597
-8337
-7901
-6652
-5540
-5141
-6385
-7696
-7502
-6439
-2862
-2338
-1355
-1222
-4925
-4839
-2670
3042
5108
1470
-794
-982
1480
6583
7751
7897
6506
3186
5102
6530
11557
12152
8883
8509
7241
7823
8556
8828
10044
9628
6760
4739
1777
4001
5705
4975
3579
-740
-2576
-3649
-2343
-488
-717
-3287
-6631
-8883
-7093
-5126
-4021
-3920
-6107
-6808
-7612
-5395
-3457
-2237
-1273
-2278
-3218
-2627
-847
952
2870
3645
3605
1931
2168
3333
5914
8192
7601
6186
3931
4463
5517
6893
7424
5827
3682
2062
1998
2553
3010
2454
1233
-918
-1930
-2895
-2443
-1387
-2096
-3233
-5612
-6316
-6424
-5094
-4177
-5472
-6902
-7501
-7493
-6903
-5460
-6062
-5790
-6649
-6782
-6223
-6378
-5922
-5582
-5101
-4933
-5300
-6288
-3890
-3135
-278
-227
-3986
-4529
-3399
2033
3767
1435
6
-595
954
5739
6192
6845
5314
3110
5792
6876
10696
9343
6888
7941
7593
7536
7676
6653
7819
7217
5963
5029
1358
3253
2880
3041
2692
-596
-1812
-3212
-2744
-1318
-2128
-3117
-4778
-7380
-5413
-6174
-4008
-3645
-4300
-2206
-5429
-5370
-4985
-1905
2348
1622
-1744
-2637
-2475
1903
5116
5592
5823
640
1811
2083
6481
9521
6939
5931
2646
3647
4483
5508
6317
5954
3255
1687
-292
770
2430
2255
2294
-2007
-2229
-4350
-3320
-1800
-1787
-1795
-5799
-6624
-7237
-5731
-3613
-3752
-4912
-6589
-8530
-6955
-5669
-3911
-2802
-5928
-5830
-7715
-6658
-4044
-3677
-2733
-5619
-7085
-5774
-3931
-1055
161
-1845
-4167
-5403
-1812
2107
2345
961
-1094
-285
1798
4261
4952
4985
4068
4006
4986
6296
7873
6972
7175
7420
6884
5868
5685
6391
7683
6648
5103
2981
1595
3390
3254
3703
1441
-680
-1829
-2289
-812
-715
-1426
-3029
-4729
-5155
-4163
-3449
-1978
-3098
-3501
-4252
-4388
-1825
-1584
-140
-467
-1202
-928
-404
1252
2490
2667
2788
2544
2337
3605
3923
5416
5579
5182
4686
3790
4674
4624
5118
4868
3790
2499
1981
1948
2175
1786
797
243
-1178
-1160
-2147
-2233
-1729
-2266
-2995
-4443
-4757
-4842
-4409
-3904
-4183
-5121
-5450
-6022
-5407
-4715
-4412
-3973
-5516
-5398
-5674
-4888
-3926
-4964
-4563
-5429
-5366
-5173
-5318
-3191
-2896
-2059
-1671
-4852
-4860
-2585
345
2210
-1033
-1598
-1447
-311
3803
3687
4835
3296
1135
3378
5008
8054
7119
4917
5647
5216
5438
6077
5713
6638
6162
4683
3752
1960
3590
4033
3399
2875
546
-346
-1049
-184
633
665
-1021
-2601
-3464
-3057
-1491
-2130
-1307
-2766
-1813
-274
-2415
-2722
-1861
860
2975
1286
-1381
-1123
-476
4129
5214
4698
3274
-935
1500
3568
8215
7435
3343
2245
1582
4095
5348
4862
3915
2872
1105
858
-80
2069
1876
856
-229
-2922
-2247
-3457
-1453
-1179
-1564
-2645
-5779
-5596
-4704
-3213
-2078
-3692
-5288
-6191
-7066
-4350
-3569
-2446
-3369
-6256
-6143
-6324
-4158
-3355
-4155
-4784
-6607
-7204
-6414
-5326
-3040
-1631
-1855
-5016
-8089
-5805
-1227
2541
1024
-2500
-4299
-3525
1024
4004
5034
3413
275
259
2445
6284
7728
6015
5579
4865
4483
4844
5140
7091
7753
6641
4377
1706
2695
4652
5870
5880
3348
802
-607
173
2580
3557
2332
-461
-2819
-2491
-974
674
811
-569
-2055
-2488
-1432
-698
104
602
786
185
-304
-507
300
2201
3314
3455
2059
1183
1112
2789
4880
5379
3813
2095
1636
2253
3870
3872
3254
1480
1046
1075
823
1097
811
702
-267
-1147
-1972
-1735
-1477
-1050
-1739
-2391
-2983
-3901
-3390
-3499
-2874
-3381
-3864
-4328
-4748
-4546
-4355
-4124
-4287
-4279
-4905
-5304
-6270
-5694
-5037
-4840
-5349
-7133
-7215
-6795
-5115
-4156
-3794
-3554
-5486
-6769
-4923
-1728
374
-909
-3202
-2632
-1465
1533
3092
2946
3155
1470
2102
3694
5741
7203
5760
5475
5586
5137
6150
6275
6889
7528
6095
5494
3648
4056
5733
5270
5356
3341
1741
1629
1325
2813
2656
1377
202
-1829
-419
120
-308
-73
-1162
-565
-615
-1525
-998
-575
841
1629
68
106
-598
449
2101
2589
3233
1309
823
1133
2533
4175
3895
2596
2107
1871
2192
2249
2234
2993
1842
1497
-33
-124
667
888
1008
-286
-1165
-2134
-1827
-871
-304
-1284
-2093
-3487
-3369
-2939
-2738
-2096
-3483
-3761
-4883
-5006
-4457
-4090
-3824
-4475
-5818
-5997
-6490
-7221
-5682
-5826
-5363
-7233
-8693
-7642
-6783
-4876
-4669
-5026
-4926
-6527
-7072
-3786
-1496
161
-2311
-3939
-2220
-1376
2076
2854
3213
3130
1519
2180
4000
6553
8170
6558
5641
5537
5240
7112
7497
8267
7860
6014
4957
4011
5590
6892
6320
5127
2977
2115
2224
2824
3730
2765
1869
-226
-939
-169
807
1814
353
-1027
-1439
-1174
-339
31
-48
1090
-236
-471
-888
-299
1749
966
2069
808
738
607
746
2361
3148
2928
1500
735
600
2085
1778
2646
1478
817
144
-634
842
990
1832
232
-809
-1524
-703
-50
300
60
-1580
-2248
-3184
-2190
-1992
-1866
-2730
-3985
-4440
-4358
-4173
-4312
-4485
-4885
-5244
-6526
-6436
-6722
-6422
-6017
-7076
-7422
-8254
-8365
-7167
-6970
-6107
-6488
-6653
-5061
-5969
-5596
-4538
-2954
-1555
-2513
-2414
-1525
-828
1449
2483
3124
3790
2217
3593
4927
7026
7844
6337
6909
6704
7034
7828
8090
8463
8672
7374
7048
6172
6611
7678
6813
6824
4736
3587
3540
3725
4605
3854
2138
928
-337
445
1109
646
1259
-1016
-1811
-1599
-1425
65
-459
-904
-1103
-2267
-1619
-1092
-593
677
-721
-648
-981
-604
695
571
1868
1336
728
739
479
1603
2452
2314
1991
747
893
1222
1426
2436
1567
1116
355
71
584
604
1067
190
-737
-1183
-2076
-1606
-1661
-2124
-2738
-3916
-3969
-4611
-4997
-4910
-5008
-5612
-6208
-7149
-7258
-6870
-7292
-7562
-8248
-8120
-8190
-8401
-8711
-7851
-7673
-6885
-6708
-6778
-4763
-5786
-5453
-5148
-3157
-922
-1942
-2120
-1798
-115
2372
3003
3213
4219
3419
4758
5546
7600
9230
7477
7883
7424
8640
9601
9210
9636
9242
8919
8475
7424
8028
8514
7902
7239
5426
4856
4184
4070
4217
3272
2385
461
-834
-684
-450
28
-1101
-2546
-3519
-4078
-3192
-2763
-1650
-2641
-4081
-4694
-4162
-1923
-1076
-1270
-2013
-2363
-1973
-511
257
1785
1334
835
829
968
2895
2761
3788
3228
2872
2734
2348
3353
3914
4162
3435
2440
1495
1975
1977
2617
1872
487
-505
-1688
-1240
-1260
-1169
-2507
-3877
-5067
-5586
-4943
-4756
-4840
-6746
-8017
-8060
-7763
-7027
-7504
-8420
-9023
-9547
-9405
-8482
-7714
-7709
-8994
-9448
-8362
-7007
-5428
-5514
-5431
-5591
-5011
-3259
-2172
-632
-573
-406
62
1239
3103
4099
4986
5351
5530
6453
7165
7787
9036
9686
10219
9427
9148
9703
10010
11071
10757
9869
8889
7815
8126
8265
7943
7203
5149
4067
3267
2880
2732
1910
827
-754
-1888
-2497
-2374
-2356
-2693
-4060
-5182
-5196
-4575
-4060
-4010
-4423
-5037
-4608
-4203
-2944
-2459
-2370
-2212
-2043
-664
41
538
985
1593
2277
2901
3303
3550
3873
4327
4860
4935
4987
4696
4477
4770
4828
4674
3866
3154
2956
2563
2420
1619
673
-36
-543
-1303
-2032
-2724
-3483
-4152
-5046
-5342
-6249
-6476
-7261
-7575
-7796
-8457
-8447
-9218
-8531
-8576
-8799
-8821
-9047
-9093
-8758
-8338
-7357
-6971
-7627
-7185
-7241
-4964
-4091
-3468
-3002
-3955
-2471
-1520
626
1958
1481
1533
1921
3325
5599
6030
6372
6597
6530
8109
8179
9235
9603
9585
10329
9486
9484
9338
9335
9880
9509
8796
7385
6096
6289
6246
6066
4892
2942
1774
988
977
599
-179
-1484
-2989
-3840
-4196
-3890
-3852
-4252
-4981
-6425
-6567
-5396
-4291
-3074
-4194
-5251
-4929
-3802
-1442
-981
-834
-1217
-1407
-136
1470
3001
3310
2999
2825
3579
4545
5477
5617
5856
5693
5457
5169
4814
5435
5167
5398
4037
2861
2102
1702
2186
1382
724
-985
-2178
-2729
-3111
-3378
-3775
-5077
-5994
-6933
-7696
-7342
-7724
-7174
-8220
-8951
-9280
-9293
-8075
-7866
-7466
-8167
-8763
-8477
-7794
-6598
-6017
-6033
-5824
-6176
-5432
-4300
-3436
-1741
-1948
-1517
-1409
-1365
715
1658
3076
3292
2246
3009
3688
5429
6764
6567
7047
6421
6629
7887
8254
9289
9000
8371
8358
7502
7939
7977
7871
7908
6391
5463
4589
4187
4508
3936
3138
1627
83
-171
-547
-770
-1223
-2495
-3431
-4313
-4562
-4081
-3908
-4139
-4973
-5480
-4986
-4442
-3535
-3043
-3147
-3192
-3047
-1971
-525
55
328
469
725
2051
2546
3614
4071
4041
4542
4379
5491
5694
5873
5986
5550
5603
5410
4894
4862
4516
4160
3698
2141
2028
978
957
477
-712
-1171
-2995
-3101
-3772
-3940
-4321
-5591
-6249
-6939
-7043
-6796
-7139
-7407
-7517
-8356
-7504
-7879
-7076
-6773
-7456
-6157
-7225
-6069
-5820
-5799
-4595
-5170
-4245
-3880
-3792
-2864
-2730
-2122
-474
-1026
29
-168
136
2131
1362
3026
2365
2971
3832
3263
4582
4653
5131
5444
5499
5667
6136
5464
6344
6321
6447
6593
4916
5486
5015
5562
5237
4244
3901
2812
2542
2398
2137
1730
1070
-201
-617
-1230
-1157
-1171
-1995
-2122
-3281
-3396
-3073
-2991
-2035
-2913
-3339
-3163
-2674
-1157
-1312
-1441
-1214
-937
-79
767
827
1546
1321
1730
2788
2841
4000
3065
3903
4288
4414
4810
3921
4635
4425
4685
4108
3663
3231
3182
2821
2387
1903
893
837
-317
-149
-980
-1315
-2006
-3097
-3245
-4171
-3958
-4757
-4899
-5668
-6198
-6274
-6549
-6062
-6531
-6566
-7128
-6783
-6224
-6000
-5832
-6062
-5706
-5090
-4377
-4534
-4196
-4291
-3111
-2455
-2688
-2069
-2662
-1254
-913
-613
23
-317
371
568
1150
1707
1764
1644
2326
2301
2943
3086
2760
3784
3401
4159
3874
3602
4354
4074
4446
4170
4013
4359
4167
3731
3676
3431
3723
3422
2540
2604
1935
2163
2025
1420
1367
489
483
240
49
36
-529
-901
-1157
-1133
-1113
-1027
-1476
-1275
-1474
-1333
-893
-608
553
-149
-721
-719
539
1922
2004
1207
736
1273
1905
3455
3474
3566
2485
2060
3262
4049
4770
3781
3165
2895
3019
2903
2948
2470
2267
1672
377
144
-527
-177
-625
-1452
-2111
-3218
-3712
-3954
-4025
-3850
-4465
-5577
-6030
-6487
-5888
-5581
-5673
-5594
-6193
-6283
-5855
-5386
-4500
-4197
-4382
-4374
-4529
-3748
-3076
-2722
-2421
-2617
-2503
-2257
-2169
-1204
-873
-968
-432
-765
183
172
322
1361
977
1693
1292
1468
2455
2010
2601
2832
2753
3241
2621
3209
3789
3304
3781
3155
3653
3936
3252
3804
3125
3473
3453
2885
3395
2666
2581
2463
1994
2263
1784
1500
1222
525
734
299
222
160
-528
-449
-1167
-906
-698
-633
-244
-1061
-957
-845
-503
521
169
243
26
-249
1150
1113
1637
1579
943
1869
1741
2410
2682
2281
2801
2454
2827
3247
2591
2999
2464
2598
2689
1666
1750
900
849
610
-210
-498
-1331
-1688
-1912
-2402
-2688
-3198
-3640
-3828
-4378
-4393
-4655
-4810
-4880
-5322
-5023
-5256
-4899
-4705
-4965
-4436
-4722
-4309
-3932
-3873
-3430
-3556
-3452
-2956
-2830
-2510
-2207
-2541
-1722
-1994
-1586
-910
-1305
-283
-749
-373
95
-197
920
1059
668
647
103
1264
2096
1418
1737
680
1530
2143
1845
3074
2277
2294
2309
2261
3318
2989
2675
2999
2762
3180
2864
2392
3200
3024
3472
2976
2196
2448
2114
2749
2577
1943
1569
922
1082
1073
1104
1008
339
98
157
403
601
247
36
20
270
561
271
442
178
369
769
743
1178
690
901
1202
1518
1992
1813
1830
1834
2019
2309
2271
2058
1980
1605
1687
1424
1138
905
442
193
-322
-560
-1028
-1352
-1877
-2113
-2507
-2866
-3050
-3668
-3518
-4054
-3968
-4119
-4476
-4125
-4631
-4301
-4194
-4253
-3978
-4152
-4064
-3481
-3698
-2970
-3005
-3239
-2046
-2975
-1836
-2072
-1966
-732
-1793
-1080
-1182
-928
61
-465
-573
-7
-703
428
268
336
1204
-415
536
409
875
1778
612
894
1024
968
1899
1667
1925
2285
1627
2352
2388
2568
3215
2711
3185
3198
2579
3370
2860
3460
3380
2611
3084
2296
2708
2498
2224
2301
1702
1269
1320
673
991
621
-316
334
-1122
274
-572
-843
-126
-2049
-179
-1368
548
1597
-1181
-1614
-1828
603
3539
1305
-789
-364
-1697
3299
2519
3317
2649
-1773
1601
783
4835
3638
1311
798
-197
1444
1517
1009
372
554
-1377
-600
-3307
-1171
-1279
-1694
-1289
-4694
-3026
-4803
-2925
-2625
-2623
-3025
-4934
-4872
-4600
-2909
-2405
-2136
-3949
-4108
-4548
-3102
-1468
-1686
-807
-3110
-3768
-3212
-1326
493
-146
-1521
-2869
-1584
-1468
742
623
-268
-388
-1943
147
-71
918
959
505
106
-286
329
1111
1686
1074
2058
483
1176
897
1875
3379
2118
2399
1367
2240
2626
2838
2958
2947
2609
2076
2191
2012
2844
2575
2348
1918
1246
1428
1337
1408
1545
1289
574
87
-193
244
507
-123
-94
-601
-229
-548
-1013
-106
-258
410
-182
-617
-244
-192
492
865
878
646
313
56
1093
1431
1787
1262
674
1158
1008
1723
1499
1502
1311
899
802
683
933
847
798
154
-34
-456
-493
-466
-695
-577
-1295
-1654
-2037
-2075
-1796
-1772
-2032
-2461
-2743
-2912
-2412
-2490
-2132
-2188
-2508
-2485
-2995
-2196
-2090
-1599
-1626
-2234
-2084
-2291
-1670
-1157
-1133
-1339
-1498
-2164
-1150
-800
-288
-260
-1694
-665
-831
216
245
-334
126
-77
270
391
534
731
1120
268
966
547
1067
1408
840
1865
826
1335
942
1413
1974
1755
1554
1241
1521
1492
2087
1443
1983
1368
1445
1526
1140
1702
1214
1407
985
914
626
759
555
641
402
-170
96
-553
239
-188
-394
-130
-1000
-201
-753
54
1236
-78
-389
-955
-221
1926
1403
775
584
-889
1276
1593
2328
2984
134
1187
452
2213
3105
1744
1831
354
901
1160
797
969
742
-99
126
-1396
-782
-805
-1216
-210
-2052
-1511
-2812
-2585
-1655
-1741
-1262
-2737
-2938
-2895
-2608
-1747
-1575
-1705
-1868
-3142
-2446
-1738
-993
-43
-1621
-1675
-2010
-1472
-254
-412
126
-684
-1248
-1070
-923
346
317
-53
-284
-860
-482
-311
95
732
352
-107
-582
-591
305
653
971
370
-110
-128
-74
831
983
1109
687
334
436
693
1061
1352
1450
942
798
403
863
1403
1316
1223
562
284
409
466
744
908
280
250
-370
-265
244
-295
335
-333
61
301
-798
-398
-241
563
1522
462
-71
194
-125
1866
1837
1831
1538
-130
1071
1509
2714
2668
1618
1143
1146
1467
2076
2071
1652
1529
371
754
224
704
693
152
-42
-1014
-981
-1266
-867
-946
-872
-1547
-2039
-2352
-2263
-1661
-1596
-1512
-2252
-2403
-2873
-2175
-1498
-1314
-1090
-2029
-2119
-1780
-1247
-444
-297
-690
-628
-1023
-927
-259
-132
705
256
-413
-573
-816
287
777
680
202
-696
-757
-16
406
608
114
-577
-432
-780
-307
-203
-101
92
-563
-756
-779
-557
-30
246
-155
-55
-660
-414
248
469
972
318
121
97
563
923
1123
1019
842
737
537
920
825
1269
1054
798
645
480
630
700
816
791
1044
187
619
328
617
1248
813
2123
1146
422
256
729
2643
2959
1378
807
115
938
2896
2285
3059
714
91
853
1201
3014
1658
835
-66
-336
303
466
-26
207
-726
-1029
-1398
-2085
-836
-1406
-809
-1675
-2323
-2300
-2697
-1751
-1474
-1183
-1649
-2419
-2905
-2271
-1214
-248
-474
-1317
-2003
-1700
-295
304
1104
-62
-495
-255
-412
1017
783
909
884
-226
-99
-158
-76
1001
452
310
-273
-1698
-735
-878
230
188
-1422
-1678
-2478
-1741
-702
-961
-1060
-1913
-2929
-1873
-1880
-603
-542
-1603
-1323
-2013
-848
-234
-95
88
-223
-398
171
206
924
1258
905
1413
687
1360
1394
1741
2299
1983
2027
1644
1666
2045
2485
2375
2440
1833
1741
1846
1849
2376
2149
1925
1477
1175
1255
1644
1673
1513
1057
466
702
504
768
658
166
126
-441
-400
-386
-523
-550
-877
-1197
-1277
-1471
-1410
-1340
-1562
-1572
-1834
-1734
-1740
-1698
-1592
-1571
-1405
-1373
-1256
-1152
-1143
-1024
-836
-498
-248
-272
-215
-375
78
351
924
967
392
283
450
1320
1545
1304
696
724
516
906
980
932
692
-133
-47
-337
88
-509
-455
-937
-1187
-1246
-1731
-1342
-1703
-1491
-1963
-2068
-2367
-2008
-2110
-2039
-2050
-2193
-1683
-2153
-1662
-1866
-1182
-1059
-948
-786
-865
-328
-155
433
490
721
565
1093
1220
1654
1861
1756
2224
2057
2557
2416
2586
2700
2987
3208
2840
2725
2673
3044
3103
2982
2581
2441
2077
1934
2122
2033
2108
1402
910
771
677
900
710
368
-87
-603
-863
-742
-627
-700
-1025
-1785
-2043
-2000
-1663
-1457
-1729
-2121
-2441
-2342
-2310
-1765
-1669
-1650
-1865
-2255
-1947
-1562
-911
-879
-934
-1325
-1007
-714
-243
222
61
318
-177
208
361
899
1196
1018
784
545
761
923
1353
889
1294
547
445
367
272
1162
324
118
-491
-633
-343
-355
-654
-600
-1354
-1589
-1264
-1676
-857
-1906
-1857
-1820
-2038
-1349
-2010
-1793
-1735
-1695
-1389
-1399
-1615
-1155
-1105
-760
-376
-786
-122
-340
75
524
639
1163
929
997
1291
1877
2190
2433
2023
2179
2426
2640
3230
2860
2999
2611
2649
2946
2978
2969
2553
2251
2177
2258
2085
1962
1376
1323
1085
909
778
299
323
-13
-230
-507
-739
-837
-973
-1196
-1395
-1568
-1758
-1777
-1850
-1890
-1962
-2172
-2234
-2145
-2080
-1855
-2001
-2040
-1923
-1915
-1536
-1437
-1295
-1086
-1311
-973
-784
-548
3
-294
-39
-158
-71
611
439
794
716
524
622
339
940
1369
1081
785
106
500
859
759
1031
370
327
-181
-478
199
208
344
-511
-1360
-1170
-901
-407
-544
-1390
-1587
-1893
-1526
-1125
-1347
-1150
-1777
-1736
-1519
-1242
-837
-1215
-1194
-869
-409
-253
-487
-558
23
622
891
768
529
726
1255
1670
1943
2078
1896
1943
1877
2309
2895
2904
2746
2207
2266
2669
2677
2747
2276
2186
2162
1795
1871
1476
1460
1258
930
921
555
234
-111
-294
-105
-243
-678
-1142
-1605
-1213
-1304
-1221
-1587
-2091
-1857
-2210
-1770
-1881
-1905
-1838
-2148
-1942
-1805
-1722
-1587
-1611
-1487
-1089
-1231
-984
-1124
-786
-338
-226
66
-312
-70
-69
383
671
858
905
362
439
318
1086
1464
1171
899
161
158
811
1012
1380
944
-274
-25
-375
560
963
-83
145
-989
-712
-431
-673
39
-571
-925
-1186
-1629
-1172
-695
-688
-519
-1405
-1687
-1277
-1072
-91
-266
-582
-927
-1056
-364
501
683
366
155
-216
844
1128
1391
1596
854
1316
1358
1648
2237
1908
1792
1856
1557
2249
2138
1837
1914
1301
1900
1658
1375
1239
740
925
727
556
411
-78
-338
-529
-644
-560
-930
-1179
-1565
-1692
-1601
-1676
-1746
-2058
-2135
-2105
-2109
-2053
-2150
-2140
-1956
-1912
-1659
-1791
-1705
-1707
-1465
-1096
-926
-688
-1075
-776
-733
-148
188
-42
25
-50
283
632
641
531
871
570
1026
642
623
1154
763
1232
545
580
687
769
934
665
375
147
374
394
767
206
24
-258
3
477
382
99
-574
-214
-10
610
120
-211
-271
-279
454
321
431
49
-227
49
550
865
970
312
65
401
813
1601
1076
766
518
622
1286
1372
1362
1050
695
833
1010
1214
1175
790
667
598
798
768
505
186
92
256
355
90
-346
-612
-592
-337
-378
-492
-1020
-1205
-1359
-1102
-824
-1027
-1206
-1757
-1692
-1513
-1204
-1130
-1379
-1677
-1680
-1503
-1227
-982
-1186
-1083
-1274
-1063
-839
-748
-540
-635
-521
-403
-263
-252
-273
-184
200
397
270
-28
-179
175
698
977
597
143
-47
308
820
956
893
341
-59
152
602
1114
934
330
-3
-94
406
914
940
540
-19
-216
192
742
1124
987
148
-329
-164
727
1483
1369
487
-275
-259
520
1539
1508
1018
-27
-376
291
1075
1685
1167
269
-174
49
668
1236
913
636
193
-53
269
302
747
548
210
-30
-196
-98
10
115
86
-77
-448
-465
-555
-432
-286
-346
-418
-674
-861
-865
-738
-648
-459
-699
-875
-1017
-1166
-717
-665
-582
-740
-1158
-936
-1024
-937
-684
-791
-655
-825
-1123
-991
-1095
-693
-240
-525
-710
-1266
-1207
-505
-81
147
-443
-1203
-1142
-552
241
521
-242
-808
-900
-346
501
571
172
-303
-528
-50
599
742
708
190
102
421
590
1000
922
804
799
658
819
1021
1018
1245
1149
1074
1029
791
1071
1248
1359
1218
987
915
947
945
994
1090
945
895
660
580
563
570
665
632
417
247
97
21
207
152
140
-90
-213
-237
-389
-356
-307
-275
-349
-442
-600
-671
-664
-464
-345
-456
-710
-841
-765
-525
-312
-469
-614
-855
-733
-496
-411
-316
-566
-785
-723
-533
-198
-207
-545
-622
-765
-506
-244
-261
-292
-632
-778
-673
-455
-144
-264
-724
-911
-839
-403
-190
-337
-661
-963
-785
-329
-47
-181
-511
-769
-581
-160
260
176
-287
-503
-265
182
468
412
145
6
57
539
695
684
519
417
568
773
1078
1060
853
559
847
1165
1522
1397
875
675
611
1117
1551
1840
1504
237
-742
301
2183
2748
998
-1124
-982
257
1729
1949
798
-758
-1568
-584
925
1314
449
-744
-1450
-904
114
560
-161
-987
-839
-282
-367
-847
-725
-422
-36
-245
-719
-901
-968
-391
92
-70
-211
-714
-939
-648
-356
510
308
-412
-788
-1009
-137
338
349
210
-620
-785
-542
-97
572
140
-327
-627
-756
-217
-146
8
-57
-465
-531
-743
-561
-352
-270
-196
-500
-750
-911
-795
-459
-183
-195
-496
-813
-786
-586
-265
62
135
-48
-545
-502
-129
433
705
532
236
-90
144
545
966
1000
876
657
463
571
860
1167
1233
1104
852
657
560
968
1149
1233
975
545
501
373
709
765
690
562
209
54
-41
58
328
226
16
-328
-661
-483
-470
-138
-250
-576
-799
-1116
-768
-484
-333
-517
-958
-1012
-776
-603
-261
-387
-506
-630
-713
-228
-141
115
-36
-268
-220
-67
324
460
293
120
8
135
499
437
479
133
63
158
246
515
168
46
-67
-7
79
-76
-125
-79
-258
-228
-343
-414
-267
-541
-323
-450
-520
-501
-765
-624
-551
-529
-367
-587
-748
-668
-741
-205
-169
-232
-353
-709
-380
-111
216
353
26
-182
24
196
619
613
574
649
416
653
699
858
971
926
819
807
740
833
852
709
944
830
855
533
352
465
535
609
464
232
-70
-92
-49
171
42
-23
-210
-448
-453
-311
-68
-233
-339
-538
-442
-439
-369
-286
-338
-273
-387
-440
-372
-171
-126
-125
-283
-54
-6
-34
39
-21
253
203
265
275
244
330
443
463
562
484
366
435
335
618
477
384
336
225
317
258
282
208
85
7
18
-220
-193
-171
-133
-183
-478
-471
-508
-353
-304
-429
-591
-591
-548
-440
-411
-476
-423
-558
-406
-366
-366
-298
-325
-255
-226
-184
-94
-23
-43
16
-44
55
181
214
287
130
147
254
396
525
452
346
343
384
466
476
390
412
274
286
321
310
288
122
179
158
86
-32
-176
-185
-146
-129
-147
-313
-433
-504
-485
-287
-320
-334
-592
-654
-532
-441
-217
-362
-446
-511
-491
-349
-321
-283
-140
-219
-228
-199
-185
79
24
138
76
-21
108
137
311
341
322
323
337
336
465
465
496
479
411
427
353
439
401
417
336
340
252
157
207
184
246
34
-29
-79
-88
-92
-119
-125
-180
-306
-416
-269
-274
-251
-370
-378
-371
-448
-380
-330
-262
-349
-439
-496
-333
-201
-165
-239
-305
-231
-148
-9
22
-1
-154
-179
-57
84
250
165
67
69
72
258
284
343
406
163
162
139
277
438
308
338
254
88
94
78
273
364
170
162
-109
-169
-97
6
281
82
-156
-430
-450
-88
112
124
-66
-342
-383
-339
-130
58
-72
-152
-343
-312
-217
-179
-32
-32
18
-71
-237
-214
-115
44
155
74
28
-127
-145
52
209
377
265
130
72
76
246
387
443
399
194
102
135
287
428
356
283
153
129
147
238
322
288
155
31
10
13
72
66
66
-47
-69
-132
-130
-107
-100
-66
-230
-229
-313
-276
-269
-257
-260
-360
-362
-359
-280
-352
-326
-339
-263
-307
-326
-268
-305
-263
-320
-115
-103
-103
-175
-184
-26
-3
140
106
104
38
61
168
245
288
264
238
202
244
244
392
387
394
304
204
244
191
345
309
261
141
51
143
140
210
162
80
20
-19
-31
-2
-38
-13
-54
-188
-179
-237
-116
-186
-250
-208
-273
-227
-287
-229
-222
-240
-205
-173
-223
-273
-235
-126
-18
-77
-77
-114
-10
42
126
155
50
62
28
217
238
214
205
174
248
236
257
278
266
235
241
191
249
234
207
205
120
141
87
99
109
87
12
-57
-67
-63
-25
-111
-158
-239
-296
-268
-286
-238
-250
-328
-356
-399
-353
-259
-245
-229
-292
-383
-339
-261
-143
-84
-170
-164
-195
-162
-33
28
106
70
24
56
90
178
259
262
277
235
212
250
275
365
378
341
315
275
269
300
320
364
307
232
187
143
191
201
231
133
47
5
-17
11
-34
-40
-102
-141
-181
-213
-238
-205
-201
-210
-256
-328
-257
-304
-237
-230
-237
-212
-264
-187
-185
-155
-128
-52
-34
-43
-69
-36
56
71
164
136
126
87
131
216
273
289
250
265
198
289
296
374
369
266
258
163
245
298
323
251
118
22
47
79
61
17
-142
-145
-236
-182
-185
-259
-292
-394
-336
-383
-382
-439
-419
-407
-413
-396
-428
-390
-411
-337
-350
-308
-305
-245
-180
-174
-141
-168
-52
-30
72
50
35
68
113
258
253
269
245
249
270
342
401
443
388
339
384
362
446
425
392
330
213
273
262
254
199
76
70
21
14
-5
-95
-140
-171
-174
-148
-222
-280
-294
-346
-264
-303
-306
-339
-404
-335
-318
-213
-199
-220
-247
-231
-177
-96
-42
-44
-37
-75
-23
1
84
108
137
122
78
112
125
254
256
290
233
175
193
221
306
281
240
170
134
105
147
112
90
18
-29
-30
-119
-126
-205
-173
-169
-180
-222
-339
-407
-421
-330
-270
-273
-374
-447
-470
-367
-265
-194
-202
-298
-312
-311
-194
-92
-15
4
-70
-110
-85
2
118
180
156
136
86
129
197
269
342
337
317
237
216
272
371
421
389
315
252
269
289
325
292
224
185
166
155
103
47
9
25
19
-15
-106
-190
-190
-156
-95
-143
-245
-290
-281
-224
-194
-236
-245
-271
-256
-184
-188
-159
-182
-176
-125
-110
-74
-69
-77
-53
-15
21
81
71
87
94
106
165
180
218
212
216
218
248
259
256
251
222
237
217
220
201
166
164
169
144
101
60
30
50
21
-17
-74
-116
-91
-97
-121
-189
-245
-220
-192
-184
-214
-264
-262
-220
-174
-151
-185
-221
-186
-142
-92
-93
-132
-118
-91
-5
41
49
33
17
58
134
201
216
216
173
193
247
287
321
294
266
248
237
263
276
273
259
204
176
133
131
149
141
105
36
-30
-46
-12
-26
-41
-120
-159
-197
-191
-166
-199
-209
-266
-272
-292
-278
-274
-263
-266
-284
-274
-275
-236
-234
-193
-194
-148
-123
-120
-105
-112
-51
-8
43
32
18
13
43
117
163
160
127
112
118
167
203
208
183
164
132
139
143
134
135
87
60
30
16
16
15
-8
-32
-69
-61
-53
-71
-59
-117
-120
-124
-119
-106
-150
-163
-178
-168
-161
-171
-177
-172
-168
-162
-157
-158
-111
-83
-67
-59
-84
-50
-17
21
47
34
49
66
105
110
126
133
162
187
180
178
143
190
215
244
219
161
144
153
202
192
163
105
90
82
101
102
72
47
-6
-18
-42
-22
-19
-28
-58
-120
-144
-126
-88
-67
-100
-159
-187
-189
-129
-94
-91
-128
-164
-165
-142
-110
-81
-55
-55
-51
-74
-37
-3
55
107
91
82
52
80
115
161
174
160
126
77
77
77
127
145
130
85
23
1
27
88
112
78
-4
-56
-60
-5
48
46
-1
-74
-102
-89
-50
-13
-16
-49
-94
-121
-113
-75
-36
-22
-44
-76
-84
-62
-18
7
8
-11
-26
-21
-9
14
23
28
26
24
28
40
42
58
70
75
93
87
79
71
84
87
93
92
76
66
62
67
62
63
39
38
42
54
50
36
27
25
47
43
53
32
17
1
-6
9
10
21
-11
-44
-67
-70
-46
-22
-28
-51
-67
-81
-60
-43
-34
-33
-44
-40
-46
-37
-21
-25
-8
-5
-10
-11
-11
6
4
-10
-16
-15
-2
10
-8
-39
-56
-56
-14
3
-8
-44
-88
-73
-49
-28
-31
-50
-64
-78
-82
-84
-72
-53
-43
-50
-77
-109
-108
-78
-41
-20
-31
-58
-75
-69
-43
-16
17
9
-22
-49
-74
-53
-9
32
22
-28
-82
-93
-58
-8
28
-11
-52
-81
-75
-53
-46
-34
-53
-73
-88
-109
-112
-85
-53
-39
-58
-88
-92
-82
-37
-9
-2
-3
-19
-13
1
24
44
56
56
52
34
32
51
65
78
52
23
4
1
10
19
5
-26
-54
-65
-50
-46
-38
-49
-66
-84
-101
-96
-84
-73
-75
-85
-105
-103
-94
-71
-46
-52
-53
-56
-41
-16
-6
17
27
38
47
50
46
57
85
99
109
96
78
74
89
103
99
84
73
76
77
70
60
48
52
54
44
18
-4
4
12
29
25
0
-11
-18
-9
0
-5
-11
-14
4
16
9
16
18
27
43
42
29
27
33
47
56
46
40
38
39
40
36
39
43
44
52
43
38
50
54
68
75
72
63
73
83
90
98
89
80
70
82
88
81
76
64
68
70
75
78
59
47
39
33
34
30
16
6
-7
-22
-34
-47
-51
-53
-60
-64
-80
-88
-83
-69
-54
-50
-51
-52
-49
-38
-13
-10
4
25
24
29
28
34
50
65
67
61
54
60
73
85
90
78
68
62
71
62
55
46
31
23
9
-2
-22
-28
-42
-51
-61
-76
-79
-83
-80
-85
-81
-79
-73
-73
-77
-67
-63
-50
-46
-45
-45
-44
-32
-26
-17
-12
-10
-1
-2
-3
0
6
21
26
23
16
14
20
34
40
28
13
10
20
19
18
14
12
12
9
3
-4
2
18
31
16
-5
-14
0
21
38
32
13
6
2
8
7
4
-2
-4
-3
-24
-42
-43
-29
-16
-28
-37
-59
-66
-45
-27
-19
-30
-44
-49
-46
-35
-17
-11
-9
-12
-14
-18
-20
6
30
48
46
38
39
52
73
91
105
90
81
72
64
68
73
74
61
47
17
6
12
18
16
-1
-11
-27
-35
-37
-32
-21
-25
-32
-48
-55
-50
-43
-29
-26
-36
-46
-49
-45
-26
-3
7
13
14
17
29
45
58
71
78
74
74
81
86
89
90
77
61
55
51
46
50
45
41
44
28
20
12
7
11
12
17
3
-8
-15
-12
-4
-8
-11
-19
-22
-25
-25
-22
-22
-20
-23
-26
-23
-20
-20
-17
-13
-10
-4
-5
-1
1
-4
-2
-1
-11
-13
-11
-15
-9
-8
-10
-15
-15
-5
3
7
10
17
14
19
21
29
41
42
37
29
31
34
35
30
24
17
17
6
-7
-10
-14
-10
-15
-23
-26
-28
-34
-33
-36
-38
-50
-59
-67
-82
-79
-82
-75
-75
-87
-89
-94
-85
-76
-68
-65
-62
-56
-49
-34
-18
-3
3
2
6
9
14
23
29
40
39
38
37
42
51
59
55
47
44
43
36
32
27
22
14
-3
-10
-16
-20
-28
-40
-43
-55
-56
-61
-70
-65
-61
-58
-57
-59
-60
-66
-71
-69
-64
-67
-67
-67
-71
-67
-63
-63
-60
-57
-55
-61
-61
-57
-45
-34
-26
-24
-26
-23
-16
-9
-6
3
8
10
11
15
15
24
37
39
41
32
25
32
37
42
44
41
36
27
32
35
31
28
24
18
8
4
-7
-13
-11
-19
-24
-34
-49
-49
-52
-49
-46
-48
-51
-62
-57
-53
-46
-46
-42
-41
-45
-41
-45
-36
-30
-24
-15
-16
-15
-6
1
15
34
39
39
41
40
45
54
62
70
66
63
54
47
49
51
54
47
39
27
23
28
27
30
22
12
7
3
9
10
11
9
-4
-4
-13
-13
-11
-12
-6
-11
-15
-10
-1
-2
7
18
14
11
8
12
18
26
29
32
17
21
23
20
33
25
26
31
37
36
39
41
40
45
39
42
49
59
62
65
59
55
53
44
53
51
49
45
41
31
24
29
26
30
27
22
14
3
8
5
11
12
1
-11
-24
-26
-30
-24
-22
-29
-29
-32
-30
-31
-25
-20
-21
-18
-14
-9
-5
0
-6
6
3
-4
-5
-7
-5
-5
2
-3
-11
-16
-12
-9
-8
-5
-13
-13
-16
-9
-2
2
6
-2
-10
-13
-16
-12
-5
-11
-17
-22
-26
-27
-16
-14
-12
-12
-17
-18
-19
-14
-15
-14
-14
-10
-14
-17
-24
-28
-22
-27
-23
-28
-35
-32
-28
-24
-24
-24
-23
-21
-16
-20
-16
-11
-18
-12
-8
-7
-6
-3
-4
-1
6
3
11
4
0
6
2
3
4
9
5
7
9
8
16
18
15
12
10
3
4
0
-3
0
-4
-1
0
-8
-11
-10
-10
-7
-4
-7
-15
-15
-10
-4
-3
1
5
4
7
7
6
6
6
4
7
3
1
0
4
8
5
5
-1
0
-1
0
0
2
3
-3
2
12
18
14
6
11
17
16
20
19
20
17
13
13
14
13
16
17
13
10
8
7
2
5
2
2
1
-5
-1
-1
-2
-1
5
3
-4
-6
-7
-4
0
-1
-1
-4
-9
-6
1
0
6
5
-2
0
-2
2
3
5
3
9
8
2
11
8
15
19
20
18
21
22
21
24
22
23
17
19
17
22
12
12
10
1
13
12
16
14
11
8
10
5
11
11
6
4
-3
1
4
9
0
3
4
0
0
3
6
0
-2
-6
-3
-4
-8
-7
-8
-7
-5
-9
-10
-15
-10
-12
-9
-4
-4
-4
-12
-6
-11
-5
-8
-9
-8
-10
-5
-19
-12
-16
-16
-7
-7
-6
-10
-12
-16
-13
-16
-21
-22
-28
-32
-31
-29
-29
-27
-22
-31
-26
-20
-25
-31
-31
-26
-23
-21
-25
-21
-15
-11
-8
-9
-2
3
4
8
9
14
9
14
15
10
16
12
13
12
15
15
18
20
13
13
11
6
7
9
10
12
12
8
9
8
0
6
2
7
2
-2
-3
-9
-5
-11
-9
-13
-10
-10
-13
-9
-8
-7
-9
-7
-9
-6
-9
-9
-12
-7
-4
-10
-6
-5
2
0
-2
6
4
2
-2
1
3
4
8
5
6
5
10
12
10
7
5
5
4
4
-2
1
-6
-16
-2
-6
-3
1
-4
-5
-3
6
7
9
9
9
6
6
8
11
12
9
13
9
9
5
13
19
19
19
18
24
26
24
28
33
34
28
24
31
41
44
40
43
39
43
47
46
48
48
51
51
53
50
55
59
56
54
57
54
57
62
55
56
50
46
44
44
43
41
43
37
40
43
32
35
33
35
34
25
25
30
30
25
27
19
16
14
12
14
12
15
13
12
14
15
16
14
20
17
14
14
10
20
17
16
17
7
10
8
1
2
-2
-9
-7
-8
-3
-9
-11
-11
-15
-19
-23
-22
-20
-25
-30
-25
-32
-36
-36
-37
-39
-43
-40
-34
-40
-38
-35
-37
-35
-42
-33
-34
-30
-29
-31
-29
-36
-29
-30
-30
-31
-30
-24
-28
-25
-29
-27
-19
-20
-16
-14
-12
-12
-11
-11
-10
-6
-7
-6
-4
-8
-10
-8
-10
-6
-6
-6
-2
-8
-6
-4
-6
-8
-8
-9
-14
-15
-17
-20
-20
-25
-27
-23
-17
-19
-27
-28
-28
-28
-27
-28
-26
-29
-28
-23
-25
-15
-22
-22
-17
-25
-16
-20
-17
-17
-18
-17
-22
-20
-19
-18
-17
-16
-11
-13
-14
-10
-9
-8
-7
-12
-11
-7
-13
-8
-6
-8
-9
-12
-19
-25
-26
-23
-20
-21
-23
-33
-29
-28
-33
-33
-35
-30
-33
-26
-35
-38
-32
-31
-26
-28
-27
-28
-29
-24
-24
-27
-29
-28
-28
-29
-26
-26
-24
-22
-21
-21
-18
-17
-14
-13
-13
-11
-5
-2
-6
2
-4
-1
0
3
13
5
13
21
16
11
17
12
10
11
6
11
11
7
9
14
14
11
10
7
8
11
7
11
10
11
17
9
13
14
12
20
13
20
17
11
15
11
13
7
8
11
10
11
16
13
11
10
8
12
13
13
13
15
20
23
24
21
22
22
25
33
33
29
31
27
28
30
30
33
32
28
28
31
28
22
26
28
24
18
19
20
21
21
19
21
17
18
18
20
18
19
22
23
28
28
30
27
25
24
22
25
22
22
28
19
16
20
15
15
19
24
22
19
23
20
20
16
19
16
16
19
19
14
11
10
4
8
6
8
3
-1
1
1
-3
-6
-3
-6
-6
-6
-6
-3
-7
-10
-12
-15
-12
-16
-12
-12
-14
-13
-13
-11
-14
-9
-12
-8
-11
-10
-7
-9
-9
-14
-14
-12
-10
-9
-12
-15
-10
-16
-17
-14
-13
-8
-13
-7
-11
-15
-11
-13
-13
-11
-11
-13
-13
-20
-16
-13
-16
-9
-18
-22
-16
-14
-18
-19
-12
-17
-16
-13
-14
-14
-7
-3
0
1
-1
-2
-2
-1
-5
-2
0
-4
-2
-3
5
7
6
12
10
16
14
10
12
11
12
15
17
12
12
9
15
14
6
4
2
5
-2
-5
-2
-5
-1
0
-1
0
0
4
5
5
1
6
14
15
13
6
10
10
10
5
5
8
6
8
8
16
14
18
16
15
19
12
12
11
6
5
10
10
2
4
8
7
7
4
7
8
8
10
5
3
4
14
12
14
15
11
15
10
15
15
9
13
11
4
6
3
5
4
2
8
3
6
9
7
5
3
7
0
-3
3
1
2
2
10
6
3
8
6
11
13
16
17
17
14
18
22
22
27
28
26
20
25
24
20
23
25
23
21
24
20
21
15
11
14
16
11
10
10
4
6
3
-1
3
8
-1
2
0
-8
-7
-10
-10
-15
-11
-9
-13
-14
-10
-7
-5
-5
-11
-5
-6
-8
-7
-4
-2
-4
-3
-5
-3
-4
1
-4
-3
-2
-3
-6
-9
-5
-10
-12
-14
-15
-15
-17
-16
-13
-13
-12
-11
-15
-18
-21
-21
-23
-19
-23
-25
-22
-26
-27
-26
-27
-25
-25
-20
-24
-28
-22
-31
-31
-26
-26
-27
-30
-28
-34
-34
-35
-30
-24
-26
-26
-29
-28
-23
-25
-24
-21
-21
-22
-26
-23
-26
-25
-24
-26
-28
-22
-17
-17
-11
-17
-16
-10
-7
-2
-8
-2
4
0
0
3
1
5
6
8
3
1
6
2
-2
1
5
1
10
6
3
3
0
4
-4
-1
2
-2
-4
-5
-2
-2
-1
0
-4
-4
-8
-2
2
1
5
1
5
3
3
3
4
0
4
5
4
10
10
14
5
11
18
20
24
24
25
27
32
34
38
32
27
25
25
21
19
24
23
17
18
18
16
19
15
19
26
19
18
23
17
16
17
19
17
17
20
17
22
18
19
19
18
22
16
16
14
13
16
18
16
15
24
27
23
22
21
21
22
20
20
24
21
17
17
16
16
23
14
13
17
17
20
19
21
13
12
10
13
13
11
15
10
11
5
9
13
10
10
5
6
3
-1
11
2
0
3
-2
-3
0
1
-2
5
2
10
7
6
8
7
12
9
11
8
12
16
16
14
12
17
16
17
14
14
20
15
15
14
14
13
9
13
4
4
12
9
8
8
7
11
11
4
5
3
7
9
8
3
7
2
-4
-3
-7
-5
-7
-10
-10
-7
-7
-8
-8
-9
-13
-7
-8
-7
-3
-8
-4
-2
-4
-1
1
-2
-7
-5
-5
-6
-5
-9
-3
-3
-7
0
-2
-1
-1
-2
2
-3
-5
-5
-2
1
-4
-2
-1
-3
0
-1
-4
-3
0
-5
-5
0
-5
0
4
0
-2
-3
-5
-3
-1
-4
-7
-12
-8
-7
-10
-6
-5
-10
-11
-8
-20
-15
-15
-21
-16
-16
-17
-18
-17
-15
-10
-11
-13
-12
-10
-5
-5
-11
-12
-7
-5
0
-3
-3
-3
-1
-5
-3
2
3
-1
-3
-6
-3
-1
-4
1
-1
2
-4
-6
-3
-10
-2
-4
-7
-5
-2
-2
-2
4
0
-3
-5
1
1
-2
3
-2
-1
-4
0
3
4
5
5
7
3
5
4
7
11
7
18
17
17
24
19
24
27
30
27
28
29
28
30
22
22
21
22
26
26
29
22
20
27
20
15
21
19
16
21
25
26
27
22
22
22
18
17
16
20
23
24
19
17
20
18
16
17
20
27
21
19
21
20
16
11
18
13
8
2
2
1
1
0
-1
3
-4
-9
-11
-13
-12
-16
-19
-18
-18
-20
-19
-18
-23
-26
-31
-28
-27
-29
-32
-33
-31
-34
-31
-37
-34
-34
-35
-35
-40
-38
-40
-36
-36
-38
-37
-36
-31
-27
-31
-34
-39
-38
-34
-30
-24
-26
-22
-26
-22
-20
-16
-15
-13
-9
-16
-12
-8
-9
-10
-10
-9
-12
-13
-9
-8
-6
-6
-8
-12
-8
-2
-10
-7
-7
-5
-4
-4
-2
-4
-8
-10
-7
-3
2
-4
-4
-5
0
2
0
0
-2
0
-1
5
8
11
4
6
9
8
12
10
7
4
5
4
2
4
2
4
-1
-3
-4
-3
1
-4
-3
-4
-2
-6
-9
-8
-5
-3
-5
-4
-4
-6
-2
-2
-6
-7
-7
-11
-11
-5
-7
-8
-5
-8
-9
-6
-12
-14
-12
-12
-11
-18
-13
-14
-15
-11
-11
-9
-12
-10
-5
1
3
5
10
8
6
14
20
21
21
20
20
19
22
27
24
20
29
29
25
28
24
23
22
22
21
19
23
22
26
22
22
23
22
22
20
21
23
22
25
23
18
22
22
23
24
28
24
29
34
32
37
28
29
28
28
27
25
28
28
24
25
23
23
24
24
26
23
25
25
26
25
22
27
23
24
26
27
31
32
31
27
33
30
27
29
24
26
18
21
20
18
15
9
16
11
11
7
17
20
13
15
9
8
6
3
-4
-10
-14
-16
-12
-17
-17
-19
-18
-13
-22
-22
-20
-24
-23
-24
-28
-24
-24
-30
-30
-35
-35
-33
-32
-32
-32
-35
-40
-34
-36
-39
-35
-36
-38
-34
-35
-36
-35
-36
-36
-34
-36
-30
-28
-34
-26
-27
-31
-34
-35
-25
-26
-30
-27
-28
-26
-27
-27
-27
-24
-29
-35
-35
-42
-38
-37
-35
-38
-38
-39
-42
-36
-40
-39
-48
-50
-46
-53
-50
-52
-52
-50
-52
-50
-50
-45
-44
-44
-44
-44
-39
-37
-39
-37
-37
-33
-33
-34
-34
-34
-32
-32
-32
-29
-25
-26
-28
-25
-23
-21
-19
-16
-14
-15
-16
-16
-15
-17
-12
-12
-9
-8
-12
-9
-7
-3
-4
3
4
1
2
1
7
9
8
6
3
12
8
6
7
5
7
9
8
6
18
16
18
26
30
28
25
28
26
28
30
35
32
31
31
31
36
36
41
39
40
37
39
44
43
44
46
43
40
43
44
44
42
39
37
38
38
34
31
31
30
31
29
26
26
31
32
28
24
24
22
26
20
16
18
12
11
11
9
6
5
2
5
4
1
3
4
4
6
18
17
14
15
11
14
13
11
11
9
16
11
6
8
11
12
9
9
4
7
11
10
15
12
6
13
12
14
13
20
19
13
15
10
16
11
18
11
8
15
13
15
10
14
13
9
9
6
10
10
13
14
13
12
9
12
11
11
13
11
15
18
19
12
16
12
9
13
16
14
12
19
18
13
9
10
11
10
11
6
10
12
9
10
4
0
-3
-1
-1
-2
-1
-3
-1
-1
-1
2
1
2
6
-6
-6
2
-2
-3
-6
-4
-5
-1
0
-7
-10
-13
-11
-11
-13
-9
-6
-8
-9
-8
-8
-10
-10
-15
-17
-20
-16
-16
-16
-17
-19
-19
-26
-22
-17
-22
-23
-22
-22
-23
-23
-25
-29
-27
-30
-30
-29
-29
-28
-29
-26
-27
-25
-27
-26
-29
-31
-32
-22
-22
-26
-24
-28
-22
-30
-27
-32
-26
-26
-31
-25
-24
-20
-26
-19
-24
-23
-22
-30
-22
-20
-22
-22
-22
-20
-20
-18
-14
-11
-9
-17
-15
-16
-14
-16
-13
-15
-10
-3
-5
1
1
7
3
4
0
4
8
4
6
7
14
11
8
6
3
3
5
4
4
9
14
16
21
19
19
21
15
17
13
15
14
10
16
16
16
12
9
10
5
8
11
8
8
6
0
-1
8
4
8
6
6
8
7
13
7
2
2
1
5
4
3
7
6
8
9
2
4
6
8
9
14
16
10
9
14
16
12
11
9
10
16
13
15
16
7
5
8
11
16
17
23
25
27
27
23
23
22
20
20
20
11
12
9
6
6
5
9
5
4
13
11
11
13
11
13
6
5
3
-2
-6
-13
-13
-21
-21
-24
-26
-22
-22
-16
-24
-28
-24
-23
-27
-32
-37
-42
-42
-42
-44
-46
-46
-43
-40
-45
-44
-45
-47
-41
-40
-37
-37
-41
-43
-37
-36
-38
-44
-43
-40
-42
-43
-41
-37
-42
-35
-36
-37
-36
-36
-37
-34
-30
-34
-28
-25
-26
-24
-21
-24
-26
-26
-23
-18
-20
-21
-24
-21
-18
-18
-11
-11
-7
-8
-9
-3
-4
-5
-4
-6
-8
-2
1
3
8
9
8
8
5
9
9
6
13
9
10
5
7
9
7
8
5
9
5
1
0
-1
-3
-5
-1
-3
-4
-11
-10
-13
-17
-17
-21
-21
-19
-18
-16
-11
-14
-18
-22
-22
-28
-25
-20
-22
-18
-18
-24
-27
-26
-26
-26
-27
-23
-20
-17
-14
-14
-14
-15
-18
-17
-10
-8
-2
-1
1
7
11
13
12
14
16
11
17
16
16
23
25
27
30
35
34
34
38
40
44
39
47
47
43
41
41
44
40
39
34
38
37
32
25
15
22
24
23
25
29
25
27
28
23
26
21
16
15
12
9
14
17
17
22
24
26
26
28
31
22
22
20
18
23
24
27
27
24
22
22
20
21
24
21
15
13
16
15
19
12
8
12
6
11
7
9
3
-3
0
1
4
1
0
-1
0
1
-1
-1
-2
4
1
1
0
-4
0
-6
3
-2
-1
3
-4
2
4
2
-1
2
-2
-3
-6
-7
-1
-5
-3
-9
0
3
-4
0
-4
-2
-5
-10
-10
-10
-10
-9
-11
-12
-16
-18
-16
-15
-19
-13
-16
-17
-15
-19
-13
-15
-14
-13
-14
-16
-11
-9
-14
-15
-21
-13
-19
-15
-14
-18
-19
-22
-21
-25
-19
-19
-15
-8
-12
-12
-15
-15
-16
-14
-9
-8
-6
-6
-4
-8
-12
-8
-5
-3
-4
1
1
-2
-5
-4
-5
-1
3
-1
5
10
5
5
2
7
8
7
7
2
4
1
0
0
-1
1
3
4
3
6
0
5
-2
-3
3
-4
3
5
2
5
4
2
2
3
5
6
3
7
9
7
9
13
12
15
15
12
11
14
15
8
13
12
13
16
15
17
20
25
20
18
17
15
16
13
18
15
18
15
9
11
16
18
15
18
18
20
17
15
15
10
14
15
11
17
20
18
22
21
18
19
17
22
15
11
13
12
14
8
9
11
6
4
1
2
5
6
4
-2
3
2
1
-2
-11
-7
-12
-8
-8
-9
-7
-9
-10
-14
-15
-13
-13
-17
-8
-15
-14
-9
-13
-13
-17
-15
-15
-16
-18
-20
-19
-15
-17
-16
-12
-14
-12
-11
-12
-14
-19
-14
-18
-18
-17
-19
-19
-23
-22
-21
-22
-26
-24
-23
-20
-16
-23
-20
-25
-21
-19
-23
-22
-24
-22
-25
-25
-26
-27
-29
-33
-30
-32
-32
-33
-32
-29
-30
-35
-39
-36
-40
-39
-37
-41
-35
-39
-37
-37
-33
-31
-36
-29
-29
-26
-24
-25
-23
-29
-24
-31
-33
-30
-30
-19
-27
-27
-23
-21
-17
-16
-12
-12
-12
-7
-12
-16
-14
-20
-21
-22
-21
-23
-22
-20
-24
-21
-20
-15
-9
-12
-11
-16
-16
-16
-21
-17
-22
-14
-13
-14
-8
-10
-10
-7
-8
-8
-2
-4
-3
-5
1
3
-3
-4
-1
2
-3
4
1
-2
1
1
-2
-2
1
-2
-1
0
5
7
1
0
-6
-3
-2
-1
5
4
7
8
12
11
12
13
12
12
9
17
12
9
11
7
4
5
4
3
5
5
6
6
6
7
10
8
8
12
12
16
14
12
14
13
13
14
16
22
28
29
33
31
31
34
35
36
34
38
38
35
33
35
37
35
44
39
34
36
34
38
38
45
48
46
46
44
46
43
48
41
42
41
43
52
44
47
44
38
39
36
39
37
42
36
36
37
37
42
37
40
37
40
37
42
44
38
40
36
36
32
36
40
43
38
37
40
39
37
38
37
32
37
32
34
35
33
36
33
27
26
28
23
17
16
13
8
11
12
12
14
17
16
17
11
6
7
-2
-4
-5
-8
-6
-7
-5
-7
-12
-5
-11
-14
-12
-14
-15
-14
-13
-15
-13
-15
-15
-16
-19
-21
-18
-18
-24
-29
-31
-25
-27
-23
-25
-27
-33
-32
-26
-30
-30
-33
-28
-30
-30
-31
-32
-26
-29
-30
-30
-31
-32
-33
-32
-31
-29
-30
-29
-26
-31
-33
-27
-30
-29
-30
-26
-24
-29
-28
-29
-28
-35
-36
-33
-30
-32
-33
-30
-32
-27
-33
-33
-34
-39
-35
-34
-28
-28
-30
-26
-30
-30
-26
-27
-20
-16
-18
-17
-19
-24
-21
-13
-17
-18
-21
-20
-16
-19
-15
-18
-19
-21
-20
-18
-24
-18
-12
-12
-10
-12
-12
-14
-19
-21
-21
-22
-18
-19
-14
-16
-18
-15
-13
-12
-15
-8
-8
-8
-11
-7
-7
-12
-12
-11
-8
-11
-7
-2
-1
3
6
-1
1
1
-1
1
1
5
5
7
5
4
2
6
3
-2
1
2
3
5
0
0
2
-3
-2
-2
-4
-8
-3
-8
-11
-7
-8
-4
-3
-4
-1
0
-4
-4
-1
0
1
1
0
1
2
2
2
7
6
8
13
7
3
4
7
5
10
9
7
10
6
3
1
0
-1
2
5
-3
-3
5
2
4
6
8
6
4
5
4
11
9
9
9
10
8
8
8
4
7
5
8
7
7
8
8
7
7
13
7
11
6
7
6
-2
3
0
5
5
3
6
5
2
1
2
-5
-1
4
0
-1
0
0
-1
3
3
3
2
3
6
6
2
-1
3
0
-3
-2
-3
-4
-7
-7
-7
-10
-12
-17
-15
-12
-11
-11
-12
-12
-15
-16
-11
-9
-8
-6
-4
-8
-11
-14
-13
-14
-20
-19
-17
-21
-16
-14
-14
-15
-14
-15
-15
-9
-14
-7
-6
-11
-11
-11
-7
-8
-7
-9
-12
-6
-6
-6
-8
-7
-6
-1
-3
-7
-7
-6
2
1
3
1
-3
-5
-4
-1
-5
0
1
3
-2
-1
-4
-7
-4
-2
-2
-1
5
3
5
-1
-8
-10
-11
-9
-6
-7
-6
-2
-11
-9
-11
-8
-7
-7
-2
-7
-6
-7
-6
-6
-10
-12
-12
-10
-11
-11
-6
-6
-7
-4
-3
-3
-5
-4
-4
-7
-6
-6
-9
-9
-7
-4
-6
-9
-6
-4
-2
0
3
6
2
5
10
11
13
13
10
7
13
18
19
23
26
26
28
34
36
30
33
35
28
34
34
31
31
30
32
34
31
30
25
30
32
31
38
37
41
39
47
42
40
40
37
41
37
39
39
38
38
38
43
41
43
48
45
