0
1
0
6
2
0
1
-5
6
10
9
4
3
9
12
13
13
14
8
4
10
11
15
18
13
11
12
15
18
13
11
16
19
20
20
15
11
14
14
13
16
14
12
12
10
10
10
8
8
5
9
8
8
7
5
4
2
4
4
2
7
3
-3
5
7
8
4
3
5
10
10
2
6
6
6
4
4
1
6
13
10
10
10
8
12
15
15
18
17
10
10
13
11
14
14
10
7
14
16
11
19
9
9
19
11
11
15
8
14
13
11
16
9
15
12
3
9
11
10
8
7
5
8
9
6
6
6
4
6
14
12
11
5
5
8
6
13
2
1
4
3
9
9
7
7
5
0
6
7
8
11
4
-1
9
12
7
13
3
-2
7
1
6
9
5
4
3
-1
-3
0
-3
-3
-2
-3
-3
-3
-8
-7
-5
-11
-7
-9
-10
-7
-8
-11
-18
-16
-13
-9
-11
-15
-15
-14
-11
-18
-17
-22
-24
-13
-16
-19
-13
-11
-10
-6
-13
-16
-10
-9
-12
-12
-9
-11
-12
-15
-12
-15
-12
-8
-11
-11
-13
-8
-9
-14
-12
-10
-10
-10
-10
-10
-9
-7
-4
-5
-7
-7
-4
-5
-1
-3
-6
-4
-3
-5
-4
-3
-4
-2
-3
-2
-5
-7
-4
-7
-9
-5
-4
-7
-6
-7
-7
-5
-1
-7
-9
-6
-4
-4
-6
-10
-15
-8
-17
-16
-11
-15
-14
-9
-4
-7
-7
-13
-15
-13
-9
-5
-7
-5
-2
-6
-6
-5
-4
-6
-2
1
-3
-2
-7
-10
-8
-9
-11
-7
0
-8
-7
-8
-11
-11
-12
-7
-7
-3
-4
-3
-3
1
-1
-4
-1
-1
0
-3
2
5
3
5
3
8
10
6
5
10
10
14
17
13
14
14
13
8
14
13
10
16
14
9
13
15
12
14
13
15
17
14
12
10
14
16
17
15
14
19
17
18
20
20
22
25
22
24
24
24
27
21
25
29
24
28
28
19
22
30
22
18
20
12
18
23
19
15
23
16
14
18
9
13
11
7
5
6
3
3
5
5
6
10
8
7
14
9
12
11
10
5
5
8
4
8
5
6
5
1
4
4
4
6
5
7
5
6
1
-1
1
4
2
-2
-4
-2
-1
-3
-2
-9
-9
-8
-14
-10
-14
-13
-9
-15
-15
-11
-14
-10
-10
-11
-10
-6
-2
-5
-8
-6
0
2
-1
-7
2
6
4
6
5
-4
-11
-3
-7
-6
-7
-17
-11
-5
-10
-14
-17
-13
-13
-14
-16
-16
-9
-16
-17
-15
-17
-14
-17
-16
-19
-14
-15
-23
-9
-11
-12
-10
-14
-13
-13
-11
-14
-9
-7
-8
-10
-10
-9
-7
-5
-14
-18
-8
-11
-12
-11
-10
-9
-7
-14
-17
-9
-19
-17
-16
-17
-16
-11
-12
-21
-15
-12
-16
-13
-13
-19
-11
-10
-15
-15
-10
-12
-12
-4
-9
-11
-8
-5
-4
-5
-10
-8
-1
-5
-6
-10
-6
-2
-1
-7
-5
-13
-15
-7
-8
-8
-12
-11
-8
-5
-6
-5
-4
-7
-3
-4
-9
-9
-7
-7
-2
-6
-5
4
1
-1
3
2
0
5
-1
0
1
-2
2
7
9
-3
1
-1
-2
5
-1
-8
-4
-1
-3
0
-5
-5
-6
-4
-6
-8
-9
-6
-6
-8
-1
-6
-2
-1
-5
-5
-2
-2
8
8
3
7
6
3
-1
1
2
5
4
5
-2
0
1
2
1
-6
0
-2
4
-4
-1
3
1
-1
1
0
1
2
-5
-6
-5
2
3
0
-3
0
1
3
3
0
6
7
2
4
6
-2
-4
-3
-2
-3
-2
0
-3
1
-1
-4
-3
-3
-6
-3
-4
-5
-6
-6
-11
-10
-9
-16
-6
-10
-10
-8
-6
-4
-7
-2
-4
-7
-4
-2
3
1
2
2
-3
4
6
8
11
4
4
6
1
1
2
-2
3
2
-2
-4
-5
-6
-6
-3
-6
-7
-4
-7
-12
-13
-14
-14
-13
-17
-17
-11
-13
-10
-12
-19
-15
-10
-17
-21
-7
-15
-16
-8
-14
-12
-19
-18
-17
-20
-14
-15
-16
-12
-14
-10
-8
-10
-11
-5
-3
-4
0
-5
-12
-11
-9
-15
-5
-6
-10
-14
-11
-5
-9
-5
-9
-7
0
-2
-2
-2
-4
1
3
-1
-3
2
0
-3
-1
-8
-3
0
2
0
0
-1
0
9
1
-2
2
-1
0
-2
-1
-2
-5
-5
-7
-4
-9
-3
-4
-10
0
-3
-7
-2
-5
-10
-4
-4
-3
-8
-6
4
-1
-3
-3
-2
-2
4
6
-5
-2
-7
-8
1
-1
2
4
2
-2
1
4
0
2
2
1
8
10
6
10
5
9
10
7
9
4
4
1
6
8
5
3
0
1
-3
0
4
-4
0
6
6
8
5
5
5
5
11
9
11
11
7
3
7
10
12
15
10
11
11
11
6
11
11
13
16
11
12
13
15
13
17
13
19
21
21
19
25
21
11
17
16
16
14
13
10
18
11
8
11
6
6
7
6
4
7
5
3
0
3
3
3
6
3
0
0
2
4
6
3
6
10
15
12
10
12
7
12
15
9
13
10
8
13
14
14
13
8
14
12
8
11
4
10
13
8
0
7
2
-2
11
-2
3
6
4
1
-1
2
1
1
-3
2
6
2
-3
-3
1
4
0
-2
-8
-8
1
-5
-8
-4
-7
-7
-3
-4
-1
-4
-3
-4
-8
-9
-13
-11
-9
-12
-19
-15
-14
-18
-16
-19
-12
-9
-14
-12
-13
-15
-12
-9
-9
-5
-4
-2
-1
-4
-8
-6
2
1
5
3
0
3
7
10
10
10
4
6
4
7
2
2
5
-2
2
6
1
0
1
-5
-4
-4
-7
-9
-8
-7
-8
-6
-6
-2
-7
-4
-7
-9
0
-5
-11
-10
-5
-6
2
4
-2
-1
2
3
-1
-3
2
-3
2
6
4
6
3
2
3
3
3
6
2
1
2
0
-1
-3
-8
-7
1
-3
-2
-1
-5
3
2
-1
4
1
4
2
2
7
4
7
6
5
8
6
7
8
12
11
9
13
13
12
8
13
14
15
20
14
15
17
15
16
14
14
12
13
11
12
13
5
9
9
7
12
9
11
11
4
6
4
5
8
3
2
3
6
1
1
0
-3
-3
-8
-6
-10
-4
-10
-14
-11
-11
-10
-12
-11
-10
-5
-10
-8
-6
-5
-2
-5
-8
-9
-4
-6
-7
-9
-8
-5
-4
-2
-2
4
6
1
3
1
3
5
2
4
6
3
2
7
-1
2
2
-1
1
0
0
2
-3
-4
0
-1
4
4
1
-3
0
-1
-1
1
-6
-2
-2
-4
2
4
4
6
1
3
7
11
8
3
6
8
6
10
8
4
7
5
9
4
2
2
5
7
1
0
-1
3
1
2
0
2
0
-8
-7
-4
-5
-6
-3
-1
-1
2
-2
2
3
-2
5
5
7
4
1
1
-2
5
7
4
0
3
4
1
2
3
4
4
9
7
3
3
2
4
1
-2
-5
-3
-2
-4
-3
-2
5
3
1
0
-3
3
0
0
5
-3
2
8
4
2
5
7
3
9
3
10
13
12
19
14
16
12
14
17
13
10
16
13
12
17
13
13
14
9
5
10
8
1
4
7
7
8
9
6
7
4
4
9
7
5
4
9
9
11
13
6
6
10
14
9
3
8
11
9
14
14
8
9
13
11
19
16
7
11
11
7
3
10
4
-2
6
2
5
7
3
1
5
0
-4
-1
-6
-2
3
-5
-4
-3
-13
-8
-6
-5
-7
-8
-7
-8
-8
-9
-8
-11
-10
-11
-10
-9
-16
-14
-13
-12
-13
-13
-18
-23
-18
-16
-17
-20
-24
-23
-26
-29
-31
-25
-24
-24
-24
-26
-23
-24
-21
-16
-17
-16
-17
-13
-10
-12
-6
-7
-7
-6
-4
-2
-1
0
-2
-1
-2
-7
-11
-6
-9
-10
-12
-17
-19
-17
-12
-15
-15
-11
-10
-15
-13
-17
-16
-12
-18
-15
-16
-15
-10
-9
-14
-10
-7
-18
-8
-8
-7
-6
0
-1
-4
2
0
6
4
2
5
10
9
6
11
11
12
13
20
20
22
22
16
13
14
17
14
16
14
12
15
16
15
21
17
12
17
16
16
20
17
14
21
18
17
25
22
16
18
19
18
17
18
14
13
22
14
11
12
12
15
17
16
10
11
11
5
1
7
9
7
5
1
-5
1
1
-2
1
0
4
1
1
3
2
4
4
4
7
5
10
7
0
7
5
3
6
4
6
7
5
7
9
4
1
1
-1
-1
0
2
-2
-4
-2
-5
-5
-5
-4
-9
-8
-7
-6
-3
-12
-3
-3
-5
-1
-4
0
-5
-6
-3
-2
-2
-1
-1
-5
-1
1
0
-2
-3
-1
1
6
2
2
10
9
10
7
6
6
11
14
6
4
8
9
5
6
8
6
3
6
4
6
10
3
6
5
3
6
3
4
2
3
8
1
-1
0
0
1
3
-3
-7
2
-1
-1
1
2
1
3
3
0
4
5
3
0
2
-3
-6
-2
0
-2
2
2
0
3
-1
2
1
-3
-2
0
-1
0
9
5
-2
2
1
0
0
2
-1
-1
-1
-5
-4
-1
0
-3
-1
-2
-1
-2
-1
-2
-5
-2
-4
-4
0
-1
-6
-4
1
-4
-1
-1
0
-5
-2
2
0
3
0
4
5
1
2
3
4
8
14
8
9
10
9
9
13
13
10
8
6
12
12
10
7
7
13
16
13
13
17
16
19
13
12
11
13
12
13
9
8
9
3
10
11
8
6
6
5
3
6
2
3
4
2
2
1
0
2
0
3
-5
-8
-5
-7
-1
-1
-6
-7
-3
-3
-6
-10
-7
-7
-10
-4
-4
-1
-4
-3
1
-2
-2
-5
-1
0
-2
-2
-2
-3
-5
-3
-7
-7
-10
-4
-4
-8
-4
-8
-11
-10
-9
-9
-12
-17
-12
-11
-15
-15
-9
-10
-6
0
0
-1
-3
-1
-2
0
1
0
0
1
-2
3
6
1
5
9
6
0
3
0
-2
-1
-8
-8
-2
-3
-5
-3
-8
-10
-11
-12
-17
-18
-19
-19
-25
-26
-25
-26
-23
-24
-22
-25
-23
-24
-25
-26
-26
-25
-26
-23
-29
-30
-22
-27
-31
-23
-24
-27
-24
-17
-20
-19
-16
-21
-16
-18
-20
-13
-14
-17
-16
-16
-13
-15
-15
-14
-13
-9
-9
-14
-14
-9
-12
-7
-7
-10
-4
-4
-10
-6
-6
-6
-2
-5
1
0
4
4
1
9
6
11
11
10
14
16
14
9
11
12
9
14
9
11
14
10
14
13
4
8
7
5
6
5
2
2
5
4
5
5
7
11
11
13
9
12
12
7
8
6
11
9
12
14
13
16
16
17
12
13
12
12
9
9
13
6
5
3
0
-1
0
0
-2
-6
-3
-6
-10
-9
-9
-10
-9
-11
-14
-11
-9
-9
-2
1
-1
1
-4
-2
2
2
0
-2
-2
-3
2
-3
3
2
-2
7
2
-1
1
-1
3
3
3
-2
-2
-5
-6
-6
-10
-5
-8
-8
-13
-15
-17
-15
-16
-16
-14
-17
-12
-13
-9
-11
-12
-9
-6
-6
-5
-6
-6
-8
3
6
-5
7
5
7
8
5
11
14
14
10
15
19
13
16
16
17
21
20
22
22
23
17
19
17
16
15
18
15
9
16
17
16
15
20
16
18
12
13
21
16
15
16
18
13
17
11
11
16
12
11
15
11
7
12
7
4
7
7
6
0
0
-5
-10
-4
-7
-8
-6
-8
-13
-16
-19
-19
-18
-16
-16
-13
-15
-22
-14
-16
-20
-19
-16
-13
-8
-9
-10
-8
-8
-4
-6
0
2
0
-7
-3
0
-7
-6
-5
-2
-1
-1
2
0
-1
5
2
7
9
7
6
7
3
11
10
9
13
11
16
14
14
14
14
10
17
14
19
21
15
23
23
23
21
24
16
21
25
24
22
24
20
25
26
22
27
20
22
20
22
15
16
14
16
14
14
17
14
16
10
10
10
14
15
16
13
12
11
9
7
10
10
9
14
14
13
10
14
11
14
15
17
14
12
14
8
13
6
8
11
13
9
6
6
5
5
4
3
0
2
0
4
1
0
5
-1
1
6
3
4
5
2
2
-3
-5
-1
0
-3
-2
-6
-8
-9
-8
-6
-2
-6
-10
-8
-8
-10
-13
-12
-10
-14
-17
-16
-13
-15
-20
-13
-16
-19
-20
-20
-13
-17
-16
-20
-18
-17
-15
-15
-13
-12
-18
-9
-7
-9
-13
-6
-7
-13
-9
-11
-9
-11
-11
-6
-8
-7
-9
-8
-6
-11
-9
-7
-9
-6
-2
-4
-5
-5
-6
-4
-7
-10
-11
-7
-8
-8
-10
-12
-12
-10
-3
-9
-9
-8
-8
-7
-7
-7
-7
-2
-4
-3
-2
-4
-1
-2
-3
0
5
6
4
8
5
6
11
11
11
12
14
15
12
9
6
7
11
6
8
10
6
10
10
7
7
7
6
7
0
-2
5
1
-3
-5
-2
1
0
2
-1
0
1
-1
1
1
-3
-2
2
-1
-3
1
-3
0
3
0
0
0
1
0
1
-3
-2
1
-3
-1
-5
2
-4
-7
-2
-8
-4
-3
-4
-8
-3
-4
-5
-1
-7
-1
1
-3
-3
-1
-3
-3
-5
-6
-6
-3
-2
-7
-8
-5
0
-5
-7
-4
-2
0
2
0
-1
3
-2
-1
-1
-1
-1
-5
2
0
-1
-2
1
-1
-2
2
2
4
-1
-2
-1
-6
-2
-2
-4
2
-1
-3
-1
-7
-8
-10
-12
-6
-5
-4
-7
-4
-5
-4
2
-1
4
4
7
6
-1
3
4
2
8
12
6
12
8
5
6
9
11
8
10
4
3
5
3
1
3
0
1
3
2
3
0
3
4
5
6
1
-1
6
10
5
8
9
9
13
6
10
14
12
12
9
15
19
18
17
14
12
9
15
16
10
7
12
17
17
11
11
10
7
9
10
8
7
11
5
3
0
1
7
1
3
5
7
7
5
5
6
13
12
12
11
14
15
13
15
16
18
17
14
17
22
20
20
22
19
17
16
17
17
14
17
19
15
12
7
8
11
7
5
3
7
5
3
6
11
15
12
12
11
10
14
12
13
15
20
20
18
22
20
20
21
19
20
25
24
25
23
24
22
26
23
21
26
18
22
22
23
19
17
20
15
17
11
10
8
11
7
9
11
15
15
12
19
12
10
11
8
13
13
13
15
10
11
13
16
13
7
12
9
9
9
3
0
1
5
2
2
-3
-4
-4
-11
-8
-11
-11
-13
-16
-17
-17
-15
-18
-17
-16
-18
-20
-17
-16
-19
-18
-14
-13
-11
-16
-16
-9
-16
-13
-12
-12
-10
-11
-10
-14
-16
-13
-8
-8
-6
-7
-5
-7
-11
-10
-7
-8
-12
-8
-5
-9
-6
-5
-13
-10
-11
-14
-12
-13
-12
-10
-7
-15
-11
-13
-19
-19
-16
-14
-14
-7
-12
-11
-11
-9
-6
-7
-3
-5
-2
0
-1
-4
1
2
2
0
0
2
2
4
3
8
0
2
2
2
1
-1
4
-4
-1
8
4
2
6
6
6
8
13
8
10
12
8
13
11
12
14
14
10
12
10
9
13
15
11
9
8
8
12
3
2
4
1
2
-2
-5
-6
-8
-8
-6
-3
-6
-7
-8
-15
-12
-17
-14
-9
-11
-8
-9
-10
-7
-4
-11
-6
-5
-6
-3
-6
-4
-1
-7
-7
-10
-12
-14
-9
-8
-9
-8
-13
-11
-14
-15
-11
-15
-13
-11
-17
-16
-19
-22
-16
-20
-21
-22
-19
-17
-22
-21
-15
-19
-21
-21
-20
-21
-19
-17
-21
-14
-18
-14
-11
-15
-10
-8
-4
0
0
-1
3
1
2
3
2
3
1
6
-1
-4
2
-2
-5
-2
-2
-6
0
0
-2
-1
-4
-1
-2
-5
-3
-3
-4
2
5
6
4
7
10
9
11
13
16
14
14
15
12
16
14
13
14
20
17
18
19
18
19
16
17
13
14
8
8
16
15
11
10
7
5
5
1
2
2
5
2
5
5
1
4
4
6
3
3
3
6
5
8
8
4
9
5
8
7
6
5
2
2
-2
-3
-5
-4
-5
-5
-6
-9
-9
-9
-10
-16
-16
-16
-14
-13
-20
-21
-20
-25
-23
-23
-21
-18
-18
-16
-21
-19
-20
-24
-18
-20
-15
-17
-19
-15
-14
-15
-13
-13
-13
-4
-5
-5
-3
-6
-4
-4
-6
-6
-3
-3
-3
-4
-1
1
1
1
2
6
3
9
6
9
6
4
11
4
7
14
12
12
16
19
17
15
18
16
13
12
13
15
12
16
13
16
20
20
17
14
14
9
15
13
12
12
11
9
10
11
8
8
9
9
6
7
7
6
6
7
5
6
9
6
5
5
10
7
4
3
5
9
8
7
10
7
1
4
5
5
5
4
1
2
5
4
2
3
4
2
2
-1
-1
-1
-3
-7
-7
0
0
-2
-2
-1
-1
-4
-6
-4
3
1
0
-2
-5
-3
-4
-2
-2
0
-3
-3
-3
-6
-4
-9
-11
-9
-7
-10
-13
-8
-8
-8
-5
-9
-3
-4
-3
0
3
2
-3
4
-1
-2
1
5
1
1
2
-5
-4
-3
-2
-1
4
2
2
-1
-2
3
2
3
0
6
5
5
6
7
3
6
7
4
8
6
11
12
9
9
10
10
11
7
7
5
5
7
8
10
15
15
10
11
8
6
4
6
5
5
4
-3
6
-1
-1
0
-1
1
0
3
-3
-3
-3
-2
0
2
-2
1
-2
2
1
1
7
-1
5
5
2
6
0
-1
3
-2
2
3
1
3
2
0
0
0
-7
-6
-4
-8
-8
-3
-6
-9
-14
-13
-11
-15
-15
-15
-10
-18
-16
-17
-16
-10
-13
-14
-17
-10
-13
-11
-17
-16
-13
-18
-15
-14
-11
-7
-3
-5
-4
-6
-6
-3
-5
-9
-6
3
-2
-2
2
-1
-4
-4
-5
-11
-2
-5
-9
-9
-12
-12
-15
-14
-16
-14
-10
-10
-11
-10
-10
-8
-8
-12
-12
-8
-6
-8
-6
-3
-1
-1
4
3
5
0
3
3
2
3
-4
1
1
4
10
10
5
7
10
3
5
4
6
4
7
3
5
9
4
3
7
8
8
13
8
8
10
10
9
13
15
13
20
18
20
17
20
22
17
13
16
14
14
18
14
16
13
11
7
7
6
6
13
10
7
2
3
2
-4
-6
-9
-7
-13
-16
-12
-16
-20
-16
-18
-18
-13
-16
-20
-17
-21
-23
-24
-23
-21
-25
-21
-16
-17
-16
-15
-22
-11
-7
-13
-9
-14
-14
-12
-10
-9
-13
-10
-7
-12
-4
-10
-16
-9
-12
-9
-9
-8
-3
-5
-6
-7
-3
-2
4
6
3
2
6
6
7
7
9
13
12
12
4
10
14
10
13
8
14
14
17
20
14
14
14
15
8
10
8
11
18
13
15
11
13
15
10
8
9
7
10
9
9
9
8
11
9
8
9
10
9
6
1
4
1
-1
6
-1
1
2
3
1
0
3
-4
-1
-1
-3
-1
-6
-4
-2
-5
0
0
-3
-7
-9
-4
-15
-16
-12
-16
-16
-17
-14
-18
-19
-18
-19
-12
-13
-12
-7
-4
-6
-3
-4
-8
-6
-2
-5
-1
0
-2
-3
1
1
-2
-4
-2
3
-1
2
2
6
5
5
5
2
1
1
1
-3
-1
-2
-3
0
3
3
8
7
8
9
5
12
11
11
12
12
12
17
16
14
18
18
18
19
14
15
16
14
19
17
15
13
16
17
13
11
18
17
12
12
10
16
13
13
11
14
14
11
12
8
8
5
10
10
7
4
1
7
4
1
4
6
4
7
3
1
6
1
2
3
2
1
1
2
-2
-1
-2
-1
-4
-7
-11
-16
-11
-17
-21
-16
-19
-18
-21
-25
-25
-27
-24
-24
-26
-26
-26
-29
-28
-27
-26
-20
-23
-23
-23
-24
-22
-20
-20
-17
-16
-14
-11
-10
-11
-13
-8
-7
-10
-7
-8
-9
-6
-5
-7
-5
-3
-7
0
-2
-8
-2
-7
-6
-3
-3
-3
0
-1
0
7
8
10
7
5
11
8
10
8
3
6
2
6
0
2
3
5
3
1
3
-2
2
-1
3
-5
-8
-6
-8
-8
-9
-9
-7
-6
-6
-4
-11
-10
-16
-15
-13
-17
-14
-16
-8
-9
-13
-9
-10
-10
-9
-8
-8
-7
-8
-9
-5
-6
-5
-9
-7
-1
-5
-4
-6
-5
-4
2
-1
-6
-4
-2
-1
-2
1
-1
5
3
2
3
2
6
5
8
6
7
6
7
9
12
7
7
8
7
3
2
5
4
6
5
6
6
4
1
0
4
3
4
1
-4
4
4
2
6
4
3
0
5
4
1
9
3
4
7
8
3
5
6
2
3
0
2
-3
0
-1
2
0
-6
0
1
0
-4
0
-3
-5
0
-4
-1
0
-3
-5
-4
0
2
3
6
5
4
1
-3
0
1
0
-3
-1
-2
-3
-1
4
7
10
8
9
11
13
12
5
8
8
13
16
13
15
13
15
17
11
10
9
9
7
2
1
2
-1
-4
0
2
2
2
1
3
4
4
3
5
2
-1
10
12
5
6
6
6
7
5
5
8
9
6
8
2
0
1
1
6
2
1
2
1
4
2
2
-2
0
2
-4
-1
-2
1
-1
-4
-5
-8
-5
-8
0
-3
-7
-6
-11
-6
-10
-12
-11
-14
-11
-11
-16
-13
-14
-15
-17
-17
-16
-12
-13
-15
-11
-15
-17
-16
-17
-17
-19
-20
-16
-14
-19
-17
-15
-13
-17
-14
-13
-10
-8
-6
-3
-8
-8
-7
-6
-7
-3
2
-2
-1
2
-1
3
7
5
3
2
3
10
13
7
9
9
5
7
6
3
5
6
2
2
5
5
8
9
5
4
5
6
7
9
9
7
9
7
6
8
8
3
0
6
8
6
9
5
5
5
0
4
3
-1
3
7
10
9
4
4
4
6
6
5
10
6
8
11
9
10
5
5
8
8
6
5
7
5
4
9
9
9
10
8
11
11
8
2
3
3
-1
2
3
1
-1
1
2
3
2
1
2
-4
-2
-2
-5
-8
-9
-7
-10
-5
-3
-5
-6
-6
-8
-9
-15
-15
-11
-15
-12
-11
-8
-6
-10
-5
-6
-2
2
-1
1
0
2
2
5
9
4
3
7
8
12
11
10
15
13
12
5
2
8
7
7
6
8
8
3
5
1
1
0
2
5
2
3
0
2
0
-1
2
-2
4
-4
0
2
2
0
-4
4
1
0
-5
-3
-5
-9
0
-3
-4
-2
3
0
-4
-1
-3
-6
-9
-6
-9
-9
-7
-10
-9
-15
-17
-13
-15
-17
-14
-15
-18
-15
-14
-13
-10
-12
-11
-11
-16
-12
-9
-8
-10
-11
-10
-10
-9
-8
-9
-12
-6
-5
-8
-4
-6
-5
-6
-7
-10
-8
-10
-12
-8
-11
-14
-10
-10
-13
-12
-14
-10
-14
-13
-12
-9
-10
-13
-17
-20
-12
-15
-13
-14
-16
-18
-18
-20
-17
-15
-14
-9
-15
-7
-5
-5
-5
-4
2
-3
-4
-3
-3
-7
-2
-1
0
2
-6
-7
-3
-5
-5
-5
-2
0
-4
-8
-7
-4
-2
-4
-7
-3
-2
-5
0
-1
-2
2
1
1
3
3
4
4
5
8
7
6
7
12
8
11
12
6
7
6
5
6
9
6
-3
3
3
-3
1
0
1
1
-1
1
-4
-6
-4
-3
-10
-11
-4
-7
-3
-5
-8
-2
-2
2
-1
-1
3
1
5
8
5
10
13
8
12
12
14
11
14
15
8
13
11
15
8
5
8
-1
-2
-6
-9
-10
-4
-6
-9
-8
-10
-9
-13
-15
-16
-10
-13
-18
-9
-9
-8
-10
-4
-1
-2
1
1
4
3
-1
1
4
7
8
7
6
7
5
7
5
7
5
7
5
2
2
0
0
-2
-3
-4
-2
-7
-5
-6
-5
-4
-4
-1
-6
1
-5
-3
2
5
4
-1
1
4
4
1
8
2
-1
4
1
-6
-2
-4
-4
5
0
1
1
3
-4
-5
-4
-3
-3
-8
-8
-6
-6
-4
-4
-3
-4
-4
1
-4
-3
-1
3
4
0
5
-1
5
4
1
9
8
7
14
11
17
17
16
19
14
17
11
16
16
10
14
12
9
8
4
5
6
9
5
1
1
-2
0
1
0
-3
-2
-2
-3
4
7
3
4
7
1
7
7
6
11
4
10
8
12
17
12
15
18
15
17
15
12
6
7
8
7
10
2
7
8
-1
4
7
-1
-6
-6
-9
-6
-6
-6
-5
-4
-5
-12
-10
-7
-11
-9
-3
-2
-5
0
-1
-5
-4
-3
-4
-2
0
3
-1
-3
-2
-7
-3
-2
-8
-9
-11
-8
-12
-11
-15
-21
-21
-20
-19
-17
-16
-21
-24
-20
-19
-21
-18
-18
-15
-14
-17
-16
-16
-13
-12
-8
-3
-6
-1
2
2
8
8
8
6
12
13
7
11
16
11
18
19
13
13
13
14
15
15
15
17
19
18
14
13
9
8
11
10
12
11
9
12
10
13
11
11
9
13
15
13
16
11
11
14
14
13
15
15
16
11
9
9
1
9
9
9
11
6
9
2
1
3
-1
-3
-5
-5
-7
-13
-10
-14
-14
-11
-13
-18
-24
-20
-20
-20
-19
-20
-21
-22
-18
-18
-19
-18
-22
-18
-20
-21
-16
-17
-18
-19
-15
-12
-10
-8
-8
-9
-9
-4
-9
-8
-9
-12
-5
-4
-6
-3
-2
-1
-5
-3
-3
-4
1
0
1
3
3
8
10
4
5
6
8
8
9
7
7
11
10
9
12
12
16
12
14
10
6
5
7
11
9
14
12
9
10
11
7
5
3
2
2
-4
-6
-9
-7
-8
-6
-8
-4
-6
-5
-5
-1
-1
-8
-5
-8
-3
-5
-3
-4
-4
2
-2
-8
-8
-2
-2
1
-4
-7
-3
-2
-4
-2
-3
0
0
-3
-1
-3
-2
-2
0
-3
1
1
-1
-2
-6
0
1
1
0
0
3
2
-1
-1
-3
-1
-1
-3
1
0
0
0
2
-2
-3
-1
-2
-7
-6
-2
-2
0
-1
1
-1
-1
0
-3
-1
2
4
3
6
4
4
8
6
8
13
12
7
7
5
7
7
0
2
5
7
7
12
9
10
11
6
10
10
7
5
10
6
7
7
8
9
3
5
2
8
5
13
9
5
13
12
11
7
16
15
15
17
15
15
20
15
11
17
19
14
15
16
12
12
11
8
4
6
1
2
-3
-5
0
-3
-3
-4
6
2
2
2
-3
-7
-2
0
2
5
1
3
4
8
5
5
2
7
9
4
8
9
11
5
7
11
12
6
13
12
5
7
6
9
6
8
11
16
12
9
4
3
13
4
0
0
2
-1
-4
-5
-6
-3
-6
-8
-10
-9
-11
-10
-8
-6
-8
-11
-7
-8
-7
-7
-4
-1
-1
-3
-3
-3
-6
-4
-9
-15
-11
-13
-9
-16
-20
-11
-13
-17
-14
-12
-14
-8
-11
-8
-7
-8
-3
-3
2
0
2
0
1
-1
-7
1
2
4
3
-3
3
7
3
2
0
6
4
7
12
8
8
8
7
4
5
7
5
9
11
4
3
-3
-6
-3
-5
-9
-13
-16
-13
-19
-24
-26
-31
-20
-27
-25
-24
-31
-27
-25
-21
-25
-21
-18
-11
-10
-13
-12
-10
-10
-10
-5
-7
-6
-4
-5
-6
-2
-10
-11
-7
-7
-9
-12
-9
-11
-14
-13
-7
-13
-10
-9
-14
-13
-13
-13
-7
-7
-14
-8
-9
-8
-9
-5
-3
-3
4
4
6
9
8
8
9
10
13
13
15
16
13
11
12
14
16
15
11
7
8
7
5
7
-3
4
-4
-2
5
-6
10
-14
-11
-9
-11
-2
-13
-1
-14
-15
-4
-8
-1
2
-10
-2
-10
-4
-1
-5
7
-5
8
-3
1
5
2
5
-3
5
6
3
5
4
0
1
-5
-4
-6
-2
-3
-3
-5
-9
-10
-13
-12
-12
-8
-7
-9
-9
-4
-4
-6
-12
-7
-9
-6
-2
-6
0
-3
0
3
5
0
0
2
3
1
2
-3
-2
2
1
3
-4
-4
-6
-4
-7
-3
-7
-12
-3
-7
-7
-7
-4
-1
-8
-5
-6
-7
-5
-8
-2
-5
-4
-3
-1
4
2
-1
3
9
10
12
16
12
9
14
9
13
12
8
11
12
14
10
8
12
15
9
11
13
9
9
10
9
11
11
7
8
7
10
9
9
12
12
11
9
12
13
17
16
13
13
14
15
12
15
18
18
19
23
21
20
22
14
20
18
13
11
10
16
11
16
17
12
14
9
8
7
9
12
8
9
13
15
13
14
10
13
17
11
12
6
7
9
9
9
4
9
10
10
5
11
14
10
12
4
4
2
1
0
1
1
1
2
2
0
-3
-2
0
-4
-3
-4
-6
-3
-5
-4
-6
-2
3
0
1
4
4
2
4
6
3
-2
5
8
10
13
3
10
14
17
14
14
15
13
18
16
20
11
9
9
9
13
5
5
3
5
6
0
-2
-3
0
-4
-4
-7
-11
-10
-13
-14
-16
-16
-16
-13
-12
-19
-15
-21
-22
-20
-16
-20
-20
-15
-16
-11
-16
-22
-20
-14
-15
-11
-12
-11
-7
-10
-3
-1
-1
1
2
5
8
0
3
10
4
3
3
0
-1
4
2
-2
-4
-3
-5
-4
-5
-2
0
-7
-7
-10
-8
-13
-6
-7
-11
-4
-6
-1
-4
2
1
8
7
9
13
12
13
13
16
15
14
15
18
15
13
8
4
2
3
3
3
7
1
2
5
6
4
4
2
2
-1
2
6
6
7
6
6
-6
-15
-29
-41
-47
-53
-56
-63
-64
-66
-62
-58
-56
-48
-34
-10
16
47
69
91
101
102
94
75
59
43
33
25
19
18
10
1
-9
-29
-43
-49
-55
-46
-19
5
39
82
110
129
132
125
100
77
51
14
-6
-24
-40
-59
-80
-118
-151
-188
-225
-249
-258
-251
-235
-201
-168
-121
-87
-57
-24
9
47
88
136
180
211
222
202
157
90
-2
-75
-143
-182
-187
-160
-99
-21
53
105
147
161
157
143
132
130
143
180
215
248
271
253
212
145
50
-37
-118
-169
-188
-181
-147
-99
-58
-29
-26
-56
-114
-185
-254
-300
-332
-337
-311
-268
-209
-159
-121
-97
-87
-84
-79
-69
-46
-8
44
94
134
169
164
142
99
43
-1
-39
-52
-41
-8
43
104
168
223
253
269
264
251
233
216
204
201
216
235
252
258
252
235
193
149
104
60
37
25
32
47
66
75
58
10
-77
-190
-319
-445
-557
-644
-673
-654
-594
-486
-371
-254
-157
-89
-58
-44
-46
-54
-46
-31
11
66
117
160
176
150
89
-6
-118
-218
-287
-316
-299
-233
-115
31
185
325
436
517
551
548
525
480
417
345
272
200
128
50
-18
-78
-125
-164
-162
-119
-50
51
177
317
461
590
670
722
709
628
494
326
144
-63
-283
-492
-681
-851
-982
-1073
-1101
-1094
-1039
-931
-761
-544
-316
-80
135
322
460
536
566
537
434
286
115
-49
-215
-366
-483
-580
-639
-659
-625
-548
-446
-323
-182
-8
186
386
589
779
926
1015
1060
1060
997
857
658
433
190
-40
-243
-399
-514
-589
-602
-544
-418
-250
-47
186
430
672
895
1094
1241
1289
1242
1095
888
617
301
-23
-337
-623
-886
-1093
-1234
-1316
-1376
-1402
-1356
-1242
-1060
-809
-493
-157
159
434
641
776
811
731
571
361
133
-90
-275
-408
-522
-636
-737
-796
-820
-830
-814
-744
-635
-488
-291
-15
287
549
764
940
1076
1131
1124
1061
944
733
476
247
56
-123
-297
-413
-464
-459
-401
-256
-48
134
285
458
649
819
944
1027
1051
986
850
702
562
374
137
-91
-257
-381
-469
-488
-470
-482
-566
-605
-555
-479
-394
-290
-127
24
150
294
396
401
177
-141
-462
-787
-1065
-1293
-1369
-1379
-1307
-1111
-765
-332
0
244
403
516
549
516
502
434
298
147
80
116
129
77
-78
-297
-568
-844
-1012
-1084
-1098
-1049
-840
-439
89
646
1143
1483
1617
1577
1466
1286
1009
643
259
-49
-248
-290
-234
-168
-175
-218
-237
-219
-171
-125
-62
19
154
401
758
1117
1366
1466
1457
1364
1180
911
585
208
-192
-518
-672
-694
-690
-676
-637
-560
-482
-375
-249
-139
-76
-6
132
308
439
445
367
199
-40
-306
-559
-793
-1008
-1172
-1206
-1112
-987
-882
-809
-761
-741
-712
-649
-539
-428
-320
-142
99
283
388
396
310
104
-178
-439
-713
-983
-1239
-1282
-1066
-698
-244
252
774
1156
1349
1436
1424
1197
754
369
181
119
126
197
375
436
368
293
233
110
-204
-477
-597
-517
-321
5
485
935
1305
1561
1777
1884
1740
1402
993
590
222
-48
-174
-231
-253
-230
-118
22
118
196
226
215
176
209
266
260
179
62
-67
-314
-626
-943
-1224
-1483
-1718
-1753
-1597
-1352
-1108
-821
-451
-186
-83
-160
-232
-341
-499
-557
-496
-292
-225
-166
-66
84
117
-87
-293
-579
-828
-1113
-1245
-1289
-1405
-1525
-1526
-1092
-388
489
1327
2073
2578
2761
2685
2336
1760
842
-124
-897
-1200
-1117
-792
-357
-24
231
293
362
329
210
-33
-305
-326
-111
478
1114
1736
2186
2400
2446
2218
1928
1412
754
-6
-649
-963
-1092
-1033
-879
-539
-100
365
912
1472
1820
1774
1350
879
365
-266
-906
-1497
-1830
-2141
-2139
-1865
-1402
-1058
-1055
-949
-947
-767
-755
-713
-716
-902
-907
-941
-523
-178
157
249
150
182
-12
-67
-478
-782
-1165
-1510
-1606
-1638
-1199
-999
-827
-893
-789
-490
-366
7
602
1575
2146
2397
2723
2912
2642
1783
985
295
-652
-1505
-1770
-1281
-769
-454
17
460
840
849
965
1054
1006
793
532
718
1075
1546
1760
1955
2115
2061
1705
1205
793
328
-288
-901
-1112
-1017
-686
-283
539
1588
2410
2649
2314
1985
1213
65
-1309
-2418
-3156
-3882
-3867
-3189
-1874
-934
-506
-104
-63
-69
-610
-987
-1464
-2022
-2324
-2274
-1354
-513
217
541
637
607
223
-154
-699
-1355
-2086
-2590
-2423
-1856
-1072
-387
-9
382
538
658
502
167
-170
-675
-636
-84
1181
2267
2797
3208
3114
2860
1965
1132
147
-1121
-2000
-2394
-1670
-945
37
844
1408
1878
2014
2320
2084
1664
883
213
-32
97
663
1137
1575
1923
2119
2131
1959
1672
1130
422
65
149
631
889
1058
1072
920
564
-162
-852
-1832
-2672
-3460
-3491
-2920
-2121
-1282
-832
-243
-58
120
-175
-664
-1349
-2245
-2646
-2845
-2223
-1549
-770
-347
-225
-40
-273
-336
-921
-1396
-2072
-2597
-2496
-2140
-1095
-294
747
1392
1849
2095
1870
1679
752
-230
-1501
-2304
-2555
-2229
-967
617
2511
3582
4226
4529
4272
3435
1868
448
-1080
-2148
-2378
-1651
-236
708
1653
2180
2424
2249
1806
1379
363
-575
-1454
-1490
-951
-64
1055
1946
2784
3204
3436
3547
3504
3095
2083
1111
400
-96
-334
-722
-783
-1074
-1181
-1234
-1165
-1058
-1480
-1717
-2457
-2473
-2258
-1653
-965
-504
97
193
477
197
-198
-969
-1918
-2548
-3036
-2977
-2538
-1905
-1502
-1361
-1114
-1044
-1243
-1777
-2359
-2659
-3044
-2786
-2081
-907
147
1073
2042
2541
2889
2429
1968
901
-375
-1452
-2522
-2892
-3171
-2338
-1142
947
3058
4321
5253
5194
4977
3491
1840
157
-1300
-2420
-2861
-1700
-301
1086
2084
2947
3061
2589
1906
1168
-193
-1685
-2688
-2985
-2534
-1420
351
1637
2964
3664
4015
3735
3108
2343
1075
321
569
1842
2654
3134
4327
4544
3740
2423
1025
-447
-3103
-4484
-5438
-4679
-4092
-2894
-654
196
1859
1882
2654
1904
1013
-388
-2511
-3063
-4269
-3778
-3763
-2812
-1867
-1577
-1091
-1190
-1218
-2198
-3073
-3801
-4833
-5184
-5602
-5695
-5419
-5095
-4061
-3089
-1266
505
2433
3382
3945
4596
4668
4703
4431
4266
3202
2739
1941
1814
1329
672
-137
-1467
-1854
-2409
-1606
-1449
-735
-273
-28
780
1454
2957
3568
4090
3927
3539
3165
2580
2245
1504
606
-472
-1593
-2177
-2524
-2683
-2710
-2785
-2571
-2335
-1644
-977
-200
468
745
1173
1621
2583
3543
4251
4839
5265
5256
4786
4059
2991
1159
-727
-2397
-3652
-4111
-4296
-3244
-2289
-996
279
1590
2842
3150
3836
3203
2748
1736
837
223
-867
-1494
-2754
-3137
-3738
-3765
-3584
-3652
-3445
-3668
-3361
-2884
-2125
-1588
-1233
-915
-1035
-1038
-862
-841
-1192
-1863
-2717
-3220
-3280
-3213
-3304
-3459
-2811
-1833
-658
-245
-212
-252
-840
-594
64
1280
1825
2165
3370
5391
7875
8421
7490
5805
3504
1104
-1259
-2421
-3304
-4575
-5327
-4497
-1904
312
2356
3637
3872
3150
2092
1665
1415
1020
26
-519
-600
187
1331
2243
2535
2264
1287
-165
-1073
-1524
-1628
-1839
-1510
-275
1900
4088
5822
7197
7709
6957
5023
2845
1253
-542
-2175
-3488
-3741
-2956
-2109
-611
547
1920
2012
1576
752
-490
-1233
-2579
-3340
-3789
-3555
-3055
-2261
-1068
-52
493
303
-357
-1107
-2113
-3238
-4113
-4998
-5435
-5759
-5977
-5615
-5007
-4414
-4007
-4009
-3684
-3673
-3639
-3203
-2093
-720
-606
406
1379
2749
4232
4812
6374
6509
6691
5874
4927
4287
2294
1462
-974
-1885
-2600
-2933
-2125
-1894
-367
-503
-175
-148
287
985
972
1667
1857
2213
2707
3203
3947
4213
3849
3123
1792
701
-993
-2157
-3382
-4287
-4527
-4798
-3958
-2805
-721
1729
4517
6224
7011
7838
8015
7303
6183
4747
2625
612
-1175
-1287
-973
-911
-904
-639
-290
-498
426
780
1194
1067
547
863
1000
1741
1571
1482
530
-407
-1218
-2358
-2530
-3416
-3951
-4631
-4609
-4384
-4172
-3857
-3908
-3535
-3489
-3520
-3424
-3464
-3147
-3021
-2965
-2605
-2508
-1727
-1889
-1857
-2515
-3570
-4088
-4771
-4135
-3922
-2860
-2406
-1666
286
1609
3171
3795
4562
5425
5868
6681
7340
7329
5404
3297
1937
676
-217
-1161
-1940
-2318
-2726
-2537
-1200
-507
279
257
380
548
1030
1864
1627
2058
1304
1360
1206
1267
1825
1295
875
7
-573
-1206
-1571
-1787
-1976
-2062
-1852
-887
1478
4361
7820
10309
10323
10156
8458
6111
3189
-320
-2856
-5461
-5778
-5374
-2272
686
2209
4453
3673
4450
3255
2763
1395
-512
-1822
-4487
-3829
-4605
-2943
-2599
-2271
-1206
-1225
-204
-358
216
-764
-1917
-3300
-4624
-4853
-5128
-5033
-4489
-4571
-3957
-3544
-2752
-1878
-1858
-2028
-3110
-3074
-3709
-3904
-4571
-4953
-4643
-4239
-2347
-837
1102
2327
3244
3740
3811
4019
3481
2751
1458
1667
2948
2512
2136
1915
1908
1437
512
619
218
18
-1135
-872
164
37
1225
1238
1862
1598
1455
1526
912
1303
197
48
-524
-207
224
-140
435
423
526
-67
-309
-202
-307
64
1405
4100
6778
8580
9877
9862
9279
7058
4145
908
-2121
-4142
-5431
-4450
-2928
5
1840
3674
4773
5056
5334
4130
3016
645
-1151
-3438
-4652
-5117
-5211
-4354
-3834
-2710
-1814
-742
-38
153
-259
-1299
-2068
-2745
-2911
-3134
-3921
-4281
-4634
-4082
-3664
-2697
-2007
-1848
-1914
-2456
-2266
-3226
-3694
-5167
-6019
-6481
-6691
-6277
-5941
-4584
-3791
-2107
-1297
-130
354
17
509
1805
3828
5610
7848
8689
8772
8405
7463
5728
2751
-679
-3165
-4423
-4290
-2729
-805
206
340
698
674
1120
1239
1108
278
-1035
-1361
-1087
382
1777
3109
3694
3602
3602
3032
2406
1014
-492
-2043
-3430
-3570
-2856
-1001
760
2664
5310
8788
12474
14277
14299
11910
8258
3607
-1201
-4674
-7343
-8418
-8008
-4993
-946
3458
6930
8195
8344
6639
4935
2938
1390
-274
-1898
-2865
-3486
-2473
-1869
-1158
-1044
-1654
-2539
-3439
-3628
-3733
-3733
-4377
-5022
-5276
-5140
-4438
-3756
-3095
-2442
-2171
-1972
-1795
-1729
-2440
-3704
-5368
-6247
-6279
-5631
-4255
-3891
-3534
-3421
-3409
-4510
-5504
-6323
-7507
-7967
-8362
-6794
-4710
-2747
-581
2279
5692
8926
11877
13151
12797
10929
7782
4759
1887
-756
-3042
-4716
-4618
-3487
-1649
-36
1483
1911
1736
1787
1982
2496
2041
1410
686
797
1284
2528
3707
4295
4514
3907
3026
1888
1060
-338
-1628
-2844
-3128
-2567
-1475
128
1742
3630
5276
7466
9912
12312
13172
11513
8978
5721
2390
-627
-3317
-4743
-5543
-4946
-3602
-615
1935
2976
3676
2464
1963
1255
1231
920
962
881
171
664
472
1158
709
-237
-1470
-2692
-3818
-4844
-5016
-5584
-5707
-6064
-5915
-5245
-4490
-3707
-3182
-2905
-2664
-2760
-2779
-2759
-2765
-2957
-3466
-3354
-3215
-2798
-2944
-2932
-2986
-3946
-4594
-5899
-6689
-7272
-8284
-8396
-8688
-7870
-7052
-6178
-5175
-3604
-798
118
3062
7332
11912
14587
14056
13815
12089
8964
4338
998
-2271
-5964
-6959
-6172
-3356
-685
1354
3126
3826
4226
4588
4981
4643
3808
2432
835
886
2194
3777
4861
5321
5410
4621
3018
1665
186
-1971
-4408
-6216
-6727
-6098
-4085
-1978
626
3444
6488
10654
14732
17340
16387
13774
9387
4422
31
-4481
-7176
-9401
-9465
-7620
-3342
847
3735
6044
5434
4988
3607
3164
2542
1325
-279
-2047
-2233
-2537
-1249
-1086
-892
-906
-1751
-2025
-2339
-2447
-3264
-4127
-5533
-6313
-6159
-5993
-5072
-4417
-3769
-2969
-2615
-2346
-2591
-2655
-3093
-3388
-3376
-2630
-2279
-2574
-2538
-3280
-3553
-4500
-5754
-6965
-7347
-7787
-7559
-6376
-5692
-4560
-4621
-4645
-4403
-4637
-5165
-4996
-4053
-2548
1680
8412
14673
18010
17800
17197
14801
9616
4157
-1310
-5739
-9565
-9566
-6721
-2294
1452
3733
6052
6468
7351
7412
6635
4877
2379
433
-915
-274
1319
2907
3756
4141
4631
4004
3043
1767
-776
-3680
-6848
-8574
-8516
-6939
-4670
-2121
1228
5030
10147
14698
17146
17749
15848
11834
7009
2377
-1704
-5370
-8317
-10100
-8956
-6345
-3641
-556
1284
2198
2151
2410
3318
4707
5485
5100
4751
3882
3370
2618
1447
204
-1444
-3133
-4253
-4401
-4167
-4065
-4550
-5334
-6033
-6892
-7518
-7564
-7313
-6668
-5869
-4443
-2050
730
2774
3606
3547
3009
1762
-314
-1983
-3621
-4834
-6013
-7344
-8520
-9074
-8897
-8843
-8285
-8293
-7243
-5041
-2708
-309
881
987
-437
-1783
-2892
-4043
-5234
-6152
-3974
880
6613
11504
15415
17395
15948
12983
9198
4415
-1572
-7008
-10034
-9945
-7546
-3707
1112
4482
6536
7904
8927
8994
8140
5901
2364
-724
-2995
-3076
-2017
-310
1749
2870
3358
3824
4319
3599
1623
-1555
-5197
-7515
-8667
-8198
-6356
-3869
-882
2502
7139
12275
16692
18374
16881
13184
8354
3316
-1488
-5382
-8930
-11070
-10749
-8163
-3938
827
4016
5605
6211
5964
6102
6166
5502
3987
2112
-109
-1097
-947
-723
-360
-709
-980
-633
-106
363
459
-775
-2948
-5396
-7537
-8538
-8628
-8655
-8043
-6666
-4599
-1404
1809
4225
5128
4346
2145
20
-1572
-3019
-4864
-6849
-8213
-8921
-8131
-6699
-5499
-4324
-3710
-3262
-2231
-1192
-995
-1510
-2677
-5572
-7319
-8845
-10079
-10423
-10878
-9884
-7445
-1314
6273
14602
19971
21493
20718
17444
13147
6922
231
-6434
-11034
-12548
-10046
-5017
622
4414
6441
7499
8228
8473
7091
5071
971
-2915
-5717
-5322
-3148
-322
2611
4079
5137
5498
5900
5532
3503
-633
-5197
-8573
-9923
-9214
-6742
-4341
-1632
1171
4760
10260
16054
19934
19305
15747
10537
5449
772
-3602
-7594
-10829
-12231
-10637
-5781
748
5809
8622
9547
9119
9110
8737
8261
6483
3888
295
-2204
-2963
-3136
-3025
-4130
-5010
-5464
-4697
-3387
-1729
-980
-1560
-3066
-4740
-5193
-4874
-4287
-3794
-3228
-2356
-634
1338
3044
3262
1674
-1311
-4423
-6632
-7140
-6871
-7484
-8457
-8947
-8339
-7341
-6179
-4667
-3229
-3587
-3872
-2697
-1172
-1428
-3721
-6225
-8612
-10716
-13027
-13356
-12358
-9651
-4215
3587
12722
20755
25422
25945
24099
18962
11680
2909
-5268
-11479
-14627
-14387
-10855
-4719
86
4457
7287
9499
10456
9947
8035
4432
1051
-2188
-3158
-2593
-259
2508
4337
5820
6750
6860
5398
2533
-1123
-5504
-9529
-12112
-12426
-10647
-7785
-2856
2824
9142
14635
19273
21420
20360
17130
11536
6209
724
-3533
-6781
-8161
-8447
-7283
-4517
-2043
1114
3323
4842
5921
7156
7828
8240
8113
6922
5690
3618
1438
-742
-3166
-5239
-6675
-7581
-7781
-7097
-6420
-5800
-4953
-4774
-4420
-4280
-4120
-3495
-2967
-2578
-2236
-1616
-1473
-915
-572
-735
-1367
-2507
-3993
-5530
-6501
-7479
-8452
-9421
-9985
-9950
-9136
-7404
-4904
-2912
-1656
-999
-602
-986
-2194
-3736
-5858
-8266
-11405
-12851
-11602
-6535
1744
10439
17550
21676
24251
24676
22493
17039
8556
-823
-9657
-14556
-14702
-11566
-7391
-4143
-928
2037
5441
8256
9660
8713
5063
1425
-1099
-963
644
2697
4294
5356
6574
7524
8312
7440
4262
-790
-6324
-10484
-12370
-12189
-10665
-8188
-4477
694
7624
14320
19172
21572
20271
16561
11583
6533
2097
-1899
-5408
-7486
-7385
-6280
-3967
-1539
-83
978
1304
2015
3641
5576
6766
7359
7131
6104
5184
3354
1309
-1090
-4114
-6785
-8260
-8481
-7728
-6747
-6284
-5688
-5300
-5183
-4911
-4561
-4251
-3855
-3771
-3320
-2081
-756
82
455
341
-185
-761
-2001
-3024
-3734
-4743
-6311
-8077
-9710
-10358
-9324
-7520
-5314
-3249
-2183
-1914
-1586
-1807
-2672
-5314
-8914
-11746
-13314
-12880
-9062
-1591
6697
14227
19730
23573
25543
24317
19104
11356
1570
-7857
-13876
-15629
-13201
-9245
-5052
-2004
1476
4287
6890
8360
7540
5051
1402
-767
-1316
578
2708
5139
7116
8695
10165
10592
9207
5760
752
-5287
-10524
-13706
-14083
-13155
-10527
-7082
-2082
3570
9584
15615
20627
23197
21010
17448
13140
8176
3463
-1203
-5644
-8665
-9848
-9345
-6210
-2415
-1031
587
1279
2001
4381
6343
8003
8535
8177
5969
5071
3305
1223
-959
-4760
-7432
-9231
-9528
-8900
-7101
-6479
-6020
-6060
-6566
-5875
-5603
-5585
-5047
-4457
-3407
-1137
1025
2818
3812
3376
1808
867
-584
-2287
-4300
-6572
-8169
-9604
-10506
-11222
-10527
-9473
-8004
-5416
-2306
33
983
1112
-129
-2429
-5322
-8800
-11712
-13601
-13787
-10103
-2720
6744
14964
21138
23886
24214
22194
16422
9210
580
-6905
-12888
-14292
-11490
-6766
-1909
1124
4454
6662
8495
8697
8038
5617
1657
-1447
-2527
-667
1881
4717
7008
9173
10449
10743
9512
6659
1911
-4188
-9884
-13653
-14626
-13705
-10898
-7238
-2235
3306
9076
14272
18273
20141
19173
15984
11020
6223
1598
-2813
-6409
-8719
-9737
-9076
-6819
-3546
-168
2000
2959
4123
5359
6579
7743
7970
7342
5796
3626
1459
-309
-2631
-4973
-7450
-9211
-9458
-8869
-7833
-6602
-5554
-5553
-5519
-5642
-5227
-4423
-4090
-3721
-2771
-1271
758
2992
4118
3874
2511
432
-1577
-3162
-5171
-7148
-9116
-10916
-12182
-11854
-10737
-9001
-6691
-4840
-1788
982
2519
3029
2846
-203
-4707
-8887
-12512
-13219
-11404
-5931
3480
12765
17986
21871
24092
23549
19321
11216
1897
-6298
-12328
-14625
-10882
-6262
-2060
1006
3556
6889
9801
10784
9478
6524
1206
-2587
-3995
-2904
-111
2416
4153
6323
9067
10981
11500
9329
4494
-1929
-8263
-12978
-14565
-14267
-12834
-10165
-5657
780
8027
14745
19298
21503
19920
15298
10174
5397
1121
-3330
-7363
-9729
-9632
-7852
-5205
-1867
-22
536
440
895
2661
4951
6823
7513
7689
7167
6528
5312
3440
817
-2826
-6566
-9237
-10331
-10359
-9933
-9635
-9215
-8572
-7914
-6727
-5042
-3672
-2423
-1555
-687
1013
3229
4387
4551
3794
1963
32
-2136
-4130
-5395
-6910
-9110
-10117
-10500
-10233
-8282
-6205
-5217
-4549
-4007
-2921
-1320
-903
-1246
-2440
-5102
-8134
-9844
-10274
-7306
-469
7963
14896
18930
22133
24337
23384
17899
10164
889
-7848
-12754
-12446
-8151
-4004
-1570
81
2097
4395
7138
8609
7282
3339
-1102
-3508
-2955
37
3365
5384
6239
7536
8827
9740
9294
6359
903
-5614
-10809
-13361
-13415
-12657
-11023
-8347
-4524
886
7437
13311
16862
17792
16338
13484
10896
7967
4025
-60
-4441
-7647
-8581
-7646
-5849
-3323
-1893
-1522
-263
1236
3484
5721
6977
7239
7574
7313
6688
6065
3966
1233
-2420
-6002
-8167
-9039
-9261
-9173
-9143
-9126
-8410
-7880
-7106
-5936
-5338
-4800
-3617
-1922
71
2023
3388
4193
4319
3172
1712
78
-2074
-4176
-6277
-8001
-9893
-11044
-11472
-10765
-9171
-7451
-5188
-4007
-3040
-1966
-548
-763
-2589
-4985
-8207
-10542
-10950
-6317
3040
13052
18752
21767
24769
25636
22990
16280
7652
-1976
-11150
-15993
-13791
-7897
-3563
-1120
895
3401
6034
8087
9075
7450
2603
-2887
-5812
-4937
-1352
2101
3961
5697
8097
10001
10982
10413
7387
1406
-6398
-12567
-15192
-15066
-14310
-12642
-9564
-4725
1567
7878
13911
17992
18494
16465
14917
12924
9434
5790
1074
-3725
-6762
-9025
-9344
-7505
-5986
-4716
-2110
-241
1589
5215
6846
7879
8715
8671
8181
7856
6424
4536
3084
-353
-2519
-4528
-6227
-7235
-8457
-9690
-10275
-10548
-11401
-10806
-10520
-9657
-7715
-5875
-3311
-277
1919
4083
5964
6194
5410
4127
1816
-692
-2593
-4158
-5112
-7781
-10613
-12148
-12205
-11962
-11153
-9201
-8088
-6335
-4263
-1145
449
-364
-2828
-5780
-7537
-7460
-1411
8963
17968
21131
22302
23980
24089
20124
11793
2293
-7931
-16222
-19025
-14297
-7730
-3499
-1435
487
3324
6118
9008
9548
6770
948
-3756
-5367
-2794
1555
4309
5617
6607
8306
9784
10866
9327
5014
-2280
-9859
-14648
-15606
-14576
-13142
-10880
-7629
-1919
4972
12350
17915
20009
18405
15474
13109
10834
8065
4191
-837
-5473
-8197
-8965
-7958
-7022
-6128
-5583
-3855
-1580
2253
6497
8813
10046
9769
9922
9453
9102
7330
4860
1825
-1573
-3591
-5514
-6482
-8033
-9591
-11012
-11607
-11562
-11183
-10458
-10120
-8961
-7262
-5351
-2718
221
2638
4511
5704
6423
6157
4867
2604
110
-3328
-7228
-10317
-12291
-12580
-11943
-11025
-10601
-9266
-8206
-6862
-4625
-2683
-2044
-3176
-4332
-5609
-5133
-2786
3232
12268
18423
20759
22468
24362
22864
17319
8878
-770
-9917
-16468
-16878
-11619
-6103
-2849
-385
2182
4983
7193
8417
7504
3918
-1607
-5319
-5414
-2814
1481
4464
6834
9116
11088
11778
11023
8257
2329
-4771
-11319
-15173
-15941
-15249
-13957
-11418
-7262
-1661
4490
10135
13954
16363
17676
16699
14793
13069
11131
7613
3048
-1310
-4840
-6986
-8575
-8774
-7609
-6616
-5499
-3513
-67
3331
6457
8792
10113
11052
10566
9361
7469
5675
2977
-301
-2832
-4386
-5308
-6940
-8595
-10014
-10964
-11831
-12421
-12218
-11494
-10749
-9488
-7098
-3415
194
2735
4261
5151
5676
4957
3388
1613
146
-2470
-5518
-7664
-8981
-10339
-12031
-12941
-13001
-11779
-10738
-9131
-6716
-4625
-2782
-2266
-2395
-2979
-2634
380
7574
16888
21659
22546
22049
21399
18412
11573
3854
-3817
-10981
-15973
-14059
-7794
-2379
743
2116
3331
4286
5259
5740
4823
1430
-2882
-5101
-3868
-18
4467
7133
8578
9502
9714
9584
8239
5324
-254
-6846
-12402
-14987
-14576
-12962
-10585
-7930
-4161
601
6049
11050
14651
16534
15966
13489
11007
9935
8560
5769
2000
-1370
-3494
-4634
-4736
-4243
-3790
-4766
-5340
-4139
-1496
1754
4380
6517
7735
8758
8980
9173
8771
6925
3951
121
-2343
-3597
-4290
-5978
-8024
-10184
-12125
-13039
-13283
-12458
-11611
-11080
-10467
-8395
-4922
-913
2106
3547
4175
4451
4277
3507
2615
1627
-231
-3956
-7726
-9767
-10700
-11304
-11614
-12583
-12808
-11415
-8948
-6168
-3556
-2092
-2104
-2238
-2462
-810
3210
10314
17707
21358
20730
20134
20162
16855
10234
2324
-4706
-11675
-15186
-12754
-6387
-2284
-199
2123
3895
5185
6101
6785
4610
832
-3392
-4438
-2597
908
4327
6394
7779
8557
9519
9097
7846
4354
-1086
-7602
-12164
-13744
-13350
-11907
-10179
-7431
-3757
1173
6028
10541
13208
14349
14501
13922
12913
11778
9730
5900
2122
-1625
-4467
-6325
-7167
-6849
-5546
-4413
-3548
-1066
1178
2905
4397
5508
6375
6928
7125
6635
6473
5332
3610
1473
-693
-1969
-3161
-4809
-6958
-8741
-10882
-12513
-13633
-13889
-13271
-12440
-11111
-8878
-5414
-1450
2365
4783
6005
5942
5141
3834
2216
58
-2846
-6312
-9457
-10604
-10996
-11232
-11674
-11718
-11081
-9868
-8596
-7432
-6146
-5579
-5357
-4911
-3068
1742
10992
20501
24939
24930
24190
22696
17901
10266
1833
-5951
-13526
-17099
-13523
-5913
-461
2307
4513
5797
6481
6357
6146
3969
-676
-5585
-7094
-4734
-154
4589
7211
9148
10933
11909
11272
9751
6149
36
-7031
-12336
-13948
-13129
-11789
-10221
-7061
-3147
1186
5558
9399
12098
13486
12781
10460
9042
8497
7307
5246
2855
334
-1574
-3189
-4067
-3569
-3063
-3858
-4348
-3214
-1044
1550
3543
4815
5760
6046
5405
5169
5244
4607
3228
1322
-156
-763
-1255
-2347
-4099
-6392
-8900
-11299
-13207
-13824
-13689
-13584
-12549
-10263
-7315
-3894
-602
1877
3638
4386
4411
4263
3154
714
-2318
-5743
-8554
-9697
-10044
-10806
-11598
-11176
-10196
-8963
-7669
-6601
-6779
-7909
-8275
-6882
-3342
1745
9939
19832
25617
26076
25603
24401
19824
10963
886
-7500
-13559
-16461
-13993
-6040
75
3554
5556
7557
8976
8451
6838
2983
-1524
-6687
-8470
-6320
-1565
3775
6970
9236
11243
12953
12569
10195
5939
-128
-6846
-11938
-13979
-13047
-11544
-9806
-7283
-3639
1146
5341
8785
10002
10166
9838
10113
10636
10587
10455
7690
4723
2197
-524
-2980
-5392
-7070
-7862
-5942
-4125
-1188
2780
4695
6349
6970
7449
7278
6816
4395
2145
1240
-234
-82
-289
-151
-184
-1037
-2740
-4425
-6139
-8774
-11023
-13664
-15512
-15824
-15544
-13737
-10394
-7131
-3591
77
3396
5500
6412
5631
3651
1107
-2386
-5101
-7585
-9404
-10831
-12026
-12596
-11494
-9586
-8666
-7244
-6239
-5375
-5318
-5386
-5030
-4214
-2105
4239
16178
24177
26117
25804
25088
21724
13853
4951
-2926
-9285
-15456
-15731
-8717
-1271
3446
5909
7277
7585
6796
5404
3643
273
-4968
-8681
-8181
-4399
1757
6472
9139
10905
11494
10977
9269
6649
1572
-4583
-10484
-13741
-13116
-10973
-8552
-6170
-3187
304
4116
7868
10580
12064
11414
9224
7717
7895
8389
7062
4591
1934
-160
-1849
-3301
-4202
-4636
-5133
-5347
-3807
-491
3282
6053
7633
8133
8222
7419
5867
4176
2466
595
-1306
-2139
-2001
-1113
-876
-1757
-3475
-5668
-7888
-9901
-11291
-12644
-13784
-14357
-13803
-11567
-8308
-4660
-1198
2010
4435
5260
5235
4783
3385
487
-3360
-7388
-10482
-12304
-13972
-14279
-12983
-11668
-10129
-7604
-4995
-3492
-2868
-3789
-4417
-4434
-4171
877
11357
21466
24801
24987
24683
22929
17396
7838
-11
-7376
-13832
-16938
-11804
-3076
2281
5404
6926
8908
8485
7399
5747
2615
-2684
-8318
-9826
-7098
-1201
4004
7343
9542
11303
11531
10703
8234
4012
-2138
-9056
-13712
-14585
-12169
-10197
-7601
-4569
-686
3853
8347
12027
13515
13501
11047
8379
7266
6518
4868
2405
62
-1594
-2102
-2393
-3065
-2902
-3444
-4373
-3842
-1680
1539
4563
6952
8008
9236
9486
8250
6342
3759
1095
-1748
-3706
-4205
-3186
-2380
-2684
-3444
-4562
-6006
-8012
-10004
-11533
-13048
-14230
-14079
-12091
-9057
-5703
-2512
596
3357
4768
5099
4531
3056
109
-3815
-7403
-9718
-11488
-13058
-13137
-11994
-10885
-10027
-8435
-6275
-4530
-4201
-4412
-4552
-4193
-933
7453
17854
23885
24970
24482
23597
20066
12941
4314
-4156
-12055
-17085
-15664
-8111
-397
4327
6712
8082
9032
9061
8518
5822
970
-5269
-9330
-8671
-4340
1382
5437
7841
9131
9914
10037
9155
6370
811
-6406
-12268
-14535
-13007
-10138
-7291
-4500
-1730
1843
5520
8815
10077
9448
7461
5860
6596
8784
10177
9157
6909
4063
995
-1830
-4485
-6858
-8677
-9709
-8489
-4795
44
4381
7866
9866
10758
11425
10742
8968
5955
2256
-1388
-3522
-4251
-3945
-2991
-2685
-2714
-3185
-3918
-5190
-7090
-9562
-11927
-13736
-14986
-14669
-12693
-10006
-6825
-3141
1127
4867
6831
6790
5392
3076
-524
-4530
-8426
-11099
-12847
-13979
-13850
-12353
-10483
-9407
-8327
-7464
-6241
-5312
-4722
-3073
-272
4735
12617
21676
26327
26800
25446
21835
16151
7379
-1309
-8734
-13873
-16265
-13217
-5683
437
5494
8206
9926
9840
8602
6606
3157
-1272
-6081
-7301
-5783
-1664
3186
6927
9284
10152
9551
7740
5058
858
-4587
-10100
-13607
-14208
-11909
-9003
-5241
-1373
2184
5449
8196
10343
10335
9513
8020
7117
6848
6960
7250
6313
4568
2456
225
-2233
-4575
-6226
-7254
-7192
-5800
-3195
780
4107
7140
9588
10775
11075
10135
8296
5220
2644
-6
-2076
-3152
-3847
-3582
-3806
-4072
-4408
-4882
-6220
-8022
-9402
-10768
-11711
-12583
-12717
-11581
-9540
-6771
-3600
-492
1797
2938
3354
2974
2205
247
-2953
-6162
-8618
-10326
-12143
-12840
-13597
-14173
-13857
-12243
-9653
-7783
-6165
-4698
-1554
2737
10487
20873
27442
28035
25758
23633
19103
11510
2145
-6124
-12817
-17268
-15854
-8434
-591
4152
6943
8473
9404
9120
8200
5700
1503
-3931
-7243
-6228
-2337
3065
6810
9081
9947
9914
8355
5678
2034
-3457
-9653
-14627
-15861
-13726
-9874
-6198
-2285
1500
5057
8474
11323
12796
11754
9183
5920
4763
4668
4542
4459
3356
2321
734
-387
-1700
-2529
-3791
-5751
-5712
-5061
-2005
1622
5015
7472
9060
10335
9968
9831
7717
5174
2072
-1084
-2773
-3826
-3590
-3598
-3645
-4414
-5261
-5874
-6968
-7714
-9062
-10461
-11209
-11761
-10792
-9153
-7315
-5504
-3510
-1391
65
1607
1690
1504
770
-949
-2674
-5046
-7422
-9744
-11477
-12696
-13275
-13622
-13240
-11613
-9935
-7692
-5457
-3587
-1122
3118
9674
19045
26530
27400
25983
23286
19116
11970
3117
-4999
-11619
-15793
-16890
-10104
-2425
2773
6205
8241
10053
9867
9458
7129
3746
-1547
-5533
-5333
-2518
2204
6081
8286
9329
9211
7739
5426
1819
-3013
-9227
-14040
-16155
-14472
-10927
-7394
-2814
1207
5686
9704
13768
16206
16102
13365
8000
3922
1436
130
-1170
-2691
-3518
-3320
-2264
-1098
314
640
-1123
-2571
-2581
-920
1986
4384
6246
7325
8255
8582
8631
7849
5305
2311
-1169
-3309
-4363
-4299
-3801
-4017
-4418
-5049
-5188
-5597
-6057
-7046
-8608
-10073
-11037
-10870
-9576
-8150
-6690
-5024
-3114
-882
908
2322
2255
1470
-165
-3087
-6455
-9136
-11073
-13174
-13242
-12212
-11662
-9806
-7867
-6494
-5431
-5107
-5435
-4686
-2761
-449
7129
16530
23660
26365
25726
23775
20159
13929
4082
-3325
-10597
-15274
-15508
-9954
-2102
3178
6744
8182
10374
9689
9041
6882
2950
-1666
-5551
-5741
-2772
2531
6178
8608
9441
9452
8631
7014
3168
-1921
-8037
-13833
-16694
-15868
-12149
-8362
-3879
-185
4554
8941
12635
15469
16149
14421
10708
7289
4415
3116
620
-2051
-4310
-5818
-6191
-5063
-3319
-2277
-668
-1008
154
2285
4623
6813
8254
8923
8218
8355
6504
5371
3419
492
-2207
-4670
-5297
-4987
-3757
-4160
-4225
-4916
-5986
-6841
-8021
-9096
-10466
-11693
-12115
-10594
-8297
-5816
-3274
-859
324
996
970
768
-123
-1687
-3680
-6127
-7687
-9771
-11010
-11203
-10395
-10045
-10730
-10656
-9440
-7002
-5232
-3795
-2442
-1633
-267
3426
11852
21427
25296
23307
20685
18914
15241
8730
1660
-4455
-10508
-14552
-11915
-3075
3666
6640
7551
7712
7600
6669
6378
4436
1040
-3864
-6340
-4689
165
6172
8635
8982
8316
7644
6237
4077
940
-3970
-10076
-15028
-15820
-12493
-8271
-4946
-2153
530
4248
7808
11426
13699
14161
11764
7547
5330
4263
3578
1343
-1594
-4349
-5865
-5532
-4510
-2055
-710
-684
-461
664
3711
6777
8880
8975
8396
7575
6028
5121
3733
2325
-463
-3504
-4831
-4348
-2717
-2111
-2494
-3871
-5309
-6837
-7992
-8403
-9346
-11046
-12308
-12134
-9777
-6434
-3302
-756
1021
2206
2551
2843
2047
361
-2951
-6737
-9205
-10811
-11459
-11532
-11220
-11102
-9904
-8591
-7309
-4871
-3123
-2582
-3070
-4016
-3538
-1294
2018
7515
16234
21494
21411
20849
20330
17857
10603
1965
-5039
-9840
-13148
-11640
-4360
1815
5204
6731
7888
8658
8068
6145
3388
-533
-5002
-7245
-5706
-1777
3114
6286
7366
8830
9609
8866
6374
2915
-2190
-8126
-12701
-14494
-12847
-10306
-7732
-4366
-252
4019
8006
11296
13277
13935
12869
9973
7435
5490
3385
783
-2394
-4653
-5717
-5635
-4734
-2504
-197
785
1837
2859
4854
6805
7802
8026
7486
6831
5244
4231
2946
1521
-348
-2623
-3422
-3155
-1932
-1540
-1921
-3114
-4807
-6522
-8336
-9805
-11115
-12150
-12471
-11631
-9526
-6449
-3380
-718
913
2017
2135
1301
47
-1778
-3624
-5753
-7768
-9547
-10155
-9927
-10239
-11284
-12134
-11307
-9612
-7616
-5288
-2938
-1713
-1837
-1121
610
2797
5865
11467
16690
17377
17025
17438
17443
13342
6565
795
-3798
-6246
-6919
-2753
1295
2710
3367
3711
5105
5029
5023
3342
753
-2081
-3894
-2390
-130
2706
4360
4902
5676
6358
6484
5364
3278
113
-4284
-7522
-9318
-9134
-8135
-7342
-5481
-3297
275
4147
8632
11938
12561
12202
10388
8391
6340
4443
1883
-1287
-3044
-4033
-3072
-1586
-405
972
1210
1350
1777
3723
5083
5751
6112
5324
5097
4666
4306
3276
1795
46
-2024
-2850
-2752
-1942
-1839
-3080
-4471
-6225
-7661
-9257
-10633
-11447
-12036
-11846
-11255
-9016
-6100
-3166
-764
665
1799
2371
2379
1680
885
-736
-3743
-7302
-10263
-12116
-12471
-11780
-11461
-11231
-10274
-8176
-5721
-3358
-2048
-2628
-3690
-4912
-5230
-2728
4423
14071
19627
19981
19487
20732
20096
14760
7989
1085
-6062
-11251
-10221
-3214
1969
3702
3879
4184
4446
4282
5017
3554
40
-4781
-7052
-5001
-807
4023
6377
7586
8326
8800
8900
8211
6411
1714
-4727
-9863
-11698
-10435
-8962
-7424
-5593
-3539
-248
3516
7399
9834
10841
9425
6711
5861
6113
6075
4369
1962
-55
-1198
-1708
-1652
-367
15
-1125
-1483
-518
1631
3945
5206
5404
5253
5034
4347
4224
3657
2413
792
-1293
-1997
-1406
-541
-737
-1913
-3658
-5640
-7456
-9599
-10910
-11771
-12810
-13208
-12570
-10326
-6759
-3061
-225
1874
3302
3663
3594
3004
1464
-986
-4550
-7887
-10014
-11592
-12802
-13014
-12083
-11061
-9755
-7711
-5179
-2399
-1296
-1854
-3534
-4635
-4240
-1999
4092
12251
18972
20702
21141
21650
20136
15147
7443
855
-5593
-9631
-9687
-4405
697
2880
4399
4976
5762
5291
5139
3203
100
-3515
-5635
-4498
-1580
2559
5222
6920
7695
8341
7992
6736
4464
862
-3930
-8390
-10344
-10395
-9134
-7759
-5649
-3565
-794
2565
6119
8935
9881
10018
8729
6826
5939
5878
5134
3402
1299
-380
-1300
-1350
-1631
-1193
-1685
-2759
-2051
-476
2126
4198
6008
5998
5875
5322
4213
3849
2443
1102
-918
-2017
-1890
-817
-617
-1892
-3547
-6180
-8512
-10503
-12049
-12787
-13186
-13358
-12350
-9710
-6040
-2529
424
2408
3945
4451
3758
2729
1457
-240
-3491
-6918
-9292
-10010
-10107
-10823
-11618
-11203
-9988
-9527
-8103
-5955
-4359
-4200
-4951
-5387
-4962
-1394
6315
16683
21519
21146
21304
21542
19555
13242
6731
-705
-7163
-11138
-9078
-2078
1941
4150
3928
3783
3176
3477
3997
2501
-326
-4446
-5644
-3865
559
5200
7600
8332
8685
8453
7878
6973
5115
925
-4703
-8624
-10089
-8827
-7586
-6179
-5098
-3795
-1643
1068
5125
8235
10268
10031
8134
6926
7150
7320
5716
3447
1019
-823
-1559
-1455
-318
375
-1020
-2532
-2337
-415
1831
3724
4800
4693
4383
3604
3554
3669
3297
2101
234
-440
-179
772
490
-1136
-3543
-6565
-9346
-11629
-12704
-13388
-13883
-13910
-12713
-9868
-6188
-2732
-109
1566
2729
3234
2967
2945
2232
174
-3272
-6725
-9007
-9846
-10098
-10863
-11277
-11484
-10490
-8358
-6381
-5147
-4286
-4061
-4614
-5008
-4673
-3341
149
7678
16425
20724
21086
21906
21984
18356
11293
4489
-1892
-7674
-11158
-8664
-2141
1360
3435
4181
5046
4726
5007
5172
3311
628
-3349
-4319
-3414
-118
3251
5274
6623
7266
7621
7354
6869
4702
640
-4218
-7965
-9574
-8927
-8087
-6649
-5491
-3930
-1295
2136
5876
8601
10849
10912
9903
8664
8440
7657
5271
2196
-1165
-3284
-4374
-3792
-2477
-802
-222
33
1517
3207
5069
5890
5845
4355
3012
1917
1204
1710
1565
1126
-24
255
944
1452
824
-1378
-3828
-7636
-10989
-13761
-15050
-15459
-15174
-13960
-11653
-7799
-3586
-111
2430
3938
4542
4234
2963
1966
86
-2544
-6098
-9483
-11651
-12073
-11520
-10963
-9803
-8288
-6614
-5274
-3881
-3475
-3354
-5122
-6632
-6790
-6634
-3664
2881
13661
20413
22066
22684
22909
22118
15453
8330
785
-6511
-11129
-11916
-5091
-93
2961
3945
4603
5923
5209
6466
4816
2169
-2193
-5939
-5595
-3486
798
3196
4810
6267
6964
7909
7666
6642
3731
-1301
-5788
-9117
-9097
-8240
-7549
-6642
-6074
-3412
-17
4737
8875
11505
11708
9038
7406
6690
6293
4591
1926
-539
-2395
-2080
-825
946
1915
1031
-171
-514
1012
3088
4630
4690
3422
2516
2017
2236
2860
2923
2077
678
251
1022
1957
1871
-163
-3026
-6430
-9794
-12179
-13388
-13559
-13691
-13189
-11397
-8069
-3956
-731
1361
2368
2493
2124
1560
1473
692
-1132
-3140
-5222
-7161
-8611
-9043
-9641
-10121
-10301
-10140
-8930
-7343
-5335
-4146
-4044
-4524
-4521
-3965
-4401
-2772
2460
10966
17504
19128
20716
21453
20738
15486
9379
3831
-3032
-7762
-9967
-4993
-1110
610
2126
2727
3936
2878
4257
3778
1960
-1316
-5000
-4995
-3748
-6
2652
3977
5450
6684
8021
7955
7495
5654
636
-4646
-8778
-9840
-9755
-9773
-8636
-7377
-4025
244
6097
11451
13636
13032
9859
7438
5830
4631
2450
-241
-1760
-2309
-799
1893
3896
4268
3006
828
-421
23
1313
1822
1589
895
953
2402
3654
5103
5203
4115
2324
1215
940
341
-702
-3553
-6674
-9660
-11644
-12347
-12512
-12441
-12190
-10923
-8481
-5190
-1836
568
1980
2233
1683
1363
1089
1044
72
-1795
-4261
-6648
-7687
-8459
-9005
-9445
-9419
-9273
-8704
-6259
-4872
-4065
-3885
-4246
-4359
-5741
-5981
-5265
-2984
-47
6089
14750
18771
20662
21456
21092
18112
11448
5249
-903
-5519
-8992
-8020
-3276
-1191
1510
2129
3082
3625
3643
3506
1057
-1113
-4717
-5404
-4459
-1543
2557
4751
6605
8885
10594
10577
9301
6413
1526
-4106
-8557
-11797
-12122
-11965
-10461
-8138
-4913
-12
5301
10337
12634
13798
12612
10211
7971
6107
4214
1704
-361
-1407
-781
651
1701
2278
1860
242
-1116
-1443
-494
641
1618
2167
2869
4370
5795
6852
6766
5745
3951
1374
-764
-2483
-4022
-6342
-8767
-10644
-12007
-12235
-12237
-11409
-10299
-8604
-6472
-3791
-1092
889
2512
2696
2114
1122
310
-398
-1036
-2614
-4818
-6434
-8112
-9478
-10171
-10308
-10320
-10169
-9546
-7040
-3507
-1828
-1156
-178
-275
-2107
-4368
-5384
-4920
-3457
374
8111
15385
18486
20598
22320
21137
15646
8582
1859
-3985
-8339
-9630
-6239
-3233
-862
957
2288
3216
3810
4201
1972
-535
-3974
-5672
-5369
-3272
737
4390
7386
9260
11355
12093
11245
8300
3309
-2780
-8164
-12275
-14044
-13553
-11817
-9284
-6252
-1570
3149
7969
11260
13698
14638
13080
10814
8907
7457
5200
2682
195
-1522
-2083
-2040
-1489
-642
-1387
-2400
-2734
-1916
151
2543
4769
5916
7170
7581
7741
7544
5964
3479
-356
-4033
-6858
-8450
-9066
-9625
-9932
-10683
-10784
-10448
-9391
-7732
-6404
-4977
-3778
-1942
-26
2044
3141
3207
2337
723
-704
-2238
-3486
-4958
-6416
-8001
-9151
-9998
-9947
-9481
-9659
-9426
-7678
-5251
-3246
-766
582
847
-396
-2640
-3337
-3050
-1638
2101
9140
14375
16604
19228
20146
19303
14263
7513
1509
-3916
-7268
-7943
-4181
-2298
-1225
-200
392
2013
2410
2806
1219
-1235
-4042
-4908
-3099
-315
3673
6467
7915
9576
10891
10805
9219
5646
591
-5458
-10118
-13036
-13311
-12285
-11245
-8658
-5409
-566
4751
10086
13489
14190
13191
10927
9400
8428
7121
5194
2758
982
99
80
423
-629
-2282
-4789
-5951
-5179
-2641
1033
3630
6190
7365
8776
9726
9597
8193
4597
674
-3603
-6280
-7801
-8608
-9259
-10599
-11098
-11208
-10503
-9424
-8332
-7082
-5951
-4165
-1959
561
2385
3231
3272
2398
1223
11
-1220
-2731
-4425
-6301
-7884
-9077
-9492
-9044
-8430
-7889
-7498
-6609
-5008
-2988
-1393
-869
-831
-1547
-2552
-3713
-4198
-3497
-2049
1775
7916
14023
16847
18255
18791
17251
12548
6233
1078
-3375
-6004
-6669
-3308
-356
1103
1477
1439
1631
655
433
-1351
-2834
-4770
-5278
-3760
-675
3792
6982
9363
10701
11694
10919
8590
5015
533
-4717
-9312
-12275
-12941
-12005
-10456
-7764
-4478
18
4512
8948
12011
13263
12792
10743
8963
7338
5740
3710
1577
319
-469
-512
-651
-1160
-2077
-3667
-4314
-3949
-1510
1414
3877
5909
7288
8639
8842
8382
6619
3959
682
-2720
-5309
-7259
-8479
-9487
-10417
-11054
-10983
-10378
-9414
-8065
-6257
-4363
-2386
-253
2032
3625
3925
3260
2000
754
-852
-2320
-4073
-5234
-6235
-7137
-7445
-8399
-9207
-9946
-8974
-7505
-6277
-4885
-3393
-1033
236
804
738
-334
-1910
-3155
-2890
-1892
700
5763
10966
13782
14502
15286
15289
12507
7616
3159
-714
-3783
-5140
-3405
-614
365
801
664
1175
750
542
-31
-1631
-3114
-4522
-3478
-1065
2594
5520
7437
8987
9844
9679
8153
5644
1927
-3060
-7700
-10527
-11627
-10977
-9661
-7345
-4765
-1421
2882
7611
11291
12696
13001
11903
9911
8305
6694
4621
1956
-526
-1956
-2322
-1961
-2292
-1974
-2423
-2901
-2304
-569
2304
4237
5779
6070
6785
6748
5937
4780
2487
23
-3142
-5774
-7634
-8576
-9287
-10072
-10364
-10193
-9345
-8020
-6720
-4920
-3036
-1424
198
1509
2507
2752
2446
1126
-560
-1834
-3194
-4399
-5172
-5592
-6163
-6792
-7116
-7356
-7636
-7718
-6753
-4682
-3078
-1843
-39
1863
2348
1447
-281
-2445
-4256
-5420
-4741
-1765
3285
8500
12248
14457
15706
15986
13964
9984
5526
1117
-2284
-3826
-3034
-992
-85
100
-392
-371
-539
-631
-734
-1952
-2990
-4063
-3227
-786
2618
5393
6799
7736
8031
7793
6831
4887
1832
-2375
-6557
-9178
-10059
-9310
-8454
-6953
-5241
-2523
1434
5942
10067
12149
12469
11048
9340
7618
5925
3912
1353
-1133
-2496
-2486
-1578
-890
-710
-1161
-1624
-1345
85
2699
4542
5760
5980
5877
5529
4994
3824
1579
-1039
-4141
-6613
-8088
-8659
-8669
-8709
-8940
-8660
-7822
-6560
-5028
-3277
-1886
-541
1034
2214
2958
2936
2195
739
-1368
-3395
-4484
-5051
-5469
-5693
-5697
-5826
-5935
-5825
-5423
-4735
-4362
-4171
-3446
-2178
-634
780
1741
1740
36
-2138
-3776
-4552
-4629
-4074
-1761
1911
6049
9628
12849
15338
14747
12369
8321
4244
1138
-1103
-1945
-2310
-1575
-1573
-789
3
459
707
-328
-1584
-2651
-2593
-2142
-805
863
2615
4312
5745
6714
7347
6611
4583
2109
-799
-3362
-5563
-6869
-7748
-7503
-6823
-5530
-2962
-146
2760
5558
7964
9817
11317
11529
9718
7839
5467
2559
-18
-2300
-3555
-4033
-3403
-2804
-795
818
1629
2883
3940
5209
5794
6337
5827
5386
4199
2482
1029
-793
-2612
-4759
-6595
-7904
-8289
-8295
-7772
-6857
-6064
-5244
-4198
-3070
-1628
-307
493
984
1227
1174
603
-99
-1260
-2626
-4033
-5285
-5976
-6221
-6137
-6103
-5660
-4906
-4553
-4143
-3775
-3448
-2724
-1525
-407
278
876
544
-301
-1290
-3046
-4903
-6448
-7016
-5850
-2313
2751
7844
12216
14671
15438
14775
12343
8598
4279
28
-3205
-4784
-4512
-3360
-1879
-669
-22
596
636
896
494
-357
-1444
-2204
-1751
-442
1800
3446
4861
5594
5640
5310
4366
2758
290
-2417
-5075
-6946
-7467
-6991
-5549
-3523
-1187
1901
5354
8522
10209
10768
9898
8063
5829
3319
1437
-201
-1074
-1618
-1265
-488
288
978
1053
1388
1640
2465
3513
4496
5329
5599
5331
4189
3043
1340
-842
-3099
-5331
-6941
-8216
-8837
-8679
-7649
-6385
-5250
-3760
-2428
-1181
-230
244
658
602
256
-672
-1545
-2199
-2849
-3264
-3966
-4255
-4634
-4856
-4668
-4257
-4197
-5125
-5744
-5419
-4261
-3152
-2670
-1953
-340
1194
1830
1826
890
-1031
-3463
-5562
-6860
-6905
-5919
-4208
-213
4424
9475
13604
15504
15341
12655
9412
4959
1729
-1320
-3770
-4643
-4869
-3028
-1296
696
1734
2023
1625
471
4
-546
-640
-672
-787
10
1294
2862
4129
4746
4747
3434
2017
320
-1110
-2311
-3897
-4847
-5151
-4152
-2562
-474
1785
3756
6455
8555
9328
9192
8234
6658
4162
1919
79
-1066
-1476
-1842
-832
288
1122
1525
1736
2418
2788
3737
4122
4606
4691
3918
3050
1677
587
-1362
-3383
-5291
-6843
-7804
-8349
-7776
-6764
-5533
-4391
-3306
-2041
-922
-166
113
-23
-252
-879
-1327
-1806
-2094
-2490
-3139
-3720
-4238
-3903
-3755
-3381
-3260
-3144
-3020
-3050
-3111
-3673
-3411
-3344
-2871
-1626
-374
615
952
911
-59
-1153
-2989
-5349
-6872
-7309
-6276
-3674
357
5264
10371
13024
13925
13562
11996
8694
4098
155
-3791
-5525
-6284
-4365
-1388
557
2541
3006
3809
3196
2699
1577
-89
-937
-2362
-1898
-992
746
2565
3242
3646
3090
2938
2131
921
-266
-2149
-3317
-4102
-3557
-2072
-751
697
1593
3059
4370
5623
6940
6992
6423
4684
3192
2064
1272
973
83
-640
-1386
-990
102
1007
2035
2642
3141
3436
3818
4562
4696
3981
2175
331
-1067
-2565
-3579
-4995
-6083
-6969
-7300
-6466
-5082
-3172
-2128
-1499
-1377
-1455
-1223
-1430
-1571
-1988
-2365
-2397
-2079
-1214
-858
-941
-1652
-2669
-3420
-4066
-4114
-3939
-3801
-3815
-3468
-2735
-2264
-1761
-1348
-1235
-1185
-1045
-921
-788
-1155
-1953
-2571
-3321
-4216
-4466
-3754
-2825
-1422
416
3117
6511
8998
9983
9894
9027
6746
4236
1495
-654
-2077
-3090
-2895
-1662
373
1675
2884
3082
2695
2406
1521
933
125
-624
-1383
-1555
-915
-81
1258
1926
2348
2675
2438
2433
1919
1325
190
-847
-1488
-1752
-967
-394
607
1584
2900
4626
5811
6318
5819
4972
3642
2275
1390
518
-94
-812
-1216
-634
257
1171
1756
2350
2635
2683
2872
2787
2741
2027
738
-545
-1740
-2558
-3565
-4549
-5581
-6194
-6089
-5601
-4318
-3120
-2058
-1584
-1524
-1385
-1438
-1516
-1907
-2139
-2303
-2252
-1732
-1227
-766
-715
-1128
-1731
-2538
-2926
-2970
-2584
-2075
-2037
-2112
-2400
-2438
-2402
-2363
-2480
-2740
-2286
-1772
-1191
-794
-1034
-1431
-2094
-2774
-3167
-2518
-1436
-167
1794
3711
5456
6787
7332
6944
5725
3863
2045
397
-810
-1332
-965
-380
446
1861
2737
3329
3138
2642
1718
570
-376
-1209
-1450
-1649
-1161
-581
77
1149
2099
2682
2809
2810
2227
1521
826
11
-574
-1096
-1237
-1119
-553
46
910
2383
3884
5437
5697
5341
4908
4252
3240
1836
815
-469
-1095
-1078
-383
883
1496
1976
1992
1994
2214
2376
2210
1332
767
-350
-1308
-1806
-2414
-2910
-4077
-4865
-5402
-5039
-4409
-3705
-2691
-2443
-1923
-1871
-1763
-1699
-1929
-2231
-2864
-2713
-2280
-1423
-649
-380
-171
-518
-914
-1226
-1170
-954
-1500
-2229
-2866
-3076
-3049
-2980
-2443
-2240
-2134
-2031
-1632
-1178
-1285
-1351
-1720
-2055
-2473
-2527
-2175
-1207
318
1681
2814
3322
4269
4952
5551
4806
3313
1832
223
-42
-361
564
811
1065
1256
1406
2532
2401
2709
1679
582
-752
-1690
-1318
-1310
-572
-659
-105
796
2129
3615
3829
3744
2645
1569
468
-236
-329
-765
-934
-1197
-890
-149
981
2774
3780
4301
4165
3911
3970
3826
3917
3045
1980
863
352
852
904
1370
1003
781
639
813
1663
1969
2337
1346
595
-172
-594
-687
-1262
-1833
-3124
-4011
-4748
-4547
-4071
-3750
-3504
-3527
-3311
-3023
-2421
-2167
-2262
-2603
-2878
-2644
-1952
-967
-55
379
424
151
-140
-436
-692
-736
-1074
-1552
-2288
-2827
-2865
-2763
-2401
-2262
-2327
-2484
-2378
-1654
-1023
-629
-779
-1247
-1675
-2089
-1565
-337
458
1041
1391
2133
2841
3545
4167
3354
2229
394
-131
-124
-162
442
449
1045
896
1493
2031
2140
2153
925
157
-857
-1025
-680
-541
-19
-32
549
1113
2127
3263
3258
3030
1916
1166
428
-10
-123
-639
-633
-967
-716
-33
735
1712
2144
2583
2879
3825
4877
4914
5045
4430
3682
2556
1257
579
-302
-815
-1489
-986
-167
257
1353
1765
2242
2158
1701
1466
823
521
-563
-1080
-1918
-2763
-2941
-3860
-3798
-3898
-3559
-3450
-3220
-2813
-2844
-2402
-2659
-2414
-2110
-2032
-1639
-1107
-301
267
744
931
717
499
-250
-618
-1077
-1793
-2350
-3083
-3224
-3393
-2941
-2746
-2658
-2407
-2426
-1769
-1404
-588
-177
-273
-502
-1164
-891
-825
-106
377
806
1406
1472
2446
2780
3046
1914
500
-414
-854
-280
-145
541
663
1036
1271
1621
2189
1980
1455
318
-151
-424
-289
28
158
412
156
377
939
1750
2236
2170
1907
1148
782
330
15
-230
-591
-798
-854
-352
362
1126
1677
2189
2826
3311
3992
4869
5063
4787
3952
2942
1806
667
-294
-1233
-1513
-1751
-1000
-20
795
1656
2056
2293
1887
1649
995
471
77
-634
-914
-1448
-1787
-2345
-2932
-3515
-3993
-4059
-4324
-4053
-3649
-3062
-2315
-1744
-1295
-1081
-722
-432
16
474
742
912
822
929
1016
746
-57
-1006
-1664
-2469
-2939
-3104
-3067
-3306
-3591
-3085
-2256
-1233
-701
-379
-160
-161
6
57
-107
-812
-1574
-1950
-1655
-622
294
702
956
1074
1072
1048
699
415
-74
-549
-794
-413
589
1203
1834
1751
1659
1596
1316
1324
946
603
-120
-386
-157
167
853
1069
1496
1721
1760
1866
1597
1522
1019
498
-174
-545
-435
-476
20
402
911
1117
1360
1920
2646
3637
4203
4666
4640
4519
3987
2962
1876
601
-697
-2040
-2360
-1847
-862
107
935
1840
2166
2285
2125
1957
1340
525
-211
-878
-1108
-1445
-1644
-2136
-2563
-3070
-3462
-3482
-3371
-3070
-3092
-2777
-2219
-1593
-1009
-507
42
331
553
708
899
990
802
495
54
-276
-456
-602
-940
-1390
-1849
-2206
-2303
-2340
-2247
-2135
-2042
-1807
-1289
-583
-73
40
-63
-332
-386
-621
-834
-1074
-1894
-2397
-2682
-1994
-1456
-1176
-754
-725
-85
2
706
1071
794
632
-3
486
464
921
1096
784
691
-192
52
8
310
231
-205
133
303
1169
1457
1709
1804
1433
1485
1394
1700
1603
1113
803
220
83
-247
-379
-196
51
739
1168
2081
2931
3383
3810
3985
4522
4120
3032
1957
845
213
-985
-1371
-1628
-1463
-773
-188
1140
1554
2055
1817
1600
1518
1024
843
28
-353
-1111
-1826
-2149
-2344
-2170
-2425
-2360
-2141
-1847
-1418
-1184
-712
-637
-598
-583
-409
69
297
495
408
456
483
529
566
351
-49
-639
-1086
-1342
-1399
-1270
-1159
-1101
-1097
-1073
-1013
-936
-730
-609
-730
-867
-777
-536
-405
-449
-445
-803
-1123
-1531
-1724
-1976
-2489
-2654
-2793
-2245
-1795
-982
-217
395
1019
1115
1351
1247
964
388
-133
-240
-475
-628
-676
-645
-357
-359
157
710
1239
1420
1142
1233
1086
1475
1411
1435
1306
983
1004
894
1172
896
544
118
-10
445
919
1601
2034
2326
2502
2528
2776
2863
2682
2045
1327
1199
1273
1519
1439
1100
611
-89
-266
-363
-179
-152
-313
-138
28
726
886
855
332
-493
-1027
-1640
-1442
-1520
-1524
-1843
-2056
-1848
-1710
-1115
-1002
-785
-695
-471
-17
264
816
829
655
240
33
162
-27
47
-82
-43
-180
-287
-178
-352
-398
-753
-828
-936
-972
-869
-881
-725
-810
-911
-1148
-1210
-1052
-1095
-1149
-1238
-1271
-1473
-1865
-2044
-2169
-2293
-2428
-2418
-2043
-1590
-919
-315
-22
166
19
189
107
145
95
-149
-4
-201
151
-139
-154
-330
-457
-151
-168
762
1132
1934
2096
2155
2194
1679
1582
780
576
93
-3
251
352
940
984
1573
1997
2504
2964
2661
2703
2112
2075
1723
1447
1455
1044
1320
960
1353
1285
1361
1349
877
887
312
407
25
-133
-452
-850
-757
-774
-303
-200
-74
-139
-427
-628
-1013
-1149
-1344
-1519
-1501
-1495
-1205
-1049
-777
-665
-708
-589
-491
-56
176
465
581
586
670
674
749
452
195
-54
-140
-147
-136
-111
-250
-329
-395
-340
-445
-395
-318
-197
-287
-418
-418
-664
-821
-1262
-1490
-1809
-1944
-1952
-2077
-2012
-2163
-2077
-2067
-1895
-1674
-1553
-1307
-1091
-795
-597
-412
-343
-474
-792
-1004
-1188
-1169
-1093
-1099
-817
-647
3
277
747
1183
1377
1796
1648
2128
1879
1825
1523
1055
915
291
520
474
1000
1588
1957
2425
2345
2574
2449
2308
2462
2171
2096
1498
1314
1179
829
1028
660
904
617
884
1144
1166
1431
861
620
-114
-323
-607
-912
-869
-1032
-941
-1002
-722
-411
-413
-430
-684
-887
-968
-979
-810
-975
-974
-1021
-1034
-867
-754
-467
-492
-361
-178
27
343
497
712
625
540
459
353
354
281
241
165
142
76
-58
-170
-161
-266
-347
-427
-354
-232
-131
77
-98
-281
-682
-980
-1318
-1585
-1536
-1692
-1696
-1930
-1978
-2064
-2173
-1994
-2140
-1933
-1792
-1206
-601
-129
497
369
287
-441
-954
-1584
-2052
-1948
-1915
-1279
-747
340
1227
1869
2291
2229
2130
1843
1689
1427
1139
980
907
1035
1265
1585
1867
1911
2007
2088
2263
2271
2244
2004
1661
1369
1102
1026
819
740
526
557
550
618
595
347
43
-417
-618
-863
-759
-695
-566
-483
-494
-379
-452
-462
-693
-817
-977
-1077
-925
-833
-692
-691
-705
-754
-794
-781
-721
-599
-479
-273
54
310
337
353
121
-115
-225
-228
-58
125
442
721
1003
1119
990
795
320
-130
-404
-725
-844
-845
-710
-586
-473
-300
-264
-221
-264
-233
-65
-112
-252
-591
-1154
-1654
-2200
-2426
-2581
-2234
-1734
-1118
-314
147
585
384
242
-277
-601
-884
-1060
-752
-693
-256
-171
144
224
271
369
255
501
482
666
809
988
1245
1311
1499
1422
1391
1113
861
879
886
1147
1186
1555
1603
1896
1907
1882
1769
1155
876
249
347
13
234
225
201
392
316
721
485
548
2
-306
-684
-834
-752
-913
-913
-980
-833
-730
-376
-22
223
192
179
34
75
-162
-352
-760
-1214
-1382
-1395
-888
-603
-38
149
342
507
599
740
579
366
48
-225
-232
-189
-36
-69
-328
-335
-446
-155
-70
146
197
105
110
-65
-18
-285
-492
-750
-871
-824
-678
-475
-446
-586
-792
-1026
-1163
-1377
-1569
-1717
-1767
-1535
-1137
-469
36
540
713
802
724
498
157
-340
-686
-974
-798
-488
69
465
701
808
800
880
830
854
673
515
498
484
668
748
768
709
535
677
730
942
910
762
690
340
461
466
707
740
653
792
666
772
493
303
-47
-452
-537
-540
-187
44
190
126
-80
-291
-511
-708
-804
-911
-797
-543
-112
415
647
798
563
413
56
-189
-313
-466
-420
-536
-326
-199
9
58
-18
-14
-129
-45
-32
26
62
60
137
138
238
282
171
22
-174
-183
-212
-197
-102
-57
15
16
141
229
90
-135
-397
-485
-527
-513
-367
-313
-307
-527
-661
-752
-963
-1165
-1454
-1487
-1413
-1169
-794
-431
24
271
539
745
836
809
507
253
3
-157
-252
-257
-109
-29
98
321
588
840
904
924
876
712
544
289
176
34
-1
30
162
428
641
842
916
995
888
719
460
299
165
68
46
15
63
9
15
-27
-55
-199
-421
-625
-763
-816
-858
-853
-801
-756
-755
-649
-471
-297
-168
-29
185
382
466
487
372
234
-25
-170
-256
-271
-185
-93
181
405
673
675
580
257
-71
-321
-490
-440
-398
-149
14
363
684
923
993
803
622
376
191
79
26
-2
-133
-191
-121
-67
11
-26
97
185
305
373
343
165
-274
-746
-1196
-1361
-1470
-1336
-1156
-724
-287
148
547
676
728
446
352
191
193
187
229
289
197
137
-8
-40
-206
-227
-270
-83
94
288
440
404
422
123
-41
-295
-359
-296
-176
207
489
799
916
907
796
493
250
14
-166
-231
-263
-106
-7
85
88
-39
-148
-346
-443
-554
-606
-620
-651
-682
-809
-946
-1088
-1186
-1152
-963
-594
-174
192
506
671
692
464
163
-196
-548
-720
-754
-486
-204
186
546
737
849
693
579
326
122
-23
-166
-106
-107
81
194
421
675
788
863
742
742
604
543
447
385
308
146
117
11
23
-97
-116
-144
-129
-41
-4
117
99
66
-73
-244
-452
-704
-926
-961
-884
-636
-354
-36
290
455
700
760
872
789
587
393
105
51
-37
17
46
23
82
92
240
328
420
435
370
316
168
25
-184
-289
-351
-265
-150
41
202
219
262
214
293
219
168
53
-47
-93
-111
-46
-117
-220
-442
-593
-756
-760
-698
-628
-592
-604
-543
-622
-659
-772
-817
-804
-722
-442
-200
98
290
450
492
389
269
9
-190
-384
-371
-258
-50
164
338
485
527
606
553
533
366
221
26
-148
-243
-302
-253
-162
62
312
597
771
887
832
715
415
91
-239
-499
-580
-540
-242
50
391
582
716
672
510
241
-60
-368
-629
-776
-854
-793
-763
-574
-459
-214
-23
217
462
590
746
709
714
472
230
-64
-320
-420
-461
-262
-71
223
484
689
809
751
662
467
263
110
10
-1
-19
45
165
261
337
306
280
205
123
87
25
19
-67
-147
-237
-334
-334
-352
-306
-268
-241
-204
-299
-361
-526
-677
-802
-930
-893
-928
-789
-708
-500
-294
-167
6
-51
-43
-223
-283
-365
-422
-396
-397
-245
-153
44
177
283
342
329
328
300
301
343
358
402
397
336
227
51
-25
-100
-51
32
167
289
340
387
343
273
136
-71
-266
-418
-478
-422
-328
-116
40
222
324
375
390
256
145
-97
-298
-537
-701
-801
-816
-713
-552
-305
-85
173
392
604
739
828
806
690
502
277
85
-52
-99
-73
12
154
345
529
713
774
811
674
524
297
117
19
-80
-36
-48
95
144
261
348
425
510
459
413
233
84
-106
-243
-317
-340
-311
-294
-258
-238
-232
-241
-302
-383
-485
-596
-694
-762
-798
-793
-762
-728
-633
-545
-363
-218
-44
67
110
116
26
-10
-94
-118
-172
-197
-170
-121
16
145
274
384
455
521
515
472
395
283
171
51
24
42
121
217
307
379
362
248
68
-150
-309
-433
-463
-441
-384
-267
-181
-8
82
190
178
69
-76
-252
-339
-470
-518
-572
-604
-564
-494
-294
-91
135
314
381
450
389
409
333
321
324
312
371
315
391
330
365
309
243
191
73
67
54
186
348
495
551
482
367
245
126
93
1
8
5
42
166
259
368
284
138
-135
-396
-597
-726
-713
-600
-463
-289
-158
-51
7
25
17
-64
-115
-265
-349
-464
-476
-426
-344
-262
-234
-169
-138
-42
53
165
198
159
31
-87
-160
-177
-146
-86
-27
44
153
242
344
361
370
290
200
117
86
83
77
107
106
112
64
9
-58
-97
-128
-116
-102
-74
-33
-11
1
-32
-61
-122
-161
-174
-116
7
138
247
286
246
115
-95
-318
-524
-655
-699
-629
-417
-122
241
525
736
811
759
646
459
320
177
97
35
9
57
110
182
216
248
256
231
203
164
122
75
39
18
17
42
90
151
207
285
340
357
325
220
96
-55
-186
-321
-398
-444
-479
-458
-431
-351
-298
-243
-216
-210
-172
-145
-109
-109
-124
-140
-197
-247
-302
-364
-415
-451
-389
-254
-56
116
217
259
200
98
-23
-141
-218
-249
-190
-60
141
374
546
630
588
488
321
153
8
-80
-78
-58
8
52
119
169
209
252
253
244
153
38
-88
-189
-253
-318
-354
-390
-375
-306
-196
-28
127
254
278
224
126
-8
-120
-231
-301
-341
-347
-293
-207
-64
85
208
285
276
249
203
193
221
268
356
389
409
380
317
229
102
6
-104
-150
-159
-121
-22
66
193
279
345
379
377
369
327
316
260
195
89
-45
-143
-218
-212
-210
-196
-204
-229
-252
-286
-301
-342
-367
-404
-404
-354
-276
-177
-118
-86
-108
-162
-245
-352
-438
-522
-563
-531
-434
-287
-129
15
127
179
182
124
25
-78
-162
-171
-118
-26
76
170
235
268
298
284
252
200
130
101
92
117
160
191
224
228
224
211
185
153
95
33
-60
-137
-204
-244
-241
-219
-151
-96
-38
11
52
93
113
133
114
73
10
-60
-108
-142
-136
-134
-130
-91
-46
41
116
194
245
246
241
198
183
170
190
212
222
240
227
225
204
178
138
89
42
-8
-7
28
106
200
280
352
373
372
321
244
159
51
-27
-113
-162
-210
-250
-268
-303
-315
-349
-363
-375
-379
-339
-301
-253
-229
-226
-252
-288
-320
-355
-383
-412
-416
-394
-353
-283
-198
-119
-63
-32
-27
-40
-54
-75
-101
-118
-135
-113
-66
0
89
167
227
250
253
219
169
113
56
22
4
46
127
239
360
459
519
518
475
367
230
91
-47
-138
-177
-135
-42
78
200
287
330
319
269
186
87
-8
-87
-133
-144
-117
-62
6
75
128
156
160
145
99
42
-6
-57
-73
-55
5
101
201
299
357
361
322
236
145
62
-4
-48
-70
-68
-42
5
54
108
144
139
122
98
80
84
96
101
87
45
-21
-98
-179
-251
-321
-402
-444
-458
-436
-366
-293
-215
-177
-159
-186
-227
-264
-312
-334
-363
-374
-383
-377
-344
-291
-218
-151
-89
-63
-63
-76
-107
-146
-189
-227
-238
-208
-129
-11
131
251
327
350
300
221
113
11
-56
-88
-61
3
121
261
393
480
515
497
402
277
133
1
-105
-172
-178
-143
-46
74
186
278
323
323
285
222
133
46
-29
-83
-93
-90
-62
-17
19
63
85
95
97
82
68
64
74
78
105
121
143
166
164
169
148
123
87
43
20
6
-4
-20
-27
-40
-50
-30
-6
25
51
59
64
59
53
33
10
-24
-59
-81
-111
-127
-150
-179
-226
-280
-328
-379
-388
-381
-344
-299
-254
-220
-215
-197
-201
-202
-195
-199
-202
-198
-177
-152
-124
-101
-92
-105
-117
-133
-141
-125
-111
-99
-76
-52
-23
18
67
114
161
201
223
243
252
242
210
165
124
80
55
65
101
158
229
294
326
321
275
186
77
-34
-134
-200
-216
-191
-126
-36
58
128
167
171
117
49
-36
-113
-168
-204
-198
-161
-105
-34
36
89
123
134
111
65
14
-41
-69
-77
-58
-12
42
109
158
197
209
185
139
72
-2
-68
-110
-123
-106
-64
-7
47
104
143
141
133
101
49
13
-29
-57
-68
-78
-79
-84
-91
-102
-122
-149
-179
-207
-218
-216
-185
-145
-103
-62
-37
-16
-11
-13
-28
-50
-77
-104
-117
-104
-73
-41
-1
26
40
38
20
0
-35
-68
-90
-94
-64
-11
65
156
239
301
321
302
248
174
90
9
-44
-75
-75
-35
37
120
191
238
250
220
161
102
35
-23
-61
-89
-97
-91
-59
-25
-3
25
19
-5
-41
-77
-95
-109
-99
-93
-78
-68
-67
-51
-44
-29
-19
-16
-17
-25
-27
-34
-19
-20
-20
-27
-39
-33
-32
-4
10
22
33
37
46
34
36
24
17
1
-18
-26
-40
-38
-35
-21
-4
21
55
93
127
130
126
94
47
-5
-51
-93
-141
-164
-164
-140
-96
-57
-24
-11
-9
-10
-16
-13
-15
-12
-25
-40
-47
-56
-45
-42
-40
-44
-54
-46
-33
-3
20
25
13
-24
-53
-67
-68
-45
-16
8
36
57
84
104
104
103
77
50
31
20
28
34
52
50
53
54
45
53
47
41
27
23
19
8
-3
-29
-42
-51
-52
-41
-31
-25
-23
-12
-12
0
10
15
22
12
11
2
12
28
28
34
16
0
-9
-2
21
34
42
36
17
-7
-20
-25
-37
-51
-57
-48
-33
2
34
67
77
59
47
12
-5
-19
-26
-22
-28
-12
8
42
70
82
80
63
51
33
7
-20
-43
-57
-69
-69
-58
-37
-18
-6
2
-1
3
7
1
-12
-33
-44
-53
-35
-8
21
51
51
56
40
26
14
-9
-25
-56
-68
-70
-44
-14
18
50
65
76
65
68
60
45
51
44
42
41
45
53
63
64
58
62
43
31
13
-9
-11
-22
-30
-54
-61
-68
-66
-41
-31
-16
-12
-12
-22
-23
-9
-8
0
5
-2
-6
-3
16
35
52
60
70
78
80
91
95
93
81
56
25
-2
-22
-41
-45
-34
-19
-8
10
29
41
51
41
12
-20
-53
-76
-81
-67
-56
-34
-11
9
36
42
47
34
15
-7
-29
-37
-50
-47
-50
-46
-34
-26
-10
7
17
24
22
19
21
27
24
10
-15
-32
-41
-40
-20
-4
22
35
38
49
51
51
32
2
-43
-84
-112
-122
-110
-91
-62
-37
-12
14
27
38
35
21
-1
-34
-55
-64
-56
-29
-2
29
53
64
66
55
25
-9
-47
-87
-115
-123
-113
-83
-32
7
45
63
63
57
29
10
-22
-49
-65
-75
-64
-46
-17
12
29
41
46
47
47
43
41
39
37
32
32
28
25
22
18
27
30
37
42
50
54
51
45
29
14
-7
-19
-28
-31
-16
1
14
32
43
51
55
40
23
5
-10
-27
-39
-42
-37
-32
-19
-2
13
23
34
36
28
24
17
13
6
-1
-11
-23
-24
-24
-21
-17
-9
-8
-14
-10
-4
8
7
6
-5
-25
-32
-41
-51
-57
-60
-58
-52
-37
-13
5
27
40
39
38
25
13
3
-3
-2
-5
1
11
19
22
10
1
-13
-35
-50
-68
-76
-73
-61
-33
-7
19
40
45
41
38
25
7
-10
-35
-48
-52
-51
-34
-27
-14
8
21
35
34
31
30
25
23
15
15
5
-4
-5
6
23
22
23
15
3
-10
-24
-33
-38
-49
-55
-44
-27
0
13
28
43
42
29
15
3
-6
-10
-16
-15
-11
-4
-4
-4
5
8
6
8
9
13
20
25
28
38
37
26
16
0
-16
-35
-49
-60
-66
-65
-58
-46
-28
-7
1
11
13
10
-8
-32
-46
-67
-81
-81
-73
-57
-39
-25
1
25
47
53
52
34
10
0
-9
-7
-7
-10
-21
-26
-34
-35
-36
-39
-42
-57
-63
-50
-39
-24
-6
-5
0
1
9
14
17
20
13
5
-8
-14
-20
-24
-21
-22
-22
-11
-4
8
12
20
34
47
60
59
52
48
46
38
32
23
12
-5
-17
-30
-32
-24
-24
-16
-6
3
8
14
21
23
23
23
18
12
7
9
2
-6
-10
-12
-22
-34
-40
-49
-31
-18
1
20
31
44
58
68
72
74
55
35
6
-18
-35
-36
-38
-44
-43
-46
-35
-28
-7
8
10
14
12
7
-5
-12
-31
-48
-56
-64
-50
-47
-36
-14
3
28
42
48
37
21
8
-13
-23
-34
-42
-40
-41
-33
-13
13
38
44
40
24
1
-16
-26
-36
-37
-33
-22
-8
16
51
68
76
70
47
11
-23
-51
-78
-85
-86
-73
-47
-12
12
32
51
64
73
61
42
23
9
2
2
6
17
27
21
17
15
21
23
21
14
6
1
4
23
36
44
45
41
35
23
14
2
-11
-26
-43
-52
-59
-58
-57
-52
-36
-21
-2
12
24
35
45
49
56
56
47
32
8
-19
-39
-40
-52
-45
-39
-29
-7
22
56
72
79
71
56
28
7
-13
-31
-41
-47
-41
-23
5
25
49
60
62
49
28
8
-16
-37
-44
-44
-31
-13
8
33
44
58
57
51
31
5
-13
-30
-26
-16
4
29
54
70
81
86
89
84
70
46
16
-7
-22
-29
-37
-37
-29
-17
-4
12
34
46
57
57
52
44
31
14
-3
-17
-27
-23
-22
-11
8
23
36
43
48
44
30
20
5
-5
-5
-9
1
4
11
19
25
33
23
16
0
-17
-32
-47
-46
-47
-45
-39
-27
-5
8
28
40
48
45
36
24
6
-18
-51
-68
-84
-90
-87
-77
-56
-37
-3
22
41
59
55
50
33
9
-19
-45
-66
-80
-71
-57
-32
-3
23
45
57
62
49
31
15
-5
-20
-31
-25
-14
2
20
33
43
38
29
12
-9
-22
-29
-31
-25
-8
13
37
57
72
77
68
50
32
0
-28
-49
-63
-68
-63
-47
-29
-3
19
40
52
56
51
39
27
6
-10
-21
-37
-47
-55
-51
-45
-39
-28
-23
-17
-14
-6
-10
-17
-19
-31
-44
-53
-53
-46
-40
-40
-37
-27
-22
-19
-15
-19
-32
-40
-46
-55
-59
-58
-50
-45
-29
-7
11
25
37
38
29
26
11
-5
-25
-48
-62
-64
-61
-61
-43
-31
-21
-5
7
19
19
15
7
-13
-33
-48
-62
-71
-61
-46
-30
0
16
34
47
46
42
28
14
-8
-21
-26
-28
-19
-5
12
19
29
29
19
6
-5
-13
-30
-26
-16
-5
14
33
56
59
63
53
37
11
-11
-33
-52
-55
-58
-42
-30
-1
15
37
60
65
72
62
59
40
26
12
-2
-13
-26
-26
-31
-29
-20
-12
-5
5
16
26
32
40
44
38
31
24
17
8
-2
-14
-21
-25
-22
-13
-9
1
9
5
2
-6
-13
-20
-20
-12
-3
1
17
37
43
52
44
37
32
12
-1
-21
-30
-36
-40
-30
-16
-5
9
20
26
29
29
17
1
-17
-33
-36
-39
-28
-16
-1
18
29
36
35
30
16
-10
-40
-56
-67
-76
-63
-52
-42
-18
-1
16
21
18
21
9
-5
-17
-25
-31
-33
-26
-19
-5
6
11
15
16
13
6
-8
-16
-26
-33
-29
-30
-17
-4
11
27
39
49
52
57
44
32
22
-1
-7
-12
-24
-27
-24
-20
-19
-8
-3
5
8
8
14
18
29
37
45
43
36
41
41
34
27
16
7
1
-7
-9
-17
-25
-30
-27
-23
-13
-10
-12
0
6
23
39
43
46
41
37
13
-2
-19
-38
-49
-60
-57
-48
-27
-12
6
15
24
24
20
20
7
3
-8
-8
-5
-2
7
16
27
36
40
47
36
25
8
-9
-13
-30
-24
-27
-28
-17
-10
-3
8
17
15
10
5
6
0
1
-2
1
1
-4
0
-2
-5
-8
-7
-18
-21
-27
-25
-26
-24
-13
-3
8
10
17
21
21
22
25
23
22
12
-1
-9
-23
-28
-37
-43
-39
-40
-33
-27
-21
-15
-4
0
0
6
7
4
4
0
-2
-1
0
6
10
12
8
9
7
0
-7
-21
-28
-38
-35
-33
-20
-13
0
23
41
69
82
83
77
65
50
37
16
-4
-19
-32
-39
-36
-24
-16
-3
11
18
21
26
29
22
18
16
14
6
1
8
11
13
14
14
11
12
4
-3
-9
-20
-27
-27
-29
-28
-19
-10
-4
7
17
22
25
30
30
32
27
17
14
9
9
5
-8
-20
-33
-41
-46
-53
-51
-48
-43
-35
-25
-11
-5
10
14
17
20
19
16
10
9
-1
-6
-8
-14
-21
-24
-28
-29
-31
-26
-20
-16
-5
-3
11
21
29
37
38
36
24
10
1
-5
-9
-10
-15
-15
-9
-6
-7
-5
-8
-16
-26
-30
-36
-36
-34
-33
-20
-7
21
38
56
71
71
64
50
38
14
-6
-24
-41
-58
-61
-53
-45
-29
-9
1
10
19
17
19
13
8
5
-3
-12
-13
-11
-10
-10
-15
-20
-25
-33
-36
-44
-53
-51
-52
-46
-36
-30
-24
-14
-8
-4
3
7
13
15
13
12
12
10
9
11
5
-8
-16
-23
-28
-36
-41
-34
-34
-28
-17
-8
3
17
27
30
26
26
25
19
14
1
-6
-18
-26
-32
-46
-57
-57
-52
-47
-37
-27
-13
1
6
21
27
22
13
4
-4
-12
-18
-26
-21
-19
-18
-14
-9
4
0
4
-2
-6
-12
-20
-14
-16
-11
-1
4
10
23
33
44
46
44
37
26
14
0
-11
-20
-28
-39
-39
-42
-41
-30
-21
-16
-10
3
7
12
11
14
22
17
16
14
5
-2
-9
-15
-25
-30
-32
-34
-26
-27
-28
-16
-11
-14
-8
-9
-12
-15
-15
-15
-5
6
1
4
1
-2
-7
-14
-16
-29
-36
-35
-37
-41
-43
-32
-24
-11
5
17
24
24
26
25
24
22
19
20
21
24
33
35
30
26
14
3
-11
-26
-42
-40
-33
-21
-7
7
23
35
44
45
49
34
14
-2
-15
-26
-31
-27
-28
-19
-4
7
19
25
20
16
13
2
-6
-9
-8
-3
4
17
32
43
52
52
45
37
23
8
-1
-14
-17
-23
-22
-20
-21
-11
-20
-16
-14
-15
-12
-8
0
2
8
10
14
18
18
13
7
1
-9
-13
-17
-18
-18
-16
-6
-4
-2
2
3
3
5
9
8
15
19
20
31
37
35
31
25
21
12
1
-9
-25
-32
-34
-28
-24
-14
0
3
8
11
10
2
-1
-3
-10
-11
-7
0
0
11
23
28
38
35
24
10
-4
-11
-17
-22
-24
-21
-10
9
25
38
51
51
54
49
31
21
10
5
5
-1
2
6
11
14
14
14
7
5
-6
-11
-11
-15
-10
-7
7
17
22
27
29
29
26
19
10
5
-1
-4
1
-8
-9
-3
-3
-1
-4
-2
-10
-15
-15
-5
0
-3
4
0
4
8
5
6
5
-3
-9
-20
-23
-23
-29
-28
-30
-24
-21
-17
-13
-11
-5
-2
2
7
11
13
21
22
23
22
26
20
18
9
-7
-9
-15
-17
-19
-13
-5
-1
4
1
-1
1
3
-3
-9
-11
-5
-12
-7
-5
-5
3
1
2
0
-4
-10
-13
-13
-18
-15
-11
-12
3
15
19
29
38
38
37
37
32
23
18
13
9
12
8
12
14
15
17
11
4
-1
-6
-9
-9
-12
-15
-12
-8
-1
11
14
14
10
6
-2
-12
-12
-18
-18
-23
-23
-21
-20
-20
-23
-16
-17
-16
-18
-21
-25
-25
-23
-19
-19
-16
-11
-8
-2
-4
-4
-13
-16
-22
-32
-27
-33
-28
-28
-29
-20
-17
-14
-9
-1
-2
1
8
6
5
1
2
9
9
12
10
11
15
9
10
11
5
-2
-1
3
1
3
8
12
12
15
22
18
17
16
10
9
10
10
9
10
8
10
7
1
0
1
-4
-6
-8
-12
-15
-10
-1
3
9
11
13
11
5
-3
-7
-10
-12
-13
-16
-12
-12
-12
-9
0
-1
-3
-12
-13
-12
-12
-4
-3
3
7
14
20
21
17
19
16
10
6
0
0
-7
-5
-3
-2
6
7
5
1
2
0
-2
-8
-10
-3
-5
3
5
12
18
17
25
22
15
10
11
7
5
1
0
7
3
9
17
18
20
20
22
19
18
16
12
11
10
13
14
12
13
13
11
10
4
-7
-11
-19
-18
-16
-18
-18
-11
0
9
17
15
15
14
13
9
8
5
-5
-1
0
-2
-4
-2
-2
-3
-5
-6
-6
-8
-4
-4
1
7
9
16
21
22
24
16
14
11
4
0
-2
-4
-13
-10
-9
-10
-10
-9
-7
-7
-4
-6
0
-3
-6
0
6
4
7
10
7
10
10
11
5
7
1
1
3
5
7
8
7
2
5
6
6
1
2
6
11
9
9
11
8
10
9
11
10
7
8
5
-1
1
7
13
11
11
17
20
19
19
20
16
16
16
13
10
9
10
16
18
16
18
11
9
3
-3
-9
-15
-13
-16
-17
-13
-10
-8
2
9
7
10
9
9
1
0
-3
-6
-6
-7
-4
-4
-2
-5
-7
-7
-12
-11
-15
-7
-6
-5
3
1
9
11
11
10
14
17
12
9
0
1
-3
-2
-3
-4
-5
-8
0
0
4
3
7
13
11
5
0
5
6
0
-4
-4
0
6
4
1
0
0
2
-1
-2
3
0
5
4
-2
3
-2
5
12
9
8
18
25
18
20
19
16
14
11
8
6
9
4
1
-1
-2
-3
-4
-4
-8
-8
-10
-13
-7
-5
-7
-8
-9
-7
-6
-3
-6
-4
-1
-3
-5
-2
-4
-7
-14
-15
-17
-20
-19
-19
-18
-11
-10
-12
-7
-7
-8
-10
-12
-14
-17
-21
-30
-23
-23
-26
-24
-24
-19
-19
-21
-21
-28
-28
-25
-23
-17
-16
-16
-16
-10
-8
-10
-9
-13
-11
-13
-13
-11
-12
-7
-13
-13
-10
-6
0
-2
-1
4
6
6
7
7
3
3
9
1
-3
0
-1
-4
-1
-1
-6
2
3
-3
0
0
-9
-7
-4
-5
-4
-2
4
2
7
5
9
13
6
8
12
14
8
11
12
8
15
15
17
15
14
17
8
10
14
9
10
10
15
10
4
6
-1
0
2
-1
-3
-8
-10
-7
-11
-15
-22
-23
-28
-31
-31
-29
-28
-28
-21
-19
-16
-9
0
-4
-7
-5
0
3
7
5
7
9
6
9
6
7
3
0
6
4
1
-2
-2
-3
-2
-3
-4
-5
-6
-11
-3
-7
-14
-13
-16
-16
-21
-19
-23
-20
-16
-15
-9
-11
-4
-3
-6
-3
-3
2
1
3
2
7
9
5
11
9
8
7
6
10
9
2
4
4
1
-1
-8
-3
-7
-5
-6
-8
-9
-12
-6
-7
-5
-6
-9
-10
-11
-12
-8
-5
-6
-4
-4
-2
2
7
6
8
6
9
15
14
19
12
13
16
16
19
20
21
18
12
16
13
8
6
5
-3
-8
-2
-8
-11
-13
-12
-9
-8
-9
-9
-6
-7
-5
-6
-5
-8
-7
-9
-5
-1
-3
3
1
0
2
2
4
7
7
9
5
4
6
8
13
10
15
19
11
12
10
4
7
5
3
5
3
4
1
3
8
6
6
8
9
10
10
9
3
3
6
9
14
12
9
12
13
14
19
20
24
19
20
17
22
27
23
31
32
29
25
26
24
26
24
17
24
27
25
21
16
16
18
13
8
8
7
7
8
1
-4
-2
-1
-3
-9
-6
-5
-12
-12
-9
-9
-8
-7
-7
-11
-13
-14
-13
-9
-9
-16
-19
-15
-17
-13
-15
-14
-11
-14
-9
-7
-8
-6
-1
-10
-8
-5
-10
-9
-8
-9
-8
-6
-6
-6
-9
-2
1
2
7
5
4
10
11
10
14
6
9
12
14
14
14
14
11
13
15
15
17
20
17
17
20
21
17
14
12
11
10
11
3
-4
-3
-10
-8
-6
-8
-10
-12
-8
-9
-14
-18
-18
-20
-20
-21
-20
-21
-20
-20
-18
-21
-23
-16
-20
-16
-18
-20
-17
-11
-11
-11
-6
-6
-6
-8
1
-2
0
5
-1
5
7
6
3
5
3
5
3
-1
0
-1
2
1
2
-2
1
8
3
4
9
9
7
7
4
0
0
1
0
3
5
4
5
7
11
15
9
11
10
4
12
8
9
11
17
11
6
5
3
2
2
6
3
6
5
2
1
2
-1
-2
-3
-4
-4
-5
-3
-8
-11
-12
-10
-12
-5
-5
-11
-9
-12
-10
-6
-8
-9
-7
-4
-5
-9
-8
-5
-6
-5
2
7
4
5
2
0
-3
-5
-2
-2
1
-1
0
1
-1
-2
-4
-1
0
-1
-2
3
-4
-10
-1
-3
-1
2
1
-2
3
3
2
4
5
4
4
3
3
8
7
5
3
8
7
8
13
10
10
13
14
16
15
11
12
13
8
5
9
-1
1
5
-1
1
1
4
-1
-2
2
6
3
4
3
-2
2
7
1
-5
2
1
1
6
0
4
5
2
6
7
8
10
10
10
8
1
0
0
2
7
3
-3
-3
-3
-10
-8
-11
-12
-9
-14
-15
-14
-16
-16
-15
-13
-18
-11
-9
-12
-3
-8
-10
-12
-13
-14
-12
-8
-5
-3
-1
5
2
5
6
9
8
4
2
6
7
2
5
2
7
6
5
8
4
1
4
1
-5
-4
-6
-1
-5
-7
-5
-9
-9
-15
-13
-18
-17
-10
-13
-14
-16
-13
-15
-11
-9
-10
-8
-8
-9
-9
-11
-14
-17
-13
-14
-10
-9
-13
-8
-9
-9
-6
2
-1
-2
0
-4
-1
-4
-4
-2
0
-4
-4
-3
-7
-6
3
2
-4
-4
-6
1
0
1
3
0
-2
-3
-4
-5
0
-1
-2
2
-2
3
3
-1
3
-1
-6
0
-5
-7
0
-5
-7
1
-1
0
1
1
-2
-5
-4
-7
-9
-7
-4
0
4
3
6
8
8
9
8
11
17
16
15
18
20
22
25
25
30
27
27
30
35
34
33
34
33
37
37
41
36
33
27
22
29
25
23
21
20
19
14
16
10
7
6
0
5
6
7
9
7
11
6
8
9
4
7
6
9
11
11
12
12
8
12
9
8
12
9
16
13
13
13
15
15
12
15
10
15
9
7
7
7
4
0
1
-1
7
1
-5
-5
-10
-9
-7
-11
-13
-19
-19
-12
-17
-17
-16
-14
-18
-16
-16
-15
-10
-10
-4
-6
-3
1
-2
-4
-1
-4
-7
-2
-6
-9
-8
-11
-10
-10
-17
-16
-18
-18
-21
-27
-23
-22
-16
-13
-19
-15
-19
-18
-11
-10
-10
-17
-17
-18
-12
-13
-18
-14
-13
-9
-4
-5
-5
-3
-5
-7
-2
4
1
-4
0
1
2
-2
-2
-1
-5
-1
0
-4
-7
-6
-6
-5
1
-7
-11
-5
-5
-2
-5
-6
-3
-9
-2
0
-1
-2
3
3
-2
9
-2
-4
3
0
7
7
7
6
3
8
9
7
11
9
7
4
4
7
6
4
2
10
5
6
4
-2
0
-6
-5
-13
-14
-11
-11
-4
-2
-8
-4
-6
-8
-1
-4
-6
-6
-4
-3
4
1
1
5
9
10
8
11
9
11
15
15
14
18
20
15
15
20
20
15
23
19
13
14
12
15
11
10
12
5
4
8
6
-1
0
-3
-5
-3
-3
1
-1
2
5
2
5
6
5
7
10
7
4
3
4
2
6
9
10
10
2
4
7
8
9
9
11
9
6
9
11
8
11
16
11
10
12
8
8
10
11
11
12
11
7
5
2
3
-1
4
6
1
2
6
6
6
3
1
-1
-3
2
0
1
3
5
7
5
2
-3
4
-2
-4
7
3
0
3
-2
0
11
9
4
2
-1
0
2
1
3
3
5
7
4
6
6
6
5
5
15
19
22
17
20
22
21
25
22
27
29
26
28
26
21
20
19
18
20
15
13
16
12
8
8
2
-2
-2
3
6
8
3
1
7
7
7
9
7
4
4
3
5
6
12
8
5
10
12
13
12
15
17
18
16
16
18
18
22
24
25
24
26
25
23
21
14
14
8
11
6
0
7
2
4
2
6
4
-2
0
0
1
-1
-2
-1
-2
-4
-9
-11
-15
-9
-7
-10
-11
-14
-17
-14
-12
-14
-12
-14
-6
-1
1
2
-3
-6
-3
0
-1
-1
-3
-1
-4
-1
-7
-11
-7
-17
-19
-18
-19
-23
-28
-27
-26
-24
-22
-26
-25
-22
-20
-23
-26
-27
-28
-26
-29
-27
-26
-25
-29
-23
-22
-20
-17
-15
-6
-12
-5
-3
-2
-1
-5
1
0
-3
-1
-2
-4
-7
-5
0
-4
-4
-5
-1
-3
-5
-4
-4
-5
-5
-3
-7
-3
-3
-1
-1
-2
-2
-2
1
-2
0
-1
1
3
1
4
1
-3
-3
0
-1
1
3
4
2
2
-3
-5
-6
-9
-10
-11
-11
-11
-15
-20
-18
-17
-18
-19
-21
-24
-25
-24
-23
-23
-29
-28
-29
-20
-21
-25
-22
-24
-26
-27
-23
-23
-22
-21
-14
-15
-19
-19
-18
-17
-15
-12
-13
-6
-8
-7
-3
-5
0
-2
-5
-6
-7
-12
-13
-13
-14
-18
-21
-21
-23
-22
-21
-21
-20
-21
-21
-22
-23
-23
-23
-19
-16
-17
-21
-18
-22
-23
-19
-22
-19
-17
-15
-15
-16
-10
-12
-13
-2
0
-3
-1
-4
-2
-6
-7
-7
-13
-8
-4
-3
1
2
-3
-3
-5
-8
-2
-5
-5
-4
-5
-4
0
-2
-5
3
-1
3
6
7
5
6
5
3
8
4
13
12
17
15
11
17
17
17
19
21
17
16
16
20
18
10
8
11
11
7
7
6
8
2
2
1
-1
-5
-3
-2
-4
0
-4
-8
-5
-4
-6
-5
-7
-6
-3
-4
-4
-2
-8
-9
-5
-4
0
0
-3
-5
-5
-7
-11
-10
-6
-8
-4
-3
-6
1
-2
-3
0
-1
2
2
1
-8
-10
-8
-12
-10
-6
-5
-4
0
-3
-4
3
2
3
1
1
4
10
10
13
17
11
11
8
13
9
14
19
13
19
18
15
22
24
16
12
10
10
9
8
11
8
4
1
3
2
6
10
8
5
6
3
-2
6
4
1
1
6
10
7
9
12
12
11
17
16
15
24
25
24
23
30
32
27
27
24
26
28
29
27
29
25
24
25
20
20
19
19
17
16
15
14
12
13
9
8
9
9
8
5
4
1
0
-3
-1
-1
4
3
1
1
2
4
5
11
9
10
12
11
10
13
19
15
18
19
18
15
6
5
9
9
11
11
3
4
7
8
6
1
0
-3
-4
-6
-5
-6
-4
-6
-6
-7
-7
-5
-5
-5
-4
-4
0
-2
0
2
4
9
10
10
9
10
12
15
18
18
19
18
18
16
18
21
20
21
19
16
11
13
16
17
15
14
12
8
6
6
9
10
11
8
9
11
11
14
9
6
8
3
0
-1
5
5
3
5
5
3
6
11
8
6
5
4
9
4
5
5
-3
0
0
1
-7
-5
-4
-1
-2
-2
-3
-8
-6
-6
-6
-4
-8
-15
-11
-11
-9
-1
-3
-7
-7
-1
-6
-1
6
5
10
12
10
10
12
14
14
12
15
14
14
6
5
6
4
2
0
2
-2
-3
-7
-6
-8
-5
-4
-4
-2
-2
-5
-4
-1
-5
-4
-3
-2
-5
-6
-6
-3
-4
-1
1
3
6
0
7
6
2
4
5
2
5
10
6
6
4
0
-1
-1
2
5
1
-1
-2
1
-3
-7
-7
-7
-7
-9
-5
-10
-10
-12
-15
-16
-14
-15
-19
-18
-17
-19
-15
-16
-16
-12
-12
-11
-14
-12
-7
-12
-14
-12
-12
-6
-7
-8
-9
-10
-6
-5
-4
-9
-10
-11
-13
-11
-14
-10
-11
-13
-7
-5
-6
0
-2
-1
5
2
3
3
4
5
8
7
3
8
6
6
9
15
14
8
11
10
8
12
13
9
9
9
4
4
0
-6
-8
-5
-2
-2
1
-8
-12
-8
-13
-16
-20
-16
-22
-17
-15
-14
-9
-10
-13
-17
-8
-13
-10
-6
-7
-8
-10
-2
-5
-1
-1
-6
-6
-1
1
2
5
7
10
9
8
10
5
0
1
-5
-1
-1
-7
-13
-17
-16
-22
-18
-19
-24
-23
-25
-28
-25
-26
-31
-28
-27
-28
-26
-25
-26
-22
-21
-24
-18
-23
-25
-19
-19
-17
-16
-10
-10
-7
-4
-5
-6
-4
0
-2
0
4
2
-1
3
0
-1
7
6
4
10
15
7
8
6
2
6
5
8
8
10
11
5
8
7
10
10
4
2
0
5
2
6
8
5
3
4
1
5
3
1
9
4
10
8
6
10
12
13
13
13
9
12
6
2
2
3
-2
-5
-5
-7
-5
-7
-9
-13
-11
-16
-14
-13
-19
-17
-18
-21
-17
-17
-19
-18
-13
-6
-14
-11
-10
-17
-14
-10
-13
-12
-10
-6
-5
-5
-1
-6
-3
1
4
-1
-1
3
-2
-2
-8
-5
-10
-16
-8
-6
-2
-3
-3
-2
-4
-5
-5
-6
-7
-1
3
2
4
5
5
6
8
8
3
4
9
9
5
6
13
19
16
18
18
14
15
14
15
11
13
13
8
9
8
11
11
11
13
11
14
16
12
16
9
11
15
10
11
12
10
7
11
11
12
13
15
14
10
15
13
13
14
18
17
23
22
23
25
19
18
16
14
14
19
17
18
19
14
11
11
8
8
3
1
1
3
3
-5
2
1
-2
-3
-3
-4
-7
-7
-12
-5
-12
-10
-9
-11
-7
-13
-6
-8
-9
-6
-5
-7
-10
-4
-7
-5
-2
-8
-2
-3
-5
-6
-13
-11
-9
-8
-6
-9
-9
-6
-8
-3
-2
-2
-7
-4
-3
-5
-1
-2
2
-1
-3
-5
-4
-1
1
8
8
5
3
8
8
9
7
7
5
3
4
3
8
5
3
5
5
4
0
3
-4
-1
2
-3
0
-5
-3
-1
-5
-5
-4
-3
-4
-4
-6
-7
-8
-9
-6
-8
-5
-5
-8
-9
-10
-7
-9
-2
-3
-4
-3
-12
-6
0
-2
-4
-5
-2
1
3
-1
-4
-3
-3
-1
-5
-6
-8
-10
-8
-14
-16
-16
-16
-21
-21
-20
-21
-25
-29
-25
-31
-34
-24
-29
-27
-23
-28
-24
-25
-22
-21
-25
-20
-17
-18
-17
-12
-10
-11
-11
-9
-6
-3
-1
-2
0
-5
-7
-5
-9
-5
-7
-5
-7
-3
3
-2
-9
-7
-5
-5
-1
-3
-7
-4
2
-8
-4
-3
-2
1
2
-1
-6
-2
-1
6
1
7
8
10
9
12
16
11
12
12
19
14
19
16
16
13
10
11
12
15
14
10
5
4
0
-2
-1
1
1
2
2
-2
-7
-9
-13
-9
-6
-6
-5
-8
-2
-1
3
1
-1
7
7
4
9
11
14
16
15
17
16
15
13
11
10
11
8
6
3
0
-7
-9
-3
-9
-9
-10
-12
-15
-18
-16
-16
-21
-24
-23
-21
-28
-24
-20
-21
-18
-16
-17
-14
-5
-7
-6
-4
-3
-1
-3
1
-3
-3
3
5
1
0
-1
-3
0
-6
-11
-10
-12
-13
-13
-14
-15
-19
-18
-16
-18
-15
-20
-23
-20
-18
-19
-20
-18
-19
-14
-13
-11
-9
-10
-6
-8
-11
-2
0
2
7
3
3
3
3
4
4
3
2
6
1
-1
3
-5
-6
-3
-5
-5
-4
-5
-6
-6
-8
-13
-18
-15
-15
-18
-20
-21
-22
-24
-23
-20
-18
-22
-26
-21
-14
-14
-12
-10
-11
-8
-10
-9
-10
-8
-4
-6
-4
-3
-1
-1
1
0
-2
3
2
-1
-5
-6
-4
-2
-3
-5
-7
-7
-9
-7
-7
-12
-14
-9
-10
-12
-10
-11
-11
-10
-11
-13
-6
-12
-6
1
-1
4
1
4
4
10
7
6
16
11
18
19
16
21
19
22
23
20
17
19
18
16
16
12
16
12
11
11
8
11
6
6
8
5
6
3
7
5
2
4
6
4
3
3
0
6
5
7
7
9
8
5
10
8
8
7
9
6
7
5
6
9
11
14
10
9
10
5
-1
2
2
6
3
2
5
4
3
2
5
5
5
0
3
2
0
5
9
10
10
12
10
10
9
14
12
20
20
21
21
18
22
23
22
23
23
18
17
13
13
13
15
11
10
10
5
10
8
3
5
-2
-6
-5
-3
-2
-7
-5
-7
-9
-4
-4
-7
-9
-5
-8
-9
-6
-7
-2
1
-1
-1
-2
-4
-2
3
1
3
6
8
9
8
11
9
8
8
11
11
10
10
9
7
8
10
8
10
9
7
4
2
7
4
7
4
0
3
9
10
7
11
9
11
10
9
12
5
8
7
5
4
1
4
1
3
2
3
7
7
3
3
-1
4
4
8
7
-3
9
6
8
0
-4
-3
-8
-8
-8
-5
-9
-9
-11
-8
-13
-10
-5
-11
-7
-8
-7
-4
-2
-6
-10
-9
-11
-14
-11
-9
-4
-5
-6
-7
-10
-6
-2
-6
-5
-5
-7
-3
-3
6
0
-1
2
-3
-3
-6
-2
-6
-6
-7
2
5
5
6
5
6
3
7
11
13
6
9
13
10
14
8
9
13
8
9
10
6
8
7
10
3
3
8
9
6
3
5
-3
-3
4
1
-6
-5
-9
-12
-13
-16
-17
-19
-14
-17
-16
-13
-10
-11
-13
-12
-11
-11
-12
-12
-11
-11
-10
-12
-11
-11
-7
-4
-2
-2
-4
-1
-1
3
-1
-3
6
2
4
5
-2
-1
-1
-2
-4
-3
-4
-6
-6
-9
-10
-10
-6
-3
-9
-11
-12
-13
-15
-12
-12
-16
-15
-13
-11
-15
-15
-13
-14
-15
-11
-12
-12
-11
-10
-11
-10
-6
-6
-2
2
4
7
5
5
3
3
