-11
-10
-9
-4
-2
-7
-6
-5
-3
2
-3
-4
-1
4
5
-1
2
6
6
3
-4
-4
1
3
8
5
7
11
8
9
1
-4
-8
-10
0
1
4
0
-3
-5
-7
-4
-2
2
1
-3
0
2
-1
-1
1
-3
3
9
4
4
1
-1
-3
-5
-3
-3
1
-3
2
2
-3
-3
-1
-1
-3
-1
4
2
2
1
-5
0
-6
-3
0
-3
2
4
-3
-5
-3
-7
-7
-3
0
2
4
-2
-3
-9
-5
0
-6
-2
-4
5
3
-1
2
0
2
2
7
6
4
9
8
7
7
3
6
8
6
1
1
1
2
7
5
1
5
7
4
4
2
8
8
2
3
-1
0
-1
2
0
-7
5
1
1
-1
-7
-5
-9
-8
-9
-8
-3
-2
-4
-5
-11
-9
-10
-13
-6
-4
-3
-2
-9
-13
-10
-14
-9
-7
-9
-12
-11
-4
-8
-5
-10
-13
-8
-7
-4
-5
-10
-8
-6
-7
-8
-4
-4
-7
-7
-5
-2
-5
-8
-5
-5
-4
-5
-12
-8
-11
-11
-11
-13
-11
-17
-15
-20
-23
-16
-18
-18
-20
-16
-15
-14
-12
-16
-11
-16
-22
-23
-23
-22
-20
-20
-21
-19
-17
-11
-15
-22
-19
-19
-13
-14
-18
-14
-10
-12
-11
-7
-10
-10
-10
-7
-7
-8
-2
0
-1
0
-1
-1
-1
3
3
10
12
9
6
2
7
4
6
7
1
5
-1
0
6
7
12
11
11
10
11
13
9
12
8
7
13
11
20
17
13
7
9
14
8
7
14
16
12
13
13
12
11
10
12
8
8
7
8
10
7
1
-3
-3
0
5
6
6
7
2
5
8
5
6
4
2
3
3
10
11
4
1
3
4
4
5
7
4
1
-1
0
2
-3
-4
0
-1
1
4
4
1
3
-1
-1
2
3
3
2
1
1
3
0
3
1
2
6
5
11
12
5
5
5
1
0
4
3
5
7
7
5
7
4
3
4
2
8
6
5
9
12
8
7
7
9
10
11
8
8
6
0
7
6
8
4
-3
3
2
2
0
3
0
-3
-1
0
-1
2
2
0
-7
-5
-8
-8
-5
-8
0
3
8
3
6
5
7
5
0
5
4
7
5
7
5
2
3
7
1
3
2
0
3
1
3
2
4
-4
0
-1
-3
-5
-13
-7
-7
-6
0
-3
-8
-6
-4
-5
-4
-4
-8
-10
-10
-6
-1
-7
-4
-3
-2
2
-1
0
-3
1
-1
-4
-4
-7
-4
0
5
4
4
7
4
4
4
3
3
4
8
8
5
11
8
4
6
1
0
5
7
3
4
8
0
2
3
3
5
3
10
5
4
5
9
11
6
6
2
3
2
5
3
8
11
8
12
12
18
17
16
13
13
12
9
11
10
13
11
11
10
8
6
6
10
13
13
11
6
8
10
3
4
4
2
4
7
3
1
3
6
7
4
1
4
5
4
5
3
6
4
5
9
9
10
7
4
3
9
5
7
10
5
7
6
3
6
2
2
2
1
6
3
3
1
3
4
0
0
-3
-3
-4
-5
-6
-5
-8
-3
-3
-6
-2
-3
0
-2
-6
-7
-11
-7
-7
-9
-6
-10
-3
-8
-11
-3
-9
-9
-8
-4
-2
-3
-6
-5
-5
-4
-6
-9
-3
-5
-4
-6
-7
0
1
-1
-3
-3
-1
-1
-2
-5
-3
-5
-7
-1
-5
-1
3
2
2
0
-2
-4
-5
-6
-5
-3
-4
2
5
4
3
2
3
2
3
0
1
0
-3
-3
-2
0
-2
1
2
4
8
5
1
1
-1
0
-4
-2
-2
-1
3
-5
-7
-8
-8
-4
-6
-5
-2
-3
-1
-4
-7
-8
-8
-9
-11
-9
-8
-6
-13
-14
-13
-14
-11
-10
-11
-11
-7
-9
-12
-12
-11
-11
-7
-8
-9
-10
-9
-10
-12
-11
-7
-6
-10
-10
-9
-8
-6
-7
-9
-12
-13
-11
-13
-12
-9
-7
-8
-7
-2
-7
-8
-9
-8
-11
-9
-12
-12
-9
-14
-8
-10
-11
-12
-13
-11
-11
-13
-12
-11
-10
-15
-12
-11
-17
-11
-11
-14
-16
-15
-17
-21
-19
-19
-16
-16
-16
-15
-13
-13
-17
-15
-11
-9
-7
-12
-11
-10
-13
-14
-10
-12
-9
-4
-6
0
-2
0
-3
-7
-4
-4
-2
-5
-1
-3
-3
-2
-5
-10
-9
-6
-8
-3
-8
-4
-3
-7
-9
-3
-2
-6
-3
-4
-2
-3
2
0
-2
4
3
4
6
6
3
7
7
7
7
11
10
7
9
11
13
8
8
16
12
12
15
15
15
13
20
19
17
20
19
18
20
18
21
17
13
20
19
18
16
19
17
13
16
10
8
12
11
10
14
12
12
7
9
4
6
10
5
4
5
5
4
4
1
1
4
5
-2
-4
-6
-6
-2
-9
-6
-5
-8
-12
-10
-4
-2
-5
-7
-5
-3
-4
-3
-3
-7
-3
-3
-6
-5
-14
-10
-8
-12
-8
-9
-13
-10
-10
-9
-5
-3
0
-4
0
5
-1
-2
-3
-2
2
1
-3
-2
3
3
4
5
4
7
5
4
1
5
7
6
2
2
2
-2
2
-1
0
5
6
3
4
5
2
5
4
3
4
6
2
5
7
7
10
12
10
8
11
8
9
12
10
12
11
6
8
13
9
13
19
20
18
15
16
13
16
21
23
22
17
17
14
15
12
10
11
13
17
20
22
14
12
12
15
13
14
16
13
17
21
22
21
18
18
19
13
15
13
14
19
15
19
16
19
19
13
18
17
11
7
6
11
7
6
9
8
8
5
1
-1
1
5
12
11
6
8
6
6
5
2
4
-1
-5
-4
-2
-4
-6
-3
-1
-3
-7
-4
-3
1
2
-2
-5
-2
4
2
3
2
4
5
8
7
8
9
7
10
7
12
7
5
3
-1
5
3
6
9
9
8
5
2
0
3
7
11
15
9
11
9
5
7
0
5
7
8
8
6
9
5
-1
-4
0
-1
3
5
7
11
8
11
6
3
7
11
12
14
9
6
5
0
1
1
4
6
1
1
-1
-2
1
3
7
2
0
-2
-1
-1
-6
-7
-13
-3
-1
0
-1
0
7
-1
-3
-6
-8
-12
-13
-10
-13
-11
-13
-10
-13
-14
-13
-18
-21
-18
-15
-12
-13
-17
-17
-19
-18
-21
-20
-21
-21
-21
-22
-22
-20
-16
-19
-20
-16
-18
-16
-13
-14
-18
-21
-13
-13
-16
-18
-18
-13
-14
-17
-17
-17
-12
-15
-19
-18
-21
-18
-16
-18
-18
-18
-14
-16
-18
-14
-14
-14
-13
-13
-15
-16
-13
-12
-14
-13
-14
-14
-15
-14
-9
-9
-7
-7
-8
-6
-9
-4
-8
3
3
0
1
-1
3
1
5
6
9
5
7
7
6
7
5
8
9
8
6
6
9
12
7
8
8
10
11
12
13
11
12
7
12
8
3
5
4
2
3
2
-2
-1
-3
-1
-3
1
2
6
7
5
5
4
7
5
9
4
4
8
8
5
3
6
-1
-2
-4
-1
2
0
2
1
0
2
2
5
7
9
4
-1
4
3
0
0
-3
1
-3
-2
-3
-3
3
-3
-5
-8
-6
-4
-8
-10
-9
-7
-13
-16
-9
-9
-15
-13
-12
-10
-11
-6
-10
-10
-4
-6
-6
-7
-3
-3
-4
-5
-11
-11
-12
-13
-14
-17
-18
-15
-14
-13
-12
-12
-10
-15
-15
-17
-16
-12
-14
-13
-19
-17
-17
-15
-18
-15
-13
-17
-16
-17
-15
-25
-22
-22
-16
-15
-15
-16
-18
-12
-12
-8
-13
-10
-13
-11
-6
-6
-10
-13
-8
-8
-7
-6
-6
-5
-1
-6
-5
-6
-6
-4
-3
-3
-1
0
-3
-1
1
-1
-5
-3
-3
-8
-5
-3
1
4
0
5
6
9
6
0
5
8
10
7
14
8
5
9
3
6
6
6
9
14
15
12
6
6
8
9
17
14
13
15
15
15
13
18
14
14
13
14
19
18
20
14
15
12
9
12
13
15
15
18
11
7
5
4
6
6
13
8
9
6
2
5
-1
2
0
0
3
2
1
-1
-1
-4
-6
-4
0
-1
0
-4
-6
0
3
-1
-1
-3
0
5
5
5
1
-2
-1
3
0
5
6
6
10
6
7
3
3
0
-1
-1
5
9
10
13
6
2
7
6
5
10
4
12
14
7
2
-1
0
0
2
9
7
7
7
1
3
-4
-6
-4
-3
1
1
-1
-6
-4
-3
-3
-2
-5
-9
-8
-4
-2
-5
-8
-9
-7
-8
-8
-6
-3
-7
-12
-14
-14
-15
-13
-9
-10
-7
-10
-6
-6
-9
-9
-11
-6
-7
-12
-10
-6
-10
-7
-6
-6
-11
-9
-2
-5
-7
-7
-9
-12
-12
-10
-10
-12
-10
-5
-1
-1
-4
-8
-6
-5
-2
0
-2
-2
-4
-2
-7
-4
-2
0
0
-2
3
1
-3
1
2
-3
-3
1
2
7
8
-2
1
4
6
4
2
6
8
12
7
12
13
9
9
6
12
12
11
13
12
14
11
13
15
9
13
10
12
13
10
12
9
9
9
7
9
11
9
7
13
11
5
4
6
9
6
5
5
7
4
2
6
0
3
2
-2
-2
0
2
-3
0
-3
-7
-8
-7
-9
-10
-9
-11
-8
-12
-8
-10
-14
-9
-13
-8
-9
-11
-13
-17
-13
-13
-17
-13
-11
-14
-9
-13
-12
-13
-14
-11
-15
-18
-17
-13
-14
-16
-15
-11
-11
-14
-12
-11
-10
-10
-8
-7
-10
-6
-7
-2
-2
-2
-1
2
5
1
7
3
2
0
0
0
4
5
6
1
1
6
5
3
3
10
11
15
11
15
10
5
9
10
19
15
16
14
12
14
10
11
9
8
12
13
10
9
11
8
8
5
3
8
12
11
6
8
13
16
9
6
9
7
9
10
9
8
10
10
9
12
11
10
10
9
5
3
5
5
5
6
12
9
4
7
3
1
-1
1
-1
-2
-2
-8
-8
-3
-1
-2
-6
-7
-10
-4
-5
-6
-5
-8
-7
-7
-2
-8
-4
-5
-2
0
-8
-7
-9
-10
-11
-9
-11
-10
-10
-11
-10
-16
-15
-15
-10
-8
-12
-11
-10
-9
-11
-13
-11
-10
-12
-17
-17
-18
-19
-16
-19
-19
-21
-22
-22
-20
-19
-18
-19
-18
-18
-16
-8
-10
-12
-13
-13
-10
-12
-8
-8
-14
-9
-7
-12
-10
-8
-10
-8
-11
-17
-20
-20
-16
-19
-24
-23
-23
-18
-13
-17
-16
-12
-14
-15
-18
-10
-15
-16
-12
-16
-15
-18
-18
-13
-14
-10
-11
-10
-6
-7
-7
-2
-6
-7
-1
-3
-2
0
4
0
4
8
9
11
10
13
13
15
16
22
16
13
17
14
20
16
15
12
15
19
15
18
15
18
22
17
20
19
20
20
18
18
18
17
17
20
17
23
19
24
21
21
26
18
21
16
20
21
21
23
22
17
9
14
11
16
16
14
14
11
13
10
7
8
7
3
3
10
8
8
5
6
2
3
7
-2
6
5
1
4
1
3
3
3
-4
-3
4
3
5
0
-3
2
-2
-5
-4
-4
-2
0
-4
-5
-3
-3
-2
1
8
7
5
7
5
5
4
6
8
11
7
12
14
11
13
15
19
14
19
14
12
16
21
20
17
17
15
15
13
21
16
20
20
21
22
18
18
11
11
6
6
4
8
11
10
9
9
12
11
8
6
10
6
5
12
14
12
13
9
6
1
3
5
2
-1
-6
-3
-13
-9
-7
-13
-15
-16
-15
-15
-16
-21
-21
-16
-17
-16
-14
-11
-8
-9
-13
-16
-13
-12
-12
-15
-14
-13
-20
-17
-19
-18
-19
-22
-24
-24
-19
-17
-14
-12
-12
-17
-17
-15
-14
-11
-13
-14
-8
-8
-8
-8
-12
-16
-16
-8
-6
-3
-4
-12
-8
-8
-8
-4
-6
-7
-7
-5
0
1
3
0
5
2
-3
3
3
10
9
4
5
-2
3
0
-9
-5
-5
1
1
2
9
6
6
4
2
2
5
10
6
10
6
1
0
6
5
1
6
5
11
9
7
13
7
-2
-4
-7
-1
1
5
6
5
10
7
3
1
-1
-1
5
7
3
3
-4
-9
-10
-10
-10
-10
-8
-6
-7
-5
-8
-13
-14
-14
-18
-16
-12
-14
-11
-13
-11
-14
-12
-8
-9
-6
-11
-16
-13
-12
-6
-8
-7
-2
-6
-3
-9
-4
-6
-9
-6
-5
2
5
12
13
15
9
9
10
0
7
8
12
18
18
19
9
13
6
0
3
3
9
5
6
4
-5
-10
-12
-6
-1
4
2
-6
-13
-24
-21
-21
-24
-27
-45
-41
-42
-29
-11
-17
-13
-38
-57
-67
-72
-45
-25
-13
-3
-19
-29
-28
-23
-6
3
-6
-9
-19
-26
-16
-28
-15
-24
-37
-37
-59
-31
-29
-8
11
-10
-10
-28
-28
-1
9
38
42
33
37
26
29
43
51
59
71
46
45
15
-2
12
-9
33
33
41
54
20
29
7
-10
3
-23
1
31
60
114
110
90
39
-37
-85
-111
-124
-99
-87
-71
-53
-91
-91
-123
-158
-137
-157
-114
-96
-102
-43
-63
-36
-46
-75
-43
-52
-1
22
37
62
27
9
-14
-34
-49
-66
-103
-128
-115
-91
10
64
107
97
3
-3
-69
-17
52
89
195
195
247
267
239
239
157
121
115
111
189
227
270
265
208
129
46
2
7
72
111
189
179
192
190
157
231
214
266
297
259
291
217
192
179
120
183
146
123
61
-96
-201
-342
-408
-420
-393
-365
-346
-415
-505
-632
-795
-816
-829
-677
-420
-186
177
345
380
293
-39
-189
-357
-256
3
163
337
169
-21
-320
-548
-672
-729
-661
-565
-366
-228
-102
-144
-273
-425
-533
-453
-219
116
525
793
985
1009
899
820
651
697
725
844
913
867
783
523
283
12
-166
-254
-255
-142
14
180
308
319
337
306
364
477
617
813
895
1029
1071
1111
1116
1029
914
725
545
384
209
27
-195
-417
-626
-804
-979
-1171
-1372
-1625
-1735
-1752
-1565
-1285
-1056
-839
-718
-581
-441
-343
-284
-289
-319
-252
-125
103
267
254
139
-120
-437
-705
-929
-993
-976
-960
-931
-1036
-1137
-1274
-1315
-1201
-969
-649
-300
95
495
841
996
1049
1012
1063
1240
1508
1839
2051
2076
1885
1525
1160
821
530
384
289
295
298
243
195
68
-39
-139
-141
44
343
712
1090
1374
1567
1620
1541
1528
1518
1609
1670
1623
1526
1232
877
447
-48
-518
-1048
-1506
-1797
-2012
-2073
-2200
-2315
-2368
-2351
-2218
-2037
-1803
-1544
-1181
-845
-391
-115
66
126
51
124
142
187
160
-71
-307
-625
-941
-1049
-1234
-1178
-1218
-1250
-1254
-1401
-1443
-1603
-1632
-1609
-1423
-1106
-615
-57
524
1082
1494
1815
1948
2016
2115
2275
2438
2557
2420
2215
1797
1376
1017
620
342
-31
-244
-373
-371
-311
-306
-280
-253
-148
7
231
532
838
1063
1210
1290
1426
1565
1759
1931
2006
1942
1634
1306
926
654
365
60
-241
-614
-983
-1466
-1914
-2321
-2602
-2719
-2662
-2397
-1939
-1583
-1217
-1063
-919
-714
-647
-339
-153
231
523
735
836
638
312
-167
-561
-745
-843
-926
-1059
-1256
-1300
-1478
-1537
-1791
-1829
-1734
-1498
-1089
-869
-657
-745
-649
-467
-22
346
655
910
1196
1527
1690
1681
1484
1309
1082
1105
1173
1358
1237
996
710
446
303
123
65
74
193
301
475
587
740
708
702
825
1038
1245
1418
1595
1794
1958
1949
1965
1868
1857
1717
1539
1313
937
472
48
-113
-170
-381
-864
-1513
-2132
-2451
-2572
-2397
-2182
-1995
-1904
-1822
-1520
-1163
-849
-752
-755
-792
-648
-285
196
609
722
404
-94
-708
-1079
-1179
-1357
-1301
-1473
-1517
-1549
-1752
-1891
-1962
-1781
-1581
-1385
-1180
-747
-412
-24
233
424
519
408
445
847
1431
1801
1767
1322
1245
776
556
366
289
600
435
546
526
526
476
243
279
727
946
1089
1056
1174
1431
1407
1470
1448
1528
1459
1476
1507
1864
1865
1726
1451
1220
1291
990
1102
999
975
756
239
-111
-409
-627
-756
-975
-1160
-1281
-1559
-1525
-1485
-1447
-1611
-1811
-2008
-1785
-1393
-975
-607
-731
-677
-979
-891
-752
-476
-56
-26
133
-115
-272
-472
-746
-940
-1034
-1299
-1422
-1434
-1194
-776
-750
-777
-995
-1042
-1041
-735
-492
150
348
402
450
431
719
405
620
533
941
853
825
988
826
825
8
-325
-383
-282
-137
43
316
654
352
353
206
288
302
127
683
1040
1827
1723
1690
1529
1460
1374
1392
1839
1971
2179
1849
1751
1649
1432
1256
956
751
798
439
406
222
8
-236
-879
-1081
-1471
-1392
-1321
-1221
-1265
-1441
-1573
-1784
-1545
-1388
-1127
-1100
-1094
-714
-555
-171
-287
-544
-706
-886
-422
-85
242
47
-692
-1301
-1716
-1740
-1314
-743
-243
-272
-646
-1224
-1289
-1206
-867
-458
-503
-112
-435
2
197
341
346
-244
-83
110
924
1456
1602
1564
1123
642
169
34
396
290
652
484
527
611
154
221
-369
-62
14
134
407
530
731
336
137
205
436
840
840
885
1208
1265
1081
645
641
1004
1220
1197
1799
1799
1646
1179
570
853
571
397
313
245
809
570
49
-164
-791
-815
-1472
-1204
-811
-646
-438
-803
-517
-712
-965
-1279
-1259
-912
-520
-370
-187
-179
-309
-685
-680
-795
-550
-573
-1062
-632
-1078
-774
-1060
-1318
-1044
-1489
-1337
-1569
-1740
-1055
-1135
-706
-881
-1096
-781
-1436
-501
-29
436
662
312
330
395
199
3
-231
-446
366
650
1017
1518
674
-61
-777
-1056
286
156
709
346
-153
467
-38
555
579
611
600
-21
558
1185
1368
1538
719
821
293
276
558
1131
1996
1653
1241
274
724
529
1246
1543
1803
2372
1730
1993
1931
1879
1585
457
464
992
1146
1820
1086
1216
533
-130
-63
-265
391
275
113
-248
-353
-806
-1180
-1583
-1779
-1785
-1807
-1356
-916
-600
-644
-1495
-2019
-2179
-1497
-529
-852
-714
-1482
-1810
-1854
-2324
-1676
-1638
-1805
-1827
-2392
-2200
-2439
-3140
-2704
-2238
-1117
-364
-568
-282
-589
-997
-851
-1012
-245
23
-150
327
324
606
531
175
713
570
254
-108
-528
89
223
351
252
26
-268
-352
-222
610
1138
884
750
347
859
1002
1437
1686
1550
1419
851
446
448
308
382
8
-286
114
-345
-328
-666
-698
-508
-344
253
1317
2294
3173
3954
5007
7136
8285
7958
6850
5598
4322
3320
2304
2477
1930
1023
187
-868
-1035
-1854
-2557
-2977
-2534
-1837
-1308
-794
379
1028
1069
854
344
271
24
174
503
694
525
-53
-1208
-1415
-2234
-3355
-3799
-4573
-4664
-5595
-6179
-6006
-6171
-5466
-4646
-3984
-3104
-2695
-2517
-2880
-2929
-1963
-835
93
699
764
254
-352
-2030
-3061
-3346
-4192
-3507
-3256
-1999
-771
-1373
-725
-1251
-943
631
1975
3349
3066
3369
4739
5316
5392
4612
3569
2674
1396
1132
1971
2743
2364
1087
-422
-956
-1777
-2208
-1725
-1264
-184
-467
-425
-65
304
1021
676
766
1510
1479
1987
2333
2737
3106
2038
1423
667
429
183
-23
-67
49
-253
-395
828
2229
3841
4288
5133
5443
5000
4869
4260
3807
3396
2531
2422
2299
1997
1994
534
288
-135
-613
-535
-585
211
540
867
1014
803
458
69
-322
-320
-393
-465
-990
-1336
-1592
-1950
-2012
-2135
-2536
-3883
-4466
-5134
-5248
-4920
-4917
-4668
-4748
-4415
-4482
-5269
-5276
-4466
-2787
-1637
-1446
-943
-1229
-1160
-1988
-2134
-1591
-2849
-4503
-5417
-4171
-3202
-4313
-5604
-5546
-5361
-4684
-3984
-2512
-525
223
999
1578
2496
4908
8039
11241
12317
8189
3638
1130
1201
2933
3087
4234
3730
1075
-125
-991
-250
-1282
-4077
-4728
-4641
-2441
-609
915
3062
3102
1374
-444
-905
1138
3401
5163
6706
6471
5558
3523
2108
1520
981
-163
-1070
-1059
120
1229
917
1498
1492
1606
1743
1555
3050
4425
4815
5343
4374
4300
3704
2520
2926
2881
3647
3497
2982
2806
2280
1523
751
13
-110
-339
-652
-936
-1454
-1935
-2979
-3809
-4297
-4468
-4416
-3572
-2903
-1866
-2373
-3352
-4238
-5152
-4338
-3350
-2033
-1789
-2011
-1953
-2020
-2352
-2971
-3301
-2662
-2385
-2082
-1567
-392
-674
-2427
-3978
-5164
-4969
-6441
-6637
-5988
-5649
-5698
-6335
-6372
-5585
-4693
-3618
-2287
-735
1618
3609
6280
6916
5325
2051
962
3559
7080
8997
8147
6013
2946
548
-732
-441
187
-1
-1189
-1048
-20
992
486
-320
-787
-1599
-1897
-1600
868
3419
5447
5383
4261
2782
1834
1792
2285
3576
4223
3652
2655
1866
910
229
-743
-781
-483
997
2568
4302
5528
5238
4017
1399
997
1785
3322
4871
4555
4154
2936
1751
1897
1588
2150
1700
1276
2125
2297
2632
1370
-182
-1548
-2740
-2734
-3080
-3442
-3328
-3913
-3841
-4215
-4725
-4007
-3989
-3188
-2941
-3559
-3505
-4019
-3555
-2802
-3062
-3319
-4070
-4358
-4138
-3878
-3143
-1847
-1267
-1785
-1254
-1244
-1538
-1889
-3561
-3419
-4351
-4912
-4328
-5224
-4562
-6066
-6953
-6446
-5635
-3506
-2985
-1394
-76
806
2190
2075
2684
2288
1198
1821
2743
5808
7582
7972
7206
4738
3128
1347
993
1602
2572
2666
2154
1917
1505
1078
98
-660
-1168
-1373
-775
132
1838
2755
2788
2330
1185
1544
1502
2609
3703
4170
4532
3250
2492
1450
1529
1542
1375
2131
2927
5211
5592
5030
4032
1383
993
211
1352
2903
2337
2915
1200
1225
1519
1230
2536
2435
3448
3352
3247
3645
2798
2203
97
-2028
-3564
-4420
-4164
-3891
-3584
-3599
-4235
-4975
-5204
-4416
-2909
-2360
-3436
-4444
-4551
-3548
-2459
-2500
-2240
-2688
-3224
-4157
-3819
-2560
-1743
-273
-408
-105
-1389
-3153
-4369
-5199
-3465
-3260
-4053
-4314
-4573
-5195
-7115
-6857
-6568
-6319
-5649
-5450
-1419
332
1437
1374
262
1110
-754
-504
2942
7437
10142
9890
8762
6470
3549
970
169
1199
1726
2755
2561
2967
3004
740
-1166
-3318
-2908
-2939
-1543
789
2614
3854
2579
1492
25
-309
517
1571
3886
5759
6039
5201
3539
2627
759
-121
-506
-67
1664
2060
2692
2795
3432
3486
2853
2022
1790
2252
2292
3415
4061
3815
3343
1684
2093
3141
3717
4796
4228
4464
4117
3419
3252
2276
1095
-272
-2126
-3076
-3597
-4248
-4125
-4890
-4911
-4851
-5387
-4527
-4095
-2688
-1924
-3350
-4239
-6130
-5340
-3974
-3118
-1255
-2200
-3161
-4356
-4974
-3639
-3332
-2399
-2337
-2336
-1811
-3095
-3032
-4266
-4155
-4535
-4495
-3016
-3167
-2763
-4087
-4368
-5771
-5520
-3676
-3539
-1858
-1674
-1877
-167
-328
1747
1996
1769
4388
4440
7640
7378
5616
4284
1923
1859
1703
2301
3681
3293
2590
2422
1034
1104
-280
-692
-193
-162
591
834
546
1322
400
-503
-270
-1129
1076
1416
3271
4354
3569
3644
2303
2299
2187
2155
1918
1254
641
492
489
1506
2975
4550
5707
5624
4524
4157
3842
3693
4237
3265
4183
3454
3438
4217
3040
4089
2565
1616
2064
1442
2739
2655
1915
2300
145
-719
-1598
-2680
-709
-1682
-1149
-1593
-2923
-2767
-5059
-5147
-4700
-4098
-3070
-4339
-4763
-4932
-6438
-6500
-7610
-6467
-5118
-5005
-5178
-4649
-4085
-4305
-2529
-3483
-1172
-2005
-3357
-3117
-5910
-4502
-5237
-6987
-6461
-8596
-8598
-8468
-8671
-4565
-5113
-3692
-5222
-6182
-2583
1295
10931
16629
17727
13155
7624
4614
3657
4019
5642
6532
4952
3773
1998
1693
728
-2772
-5088
-6405
-6405
-3963
-2882
988
2421
1967
360
-2355
-1489
-498
3102
5681
8408
9089
7492
6106
4687
4291
3055
1752
921
760
273
-946
-2639
-4516
-6863
-7352
-6146
-2579
1089
3776
5791
5832
6881
7302
8716
9889
10432
10559
9526
9254
7871
6631
4648
2503
1180
256
119
453
87
-354
-1162
-2489
-2413
-2721
-1892
-1226
-683
-410
-599
-1357
-1856
-2214
-3065
-2602
-2926
-2081
-2044
-1663
-2509
-4087
-5168
-6822
-7999
-8623
-7812
-6702
-4575
-5055
-5623
-6417
-7372
-6551
-5645
-3384
-545
-1395
-1949
-3787
-6143
-6498
-9213
-7303
-7747
-7764
-6064
-6223
-5664
-6161
-7153
-6294
-4918
-3385
3712
9518
17566
18667
13258
10456
4977
3581
2886
3319
7393
6654
5530
4982
2107
2167
-2549
-5805
-5919
-6035
-2768
-1311
1322
3878
2546
30
-1759
-2687
249
2313
5906
9325
9677
9938
6866
5240
4396
2545
1426
914
624
811
-1442
-3125
-5067
-7196
-5948
-5523
-1645
2014
3694
5587
5134
6341
7893
7848
9531
9288
9147
9459
7599
7618
5453
3430
1485
-515
-207
-431
-151
-207
-848
-1577
-2812
-3521
-3025
-2655
-1305
-1086
-877
-1065
-2207
-2554
-3995
-4062
-4582
-4131
-2878
-2185
-2617
-4663
-5729
-7105
-7160
-6284
-5138
-3750
-4194
-4897
-5804
-5828
-3790
-3847
-3828
-3437
-3341
-3237
-4984
-4902
-4792
-4834
-4835
-5489
-6108
-7265
-7455
-8412
-9614
-9532
-9161
-8038
-5990
-4607
-478
7629
17647
20704
15057
10394
5103
3505
3038
5112
10187
9380
7230
3344
2167
2972
-847
-4380
-5334
-4768
-2601
-2260
-65
3327
2901
1042
-2678
-3659
-1435
342
4293
8377
9707
10165
6791
5845
6190
5108
4676
1759
2122
1641
-58
-1487
-4621
-6817
-8171
-8290
-3989
403
3832
5336
4061
5463
6027
7757
9286
9468
9615
8845
7833
7419
6467
5149
3030
684
701
410
1132
1206
965
293
-830
-1922
-2369
-2039
-1532
-1310
-1914
-1968
-2798
-3694
-4552
-4932
-5645
-5010
-4474
-3601
-2612
-3017
-2161
-2790
-3374
-4581
-5983
-5462
-6242
-5437
-4693
-5198
-4632
-5274
-5658
-6512
-4664
-2739
-2747
-3264
-5622
-6325
-8350
-8747
-8583
-9250
-7642
-9596
-9638
-8415
-7640
-4832
-5016
-3051
-1733
4072
15295
19637
18157
13415
8506
5467
2282
2703
6783
6671
6314
3439
2696
3834
-311
-3433
-6029
-6090
-4242
-4202
-1399
2480
2900
2571
-1618
-2622
-1649
-629
4124
7308
10787
11303
8557
7476
6725
5828
4782
1901
2172
1374
13
-1641
-4748
-6385
-7766
-6743
-4136
149
2510
3933
4144
5045
7035
8313
9450
9835
9482
9124
8692
7888
7739
5614
3780
1410
554
627
804
1446
1098
455
-1091
-2352
-2991
-2852
-2594
-2486
-3144
-3013
-3798
-4038
-4998
-6024
-5572
-5750
-4268
-3663
-2758
-1592
-2320
-2974
-4482
-5880
-5784
-6728
-5244
-4549
-4688
-3549
-5046
-4630
-4016
-4548
-4870
-6672
-7546
-7172
-7479
-5800
-4489
-5947
-7683
-11361
-13516
-11509
-10210
-7963
-5625
-5218
-3159
-3036
1681
14406
21424
20424
12979
6797
7277
5328
6901
10932
10858
9191
2671
328
2896
1550
-396
-4578
-5694
-3763
-5985
-3401
-122
2201
3146
-2245
-3332
-1706
341
4907
6828
10172
11225
7655
7571
7198
8390
7579
3709
2665
1551
722
-1422
-3899
-5522
-7453
-8164
-5219
-107
3651
4146
3343
3309
5320
7450
9192
10416
10025
9564
7460
7759
7932
6831
4730
1164
346
-133
161
1286
1088
652
-1491
-4324
-4687
-4860
-3281
-2652
-3449
-3721
-5270
-5834
-6428
-7222
-6690
-5979
-5349
-3864
-3315
-2606
-3334
-4945
-5370
-6659
-5930
-4900
-3551
-2514
-3700
-3714
-4491
-4677
-3757
-4363
-4677
-5769
-7416
-6845
-5604
-5305
-5034
-7332
-10235
-10640
-12474
-11288
-9223
-9636
-7001
-6872
-3646
720
5233
17764
22202
18910
13323
7106
7507
6406
7537
12099
10760
9325
3856
883
2999
-1062
-3869
-7057
-7056
-4295
-5331
-2977
-5
704
824
-3012
-3590
-398
1487
6036
9100
11908
12768
9041
7288
6779
6672
6487
3458
3334
2696
-179
-2478
-6293
-6482
-6955
-5709
-2654
-534
1729
2064
2387
3678
5972
7089
8561
8850
9153
9985
9006
8857
7805
5925
4929
2685
1552
1449
687
1935
1081
-31
-1568
-4019
-4720
-4483
-3420
-2485
-2177
-3960
-4173
-6288
-7157
-7015
-7573
-5047
-5112
-4792
-3730
-4223
-3357
-3690
-4923
-3817
-5727
-4937
-3935
-3892
-2124
-4298
-4661
-2957
-4387
-3979
-4232
-8239
-5604
-10036
-9289
-5525
-9584
-6367
-10647
-12353
-10559
-14244
-9475
-6711
-5831
-1053
-2888
5129
16702
22888
23088
15033
10525
7809
5001
6766
12071
11899
10650
2793
854
1453
-3116
-4965
-10000
-7954
-6225
-7273
-3423
-289
1671
1966
-3444
-2981
-1349
1169
6555
9682
13880
13809
10629
8432
7993
6837
5534
1809
1790
1756
-37
-2016
-5700
-6604
-7444
-7136
-4633
-2022
1222
3284
2662
5546
6747
8547
9033
8387
10265
9802
9587
8792
8089
7163
4816
2285
1003
875
627
-234
-24
-772
-1051
-3402
-4624
-4125
-4212
-2767
-3302
-2675
-2278
-3704
-5776
-6851
-6932
-5341
-4825
-4056
-2810
-2892
-3229
-5818
-8128
-7188
-6241
-5787
-4212
-3286
-2406
-4175
-4862
-6122
-6389
-5851
-6681
-4746
-2891
-3924
-5190
-5901
-8452
-11197
-15055
-15647
-15218
-13233
-9745
-6026
-2701
-1214
2325
11617
21602
20241
15293
12356
11600
10646
9697
12361
13182
9776
5087
1922
2618
1289
-4014
-7742
-8870
-7690
-8784
-7867
-3935
-228
716
-1598
-3101
-1187
1873
4102
8393
11668
13586
12785
11388
11975
11664
9271
5182
2241
1318
-200
-2879
-5069
-7092
-7837
-7869
-7095
-4646
-2430
-691
487
2252
6149
8967
10311
11281
10970
10865
10021
8761
8741
8509
7577
5647
3444
2701
1655
-171
-1318
-2570
-3204
-3886
-4781
-4680
-4533
-4579
-4536
-4642
-3942
-3599
-4823
-5005
-5571
-4610
-3444
-3458
-2301
-2651
-4037
-6273
-7185
-6700
-6240
-5517
-5813
-5800
-5413
-5675
-6569
-7675
-6289
-6705
-6682
-5288
-5172
-4948
-7588
-7578
-8041
-7384
-6491
-9068
-9797
-11392
-11138
-8904
-6921
-3043
-425
6171
18866
24966
21749
14282
9653
8042
6488
6311
10927
12068
9274
5458
1842
2975
-2759
-8422
-11244
-10250
-6167
-5584
-3087
1109
2396
1172
-2346
-3754
13
2504
7552
11495
14232
14438
10788
8097
7576
7154
5256
3086
1741
2309
-582
-3662
-6868
-8743
-8675
-7885
-5023
-1419
1093
2605
2928
4590
7857
9745
11476
11304
11996
11341
10507
9172
8356
7697
5431
3967
2295
1795
823
-910
-2239
-3280
-4578
-5260
-6268
-5198
-4753
-5065
-4769
-4660
-3353
-3782
-5089
-4900
-4121
-2903
-2329
-3298
-3148
-4354
-5213
-5908
-7226
-7351
-7120
-8478
-7847
-6760
-8046
-8586
-10838
-10678
-8487
-6398
-3813
-4532
-6475
-6531
-8024
-6352
-7101
-8524
-7470
-9581
-9063
-8621
-5868
-2041
-1021
2073
12311
22240
23594
16003
10409
10607
8568
6106
7702
11652
11771
7478
2151
3124
752
-4788
-9897
-11055
-6200
-5902
-5360
-1652
2711
3935
35
-4145
-2265
734
4946
8977
13028
15995
12889
9013
6999
6993
6207
3224
701
1691
1030
-876
-4212
-5737
-5332
-6752
-7179
-5924
-1930
905
2233
3558
6493
9173
9852
9817
10905
11747
11319
9883
9493
9810
8202
5760
2855
2133
703
-968
-2381
-3781
-4008
-4910
-5360
-5663
-5908
-6562
-7370
-6474
-4811
-2667
-2285
-2835
-2443
-2807
-2331
-3007
-3927
-4010
-5131
-5290
-5831
-6136
-5982
-9462
-10827
-11025
-10894
-8700
-9118
-7652
-6709
-7155
-6925
-8443
-9738
-10154
-10350
-8138
-5396
-5376
-7441
-9238
-9394
-7825
-5675
-3527
161
5314
17878
27054
23960
17915
10394
7044
5300
4505
10837
12512
11241
8739
4692
5713
-463
-8277
-12014
-12666
-7885
-5709
-3083
1945
3071
1865
-2205
-6305
-2906
867
6549
12954
16152
17703
13371
9050
7546
6138
5039
2263
869
2086
262
-2309
-5209
-6803
-6878
-8751
-7746
-4735
-1188
2000
2118
2855
5043
6485
8175
9795
11853
13412
11868
10585
9953
8025
7126
4545
3483
4197
2613
2215
-290
-2350
-3885
-7475
-7589
-7652
-7400
-6225
-7288
-6233
-5517
-5812
-4955
-4321
-2032
-1038
-1507
-813
-1048
-400
-176
-3216
-5091
-7114
-10172
-11054
-10590
-9585
-9041
-9823
-9353
-9687
-10301
-10277
-13435
-12721
-11204
-11161
-8628
-8482
-9582
-11160
-12922
-10466
-7314
-3926
592
3710
16655
28486
27260
21815
14746
12350
10102
6671
11716
15086
13509
10121
3082
4108
720
-7987
-11088
-13443
-9474
-8428
-8402
-1964
747
1253
-1532
-6486
-2756
572
5389
13111
16794
20469
17419
12610
11267
8937
7095
3883
1294
3302
1712
-1676
-5036
-7973
-8426
-11786
-12430
-9753
-5929
-2030
-113
1183
4235
5767
6123
8006
10201
13399
13572
13085
13958
13093
11200
7704
4644
4763
3410
2382
798
-1129
-1912
-5065
-6762
-7949
-8615
-8785
-10105
-9956
-8297
-7554
-6603
-5581
-3815
-1446
-900
-632
-580
436
1470
-485
-2124
-2936
-3905
-4301
-7244
-9400
-10649
-11955
-13265
-14508
-13464
-14205
-15982
-17127
-15672
-12640
-12159
-11880
-13197
-13280
-13089
-14093
-9866
-5244
1626
8247
20179
32296
28700
21906
14120
11743
11358
8895
14025
17126
16086
11533
4817
3882
-1006
-9680
-14290
-15676
-11598
-9583
-7879
-2860
101
-560
-4427
-7897
-4332
1544
7288
15041
19409
22310
19713
14868
13352
11460
9686
6461
3920
4778
2595
-1739
-6566
-10492
-11825
-14563
-14571
-11726
-7225
-4125
-2585
-1128
1214
4274
5585
7729
10737
14063
15274
15161
14714
13883
11526
8836
7540
7309
7124
4718
1654
-1349
-4327
-7134
-8817
-8610
-8111
-8792
-9087
-9427
-8437
-6835
-6821
-6392
-5577
-4371
-2711
-1018
855
1894
1303
974
-168
-837
-1351
-3724
-5912
-7694
-9088
-10586
-12184
-13307
-13795
-13956
-14188
-15358
-16397
-16631
-16882
-15624
-13725
-13794
-13530
-12017
-9708
-4739
-567
4285
13349
24445
30528
24990
18502
15365
12993
12064
12477
16472
16582
11734
6004
3748
2606
-3362
-10453
-14495
-12943
-11704
-10494
-6921
-3136
-600
-3133
-5994
-4881
-935
5289
10305
16510
21260
20651
19261
16210
15306
13820
9272
6425
4480
3499
-31
-5851
-9513
-12729
-14424
-14305
-13791
-10165
-7368
-5827
-2986
-772
2731
5641
6324
9582
11896
14382
16454
14953
15544
12635
9859
8169
5990
7581
6367
4366
1811
-2427
-5010
-8097
-9863
-9256
-9603
-9362
-8950
-8523
-6874
-6087
-5994
-5440
-4236
-2068
140
953
2850
2873
1606
1799
-81
310
-1454
-5211
-6870
-10471
-9949
-9449
-10175
-9236
-12079
-14358
-16275
-17759
-16465
-16930
-17554
-16898
-16518
-15016
-12052
-9629
-6209
-4627
-4424
-902
4857
20660
32504
29706
24467
16259
12836
10012
6825
13306
13495
9766
5391
914
4694
-158
-7559
-11790
-15070
-12371
-12635
-8616
13
3645
3366
-1391
-4724
-695
3488
9068
15968
20048
22620
19859
17256
17001
13778
9783
4151
981
1880
-676
-3608
-7600
-10873
-12934
-16197
-15300
-12276
-8119
-5085
-3409
-325
2914
6136
7535
9295
12274
13535
14371
13292
13471
13021
10009
8002
5620
6027
5256
2838
653
-2753
-5094
-7595
-9268
-9105
-8878
-8801
-8768
-8488
-7575
-6120
-5119
-4183
-2718
-1267
1469
2341
2484
2466
1357
2431
647
-1903
-3425
-5998
-5996
-7054
-6964
-7700
-10805
-11715
-14453
-14500
-13945
-14303
-14324
-16021
-16292
-17305
-15849
-13795
-13428
-11423
-11046
-8125
-3720
209
7359
16754
29593
31097
22497
17260
13317
13041
10529
10416
13873
10814
6220
1609
427
523
-6580
-13230
-14538
-12998
-10127
-7846
-3436
2220
2537
600
-1761
-1267
4851
8626
14256
20157
22255
22384
18334
16029
14201
9333
5455
1417
611
599
-3947
-7936
-11957
-14320
-15702
-15272
-11630
-7932
-4690
-2937
-902
1888
5293
7370
9189
11276
12782
13728
13177
13293
12609
10573
8460
6163
5343
4247
2196
-273
-3038
-5151
-7571
-8682
-9153
-8764
-8107
-8357
-7895
-7662
-6415
-4628
-3398
-1172
477
1949
2518
1068
1509
2621
3123
1057
-2026
-3425
-5246
-6623
-7476
-7874
-8614
-9872
-12282
-13010
-12767
-13257
-13383
-15485
-15735
-16085
-17515
-16500
-14824
-12438
-10808
-9776
-6919
-3068
1549
10263
22782
29793
25637
18308
14603
14011
12738
12355
14828
13552
9026
2780
600
645
-4482
-10261
-15019
-15030
-13153
-11712
-7132
-1854
554
27
-2539
-2390
2457
7002
13026
18287
21942
23258
20047
18002
16645
13714
9638
4773
2355
1066
-2071
-5423
-8462
-10371
-12886
-15590
-15008
-11982
-8364
-5481
-2895
-49
3500
5375
6381
9185
11194
13021
12779
12607
13848
12705
11361
8569
7306
6654
3966
1291
-1833
-3563
-5607
-7643
-8814
-9154
-9329
-9685
-9739
-9311
-7683
-6435
-4790
-2583
-292
1172
1018
252
1301
2730
3725
3323
329
-957
-2853
-5300
-7014
-8053
-8155
-9604
-12043
-12826
-13549
-14932
-15926
-17979
-16616
-17184
-17959
-16435
-15882
-12654
-11445
-9320
-5766
-3123
3561
15100
25288
27524
22732
18011
16061
13331
12587
14695
15900
14114
8031
3907
2575
-1726
-7695
-13523
-15356
-14454
-14289
-11859
-7157
-2971
-1110
-3489
-4461
-1727
2827
9227
14672
21028
23976
23305
21194
19443
17836
14306
9937
6380
5279
2246
-1743
-7489
-10810
-12633
-14712
-14309
-13284
-9843
-7570
-6209
-3263
326
3633
5227
5409
7999
10331
11775
13783
14093
14889
13039
9557
7650
6253
6159
4786
2487
379
-2896
-6556
-8868
-10095
-9771
-9817
-11085
-10140
-9610
-7379
-6071
-5386
-3176
-2219
-1314
-723
2060
4401
5833
4484
2497
984
-836
-1807
-4629
-4121
-5045
-8365
-9424
-13022
-13333
-14251
-17239
-15943
-17252
-16609
-17416
-18278
-15489
-16456
-15497
-14977
-12525
-5625
-1660
6600
19317
28794
27340
19014
15120
14102
13683
11220
15333
16975
14192
8649
2186
3222
-2783
-9415
-15568
-16964
-13065
-12833
-10631
-5862
-3076
-3005
-6104
-7356
-1542
3767
10280
15397
20869
24092
22491
20313
19114
18204
15080
11363
8074
8647
4951
-341
-5992
-10398
-11635
-15929
-16282
-14529
-11072
-7511
-6956
-3829
-540
2863
4500
5107
9006
11250
12756
13761
14750
15539
13234
9656
7565
7265
6756
5148
2577
326
-2180
-5613
-8295
-9650
-11372
-11818
-12839
-11793
-9292
-8054
-6252
-6324
-3722
-2436
-1220
95
381
2996
4201
5101
4136
3277
900
-185
-1665
-5228
-6456
-9590
-10138
-10261
-10067
-9359
-12626
-15149
-17926
-20429
-20113
-20304
-18176
-15141
-12199
-9980
-11151
-7750
-4531
710
12915
23376
26210
20834
16957
16044
15731
13768
13535
13638
10072
6737
2113
3273
1580
-5163
-10754
-16032
-15536
-15454
-13017
-7470
-3085
-849
-2587
-4672
-1790
2556
6988
12443
16650
21500
22155
21336
21162
19560
16655
11883
7301
7092
5742
1373
-2545
-7877
-9542
-12562
-14479
-13243
-11808
-8670
-8488
-5792
-1697
1919
5706
5560
8498
10592
11896
13416
13584
15670
13749
11253
8511
7409
6968
4831
2703
200
-1868
-4259
-7236
-8826
-10043
-11922
-12624
-12894
-10255
-8166
-6420
-6312
-5216
-2980
-1451
-31
1248
3190
3275
3920
2232
2774
1522
-811
-1839
-5370
-5139
-7744
-10116
-8559
-9910
-10798
-14820
-15355
-15445
-17904
-16664
-18794
-16129
-15818
-15812
-13738
-12308
-8528
-7111
-2654
7160
20703
27123
22502
18145
15546
14274
12612
10915
16231
14182
9473
4151
2132
4135
-3254
-9281
-14873
-15265
-14288
-14372
-9449
-3356
-258
-1886
-5382
-3925
793
5338
10564
15153
20151
21849
20498
19632
20171
17471
13321
7580
6049
6623
3663
-22
-4454
-7471
-11713
-14799
-15399
-12578
-9294
-7482
-5623
-2466
968
4627
5746
7310
9971
11311
12890
13380
15049
14421
12514
9022
7626
7283
5475
3731
716
-1259
-3340
-6072
-8227
-9457
-10112
-11065
-11510
-10667
-9418
-7622
-6913
-5176
-3573
-2174
-905
356
2849
4367
3798
1998
902
207
-1127
-2801
-4360
-4112
-2946
-6520
-9367
-11356
-12720
-14317
-15711
-13576
-12523
-13149
-16078
-18073
-16242
-15349
-16926
-16003
-13005
-7581
-3393
578
9430
21052
26716
21816
15025
13199
13174
12091
12973
16521
17233
10286
3664
448
618
-3667
-10698
-14034
-13418
-10996
-11276
-8841
-4738
-1989
-3797
-5311
-3702
2267
7352
11362
16056
20039
21892
19189
18310
17881
16945
12889
8852
6879
6155
2414
-2986
-7317
-10079
-11584
-13291
-11669
-10231
-7720
-6855
-5950
-2783
418
4133
5766
7391
10920
12457
14071
14380
13980
13417
10019
8374
7452
7949
7129
4245
1515
-1512
-4871
-7710
-9784
-9911
-10398
-11184
-10906
-10439
-8177
-7389
-6809
-5609
-3800
-1999
-14
806
2180
2539
2372
2670
1294
1532
-152
-2056
-4744
-7446
-8367
-9746
-9956
-10405
-11060
-11584
-13869
-14970
-15424
-14802
-16047
-16961
-16689
-17318
-14177
-13490
-9967
-5915
-4152
1692
12295
24949
27197
19649
15733
13125
12298
11742
12553
17736
13508
8259
3157
2165
1271
-6746
-12032
-14254
-12949
-12594
-11419
-6980
-1661
-1768
-4443
-6458
-3162
3169
8232
13999
18502
21192
19650
17990
18290
18905
16201
11659
7688
7119
4991
508
-3351
-7222
-9741
-14039
-14789
-12760
-9922
-7125
-6557
-4246
-1450
1326
4701
6464
10673
13244
13934
14510
13748
14059
12349
10545
9259
9076
8048
5807
2582
-644
-3204
-6480
-8479
-9242
-9546
-9472
-9801
-10105
-9520
-10199
-8967
-7369
-5201
-2696
-1451
617
1474
1496
1360
1478
1928
2590
1292
102
-2173
-6337
-7735
-10005
-10597
-9487
-10999
-10968
-13101
-13871
-13096
-15240
-14991
-15747
-16694
-16424
-17177
-14669
-10620
-8348
-4414
-2882
4633
18357
24455
23176
17895
14785
13394
10781
10726
16188
15510
11137
4999
2253
4279
-2708
-8142
-12427
-13229
-11883
-13600
-9722
-3555
-1529
-2307
-6278
-5989
-423
2837
9214
14288
19205
21189
17977
18092
18618
17295
14028
8416
7139
6561
2876
-449
-5077
-6730
-10150
-14000
-13675
-11632
-8044
-6442
-5409
-2214
-62
3016
4881
7055
11354
12404
13915
13984
15126
14750
12814
10550
8949
9047
6764
4859
1703
-639
-3196
-6374
-7954
-8660
-9850
-10527
-11733
-10672
-9591
-8706
-6448
-6478
-3985
-2845
-1697
-33
-86
1379
2609
1333
1439
395
-1057
-933
-4362
-5378
-6426
-8192
-8876
-12590
-12968
-13103
-14396
-14232
-15532
-14309
-15853
-15957
-16841
-18580
-15840
-14962
-11055
-6301
-1379
6168
18457
26807
23825
17676
13342
11977
11501
11565
16915
17853
13347
8096
2917
3974
-1903
-8392
-12575
-13723
-10859
-11903
-8791
-4531
-2620
-3916
-7946
-7914
-3027
2387
8372
13572
18715
20530
18211
16946
17734
16936
14130
10184
7951
8224
4644
-182
-5548
-8761
-11208
-13269
-13371
-11021
-8488
-7834
-6721
-4061
-751
2397
4400
5776
10574
12404
14751
14693
14696
14705
11484
10722
8992
9747
9257
6393
4058
699
-2723
-4754
-8004
-8154
-8562
-10119
-9208
-10004
-9042
-8347
-8926
-8028
-7145
-4741
-1205
264
1982
1661
1914
2036
799
663
-377
-1710
-3172
-5390
-6879
-7187
-7959
-8264
-10479
-12076
-12873
-14087
-14019
-12856
-14794
-15164
-16152
-19219
-16429
-14191
-9968
-6873
-6284
-2959
1132
11675
25080
25316
21661
16671
11519
12988
10691
14779
17028
11642
8016
1879
2004
1704
-5184
-8175
-11154
-11979
-11734
-12001
-6680
-2255
-2113
-3369
-5640
-3684
1837
5194
11312
15365
17299
17982
16587
17764
18077
14712
10427
6320
3919
3360
-1942
-4942
-8733
-11995
-12326
-12722
-9185
-8275
-7094
-6746
-6102
-1725
1988
6406
9297
10475
13148
13673
13845
14186
13043
12289
10651
9210
9556
9297
7180
4648
189
-3140
-5639
-8065
-8015
-8158
-7796
-7519
-9321
-9621
-10110
-9471
-7040
-6181
-2746
-818
939
2291
1570
1512
205
-1173
-2066
-2363
-2402
-2404
-4129
-4692
-5721
-7313
-9555
-13726
-13392
-13027
-13881
-11804
-12633
-13596
-13938
-17079
-15192
-14642
-15341
-13291
-11706
-6428
-2130
2440
14816
25905
25715
20322
14235
12831
12938
10268
14543
16032
13174
9086
2241
4269
1374
-5296
-9572
-14187
-11142
-11722
-10683
-5330
-2993
-1068
-3864
-6238
-2232
896
5620
11043
15152
19586
18472
17113
16743
15878
12876
8697
5937
5319
3544
-1267
-5415
-9531
-11490
-13458
-13118
-11028
-9056
-6674
-6427
-3966
-482
2226
6007
8042
11362
14179
15009
15429
14356
14190
12316
10985
9838
9351
9004
6040
3622
660
-2480
-4368
-7284
-8121
-7952
-8326
-7774
-8728
-7943
-8433
-7809
-6893
-5540
-2359
-1196
482
782
1175
809
50
301
-187
-1145
-3100
-5500
-6503
-7929
-8343
-9628
-10881
-10995
-12103
-10733
-10760
-11584
-12357
-14658
-16517
-16339
-16536
-14444
-11227
-10633
-7823
-6844
-5894
-1766
-142
6340
17432
23793
24068
18200
15405
13796
10773
9428
9903
10276
8121
3954
1742
3049
-448
-4988
-10235
-11776
-9979
-10529
-6786
-2233
1084
2581
-1191
-1743
997
3552
8909
11557
16122
18543
16781
16020
13550
11902
8126
2949
424
-640
-989
-3912
-7731
-9983
-11852
-11662
-10486
-7054
-4201
-2047
-1091
-248
3932
7511
10436
12030
12824
13980
13400
12766
13209
12592
12215
9357
6920
5398
3744
2492
-19
-1409
-3478
-5627
-7542
-8180
-7163
-6972
-7775
-7914
-7550
-5466
-3897
-2732
-1372
-363
286
-123
-143
-794
-407
-1667
-3099
-3700
-4553
-5113
-5886
-6990
-7942
-10140
-11327
-10573
-10547
-8448
-9344
-10861
-11652
-13442
-13066
-13019
-12961
-13170
-13008
-11012
-10874
-8528
-6048
-4793
-2154
-1453
2932
11406
22475
25877
20181
15754
10598
7553
5878
6641
11653
10154
7113
4201
2206
2442
-4451
-9246
-11140
-10336
-8050
-6607
-1362
3346
3789
1183
-1294
-670
3305
6718
11156
15755
18100
17161
13989
11506
9129
4598
322
-1669
-1132
173
-2339
-6057
-9313
-11843
-12466
-11050
-6814
-2728
-1067
955
1899
4963
8382
9676
11702
12133
13066
13731
13144
13820
12820
10254
8227
4050
3204
2124
1050
1155
-1625
-2365
-5146
-6757
-7243
-7628
-6144
-6572
-5471
-4101
-2515
-750
-765
-689
-1220
-1396
-1527
-388
409
-633
-1481
-4083
-5788
-5356
-6020
-6426
-7768
-8896
-9069
-11246
-11524
-12042
-11541
-11124
-10475
-7989
-7886
-8222
-10968
-13616
-14644
-15191
-13488
-9175
-5929
-4153
-2566
-2179
-852
-1055
957
11534
21134
21648
17150
13503
12640
10892
7621
9087
9740
6926
3825
993
4828
3698
-1627
-6298
-9628
-7906
-8943
-7211
-1212
3495
6078
4147
1356
3649
4132
6419
9192
11441
14663
12008
10536
9587
7943
4821
-573
-3459
-3350
-3758
-4664
-6264
-6239
-6183
-7452
-6668
-5791
-3511
-1526
-53
3583
7495
10451
12318
11932
13006
13244
12249
11092
9973
9918
8990
7309
4918
3155
1081
-852
-3086
-3867
-4475
-4479
-4818
-4760
-4024
-4317
-4631
-5255
-3268
-2056
-923
-999
-1653
-1380
-1905
-2409
-3086
-3580
-3401
-3301
-3442
-3772
-6051
-7842
-9529
-10789
-10532
-10624
-10580
-9630
-8326
-7326
-8524
-10673
-11826
-12649
-12145
-10832
-8741
-6041
-6113
-7373
-8220
-8073
-7165
-7525
-5060
-2358
1080
4059
8233
17816
22261
18729
12590
8376
7575
6982
6982
10647
10956
8280
3733
23
847
-1918
-5360
-7338
-6427
-3103
-2333
-282
3393
4390
3807
1206
530
3850
5909
7760
8786
9935
10511
7900
6011
5544
4428
2030
-1154
-2156
-1249
-1553
-4190
-6749
-7827
-7386
-5247
-2063
2234
3690
3126
3047
3907
7323
10344
11803
12964
12759
12171
10984
9175
7932
5517
3767
1740
600
565
-201
-417
-1648
-2382
-2947
-3922
-4077
-3318
-2325
-1560
-1472
-2182
-2163
-2061
-2085
-2078
-2800
-2580
-2604
-3444
-4043
-5251
-5438
-6404
-7911
-8635
-8747
-6860
-6745
-8873
-10024
-11771
-11452
-9256
-8895
-8482
-9774
-10264
-8210
-6728
-5198
-5027
-6350
-7610
-9515
-9419
-7586
-6890
-6668
-6231
-3556
-972
1667
8468
18651
22658
17158
11370
7222
6980
7294
8064
11949
10778
6812
1886
361
2426
-395
-4756
-6975
-6309
-3421
-2094
218
4125
4329
2428
-965
-1588
1746
4005
5389
7131
8656
9196
8099
6173
5812
3847
1249
-1160
-1023
1076
678
-1637
-4112
-5090
-4551
-3576
-2682
-440
1075
2227
2806
4591
7988
10149
10005
9564
9629
9737
8435
5807
5609
4538
3783
2453
1286
2104
1397
0
-485
-692
366
-319
-1694
-583
-1170
-1097
-2304
-3161
-1686
-2561
-2987
-3299
-4204
-3404
-4501
-4643
-3997
-5437
-6054
-7654
-8357
-7979
-8965
-7983
-7292
-8493
-8491
-10159
-10865
-10482
-9891
-7431
-4586
-3956
-4539
-6282
-7503
-7029
-8413
-8038
-7715
-7331
-6479
-7146
-6244
-3565
-3196
-1152
-437
6172
17213
17571
16648
12962
10440
9303
4928
6347
8936
7263
6519
2328
3843
5574
288
-1355
-4968
-4087
-4102
-4618
87
3535
4635
3572
-629
-930
-6
58
3293
5055
8592
8370
7110
6921
6255
4865
2210
20
741
2243
1178
-424
-2656
-3995
-4598
-3803
-1975
1092
1531
2429
2706
4374
7639
7850
8755
7632
7439
7542
6239
6727
6537
5992
5153
2574
2639
1869
1742
1645
557
1344
-29
-1004
-2281
-3154
-2472
-3160
-3154
-2985
-2952
-2042
-3389
-3713
-4032
-4529
-4736
-6247
-6118
-5831
-6617
-7528
-9402
-10103
-8860
-9037
-8730
-8871
-7883
-7106
-7430
-7519
-7555
-7432
-7258
-6403
-5244
-2458
-2566
-4592
-4956
-6471
-7294
-7036
-8837
-7272
-7356
-6513
-4034
-3836
792
5029
13292
18508
14229
11124
7499
5798
6956
6277
10281
10084
7378
6451
3725
5479
2696
-1567
-3542
-4274
-3133
-2468
-850
2626
3445
2025
-547
-3105
-1637
-422
1686
4254
7354
8477
7721
6972
7094
6156
3813
2219
1196
2758
2085
423
-1579
-3195
-4026
-3739
-2107
19
939
1491
2511
3120
5590
5842
6174
6176
6387
7025
6823
7192
6881
5988
4802
3757
3039
3346
2481
2443
1477
858
552
-977
-871
-1700
-1848
-2040
-2334
-2390
-2806
-3622
-4290
-4546
-4676
-4251
-4464
-4719
-5675
-6723
-7789
-8618
-9256
-8517
-7798
-6721
-6047
-7532
-7047
-7570
-7307
-6729
-5987
-4944
-4973
-3442
-1322
-1095
-1658
-3600
-6461
-5872
-6582
-5424
-4804
-4242
-3999
-6988
-8143
-9028
-7966
-5286
-2439
943
8297
14694
15754
11522
8910
7146
4833
4615
5486
10001
10788
9547
7176
6656
5300
265
-3553
-4042
-2448
-1827
-1217
401
2478
1289
-1057
-4673
-4824
-3304
-1277
2648
6897
9627
8694
7192
5445
5433
4259
3128
2791
3653
4626
3232
866
-1331
-3311
-4862
-3961
-1147
1996
2653
2373
1791
2186
3108
3102
3947
4800
6023
7135
7875
8629
7700
5170
2767
1265
1280
2190
3008
4264
4436
3126
724
-1868
-2837
-2916
-2130
-1939
-2063
-2348
-3717
-4485
-4788
-6169
-7322
-8974
-8947
-7285
-6893
-6363
-7409
-8007
-7902
-7519
-6658
-4757
-3714
-4025
-4401
-4899
-4092
-3630
-3099
-2482
-1811
-1493
-2221
-3450
-4603
-6789
-8044
-9660
-9846
-8048
-8318
-8111
-9078
-10791
-10690
-9758
-7044
-3054
2731
13660
19963
18361
14738
11024
8846
6700
6009
9906
12506
12213
10388
8020
8499
3316
-3199
-7289
-8059
-5956
-5239
-2619
874
2037
680
-3211
-5768
-3401
-1748
1897
5998
10075
12373
10997
9496
8554
7307
5172
3529
3101
4912
3779
938
-2340
-5150
-7266
-7604
-5676
-3309
-1290
662
1523
1893
3610
3427
4496
5112
6337
9201
10423
10570
9450
6820
5061
2934
1524
2419
2512
3413
2809
1329
403
-829
-1435
-2183
-3092
-3081
-3336
-3199
-2923
-3938
-4788
-6439
-8268
-8835
-8897
-7476
-6272
-6097
-5346
-5957
-6810
-6381
-6345
-5318
-3382
-3351
-2565
-2977
-2494
-1999
-3320
-2976
-4524
-5240
-4399
-4261
-3960
-4937
-7542
-9560
-12861
-13236
-12018
-11021
-9365
-9283
-8445
-7044
-4065
-1524
1809
8111
16542
19062
16463
14906
12997
12117
10415
9530
11071
9529
6868
4745
3994
4656
-750
-5564
-7798
-7828
-6106
-5663
-2694
245
992
121
-2051
-1913
508
1784
4831
7973
10747
11549
10126
9590
8187
6223
3746
1434
890
667
-914
-2852
-5128
-6802
-7209
-6394
-4183
-1195
314
1545
2036
1819
3993
4748
5971
8328
9282
11846
11701
10434
9147
5473
3803
1489
1246
2582
2481
3019
1803
447
-489
-2501
-3036
-3226
-3326
-2497
-2432
-2178
-2798
-4351
-6496
-7624
-8268
-8148
-7565
-6935
-4765
-4858
-5418
-6109
-6953
-5446
-4690
-3090
-1018
-1801
-1942
-3195
-3956
-3940
-5418
-5314
-5690
-5048
-4640
-4902
-4612
-6548
-8715
-9862
-10666
-10227
-8902
-7713
-6030
-5772
-5590
-4406
-3354
-1164
699
4826
13224
19815
19445
16420
12900
9543
7108
4823
7004
8042
6647
4949
2448
3571
1435
-3028
-5169
-6506
-4829
-4666
-3122
796
2420
2886
323
-1897
-786
303
2099
5011
7262
8788
7334
5731
5167
4312
3148
1123
515
886
696
-537
-1926
-3414
-4891
-5209
-3644
-798
1611
2124
2917
3356
4802
6782
6908
8059
7396
7306
7701
7208
7159
4986
2874
1147
-194
903
1932
2772
3089
2340
1696
428
-502
-1009
-1234
-1463
-2067
-2714
-3349
-4641
-5656
-6995
-7871
-8310
-8505
-7766
-6404
-4303
-3869
-3680
-4269
-4900
-4968
-5234
-4002
-3237
-3701
-3234
-4077
-4565
-3609
-4979
-4234
-2628
-3170
-3120
-5038
-7183
-8287
-9924
-9339
-8663
-7313
-7108
-7227
-7042
-6949
-4549
-3632
-1361
-467
698
6594
14323
19959
17231
13460
9686
5425
5562
4884
8720
9685
6686
5701
2674
3695
882
-3757
-4738
-5441
-4648
-3842
-2833
522
1662
-340
-2433
-4354
-2387
-362
1949
5775
7661
8042
6867
5761
6708
5453
4043
2392
1241
2684
1411
285
-1336
-3888
-5717
-6155
-4427
-436
2383
2818
3026
2593
3252
4896
5431
7211
7955
6871
8009
6950
7573
6210
3205
2519
814
2629
3242
3131
3950
2027
1147
55
-1438
-954
-2351
-2928
-3463
-4595
-4763
-5713
-6637
-7127
-7229
-7382
-6376
-5956
-4225
-2901
-3130
-2835
-4532
-4809
-4775
-4094
-1732
-2245
-2639
-3900
-5171
-4173
-4161
-3863
-3885
-4440
-4989
-5725
-6136
-6835
-7158
-7177
-7890
-7220
-6620
-6080
-6193
-7186
-6733
-7264
-6199
-4267
-1307
3430
10645
18123
17470
14092
10963
8196
8021
6499
8153
9843
8391
7306
4167
4437
2873
-1792
-4905
-7058
-5799
-5148
-3827
-1500
-440
-775
-2701
-4525
-3365
-1264
937
3963
6119
8164
8078
7427
7423
6961
5884
4120
2743
3287
3316
1606
-854
-3707
-6507
-9350
-9326
-7659
-3612
444
1746
2643
3473
4322
5314
5802
6370
7887
8804
10132
11145
11002
8763
5097
1824
979
1266
1971
2575
2549
2426
88
-962
-3024
-3983
-4212
-5678
-4751
-4359
-3450
-2991
-4329
-5069
-6106
-6476
-5733
-4480
-2651
-1990
-1682
-1934
-1658
-2314
-2652
-3311
-4375
-3170
-3354
-1930
-2356
-3450
-3155
-6212
-5334
-5087
-4968
-1068
-1685
-1519
-4381
-7187
-6181
-7971
-7119
-6380
-6008
-3619
-3477
-3425
-2852
-5005
-5984
-6531
-4549
-555
2075
7133
13903
16257
13668
9401
4653
3556
1797
2490
5711
6624
7454
5344
3673
3607
-658
-4286
-6209
-6345
-2911
-2102
-17
2146
1867
890
-2488
-4478
-2301
-949
2700
6134
7489
9500
6763
5761
4118
2651
2429
641
1498
2215
1535
139
-2476
-4557
-6606
-7454
-4794
-1077
3603
6336
6909
6060
5805
4726
4194
5712
5853
7454
7571
7976
8504
6234
3971
768
-1193
-594
-232
1567
2514
2003
514
-2442
-4024
-5305
-5087
-4487
-4031
-2489
-1501
-1481
-1967
-3160
-4430
-4903
-5143
-4112
-2216
-949
-38
-333
-1348
-2863
-4747
-5066
-4034
-2087
-795
411
27
-756
-818
-3852
-4825
-5382
-5993
-3724
-3742
-2695
-2620
-4140
-4811
-7982
-8449
-9622
-9361
-7021
-6016
-3503
-4529
-5482
-6587
-6996
-5048
-3789
-931
4663
12129
14737
12765
10681
6974
4645
2652
3080
7061
7338
8123
6337
5144
4430
-1171
-4232
-6379
-5623
-3803
-2573
104
2036
1868
-43
-3029
-4023
-2782
-1017
2839
6640
9333
9605
7942
6478
5734
3973
2961
2109
2731
3698
2285
865
-2136
-4687
-7653
-8633
-6742
-3392
107
1989
3275
3592
3756
2792
2751
4868
6233
7938
8992
9389
9875
7107
4825
1826
-392
-242
-543
1350
1902
1175
-285
-3173
-4566
-5954
-6167
-4694
-3742
-1343
78
468
631
-1043
-2228
-3287
-3579
-1325
798
2905
4447
2912
912
-984
-2480
-2359
-2388
-2914
-2417
-2272
-1926
-1906
-2465
-2728
-5329
-7647
-8381
-7874
-4821
-3566
-2810
-2171
-4220
-4931
-7634
-8173
-6645
-7421
-6591
-6669
-5278
-2741
-3183
-4036
-4109
-4901
-4854
-4735
-2724
1255
5639
11103
13197
11260
8778
4879
2071
2101
2327
5226
5618
5979
6287
4237
3461
-500
-3465
-4645
-4937
-3193
-1412
757
3130
3191
1961
407
-810
-12
1501
3739
6442
7901
7403
6793
4839
3702
2029
61
-436
-1032
-361
-1504
-2294
-3210
-4606
-5567
-6113
-4750
-2643
-129
1947
3538
4840
5085
4961
5310
5680
6819
6692
7028
6743
5432
4155
1394
-37
-1643
-2232
-1751
-1097
-144
-673
-1728
-2405
-2938
-2587
-1838
-556
1434
2678
4201
4714
4310
3374
1845
1338
1532
2362
3309
3554
2836
1241
-900
-2775
-3744
-4606
-5231
-5346
-4905
-4964
-6147
-6999
-7172
-6615
-5491
-5548
-5874
-5211
-5379
-5016
-4211
-3561
-4714
-6209
-6644
-5654
-3701
-4172
-4323
-5558
-6999
-7728
-8065
-6809
-5335
-4939
-3893
-2352
-1070
839
3047
6686
8343
7639
6723
6224
6376
7529
7194
7574
6208
3822
3688
2597
4113
3730
2177
1253
-322
-467
-432
-254
1502
1752
1526
1131
212
861
758
1381
1707
2440
3037
3207
3372
3472
2680
1253
-7
-699
-473
-1125
-1161
-1794
-2658
-3381
-4373
-4291
-3417
-2758
-1325
-358
1464
3775
4262
4646
4760
4607
4480
4057
4162
4755
4082
3803
2583
1724
1195
359
721
1152
1970
2392
2239
2703
3287
3261
3540
3263
3415
3801
4107
4540
4590
3685
2641
1075
-416
-961
-1945
-2115
-2466
-3034
-3492
-4065
-4214
-4629
-5732
-6522
-6675
-6100
-5422
-5004
-4921
-4777
-4676
-4497
-4834
-4786
-4585
-4508
-2652
-3413
-4551
-5317
-8102
-8587
-9286
-9599
-6998
-7212
-6410
-6021
-6381
-6021
-7579
-7553
-6587
-4769
-2429
1397
5985
12362
14361
12692
10375
7107
6214
5184
6221
8794
8725
8053
6732
4404
4365
302
-2103
-3373
-3902
-2164
-2304
-464
1014
449
-1081
-2980
-4315
-2299
-1247
1636
3973
5024
5980
4586
3914
3625
2407
1726
775
254
1394
-688
-1142
-3486
-5241
-6323
-7687
-6863
-6233
-4707
-3320
-2157
119
3304
3721
5589
6147
5892
6716
6860
8197
10129
8771
8032
6544
4635
5132
3060
3739
3777
3266
3047
2342
2812
2518
1510
1016
354
718
851
1180
2586
2425
2940
1902
1585
1539
903
992
523
100
-510
-1831
-2553
-3532
-4792
-6123
-7386
-7582
-8170
-8194
-7953
-7744
-7175
-7455
-7804
-6690
-6683
-5574
-4892
-4653
-3584
-4022
-4306
-3222
-3673
-4166
-5017
-6550
-5163
-5967
-5506
-5405
-5058
-4510
-4494
-3407
-2379
-1457
-305
1111
3012
6609
6862
8169
8003
7714
7717
6523
6584
7099
6233
6313
5473
3813
4271
1259
1201
-805
-1665
-1817
-3073
-1995
-2052
-1632
-1688
-2118
-2080
-2051
-1804
-226
-110
1598
1528
2022
2377
2056
2734
2094
2065
1299
738
-276
-558
-1651
-1918
-2834
-3377
-3409
-3923
-3072
-2467
-1437
-213
619
1990
3565
4962
7679
8363
9331
9079
8499
9346
8650
8558
7502
6102
5147
3956
3231
2799
1846
1081
252
-62
271
180
424
467
559
752
315
501
558
549
1052
453
264
271
-565
-650
-1943
-2823
-3224
-4604
-4367
-5232
-5472
-5884
-6722
-6525
-6875
-6774
-6933
-6786
-6138
-5186
-4640
-4298
-3742
-3471
-3642
-3511
-4138
-3161
-2707
-2283
-1113
-2172
-2143
-4008
-4865
-4543
-4435
-3796
-3611
-3599
-3247
-2896
-2917
-1962
-1266
-110
1065
2269
4048
5734
5681
6213
5205
4711
4398
3405
4681
4209
4691
4063
2960
2066
319
-1299
-2046
-2319
-1756
-1186
-1297
-476
-746
-723
-1040
-1149
-596
-8
591
2012
2590
3347
3155
2362
2610
1445
1701
941
900
1365
528
348
-682
-1454
-1716
-2618
-2371
-2039
-1347
-237
428
2190
3739
5031
5299
5538
5457
5821
6552
7355
8813
8154
7427
6414
5352
5240
3274
2296
1149
-12
102
-944
-69
-104
-826
-1107
-2110
-1823
-1881
-1816
-547
123
987
844
305
701
381
483
159
-94
-157
-652
-1506
-1664
-2647
-3309
-4412
-5595
-5225
-5932
-5587
-5671
-5630
-5145
-5623
-5458
-4492
-4326
-3046
-2859
-2271
-1477
-2642
-2408
-3159
-2606
-1865
-2001
-1343
-1546
-2452
-2549
-3770
-4476
-4967
-5866
-4732
-4199
-3673
-2433
-2939
-2694
-2097
-2931
-881
-839
1631
4291
4584
6745
4945
4357
3287
1769
2975
2695
3446
4327
3665
4382
2943
1322
330
-1313
-862
-639
38
1547
1624
1600
1039
-480
-684
-1180
-552
950
2129
3663
4044
3822
3738
2530
1723
1019
504
1499
1387
2152
2169
1293
860
-950
-1651
-1735
-1714
-316
612
2056
3012
3023
3396
3229
3383
3720
4085
4707
5217
5347
5839
4811
3953
2214
655
466
-479
242
-79
-99
53
-767
-630
-985
-1347
-1147
-1410
-443
127
434
1128
807
1073
624
83
117
30
309
648
149
210
-730
-1816
-2338
-3291
-3006
-3650
-3999
-3838
-4039
-3664
-3775
-4009
-3762
-3945
-3562
-3236
-3080
-2598
-2692
-2625
-3066
-3716
-4169
-4267
-4085
-3783
-3462
-3249
-2842
-3946
-4750
-5154
-5360
-4031
-4194
-3079
-2275
-2173
-936
-1769
-1229
-1133
-1654
-1067
-955
1177
2898
4071
4667
4345
4206
2848
2837
2482
3344
3997
3622
4077
3115
3305
2138
1379
1465
1078
1434
1283
1762
2345
2050
1598
992
561
587
426
840
1441
1924
1754
1323
733
536
214
-129
224
355
844
623
437
320
47
36
-241
-87
335
387
779
557
572
579
195
1168
1908
2911
3448
4324
5640
5794
4673
3262
2388
1777
2093
1584
2126
1946
960
844
-213
517
87
-688
-100
121
1285
1351
950
958
114
-325
-676
-826
-25
243
877
1102
1006
615
-641
-1049
-1303
-1316
-1465
-1727
-1790
-2175
-3005
-3926
-4916
-5358
-5637
-5482
-4643
-3784
-2994
-3148
-3162
-3113
-2774
-2599
-2449
-2293
-1965
-1642
-2051
-2371
-2833
-3000
-3239
-3459
-3131
-2505
-2497
-2265
-2718
-2637
-2079
-2306
-1893
-1686
-459
412
702
1215
1580
1522
1217
946
1516
2584
3121
3971
3962
4265
4002
2888
2760
2475
2213
1956
1321
1782
1564
873
668
-309
-240
-793
-981
-359
-30
914
745
533
733
180
0
-32
225
1141
1269
1646
1705
1302
1224
656
140
126
-3
-78
252
297
754
295
-290
-172
-419
0
127
382
1022
1536
2320
2987
3188
3219
3316
4018
5785
5746
4545
3669
1951
2082
1485
569
1443
-79
23
-94
-1069
178
-1439
-2030
-1880
-2159
-726
-819
-427
305
-26
-209
-753
-927
-440
-196
346
510
873
603
-78
-220
-735
-848
-1634
-1941
-1777
-1538
-1885
-2713
-3367
-3970
-4200
-4344
-3859
-3169
-2592
-2805
-2518
-2538
-2354
-2173
-2576
-1855
-1741
-1794
-1684
-2122
-1297
-1205
-1637
-1361
-2429
-1722
-2055
-1971
-1103
-1663
-1024
-1707
-1669
-1090
-1114
-629
-238
60
180
-199
-119
169
831
1141
1575
1971
1957
2812
2555
3085
2837
2306
2113
1426
1727
1628
1732
1741
1260
899
451
-145
-371
-541
-271
145
346
529
657
634
769
541
293
472
548
892
868
1074
761
539
503
364
801
839
1039
1102
1007
1163
1023
893
811
666
740
1268
1973
2105
2408
2266
1645
1721
1102
1512
2381
2069
2632
1308
616
718
-33
446
13
-66
-398
-518
-268
213
406
-160
-236
-480
-111
369
685
1152
1340
979
789
371
386
574
492
745
578
145
5
-472
-539
-786
-1687
-1693
-2463
-2050
-2001
-2415
-2233
-2708
-2676
-2994
-2910
-2658
-2188
-2121
-2132
-1920
-2076
-2020
-1768
-1987
-1697
-2036
-2599
-1790
-2294
-1576
-1843
-2580
-1921
-2809
-2142
-1933
-1599
-763
-1606
-1252
-1306
-704
132
-97
446
133
813
864
1198
1853
1003
1435
696
1378
1899
1512
2068
1173
1098
957
447
464
319
77
241
-334
-314
-556
-912
-176
-629
-205
-329
-448
255
382
1195
1413
980
1330
870
1071
1645
1354
1707
1147
1358
1298
975
1191
656
474
-86
-386
-215
-509
-3
129
22
573
761
1671
1912
2519
2611
2439
2711
2031
2792
2552
2247
2324
1393
2291
2261
1129
1649
1059
855
859
-489
406
235
-192
718
-573
-124
-578
-1532
-443
-802
-33
-496
-875
374
180
943
691
432
1069
276
838
330
275
356
-1033
-702
-1330
-936
-1289
-2288
-2012
-2950
-2717
-2617
-2842
-1816
-2178
-1969
-1706
-2186
-1389
-2160
-2070
-1681
-1682
-861
-1028
-354
-76
-721
-760
-1430
-830
-553
-952
-268
-863
-5
-308
-556
142
-736
-868
-1945
-2126
-1240
-1034
-199
-201
-565
-279
-1149
-383
-281
-179
211
-1078
-237
-675
-198
425
-312
376
-594
-360
195
-35
1157
565
888
1287
660
1335
740
924
1169
412
926
716
403
697
-265
52
77
-107
1014
695
1478
1546
1005
1701
1295
1828
2074
1762
2386
1690
1448
1499
1103
1632
1265
1073
1434
1673
2004
1920
2054
2076
1955
635
-151
-256
-1202
-736
-1531
-1114
-132
-927
323
-201
-16
417
-805
645
659
889
1294
296
1327
997
855
802
-229
73
-382
-283
165
59
122
-521
-769
-681
-762
-501
-463
-33
222
125
230
-121
41
66
49
657
673
816
738
476
562
-128
-435
-837
-1155
-1294
-1754
-1716
-2216
-2081
-2306
-2802
-2580
-2978
-2540
-2586
-2727
-1698
-1864
-1289
-1072
-1458
-624
-1187
-872
-629
-873
-130
-751
-825
-604
-815
-659
-936
-1124
-1208
-1405
-1431
-1146
-1183
-1495
-1343
-1708
-1453
-882
-977
-82
79
425
1006
700
1496
1800
1933
2679
2751
2918
2950
2596
2771
2417
1935
1695
1136
1286
1296
1197
969
402
-54
-646
-884
-647
-542
-419
-262
-9
486
352
249
42
40
442
616
1092
1378
1553
1599
1382
1554
1150
601
482
-57
399
-72
-348
44
-622
266
-264
-771
-153
-1136
-274
-195
-440
723
-447
427
854
636
2274
1459
2024
2149
1560
2314
1497
1698
1747
1026
1525
1237
1084
833
60
-148
-876
-1174
-1326
-1191
-784
-644
-484
-580
-168
13
-110
-103
-122
9
270
367
526
364
-362
-843
-1572
-1795
-1775
-1910
-1745
-1835
-1875
-2171
-2432
-2575
-2808
-2865
-2808
-2378
-1874
-1570
-1288
-1397
-1303
-1146
-1111
-685
-431
53
83
219
420
335
212
-284
-429
-481
-302
-704
-1320
-1454
-1414
-1092
-899
-804
-688
-1077
-625
190
774
1534
900
471
132
331
937
1036
1544
1494
1337
1353
1404
1650
1347
917
631
195
617
594
315
351
137
113
-225
-427
-127
34
163
573
748
1170
1291
1146
1178
1164
1224
1117
1116
1346
1398
1024
850
773
908
1082
1044
1158
928
607
570
480
799
1027
541
344
27
-76
163
-160
157
9
-314
-23
-161
362
642
536
477
-125
-429
-477
-724
-242
-96
-146
-24
-541
-451
-644
-628
-230
-178
-58
-116
-439
-270
-90
-110
161
-10
67
101
-47
143
336
254
561
499
605
792
196
285
-74
-311
-197
-614
-517
-653
-1071
-837
-1269
-1261
-1080
-1487
-1036
-1238
-1361
-1033
-1203
-748
-852
-1500
-1315
-1746
-1419
-785
-839
-206
-583
-1099
-1330
-1975
-1693
-1513
-1447
-719
-889
-1268
-1601
-2228
-1709
-1241
-1103
-643
-936
-610
-173
-242
671
526
316
653
395
1573
1906
1788
2076
1161
1231
736
290
950
937
1279
1566
1422
1757
1490
1108
1088
695
1029
1163
1435
2017
2001
1700
1414
1153
1254
1286
1052
1092
724
811
694
445
279
-228
-825
-1149
-1187
-1103
-833
-1020
-1067
-1326
-1398
-1086
-827
-301
68
-47
-98
-420
-480
-286
-189
196
128
405
367
162
-3
-329
-423
-441
-135
60
207
223
256
421
569
769
609
308
411
414
899
1348
1497
1576
951
896
887
1120
1627
1301
1051
566
201
169
-131
-198
-426
-872
-986
-947
-851
-815
-1172
-1476
-1517
-1420
-1117
-1104
-1371
-1580
-2052
-2069
-1638
-1291
-971
-1238
-1213
-998
-724
-392
-474
-764
-1234
-1503
-1417
-813
-385
-481
-864
-1173
-951
-450
-3
453
464
319
205
77
384
629
884
972
923
708
615
625
898
1295
1244
1178
807
929
1420
1663
1747
1292
700
606
696
1010
1183
898
677
211
172
359
232
91
-26
-26
259
535
496
439
72
-2
-122
-249
53
-78
14
20
-130
-138
-370
-322
-405
-652
-722
-842
-666
-419
-364
-456
-730
-799
-778
-618
-276
-39
116
210
353
573
599
508
374
244
458
869
1220
1356
1197
922
693
539
449
233
31
-12
-57
-128
-120
-208
-388
-419
-523
-395
-521
-666
-555
-648
-84
66
-115
-63
-571
-524
-572
-644
-377
-859
-845
-844
-940
-655
-1046
-1236
-1287
-1288
-1060
-1290
-1465
-1631
-1832
-1736
-1320
-778
-279
-89
-289
-70
-21
113
436
390
874
951
887
1162
984
1094
557
-66
49
-83
261
703
1159
1605
1494
1124
648
330
663
1033
1177
1646
1565
1275
1181
1104
1272
961
624
464
204
916
1431
1587
1630
1125
716
117
40
100
59
195
221
5
-239
-347
-472
-423
-174
-35
30
38
106
281
126
434
280
161
114
-320
-413
-813
-791
-780
-936
-858
-868
-825
-542
-534
-343
-362
-584
-577
-868
-740
-692
-727
-635
-588
-461
-343
-476
-507
-580
-587
-343
-246
33
-68
-206
-369
-646
-742
-983
-1169
-1552
-1865
-1810
-1519
-978
-491
-229
-316
-604
-655
-767
-712
-496
-717
-650
-679
-425
-370
-563
-352
-765
-751
-691
-305
209
560
1118
1141
973
1050
624
406
438
183
532
311
1013
1232
1468
2065
1626
1487
1108
1356
1686
2025
2361
2332
1732
1540
1111
926
1060
1001
1056
776
979
972
1180
1122
1090
456
42
-81
-183
151
206
169
-338
-666
-793
-516
-307
164
57
-84
-172
-389
-441
-691
-816
-959
-947
-930
-614
-811
-568
-720
-746
-538
-784
-583
-725
-421
-244
-396
-460
-634
-807
-805
-958
-869
-694
-673
-399
-271
-82
-181
-437
-432
-110
147
144
-188
-784
-865
-1096
-897
-621
-570
-546
-1062
-957
-861
-774
-817
-968
-936
-653
-532
-454
-93
141
290
-13
-99
0
31
-187
-177
-624
-294
-100
113
759
527
775
25
-34
271
446
936
1049
1104
1450
1419
1586
1609
1239
1214
465
721
1009
1584
1762
1693
1407
990
826
573
1075
1156
1411
1099
938
904
796
568
454
181
155
169
14
468
312
439
29
-144
30
137
467
839
805
701
338
-278
-341
-789
-712
-1013
-1039
-770
-910
-752
-810
-1045
-1276
-1524
-1340
-809
-366
190
-43
-303
-647
-1072
-1184
-1187
-889
-934
-958
-978
-864
-790
-817
-813
-902
-745
-773
-820
-576
-218
62
-68
-430
-585
-966
-1031
-722
-481
-4
-280
-504
-655
-528
165
397
569
507
245
97
54
-44
74
-118
19
118
22
296
18
-92
-270
-290
-135
-126
-10
255
266
304
138
-145
-20
-10
330
505
801
993
967
926
972
1021
914
918
841
948
920
775
542
332
230
334
151
327
451
488
763
608
938
850
753
599
259
346
356
130
-29
-320
-450
-422
-427
246
545
851
723
377
311
214
298
280
353
214
16
-267
-244
-275
-451
-628
-822
-757
-488
-179
67
229
148
74
-78
10
92
-35
-170
-377
-656
-637
-576
-334
-27
-153
-253
-716
-827
-781
-876
-685
-606
-567
-529
-683
-609
-458
-521
-558
-943
-904
-702
-382
157
360
462
162
-99
-320
-282
-88
-19
193
307
566
586
528
496
137
-26
-167
-255
58
279
529
606
376
301
-264
-416
-266
-237
149
175
390
356
194
139
-148
-101
43
210
408
694
786
665
435
109
-72
-241
-119
3
15
153
70
-24
-81
-111
-106
-170
-151
25
214
366
367
95
-99
-247
-228
-97
78
183
72
-105
-225
-182
-236
-126
-137
-31
219
392
710
575
365
-31
-397
-448
-432
-255
-134
-62
-37
-31
-45
76
102
79
-27
-149
-50
70
318
415
458
305
6
-202
-406
-247
-106
-30
4
-98
23
-11
75
221
165
175
-154
-394
-457
-407
-181
-132
-90
7
-87
-78
-72
-76
92
27
113
67
118
193
125
227
196
204
46
-45
-140
-152
-44
47
164
186
167
50
-57
-123
-143
-111
78
187
254
358
364
325
127
18
18
21
165
195
215
212
48
-57
-150
-161
-261
-406
-429
-344
-218
-40
64
54
-16
-169
-123
-84
-12
-97
-279
-314
-305
-133
-16
-14
-143
-348
-445
-377
-232
-105
-115
-182
-145
-86
106
234
296
298
173
187
106
211
334
296
247
-4
-121
-351
-405
-274
-167
17
-33
-72
-47
116
369
387
361
264
74
12
-40
-3
-98
-273
-320
-412
-304
-245
-286
-273
-258
-44
99
258
436
394
343
197
122
72
52
85
-17
-75
-71
-10
31
79
45
-68
-164
-117
15
47
138
175
167
185
217
215
188
215
199
73
-41
-129
-361
-495
-440
-346
-264
-183
-36
38
136
237
168
108
105
79
64
223
398
332
135
-50
-216
-417
-489
-494
-429
-206
-7
188
292
289
56
-344
-480
-409
-297
-97
103
302
305
105
-68
-378
-538
-652
-638
-273
76
344
234
25
-45
-136
-93
6
135
219
213
272
325
337
259
22
-155
-126
65
192
257
284
218
166
177
231
221
152
37
-175
-251
-179
-57
107
180
274
218
122
48
-103
-92
-67
-47
-91
-126
-73
-15
54
41
-72
-215
-254
-180
16
210
227
93
-78
-141
-77
-40
-70
-123
-171
-89
65
257
325
134
-71
-252
-258
-95
40
123
79
37
15
41
161
173
85
30
97
222
335
378
234
18
-178
-279
-263
-139
10
2
-39
-80
-168
-213
-233
-195
-125
1
162
187
171
110
-10
-74
-110
-67
-56
-67
-80
-124
-100
-95
-118
-145
-144
-96
-60
-37
-5
27
7
-28
-20
-25
-81
-186
-276
-285
-258
-153
8
186
361
364
252
161
118
70
8
81
185
244
293
297
291
204
38
-119
-185
-89
12
62
154
215
154
-26
-162
-200
-185
-132
-46
100
225
252
184
121
109
85
66
89
184
253
193
93
-20
-103
-190
-221
-119
6
117
94
-11
-111
-159
-180
-197
-126
-59
-68
-134
-163
-164
-220
-301
-334
-287
-179
-87
-34
46
143
177
105
14
-56
-124
-154
-107
25
101
43
-23
-44
45
137
171
181
183
254
272
309
352
323
225
107
85
82
93
96
78
114
198
237
204
150
126
69
5
-29
-108
-207
-287
-277
-211
-98
-31
-118
-234
-312
-332
-321
-259
-165
-102
-19
30
25
-29
-145
-246
-277
-148
23
96
97
24
-75
-172
-241
-264
-268
-254
-219
-150
-57
-16
-54
-123
-117
-30
28
33
16
9
-35
-58
-16
36
102
135
198
310
435
483
396
328
304
290
319
422
529
505
356
149
-34
-109
-115
-109
-48
23
32
-14
-25
-11
-77
-160
-222
-223
-183
-137
-114
-124
-139
-204
-264
-290
-269
-237
-226
-204
-190
-188
-230
-273
-267
-220
-133
-37
-10
-63
-137
-168
-147
-66
73
165
192
181
180
185
178
149
82
103
216
313
370
405
400
298
170
87
74
104
113
92
71
34
-79
-216
-277
-242
-219
-235
-258
-290
-311
-360
-342
-219
-60
35
55
59
17
-31
-98
-151
-165
-176
-211
-204
-95
7
7
-51
-90
-142
-149
-77
28
152
229
208
110
6
-113
-256
-314
-253
-160
-63
36
122
166
192
226
253
312
354
335
317
295
247
179
135
127
115
117
114
104
95
63
44
67
116
147
181
201
201
166
115
36
-70
-141
-183
-143
-39
65
115
130
99
23
-22
-8
28
49
80
68
23
-48
-148
-238
-288
-309
-328
-281
-185
-104
-84
-74
-65
-54
-18
24
88
130
112
37
2
43
55
35
18
39
62
62
54
53
63
38
13
37
100
93
12
-58
-109
-159
-207
-215
-164
-87
-55
-46
-35
-7
-33
-53
0
86
155
156
153
117
75
20
-36
-43
-26
-13
2
58
105
98
29
-41
-94
-111
-107
-93
-78
-78
-80
-81
-41
3
37
66
117
165
211
254
263
241
182
131
65
-5
-55
-87
-77
-48
-28
7
41
54
47
26
25
0
-52
-108
-137
-129
-122
-112
-106
-98
-117
-129
-94
4
92
150
192
219
237
208
174
131
103
73
39
37
38
4
-46
-64
-70
-68
-70
-49
-8
44
78
94
112
105
65
13
-25
-68
-103
-136
-139
-127
-125
-140
-163
-138
-116
-91
-69
-54
-55
-71
-71
-69
-63
-83
-108
-130
-122
-86
-41
32
82
110
119
127
129
127
145
159
171
170
151
112
91
69
54
68
104
122
110
100
72
40
-2
-43
-66
-60
-51
-44
-10
11
6
-23
-32
-10
7
29
60
91
110
92
45
14
-17
-54
-79
-66
-25
14
42
62
69
58
29
-4
-7
-2
-25
-54
-73
-87
-104
-125
-136
-145
-149
-148
-134
-90
-43
-12
-13
-17
-24
-52
-76
-94
-109
-123
-147
-170
-173
-160
-149
-134
-111
-68
-23
12
40
57
75
82
85
95
100
87
56
13
-11
-18
-35
-34
-25
10
39
60
79
94
107
84
51
16
-9
-58
-85
-97
-97
-112
-141
-146
-129
-87
-60
-14
26
83
122
147
187
217
224
186
149
121
112
98
103
108
128
128
98
81
52
20
-22
-24
7
53
74
52
24
-11
-46
-80
-80
-51
-20
6
31
71
98
88
61
47
47
64
73
86
102
97
70
19
-5
-29
-59
-76
-82
-78
-70
-76
-81
-69
-70
-76
-92
-73
-53
-37
-17
-1
38
52
59
53
52
43
15
-21
-54
-77
-118
-171
-215
-244
-268
-285
-299
-290
-274
-267
-251
-223
-184
-139
-104
-56
2
37
48
24
16
23
22
20
24
34
30
27
23
36
35
5
-36
-64
-69
-80
-96
-122
-134
-142
-147
-122
-87
-48
-28
-8
44
121
204
272
329
357
359
331
295
254
227
196
163
159
151
144
106
66
35
7
-10
-13
13
44
82
95
98
97
92
82
93
122
139
157
143
153
154
152
140
103
80
54
29
-5
-24
-59
-91
-125
-147
-149
-164
-181
-217
-228
-235
-214
-168
-130
-80
-46
-30
-23
-17
-11
-14
-8
4
12
21
2
-20
-57
-108
-170
-226
-238
-239
-213
-199
-196
-199
-231
-258
-271
-252
-213
-175
-137
-90
-51
-27
-18
-25
-42
-56
-48
-25
22
76
101
108
99
80
54
28
4
-21
-37
-52
-55
-40
-27
-19
-29
-36
-43
-32
-9
16
64
100
132
152
164
178
168
152
134
123
139
163
199
239
259
251
212
177
169
151
158
164
158
181
157
150
116
77
72
35
47
62
89
122
135
131
134
109
97
92
88
114
97
89
61
33
24
7
-1
8
-5
-6
-14
-25
-23
-63
-90
-125
-158
-168
-178
-194
-197
-222
-219
-201
-170
-102
-69
-31
-18
-11
1
6
4
8
-11
-20
-27
-51
-64
-96
-115
-138
-155
-143
-128
-113
-95
-105
-118
-144
-175
-180
-184
-162
-133
-99
-65
-41
2
44
77
117
145
165
183
191
190
169
119
67
10
-34
-69
-111
-142
-171
-185
-176
-170
-139
-105
-86
-64
-53
-32
-23
-14
6
21
49
70
93
113
127
143
153
156
160
164
163
161
139
109
67
16
-25
-57
-71
-70
-64
-47
-28
-1
26
55
94
124
162
201
237
272
281
281
262
224
197
160
131
102
64
32
3
-23
-44
-74
-97
-115
-133
-129
-126
-99
-66
-45
-18
-5
18
35
54
75
90
104
109
108
110
108
82
45
0
-42
-74
-106
-120
-140
-155
-164
-184
-188
-181
-187
-179
-177
-162
-126
-105
-66
-35
-8
27
40
61
75
77
89
73
64
65
46
40
19
-11
-42
-95
-122
-151
-159
-140
-134
-106
-89
-83
-71
-73
-63
-49
-40
-24
-9
8
24
11
2
-23
-55
-65
-76
-75
-62
-64
-68
-73
-82
-75
-69
-51
-33
-19
-2
2
18
26
30
38
37
45
65
75
81
81
73
73
73
86
98
108
128
113
90
67
46
40
23
21
23
14
8
-10
-16
-10
-9
5
26
54
83
94
95
80
55
32
14
7
10
10
11
8
-4
-15
-25
-21
-3
16
43
51
51
44
27
9
-22
-40
-49
-42
-37
-44
-42
-61
-75
-81
-83
-60
-33
-16
-2
2
-9
-19
-34
-33
-24
-12
12
14
27
33
23
14
-1
4
9
10
31
33
17
0
-32
-45
-52
-49
-28
-23
-14
-15
-34
-51
-76
-87
-80
-79
-66
-59
-52
-43
-58
-73
-76
-73
-46
-23
-1
24
24
16
-11
-44
-55
-59
-44
-25
-12
6
-1
-4
-4
3
17
25
56
84
90
98
75
47
34
-1
-6
10
18
37
34
33
27
8
15
21
38
67
68
66
53
27
7
-16
-25
-21
-1
20
27
37
38
24
14
11
17
46
65
75
80
75
58
20
1
-1
5
29
28
24
31
14
-4
-10
-23
-24
-23
-9
12
20
22
2
-11
5
20
28
46
61
58
56
37
12
12
28
19
-3
4
11
28
34
2
-30
-31
-11
10
19
14
-3
-17
-32
-60
-70
-65
-52
-41
-29
-20
-14
-13
-30
-27
-36
-51
-46
-46
-24
-8
-31
-65
-78
-73
-75
-64
-25
3
23
37
8
5
41
44
53
54
29
15
10
14
13
7
25
5
-18
4
9
21
14
4
8
-22
-39
-39
-25
17
9
-34
-3
10
-34
-68
-35
54
77
66
13
-31
23
21
0
31
-3
-37
-17
-29
-14
19
35
22
-41
-36
-35
-31
39
23
34
63
-21
-21
28
35
45
20
88
107
17
4
-1
80
143
22
-3
37
-10
-38
-24
82
87
51
130
14
-47
79
75
185
222
65
91
25
-325
-401
434
1119
139
-1141
-1021
234
1390
570
-1151
-879
472
565
-314
-322
415
362
-259
-714
-251
884
428
-795
-266
645
305
-432
-412
176
453
211
-408
-342
455
137
-469
55
371
76
-194
-218
11
212
202
-124
-75
370
23
-357
-32
190
283
123
-222
-210
36
188
-56
-176
169
139
-166
-254
-175
127
184
-67
-172
-121
21
-53
-137
105
105
-106
-142
-63
52
2
-66
-3
42
49
-112
-209
27
139
29
-36
-50
4
-10
-57
-34
12
117
70
-102
-65
12
32
67
50
59
44
-8
16
74
157
158
39
32
68
37
37
52
103
96
-12
-52
-26
0
26
-4
-11
22
1
-24
-18
41
60
22
36
9
-27
18
38
25
24
-4
-62
-102
-55
-17
-22
-35
-105
-131
-62
-47
-67
-18
11
-12
-55
-39
36
74
88
48
17
62
59
28
57
79
56
22
3
0
-6
15
24
11
3
-33
-44
15
46
25
34
26
15
39
40
30
30
26
17
34
39
-10
-55
-61
-64
-38
-25
-77
-113
-114
-116
-105
-78
-69
-89
-101
-95
-100
-58
-16
-27
-9
-29
-85
-81
-30
19
2
-46
-63
-76
-49
-42
-67
-32
-26
-58
-58
-38
17
54
32
18
18
47
74
67
55
41
60
68
42
46
42
16
6
12
31
42
25
-13
-1
48
16
-51
-38
5
14
-37
-100
-80
-3
5
-78
-106
-63
-61
-83
-96
-84
-52
-53
-95
-107
-91
-98
-105
-76
-58
-76
-114
-123
-68
-40
-63
-79
-60
-19
-36
-75
-45
8
38
-1
-41
0
48
50
12
6
47
69
55
28
18
40
60
45
21
16
45
58
61
42
-13
-2
36
48
46
10
-22
-25
-1
24
10
-7
-24
-64
-43
-14
-26
-37
-56
-46
-46
-56
-84
-103
-67
-54
-87
-106
-93
-68
-65
-69
-66
-66
-32
-26
-55
-39
-10
11
38
34
5
-1
22
52
35
24
23
26
65
54
13
13
33
43
62
48
42
50
55
68
67
80
76
82
91
80
69
62
65
82
60
24
21
9
18
14
4
-18
-27
-25
-45
-49
-37
-41
-43
-37
-67
-59
-48
-43
-39
-45
-30
-28
-12
-10
-22
-16
-14
-27
-20
-16
-12
-9
-26
-36
-44
-16
-7
-16
-19
-20
-1
19
33
25
31
47
60
54
71
89
88
95
80
73
84
92
83
68
58
53
43
51
39
16
24
15
19
18
19
23
31
45
46
44
46
52
60
74
61
49
33
39
48
32
18
-4
-4
0
-17
-32
-32
-20
-19
-34
-35
-14
4
16
-1
-15
11
46
52
36
36
39
40
39
26
23
39
29
19
20
12
11
15
22
19
15
6
10
26
39
23
16
39
40
35
27
30
46
50
36
22
30
40
29
13
18
21
27
22
2
-1
11
8
2
-1
1
12
6
-4
-10
3
5
-3
-12
-22
-18
-19
-16
-19
-16
-14
-21
-18
-23
-19
-9
-13
-11
-13
-21
-23
-26
-18
-18
-21
-20
-21
-16
-18
-29
-27
-20
-16
-13
-19
-23
-23
-18
-16
-26
-21
-13
-10
-7
-12
-24
-21
-14
-10
-11
-12
-11
-16
-14
-7
-12
-7
1
-5
-5
-12
-11
-14
-8
-3
-15
-14
-26
-26
-17
-22
-28
-33
-34
-37
-44
-41
-37
-37
-25
-31
-39
-35
-37
-30
-22
-20
-23
-29
-23
-22
-27
-27
-41
-39
-34
-41
-47
-52
-48
-41
-45
-47
-44
-38
-35
-35
-24
-14
-7
1
-9
-11
-7
-7
-5
-10
-13
-15
-18
-18
-23
-20
-12
-14
-11
-14
-19
-5
-3
2
3
0
5
9
16
19
20
18
9
7
10
4
9
11
3
-1
-5
0
-5
-9
-11
-8
-1
-3
-3
1
1
1
1
-4
3
7
7
10
3
10
9
-4
0
5
9
8
7
5
6
7
7
14
17
14
9
7
13
19
20
17
19
17
11
8
0
8
13
9
4
-7
-4
1
4
9
11
16
24
24
14
11
16
15
13
9
3
2
5
1
-2
-4
-7
-9
-18
-17
-16
-9
-3
-3
6
2
0
-2
-5
-5
-7
-7
2
1
-3
-8
-11
-9
-12
-10
-6
-3
-1
-5
-6
-7
-13
1
1
-2
8
2
-4
-4
-2
1
8
6
6
-1
5
13
11
12
9
12
5
6
3
-4
8
8
10
18
12
6
8
10
4
6
12
12
13
9
0
-5
3
1
1
1
1
4
2
11
7
8
13
6
5
8
12
14
12
9
14
11
16
16
18
15
7
10
0
1
6
5
11
13
9
18
19
11
4
8
14
12
15
13
16
14
13
21
22
19
11
7
8
14
8
6
4
4
8
3
-3
-8
-6
-4
-10
-15
-7
0
0
0
-5
-6
-10
-7
-5
-7
10
9
0
-4
-7
-5
-7
-5
-3
-3
-3
-6
-8
-8
-5
-12
-9
-8
-6
-5
-9
-3
-2
-3
-5
-2
-1
-1
2
1
0
1
6
2
-6
-5
-3
-10
-10
-4
-1
3
0
3
0
1
6
3
13
6
8
7
1
2
-6
-3
9
11
10
8
3
6
7
11
10
4
7
6
7
11
15
14
14
15
15
17
24
20
20
24
25
30
22
16
14
14
16
24
28
20
23
13
12
17
17
16
16
24
19
14
16
23
16
14
16
17
21
15
2
-2
-3
2
1
-7
-7
-7
-7
-12
-10
-12
-5
0
-2
-7
-11
-3
-1
2
-4
-4
-11
-7
-3
-6
-9
-12
-10
-14
-6
-10
-11
-11
-14
-9
-6
-11
-13
-11
-6
-2
-4
1
-4
-2
1
-2
1
5
2
-3
-8
0
7
6
4
-1
-5
-9
-10
-9
-3
-11
-17
-17
-16
-12
-20
-23
-27
-25
-21
-15
-12
-11
-14
-16
-14
-16
-18
-18
-19
-20
-24
-21
-18
-20
-17
-26
-25
-25
-14
-14
-9
-10
-18
-13
-18
-9
-14
-14
-16
-16
-12
-14
-16
-18
-17
-16
-8
-13
-18
-17
-11
-13
-15
-9
-11
-10
-13
-17
-12
-5
-7
-5
-16
-16
-14
-17
-17
-13
-7
-4
-9
-9
-5
-7
-3
-8
-5
-9
-4
2
-6
-1
-2
-4
-5
-5
-6
-3
-8
-9
3
6
-1
0
0
1
3
5
8
9
10
2
-1
6
6
9
7
6
8
10
13
5
1
2
3
3
6
5
-4
0
-6
3
6
-3
-1
-12
-17
-10
-12
-9
-1
-8
-15
-18
-14
-8
-7
-11
-8
-8
-14
-12
-8
-4
-6
-8
-12
-11
-13
-11
-14
-18
-15
-12
-13
-12
-15
-13
-6
1
4
1
3
-7
-4
-4
-7
0
-1
-8
-7
-6
-9
-8
-9
-10
-10
-4
-14
-15
-7
-6
-6
-11
-4
-11
-8
-15
-19
-15
-12
-5
-5
-6
-9
-9
-10
-4
-4
-1
1
-6
-11
-6
-7
-4
-1
-3
2
0
1
-2
-5
2
4
12
15
10
10
8
15
17
16
17
8
12
9
9
16
19
22
18
22
23
20
27
29
30
34
30
19
16
17
13
19
21
21
22
20
19
21
17
18
17
20
15
15
15
6
8
8
11
13
11
5
7
9
9
11
11
7
6
4
5
7
11
10
4
2
1
0
1
3
-2
2
11
11
11
4
7
5
9
9
9
16
6
7
8
4
5
2
-1
-4
-5
-4
-3
-3
-3
-5
-4
-5
-3
-3
-12
-11
-9
-8
-5
-6
-13
-11
-10
-11
-8
-8
-12
-13
-13
-9
-8
-7
-6
-9
-10
-7
-9
-7
-11
-15
-9
-10
-6
-4
-1
-2
-4
-2
2
10
10
13
7
4
6
8
8
9
6
8
13
8
9
8
2
3
0
-1
2
1
2
5
6
-1
-4
-8
-9
-9
-8
-2
-2
-1
-2
4
6
4
2
2
4
5
15
13
5
2
2
0
5
12
11
11
7
9
13
11
11
9
11
11
15
17
18
15
17
23
22
23
23
24
19
23
24
21
25
26
19
14
17
18
18
14
10
10
12
7
9
9
7
9
11
4
1
3
4
10
5
7
6
3
-1
-3
-5
-1
-2
-3
-1
-4
-1
-6
-4
-6
-5
-6
-5
-5
-5
-2
-3
2
0
-4
-5
-6
-6
-4
2
0
-3
0
2
3
2
2
0
-3
-6
-12
-10
-10
-6
-12
-12
-11
-12
-6
-6
-11
-10
-8
-5
-5
-9
-3
-2
1
2
-5
-1
-4
-3
-4
-7
-10
-6
-3
-8
-4
-1
1
-3
-2
-4
-8
-7
-13
-11
-10
-9
-10
-4
-5
-8
-7
-13
-14
-14
-9
-5
-1
-3
-5
-6
-13
-13
-11
-10
-11
-9
-4
-3
0
-8
-9
-7
-13
-10
-6
-10
-11
-9
-7
-6
-10
-8
-9
-7
-5
-10
-9
-9
-4
-1
6
0
-2
4
1
1
7
5
1
-3
-7
-4
-4
-3
-4
-3
1
5
0
4
3
4
6
2
7
0
-1
0
-7
-4
1
0
3
-1
-4
0
-1
-1
-5
-3
-4
0
1
0
2
-1
-1
-2
-4
-7
-1
-3
-3
-4
-4
3
4
3
2
6
8
8
4
6
9
12
7
9
6
0
3
1
3
-8
0
6
4
-1
-8
-5
-8
-2
-11
-7
-5
-13
-5
-6
-6
-6
-1
-3
-9
-8
-5
-3
-5
-4
-7
2
-1
-4
-4
-4
2
-4
-1
-2
-7
1
7
6
3
1
4
0
0
-2
-5
-3
-4
-4
-10
-4
-2
-4
-8
-8
-3
-7
-8
-6
-4
-1
-2
-10
-12
-10
-12
-9
-4
-11
-10
-6
-13
-5
-7
-6
-3
-7
-3
-6
2
-4
-5
-1
-9
-10
-14
-9
-11
-11
-6
-9
-7
-10
-10
-8
-4
-7
-3
-5
-6
0
-7
-6
-11
-10
-8
-10
-7
-5
-3
1
-3
-3
0
-1
-2
-4
6
1
-2
-1
0
-2
-3
2
1
-2
-2
-1
-3
2
-3
1
5
-1
5
4
9
10
5
9
9
4
7
5
8
10
14
10
6
9
11
11
12
12
11
7
5
10
12
12
10
16
8
5
10
6
11
4
4
5
8
5
5
8
3
10
12
10
4
2
9
11
14
15
5
3
6
3
1
0
-1
0
-2
-5
1
5
-1
4
3
-2
9
9
8
2
4
12
12
9
7
7
4
6
12
11
6
7
2
1
-2
3
5
0
6
4
7
6
5
8
5
5
10
14
12
10
12
14
15
13
14
15
10
11
12
13
17
17
15
18
18
18
17
14
19
19
23
24
26
21
21
21
16
21
21
25
24
23
23
27
22
17
19
20
21
15
12
11
8
13
13
11
13
10
6
10
12
10
13
12
16
12
16
15
9
10
10
12
7
10
7
3
2
-1
0
1
5
-3
-4
-3
-4
-3
3
6
7
10
8
0
3
2
4
5
3
7
2
4
3
5
4
1
0
3
5
3
3
1
1
1
3
0
2
7
5
13
16
6
11
10
7
9
10
11
6
9
5
4
11
5
5
4
1
5
2
2
0
0
-1
-2
0
-1
3
1
2
1
1
1
-5
-2
-2
-4
-7
-4
-2
-3
-4
-11
-14
-12
-12
-12
-14
-14
-8
-8
-10
-13
-11
-7
-6
-6
-9
-12
-11
-13
-16
-11
-11
-12
-13
-15
-14
-14
-15
-13
-17
-18
-16
-15
-8
-10
-8
-12
-10
-7
-9
-4
-5
-1
-7
-4
-3
-5
-3
-6
-6
-13
-5
-10
-11
-11
-11
-7
-11
-11
-10
-8
-10
-9
-13
-10
-6
-4
-7
-8
-5
-6
-5
-11
-6
-2
-4
-8
-11
-6
-5
-3
-5
-6
-4
-6
-10
-5
-5
-11
-10
-15
-11
-6
-5
-7
-8
-6
-4
-3
-7
-8
-16
-16
-10
-13
-17
-21
-25
-19
-19
-19
-18
-19
-17
-13
-12
-11
-8
-6
-9
-13
-4
-8
-15
-8
-11
-9
-11
-14
-15
-12
-11
-9
-10
-13
-15
-16
-12
-9
-12
-15
-11
-10
-15
-12
-12
-13
-10
-11
-9
-8
-12
-13
-14
-13
-12
-14
-17
-16
-17
-14
-19
-19
-17
-22
-17
-20
-24
-19
-12
-13
-12
-12
-14
-14
-10
-6
-4
-6
-6
-6
-7
-3
-1
-1
4
0
-4
-2
-1
2
-1
3
4
1
2
3
6
7
9
7
4
1
9
6
7
8
5
3
3
6
1
11
7
10
13
9
10
3
9
6
10
7
7
16
11
7
5
9
11
14
13
4
3
0
5
7
3
6
-4
0
1
0
3
5
5
-1
0
0
2
3
2
5
0
0
2
0
2
8
11
9
10
12
9
4
7
5
3
7
7
7
3
3
2
3
4
6
7
1
0
7
7
5
11
9
8
9
9
11
7
9
13
13
13
9
5
9
8
8
14
10
15
12
13
19
18
20
21
25
22
28
28
22
18
21
25
24
29
26
26
21
21
22
22
23
19
24
26
24
23
21
21
24
24
29
27
25
26
31
29
25
31
30
31
33
36
34
35
31
31
32
30
34
34
37
30
27
34
31
35
34
29
35
30
28
28
27
26
23
21
16
19
21
23
18
17
21
17
15
15
12
15
14
12
11
3
9
1
5
5
8
5
-2
0
-3
-4
-7
-3
-5
-6
-3
-7
-4
-3
-7
-3
-1
1
3
0
6
5
2
3
1
-2
1
1
-1
0
-3
-4
1
4
2
-5
-2
-1
-2
3
-1
-1
-2
-4
-7
-8
-7
-4
-6
-9
-9
-8
-5
-11
-13
-7
-6
-9
-6
-9
-10
-8
-11
-10
-6
-4
-9
-7
-13
-8
-2
-3
0
-5
-7
-7
-7
-9
-6
-7
-4
-4
-2
-2
-6
-3
-10
-9
-6
-12
-11
-13
-11
-14
-15
-18
-18
-14
-17
-12
-13
-17
-16
-15
-13
-15
-13
-14
-13
-14
-13
-17
-17
-14
-21
-21
-25
-19
-21
-26
-22
-21
-19
-21
-15
-17
-17
-15
-17
-15
-14
-9
-11
-13
-16
-15
-14
-17
-11
-15
-14
-14
-15
-10
-17
-15
-15
-9
-8
-9
-8
-9
-7
-10
-5
-5
-2
-4
-7
1
-1
-1
-2
-7
-10
-9
-8
-10
-6
-5
-5
-8
-10
-6
-6
-13
-14
-9
-12
-6
-7
-8
-4
-5
-4
-5
-5
-11
-5
-10
-10
-9
-11
-11
-13
-6
-9
-5
-6
-4
-6
-6
-11
-7
1
-7
-5
-3
-3
-3
-1
0
-2
0
0
-2
0
-2
-2
-3
0
-2
-8
-5
-8
-10
-12
-6
-6
-11
-12
-11
-10
-8
-5
-4
-10
-9
-3
-5
-9
-12
-9
-14
-10
-7
-8
-6
-12
-12
-13
-15
-16
-19
-22
-22
-27
-26
-20
-16
-19
-20
-20
-18
-12
-14
-8
-13
-12
-10
-15
-13
-13
-11
-16
-15
-19
-21
-18
-17
-17
-20
-18
-20
-14
-15
-18
-22
-18
-16
-15
-10
-6
0
-8
-7
-8
-10
-9
-11
-12
-12
-15
-13
-11
-14
-10
-11
-10
-10
-9
-1
-3
-2
6
1
-2
1
0
5
4
6
4
1
2
5
3
0
7
3
7
3
7
8
4
10
7
15
12
8
11
16
11
11
16
7
11
8
11
10
8
9
6
14
12
13
10
8
9
7
9
4
7
4
3
1
2
4
-2
-1
0
2
-1
-3
2
-7
-6
-7
-7
-7
-2
-4
-9
-6
-9
-8
-14
-6
-4
-6
-6
-12
-8
-8
-10
-7
-3
0
7
8
9
9
7
3
8
6
4
5
1
5
4
4
2
5
4
2
2
7
7
6
9
7
8
9
7
8
13
9
11
12
11
12
14
15
15
16
11
12
6
12
6
9
9
2
9
10
10
7
10
6
9
16
17
19
21
21
16
19
21
16
18
20
19
20
24
21
19
22
19
24
21
23
23
20
22
17
24
22
29
29
33
31
26
31
25
29
31
31
28
27
26
23
28
28
25
25
24
24
28
24
23
22
26
27
28
30
30
25
22
20
17
18
18
22
20
16
13
13
16
14
21
15
11
13
10
8
7
8
8
7
3
5
5
7
10
6
12
11
10
8
5
7
5
5
6
5
1
4
0
-2
-2
-3
-8
-9
-6
-7
-5
-6
-1
-3
-1
1
3
-2
-7
-4
2
-1
-5
-2
-6
-5
-3
-6
-11
-8
-8
-10
-7
-9
-8
-11
-13
-13
-6
-6
-7
-11
-9
-10
-10
-6
-9
-11
-12
-9
-7
-2
-3
-4
-4
-7
-4
-3
-5
-6
-8
-8
-6
-11
-9
-9
-13
-10
-6
-11
-8
-5
-6
0
-5
-3
-3
-5
-4
-1
-3
-2
-3
-8
-1
-3
-8
-4
-9
-6
-4
-4
-3
-4
-3
-4
-2
-2
-6
-11
-9
-7
-4
-3
-1
-6
-4
1
-1
6
1
1
0
0
4
0
0
-1
3
2
7
2
5
1
-2
3
-3
-3
-1
1
-2
-2
1
0
-5
-4
-6
-2
2
-4
-7
-6
-4
-3
-7
-11
-13
-16
-11
-11
-6
-6
-8
-5
-6
-5
-10
-11
-13
-9
-8
-6
-10
-16
-14
-18
-13
-14
-11
-14
-18
-21
-18
-19
-21
-15
-20
-27
-26
-23
-20
-23
-26
-30
-32
-28
-30
-30
-27
-31
-33
-30
-32
-31
-34
-37
-34
-38
-40
-39
-44
-39
-33
-39
-34
-33
-34
-34
-31
-26
-26
-22
-26
-25
-28
-25
-24
-23
-17
-25
-21
-22
-22
-18
-20
-21
-23
-20
-18
-23
-23
-17
-23
-21
-18
-13
-14
-18
-15
-19
-16
-14
-13
-20
-17
-15
-12
-10
-11
-8
-9
-3
-12
-9
-10
-11
-7
-7
-8
-7
-5
-8
-6
-10
-6
-4
-3
-4
-5
-1
0
2
-1
-1
1
1
2
2
1
0
0
3
-1
2
1
0
7
7
2
5
4
4
4
3
3
1
5
8
9
4
6
8
8
11
12
13
13
8
11
14
8
11
9
11
7
7
8
5
8
9
17
15
14
18
12
14
15
12
14
16
12
18
18
18
23
20
