10
9
8
9
12
11
5
7
9
12
6
5
4
11
7
8
14
11
11
8
12
13
8
12
13
4
11
9
11
13
5
9
9
8
1
2
8
13
7
-1
-1
3
8
-1
5
9
6
-1
-4
-3
0
3
-3
-10
-5
1
-2
-5
-8
-6
-12
-8
-1
0
2
-6
-4
-4
-16
-24
-24
-13
-5
-1
-8
-14
-16
-14
-11
-14
-11
-6
-14
-19
-20
-18
-16
-11
-7
-12
-19
-19
-16
-14
-19
-19
-19
-25
-23
-22
-20
-21
-20
-20
-22
-21
-30
-31
-31
-31
-18
-21
-27
-31
-31
-22
-31
-22
-13
-10
-12
-26
-27
-17
-15
-21
-25
-27
-19
-19
-23
-25
-18
-6
-9
-11
-13
-15
-13
-17
-16
-7
-12
-15
-20
-24
-15
-8
-6
-14
-12
-2
4
5
-7
-8
2
0
-5
-1
4
2
-1
7
14
6
1
8
5
0
-1
8
13
9
8
12
15
16
10
10
14
11
3
7
14
17
17
14
13
12
20
20
12
14
20
13
7
9
16
18
7
10
8
10
20
23
19
16
11
6
16
16
17
15
8
3
11
14
13
14
3
-8
-13
-2
11
5
7
14
-1
-9
-2
14
22
12
3
0
0
5
13
14
15
7
-5
0
16
21
21
16
7
3
4
16
28
24
9
3
3
6
13
20
26
20
9
-5
0
21
27
24
12
0
-3
0
14
25
19
3
-8
-12
1
15
17
12
-6
-15
-12
5
14
11
9
-10
-14
-14
-8
14
19
10
-5
-17
-6
11
15
18
10
-11
-11
-1
8
20
26
12
-4
-4
10
18
21
21
8
-6
-8
4
15
21
19
7
0
-1
6
16
18
10
-2
-18
-18
5
22
19
7
-12
-22
-11
11
20
9
-7
-13
-14
-7
5
10
15
-3
-16
-9
-5
8
20
12
-12
-16
-10
3
10
7
3
-13
-15
0
14
22
14
3
-10
-9
9
19
25
15
-6
-11
-6
10
19
16
-1
-15
-16
2
26
28
19
-5
-21
-20
0
24
26
9
-11
-20
-20
4
23
23
7
-15
-26
-16
15
39
33
11
-15
-26
-12
13
34
25
-4
-30
-35
-11
25
44
17
-22
-51
-48
-13
19
25
2
-36
-57
-38
-13
24
30
-6
-43
-64
-56
-11
22
18
-13
-57
-72
-49
-9
23
14
-26
-60
-74
-45
0
29
15
-30
-66
-69
-34
6
30
6
-33
-65
-67
-24
18
35
11
-36
-55
-44
-14
30
35
6
-35
-61
-39
1
36
44
10
-44
-58
-39
0
30
27
2
-43
-53
-26
9
29
12
-20
-44
-43
-8
24
34
5
-29
-53
-44
-6
22
27
-6
-34
-39
-19
17
37
25
-11
-39
-49
-24
20
43
28
-13
-48
-40
1
34
44
17
-24
-56
-44
-1
43
46
7
-38
-59
-36
4
48
43
4
-40
-50
-17
22
52
34
-5
-37
-46
-12
34
51
26
-13
-41
-37
4
40
51
18
-19
-36
-30
12
47
53
9
-32
-42
-25
17
53
45
-2
-36
-41
-13
24
58
42
-8
-46
-46
-2
52
68
38
-10
-47
-42
1
53
57
23
-20
-42
-28
3
50
56
17
-33
-54
-35
7
53
57
7
-38
-49
-19
25
52
43
-7
-46
-40
-1
25
36
23
-18
-49
-33
15
37
34
16
-24
-51
-29
15
39
32
8
-31
-58
-31
23
45
23
-9
-35
-45
-16
29
40
22
-14
-39
-39
-15
29
38
12
-19
-43
-38
-7
29
41
21
-19
-46
-35
-7
28
43
15
-22
-36
-20
8
25
29
6
-19
-23
-5
14
23
30
10
-18
-30
-7
23
29
26
4
-19
-22
5
21
20
26
8
-18
-12
13
31
23
7
-3
-11
-2
11
11
17
12
-6
-9
12
22
22
22
15
6
8
25
25
23
20
15
9
20
31
20
13
7
5
2
19
37
37
18
5
8
10
31
43
28
-1
-15
-12
6
26
43
32
4
-18
-8
25
40
38
15
-7
-26
-16
26
48
43
26
-5
-22
-11
25
44
31
25
-2
-24
-8
35
52
31
15
-4
-16
1
37
49
29
5
-14
-10
9
49
61
27
-1
-19
-10
15
35
41
20
-11
-24
-7
13
29
37
18
-22
-31
-6
22
19
11
2
-22
-29
-2
15
11
16
15
-6
-23
2
16
7
8
-3
-20
-20
-2
9
11
7
-1
-24
-23
4
14
10
-4
-14
-21
-26
-8
2
8
13
-7
-14
-14
-13
-7
5
5
-18
-19
-13
-15
-10
-5
5
-7
-4
-3
-17
-15
-8
-1
-11
-10
-9
-19
-8
11
9
0
1
-5
-20
-9
15
16
15
12
-4
-13
4
21
20
19
17
-3
-13
4
21
28
27
24
-4
-11
18
35
38
23
12
-5
-11
6
27
34
22
2
-1
7
19
34
41
29
0
-12
17
36
35
35
17
-4
-7
11
36
39
26
4
-9
-14
-2
38
50
30
2
-16
-13
0
34
54
22
-21
-23
-10
-1
30
49
31
-17
-25
6
5
12
23
11
-14
-26
-4
14
11
10
5
-14
-23
-9
6
19
0
-21
-24
-15
-4
-3
8
-6
-28
-29
-6
1
3
16
-11
-43
-31
-12
4
4
-4
-19
-40
-21
5
13
2
-7
-13
-38
-35
5
21
2
-15
-14
-19
-37
-15
22
12
-24
-28
-10
-17
-21
7
21
-18
-32
-13
-14
-19
-3
3
-17
-21
-7
-8
-15
-8
-2
-18
-24
-12
-9
-14
-12
-5
-10
-20
-24
-10
4
-12
-15
0
-3
-17
-15
5
2
-16
-16
-6
-11
-22
-2
6
-10
-7
-4
-10
-9
7
6
-6
1
3
-9
-5
10
1
-14
-2
15
0
-10
13
19
3
-2
-1
3
-2
13
25
12
7
8
12
9
8
19
20
8
6
2
13
22
19
17
-1
0
8
8
0
5
15
0
-10
-2
8
14
0
-1
-10
-20
-7
6
22
4
-8
-7
-20
-17
3
19
0
-24
-14
-15
-25
-2
24
11
-19
-22
-11
-19
-11
17
10
-16
-21
-8
-10
-14
12
18
-14
-20
2
2
-4
6
21
4
-20
-6
3
-8
-9
8
10
-9
-14
6
9
5
0
2
3
-12
-5
10
11
2
-3
-1
-4
-5
-3
8
15
7
1
6
7
4
9
8
7
-4
-14
3
18
15
-1
2
3
-3
-5
6
17
6
1
-5
-1
5
4
2
7
8
-6
-6
-9
7
18
5
-12
-8
2
-4
-5
-5
7
-1
-17
-17
-10
1
-2
-9
-16
-16
-16
-13
-11
-2
10
-1
-19
-14
-4
-8
-8
2
2
-8
-9
-1
9
7
3
13
14
9
6
8
12
9
3
10
13
17
17
5
11
9
6
7
16
27
15
2
2
6
7
10
13
7
10
6
9
14
12
11
10
7
-2
-4
5
12
10
1
-2
3
1
-7
-2
9
7
-2
4
13
4
4
4
4
-5
-7
5
4
-3
5
8
2
-1
-2
-1
-5
2
3
-4
-3
2
5
-5
-6
0
-2
-11
-1
5
-1
-7
-7
-2
4
5
3
11
14
-2
-14
-3
13
15
-1
1
6
8
4
-2
2
6
13
7
4
11
16
21
28
25
14
10
22
34
25
20
28
34
26
21
28
34
37
30
32
35
37
33
43
47
39
35
35
43
38
32
34
36
34
25
16
26
34
22
13
24
35
20
9
16
33
25
15
14
18
21
9
3
7
13
13
9
4
12
16
8
7
5
12
8
-3
-4
-4
4
8
13
6
-4
-10
-6
5
-4
-6
-2
-8
-7
-8
-7
-5
-6
-4
-6
-13
-10
-3
-7
-5
-7
-8
-3
-3
-10
-16
-7
-4
-13
-24
-8
1
-12
-18
-12
-2
-7
-11
-8
-5
-8
-5
-4
-2
3
5
3
-3
2
15
13
5
12
15
12
6
12
14
19
19
8
13
15
14
15
21
22
16
19
22
18
21
20
22
23
19
19
25
27
25
20
19
32
32
22
11
19
33
31
24
25
29
34
27
14
23
29
23
27
32
21
21
29
24
11
10
23
25
23
16
11
6
12
23
14
8
12
22
4
-11
6
15
9
-6
-6
-2
-11
-15
-15
-2
-6
-19
-14
-11
-18
-31
-35
-23
-16
-24
-26
-16
-14
-22
-32
-24
-17
-19
-23
-19
-13
-19
-29
-32
-20
-19
-28
-35
-21
-5
-13
-33
-33
-13
-17
-25
-20
-8
0
-13
-22
-17
-13
-10
-9
-9
-8
-15
-9
-3
-2
1
-1
4
13
6
-3
3
7
6
1
0
5
12
10
1
9
19
13
10
15
24
14
0
6
17
19
17
6
6
14
7
9
15
28
30
16
2
12
21
5
7
21
23
19
18
21
22
19
14
13
17
12
4
8
19
12
1
1
1
11
5
4
4
6
5
-7
3
8
0
-3
-5
2
10
-2
-10
-6
-7
0
-10
-14
5
9
0
-11
0
2
-1
1
7
17
4
-6
2
11
3
1
7
12
8
1
15
22
15
1
10
21
12
-2
-6
1
9
1
-7
6
8
2
-11
-3
2
-3
-4
-5
7
-5
-14
-19
-16
-8
-8
-7
-5
-1
-11
-21
-18
-7
-14
-21
-10
-1
-15
-31
-20
-4
-7
-25
-23
-9
-4
-13
-24
-17
-19
-24
-25
-13
-5
-10
-11
-16
-13
-9
-9
1
10
12
4
-7
4
7
-3
-4
10
20
10
-2
4
15
9
3
8
13
13
14
14
21
29
17
7
15
27
14
6
17
29
23
18
31
39
28
18
23
30
32
20
20
27
27
26
19
19
29
31
16
16
31
31
27
16
17
23
11
12
22
16
8
12
24
30
20
9
16
22
11
9
8
10
21
10
9
12
8
0
-5
6
5
1
-8
-12
-8
-10
-11
-15
-8
-5
-14
-19
-12
-5
-12
-27
-24
-16
-20
-31
-29
-13
-15
-29
-29
-19
-18
-29
-33
-25
-22
-38
-45
-28
-22
-34
-37
-25
-17
-35
-48
-38
-27
-25
-41
-44
-20
-18
-33
-41
-30
-17
-23
-36
-33
-16
-20
-31
-29
-18
-6
-12
-31
-18
-8
-17
-29
-33
-11
-4
-17
-21
-13
-12
-17
-16
-10
-8
1
-1
-4
-2
-2
2
5
6
-9
-5
6
6
3
-2
3
-3
4
10
12
19
21
15
9
9
17
25
12
8
15
16
17
14
17
19
13
12
20
28
19
22
21
20
25
20
26
32
30
27
18
14
19
20
20
14
8
13
18
17
10
2
0
8
5
-4
-1
6
10
5
-5
1
9
0
-7
-7
-6
5
-3
-9
-4
1
1
-11
-14
0
13
-4
-19
-6
-2
-11
-24
-15
-4
-9
-18
-23
-9
-9
-13
-13
-8
-8
-19
-23
-16
-7
-19
-19
-14
-20
-22
-15
-9
-18
-11
-13
-20
-13
-14
-18
-20
-13
-6
-15
-25
-20
-7
-2
-1
-10
-13
-7
-6
-14
-17
-6
-1
-11
-16
-13
-11
-3
-3
-18
-24
-16
-11
-17
-26
-20
-6
-11
-17
-16
-7
-5
-15
-29
-31
-27
-16
-10
-10
-7
-11
-20
-25
-20
-17
-13
-13
-19
-9
-2
-21
-23
-8
-9
-10
-20
-20
-12
-13
-16
-22
-16
-8
-14
-22
-19
-18
-23
-19
-16
-16
-11
-12
-18
-24
-15
-13
-20
-12
-9
-15
-13
-16
-24
-11
-3
-7
-8
-9
-6
-11
-16
-14
-5
1
-5
-7
-8
-11
-6
1
0
-9
-8
1
4
-2
-6
-7
1
5
-6
-4
8
9
-1
-7
-1
10
7
-1
-3
7
7
-5
-1
17
14
-4
-1
9
3
-7
-1
2
3
-3
-3
2
5
5
5
-5
-12
0
-3
-8
-9
-5
-1
-11
-11
-8
-6
2
-6
-9
-4
-1
-4
-13
-7
-11
-16
-15
-5
0
-6
-16
-15
-13
-13
-9
-11
-5
-4
-8
-17
-15
-12
-5
-1
-11
-7
-4
-6
-9
0
4
-5
-10
-1
4
-3
-6
6
20
10
-1
1
9
15
11
3
7
12
12
12
9
16
15
9
5
13
19
22
22
12
20
21
7
4
14
26
27
11
5
21
22
15
3
5
22
22
7
3
25
32
18
-2
-5
23
29
12
7
12
16
13
8
11
19
26
17
4
11
25
29
14
11
19
21
8
3
12
14
6
3
16
18
22
19
14
17
15
11
10
22
24
24
20
17
12
11
25
26
17
11
21
35
26
20
20
22
21
14
18
22
19
21
21
21
17
14
17
19
19
6
10
9
7
13
9
10
9
4
5
11
9
1
4
9
1
-10
-2
13
16
2
-6
-5
-1
-2
-10
-12
1
12
0
-13
-11
-6
4
-4
-15
-10
-6
-7
-9
-11
-6
-7
-13
-16
-15
-8
-13
-14
-14
-12
-12
-19
-13
-12
-11
-9
-8
-3
-2
-6
-9
-12
-7
-2
-7
-4
-4
-3
-2
-8
-8
-4
-2
2
10
1
-7
-6
-2
1
-1
-1
-6
-1
-2
-13
-10
-8
-5
-6
-5
-10
-15
-4
-6
-9
-16
-15
-2
-7
-12
-20
-21
-20
-24
-10
-2
-9
-12
-11
-3
-3
-5
-1
4
3
-5
-12
-5
11
19
12
-6
-5
3
6
5
6
8
4
-3
-1
1
-1
1
8
2
-7
0
4
1
-10
-3
-1
-17
-20
-8
-5
-15
-16
-13
-10
-8
-7
-14
-8
1
-6
-11
-5
2
3
6
-2
3
3
4
6
7
13
7
13
13
14
13
7
9
15
19
11
11
17
23
14
-2
4
12
11
7
14
16
10
6
10
15
7
3
8
10
4
6
13
17
9
-5
0
6
7
7
4
7
11
14
7
-1
13
17
15
9
13
14
17
20
15
12
7
21
24
20
18
24
27
23
11
6
20
23
24
14
22
35
28
15
4
20
26
16
12
19
21
20
9
8
22
22
16
9
8
12
10
10
12
14
17
6
4
4
5
8
4
-1
-9
-5
5
8
5
5
7
7
5
0
2
9
16
12
7
12
7
2
-1
0
7
4
-1
-2
-1
-11
-15
-11
-7
-13
-22
-12
-16
-23
-26
-27
-30
-41
-35
-29
-28
-33
-37
-38
-38
-30
-34
-37
-27
-21
-18
-22
-18
-4
4
13
10
8
9
18
23
24
27
34
39
21
23
38
35
28
29
30
31
35
25
27
31
24
22
13
8
11
22
26
24
27
35
38
35
34
37
50
58
63
65
73
77
69
73
83
82
78
68
71
80
67
65
64
62
46
27
33
29
25
25
7
-5
-28
-49
-54
-61
-69
-91
-112
-122
-138
-150
-147
-164
-186
-196
-201
-209
-227
-232
-227
-221
-246
-258
-244
-238
-217
-214
-211
-187
-179
-162
-149
-124
-83
-53
-14
19
45
75
114
155
167
198
245
261
271
264
257
270
258
232
221
205
180
147
106
80
80
73
47
23
15
22
37
52
69
100
121
144
177
212
294
378
443
510
561
633
721
797
886
974
1041
1094
1137
1168
1195
1231
1235
1229
1191
1086
1001
922
810
660
465
298
112
-142
-380
-588
-773
-993
-1257
-1506
-1688
-1823
-2009
-2178
-2305
-2401
-2484
-2613
-2712
-2724
-2720
-2742
-2764
-2763
-2691
-2595
-2505
-2405
-2249
-2065
-1868
-1649
-1457
-1218
-969
-681
-408
-195
61
330
599
819
1075
1336
1558
1780
1928
2086
2254
2402
2567
2672
2725
2753
2750
2719
2642
2582
2524
2415
2237
1988
1778
1568
1339
1109
845
623
371
120
-97
-291
-406
-470
-506
-566
-554
-475
-357
-167
43
266
507
741
954
1200
1483
1797
2040
2217
2380
2539
2691
2780
2851
2879
2870
2756
2517
2305
2045
1722
1318
801
312
-198
-770
-1349
-1916
-2426
-2924
-3409
-3894
-4299
-4586
-4877
-5136
-5355
-5520
-5601
-5704
-5787
-5782
-5740
-5645
-5566
-5472
-5287
-5055
-4787
-4487
-4127
-3747
-3352
-2919
-2469
-1969
-1396
-862
-315
244
779
1418
1961
2543
3146
3660
4207
4618
5025
5402
5688
5916
6059
6218
6246
6170
6027
5798
5625
5349
4945
4569
4091
3560
2986
2332
1766
1175
548
-125
-787
-1292
-1784
-2205
-2547
-2773
-2851
-2929
-2916
-2771
-2527
-2157
-1840
-1469
-996
-574
-58
385
848
1366
1785
2244
2617
2997
3307
3514
3737
3843
3900
3805
3579
3361
3015
2578
2042
1450
889
259
-395
-1027
-1636
-2202
-2736
-3266
-3750
-4155
-4499
-4866
-5237
-5552
-5818
-6010
-6254
-6501
-6626
-6676
-6704
-6749
-6730
-6560
-6329
-6127
-5893
-5532
-5065
-4598
-4120
-3577
-2908
-2197
-1518
-755
21
884
1728
2500
3321
4122
4918
5550
6132
6636
7057
7437
7653
7871
7940
7919
7826
7638
7418
7053
6628
6147
5595
4938
4146
3314
2492
1607
713
-229
-1082
-1843
-2632
-3234
-3741
-4094
-4292
-4391
-4336
-4184
-3905
-3506
-3074
-2614
-2100
-1520
-867
-314
254
825
1396
2004
2476
3016
3465
3854
4199
4349
4545
4607
4577
4373
4010
3699
3213
2685
2045
1374
799
117
-519
-1189
-1808
-2319
-2894
-3416
-3926
-4385
-4802
-5267
-5709
-6102
-6424
-6725
-7037
-7281
-7468
-7608
-7641
-7666
-7604
-7484
-7353
-7090
-6801
-6427
-5989
-5474
-4868
-4240
-3496
-2641
-1674
-630
321
1344
2409
3438
4501
5358
6249
6985
7595
8184
8551
8958
9120
9226
9270
9166
9058
8742
8399
7929
7355
6732
5912
5066
4107
2978
1873
739
-314
-1378
-2476
-3394
-4207
-4791
-5257
-5541
-5584
-5609
-5406
-5047
-4581
-3949
-3425
-2803
-2093
-1381
-605
-9
702
1406
2028
2705
3221
3853
4406
4823
5191
5367
5666
5816
5710
5505
5065
4743
4281
3619
2937
2134
1475
643
-175
-854
-1574
-2164
-2885
-3551
-4090
-4615
-5054
-5619
-6148
-6551
-7007
-7326
-7639
-7972
-8147
-8380
-8452
-8463
-8467
-8345
-8271
-8020
-7764
-7446
-6931
-6472
-5903
-5270
-4545
-3582
-2571
-1429
-338
679
1871
3009
4275
5385
6244
7096
7794
8525
9024
9428
9771
9873
9997
9965
9838
9674
9338
8921
8360
7672
6943
6065
5104
3944
2635
1449
281
-864
-2034
-3217
-4205
-4955
-5470
-5836
-6101
-6158
-6090
-5830
-5348
-4834
-4216
-3577
-2926
-2260
-1555
-751
16
779
1448
2060
2786
3557
4262
4811
5261
5722
6137
6468
6605
6512
6359
6055
5629
5103
4438
3715
2901
1996
1034
183
-526
-1255
-2109
-2916
-3637
-4228
-4715
-5315
-5930
-6539
-7033
-7505
-7903
-8218
-8627
-8933
-9129
-9220
-9271
-9282
-9217
-9122
-8933
-8696
-8379
-7889
-7375
-6866
-6253
-5480
-4456
-3317
-2082
-1005
39
1357
2750
4165
5300
6228
7101
8005
8870
9446
9965
10417
10713
10847
10870
10830
10767
10555
10100
9478
8772
8032
7112
6092
4824
3431
2150
908
-350
-1713
-2995
-4059
-4901
-5544
-6074
-6487
-6565
-6540
-6370
-5968
-5490
-4790
-4165
-3498
-2824
-2051
-1083
-264
514
1213
1935
2768
3630
4380
4958
5492
6049
6533
6901
7082
7047
6905
6607
6199
5617
4945
4134
3211
2263
1245
348
-425
-1146
-2021
-2875
-3596
-4167
-4665
-5276
-5957
-6678
-7223
-7723
-8182
-8625
-9108
-9430
-9596
-9686
-9783
-9781
-9656
-9464
-9293
-9120
-8839
-8410
-7932
-7522
-7076
-6335
-5308
-4160
-2968
-1903
-666
781
2348
3854
5024
6135
7119
8168
9130
9805
10392
10830
11167
11356
11456
11445
11385
11154
10730
10138
9428
8713
7802
6771
5485
4050
2769
1492
121
-1300
-2709
-3832
-4802
-5644
-6292
-6856
-7037
-7146
-7047
-6676
-6213
-5500
-4832
-4092
-3282
-2461
-1458
-518
329
1155
1831
2747
3682
4449
5155
5663
6408
7021
7467
7828
7863
7929
7736
7342
6894
6144
5330
4304
3188
2211
1102
178
-756
-1731
-2573
-3461
-4046
-4613
-5258
-5960
-6756
-7287
-7798
-8356
-8896
-9434
-9732
-9951
-10151
-10219
-10234
-10054
-9912
-9826
-9658
-9450
-9040
-8702
-8463
-8131
-7593
-6682
-5616
-4492
-3381
-2271
-851
769
2429
3864
4987
6120
7249
8388
9257
9928
10567
11007
11312
11437
11541
11652
11554
11229
10767
10216
9594
8772
7832
6755
5483
4171
2811
1472
41
-1437
-2789
-3902
-4908
-5821
-6598
-7135
-7314
-7385
-7177
-6881
-6336
-5586
-4886
-4023
-3124
-2116
-1122
-174
738
1599
2470
3423
4263
5045
5769
6381
7105
7677
8195
8487
8576
8564
8360
8043
7408
6586
5656
4602
3414
2230
1097
52
-1021
-2084
-2999
-3824
-4470
-5281
-6024
-6710
-7428
-8058
-8789
-9319
-9849
-10346
-10695
-10978
-11069
-11137
-11204
-11086
-10869
-10690
-10460
-10164
-9653
-9211
-8774
-8056
-7154
-5923
-4729
-3561
-2305
-871
736
2306
3763
4941
6021
7070
8198
9113
9841
10424
10851
11344
11621
11819
11880
11918
11774
11371
10840
10153
9408
8452
7323
5955
4610
3209
1778
266
-1206
-2543
-3793
-4798
-5796
-6457
-7060
-7377
-7412
-7251
-6861
-6570
-5935
-5150
-4214
-3329
-2484
-1498
-392
641
1550
2513
3514
4572
5325
6138
6904
7667
8295
8653
9062
9201
9209
8971
8609
8080
7299
6334
5246
4115
2964
1760
469
-662
-1818
-2827
-3880
-4824
-5655
-6535
-7289
-8171
-8802
-9375
-9953
-10460
-10938
-11178
-11381
-11577
-11636
-11748
-11774
-11705
-11686
-11349
-11110
-10845
-10481
-9981
-8996
-8013
-6780
-5395
-4101
-2550
-1001
649
2454
3827
5056
6099
7214
8473
9181
9984
10600
11087
11710
11951
12344
12619
12646
12593
12199
11895
11343
10373
9437
8138
6822
5382
3684
2166
464
-1066
-2558
-3954
-4957
-5997
-6793
-7364
-7687
-7581
-7411
-7125
-6717
-6151
-5235
-4427
-3518
-2555
-1666
-599
345
1449
2505
3496
4527
5385
6372
7289
8021
8659
9158
9531
9662
9518
9305
8850
8153
7263
6176
5136
3950
2694
1485
332
-799
-1922
-2970
-3920
-4862
-5866
-6710
-7608
-8391
-9115
-9884
-10478
-11071
-11534
-11891
-12173
-12268
-12406
-12566
-12477
-12419
-12104
-11772
-11554
-11066
-10601
-9680
-8623
-7399
-5913
-4653
-3137
-1474
225
2028
3517
4795
6031
7195
8503
9433
10230
11037
11541
12151
12573
12975
13329
13387
13211
12902
12551
12021
11112
9962
8796
7313
5868
4265
2545
915
-862
-2430
-3853
-5026
-6052
-7062
-7693
-7967
-8026
-7717
-7338
-6823
-6111
-5383
-4334
-3319
-2247
-1383
-647
415
1340
2356
3273
4065
4957
5750
6683
7516
8174
8808
9125
9419
9564
9405
9096
8335
7432
6343
5097
3896
2485
1243
-4
-1350
-2417
-3418
-4252
-5116
-6098
-6882
-7633
-8187
-8787
-9564
-10180
-10831
-11379
-11779
-12183
-12498
-12832
-13068
-13148
-13147
-12898
-12676
-12351
-11734
-10996
-9922
-8515
-6894
-5380
-3852
-2183
-360
1478
3005
4303
5443
6728
7824
8777
9719
10462
11158
11759
12394
12953
13447
13749
13792
13688
13442
12926
12094
11113
9808
8294
6628
4894
3097
1326
-448
-2188
-3603
-4762
-5621
-6402
-6931
-7256
-7327
-7040
-6782
-6439
-6025
-5535
-4965
-4252
-3531
-2854
-2192
-1368
-441
467
1626
2655
3749
4797
5722
6713
7553
8292
8628
8767
8858
8766
8417
7807
6960
6063
5151
4110
3172
2257
1438
474
-450
-1187
-2029
-2837
-3864
-4961
-5965
-6877
-7764
-8724
-9601
-10404
-11159
-11755
-12204
-12641
-12893
-13179
-13402
-13435
-13345
-13072
-12844
-12383
-11759
-10872
-9573
-8153
-6703
-5176
-3439
-1633
195
1851
3360
4813
6242
7566
8620
9667
10610
11437
12099
12626
13090
13503
13782
13750
13656
13400
12948
12223
11323
10296
8970
7510
5915
4225
2512
781
-943
-2424
-3667
-4699
-5553
-6187
-6451
-6544
-6380
-6123
-5794
-5318
-4795
-4233
-3670
-3110
-2584
-1960
-1345
-740
-111
656
1577
2440
3310
4192
5094
5965
6653
7110
7425
7595
7589
7284
6741
6131
5415
4646
3724
2784
1939
1142
403
-372
-1095
-1790
-2508
-3278
-4130
-4992
-5933
-6922
-7872
-8821
-9630
-10362
-11056
-11635
-12224
-12695
-13147
-13468
-13575
-13710
-13636
-13364
-12788
-11825
-10603
-9184
-7794
-6243
-4473
-2603
-704
917
2345
3761
5239
6673
7801
8845
9800
10686
11581
12265
12945
13499
13809
13996
13950
13883
13596
12912
12091
10901
9628
8349
6735
5044
3193
1456
-119
-1757
-3070
-4285
-5204
-5665
-6035
-6093
-6045
-5780
-5290
-4858
-4283
-3897
-3545
-3078
-2634
-2088
-1635
-1166
-641
-12
813
1553
2300
3144
3938
4821
5541
6037
6404
6573
6714
6470
5994
5458
4719
4070
3339
2516
1789
1106
493
-183
-902
-1418
-2048
-2681
-3330
-4236
-4979
-5841
-6794
-7771
-8799
-9646
-10557
-11356
-12052
-12727
-13109
-13358
-13652
-13714
-13520
-12955
-12046
-10974
-9739
-8483
-6826
-5042
-3297
-1598
-229
1159
2552
4066
5457
6608
7779
8816
9869
10992
11907
12696
13346
13732
14069
14111
14055
13717
12958
12142
10807
9466
8101
6465
4859
3066
1480
117
-1148
-2190
-3293
-4163
-4608
-5002
-5175
-5331
-5402
-5154
-4908
-4469
-4153
-3811
-3326
-2981
-2465
-2037
-1497
-823
-208
505
1108
1887
2694
3316
3896
4237
4543
4823
4945
4966
4722
4397
4077
3651
3348
2930
2444
2082
1643
1370
1016
521
-76
-881
-1651
-2553
-3516
-4470
-5481
-6455
-7256
-8002
-8683
-9354
-10051
-10661
-11220
-11524
-11922
-12234
-12416
-12366
-11856
-11173
-10234
-9478
-8377
-6953
-5410
-3654
-2255
-846
543
2063
3596
4853
6098
7243
8259
9293
10253
11124
12013
12573
13034
13310
13471
13454
13028
12489
11548
10517
9287
7837
6220
4598
3105
1524
105
-1290
-2390
-3177
-3645
-4035
-4351
-4437
-4354
-3978
-3674
-3351
-3232
-2917
-2517
-2228
-1835
-1687
-1409
-1144
-759
-397
-37
444
921
1472
1967
2480
2747
3064
3202
3164
3080
2762
2453
2044
1702
1309
995
738
506
252
25
-130
-444
-691
-1205
-1746
-2344
-3090
-3818
-4687
-5397
-6164
-6949
-7731
-8548
-9198
-9638
-10062
-10459
-10852
-10995
-10608
-10031
-9090
-8443
-7583
-6316
-5037
-3376
-2353
-1273
-252
763
2171
3017
4095
5049
5952
7137
7980
9018
9978
10715
11492
11852
12245
12573
12411
12147
11288
10316
9345
7969
6564
4768
3157
1822
499
-651
-1921
-2910
-3473
-3856
-4050
-4251
-4384
-4151
-3842
-3357
-2992
-2738
-2297
-2061
-1562
-1206
-887
-453
-215
266
616
1027
1434
1633
1887
1993
1998
1999
1851
1639
1398
1007
690
354
155
76
-80
-48
10
129
312
346
218
-13
-436
-988
-1645
-2412
-3136
-3999
-4697
-5261
-5785
-6128
-6675
-7240
-7689
-7979
-8202
-8558
-8960
-9147
-8910
-8287
-7645
-7248
-6505
-5500
-4156
-2766
-1710
-595
438
1882
3101
4089
5193
6000
7025
7758
8467
9258
9879
10546
10747
10897
11117
11064
10950
10474
9627
8783
7731
6649
5333
3866
2568
1007
-295
-1487
-2645
-3396
-4174
-4845
-5259
-5426
-5254
-5045
-4775
-4337
-3999
-3225
-2456
-1906
-1181
-733
-84
455
1058
1641
1850
2289
2482
2752
2992
2964
2831
2513
2294
1979
1623
1228
657
192
-70
-415
-664
-800
-871
-933
-1066
-1034
-1202
-1317
-1584
-2152
-2697
-3298
-3840
-4558
-5161
-5729
-6216
-6559
-6996
-7379
-7664
-7746
-7958
-8193
-8271
-8074
-7544
-6827
-6299
-5833
-4859
-3734
-2394
-1412
-546
514
1603
3176
4247
5279
6370
7265
8342
9130
9896
10504
10919
11250
11353
11337
11303
10931
10319
9589
8511
7559
6458
5199
3861
2356
1083
-185
-1368
-2454
-3693
-4761
-5519
-6107
-6410
-6667
-6855
-6803
-6541
-5893
-5283
-4648
-3992
-3327
-2378
-1449
-526
248
996
1725
2310
2950
3424
3777
3975
3969
3924
3840
3694
3430
2934
2416
1998
1555
1297
819
387
178
-119
-185
-505
-795
-1132
-1657
-2065
-2750
-3374
-3984
-4656
-5261
-5820
-6263
-6561
-6908
-7271
-7644
-7994
-8137
-8446
-8589
-8791
-8762
-8356
-7847
-7021
-6444
-5413
-4300
-3054
-1601
-534
773
1931
3269
4628
5754
6912
7977
8936
9893
10685
11272
12003
12255
12611
12664
12399
12283
11589
11044
10053
8803
7680
6132
4663
3112
1397
-30
-1528
-2985
-4139
-5357
-5943
-6503
-6992
-7144
-7467
-7178
-6927
-6572
-6107
-5803
-5151
-4527
-3798
-3015
-2289
-1456
-621
194
1101
1848
2635
3274
3717
4225
4391
4599
4512
4272
4038
3512
3151
2607
2114
1735
1205
879
616
381
265
-92
-407
-780
-1319
-1738
-2589
-3436
-4253
-5118
-5784
-6578
-7128
-7626
-8055
-8365
-8781
-8976
-9122
-9242
-9362
-9450
-9090
-8487
-7609
-6832
-6211
-5031
-3808
-2375
-1133
-193
1061
2157
3630
4961
6060
7410
8489
9591
10659
11512
12423
13086
13331
13525
13337
13220
12896
12009
11174
9824
8525
7279
5704
4263
2623
1049
-329
-1821
-2928
-3933
-5049
-5827
-6715
-7122
-7215
-7497
-7469
-7569
-7252
-6728
-6234
-5435
-4957
-4243
-3320
-2477
-1480
-626
304
1087
1709
2564
3206
3723
4069
4136
4312
4296
4274
4194
3808
3540
3166
2928
2707
2233
2068
1795
1450
1158
708
318
-336
-1108
-1967
-3101
-4100
-4990
-5966
-6795
-7557
-8049
-8336
-8767
-9056
-9379
-9554
-9778
-10066
-10245
-10356
-9972
-9343
-8538
-7974
-7071
-5656
-4230
-2638
-1445
-122
1230
2727
4379
5660
6916
8068
9234
10278
11266
12061
12829
13351
13539
13900
13927
13823
13327
12529
11717
10521
9329
8011
6300
4703
3098
1488
125
-1481
-2735
-4037
-5360
-6113
-6974
-7337
-7859
-8395
-8309
-8239
-7739
-7288
-6910
-6267
-5662
-4611
-3647
-2989
-2043
-1217
-294
504
1193
2115
2641
3210
3643
3942
4402
4557
4728
4662
4448
4456
4257
4058
3690
3178
2969
2509
2157
1864
1304
873
161
-437
-1189
-2278
-3158
-4317
-5328
-6218
-7125
-7732
-8468
-8986
-9463
-9904
-10048
-10502
-10782
-11092
-11241
-10854
-10342
-9499
-9014
-8212
-6842
-5440
-3696
-2417
-1140
365
1893
3741
5137
6445
7850
8932
10171
11064
11791
12777
13288
13690
13930
14021
14224
13830
13329
12686
11516
10506
9079
7415
5900
4079
2560
776
-1014
-2320
-3769
-4801
-5898
-6851
-7242
-7792
-8033
-7977
-7792
-7377
-7149
-6614
-5917
-5348
-4347
-3714
-3147
-2400
-1548
-436
22
678
1382
1969
2668
2959
3417
3714
3908
4193
4291
4311
4313
4170
4002
3535
3108
3044
2491
1957
1386
951
610
-78
-617
-1513
-2512
-3337
-4193
-5043
-5932
-6808
-7409
-8005
-8657
-9104
-9592
-9945
-10559
-10972
-11206
-11387
-10933
-10270
-9539
-9103
-8126
-6620
-5115
-3576
-2388
-1049
327
1979
3711
5072
6344
7575
8788
9939
10879
11758
12739
13230
13651
14082
14397
14550
14140
13659
12858
11753
10705
9304
7580
5871
4096
2475
804
-879
-2257
-3790
-5052
-6101
-6863
-7222
-7723
-8009
-7905
-7581
-7091
-6596
-6127
-5591
-5075
-4274
-3553
-3063
-2362
-1632
-893
-351
348
1145
1815
2322
2732
3250
3633
4047
4238
4336
4286
4180
4150
3910
3619
3250
3060
2708
2335
2058
1707
1218
480
-212
-1117
-2118
-3137
-4065
-4943
-5809
-6508
-7116
-7575
-8179
-8780
-9269
-9798
-10362
-10868
-11317
-11520
-11317
-10666
-9922
-9568
-8584
-7212
-5757
-4217
-3084
-1577
-181
1388
3167
4388
5830
7124
8306
9518
10255
11275
12251
12797
13302
13587
14015
14091
13733
13381
12700
11802
10730
9444
7849
6274
4629
2930
1109
-766
-2239
-3774
-5097
-6249
-7071
-7430
-7798
-7969
-7709
-7272
-6837
-6245
-5673
-4982
-4406
-3660
-2995
-2662
-1996
-1320
-684
-310
214
913
1529
2103
2600
3199
3623
4102
4438
4729
4783
4741
4686
4365
3975
3471
3243
2685
2173
1759
1361
1070
475
79
-670
-1480
-2281
-3142
-3926
-4888
-5756
-6530
-7283
-8055
-8713
-9352
-9911
-10725
-11259
-11674
-11981
-11603
-11211
-10449
-10111
-9176
-7597
-6345
-4722
-3692
-2325
-903
509
2326
3561
4875
6223
7418
8688
9716
10689
11859
12427
13014
13629
13906
14249
13859
13521
12905
11747
10864
9498
7929
6371
4533
2987
1245
-476
-1759
-3433
-4622
-5754
-6595
-6792
-7339
-7346
-7359
-7145
-6575
-6209
-5461
-5030
-4643
-3939
-3416
-2726
-2108
-1532
-867
-560
179
931
1432
2029
2250
2794
3212
3558
4052
4090
4204
4202
4160
4268
3970
3672
3403
2885
2639
2269
1958
1507
775
378
-339
-1063
-1792
-2679
-3506
-4495
-5324
-6096
-6961
-7696
-8539
-9258
-9905
-10729
-11255
-11914
-12113
-11981
-11663
-11066
-10848
-9701
-8367
-6898
-5326
-4219
-2590
-1129
623
2362
3589
5039
6396
7608
8825
9737
10750
11770
12246
13027
13432
13840
14191
13800
13693
12976
12144
11235
9657
8258
6529
4713
3097
1054
-592
-2165
-3814
-4862
-6154
-6738
-7119
-7489
-7221
-7224
-6609
-6059
-5566
-4848
-4537
-3906
-3428
-3052
-2563
-2295
-1722
-1163
-741
-1
565
1309
1959
2423
3215
3596
4103
4453
4475
4606
4414
4361
4047
3478
3174
2730
2402
2122
1738
1567
1263
966
666
49
-567
-1329
-2124
-2951
-4068
-5033
-6051
-7214
-8243
-9261
-10021
-10921
-11704
-12184
-12527
-12199
-11635
-10915
-10438
-9692
-8315
-6944
-5447
-4382
-3281
-2062
-671
916
2236
3546
4799
6100
7352
8673
9854
11129
12120
12761
13607
14113
14606
14485
14071
13571
12505
11558
10216
8572
7027
5241
3564
1865
117
-1160
-2637
-3827
-4872
-5983
-6296
-6763
-6971
-7036
-7066
-6655
-6443
-5841
-5314
-5004
-4372
-3836
-3233
-2572
-1900
-1086
-542
102
972
1651
2377
2773
3131
3589
3770
4111
4214
4138
4068
3878
3945
3665
3310
3273
2930
2715
2497
2337
2224
1721
1487
975
130
-478
-1353
-2245
-3318
-4439
-5237
-6346
-7219
-8104
-9060
-9713
-10651
-11226
-11820
-12087
-11770
-11391
-10823
-10552
-9577
-8218
-6848
-5499
-4515
-3308
-2071
-454
1105
2321
3594
4989
6301
7575
8854
10005
11160
11877
12750
13458
14014
14473
14155
13839
13175
12331
11421
9878
8249
6566
4803
3286
1485
-104
-1534
-3112
-4052
-5230
-6037
-6492
-7005
-7041
-7281
-7020
-6639
-6381
-5752
-5408
-4936
-4321
-3792
-3037
-2518
-1857
-1039
-504
375
1058
1800
2546
2883
3511
3889
4263
4636
4682
4787
4649
4580
4589
4131
3787
3539
3213
3010
2581
2357
1984
1535
1345
702
84
-631
-1421
-2178
-3289
-4149
-5122
-6162
-7149
-8375
-9149
-10064
-10856
-11480
-12252
-12208
-12024
-11347
-10862
-10615
-9313
-8154
-6664
-5404
-4452
-2999
-1822
-241
1122
2117
3619
4851
6026
7328
8361
9779
10841
11692
12729
13190
13926
14089
13777
13564
12756
12099
11020
9489
8059
6313
4801
3211
1387
-23
-1711
-3010
-3984
-5076
-5630
-6254
-6455
-6682
-6862
-6499
-6429
-6108
-5729
-5405
-4969
-4598
-3979
-3407
-2942
-2153
-1516
-902
-90
649
1598
2218
2844
3493
3857
4368
4593
4710
4658
4367
4250
4026
3584
3326
3042
2816
2595
2285
2226
1816
1587
1324
598
-56
-847
-1460
-2326
-3391
-4283
-5431
-6428
-7414
-8429
-9236
-10161
-10887
-11700
-12143
-11912
-11590
-11060
-10962
-10329
-9086
-7709
-6186
-5299
-4116
-2924
-1524
79
1153
2378
3566
4695
5873
7031
8399
9696
10505
11495
12256
12900
13588
13525
13425
12814
12188
11534
10184
8937
7340
5691
4201
2509
1055
-430
-1955
-3029
-4171
-4869
-5375
-5957
-6104
-6546
-6458
-6253
-6170
-5837
-5754
-5264
-4904
-4467
-3823
-3406
-2765
-2065
-1378
-669
39
870
1557
2038
2697
3128
3529
3844
3869
3973
3826
3864
3770
3490
3336
3021
2917
2785
2580
2395
2044
1652
1253
689
55
-722
-1492
-2270
-3365
-4281
-5208
-6098
-7004
-8007
-8859
-9807
-10362
-10910
-11295
-11186
-10850
-10265
-10070
-9348
-8236
-7059
-5683
-4943
-3966
-2945
-1600
-46
953
2187
3306
4510
5739
6843
8098
9280
10158
10893
11628
12188
12733
12754
12558
12034
11252
10668
9518
8211
6866
5388
3966
2435
1091
-137
-1524
-2625
-3669
-4647
-5101
-5592
-5928
-6282
-6437
-6151
-6016
-5654
-5383
-5006
-4393
-3899
-3298
-2759
-2119
-1434
-791
-191
326
905
1483
1886
2228
2629
2947
3248
3419
3591
3601
3565
3582
3295
3160
3026
2941
2801
2543
2343
1944
1634
1191
515
-283
-1124
-1962
-2794
-3599
-4330
-5021
-5708
-6342
-7168
-7836
-8620
-9273
-9818
-10366
-10349
-10315
-9769
-9459
-8933
-7709
-6709
-5279
-4452
-3465
-2324
-1259
356
1274
2373
3512
4512
5595
6473
7542
8629
9412
10166
10791
11240
11935
12005
12001
11580
10895
10377
9184
8103
6658
5289
3922
2295
880
-524
-1726
-2749
-3666
-4505
-4974
-5285
-5324
-5420
-5229
-4828
-4540
-4102
-3938
-3464
-3060
-2496
-2098
-1929
-1474
-1108
-500
-88
460
1033
1481
1878
2116
2416
2714
3029
3070
2961
2665
2518
2371
2125
1985
1719
1564
1226
1023
969
916
843
492
-9
-684
-1171
-1651
-2214
-2905
-3662
-4308
-5062
-5676
-6275
-6871
-7554
-8257
-8900
-9258
-9131
-8777
-8194
-7979
-7291
-6236
-5108
-3721
-3009
-1989
-1171
-183
1146
1894
2995
3866
4822
5829
6592
7687
8619
9363
10097
10570
11030
11357
11307
11181
10540
9860
9087
7930
6733
5293
4061
2738
1329
129
-1084
-2062
-2894
-3681
-4285
-4772
-4904
-5012
-5273
-5164
-4990
-4558
-4142
-3858
-3326
-3014
-2369
-1715
-1276
-652
-261
285
669
1028
1621
1862
2053
2097
2045
2113
2047
1997
1867
1596
1513
1371
1190
1073
985
1094
961
727
582
358
184
-125
-526
-1162
-1929
-2502
-3133
-3715
-4212
-4660
-5264
-5954
-6378
-6709
-7055
-7451
-7865
-8264
-8247
-7967
-7460
-7094
-6613
-5617
-4775
-3572
-2840
-1847
-666
329
1724
2509
3536
4441
5506
6712
7572
8391
9135
9612
10009
10678
10951
11271
10913
10548
9995
9152
8742
7651
6518
5141
3739
2505
1184
-27
-1126
-2285
-3289
-4194
-5058
-5455
-5917
-5922
-5952
-6006
-5735
-5390
-4687
-4140
-3375
-2708
-2313
-1754
-1092
-482
16
477
745
948
1171
1598
1703
1736
1876
1791
1938
1822
1846
1832
1705
1756
1409
1237
988
733
674
359
30
-310
-704
-1163
-1711
-2119
-2565
-3218
-3709
-4286
-4813
-5133
-5465
-5870
-6465
-6807
-7292
-7870
-8255
-8627
-8579
-8406
-8011
-7695
-7289
-6154
-5037
-3681
-2590
-1758
-627
486
1989
3131
4177
5141
5805
6716
7618
8553
9347
9976
10293
10624
11020
11453
11556
11227
10715
9798
9053
8204
7113
5729
4226
2721
1198
-58
-1294
-2434
-3609
-4575
-5377
-5960
-6074
-6256
-6375
-6289
-6110
-5623
-5141
-4508
-3843
-3315
-2502
-1968
-1370
-711
-127
586
977
1410
1797
2156
2492
2614
2769
2906
2829
2803
2670
2450
2410
2240
2099
1611
1355
1267
979
872
554
343
-21
-350
-764
-1449
-2127
-2855
-3620
-4437
-5046
-5540
-5949
-6538
-7030
-7370
-7579
-7896
-8418
-8863
-9296
-9042
-8690
-8272
-8081
-7724
-6535
-5588
-4214
-3162
-2219
-974
203
1921
3115
4358
5663
6547
7530
8417
9342
10231
10739
11236
11632
11860
12200
12038
11878
11321
10579
9751
8465
7250
5883
4775
3301
1778
339
-1050
-2219
-3218
-4034
-5065
-5829
-6263
-6478
-6722
-6472
-6170
-5793
-5388
-4866
-4114
-3570
-2606
-1996
-1235
-652
-66
524
886
1550
1948
2458
2478
2493
2649
2928
3280
3406
3432
3162
3029
3011
3062
2802
2629
2261
1729
1326
994
879
390
-156
-920
-1770
-2358
-2869
-3403
-3973
-4647
-5139
-5662
-6234
-6590
-7151
-7499
-8318
-9177
-9802
-10314
-10007
-9749
-9409
-9142
-8623
-7266
-6003
-4540
-3178
-2172
-917
246
1781
3132
4210
5437
6160
7023
7976
8950
9975
10531
11055
11572
12003
12514
12540
12334
11870
11142
10379
9224
7931
6537
5032
3401
1878
376
-1038
-2503
-3767
-4711
-5672
-6142
-6511
-6820
-6961
-6742
-6244
-5697
-5282
-4786
-4300
-3725
-2852
-2411
-1754
-1302
-713
-57
526
1398
1856
2401
2727
3164
3572
3922
4104
4034
3962
3786
3816
3595
3336
2767
2436
2123
1726
1485
1037
796
231
-151
-690
-1299
-1858
-2726
-3521
-4288
-4846
-5430
-6048
-6691
-7241
-7868
-8286
-8912
-9732
-10226
-10647
-10428
-10317
-9992
-9452
-8753
-7275
-6078
-4653
-3452
-2343
-912
321
1978
3125
4137
5141
5960
7138
8160
9196
10004
10497
11149
11846
12604
13231
13061
12809
12248
11615
10900
9690
8544
6726
5020
3326
1744
326
-1286
-2811
-4231
-5338
-6195
-6730
-7269
-7403
-7645
-7320
-6851
-6457
-5796
-5486
-4541
-3922
-3167
-2667
-2303
-1544
-1034
-316
235
900
1348
1761
2358
3121
3611
3931
4198
4283
4485
4472
4708
4447
3992
3506
2974
2649
2122
1789
1237
704
207
-248
-621
-1082
-1582
-2390
-3248
-3824
-4347
-4828
-5472
-6245
-6845
-7670
-8132
-8858
-9806
-10493
-11344
-11399
-11408
-11164
-10429
-9989
-8740
-7471
-5976
-4191
-3224
-1737
-583
831
2472
3360
4632
5360
6248
7320
8202
9433
10175
10787
11735
12496
13279
13649
13686
13688
12883
12144
11063
9692
8200
6198
4446
2629
907
-728
-2441
-3744
-4868
-5953
-6545
-7028
-7124
-7241
-7358
-6934
-6746
-6241
-5886
-5408
-4795
-4632
-4008
-3293
-2519
-1871
-1440
-635
207
1025
1934
2627
3266
3715
4072
4624
5044
5265
5183
4996
4805
4593
4320
4053
3667
3061
2575
2088
1869
1521
1004
563
5
-503
-1283
-1984
-2574
-3308
-4016
-4699
-5385
-6172
-7033
-7730
-8522
-9394
-10323
-11363
-12042
-12604
-12419
-12114
-11643
-10885
-10283
-8735
-7432
-5632
-4132
-3060
-1506
-426
1324
2510
3733
4974
5773
6930
7944
9149
10246
11270
12193
13069
13702
14479
14702
14495
14168
13352
12508
10910
9484
7805
5872
3911
1881
186
-1587
-3246
-4684
-5648
-6471
-6888
-7292
-7273
-7145
-7037
-6478
-6067
-5315
-5173
-5044
-4582
-4041
-3396
-3176
-2627
-1958
-1370
-610
458
1631
2626
3282
4024
4979
5655
6209
6273
6344
6393
5981
5648
5193
4822
4162
3354
3038
2808
2528
2050
1747
1541
1196
688
153
-512
-1602
-2610
-3551
-4297
-5253
-6385
-7505
-8628
-9474
-10395
-11324
-12354
-13056
-13667
-13798
-13410
-12894
-12010
-11388
-9978
-8485
-6921
-5322
-4340
-2955
-1750
-172
1285
2447
3623
4728
6076
7419
9006
10330
11601
12556
13631
14764
15459
15970
15841
15360
14520
13565
12359
10712
8664
6682
4573
2580
883
-859
-2310
-3920
-4972
-5895
-6477
-6677
-6977
-7158
-7449
-7319
-7185
-6989
-6784
-6500
-6294
-6099
-5533
-4628
-3739
-3082
-2017
-850
353
1390
2632
3881
4597
5238
5901
6500
6754
6647
6470
6418
6179
5958
5444
5090
4971
4597
4424
4184
4212
3909
3103
2426
1816
1135
-65
-1455
-2541
-3649
-4784
-5803
-6680
-7516
-8721
-9698
-10561
-11243
-11918
-13070
-13783
-14288
-14207
-13873
-13606
-12564
-11890
-10886
-9451
-7874
-5798
-4772
-3422
-1861
-245
1711
2713
4175
5615
6861
8297
9427
10974
12379
13134
14063
14839
15778
16222
15592
15316
14592
13784
12342
10566
9121
6989
4954
2884
1190
-457
-2300
-3945
-5172
-5958
-6538
-7064
-7431
-7537
-7698
-7486
-7255
-6799
-6644
-6639
-6335
-5812
-4816
-4278
-3759
-3034
-1879
-661
372
1633
2841
3797
4486
5313
6266
6950
7017
6969
6906
7000
6757
6280
5907
5364
5165
4625
4266
3963
3692
3353
2458
1894
1357
585
-641
-1915
-3016
-4128
-5341
-6392
-7394
-8513
-9537
-10683
-11431
-12233
-13045
-13827
-14534
-14659
-14372
-13872
-13250
-12499
-11451
-9952
-8652
-6884
-5494
-4315
-2938
-1588
506
1704
3090
4515
5903
7674
8940
10546
11896
13081
14080
14848
15684
16415
16425
15936
15137
14288
13364
11615
9926
7937
6079
4052
1981
550
-983
-2408
-3908
-4970
-5608
-6076
-6532
-7030
-7493
-7637
-7696
-7667
-7391
-7400
-7174
-7038
-6256
-5247
-4577
-3581
-2612
-1247
-55
1091
2391
3398
4206
4799
5477
6124
6386
6444
6404
6401
6451
6290
6123
5946
5889
5706
5436
5370
5297
4905
4051
3313
2559
1477
108
-1252
-2650
-4173
-5578
-6628
-7484
-8626
-9729
-10624
-11241
-11956
-12770
-13537
-14155
-14529
-14610
-14240
-13716
-12965
-12425
-11309
-9868
-8155
-6611
-5723
-3962
-2297
-341
1111
2530
4541
5826
7259
8556
10322
11776
12594
13504
14567
15465
15875
15944
15831
15647
14657
13742
12412
11074
9449
7200
5418
3527
1966
-7
-1909
-3271
-4525
-5733
-6788
-7225
-7428
-7980
-8558
-8152
-7619
-7355
-7508
-7221
-6195
-5613
-4870
-4146
-3153
-2195
-1593
-480
775
2020
2715
3209
4207
5283
6090
6281
6517
6883
7074
6994
6896
7136
6996
6436
5899
5841
5845
5165
4339
3747
3067
2101
853
-134
-1121
-2736
-4219
-5394
-6123
-7058
-8449
-9392
-10285
-11036
-11912
-12786
-13305
-14042
-14685
-15092
-14845
-14176
-13737
-13324
-12312
-10529
-8882
-7436
-6096
-4280
-2505
-1050
669
2377
4176
5396
6731
8396
10080
11400
12351
13502
14478
15395
15893
16274
16336
15934
15109
14051
12945
11591
9822
7680
5782
3843
2097
99
-1532
-2866
-4345
-5534
-6530
-6809
-7205
-7900
-8379
-8344
-8155
-7859
-7762
-7333
-6703
-6244
-5202
-4476
-3255
-2330
-1504
-339
644
2156
2981
3682
4367
5041
5949
6303
6639
7053
7196
7288
7375
7590
7781
7488
7244
7022
6793
6404
5681
4989
3957
2901
1777
531
-582
-1956
-3414
-4853
-6142
-7022
-8028
-9079
-9922
-10710
-11373
-12301
-13034
-13737
-14721
-15563
-16254
-16096
-15788
-15562
-14816
-13900
-12243
-10540
-8823
-6742
-5057
-2968
-1117
926
3092
4660
6389
7584
9159
10738
11914
13061
13812
14706
15478
15976
16538
16728
16403
15825
14868
14060
12698
10930
9056
6921
4886
2703
817
-1060
-2977
-4781
-6316
-7460
-8143
-8686
-9006
-9208
-9144
-8552
-8018
-7297
-6788
-6050
-5513
-4883
-3962
-3152
-2337
-1995
-1033
-27
1067
2171
3148
4350
5319
6474
7548
8404
9001
9326
9450
9586
9472
9262
8629
7694
7047
6247
5660
4681
3775
3012
1950
1058
43
-899
-2027
-3315
-4411
-5570
-6763
-7845
-9021
-10066
-11278
-12288
-12991
-13944
-14610
-15521
-16183
-16586
-16916
-16467
-15955
-15110
-13952
-12672
-10761
-8991
-7033
-5004
-3520
-1527
300
2410
4275
5554
7350
8609
10166
11595
12903
14303
15094
16066
16904
17391
17640
17452
16853
15842
14462
13348
11627
9528
7316
4964
3029
780
-1060
-2863
-4619
-6019
-7228
-7895
-8433
-8863
-9141
-9399
-9319
-8815
-8285
-7874
-7705
-7131
-6253
-5355
-4392
-3563
-2576
-1410
-141
1322
2797
4062
5242
6299
7482
8525
9374
9983
10228
10268
10374
10394
10010
9504
8733
8119
7300
6614
5864
4814
3910
2726
1874
740
-519
-1733
-3078
-4327
-5752
-6968
-8128
-9322
-10442
-11393
-12314
-13083
-13746
-14429
-15160
-15808
-16186
-16670
-16883
-16952
-16369
-15411
-14524
-13294
-11917
-9657
-7515
-5410
-3379
-1608
668
2588
4722
6542
8119
9736
10855
12163
13463
14612
15493
16054
16586
17159
17414
17392
16899
16057
14972
13506
12049
10245
8211
5864
3542
1395
-660
-2659
-4581
-6089
-7395
-8232
-8868
-9144
-9321
-9500
-9506
-9347
-8856
-8309
-7843
-7679
-7195
-6404
-5343
-4535
-3627
-2337
-947
777
2206
3948
5505
7016
8433
9343
10366
11042
11481
11651
11425
11269
10915
10134
9367
8348
7666
6819
5758
4973
3885
3241
2236
1083
-60
-1478
-2643
-4193
-5694
-7107
-8602
-9859
-11162
-12313
-13109
-13813
-14401
-14993
-15257
-15307
-15496
-15576
-15821
-15835
-15656
-15221
-14230
-13270
-12023
-10656
-9003
-6744
-4717
-2530
-646
1149
3346
5286
7405
8952
10367
11723
12612
13846
14829
15594
16175
16266
16498
16698
16563
16175
15119
14080
12808
11316
9818
7854
5942
3848
1780
-244
-2153
-3783
-5257
-6689
-7804
-8644
-9207
-9438
-9785
-9761
-9751
-9503
-8961
-8320
-7672
-7015
-6144
-5213
-4126
-2918
-1335
-10
1497
2976
4503
6207
7582
8960
9729
10564
11303
11733
11923
11661
11244
10688
9931
9080
8210
7113
6159
5059
4169
3248
2293
1338
17
-1099
-2517
-3807
-5207
-6758
-8231
-9857
-11111
-12201
-13137
-13885
-14514
-14828
-14899
-14895
-14696
-14646
-14523
-14472
-14511
-14311
-14151
-13327
-12362
-11309
-9910
-8469
-6483
-4451
-2355
-263
1556
3598
5502
7369
9070
10391
11676
12614
13368
14088
14691
15190
15383
15392
15467
15273
14961
14362
13308
12203
10942
9665
8054
6160
4196
2268
441
-1301
-2926
-4512
-5894
-7091
-7897
-8618
-9146
-9381
-9565
-9669
-9560
-9092
-8366
-7645
-6885
-5938
-4979
-3542
-2186
-689
885
2251
3878
5133
6551
7791
8820
9736
10229
10808
11126
11249
11309
10965
10455
9928
9228
8491
7429
6472
5424
4204
3147
1641
311
-1082
-2373
-3598
-5108
-6295
-7671
-8855
-9958
-11151
-11965
-12814
-13318
-13586
-13829
-13713
-13680
-13480
-13385
-13447
-13175
-13274
-13272
-13117
-12767
-11823
-10868
-9628
-8346
-6861
-4688
-2666
-647
1208
2738
4637
6210
7799
9082
9947
11026
11537
12281
12834
13237
13847
13881
13988
14056
14107
14008
13334
12527
11421
10119
8861
7114
5328
3519
1576
-226
-2121
-3568
-4931
-6256
-7296
-8234
-8615
-8831
-8880
-8716
-8596
-8282
-7775
-6937
-6018
-5182
-4241
-3339
-2288
-879
540
1840
2999
4258
5705
6999
8353
9388
10161
10680
10964
11391
11339
11061
10401
9564
8778
7847
6965
5657
4288
3053
1898
737
-442
-1506
-2704
-4013
-5252
-6301
-7301
-8307
-9432
-10523
-11493
-12105
-12361
-12744
-13012
-13079
-12875
-12686
-12551
-12162
-11924
-11789
-11879
-11969
-11793
-11203
-10036
-9044
-8118
-6858
-5089
-3092
-1278
423
1987
3427
4905
6478
7676
8655
9518
10350
10927
11453
12238
12715
13105
13339
13669
13828
13714
13425
12631
11606
10579
9555
8163
6384
4394
2594
731
-865
-2252
-3694
-5021
-6331
-7027
-7651
-7917
-7950
-8241
-8469
-8454
-7887
-7189
-6456
-5682
-4809
-4022
-2943
-1576
-104
1443
2725
4104
5200
6476
7828
8865
9554
9784
10261
10486
10476
10290
9815
9192
8431
7706
6692
5508
4414
3366
2191
1019
-163
-1326
-2569
-3758
-4763
-5788
-6627
-7545
-8445
-9514
-10417
-10829
-11254
-11637
-12076
-12205
-12111
-11977
-11663
-11556
-11491
-11326
-11255
-11249
-11306
-10969
-10209
-9512
-8618
-7713
-6581
-4897
-3177
-1286
171
1417
2924
4171
5661
6826
7871
8853
9447
10428
11213
11947
12588
12903
13242
13358
13517
13654
13200
12555
11648
10563
9440
7856
6357
4486
2734
1217
-461
-1890
-3486
-4670
-5804
-6854
-7366
-7776
-7929
-8019
-7960
-7557
-7259
-6678
-5919
-5224
-4173
-3261
-2193
-1151
78
1693
2831
3945
5020
6236
7590
8563
9358
9755
9936
10242
10184
9859
9172
8407
7731
6680
5742
4556
3376
2269
1112
351
-534
-1218
-1959
-2947
-3796
-4594
-5247
-6180
-7388
-8350
-9203
-9866
-10360
-10856
-11100
-11329
-11191
-11036
-11062
-10870
-10719
-10370
-10393
-10608
-10849
-11038
-10675
-10109
-9423
-8806
-8034
-6694
-5095
-3446
-1606
-98
1338
2699
4190
5909
7022
8236
9007
9646
10504
11182
12016
12308
12585
12948
13073
13190
13031
12716
12184
11284
10470
9413
8065
6636
4844
3091
1264
-284
-1711
-3414
-4772
-5947
-6768
-7273
-7572
-7611
-7821
-7761
-7370
-6865
-6114
-5381
-4539
-3805
-3052
-1866
-550
726
1772
2713
3743
4918
6220
7239
7801
8289
8819
9284
9503
9417
9129
8516
7931
7298
6571
5708
4653
3667
2569
1625
840
171
-588
-1515
-2243
-2862
-3549
-4385
-5393
-6582
-7626
-8484
-9269
-10206
-10925
-11231
-11453
-11417
-11377
-11226
-11177
-11158
-11025
-11050
-11163
-11518
-11783
-11956
-11863
-11241
-10366
-9468
-8413
-6817
-4964
-3053
-1130
677
2279
3868
5517
6957
8164
9143
10074
10819
11536
12300
12902
13413
13741
14182
14494
14504
14320
13851
13097
12099
10982
9548
7769
5774
3878
1977
131
-1587
-3364
-4896
-6156
-7012
-7659
-8229
-8475
-8451
-8332
-8078
-7621
-6998
-6288
-5660
-4868
-4145
-3300
-2241
-1220
-95
955
2242
3514
4763
6126
7373
8513
9339
9983
10419
10565
10475
10123
9531
8803
7891
6961
5943
4921
4195
3452
2765
2021
1359
725
-84
-847
-1788
-2912
-4187
-5573
-6907
-8115
-9284
-10280
-11181
-11918
-12339
-12484
-12284
-12114
-11747
-11407
-11236
-11024
-10999
-11071
-11348
-11699
-12071
-12449
-12414
-11848
-10995
-9896
-8737
-7126
-4934
-2636
-217
1786
3643
5460
7253
8974
10035
10955
11605
12080
12619
13084
13534
13808
14000
14198
14363
14478
14530
14224
13517
12385
11122
9776
8010
5969
3623
1306
-832
-2741
-4534
-6275
-7697
-8818
-9576
-10031
-10089
-9845
-9441
-8980
-8433
-7634
-6697
-5728
-4895
-4238
-3694
-2784
-1475
-143
1138
2352
3836
5483
7316
9116
10396
11405
12135
12715
12994
12837
12321
11301
10117
8999
7892
6762
5568
4352
3254
2318
1583
859
-3
-1083
-2308
-3462
-4683
-5910
-7279
-8684
-10126
-11374
-12174
-12889
-13284
-13562
-13664
-13451
-12949
-12124
-11435
-10908
-10532
-10277
-10135
-10140
-10233
-10565
-11124
-11482
-11381
-10754
-9690
-8429
-7013
-5268
-2875
-214
2382
4632
6378
8071
9665
11090
12085
12631
12848
12806
12934
13075
13186
13296
13231
13090
13098
13270
13214
12709
11828
10646
9265
7707
5862
3739
1430
-848
-2939
-4852
-6500
-7906
-9054
-9961
-10516
-10598
-10328
-9766
-9096
-8379
-7439
-6362
-5259
-4108
-3153
-2270
-1262
-183
998
2192
3622
5034
6453
8082
9513
10900
12123
13023
13536
13632
13610
13189
12358
11219
9786
8356
6811
5260
3750
2266
1014
-231
-1248
-2127
-2992
-3766
-4769
-5706
-6755
-7855
-8930
-10153
-11096
-11999
-12778
-13302
-13542
-13362
-13086
-12606
-12001
-11355
-10459
-9619
-8993
-8573
-8333
-8167
-8261
-8410
-8674
-8963
-8967
-8797
-8184
-7223
-5801
-4092
-2382
-419
1701
3966
5956
7390
8457
9333
10163
10808
10999
10874
10609
10431
10545
10581
10597
10542
10476
10443
10353
10317
9987
9298
8272
6932
5469
4010
2340
376
-1711
-3622
-5185
-6437
-7298
-8061
-8510
-8636
-8322
-7509
-6624
-5629
-4812
-3911
-2939
-2013
-1040
-336
330
1013
1738
2631
3630
4775
5993
7170
8435
9613
10718
11708
12259
12477
12186
11677
10937
9774
8389
6711
5100
3561
2138
825
-390
-1319
-2103
-2741
-3328
-3856
-4396
-5013
-5773
-6648
-7503
-8389
-9283
-10247
-11001
-11498
-11760
-11807
-11762
-11350
-10698
-9881
-9071
-8363
-7573
-6733
-5950
-5394
-5175
-5159
-5182
-5282
-5431
-5733
-5938
-6064
-5968
-5327
-4370
-3056
-1777
-377
1209
2886
4611
5784
6555
6968
7288
7566
7550
7332
6932
6619
6497
6577
6849
7105
7290
7566
7876
8206
8310
8078
7497
6512
5464
4289
2964
1451
-61
-1353
-2445
-3209
-3712
-3996
-4096
-3953
-3650
-3173
-2583
-2013
-1596
-1268
-822
-316
219
552
766
1114
1668
2388
3122
3801
4539
5409
6378
7228
7795
8264
8470
8354
7903
7262
6483
5451
4292
2982
1804
829
40
-768
-1640
-2263
-2726
-3045
-3403
-3878
-4451
-5074
-5548
-6055
-6630
-7262
-7956
-8430
-8732
-8844
-8767
-8574
-8203
-7754
-7026
-6193
-5450
-4694
-4129
-3636
-3224
-2908
-2757
-3022
-3401
-3938
-4525
-4994
-5536
-6028
-6548
-6603
-6052
-5255
-4331
-3492
-2446
-1199
159
1347
2022
2486
2886
3288
3656
3862
4028
4231
4519
4999
5686
6516
7244
7903
8576
9169
9765
10227
10305
9860
9163
8412
7574
6593
5369
3987
2610
1571
780
86
-511
-973
-1229
-1388
-1345
-1196
-1068
-1012
-1088
-1215
-1312
-1347
-1344
-1409
-1545
-1592
-1323
-708
-76
568
1237
1934
2759
3612
4272
4522
4578
4501
4179
3700
3160
2511
1738
1011
378
-106
-436
-637
-823
-1024
-1090
-1131
-1201
-1369
-1634
-1925
-2384
-2924
-3487
-4049
-4533
-5021
-5339
-5487
-5533
-5407
-5203
-4869
-4522
-4114
-3797
-3713
-3587
-3573
-3776
-4201
-4756
-5424
-6327
-7145
-7876
-8616
-9160
-9521
-9586
-9260
-8484
-7406
-6340
-5168
-3832
-2358
-841
437
1425
2207
3025
3983
4815
5468
6042
6754
7645
8491
9322
10235
11161
11903
12459
12875
13112
13100
12773
11952
10786
9651
8447
6999
5332
3773
2367
1114
111
-854
-1742
-2502
-3058
-3519
-3982
-4327
-4648
-4953
-5247
-5471
-5509
-5473
-5383
-5181
-4802
-4223
-3481
-2564
-1677
-795
331
1526
2490
3151
3790
4301
4564
4791
4786
4565
4258
4073
3890
3577
3422
3118
2719
2461
2274
1982
1384
866
403
-153
-746
-1524
-2234
-2916
-3596
-4177
-4756
-5165
-5474
-5663
-5801
-5968
-5944
-5917
-5985
-6092
-6248
-6448
-6785
-7046
-7255
-7626
-7970
-8245
-8510
-8788
-8908
-8801
-8710
-8504
-8038
-7386
-6453
-5228
-4003
-2886
-1638
-152
1358
2627
3709
4677
5640
6662
7605
8480
9154
9699
10328
11008
11687
12164
12498
12669
12619
12561
12328
11838
11078
9991
8691
7290
6042
4764
3123
1507
169
-948
-1988
-2957
-3670
-4408
-5078
-5561
-5940
-6077
-6253
-6526
-6836
-6881
-6468
-6087
-5766
-5414
-4811
-3857
-2854
-1688
-460
721
1843
2924
4143
5179
5988
6493
6636
6727
6779
6794
6482
5962
5534
5096
4783
4546
4270
3800
3246
2902
2491
1932
1264
442
-494
-1569
-2555
-3494
-4419
-5336
-6322
-7105
-7615
-7859
-8026
-8219
-8249
-8111
-7900
-7752
-7541
-7223
-7004
-6947
-6887
-6727
-6573
-6446
-6434
-6502
-6545
-6467
-6235
-6044
-5725
-5324
-4894
-4209
-3220
-2009
-1021
-137
930
2055
3176
4078
4803
5368
5795
6310
6799
7318
7801
8100
8406
8759
9335
9830
9925
9851
9676
9502
9103
8487
7754
6680
5533
4418
3319
2190
983
-174
-1366
-2373
-3125
-3789
-4391
-4978
-5423
-5768
-5948
-5888
-5820
-5819
-5771
-5490
-5007
-4441
-3737
-2974
-2185
-1298
-246
990
2123
3129
4054
4862
5665
6372
6867
6987
6951
6961
6748
6401
6055
5731
5267
4694
4260
3859
3476
3001
2327
1521
738
38
-777
-1764
-2791
-3736
-4643
-5424
-6015
-6501
-6948
-7314
-7395
-7346
-7207
-6913
-6557
-6180
-5849
-5394
-4921
-4538
-4174
-3913
-3721
-3597
-3385
-3210
-3242
-3217
-3161
-3228
-3400
-3459
-3429
-3536
-3628
-3620
-3476
-3118
-2536
-1861
-1297
-627
242
1138
1954
2674
3352
3775
4147
4694
5185
5563
5775
6052
6297
6542
6958
7149
7167
7054
6980
6889
6592
6255
5626
4803
3974
3242
2524
1526
573
-275
-1066
-1699
-2158
-2507
-3024
-3483
-3667
-3718
-3711
-3707
-3681
-3645
-3384
-2825
-2351
-2051
-1561
-834
-241
328
1096
1727
2135
2705
3361
3748
4059
4415
4564
4531
4586
4632
4392
4110
3905
3565
3138
2740
2375
1823
1162
642
88
-584
-1282
-1842
-2350
-2960
-3409
-3752
-4008
-4214
-4341
-4335
-4403
-4214
-3927
-3838
-3808
-3616
-3282
-3271
-3236
-3033
-3084
-3157
-3028
-2894
-2969
-2976
-2836
-2991
-3116
-3042
-3217
-3606
-3930
-4135
-4461
-4760
-4833
-4943
-4917
-4512
-3891
-3175
-2459
-1556
-576
366
1325
2095
2798
3323
3712
4077
4323
4581
4802
5010
5139
5338
5784
6091
6211
6377
6560
6546
6369
6181
5741
5152
4636
3971
3140
2408
1849
1201
475
-31
-451
-868
-1173
-1408
-1705
-2046
-2170
-2271
-2409
-2397
-2315
-2297
-2292
-1991
-1579
-1218
-817
-438
-54
428
1090
1612
1889
2127
2372
2641
2764
2781
2687
2496
2349
2231
2160
2028
1937
1858
1682
1612
1656
1651
1381
1015
751
408
63
-303
-720
-1156
-1544
-1736
-1956
-2131
-2166
-2262
-2403
-2497
-2426
-2427
-2590
-2689
-2866
-3048
-3164
-3258
-3434
-3745
-3858
-3919
-4081
-4235
-4363
-4529
-4801
-4956
-5113
-5375
-5507
-5559
-5611
-5568
-5268
-4813
-4346
-3734
-3011
-2223
-1370
-581
204
976
1633
2206
2697
3134
3464
3773
4040
4178
4431
4711
4920
5111
5393
5715
5889
6127
6277
6204
6062
5882
5594
5030
4428
3805
3083
2407
1721
1074
448
-31
-384
-773
-1051
-1264
-1402
-1553
-1734
-1789
-1872
-1973
-2043
-2009
-1971
-1986
-1761
-1516
-1286
-868
-388
7
370
974
1489
1743
2029
2233
2350
2382
2447
2385
2120
2057
2042
2031
2004
2052
2157
2115
2263
2430
2431
2330
2196
2070
1747
1463
1156
636
78
-420
-759
-1173
-1580
-1831
-2123
-2335
-2405
-2385
-2506
-2700
-2758
-2966
-3285
-3518
-3793
-4256
-4819
-5217
-5657
-6132
-6417
-6724
-7033
-7204
-7103
-6917
-6744
-6354
-5906
-5427
-4876
-4207
-3461
-2883
-2288
-1678
-1147
-582
-7
567
967
1402
1997
2540
3124
3733
4329
4791
5242
5849
6272
6548
6746
6818
6781
6651
6584
6315
5887
5470
5022
4625
4163
3764
3275
2711
2294
1852
1400
809
259
-284
-958
-1487
-2001
-2443
-2849
-3099
-3130
-3218
-3089
-2812
-2498
-2161
-1815
-1365
-1096
-748
-320
-95
90
259
516
667
877
1209
1396
1707
2096
2548
2968
3363
3790
4016
4250
4438
4497
4450
4228
4040
3760
3454
3153
2764
2416
2038
1746
1398
1021
682
261
-171
-679
-1184
-1745
-2353
-2929
-3578
-4182
-4711
-5183
-5600
-6003
-6289
-6554
-6742
-6814
-6929
-7063
-7192
-7262
-7394
-7532
-7583
-7744
-7912
-7872
-7717
-7529
-7177
-6634
-6080
-5339
-4347
-3431
-2537
-1567
-605
267
1100
1907
2562
3154
3720
4236
4778
5277
5800
6336
6813
7292
7799
8280
8524
8688
8794
8627
8318
7915
7331
6523
5703
4891
3901
2979
2172
1349
537
-137
-662
-1254
-1719
-2036
-2388
-2740
-2998
-3171
-3443
-3611
-3617
-3697
-3694
-3524
-3273
-2973
-2518
-1977
-1499
-858
-165
457
1050
1620
2162
2626
3091
3451
3761
4119
4443
4744
5056
5372
5648
5910
6147
6243
6258
6185
5964
5605
5179
4670
3988
3271
2539
1787
1034
304
-412
-1121
-1723
-2301
-2890
-3416
-3896
-4428
-4964
-5424
-5929
-6413
-6809
-7306
-7776
-8053
-8292
-8619
-8792
-8850
-9026
-9029
-8867
-8825
-8807
-8586
-8363
-8207
-7803
-7336
-6939
-6375
-5639
-4850
-3979
-2946
-1932
-927
160
1193
2221
3171
3992
4734
5416
5969
6417
6907
7276
7491
7801
8088
8233
8402
8617
8615
8423
8323
8066
7555
7005
6382
5504
4545
3731
2806
1770
867
-32
-976
-1735
-2320
-2913
-3489
-3897
-4207
-4383
-4432
-4482
-4474
-4397
-4232
-3917
-3461
-3059
-2634
-1961
-1296
-664
214
1034
1626
2317
3146
3742
4241
4920
5348
5581
6021
6466
6692
6898
7168
7244
7256
7366
7247
6927
6538
6052
5399
4611
3797
2821
1800
738
-316
-1246
-2202
-3174
-4072
-4833
-5524
-6126
-6586
-7102
-7547
-7807
-8061
-8340
-8560
-8639
-8843
-9003
-8920
-8860
-8781
-8583
-8281
-7996
-7593
-7015
-6558
-6078
-5476
-4912
-4394
-3868
-3336
-2952
-2567
-2141
-1775
-1384
-984
-519
-41
507
1121
1730
2398
2998
3534
4048
4512
4934
5218
5453
5611
5729
5885
5937
5939
5936
5952
5911
5833
5773
5595
5353
5080
4729
4296
3792
3253
2607
1937
1316
668
41
-571
-1128
-1599
-1986
-2307
-2558
-2699
-2794
-2821
-2710
-2548
-2353
-2110
-1806
-1443
-1019
-512
-27
492
1082
1708
2329
2942
3580
4134
4615
5104
5519
5806
5987
6111
6117
5986
5830
5554
5201
4785
4324
3831
3288
2757
2149
1503
825
114
-614
-1414
-2199
-2967
-3757
-4496
-5178
-5751
-6260
-6655
-6894
-7056
-7097
-7034
-6826
-6533
-6188
-5812
-5429
-5038
-4656
-4287
-4010
-3847
-3683
-3540
-3460
-3353
-3223
-3116
-3030
-2818
-2563
-2339
-2056
-1786
-1602
-1441
-1241
-1095
-1061
-1077
-1106
-1129
-1057
-913
-726
-520
-183
281
806
1387
1954
2453
2890
3315
3646
3896
4050
4081
4038
4058
4095
4089
4119
4175
4201
4295
4459
4504
4469
4421
4279
3983
3686
3284
2731
2159
1591
996
430
-8
-449
-863
-1111
-1282
-1389
-1400
-1418
-1457
-1444
-1367
-1421
-1452
-1403
-1443
-1409
-1187
-922
-689
-163
473
928
1606
2421
2931
3355
3910
4186
4138
4309
4270
3821
3586
3403
2932
2489
2366
2002
1524
1374
1063
547
179
-279
-1011
-1685
-2250
-3058
-3809
-4371
-5043
-5532
-5797
-6004
-6139
-6004
-5847
-5738
-5323
-4923
-4653
-4254
-3841
-3624
-3348
-2928
-2728
-2603
-2258
-2017
-1861
-1542
-1187
-1019
-847
-553
-471
-445
-325
-352
-573
-734
-854
-1079
-1256
-1268
-1301
-1279
-1032
-694
-319
166
734
1191
1641
2126
2482
2767
2989
3082
3112
3144
3204
3213
3276
3356
3403
3561
3737
3918
4040
4127
4117
4009
3902
3666
3307
2868
2328
1754
1210
715
160
-386
-818
-1205
-1483
-1690
-1850
-2004
-2063
-2047
-2052
-1948
-1831
-1766
-1660
-1488
-1269
-994
-663
-367
-47
450
933
1382
1878
2302
2634
2970
3237
3326
3393
3365
3148
2963
2826
2517
2197
1957
1645
1301
1086
785
353
26
-387
-956
-1468
-1960
-2637
-3263
-3724
-4251
-4701
-4899
-5058
-5130
-4941
-4628
-4304
-3825
-3230
-2714
-2117
-1508
-1032
-625
-212
113
333
534
657
718
807
882
908
982
1052
1081
1108
1160
1142
1060
928
707
416
99
-271
-766
-1256
-1688
-2115
-2513
-2798
-3006
-3154
-3177
-3062
-2926
-2719
-2415
-2119
-1832
-1506
-1141
-843
-540
-194
129
483
910
1336
1776
2269
2773
3215
3640
4044
4328
4507
4589
4573
4409
4154
3816
3356
2877
2421
1916
1428
1035
695
382
166
17
-126
-197
-290
-419
-537
-678
-897
-1133
-1337
-1591
-1796
-1872
-1928
-1872
-1663
-1383
-1009
-503
22
445
933
1351
1567
1720
1751
1568
1312
1073
706
300
54
-184
-389
-388
-315
-227
-46
209
352
501
689
679
585
482
313
84
-121
-320
-522
-598
-587
-537
-363
-128
118
375
665
899
1052
1167
1125
994
855
625
295
-30
-335
-667
-935
-1108
-1293
-1423
-1470
-1543
-1644
-1713
-1829
-2091
-2363
-2659
-3053
-3448
-3787
-4121
-4414
-4538
-4542
-4449
-4172
-3776
-3306
-2715
-2041
-1376
-721
-76
476
965
1409
1748
2011
2258
2455
2628
2826
3021
3210
3441
3691
3901
4078
4209
4254
4215
4086
3797
3392
2915
2354
1727
1102
475
-139
-674
-1115
-1458
-1703
-1841
-1935
-1978
-1948
-1884
-1829
-1786
-1762
-1741
-1713
-1661
-1574
-1493
-1335
-1108
-808
-436
-5
420
837
1282
1690
2058
2369
2575
2670
2735
2781
2752
2685
2606
2489
2400
2343
2267
2182
2107
1984
1805
1634
1412
1110
769
370
-57
-448
-822
-1182
-1496
-1726
-1905
-1994
-1989
-1945
-1850
-1713
-1558
-1418
-1252
-1118
-1049
-986
-952
-965
-1002
-1045
-1105
-1183
-1220
-1250
-1278
-1263
-1246
-1228
-1189
-1130
-1103
-1103
-1102
-1150
-1250
-1351
-1479
-1632
-1766
-1870
-1963
-2011
-1994
-1940
-1808
-1614
-1402
-1158
-884
-623
-388
-157
29
134
238
313
365
440
508
574
675
850
1010
1197
1426
1630
1810
1970
2091
2142
2154
2104
1975
1819
1648
1444
1244
1074
933
799
731
710
702
738
773
792
785
777
723
620
510
371
211
81
-22
-90
-114
-95
-43
47
198
334
474
607
680
678
665
630
517
385
225
44
-79
-152
-230
-250
-197
-136
-47
111
238
313
387
397
342
277
181
-8
-195
-374
-562
-686
-731
-740
-723
-633
-499
-333
-126
56
172
274
350
363
327
256
130
-49
-226
-410
-566
-703
-858
-1011
-1136
-1219
-1301
-1381
-1476
-1620
-1764
-1894
-2053
-2224
-2393
-2581
-2754
-2845
-2884
-2888
-2817
-2678
-2481
-2197
-1825
-1442
-1067
-688
-328
10
352
628
819
987
1149
1301
1463
1635
1781
1944
2133
2324
2508
2683
2808
2861
2882
2857
2774
2646
2468
2241
2022
1810
1608
1421
1275
1143
1022
946
874
805
715
601
447
272
89
-134
-377
-602
-812
-1001
-1130
-1200
-1214
-1177
-1091
-971
-806
-615
-442
-284
-130
-9
74
156
218
253
290
352
414
500
634
763
885
1033
1158
1233
1302
1331
1284
1193
1054
870
670
474
276
72
-87
-206
-275
-290
-281
-263
-231
-186
-168
-177
-224
-330
-485
-669
-887
-1117
-1330
-1540
-1726
-1858
-1936
-1978
-1981
-1948
-1915
-1878
-1828
-1820
-1850
-1902
-1981
-2087
-2200
-2304
-2386
-2436
-2435
-2381
-2265
-2078
-1837
-1558
-1250
-919
-601
-309
-35
186
348
468
533
560
585
611
647
699
785
905
1074
1280
1493
1699
1887
2042
2137
2195
2194
2109
1961
1766
1558
1359
1160
981
842
757
725
746
806
873
948
995
1018
1022
979
893
738
552
362
192
52
-85
-194
-235
-210
-131
11
177
338
490
655
795
903
985
988
953
915
871
813
774
741
705
711
750
802
865
920
935
936
951
923
837
742
604
439
306
190
61
-52
-130
-200
-232
-217
-209
-223
-237
-293
-382
-479
-608
-807
-1033
-1254
-1508
-1738
-1930
-2110
-2260
-2361
-2420
-2449
-2424
-2367
-2335
-2298
-2241
-2214
-2193
-2172
-2180
-2199
-2194
-2161
-2109
-2015
-1899
-1775
-1605
-1401
-1189
-965
-726
-511
-314
-121
58
217
367
498
592
694
812
912
1001
1100
1188
1264
1357
1442
1498
1544
1581
1574
1549
1533
1491
1413
1339
1249
1149
1074
1024
967
911
885
849
821
816
795
749
696
635
556
494
441
363
314
299
288
310
385
461
522
611
700
767
845
901
898
881
866
833
790
767
721
658
637
637
647
687
741
763
785
827
866
884
894
868
802
731
668
580
462
333
172
7
-135
-264
-412
-570
-725
-888
-1035
-1147
-1265
-1402
-1526
-1648
-1766
-1832
-1866
-1935
-2000
-2029
-2062
-2078
-2054
-2050
-2081
-2099
-2098
-2103
-2079
-2033
-2037
-2027
-1961
-1861
-1741
-1595
-1439
-1316
-1150
-941
-760
-573
-397
-267
-149
-13
110
210
325
418
489
595
733
864
985
1093
1187
1294
1429
1552
1623
1665
1678
1675
1666
1650
1592
1485
1376
1255
1138
1040
934
798
654
554
460
396
353
284
217
178
158
151
157
153
116
94
116
127
148
186
194
190
252
345
426
529
621
686
785
923
1030
1096
1168
1212
1212
1235
1249
1213
1167
1110
1024
954
911
832
729
633
530
415
326
232
90
-52
-198
-348
-481
-602
-745
-903
-1028
-1141
-1236
-1312
-1385
-1466
-1539
-1591
-1656
-1718
-1761
-1828
-1932
-2007
-2062
-2134
-2192
-2230
-2265
-2283
-2252
-2194
-2130
-2021
-1898
-1795
-1665
-1504
-1357
-1220
-1058
-907
-758
-570
-368
-181
31
272
508
754
1014
1255
1463
1665
1826
1925
2005
2044
2023
1971
1910
1815
1706
1618
1511
1410
1333
1258
1186
1127
1069
975
884
783
653
507
365
216
43
-99
-225
-338
-405
-443
-463
-444
-386
-310
-233
-130
-32
43
120
189
256
316
370
423
489
582
686
794
922
1057
1172
1278
1386
1451
1473
1462
1399
1296
1182
1040
862
691
536
377
235
135
29
-65
-138
-209
-298
-384
-470
-611
-752
-905
-1074
-1233
-1375
-1508
-1639
-1725
-1778
-1812
-1816
-1793
-1774
-1751
-1724
-1721
-1734
-1739
-1769
-1823
-1859
-1885
-1905
-1903
-1861
-1789
-1691
-1554
-1393
-1215
-1012
-813
-622
-441
-276
-129
-10
103
193
279
376
461
563
696
842
985
1135
1303
1467
1606
1721
1799
1852
1877
1867
1822
1751
1667
1566
1467
1370
1274
1192
1111
1031
942
858
774
664
541
416
276
124
-24
-159
-274
-366
-432
-470
-482
-447
-383
-306
-213
-116
-19
84
186
259
313
378
426
471
516
566
617
677
751
824
896
965
1011
1028
1029
1001
932
828
698
537
360
184
-3
-184
-352
-495
-620
-718
-781
-833
-872
-906
-929
-942
-963
-989
-1041
-1106
-1162
-1228
-1288
-1345
-1402
-1454
-1494
-1505
-1500
-1482
-1449
-1426
-1399
-1361
-1328
-1298
-1280
-1276
-1282
-1281
-1264
-1251
-1223
-1172
-1110
-1021
-891
-730
-553
-362
-147
78
315
548
765
972
1168
1339
1485
1623
1741
1822
1888
1946
1978
2007
2012
1996
1959
1907
1843
1746
1643
1506
1352
1184
1020
856
679
529
382
255
145
62
-3
-56
-91
-135
-165
-188
-216
-252
-299
-341
-370
-385
-386
-372
-331
-262
-162
-33
114
279
443
599
747
880
978
1047
1063
1048
1013
952
866
770
675
576
503
431
365
317
260
196
126
39
-63
-196
-352
-531
-736
-926
-1110
-1292
-1451
-1582
-1678
-1730
-1742
-1726
-1694
-1646
-1590
-1531
-1472
-1432
-1414
-1402
-1410
-1420
-1417
-1419
-1397
-1361
-1297
-1206
-1099
-962
-815
-669
-538
-418
-320
-241
-175
-138
-132
-115
-96
-64
-16
43
130
241
383
518
672
821
944
1045
1100
1136
1127
1083
1028
940
862
791
728
694
667
682
700
739
788
828
864
861
843
799
711
613
485
340
214
95
8
-56
-86
-74
-40
28
110
211
313
394
467
516
549
565
556
548
526
515
515
525
571
608
653
702
758
807
819
803
764
677
576
437
279
120
-53
-208
-377
-494
-582
-676
-741
-799
-844
-871
-904
-945
-1007
-1067
-1123
-1202
-1252
-1311
-1349
-1360
-1352
-1303
-1232
-1133
-1016
-911
-792
-655
-549
-440
-372
-325
-286
-256
-243
-254
-251
-245
-233
-201
-160
-108
-46
12
71
97
148
173
175
183
141
124
89
57
43
24
48
69
105
192
243
329
411
472
564
597
649
662
652
664
622
601
578
533
522
481
480
478
463
483
445
450
430
396
381
310
268
205
151
130
89
92
86
100
160
199
290
347
425
495
516
576
557
555
526
434
380
279
190
108
2
-28
-125
-143
-136
-197
-132
-178
-169
-159
-214
-211
-310
-362
-443
-572
-616
-738
-822
-859
-959
-962
-996
-974
-950
-947
-885
-900
-843
-828
-822
-825
-843
-844
-875
-856
-839
-828
-756
-707
-621
-489
-389
-229
-142
17
117
180
314
334
390
408
412
447
434
456
479
482
557
574
625
691
722
780
780
813
792
771
738
669
632
575
528
494
469
463
451
482
507
518
572
558
583
564
538
519
436
416
327
265
239
158
154
135
119
156
149
203
215
228
275
238
258
229
174
150
71
26
-37
-108
-142
-199
-227
-243
-264
-248
-246
-262
-264
-260
-273
-290
-312
-352
-378
-418
-438
-450
-465
-459
-500
-495
-503
-538
-508
-533
-544
-550
-611
-638
-687
-730
-775
-859
-876
-931
-966
-945
-966
-933
-901
-867
-814
-772
-711
-660
-608
-530
-484
-431
-363
-318
-250
-181
-125
-52
43
118
206
291
388
481
542
638
680
732
795
804
838
867
870
901
907
926
950
956
1006
1004
1017
1036
1021
1044
1037
1012
999
963
934
896
855
835
772
742
705
654
641
603
555
518
478
431
387
341
301
237
196
143
84
62
21
-20
-59
-83
-126
-144
-169
-212
-248
-283
-319
-375
-418
-465
-540
-585
-626
-691
-700
-745
-782
-789
-803
-778
-785
-763
-737
-764
-734
-739
-747
-721
-767
-769
-799
-820
-809
-840
-821
-835
-836
-787
-780
-740
-698
-697
-653
-648
-618
-612
-611
-580
-614
-588
-573
-561
-530
-509
-475
-436
-386
-320
-282
-208
-152
-118
-26
3
72
120
180
251
301
418
481
565
673
729
838
931
1000
1086
1108
1175
1191
1206
1248
1205
1217
1189
1171
1195
1176
1185
1163
1143
1157
1123
1140
1105
1049
1018
938
894
804
722
616
498
430
337
257
195
105
40
-23
-70
-98
-162
-188
-263
-302
-351
-408
-418
-485
-519
-575
-609
-606
-634
-633
-638
-660
-641
-656
-633
-619
-637
-618
-653
-619
-620
-619
-587
-599
-564
-545
-504
-450
-426
-385
-380
-368
-334
-353
-348
-391
-430
-456
-504
-509
-565
-587
-617
-653
-620
-624
-604
-584
-608
-574
-579
-545
-532
-571
-545
-588
-571
-549
-532
-482
-492
-435
-380
-305
-176
-108
-14
85
156
300
393
509
597
651
761
819
936
1024
1084
1170
1226
1305
1380
1431
1486
1502
1519
1545
1528
1529
1479
1432
1388
1315
1288
1207
1147
1078
978
924
842
769
686
564
465
343
234
125
-24
-136
-278
-393
-464
-573
-621
-703
-776
-799
-845
-824
-848
-878
-870
-909
-880
-873
-890
-869
-899
-866
-841
-820
-753
-749
-677
-629
-577
-464
-416
-322
-285
-271
-202
-199
-138
-129
-157
-133
-183
-163
-164
-179
-158
-214
-210
-242
-267
-245
-323
-342
-410
-478
-482
-565
-575
-642
-695
-698
-755
-729
-739
-735
-701
-715
-660
-632
-595
-543
-555
-488
-465
-412
-323
-294
-194
-141
-43
81
164
314
413
508
646
731
863
951
1031
1118
1144
1222
1239
1287
1339
1350
1393
1395
1421
1454
1469
1512
1513
1505
1491
1431
1407
1338
1279
1193
1063
953
822
737
631
526
423
294
202
120
50
0
-96
-177
-279
-377
-436
-536
-607
-719
-837
-929
-1004
-1027
-1067
-1094
-1122
-1146
-1129
-1106
-1065
-1026
-1017
-1002
-1009
-974
-919
-875
-820
-820
-799
-763
-694
-581
-486
-400
-355
-310
-230
-154
-63
-29
-42
-59
-91
-75
-83
-80
-102
-174
-200
-218
-184
-136
-130
-126
-164
-194
-185
-191
-176
-235
-334
-432
-531
-543
-563
-575
-616
-688
-694
-653
-544
-422
-350
-294
-283
-235
-113
13
143
178
182
195
248
391
531
653
699
736
844
998
1208
1372
1443
1485
1497
1572
1675
1750
1786
1712
1638
1596
1593
1630
1625
1570
1467
1371
1333
1305
1279
1194
1049
880
696
565
448
321
153
-62
-256
-410
-517
-576
-666
-777
-896
-999
-1034
-1069
-1103
-1167
-1250
-1324
-1384
-1394
-1394
-1413
-1441
-1475
-1452
-1358
-1257
-1158
-1090
-1006
-896
-772
-626
-515
-432
-372
-340
-283
-202
-132
-76
-66
-43
-15
37
117
168
227
251
253
268
276
308
311
275
210
92
33
-11
-38
-53
-159
-255
-344
-385
-346
-353
-383
-475
-577
-578
-540
-463
-470
-574
-639
-673
-554
-400
-319
-293
-370
-342
-215
-1
226
293
296
263
325
524
706
856
862
798
815
881
1080
1242
1301
1309
1228
1251
1325
1434
1528
1460
1358
1218
1150
1191
1161
1105
920
703
598
533
572
487
290
89
-96
-66
-23
-72
-251
-554
-718
-751
-622
-524
-669
-883
-1143
-1190
-999
-833
-745
-894
-1094
-1167
-1100
-854
-691
-649
-729
-888
-848
-713
-503
-324
-303
-327
-407
-389
-265
-117
50
80
13
-75
-133
-42
102
224
246
139
37
1
107
255
326
303
187
100
99
164
221
203
136
32
-44
-62
-69
-56
-55
-72
-106
-142
-166
-180
-137
-77
-43
-49
-109
-144
-136
-78
-3
-2
-29
-80
-80
-17
41
107
106
106
124
143
209
238
285
330
357
404
394
421
467
511
597
620
633
606
586
638
662
711
689
604
574
521
541
554
519
471
346
293
257
231
246
175
97
-20
-141
-170
-225
-240
-304
-438
-546
-686
-704
-688
-680
-706
-846
-936
-969
-903
-766
-726
-748
-825
-871
-778
-648
-487
-440
-489
-505
-493
-339
-180
-87
-59
-119
-118
-58
62
186
198
166
111
109
190
250
285
235
162
134
129
174
182
134
63
-14
-28
-6
25
24
-51
-119
-151
-106
-19
36
42
-9
-31
-10
72
174
225
206
132
114
159
236
311
311
246
177
185
244
304
338
291
217
168
170
223
240
218
143
60
57
78
114
123
75
30
-8
37
110
173
213
152
111
106
165
279
319
321
249
196
226
278
377
406
362
292
216
228
253
260
231
122
27
-81
-154
-160
-208
-261
-360
-444
-476
-526
-528
-546
-570
-565
-576
-555
-562
-578
-567
-563
-499
-447
-416
-399
-420
-386
-334
-228
-110
-66
-18
-19
-12
50
127
222
249
235
186
110
115
146
192
216
172
102
17
-5
18
67
111
68
-18
-99
-158
-153
-98
-42
-56
-128
-186
-222
-176
-62
37
79
62
45
42
99
217
299
321
290
240
217
250
319
363
368
332
268
242
261
296
319
323
286
201
152
142
143
153
132
74
-20
-60
-43
0
42
28
-34
-89
-68
-6
64
116
93
24
5
30
105
184
207
154
75
77
119
199
266
244
149
59
36
56
112
141
54
-102
-207
-254
-251
-216
-225
-330
-475
-557
-585
-563
-496
-483
-552
-647
-697
-681
-608
-505
-462
-483
-502
-509
-447
-303
-158
-73
-56
-59
-53
36
198
318
365
345
285
241
293
388
442
439
359
224
136
171
233
248
189
59
-114
-203
-162
-102
-83
-139
-275
-413
-438
-367
-261
-200
-230
-330
-400
-341
-213
-59
48
42
-49
-89
-11
135
308
406
359
271
257
326
444
569
606
500
390
371
396
475
555
513
364
250
215
230
285
316
233
99
36
39
86
141
138
37
-45
-36
-2
51
88
58
-32
-74
-36
16
76
71
-17
-97
-113
-71
-22
-7
-66
-173
-233
-243
-207
-157
-172
-254
-351
-373
-354
-286
-215
-237
-318
-366
-335
-285
-188
-97
-104
-164
-164
-99
-25
98
190
164
108
122
190
271
355
388
318
259
244
263
325
364
314
194
98
41
52
108
96
-38
-190
-271
-311
-288
-235
-277
-414
-538
-579
-563
-493
-407
-425
-508
-553
-533
-444
-302
-195
-187
-193
-160
-99
14
169
259
276
293
328
380
476
566
588
586
570
551
546
571
566
538
518
460
376
318
283
213
157
134
59
-24
-82
-160
-234
-238
-225
-274
-327
-349
-405
-436
-365
-312
-327
-334
-339
-352
-309
-214
-138
-116
-113
-117
-126
-42
69
125
137
95
41
52
142
223
242
212
121
22
50
134
188
196
121
-12
-99
-47
62
143
133
24
-113
-144
-57
69
165
148
13
-116
-83
37
139
203
186
46
-67
-30
78
173
182
95
-33
-104
-94
-17
63
27
-123
-222
-226
-211
-166
-108
-139
-257
-313
-281
-221
-137
-104
-155
-196
-167
-121
-46
66
82
-3
-2
92
143
197
282
271
183
173
248
320
345
329
255
204
207
202
235
262
167
14
-31
-4
-5
-16
-44
-155
-282
-303
-277
-226
-220
-316
-403
-430
-402
-354
-274
-236
-334
-403
-332
-247
-159
-63
-65
-137
-142
-59
33
140
221
153
54
89
163
207
277
299
202
100
90
123
177
216
143
23
-24
-25
-31
11
65
-17
-132
-152
-138
-113
-79
-65
-84
-100
-144
-153
-40
35
-28
-60
27
33
-21
62
144
83
28
87
135
121
115
105
103
103
70
74
138
114
-19
-40
48
31
-15
39
40
-89
-134
-58
6
24
2
-50
-61
-39
-34
27
144
137
12
17
124
150
152
238
254
144
107
166
238
280
230
144
126
114
64
99
205
126
-60
-104
-72
-102
-91
-19
-75
-217
-299
-315
-257
-151
-134
-221
-266
-288
-339
-265
-102
-57
-124
-174
-185
-169
-70
39
72
71
36
-39
-4
148
196
147
152
155
77
59
174
241
194
130
74
74
100
81
79
114
62
-62
-58
50
45
-37
-22
-12
-81
-101
-42
26
31
-32
-86
-41
8
-24
-1
105
81
-55
-35
82
82
21
76
120
37
-14
9
67
68
5
-18
25
10
-74
-66
10
-27
-126
-81
5
-35
-106
-67
-22
-38
-55
-4
67
41
-32
-25
95
131
63
94
188
131
45
127
241
215
132
148
174
144
114
145
199
163
24
-10
89
85
-21
-50
4
-55
-172
-142
-47
-76
-167
-208
-202
-167
-198
-202
-121
-123
-229
-272
-179
-70
-107
-120
-52
-58
-96
-83
23
117
92
17
30
102
127
113
155
220
141
65
107
175
178
123
106
110
77
41
59
112
86
-51
-95
-11
14
-39
-30
-4
-88
-189
-147
-27
-14
-61
-81
-98
-123
-137
-83
6
10
-78
-143
-110
-63
-50
-22
3
-19
-82
-91
-36
2
-6
-25
-20
-27
-63
-47
20
5
-59
-59
-7
-7
-27
18
34
-38
-66
7
95
91
11
19
63
19
1
97
203
142
-22
-1
127
92
47
117
171
84
-67
-11
127
93
-11
-28
20
-15
-128
-89
17
-54
-177
-178
-92
-83
-162
-157
-135
-188
-209
-181
-88
-51
-162
-203
-160
-117
-85
-60
19
19
-103
-96
-4
60
104
91
92
64
19
80
150
173
186
111
78
98
101
155
151
104
83
42
53
92
91
96
23
-42
-19
-12
17
14
-28
-57
-114
-134
-70
-32
-53
-101
-138
-131
-133
-111
-66
-78
-129
-161
-139
-93
-58
-64
-85
-106
-128
-119
-56
14
-2
-60
-77
-49
-36
-8
44
50
11
-14
4
50
82
80
61
48
66
73
96
132
118
64
45
65
111
161
128
69
38
46
38
35
104
130
26
-65
-39
10
23
-28
-27
-19
-91
-141
-130
-37
-10
-137
-198
-135
-94
-108
-148
-104
-84
-175
-194
-121
-20
3
-84
-133
-61
-24
-11
16
66
126
34
-18
64
171
206
122
102
190
199
148
167
247
284
178
109
202
295
244
157
143
180
141
65
145
197
120
-8
-31
45
52
-16
-8
18
-55
-144
-146
-37
-36
-120
-135
-110
-120
-137
-113
-74
-93
-143
-110
-82
-42
-9
-46
-71
-60
-39
15
66
79
59
25
18
48
106
158
173
104
75
114
111
114
153
157
97
52
81
136
108
61
65
54
4
6
88
90
-13
-79
-66
-44
-56
-29
27
-28
-148
-178
-130
-81
-79
-113
-101
-104
-180
-182
-104
-79
-122
-187
-146
-75
-108
-85
-26
-71
-140
-138
-49
30
20
17
31
-9
-33
31
111
122
104
112
120
118
145
181
197
152
110
160
179
196
220
162
106
76
74
128
109
76
105
34
-64
-84
-27
10
-109
-182
-94
-68
-171
-213
-129
-113
-247
-308
-182
-57
-109
-222
-182
-109
-174
-229
-122
26
28
-102
-89
58
77
-1
-11
93
165
98
63
208
261
121
10
58
197
220
133
135
200
123
-8
-24
97
166
53
-53
6
62
-51
-137
-82
-15
-86
-202
-135
24
-30
-207
-207
-110
-101
-204
-166
27
17
-177
-210
-78
-38
-112
-155
-39
37
-71
-114
-18
16
-56
-136
-84
54
69
-1
-9
21
-15
-83
-71
73
148
43
-27
36
88
28
-13
57
153
75
-21
97
239
159
-4
3
130
145
18
71
243
197
-42
-119
42
141
34
-78
29
105
-52
-192
-110
5
-45
-215
-206
-15
-23
-166
-194
-122
-101
-209
-243
-47
44
-83
-159
-112
-18
-49
-110
-5
103
63
-1
36
138
147
42
19
133
215
155
120
192
191
71
-4
57
194
182
37
51
88
24
-42
-58
18
33
-92
-104
-9
-30
-81
-135
-145
-100
-125
-106
-31
-26
-66
-125
-144
-73
-32
-7
8
12
23
-9
-27
25
61
19
-6
31
94
80
40
26
3
-9
-42
4
89
70
9
-41
-85
-48
-8
-3
27
-6
-45
-21
-26
0
38
7
12
5
17
104
130
94
64
45
68
120
116
155
185
96
48
59
93
116
73
38
41
-7
-56
-18
26
-38
-152
-167
-97
-86
-131
-109
-104
-168
-240
-215
-111
-65
-86
-113
-102
-97
-77
-30
16
34
44
44
74
142
175
184
133
93
154
210
215
266
245
150
108
70
128
194
150
131
89
-11
-40
-40
-10
-14
-91
-85
-59
-107
-150
-157
-167
-169
-182
-154
-77
-51
-84
-157
-168
-109
-50
3
48
54
24
-13
0
38
60
114
115
108
99
70
105
96
37
32
54
59
88
54
12
-4
-64
-75
-41
-18
9
-12
-83
-86
-78
-49
-39
-56
-26
-8
-25
-39
-14
37
50
-16
-18
45
85
66
18
20
48
59
33
10
39
32
-57
-68
-19
20
1
-101
-154
-133
-126
-113
-87
-91
-90
-135
-194
-162
-106
-52
-34
-96
-110
-39
-6
12
32
19
19
19
45
128
183
168
112
58
56
122
165
179
182
123
39
21
55
89
92
20
-9
-13
-49
-63
-53
-69
-103
-163
-181
-110
-61
-78
-134
-193
-195
-133
-102
-68
-31
-35
-68
-125
-117
-1
84
60
22
13
52
59
59
93
109
103
79
42
82
142
101
56
26
33
44
29
45
56
17
-33
-55
-34
-5
-11
-26
-42
-42
-78
-92
-45
-21
-14
-10
-42
-44
-8
-8
-4
5
26
60
30
-17
2
45
65
45
21
38
52
13
-26
-10
31
31
-18
-42
-21
-5
-32
-69
-70
-55
-46
-44
-60
-43
-9
-42
-106
-96
-18
47
41
10
23
16
3
17
48
95
129
79
40
75
109
119
82
60
75
92
81
77
90
77
35
-28
-56
-9
39
26
-30
-87
-93
-92
-89
-90
-74
-66
-103
-136
-118
-64
-48
-57
-109
-116
-61
-45
-26
23
27
3
-20
-47
7
92
93
75
71
54
61
66
49
70
96
72
29
32
72
73
21
-28
-16
16
3
-8
-15
-17
-18
-76
-101
-42
-13
-28
-52
-64
-46
-37
-50
-33
-7
10
8
-28
-20
2
19
30
25
23
36
45
28
31
39
32
25
44
56
22
7
12
0
-13
-10
24
31
7
6
-17
-33
-37
-42
-8
36
44
4
-19
-18
-22
-14
16
38
53
52
34
30
45
44
41
58
49
59
77
60
52
43
29
14
-9
-14
29
57
23
-26
-51
-40
-23
-38
-49
-24
-25
-54
-67
-64
-50
-28
-29
-46
-37
-6
8
0
-3
5
5
-4
15
44
65
56
32
43
48
33
29
48
61
54
31
31
61
48
6
-11
-6
-3
-12
-15
8
18
-37
-86
-73
-63
-66
-52
-46
-41
-30
-45
-64
-45
-35
-62
-45
7
23
12
-4
-8
10
-10
-31
15
72
90
67
35
26
27
1
8
44
46
44
29
-4
-20
-24
-45
-49
-38
-34
-8
-11
-34
-44
-52
-67
-78
-49
-17
-3
-4
-11
-14
-23
-42
-42
10
44
32
31
41
50
38
9
14
52
71
54
56
65
33
12
4
-12
12
22
4
3
14
8
-16
-38
-47
-33
-19
-21
-29
-18
-4
-3
-9
-27
-25
19
24
-4
18
61
96
60
13
33
65
62
55
84
115
125
77
26
52
73
57
49
54
80
78
47
11
1
7
-8
-13
-8
28
53
3
-54
-69
-65
-50
-24
4
30
42
-2
-63
-66
-20
24
33
28
35
47
38
16
8
17
34
49
53
47
49
61
38
-19
-22
21
38
26
34
26
3
-22
-57
-43
-4
-2
-26
-34
-22
-19
-34
-49
-46
-36
-26
-20
-17
2
11
1
-18
-42
-43
-13
23
22
18
18
13
-12
-23
-5
1
11
3
-7
-7
-2
2
-12
-45
-46
-24
-14
-19
-10
-10
-24
-27
-52
-58
-37
-15
-2
2
-9
-28
-15
-20
-30
-15
11
28
15
11
0
0
13
-13
-25
5
42
37
6
5
12
-17
-50
-45
-12
10
2
-9
-28
-52
-66
-80
-69
-41
-23
-25
-45
-56
-54
-60
-70
-53
-30
-17
-6
-4
-8
-9
-3
-7
-19
6
59
68
36
29
50
53
33
31
42
62
63
51
55
69
52
0
-19
0
29
37
21
17
6
-16
-27
-55
-46
-10
9
-11
-63
-59
-17
4
-19
-57
-43
-11
-13
-10
8
23
13
-26
-46
-9
42
44
27
10
36
32
-4
5
38
54
22
3
3
20
34
26
5
-28
-32
-20
-5
8
6
-7
-26
-37
-28
-37
-35
-1
2
-14
-38
-45
-16
-14
-37
-43
-31
-16
-18
-34
-28
-32
-60
-68
-50
-29
-33
-40
-46
-65
-78
-81
-64
-61
-74
-71
-56
-54
-67
-74
-63
-43
-49
-60
-51
-33
-17
-21
-49
-44
-13
0
-3
-5
13
20
20
17
19
33
37
21
0
5
17
38
35
-4
-11
1
-1
-13
-13
10
12
-19
-35
-32
-27
-27
-16
-9
-21
-35
-30
-16
-15
-32
-40
-2
27
7
-17
-5
23
21
6
14
41
49
47
34
22
44
65
47
34
49
67
55
32
33
47
54
38
26
26
33
35
18
2
20
37
23
-6
-17
9
6
-11
-1
33
40
-13
-41
-12
21
24
2
-1
24
17
-6
-6
19
29
10
-9
3
21
12
2
2
17
19
-1
-3
22
43
24
-10
-14
3
26
20
6
12
7
2
7
21
29
14
3
4
11
21
21
30
43
26
4
-3
2
21
42
37
20
3
2
12
6
-7
3
29
33
5
-9
5
2
-6
-9
-11
11
21
-2
-11
-20
-13
8
2
-1
-14
-9
6
-14
-20
-8
8
8
-29
-42
-14
7
-1
-17
-11
9
-2
-33
-23
2
-1
-13
-16
-12
-15
-30
-33
-24
-18
-17
-3
5
-9
-33
-46
-28
-9
-3
-11
-14
-5
-17
-44
-52
-32
-5
10
-9
-15
-9
-3
-5
-25
-25
0
13
1
2
-2
-3
2
3
4
-11
0
22
14
-10
-9
4
15
8
-16
-18
-3
3
-3
8
16
0
-17
-14
-8
-11
-17
-9
14
14
-8
-23
-11
3
5
2
16
28
23
13
11
21
16
17
28
39
48
34
12
12
35
48
36
23
28
34
33
15
2
18
29
13
-6
-8
10
6
-18
-7
7
-4
-24
-29
-15
-9
-7
-2
1
-14
-21
-15
-21
-20
-1
20
16
9
10
11
9
6
16
56
60
19
18
45
33
12
14
22
47
48
27
9
12
8
3
14
4
2
2
-3
0
-20
-38
-25
-9
-20
-37
-38
-26
-11
-24
-48
-35
-15
-12
-31
-29
-13
-8
0
-12
-12
-12
-13
-3
-5
-8
6
13
-4
-5
-3
-9
-11
-4
15
19
-5
-19
-15
-19
-19
-16
5
14
5
-2
-21
-32
-21
-12
-5
8
-6
-8
8
11
-16
-34
-7
23
18
-20
-23
11
18
-13
-33
-16
18
14
-17
-21
1
17
8
-13
-19
-1
3
-16
-24
-5
11
12
-10
-35
-27
6
22
-1
-26
-12
19
14
-4
-6
2
13
7
3
7
8
6
9
11
4
-7
8
32
20
-5
-8
5
17
9
-5
-6
-4
1
-12
-24
-2
12
-1
-19
-17
-4
-4
-6
-2
3
-3
1
-4
-6
2
8
18
15
-1
7
21
17
15
10
22
34
34
34
17
21
18
20
38
23
7
16
34
34
0
-18
16
36
14
-9
-8
19
24
-1
-17
-3
14
9
-18
-31
-15
-5
-5
-14
-17
-1
0
-13
-14
-18
-20
-12
-1
-15
-30
-21
-6
1
-15
-32
-26
-2
0
-17
-26
-17
4
1
-22
-31
-14
4
5
-8
-21
-18
0
6
-6
-20
-15
2
10
-2
-9
-4
11
18
-13
-17
2
19
19
-13
-26
-11
16
17
-1
-14
-18
0
9
-1
-11
-4
23
22
-20
-41
-19
19
17
-15
-23
-8
17
17
-14
-31
-13
15
8
-10
-18
-1
20
1
-18
-22
2
32
18
-6
-3
12
21
15
8
13
18
13
15
15
7
5
18
22
6
-9
-3
30
30
2
-18
-6
24
18
-10
-25
-5
17
3
-25
-23
-7
11
6
-16
-19
-1
15
10
-17
-32
-6
23
16
-14
-17
16
26
9
-19
-11
17
22
5
-21
-11
20
18
-4
-12
1
11
6
-5
-2
4
-2
4
6
-5
-20
-12
16
15
-6
-24
-8
13
1
-10
-12
3
14
1
-17
-22
-16
7
3
-27
-18
1
5
-6
-20
-15
-4
0
-10
-19
-15
-1
-3
-17
-13
-7
-6
-5
-7
-10
-7
-2
6
10
1
-3
3
10
17
4
-1
20
31
24
10
7
12
16
19
8
6
18
23
20
16
9
18
22
7
-5
-8
15
32
15
-12
-8
16
33
10
-15
6
39
44
12
-8
9
39
32
5
8
28
38
26
15
22
22
28
30
16
26
20
26
36
26
17
17
40
37
17
6
21
38
21
5
8
25
36
25
1
5
26
29
19
8
8
14
23
18
0
-1
28
32
10
6
5
17
19
12
12
8
6
2
6
14
-3
-11
12
15
-3
-13
-8
14
11
-9
-15
1
15
0
-6
-7
-12
2
-2
-14
-20
-13
1
-11
-29
-17
13
1
-28
-28
-5
2
-22
-38
-19
8
-17
-49
-29
-2
-11
-41
-40
-18
-6
-25
-41
-22
-10
-22
-44
-33
-6
-7
-19
-37
-33
-8
-15
-29
-29
-17
-10
-25
-29
-12
-3
-11
-37
-40
-8
2
-36
-40
-5
2
-22
-48
-27
-5
-13
-32
-42
-28
-19
-26
-32
-25
-18
-26
-34
-28
-27
-34
-28
-26
-38
-42
-18
-7
-32
-49
-37
-8
-9
-37
-33
-15
-8
-24
-40
-23
-2
7
-3
-11
-5
3
6
-5
-6
-2
2
0
-3
6
17
16
3
-1
6
17
15
6
7
17
16
7
8
15
19
17
13
13
12
7
19
16
7
2
4
13
11
14
9
9
11
15
14
9
3
11
21
10
2
-2
15
17
3
-14
-3
24
18
-4
-8
8
17
2
-7
6
14
12
4
0
-7
2
8
8
6
-6
7
2
-5
-5
-4
-4
-7
2
-1
-9
-11
-3
11
3
-20
-17
2
1
-4
-14
-5
12
0
-19
-20
-4
7
6
-6
-13
-7
2
6
2
-10
-13
-1
-3
-5
-2
3
1
-5
-7
-10
-3
3
4
-2
-3
-6
-4
-9
-9
-8
-11
-6
-5
2
2
8
6
3
-3
-2
7
12
9
3
2
9
9
4
10
8
10
9
6
2
5
13
9
0
8
23
15
16
17
17
25
13
6
18
36
33
13
8
19
27
28
15
14
21
25
16
15
24
28
20
15
16
19
28
23
18
16
17
15
10
11
12
20
18
6
8
13
9
6
1
5
17
20
11
2
5
10
0
10
24
7
-7
-6
10
6
-10
-5
-1
5
-3
-17
-14
0
-1
-13
-18
-7
6
-11
-25
-9
-1
-13
-21
-21
-23
-19
-20
-21
-19
-24
-22
-9
-11
-31
-35
-23
-1
-10
-26
-23
-18
-11
-19
-21
-16
-7
-13
-19
-17
-21
-21
-26
-18
-13
-23
-25
-19
-13
-16
-28
-29
-15
-23
-30
-24
-23
-15
-19
-27
-14
-8
-5
-5
-16
-9
-10
-10
-6
-6
-9
-4
2
1
-8
-10
-4
-6
-2
-9
-9
7
2
-5
-7
0
8
2
-1
-4
-2
2
9
13
12
17
11
5
7
19
18
13
16
10
7
9
19
22
11
5
13
20
19
12
12
19
13
2
-5
5
19
7
-10
-1
3
2
-9
-5
14
3
0
4
3
7
5
-3
1
-1
1
4
0
1
-7
0
1
-9
-6
-1
-6
-14
-16
-10
-10
-12
-15
-13
-10
-13
-18
-18
-9
-19
-31
-26
-9
-5
-24
-27
-25
-19
-22
-32
-27
-20
-21
-24
-29
-27
-20
-19
-16
-20
-26
-28
-29
-30
-26
-29
-37
-30
-21
-26
-29
-17
-9
-12
-17
-24
-20
-16
-12
-9
-15
-12
-9
-20
-17
-11
-14
-8
-5
4
-2
-12
-5
-3
-6
-13
-13
-6
-7
-13
-10
-8
-9
-18
-19
-2
5
-5
-6
-3
-8
0
1
-3
-5
-2
-1
-2
-5
-4
-3
-3
5
1
2
3
2
-4
-9
-2
5
6
-6
-6
-1
3
2
1
-4
-2
0
-1
3
3
4
2
3
10
10
-3
4
19
10
5
16
18
11
13
11
8
8
11
13
19
10
10
21
26
30
20
18
24
36
31
25
19
13
19
23
30
26
23
24
23
24
24
31
31
25
19
23
19
8
18
29
22
14
13
12
14
9
8
10
11
12
16
17
11
4
3
14
14
8
0
3
16
14
5
8
17
22
8
-4
6
10
7
-5
-5
10
8
0
-6
-6
-4
-1
-1
-3
-7
-4
6
1
-6
-10
-8
-2
-5
-17
-20
-11
-1
-3
-17
-16
-8
-4
-3
-13
-13
-5
3
-10
-16
-4
4
-9
-17
-11
-4
4
-6
-7
-6
1
1
-9
-2
8
11
5
-4
-3
4
7
6
-1
4
12
2
-2
3
7
9
-1
1
16
20
21
26
18
11
18
13
10
14
20
22
13
8
13
16
17
18
12
8
11
18
13
2
-1
6
0
6
4
3
13
2
4
1
7
11
5
3
0
10
8
-1
-9
5
14
-2
-9
-9
4
4
-7
-14
-13
1
2
-14
-11
-3
2
-3
-9
-5
-1
-5
-9
-13
-12
-4
2
0
-3
-7
-8
-10
-6
-5
-4
-1
-8
-1
-1
-16
-21
-20
-8
-1
-3
-11
-12
-3
-3
-14
-17
-10
3
2
-15
-15
-9
-9
-12
-16
-16
-10
-7
-10
-16
-11
-4
-8
-18
-16
0
-7
-14
-16
-7
2
-6
-10
-2
9
7
0
0
7
11
5
-1
8
14
10
10
14
15
13
6
8
18
14
11
9
8
8
12
9
3
3
16
14
6
10
11
7
4
5
12
20
13
15
18
18
9
0
5
18
18
5
7
13
23
9
2
18
28
16
-1
1
15
21
9
2
2
9
10
2
-2
6
3
-10
-16
-6
11
6
-3
5
14
-3
-15
-11
3
2
-15
-12
-6
0
-9
-16
-12
-5
-4
-10
-8
0
1
-8
0
4
-7
-4
4
0
-4
-1
3
6
-6
-11
-4
1
5
-3
-5
0
4
0
-5
-5
7
0
-11
-2
-6
1
0
-4
0
-1
-4
-3
-5
-11
-13
-9
0
2
-2
-9
-15
-10
-3
-8
-15
-11
-12
-14
-21
-11
-6
-4
-4
-5
-4
-13
-13
-12
-7
-4
-6
-8
-3
-3
-10
-3
-4
-11
-12
-14
-4
1
