-16
-13
-14
-9
-6
-12
-18
-15
-13
-9
-11
-13
-13
-12
-11
-9
-9
-12
-9
-8
-6
-3
-6
-5
-3
0
4
3
6
6
2
1
-1
-1
5
1
4
5
-1
5
3
8
7
4
4
9
16
14
20
16
17
19
20
23
21
19
18
22
15
18
23
22
26
24
30
32
32
36
33
35
35
34
32
27
28
25
22
21
27
25
25
21
19
21
15
21
18
16
16
12
17
11
14
17
6
6
3
5
3
-1
-1
-4
-2
-2
-5
-3
-3
-6
-6
-4
-2
-4
-7
-6
-8
-14
-12
-12
-10
-6
-8
-6
-4
-1
-5
-7
-3
-5
1
-2
-4
0
0
3
0
2
-2
-1
1
1
3
3
0
-1
5
0
-4
0
-1
2
0
0
1
3
2
3
7
3
6
6
6
6
3
3
3
0
-1
0
0
1
-1
-3
2
1
-1
-4
-1
1
-4
-1
2
2
-4
-4
-4
-8
-6
-8
-9
-12
-10
-10
-11
-9
-9
-9
-11
-12
-14
-18
-19
-17
-23
-14
-14
-19
-16
-18
-19
-20
-18
-16
-21
-19
-18
-17
-18
-21
-17
-15
-19
-21
-18
-16
-18
-21
-22
-18
-17
-14
-13
-14
-11
-12
-10
-8
-8
-5
-2
-5
-7
-10
-8
-3
-3
-2
-2
-1
5
4
4
6
12
9
12
14
9
11
8
13
13
10
12
6
11
10
0
1
0
2
2
-3
-2
-2
0
4
0
1
0
0
0
-2
0
-2
-1
3
-2
-4
-4
-7
-10
-12
-9
-10
-4
-7
-8
-6
-11
-13
-15
-11
-11
-14
-12
-14
-13
-11
-11
-12
-10
-13
-16
-13
-14
-11
-9
-15
-11
-13
-13
-12
-9
-7
-8
-8
-10
-7
-10
-9
-10
-9
-8
-2
-1
-9
1
0
-1
-1
1
2
7
8
4
5
8
10
9
10
9
14
13
15
19
11
15
20
18
17
16
15
18
20
17
18
15
14
15
14
19
21
21
15
15
20
18
16
15
18
13
13
11
9
8
2
2
2
3
6
5
4
1
2
1
-1
-1
3
5
0
-1
-5
-4
-4
-5
-4
-6
-2
-5
-7
-2
-4
-6
-3
-5
-6
-9
-14
-13
-9
-11
-17
-15
-18
-17
-14
-16
-18
-19
-16
-18
-15
-12
-16
-15
-12
-17
-15
-11
-11
-11
-15
-18
-11
-9
-11
-9
-9
-8
-7
-5
-6
-9
-5
-7
-1
-6
-7
-5
-2
1
-2
5
4
4
4
3
4
4
-1
-4
-2
-3
0
-2
-5
-4
1
-5
-5
-2
-1
0
-3
-4
0
1
2
-3
0
3
-3
1
-5
-2
4
2
2
2
6
8
5
4
6
4
5
8
4
8
11
11
9
9
12
15
19
16
17
19
21
23
21
22
25
25
20
19
14
17
18
12
12
16
19
16
13
17
16
14
12
9
10
13
14
4
0
3
2
5
0
-4
0
2
-3
-5
-2
-4
-4
-7
-10
-3
-9
-5
-10
-12
-4
-6
-4
-6
-8
-6
-3
-7
-3
-5
-4
3
-6
-4
-2
1
-4
-7
-3
-8
-3
-6
-5
-6
-4
-1
-5
-5
-2
2
-1
-1
-1
1
5
1
2
4
5
3
5
5
0
2
-2
-3
-4
-3
0
-2
-1
-2
0
-1
0
-3
4
7
6
5
3
6
4
5
4
4
3
-1
-1
2
3
3
1
2
8
5
4
3
2
4
6
5
1
0
4
7
5
-5
-8
-4
-3
-5
-7
-7
-11
-12
-16
-14
-9
-7
-10
-12
-13
-14
-16
-15
-12
-15
-19
-13
-14
-18
-11
-13
-12
-13
-16
-9
-7
-8
-8
-6
-9
-8
-14
-13
-10
-9
-9
-13
-10
-5
-2
-8
-7
-1
1
-3
-3
3
0
-4
-3
-3
-3
1
1
-3
1
3
2
8
3
-5
-5
-2
1
0
1
3
2
6
6
6
10
7
5
3
4
8
5
2
7
3
3
6
2
5
4
3
5
1
-2
1
-1
-3
-4
-2
-5
-8
-6
-3
0
-4
-1
-1
-4
0
-4
-1
-6
-6
2
-1
-1
-1
-3
-1
-1
-6
1
-1
-3
0
-1
5
6
3
3
5
7
6
2
3
5
9
9
3
10
12
7
8
12
9
14
12
8
17
12
15
14
11
11
13
16
13
11
14
12
18
17
16
17
9
9
9
14
11
9
13
10
13
12
14
12
13
12
14
10
8
11
12
16
12
11
14
16
15
16
13
14
23
17
18
15
14
17
18
16
14
21
14
14
18
13
14
10
13
11
8
10
7
6
8
6
3
0
2
8
6
1
-1
6
9
2
3
-2
-1
4
2
1
3
4
1
2
-1
5
4
-1
1
1
4
-1
-3
-6
-4
-1
-1
0
1
2
2
5
9
5
6
7
10
11
8
10
5
6
7
1
-1
-1
-5
0
5
0
0
-2
-2
0
0
1
1
2
3
3
0
2
0
-2
-1
0
1
-1
-3
0
0
4
5
-1
-2
-6
-6
-4
-3
-9
-2
-3
-4
-2
-4
-1
-1
-2
-4
1
-1
-1
-1
-2
-5
2
2
-5
5
0
0
-2
0
0
3
1
-2
-1
-5
-1
0
-1
0
1
3
7
1
9
5
3
6
4
10
5
8
7
5
5
5
10
2
2
3
4
5
2
-1
0
4
3
3
3
10
8
9
7
3
10
9
2
1
4
2
-3
-4
-3
-3
-4
-4
-2
-1
-4
-2
-2
3
4
1
3
-4
-2
-3
-6
-3
-7
-6
-5
1
2
0
1
2
2
0
7
7
3
2
-4
-1
4
0
-2
2
1
3
4
0
5
6
5
6
3
4
5
3
1
1
-1
-4
-2
-7
-8
-7
-7
-8
-7
-1
-2
-4
-5
2
-3
-7
-2
-4
-6
-9
-4
-11
-13
-11
-17
-14
-14
-16
-11
-10
-15
-13
-12
-15
-17
-20
-19
-18
-14
-17
-21
-21
-30
-23
-20
-26
-29
-26
-24
-27
-27
-26
-26
-34
-32
-30
-29
-34
-31
-29
-34
-27
-32
-34
-36
-32
-28
-30
-28
-28
-24
-21
-21
-23
-24
-17
-18
-20
-17
-19
-13
-16
-16
-20
-18
-9
-12
-10
-14
-6
1
-1
-3
-4
-3
-3
-4
-7
-3
-3
-1
-3
-6
1
5
-2
-4
-4
-4
-2
-1
-3
-8
2
-2
-7
-3
0
1
-3
1
1
2
-1
-8
-6
-1
-1
-4
-3
-3
0
-1
3
-4
-10
-2
-1
-3
-6
-6
-4
-6
-5
-6
-4
3
-2
-5
-8
-3
-1
-6
-3
-5
-1
-3
-3
-3
-3
0
1
0
-7
0
1
2
-1
2
5
0
-2
-3
-2
0
1
-6
1
1
2
5
-3
2
5
7
4
7
10
9
14
15
14
12
16
15
20
22
21
20
16
17
14
18
21
16
17
18
16
20
17
16
21
22
22
23
23
24
27
26
27
27
29
28
27
29
30
31
25
29
29
27
24
22
23
21
27
28
23
25
28
28
25
25
24
22
24
21
19
24
23
20
17
13
15
14
10
12
12
12
10
5
8
12
13
11
12
15
9
5
9
3
4
10
4
4
4
3
4
2
-2
-5
-5
1
-5
-9
-3
-6
-6
-12
-12
-12
-13
-11
-14
-15
-14
-9
-10
-7
-7
-12
-12
-15
-11
-14
-16
-16
-20
-15
-13
-19
-20
-20
-22
-21
-24
-17
-22
-23
-16
-18
-18
-20
-17
-13
-11
-14
-11
-10
-15
-14
-13
-7
-11
-11
-8
-7
-1
0
1
0
2
1
6
2
5
9
4
13
11
12
14
18
19
21
20
18
21
13
19
19
19
18
20
22
19
21
17
14
16
19
13
13
16
14
8
7
10
8
9
2
-1
1
0
4
2
-3
-3
-3
-1
-2
-4
-5
-9
-8
-14
-16
-12
-7
-11
-12
-10
-16
-16
-13
-16
-14
-11
-13
-14
-11
-11
-8
-1
-5
-5
-9
-6
-5
-7
-2
-3
-5
-11
-12
-11
-11
-10
-12
-13
-12
-11
-9
-11
-8
-4
-8
-11
-7
-6
-7
-3
-3
-2
-1
0
-2
3
3
-4
-2
-7
-3
0
5
0
-2
-3
-3
2
4
1
1
5
3
-1
-1
1
1
-1
-3
0
0
1
-1
-1
-2
-5
-5
-5
-5
-5
-11
-9
-2
-6
-2
-5
-6
-8
-13
-8
-3
-6
-9
-6
-8
-8
-11
-12
-11
-7
-11
-8
-10
-11
-6
-12
-6
-7
-9
-9
-7
-3
-6
-8
-7
-7
-4
1
3
1
1
-1
-3
4
5
6
5
7
6
4
8
10
11
10
11
8
7
8
12
11
8
6
7
13
10
12
11
10
13
15
14
13
16
14
13
10
13
6
5
8
9
13
7
11
6
4
7
4
2
2
1
1
-5
-5
-2
-7
-1
-5
-7
-2
-9
-10
-8
-12
-17
-20
-19
-16
-22
-24
-16
-25
-27
-25
-26
-23
-24
-22
-25
-21
-23
-27
-26
-27
-26
-27
-27
-30
-25
-24
-22
-25
-26
-24
-31
-26
-22
-25
-19
-20
-20
-21
-23
-18
-11
-10
-14
-10
-10
-10
-11
-3
-4
-6
-2
-8
-4
-4
-1
-3
0
6
4
2
7
13
12
10
6
13
12
13
13
16
17
12
15
16
13
18
20
19
20
19
25
20
23
21
20
20
15
16
15
14
15
14
11
13
7
10
7
6
4
3
4
1
3
0
1
3
-2
-3
-7
-9
-10
-13
-11
-12
-13
-16
-14
-15
-11
-11
-14
-13
-15
-12
-14
-12
-12
-11
-11
-12
-11
-11
-11
-12
-12
-11
-13
-10
-11
-13
-11
-15
-9
-9
-4
-5
-10
-12
-8
-5
-11
-10
-10
-6
-8
-8
-9
-8
-5
-4
-5
-5
-2
-5
-2
-6
-5
-3
-2
2
-1
1
-2
0
4
4
3
5
4
2
3
5
5
4
5
7
12
13
12
13
12
12
10
11
14
12
15
12
11
13
13
17
11
15
20
18
19
17
17
16
19
20
14
11
14
12
12
12
10
11
11
9
5
7
6
7
7
5
2
6
5
3
7
3
0
1
2
2
6
6
8
11
10
10
6
6
7
10
11
13
8
6
4
7
7
10
11
5
10
10
10
11
9
10
7
9
10
7
9
5
6
12
14
7
4
7
4
5
5
1
-4
-3
-2
-4
-3
-6
-8
-10
-6
-2
-7
-9
-10
-8
-6
-11
-10
-7
-2
-3
-8
-8
-8
-8
-8
-13
-18
-16
-23
-21
-18
-18
-17
-26
-29
-26
-29
-20
-20
-27
-22
-25
-18
-24
-20
-19
-21
-19
-23
-20
-27
-25
-22
-24
-25
-24
-23
-24
-26
-22
-16
-21
-19
-20
-20
-12
-21
-16
-11
-13
-14
-19
-7
-7
-7
-12
-16
-9
-13
-4
-6
-9
-5
-7
0
1
0
-1
-4
-5
-4
3
-2
1
10
6
9
7
5
3
8
5
6
8
-5
6
0
2
9
3
3
0
-2
-2
3
0
1
4
7
7
5
6
5
5
4
5
6
-2
-4
4
6
3
-5
2
-2
-1
5
-2
-1
-6
-6
-4
1
3
-4
-5
-2
-5
-4
-5
-9
-5
-16
-18
-17
-17
-20
-20
-19
-21
-22
-31
-29
-26
-20
-19
-31
-29
-26
-29
-27
-28
-18
-19
-26
-24
-26
-19
-23
-23
-25
-31
-27
-27
-26
-24
-21
-25
-28
-31
-23
-21
-20
-18
-20
-20
-23
-16
-10
-10
-9
-13
-10
-5
-8
-3
-7
-7
-9
-4
-1
-1
0
-4
4
7
11
5
6
6
2
15
11
16
12
7
19
16
18
16
15
15
13
15
12
16
10
18
18
19
20
7
18
10
14
21
15
16
5
9
10
6
15
10
4
-2
0
5
1
-1
-9
-5
-7
-8
-8
-7
-6
-12
-6
-10
-9
-3
3
3
0
0
-5
-8
-8
-4
0
-4
-8
-11
-8
-4
-6
-9
-7
-5
-6
-2
-6
-1
-5
2
2
-4
0
-5
5
4
6
6
-1
-4
-3
2
0
12
1
1
5
7
11
11
17
6
5
1
5
15
11
9
5
10
5
5
6
1
10
9
16
15
6
8
-1
11
12
12
16
-3
8
7
17
19
6
10
-5
4
6
14
10
-3
4
-5
5
-4
-6
-4
-8
0
-2
1
-12
-9
0
3
6
-4
2
0
1
7
10
8
-6
1
5
7
17
6
3
3
13
22
11
16
6
10
14
14
26
15
18
20
16
36
25
23
25
15
42
27
33
31
18
36
19
34
31
23
24
12
22
21
32
22
21
13
16
29
13
28
9
16
17
8
27
0
10
4
2
11
-11
-9
-14
-5
-1
-4
2
-13
-14
-11
1
2
-5
-4
-19
-10
-16
0
6
-12
-5
-20
-5
-8
-10
3
-5
-4
-10
-9
1
1
6
12
-1
2
-4
-8
13
11
16
9
-5
8
1
4
19
9
13
-2
-9
6
-4
14
9
-3
8
-16
0
2
1
27
4
2
-11
-16
7
-2
8
4
-19
-11
-20
-11
-1
-18
-8
-15
-25
-22
-24
-9
-5
-11
-9
-22
-26
-21
-21
-3
-5
-6
-8
-27
-14
-11
-8
-2
-7
0
-18
-17
0
2
11
3
-1
2
1
0
9
10
19
19
7
9
1
7
17
17
19
11
1
1
10
30
34
20
8
6
12
24
20
27
26
2
8
1
29
35
17
21
-4
10
6
19
28
16
15
-1
4
2
13
12
10
3
-7
0
-21
-6
-7
3
9
-15
-8
-27
-10
-2
-15
-4
-23
-18
-21
-22
-6
-16
-6
-18
-26
-20
-22
-8
-18
-16
-12
-25
-14
-2
4
-18
-48
-17
2
9
-10
-32
-12
-30
-17
4
4
0
-32
-30
-26
-18
6
3
-7
-18
-57
-59
-1
27
16
-49
-51
-17
-26
15
3
-3
-16
-50
2
-18
-9
-11
-21
26
-25
-35
-35
-12
7
-17
-7
-14
-7
-27
-36
-18
32
29
-39
-45
-35
-11
-4
26
20
-35
-34
-24
-6
4
20
-6
-38
12
-4
-46
-41
25
70
-6
-33
-56
-60
38
59
39
-39
-83
-4
4
44
14
-35
-7
-32
28
24
-4
-19
-41
-2
29
36
-9
-16
-35
-23
-11
18
94
-28
-41
-20
-132
-93
117
391
-6
-475
-113
201
122
-28
118
104
-310
-258
176
228
52
-56
-106
-51
-85
18
47
43
186
-45
-225
-154
-17
225
151
-57
-106
-175
-9
9
52
240
-24
-143
-166
-54
163
35
67
24
-128
-48
-57
29
102
1
58
-66
-146
6
5
69
47
16
34
-195
-80
103
19
90
3
-51
-109
-92
151
23
-15
55
-36
-81
-57
76
110
-5
-39
-26
-81
56
38
-11
34
-60
32
-19
17
102
-56
-25
-51
41
133
-69
-1
-15
28
33
-64
131
51
-22
-131
-5
236
117
-85
-165
88
145
77
-35
-6
-48
-46
208
164
88
-193
-165
107
233
290
-52
-231
-140
104
362
184
-84
-146
-70
119
130
101
60
-77
-38
66
72
28
-3
24
67
32
10
-93
-82
145
197
28
-191
-164
66
128
36
51
-57
-118
-58
31
163
-2
-85
-96
-50
32
48
-20
-23
6
-70
-9
-159
106
70
-72
-15
-270
73
-24
80
100
-194
-103
-236
99
200
39
-105
-277
-60
53
90
41
-79
-99
-147
50
31
2
0
-65
104
-82
25
-84
-100
78
50
219
-94
-108
-167
-25
236
148
127
-217
-169
-130
108
359
67
-7
-293
-112
133
122
285
-126
-90
-67
1
194
-72
97
-40
1
-9
-59
108
-44
47
-50
107
-30
-88
13
-118
132
-55
35
-57
-147
157
-109
27
22
-95
98
-236
54
41
-103
146
-231
104
-33
-74
85
-159
123
-98
6
44
-82
6
-94
-13
0
73
-15
-97
-138
-78
132
42
61
-133
-152
-23
-97
84
13
74
-49
-188
-71
-48
201
116
17
-153
-153
45
13
265
46
-1
-48
-74
248
-26
125
49
115
237
-76
51
-50
201
326
117
37
-164
74
198
233
169
-50
60
-70
169
100
17
69
-138
151
-56
62
-70
-170
65
-40
-28
-201
-196
-141
-54
-147
-11
-226
-302
-261
-302
198
-209
-272
-472
-395
141
-187
-41
-456
-418
-140
-244
15
-247
-156
-276
-244
-95
-150
-133
-158
90
-100
-115
-267
-67
281
155
282
-154
-66
108
218
612
227
275
139
235
527
347
635
506
555
444
352
587
636
801
646
664
576
528
562
669
964
800
609
435
505
827
712
750
596
458
501
298
667
541
437
246
65
353
108
124
-102
-171
-166
-397
-384
-496
-586
-748
-1020
-932
-947
-1031
-1227
-1481
-1374
-1571
-1403
-1573
-1543
-1611
-1845
-1644
-1790
-1475
-1630
-1527
-1462
-1472
-1408
-1500
-1184
-963
-763
-984
-950
-906
-527
-287
-285
-78
-382
-156
-144
154
465
239
379
180
344
522
517
808
814
652
565
494
961
1235
984
968
758
1128
1288
1275
1574
1392
1474
1519
1650
2052
1951
1918
2102
2186
2462
2258
2232
2525
2652
2753
2528
2367
2525
2558
2547
2559
2206
2148
1853
1728
1856
1506
1329
854
530
455
82
-101
-368
-756
-1008
-1586
-1890
-1950
-2183
-2268
-2743
-3214
-3418
-3650
-3422
-3386
-3708
-3915
-4319
-4230
-3903
-3719
-3526
-3854
-3985
-3662
-3468
-3080
-2812
-2844
-2435
-2712
-2363
-1790
-1702
-908
-1544
-879
-729
-658
249
-260
741
306
607
1086
914
1852
1399
1683
1813
1911
2462
2178
2375
2518
2472
2735
2443
2583
2615
2593
2649
2390
2302
1988
2054
2026
2007
1600
1270
1118
893
956
703
539
321
92
-12
-163
-301
-306
-244
36
67
-556
-815
-358
307
959
380
96
94
297
1430
1370
1887
1358
972
1499
1611
2488
2121
2020
1871
1617
1784
1564
1618
1702
1467
987
381
127
189
56
-53
-626
-1162
-1716
-1971
-1916
-2028
-2182
-2854
-3350
-3515
-3600
-3549
-3629
-3882
-3970
-4358
-4347
-4216
-4157
-3758
-4118
-4028
-3941
-3878
-3388
-3356
-2935
-2854
-2720
-2289
-2061
-1490
-1169
-1005
-950
-382
524
1199
1097
588
1084
2065
3226
3221
2753
2754
2931
3623
4156
4473
4242
3655
3397
3768
4155
4092
3556
3071
3147
2942
2395
1896
1667
1916
1753
1041
330
-116
-34
-151
-86
119
-87
-1015
-1858
-1261
-201
523
-169
-989
-879
-581
397
782
1144
1101
333
810
1272
2070
2278
1792
2072
1915
2097
1861
1623
2055
2166
1880
1125
526
425
652
459
97
-553
-1212
-1518
-2019
-1996
-2099
-2581
-2967
-3776
-3943
-4079
-4355
-4259
-4477
-4344
-4874
-5487
-5361
-4900
-4252
-4442
-4930
-5048
-4681
-4204
-3886
-3662
-3321
-2819
-2988
-2678
-2268
-1759
-849
-894
347
630
304
360
520
3045
3749
3276
2545
2208
3931
4760
5116
5184
4597
4609
4414
4725
5507
5257
4844
4251
4048
3918
3421
2850
2913
2952
2414
1495
256
386
463
426
73
-642
-903
-1187
-1603
-1639
-1164
-954
-694
-1497
-1620
-1242
-1029
161
234
513
443
-147
797
1385
2335
2622
1888
2248
2052
2447
2830
2824
3138
2644
2228
1857
1767
1750
1723
1346
901
283
-672
-809
-1109
-1138
-1469
-2359
-2894
-3717
-4011
-4077
-4148
-4180
-4770
-5614
-5985
-5774
-5594
-5247
-5505
-5683
-5890
-6329
-5653
-5412
-4754
-4430
-4781
-4162
-4330
-3799
-3160
-2657
-1545
-1564
-993
-657
-472
163
893
2213
2947
2790
2257
2649
3774
5102
5464
5280
5143
4794
5075
5619
6169
6306
5743
5068
4788
4530
4524
4141
3937
3724
2928
2001
1152
1032
1112
942
116
-372
-711
-1128
-1707
-1969
-1253
-894
-1306
-1954
-2439
-1963
-1093
-500
117
-290
-502
-525
225
1699
2204
2268
1836
1756
2329
2899
3311
3408
3245
3155
2753
2600
2675
2750
2711
2174
1470
792
468
377
117
-368
-1073
-2009
-2512
-2976
-3025
-3310
-4026
-4719
-5478
-5340
-5361
-5707
-6040
-6289
-6271
-6406
-6850
-6668
-6256
-5928
-6006
-6656
-6270
-5536
-4567
-4162
-4398
-4551
-4224
-2998
-1455
-202
-726
-1454
-1314
817
3159
3168
2709
2147
3220
4677
5407
6112
5847
5838
5921
6200
6919
6853
6731
6607
6529
6216
5374
4805
4547
4911
4477
3542
2112
1324
1417
1036
1040
6
-798
-1380
-1658
-1343
-1968
-2356
-2383
-2204
-1824
-2417
-2661
-2120
-1617
-668
-592
-350
-361
-339
830
1751
2517
2491
2242
2403
2875
3533
3932
3957
3850
3703
3253
3112
3235
3272
3219
2425
1637
1060
636
487
42
-434
-1151
-2069
-2768
-3301
-3817
-3923
-4133
-4792
-5749
-6520
-6601
-6159
-6081
-6430
-7092
-7684
-7219
-7127
-6696
-6568
-6979
-6659
-6627
-6202
-5471
-5456
-4762
-4614
-4142
-3151
-3486
-1715
-641
-379
-1178
-1261
1587
3111
3292
2259
2723
3748
4939
5820
6409
6810
5579
5892
6873
7948
8039
6710
6871
6802
6602
6367
5066
5392
5284
4866
3673
2059
2121
1793
1643
824
42
-695
-1163
-1359
-1586
-1738
-2431
-2223
-2103
-2020
-2538
-2814
-1782
-1200
-596
-637
-660
-255
187
1594
2159
2540
2508
2352
3118
3499
4381
4299
4038
4093
3915
4080
3620
3636
3772
3345
2564
1680
1303
1078
659
180
-463
-1372
-2243
-2876
-3342
-3595
-3989
-4578
-5357
-6298
-6455
-6570
-6651
-6684
-7092
-7237
-7797
-8160
-7755
-7476
-6692
-6725
-7551
-7736
-7891
-6230
-5123
-5163
-5148
-5728
-4930
-4007
-2408
10
-966
-2957
-2288
427
3915
2550
1625
2662
2971
5163
4971
6622
6938
5677
6793
6933
8277
7809
7059
7998
7820
7591
6518
5375
5686
6219
6120
4474
2658
2172
2449
1879
1384
804
-449
-874
-1656
-1109
-1324
-2407
-2411
-2553
-1739
-2258
-3001
-2352
-1805
-884
-649
-664
-442
-271
794
1697
2386
2623
2645
2694
3231
4097
4265
4301
3938
4230
4172
3775
3671
3552
3665
3125
2250
1554
1020
865
589
-139
-948
-1887
-2505
-3154
-3507
-3909
-4473
-5342
-5941
-6343
-6611
-6773
-7142
-6956
-7666
-7561
-8084
-8120
-7520
-7711
-6879
-7895
-7968
-7454
-7629
-5817
-6184
-5689
-5445
-6360
-4060
-3973
-1053
-570
-2947
-2683
-2013
2730
3490
2221
1875
2077
3977
5349
6686
7648
7034
5857
6847
8305
9336
8776
8014
8656
8476
7519
6954
6193
7210
7335
5953
4335
2468
3025
2849
2618
1894
625
-576
-1268
-1003
-842
-1178
-2353
-2275
-2098
-2183
-2756
-2751
-1668
-994
-998
-970
-938
-740
415
1356
2282
2277
2009
2279
2641
3774
4309
3966
3879
3657
3829
3836
3407
3618
3367
3197
2344
1313
1190
697
515
52
-651
-1534
-2657
-3225
-3625
-4016
-4277
-4970
-5924
-6472
-7088
-7246
-7009
-7120
-7409
-8269
-8570
-8081
-8256
-7667
-7829
-8159
-7825
-8652
-7845
-7190
-6577
-6240
-6951
-6152
-5037
-3452
-1841
-2302
-4435
-3220
-262
2625
2584
-86
1612
2188
4641
6429
6138
7643
5192
6261
8317
9325
10127
8083
8850
9321
8765
8435
7479
7723
8355
7863
5847
4215
3559
4258
4289
2791
2223
82
-540
-534
-522
565
-1569
-2653
-2994
-2689
-1855
-2676
-2337
-1957
-2250
-1996
-1850
-1169
-285
-60
705
1042
1130
1427
1731
2851
3716
3628
3412
2924
3366
4103
3985
3935
3428
3249
2735
2087
2112
2013
1686
869
-104
-852
-1139
-1513
-2119
-2916
-3926
-4097
-4708
-5311
-5898
-6671
-6238
-6677
-6800
-7628
-8430
-8020
-7640
-7047
-7788
-8100
-8675
-8157
-7758
-7740
-6872
-7381
-6387
-6695
-6767
-5354
-4703
-1671
-1548
-3842
-4150
-3039
1773
3181
1607
1543
766
3049
5067
6707
8194
6432
5640
6893
8762
10237
9447
8801
9863
9312
8800
7857
7334
8845
8816
7506
5358
3537
4099
4334
3917
3504
1492
66
-863
-795
241
-351
-1606
-2267
-2736
-2665
-3062
-2751
-1486
-1601
-2022
-2722
-2253
-1221
-93
571
773
766
442
932
1710
3151
3558
3134
2619
2584
3095
3478
3481
3469
3200
2484
1748
1249
1527
1551
1167
148
-1006
-1830
-2130
-2239
-2501
-3309
-4162
-5136
-5857
-6015
-5995
-5964
-6655
-7322
-8130
-8067
-8030
-7370
-7394
-8121
-8454
-8867
-7699
-7871
-7925
-7606
-7083
-6379
-6895
-7026
-5850
-3583
-1823
-1885
-5150
-4767
-1437
2027
3458
266
1112
1298
3172
6314
6991
8706
5780
5523
8131
10017
11178
9316
9614
10556
10004
9152
8291
8849
9812
9695
7515
5397
4374
4865
5559
4348
3800
1322
-141
-429
-254
948
-754
-2017
-2811
-2652
-2501
-3228
-2911
-2178
-1959
-2381
-2976
-2698
-1652
-490
369
201
250
-154
596
1704
2941
3447
2402
2381
2280
3265
3618
3293
3275
2815
2593
1793
1269
1610
1500
1022
81
-1269
-1658
-2050
-2063
-2408
-3753
-4810
-5591
-5513
-5349
-6521
-7329
-7584
-7537
-7604
-8545
-8524
-8777
-8660
-8365
-8396
-8624
-9458
-9463
-8408
-6985
-6818
-7826
-7981
-6848
-4548
-2242
-2741
-4803
-6015
-2084
2014
2453
486
-559
2143
3862
6061
6796
7641
6871
6395
8681
10670
11562
9831
10177
11304
11256
10185
9248
9540
10510
10229
8642
6171
5215
5728
5757
5012
3424
1852
97
-123
-226
726
-559
-2717
-3469
-3567
-2381
-3024
-3503
-2973
-3437
-3310
-3038
-2868
-1297
-1590
-823
-600
-533
657
457
1558
2543
2667
2757
2341
2645
4017
3957
3925
3255
3058
3391
2610
2348
2313
1977
1768
706
-377
-445
-1127
-1156
-2207
-3100
-3440
-4699
-4972
-5407
-6103
-6215
-7101
-7135
-7977
-8684
-8270
-8942
-8088
-8571
-9087
-9747
-10147
-8705
-8522
-8367
-8825
-8389
-7408
-7131
-5081
-3646
-4259
-6887
-5656
-588
1599
111
-2625
224
2598
4382
5269
5886
7373
5515
7092
9197
11594
11254
9399
10699
11494
11713
10511
9903
10730
11320
10648
7970
6369
6741
7292
6617
4481
3578
1662
902
414
615
993
-1232
-2710
-4089
-3351
-2716
-2724
-3125
-3745
-4536
-4447
-3371
-2633
-1418
-1954
-2030
-1989
-1228
234
599
1401
1888
1564
1756
1787
2797
4030
3915
3694
2649
2552
2777
2972
3244
2932
1789
936
517
82
335
-276
-772
-2292
-3329
-3377
-3940
-3792
-4564
-5623
-6642
-7050
-6850
-7237
-7519
-8197
-8549
-8644
-8612
-8905
-9132
-9139
-9430
-9113
-8545
-7780
-8346
-8289
-7399
-5385
-3428
-4793
-6982
-6143
-2038
1127
133
-1881
-549
712
3603
5135
6357
7086
4924
6452
8458
11430
11536
9492
10412
11485
11565
10905
10142
10839
11674
10762
9054
6808
6936
7653
6856
5634
4185
2245
1480
861
1327
1425
-846
-2165
-3291
-2490
-2113
-2985
-2851
-3018
-3572
-3650
-3432
-2240
-1536
-1696
-1393
-1496
-842
-210
249
1372
2031
1751
1632
1507
2572
3416
3373
3101
2188
2438
2231
1995
2195
1959
1654
617
-132
-600
-1085
-927
-1447
-2247
-3431
-4217
-4412
-4685
-4902
-5883
-6668
-6986
-7321
-7745
-7824
-8307
-8577
-8553
-8625
-8880
-9801
-9601
-8603
-8714
-8477
-8948
-8649
-6593
-5687
-3970
-6406
-7936
-4819
-1716
1421
-1592
-2984
-848
884
4332
4921
6086
5585
4151
6615
9454
11403
10555
9618
10502
11577
11092
10617
11276
11735
12028
9876
8180
7578
7660
8677
7030
5389
3668
1839
1625
1358
1942
1173
-872
-2823
-3828
-3164
-2099
-1592
-2709
-3920
-4892
-4355
-2665
-1700
-898
-1719
-2615
-1963
-1070
996
1545
1544
1895
1247
1823
2128
3311
4395
4060
3451
2442
2142
2877
3205
3327
2797
852
397
-162
143
325
-912
-1126
-2911
-3291
-3793
-4509
-3680
-4793
-4766
-6432
-7400
-6905
-7594
-6584
-7893
-7583
-8396
-9325
-8185
-9311
-7964
-8880
-8078
-7764
-9161
-8563
-9340
-6764
-5872
-4942
-4576
-5617
-6249
-6364
-2156
1045
1161
-1984
-2575
439
3080
5551
5865
6504
6013
5377
7384
9350
11961
11496
10629
10798
10297
10762
10251
11858
12202
11522
9252
6578
6993
7577
8723
6990
4641
2853
1102
1346
1599
2100
1229
-1451
-3106
-3247
-2327
-1746
-1706
-2511
-3078
-4093
-3914
-2226
-1481
-97
-1204
-1601
-1382
-955
1118
1425
2480
2283
1266
1391
1734
3252
4077
3581
2576
1626
1544
2017
2078
2130
1448
1
-784
-1400
-1166
-1263
-1776
-2687
-4202
-4810
-5030
-5251
-5697
-6052
-6704
-7639
-8252
-8732
-8342
-8410
-8351
-9176
-10127
-9162
-9946
-9099
-10012
-9851
-8668
-8989
-7504
-7583
-5299
-5039
-7428
-7751
-3509
-118
10
-3494
-3231
825
1920
5051
4343
6302
5679
4270
7545
10260
12610
10989
9634
11072
11852
11395
11890
11860
13192
12196
9660
8098
8293
9710
9670
7270
5150
3743
2237
3189
2727
3204
956
-1755
-2194
-2321
-1455
-1881
-2176
-2216
-3474
-4644
-3781
-2376
-786
-1199
-1972
-2542
-2010
-689
628
1641
1679
1142
299
1175
2096
3576
3631
2933
2214
1523
1773
1842
2389
2403
1369
-140
-1134
-1221
-994
-1075
-1203
-2770
-4644
-5271
-4958
-4245
-4723
-6095
-7159
-7747
-7879
-7762
-7954
-7569
-8582
-9608
-9534
-9597
-8677
-9163
-8826
-8750
-9996
-9334
-8561
-6044
-4013
-4517
-7099
-9312
-5274
-124
1624
-1764
-4328
-1942
772
4598
4822
5654
5200
3493
6404
8680
12004
10793
9223
11089
11265
11375
10372
11102
13064
12910
10867
8202
7201
8847
10129
8733
6715
4146
2556
2779
2882
4148
2640
-339
-2376
-2914
-1093
-1081
-1425
-2105
-3142
-4149
-4115
-2805
-1184
-635
-1714
-2476
-2482
-1099
80
905
1670
1478
622
463
1383
3105
3968
3474
2231
1601
2080
2283
2571
2565
2172
596
-805
-1015
-757
-474
-1031
-2397
-3676
-4563
-5051
-4852
-4536
-4747
-6582
-8153
-8274
-7899
-7581
-8232
-8771
-9694
-9904
-9860
-10126
-9415
-10202
-9588
-9430
-9116
-8414
-8758
-5962
-4554
-6434
-8480
-6588
-2072
453
-2820
-3824
-1526
485
3593
2859
5523
5081
3405
6424
8631
11923
10341
8676
10984
11620
12058
11244
10943
13029
12828
11405
9165
8226
9484
10308
8911
7067
5099
3500
3860
2969
4066
2827
159
-1299
-2501
-1457
-1472
-1418
-1800
-3100
-4637
-4166
-2858
-1408
-763
-2158
-2565
-2850
-1403
369
909
1487
854
326
893
1757
3244
3968
3394
2823
2011
2293
2875
3215
3468
2151
861
60
-275
-8
-253
-823
-2220
-3703
-4222
-4916
-4744
-4772
-5420
-6626
-8450
-8611
-8597
-8287
-8455
-9588
-10151
-10809
-11426
-11224
-10482
-9391
-9632
-10738
-10535
-8787
-5758
-4863
-8083
-9729
-5626
-1749
-294
-3895
-4119
-994
154
3711
3358
5425
4379
3351
7247
9814
12073
9328
8884
11599
13017
12073
10843
11406
13005
13415
11212
9323
8678
9633
10150
8242
6897
5160
3542
3616
2812
3507
1775
-225
-1388
-2200
-1810
-2534
-2234
-2556
-3032
-4650
-4408
-3292
-2033
-1225
-2386
-2395
-2696
-1299
36
569
1521
1107
711
1148
2082
3517
3982
3824
3383
2739
3037
3280
3641
3909
2983
1676
689
65
396
191
-318
-1876
-3840
-4146
-4809
-4694
-5309
-5983
-6658
-8515
-8988
-9482
-9375
-9055
-9977
-10718
-11405
-12141
-11880
-11500
-10277
-10166
-10908
-10709
-9789
-6927
-5385
-7188
-9556
-6524
-2397
-212
-3082
-4781
-908
553
4012
3782
4888
5298
3510
7112
9673
12351
10643
8587
10965
12887
12784
11598
11522
12690
13247
11425
9572
8925
9443
10499
8572
6649
5298
3370
3930
3079
3562
2315
-640
-1284
-2197
-1676
-2056
-2163
-2513
-3111
-4894
-4863
-3209
-2058
-664
-2800
-2788
-3076
-1728
709
374
1886
928
685
1547
2217
4183
4274
4153
4114
3614
3920
3887
4262
5133
4420
3018
1590
996
1496
1409
586
-478
-2570
-3494
-4213
-4598
-4363
-5476
-6340
-8581
-9200
-9487
-9854
-9546
-10756
-11479
-12626
-12857
-12841
-12759
-12331
-11924
-11504
-11674
-10632
-9144
-7297
-8546
-10350
-6703
-3645
-1331
-4490
-5515
-1109
313
4220
3277
4707
5179
3654
7661
10040
13280
11288
9253
11092
13028
13720
12859
12927
13247
13466
11427
10170
9980
10489
11258
8433
6611
5042
3650
4402
3348
3548
1343
-1290
-2156
-2395
-1399
-2205
-2962
-4074
-4295
-5394
-4662
-3633
-2917
-2095
-3796
-3304
-3377
-1712
-7
47
1061
382
617
1367
2880
4618
4599
4228
3577
4008
5029
5630
5392
5005
4556
3862
3432
2784
2802
1926
1309
84
-1489
-1621
-2816
-3210
-4255
-5127
-5734
-7488
-8169
-9346
-9301
-9473
-10714
-12064
-12824
-12359
-12415
-13036
-13923
-12813
-12819
-12326
-11079
-9667
-7184
-10583
-12320
-8706
-3966
-735
-5582
-6842
-3387
-878
3203
2868
4940
5033
3140
5972
9226
13059
12181
10129
11138
13125
13222
12865
13104
14411
15124
12153
10355
9405
10786
12272
10153
7999
5423
3535
3661
3833
4254
2635
-965
-2866
-2683
-2181
-2372
-3156
-3944
-4084
-5942
-6299
-4798
-3559
-2057
-3599
-4324
-3868
-3433
-949
-164
683
1146
-135
777
1975
3869
5506
4638
4583
4496
4666
5661
5684
6492
6471
4956
3877
2850
3421
3888
3052
1684
-134
-1481
-1979
-2227
-2884
-3386
-5657
-6755
-7741
-8466
-8417
-10408
-10115
-11182
-12426
-12582
-13796
-13422
-13855
-13962
-12506
-13613
-13524
-12774
-10956
-7243
-9770
-12198
-10716
-5931
-1654
-4062
-6564
-3831
-1465
1909
3610
3906
6177
3706
6123
9326
12326
13522
10076
11728
13754
14446
13559
12727
14147
15613
13807
11577
9916
10305
11886
10287
8494
6435
4252
3699
3301
3495
2781
-453
-1802
-2808
-2375
-2722
-4117
-3595
-4121
-4836
-5866
-5632
-4059
-2871
-2927
-3262
-3653
-2933
-1681
-593
1281
1429
1473
1067
1909
4330
5046
5889
5397
5152
5679
5760
6369
6683
7027
6244
4705
3661
3765
4133
3891
2461
499
-851
-1609
-1764
-2121
-3178
-5089
-6885
-7596
-7617
-8330
-9983
-10963
-11141
-12217
-12805
-13934
-13868
-13760
-15255
-14409
-14568
-13854
-13307
-13471
-10018
-8749
-11349
-13382
-10587
-3772
-1888
-5994
-7053
-3978
-489
2692
3079
5476
5254
3150
6602
9878
14497
12930
10258
12621
13532
14275
13229
13816
16082
15261
12617
10588
9602
11630
12185
9927
7846
4902
3467
3404
2944
3929
1756
-1609
-3046
-4241
-2404
-3122
-3588
-3689
-5356
-6151
-6368
-4995
-2865
-2230
-3409
-3926
-4265
-1933
-534
890
2066
1358
1707
1434
3269
5432
6542
6876
5704
5174
5915
6582
7695
7945
7106
5733
3821
4114
4821
5043
3958
1441
-283
-1097
-1188
-1561
-2292
-3738
-5674
-7446
-8123
-7993
-8455
-9478
-11220
-11965
-12722
-13828
-13361
-12955
-13356
-14734
-15880
-14899
-13334
-12616
-12105
-10980
-8877
-9450
-13219
-10639
-4738
-1177
-2875
-7535
-3980
-1018
2372
4693
4864
7029
4256
5454
9138
13629
15359
11877
11498
13383
14598
13991
14236
15279
15878
13637
10339
9631
10529
12428
10799
7183
5366
2965
2803
2700
2877
2372
-1610
-3762
-4358
-3395
-3358
-3852
-4326
-4688
-5943
-7184
-5327
-3866
-1612
-2691
-4193
-3516
-3178
-252
938
2196
2835
1097
1372
2808
5579
7538
6416
5550
5554
5978
7093
6895
7165
7375
5845
4433
3409
4003
4452
3103
1704
-1
-1575
-2278
-2834
-2582
-3496
-5821
-7708
-9092
-8928
-8995
-9586
-10660
-12498
-13605
-14506
-13603
-12934
-14118
-14832
-15626
-15074
-14193
-13259
-11303
-9871
-9081
-11411
-13869
-9370
-3705
-1315
-4546
-7270
-3558
-1282
2484
4218
6075
6129
3327
5734
9623
14571
14026
11660
12317
13666
13895
13255
14741
16403
15947
12733
9837
9364
11413
12653
10650
7389
4718
2974
2728
3090
3883
2243
-1257
-3973
-4573
-3181
-3067
-2857
-3509
-4022
-6303
-7539
-4737
-2276
-173
-2050
-4286
-3802
-2604
861
2220
3113
3112
793
1469
3158
6710
8117
6504
5818
5034
5884
6720
7198
7864
7513
5353
3272
2887
4279
4568
3117
1301
-1319
-2121
-2560
-2456
-2500
-4151
-6196
-8650
-9385
-8950
-9240
-9695
-11174
-12730
-14062
-15103
-13667
-13579
-13985
-14575
-15524
-14654
-14077
-13300
-10741
-8404
-8640
-12910
-13756
-6916
-2691
-1640
-6161
-5757
-2418
-782
3621
4044
7201
4558
3907
7451
11529
14752
11601
11876
13308
14593
13367
12949
14575
16437
15303
11529
9453
9495
11794
11376
9114
6785
3814
2663
2259
2821
3647
250
-2270
-4623
-3955
-3121
-4192
-3314
-4128
-4799
-6770
-6460
-4488
-2210
-1550
-2913
-3664
-3205
-1299
132
2218
3103
2644
1472
1898
4440
6732
7449
6628
5717
5946
6433
6794
7245
7710
7367
5106
3787
3391
4058
4131
2778
822
-1233
-2116
-2392
-2300
-3063
-4903
-7224
-8645
-8753
-8635
-9436
-10897
-12550
-13247
-13234
-13356
-13978
-14826
-14567
-14520
-14297
-14008
-13334
-11439
-9440
-8952
-12314
-13260
-8386
-3330
-1567
-6119
-6753
-4160
-750
4054
4040
6042
3540
3104
6820
10946
15211
12131
11257
12244
13820
13952
13551
15286
16475
15420
11688
9620
9616
12406
12891
9923
6850
3360
3054
3200
3688
4060
496
-2387
-4919
-4363
-3175
-3344
-3074
-4690
-6225
-7845
-6576
-4191
-2235
-2561
-4061
-4941
-4165
-1452
65
1952
1649
1315
939
1591
4414
6087
7259
6457
5162
5500
6235
7538
8297
7722
7047
5135
4308
4784
5053
4975
3342
963
-402
-1097
-1099
-1345
-2975
-3851
-6127
-7477
-8219
-8897
-8389
-9960
-11185
-12626
-13876
-13692
-13794
-13313
-13523
-14612
-15452
-15713
-13758
-11670
-8939
-8294
-12215
-15422
-11534
-3891
-866
-4400
-8386
-5710
-2601
2115
4044
5257
5348
2417
5324
8436
13497
13645
11661
12970
13472
13366
12389
14173
17162
17336
13945
10018
8455
11106
13484
12264
8718
5114
2931
2867
3001
4195
2875
-775
-3613
-5610
-4425
-4349
-3183
-3308
-4366
-6967
-9520
-7137
-3698
-830
-1791
-5387
-6329
-4481
-1141
1873
2265
2584
161
-326
2152
5310
8543
7382
6123
5143
5374
6861
7934
8792
8988
6810
4164
3165
4343
6313
5525
3291
-133
-1985
-1677
-1397
-1067
-2248
-4854
-7940
-9374
-8452
-8091
-8349
-10541
-12329
-13583
-14778
-13669
-13684
-12930
-13656
-15493
-15844
-15616
-13198
-10257
-8248
-8849
-13911
-15013
-8584
-3178
-746
-5517
-7055
-4416
-1988
3529
4435
6553
5050
3419
6433
9945
13836
13460
12743
13528
13609
12259
13003
15014
17625
16909
12376
9285
8647
11637
13295
11038
7771
4122
2426
2569
3035
4066
1788
-1538
-4786
-5564
-4644
-3579
-2804
-4570
-6419
-8350
-7219
-5512
-3633
-2904
-3959
-4600
-4667
-3073
-1234
848
1841
2015
1181
1290
2799
5292
7689
7671
6505
5481
5875
7382
8618
8967
8063
6045
5074
4903
5272
5614
4309
2410
398
-761
-873
-1623
-2141
-3429
-5669
-6986
-8386
-8370
-8827
-9807
-10682
-12576
-13546
-14121
-13972
-13361
-13620
-14826
-15766
-15992
-14253
-12707
-10446
-8483
-10385
-15076
-14230
-6341
-1461
-1530
-8145
-7109
-3908
12
5103
4286
7374
3066
2981
7135
11629
16012
12517
11816
12754
13164
13006
13858
15996
17960
15050
10704
8577
9183
13357
13182
9785
6442
2436
2323
2651
3663
4613
-12
-3426
-6417
-5619
-3851
-3656
-3318
-5220
-7522
-9562
-8010
-5619
-2221
-2109
-4975
-6222
-6563
-2506
238
2115
2900
-50
285
633
4300
7954
8127
7778
4901
5471
6773
8409
9681
9950
8053
5640
4361
4862
6989
6452
5529
1425
-774
-1101
-1167
84
-1382
-3715
-6831
-8660
-8150
-7693
-8075
-9474
-11754
-13385
-13959
-14003
-13293
-12931
-13717
-14763
-16068
-15743
-14277
-12863
-10410
-8956
-8667
-12618
-15447
-8940
-2067
869
-4253
-7894
-4634
-1723
4583
6350
7668
5745
2375
5506
10396
16115
15126
12382
12262
13199
13149
13738
15928
17612
16485
11910
8952
8482
11789
13811
11059
7396
3349
1679
2173
3072
4426
1546
-2536
-5750
-6308
-4624
-4071
-3418
-4146
-5833
-9562
-10150
-6377
-2568
-791
-4182
-6836
-6621
-4092
528
1982
3199
1409
-830
774
3467
7888
8307
7283
6121
5447
6413
7613
9202
10091
9271
6098
3745
4187
6330
6924
5235
2185
-517
-1894
-1416
-847
-1535
-3482
-6681
-8559
-8753
-9028
-8972
-9869
-11525
-12642
-14788
-14718
-14196
-14002
-13245
-14919
-15470
-16077
-15905
-12973
-11442
-8939
-8768
-11756
-14408
-10706
-3640
268
-2121
-7292
-4291
-2470
3692
6184
6567
7991
3006
6139
9143
14426
16220
12460
13053
13385
13440
13869
14854
17100
16987
12918
9943
8738
10556
13049
11253
8218
4818
1384
2294
2166
3817
2435
-2152
-4343
-6633
-4591
-4287
-3308
-3409
-5808
-8036
-9270
-6479
-2948
-1581
-2904
-5299
-6020
-3599
-962
2310
2856
2013
652
345
3758
6426
8257
7698
6252
5921
6169
7298
8706
9201
8863
6602
4203
4211
4933
6055
4908
2390
-133
-1966
-1743
-1766
-2266
-3683
-6197
-7995
-8951
-9442
-9190
-10195
-11262
-12467
-14116
-14422
-14439
-13924
-13768
-14443
-14982
-15390
-15315
-13142
-10824
-8571
-8455
-13289
-13536
-8016
-2622
-325
-5572
-5935
-3223
-858
4782
4719
7189
5336
3604
7750
10680
15092
13593
11821
13268
13784
13325
14029
15077
17014
15501
11369
9882
9044
11915
12566
9838
7116
3205
2179
2557
3073
3800
554
-2826
-5207
-5190
-4039
-3800
-3601
-4555
-5791
-8222
-8071
-5665
-2887
-1624
-3378
-5719
-5339
-3415
172
2322
2486
2041
-585
1243
3930
7151
8443
6570
5975
5504
6442
7942
8507
8988
8545
5606
4403
3942
5319
5957
4020
2389
-832
-1946
-2013
-2152
-1796
-3736
-6987
-9031
-9356
-8519
-8988
-10603
-11948
-13099
-13718
-14002
-14335
-13928
-13494
-14504
-15009
-15723
-13923
-12592
-11142
-8378
-9156
-11990
-13491
-7616
-2106
-835
-5101
-6152
-2610
300
4834
4510
7032
5385
4698
8020
10763
15105
12913
12266
13354
13723
13819
13522
15131
16569
14753
11721
9508
9478
11886
11975
9429
6432
3434
2794
2676
2701
3403
-9
-2479
-4877
-4900
-4000
-4143
-2792
-4386
-6594
-8643
-7423
-4530
-1888
-2464
-4563
-5845
-4854
-1650
215
2517
1700
584
148
1901
5294
6897
7385
6242
5709
5989
6948
7647
8628
8972
7545
5323
3875
4769
5810
5572
3548
949
-757
-1456
-1541
-1532
-2738
-4798
-7038
-8541
-8254
-8780
-9268
-10743
-11872
-12892
-13885
-13683
-13702
-13304
-14074
-14713
-15463
-14946
-14353
-12512
-10878
-9450
-8613
-12968
-13362
-8314
-2138
-653
-5903
-6872
-3919
-295
4592
4677
6298
5086
3248
7105
10361
15157
13323
11073
12425
13299
13656
13586
14855
16317
15258
11453
9614
9052
12152
12726
9854
7080
3463
2955
3030
3421
3985
957
-2210
-4468
-4782
-3264
-3515
-3264
-4075
-5155
-7349
-8403
-5600
-2184
-948
-3000
-5848
-5773
-2542
354
2884
2678
1605
-119
612
4574
7369
8584
6686
5387
5805
6851
7959
8743
9058
8728
6089
4039
4340
5431
6414
4574
2223
-589
-2034
-1690
-1410
-1275
-3481
-6511
-9016
-8816
-7768
-8232
-9501
-11509
-12419
-13205
-13564
-13490
-12852
-13193
-13578
-15163
-15746
-14259
-13731
-10875
-10554
-8976
-9185
-13127
-12157
-6986
-1197
-712
-6054
-6876
-3180
439
5438
4739
5971
4744
3443
7904
10389
14609
13140
10882
12190
12826
13293
13619
14109
15848
14315
10996
9493
8570
11627
12048
9355
6346
2937
2422
3085
3216
3709
600
-2763
-4321
-4581
-2715
-3053
-2870
-3996
-6124
-7549
-7084
-4138
-1705
-1595
-3817
-5309
-4594
-1514
1200
2772
2436
998
294
1994
5152
7163
7596
6228
5565
5257
6280
7815
8377
8860
6909
4691
4065
4279
5566
4896
3221
1574
-1204
-2009
-2240
-2121
-1956
-4284
-6455
-8746
-9866
-8413
-8061
-8516
-10695
-13455
-13288
-13434
-12090
-11295
-12840
-13977
-16059
-14902
-13370
-11972
-9797
-10126
-9635
-10007
-12267
-10252
-4900
-930
-1274
-6573
-6041
-2697
1835
6643
5082
5364
3489
4137
8329
11230
14986
12820
10745
11542
11951
13267
14234
15076
15584
12888
9868
8849
9452
12558
12075
8417
5030
1923
2863
4072
4226
3568
-526
-3234
-4576
-3796
-2005
-2358
-2905
-4271
-6605
-8051
-6120
-2992
-583
-1601
-4900
-5863
-4733
128
2593
2546
2054
-934
276
2495
6024
8125
6247
5680
3884
4805
6817
7796
8530
7186
5443
3667
2959
4302
5181
4398
2620
-863
-2800
-2817
-1863
-1042
-2895
-5641
-8699
-9488
-8193
-7857
-7864
-9651
-11885
-13113
-13241
-12123
-11303
-11718
-12955
-14769
-15041
-13834
-12681
-10686
-10044
-8552
-8332
-11384
-12635
-8091
-1599
614
-3926
-7484
-4739
-874
4896
5914
6075
4372
2133
5740
9648
14446
13716
10569
10699
12029
12797
13063
13883
15392
14531
11272
8843
8215
11084
12672
10277
6770
3258
2148
3524
4127
4793
1714
-1935
-3728
-4364
-2095
-2112
-2434
-3892
-5523
-5713
-5875
-4753
-2473
-1476
-2470
-3476
-4822
-1986
189
1979
2975
953
1984
835
3375
5968
6870
7889
4829
5003
5447
6867
8236
7519
6804
5273
3789
3515
3764
4374
3976
1101
-1153
-2705
-2546
-1843
-2470
-3961
-6412
-8400
-8636
-8522
-8178
-8873
-10251
-11680
-12857
-12437
-12650
-11957
-12270
-13085
-13997
-14425
-13491
-12594
-10989
-10301
-8695
-7866
-9733
-11967
-8325
-2207
247
-2665
-6861
-3870
-484
4249
5724
5035
5671
3222
6102
9279
13014
13815
10554
11202
12147
12823
12665
12839
14291
14560
11811
8954
7782
9838
12108
9770
6638
3502
2487
3586
3177
3531
1590
-1345
-2982
-4258
-2430
-2674
-3111
-3796
-4952
-4714
-5378
-4872
-3860
-2282
-1412
-2168
-3685
-2656
-1015
1344
3067
2829
2644
1112
2713
4763
7389
8162
6329
5070
5066
7036
7605
7939
6829
5807
4255
3542
3768
3591
3739
1757
-370
-2186
-2677
-2640
-2975
-4162
-5769
-7316
-8856
-8766
-9043
-9346
-9977
-11531
-11862
-12904
-12878
-12616
-12911
-12043
-13627
-13950
-13252
-13230
-11622
-10987
-9543
-7781
-8037
-8810
-10499
-6243
-1082
-207
-2417
-5340
-1952
987
5303
6155
6011
5332
4097
7771
10114
13850
12430
10820
11200
12124
13027
12073
13067
13603
13257
10674
8402
7851
9524
10622
8549
5570
2985
2248
2968
2849
2722
554
-1884
-3315
-3718
-2182
-2692
-2955
-3933
-4141
-4770
-5361
-3953
-2569
-476
-1365
-2940
-3073
-1529
1594
2509
3172
2818
1567
2465
3816
6606
7477
6586
5335
4585
6003
6967
7023
6466
5703
4345
3390
2623
3093
2952
1981
216
-2423
-2988
-3447
-3396
-3264
-5194
-6914
-9005
-9528
-8237
-9016
-8862
-11243
-12226
-11847
-12852
-11808
-12137
-11822
-12404
-13677
-13353
-12332
-11446
-9981
-9100
-7002
-5992
-10302
-10800
-5507
181
1777
-3841
-5126
-2211
723
6720
5691
6681
5348
3032
7203
9686
14910
12999
10029
10994
11357
12145
12311
13113
14048
13231
9614
7755
7169
10275
11459
8032
5678
2395
2070
2966
2777
3690
892
-2026
-3820
-4255
-1971
-2026
-2130
-3513
-4983
-5270
-4835
-3638
-1772
-284
-1576
-2785
-3785
-1128
1456
2746
3506
1752
1611
1447
3587
6277
7269
6835
4061
3636
5041
6416
6869
6006
5042
3441
2137
1855
2476
2861
1504
-1012
-3253
-3873
-3912
-3785
-4205
-5432
-7422
-9735
-9879
-9258
-8398
-9193
-11382
-12259
-13197
-11820
-11871
-12191
-11265
-13654
-13390
-13591
-11982
-9071
-10687
-9781
-9129
-6869
-4749
-9628
-7615
-2747
-31
1013
-5619
-1946
538
3156
7006
3907
7329
4435
5528
9175
11697
14405
10640
9336
11517
13184
12692
12574
11582
13653
11838
9255
8586
7876
11086
9304
6634
4883
2654
3785
2938
2893
2768
-693
-1779
-3383
-2089
-1580
-2766
-3062
-4068
-3998
-4031
-3618
-3080
-1578
-1538
-1253
-2426
-1702
229
936
2991
2627
2502
2136
2680
5015
6127
6688
5898
4558
5328
6007
6723
6285
5421
5207
3873
3064
2764
2515
2096
1092
-681
-1928
-3125
-3477
-3884
-4441
-5140
-7093
-8587
-9411
-8884
-8484
-9657
-11103
-11591
-12050
-11849
-11821
-12100
-12046
-12771
-12127
-12388
-11962
-11055
-11083
-9377
-8795
-6599
-5561
-7766
-8906
-5376
-538
837
-2100
-4487
-717
1370
5571
5649
5312
6258
3927
8016
9572
12558
12248
9266
11346
11867
12065
11533
11511
13165
12847
10322
8525
7322
9174
10653
8479
6145
3300
2404
3512
2957
3621
1250
-1474
-2254
-3002
-1151
-2157
-2597
-3339
-3486
-3384
-4334
-3680
-2521
-985
-1015
-1713
-2774
-1304
-3
2130
3048
2242
1966
700
3340
4990
6080
5739
3675
4102
4343
5122
5297
4631
4721
3779
2079
1674
1385
1900
1563
-219
-1628
-3542
-3692
-3248
-3545
-4097
-6374
-7860
-8229
-7945
-7458
-8507
-8933
-10026
-10263
-10216
-10268
-9792
-10746
-10398
-10420
-10331
-10413
-10995
-9889
-8248
-8156
-7992
-7690
-6072
-3225
-5853
-6688
-4062
-1266
1733
-2226
-2122
122
877
5775
4040
6152
5741
3727
7526
8040
12411
11052
8341
9748
10601
11427
11060
10416
11559
11390
8858
8682
6710
8692
9267
6770
6144
3037
3159
2997
2489
3642
1189
-511
-1866
-2107
-871
-1522
-1346
-1749
-2434
-3719
-4191
-2485
-386
241
-786
-2290
-2000
-180
1342
2992
2736
2482
902
1024
3168
4643
5803
4145
2790
2498
3036
4002
4004
3871
3603
1607
277
43
659
1667
2
-1487
-3492
-4454
-3625
-4282
-3912
-5162
-6787
-7322
-8518
-7527
-7630
-7626
-7697
-9626
-9280
-9643
-9499
-8199
-8941
-8529
-9480
-10239
-8952
-8885
-7666
-7820
-7947
-6169
-5791
-4980
-4139
-6758
-5010
-2068
-475
969
-4224
-1624
-123
2459
6379
2965
5151
2981
5065
8199
8804
11447
8939
8463
9970
10699
10944
11114
10779
11948
10334
8597
8286
7479
10269
9410
6880
5228
2864
4422
4517
3937
3665
678
-166
-1075
-708
85
-1157
-1458
-2089
-2869
-2846
-2600
-2116
-454
-777
-1571
-1492
-2571
500
850
1631
1905
-706
1750
198
2814
3209
2560
3455
552
2440
2428
2988
2775
1898
1484
1312
414
322
205
-485
-385
-2391
-2749
-4023
-4000
-3874
-4509
-4749
-6180
-7106
-7194
-6822
-6300
-6959
-7643
-8173
-8428
-7784
-8298
-7606
-7914
-8222
-8296
-9214
-8467
-8270
-7373
-7385
-7800
-7197
-6703
-4836
-4246
-4143
-6806
-5039
-2346
-568
-290
-3954
-356
-766
3595
4229
3108
5508
3142
7112
7252
10090
10473
8519
9940
10514
11411
10809
10639
11015
11902
10760
9484
8187
8670
10188
8666
7303
5642
4471
5285
3988
4656
3087
1303
678
-854
843
-765
-985
-1435
-2209
-1811
-2858
-3000
-2159
-1358
-909
-1480
-3184
-1733
-1296
133
690
-605
-155
-1488
-140
767
1287
2199
350
260
806
1117
1613
1251
1396
1421
-195
-608
-582
-203
333
-1343
-2178
-3325
-3319
-2886
-3411
-2971
-4160
-5282
-5723
-5498
-4407
-5099
-6067
-6433
-6454
-6186
-6609
-6758
-6694
-7159
-7660
-7463
-7745
-7266
-7522
-8088
-7319
-7411
-6479
-6634
-5994
-3632
-4282
-6683
-6211
-3279
364
-77
-3153
-1665
-960
3162
4813
4106
6377
3950
5966
7470
9637
12408
9487
9930
10322
10744
12005
11044
11579
12211
10809
9914
8094
8646
10671
9301
7910
5612
4430
4929
3964
4197
3429
1351
195
-1254
-597
-711
-1109
-1569
-3100
-3164
-3951
-3128
-2708
-2568
-2218
-3519
-3236
-3265
-2455
-1485
-1499
-967
-2012
-1799
-1077
-570
479
524
361
-280
30
733
1302
1053
925
823
188
286
-245
131
-44
-627
-992
-2045
-2050
-2103
-2103
-2222
-3005
-3725
-3975
-3735
-3723
-4099
-4948
-5191
-5395
-5676
-5569
-6059
-6533
-6752
-6903
-6897
-7451
-7875
-7415
-7949
-7615
-7634
-7750
-6718
-6522
-4624
-4729
-6696
-6142
-4233
-829
-212
-2460
-1750
-898
2359
4670
4380
5662
4545
6031
7665
9353
11336
10055
10151
10878
11202
11412
11412
11737
12554
11629
10405
8926
8574
10328
9734
8351
6284
4538
4651
4059
4098
3149
1075
207
-1435
-1327
-1582
-2005
-2331
-3779
-4371
-5155
-4410
-4212
-4249
-4639
-4650
-4710
-4435
-3790
-3722
-2396
-2707
-2087
-2397
-1778
-992
-800
744
412
967
431
874
1729
2012
2676
2038
1689
1703
1975
1924
1734
1601
1378
444
164
201
-314
-342
-1161
-1890
-2187
-3183
-3168
-3542
-3918
-4540
-5730
-5446
-6231
-6516
-6707
-7127
-7291
-8356
-9149
-8715
-8561
-8779
-8798
-9414
-8305
-8541
-8117
-6489
-5516
-4133
-5999
-6312
-3520
-1339
775
-394
-700
1110
1884
4978
5800
6810
7242
6516
8371
9524
11402
11882
11342
11651
12012
11548
11664
11422
12166
12803
10513
9136
7408
8492
9356
7582
6257
3988
3179
2522
1916
1808
437
-1104
-2754
-3427
-3542
-3949
-4632
-5351
-5523
-6213
-6025
-6495
-6588
-5401
-5209
-4713
-4974
-5287
-4372
-3569
-2136
-1310
-1791
-1373
-1688
-229
1632
1930
2417
1315
2111
3210
3217
4072
3980
3813
3985
3181
3113
3288
3145
3146
1690
1325
752
-199
7
-791
-1031
-2038
-3440
-3545
-4139
-4482
-5239
-6279
-6236
-6653
-7719
-8178
-8329
-7910
-8269
-9307
-9314
-9658
-9003
-8456
-8736
-7829
-8114
-7973
-6509
-5677
-3790
-3296
-4124
-3673
-2565
199
1929
1111
1485
1886
3628
6275
6434
7973
7441
7736
9338
9461
11751
11411
10996
11491
11241
11402
10920
10536
11257
10692
9564
8429
6571
7351
7130
6019
4752
2359
1764
1181
311
-165
-1912
-2829
-3635
-4983
-5021
-5581
-5904
-6234
-6682
-6786
-6621
-6577
-6302
-5822
-5943
-4942
-4919
-3813
-3110
-3604
-1997
-1763
-23
505
464
1737
1463
2902
3565
4324
4928
4640
4721
4955
5499
5532
5289
4750
4594
3661
3251
3172
2302
1906
872
238
-394
-1491
-1905
-2662
-3212
-4078
-5095
-5722
-6429
-7167
-7276
-7123
-7582
-8367
-9284
-8679
-8354
-8098
-7736
-8501
-8503
-8324
-7570
-6346
-6499
-6015
-5878
-5375
-3944
-3299
-1495
-1398
-1670
-1138
382
2463
3093
2826
3371
4299
5124
6795
7129
8131
7598
7777
8862
9549
10511
9606
9662
9758
9798
9244
8771
8590
8506
8059
6705
5334
4234
4317
3931
2709
1346
-293
-1119
-1618
-2276
-2611
-3705
-4533
-5552
-5908
-5436
-5650
-6122
-6274
-6013
-6137
-5661
-5571
-4589
-4311
-4241
-3009
-3044
-1143
-1452
-830
953
838
2788
2068
3522
4097
3866
5505
4885
6082
5789
5585
5619
5138
5457
5220
4787
4418
3532
2542
2439
1653
1458
709
-453
-1311
-2389
-2492
-2963
-3841
-4083
-5068
-5468
-5958
-6643
-6280
-6551
-6120
-6629
-7173
-7118
-6794
-6169
-5732
-5499
-6055
-5957
-5919
-4843
-4266
-3974
-3471
-4227
-3600
-2977
-2142
-426
-1086
-701
-148
-296
1217
687
2115
3174
2391
3051
2483
3729
5261
5108
5874
5401
5260
6129
5632
7221
7280
6315
6412
4983
5644
5806
5225
5199
3657
3353
2767
1535
2016
1372
967
112
-1331
-1491
-1936
-1571
-1815
-2796
-3304
-3807
-3955
-3384
-2796
-2948
-3890
-4164
-3032
-1845
-984
-2021
-2538
-1019
80
1455
796
485
1318
1578
3523
3360
3504
3220
2685
4149
4125
4724
3962
3072
3545
3422
3449
3009
2203
2178
2080
1106
672
75
229
89
-1016
-1208
-2059
-2037
-2082
-2708
-2611
-3153
-3171
-3489
-3635
-3331
-3657
-3691
-3498
-3468
-3541
-3646
-3339
-3120
-2952
-2668
-2781
-2820
-3013
-2761
-2507
-1983
-2278
-3009
-2838
-2375
-2181
-2232
-2322
-2367
-1729
-2435
-1467
-1731
-1789
-845
-1868
-315
-975
-802
-194
-678
982
485
589
1031
744
2078
2209
2191
2556
2168
2829
3180
3052
3420
3150
3092
3574
2977
3546
3374
2954
3461
2706
3146
2576
2576
2723
2099
2094
1576
1507
1223
1416
1129
1083
927
35
23
167
615
606
-267
-432
-635
-551
179
130
231
-546
-782
-526
-117
659
244
105
-200
-117
262
573
696
814
713
613
637
595
1274
1306
1515
1200
850
1194
1220
1500
1451
1451
1340
954
781
665
985
1140
864
372
-245
-328
-225
-103
-180
-695
-1531
-1857
-2021
-1818
-1727
-2490
-3021
-3770
-3554
-3658
-3875
-4053
-4966
-4719
-5416
-5632
-5123
-5294
-5410
-5833
-5900
-5376
-5033
-5082
-4604
-5427
-4524
-4047
-3937
-2573
-3886
-2707
-2659
-1522
-156
-918
365
279
1469
2428
2884
3418
3804
4399
5019
5505
5666
6251
6166
6893
6954
6478
6770
6331
6659
6696
5892
5755
4794
4722
4307
3736
3400
2284
1666
982
835
161
-254
-1081
-1629
-1909
-2085
-1988
-2746
-2928
-2888
-2819
-2726
-2745
-2838
-2371
-2326
-1855
-1706
-1381
-697
-749
158
369
776
1033
1468
2423
2535
2748
3002
3356
3836
4207
4081
4146
4334
4355
4336
4214
4242
3951
3699
3256
2885
2497
1979
1652
1016
478
-324
-1059
-1418
-1927
-2350
-3003
-3780
-4217
-4893
-4933
-5226
-5798
-5751
-6415
-6707
-7082
-7299
-6673
-7176
-7143
-7515
-8174
-7148
-7445
-6628
-6512
-6687
-6369
-6389
-5353
-4748
-4050
-4239
-3305
-3586
-2090
-1577
-1100
149
-403
1554
992
2684
3379
3551
4658
4583
5744
5841
6438
6544
6839
7059
7275
7116
6933
6922
6502
6512
6237
5496
5149
4439
4304
3798
2951
2520
1492
1460
583
275
-670
-948
-977
-1551
-1897
-2832
-2257
-2511
-2105
-2621
-2947
-2715
-2543
-1739
-1558
-1157
-1663
-1069
-523
456
1272
1152
1558
1737
2909
3439
3766
4126
4400
4936
4902
5112
5269
5553
5604
5414
4985
4556
4447
4121
3992
3406
2511
1856
1036
737
101
-605
-1038
-2347
-2897
-3503
-4020
-4119
-5038
-5546
-5896
-6401
-6483
-6934
-7270
-6855
-7213
-7213
-7673
-7918
-6966
-7327
-6686
-6918
-7308
-6140
-6745
-5869
-5347
-5339
-4314
-5093
-4019
-3167
-3196
-1851
-2559
-1557
-154
-945
422
-234
849
2577
1540
3004
2052
2861
4042
3656
5435
4694
4527
4798
4698
6114
6168
5574
5556
4850
5382
5704
5107
5272
4471
4324
4041
3264
3525
3037
2692
2299
1318
1078
730
542
302
-346
-818
-867
-891
-1006
-1202
-1694
-1511
-1021
-728
-818
-923
-1257
-184
459
777
1239
379
1317
1442
2710
3368
2933
3187
2738
4034
4259
4248
4121
3846
4072
4055
3679
3470
3242
2800
2749
1869
1460
728
174
114
-493
-1086
-2126
-2809
-3138
-3476
-3718
-4523
-5031
-5510
-5871
-5990
-6380
-6079
-6429
-6771
-6864
-7067
-6434
-6381
-6199
-5615
-6080
-5583
-5600
-5116
-3866
-4307
-3495
-3871
-3759
-2857
-2892
-1675
-1747
-1632
-1127
-1975
-754
-80
293
1019
-261
637
558
1379
2098
1522
2395
1600
2112
2324
2479
2909
3121
3362
3183
3114
2982
3622
3674
4110
3747
3396
3276
2781
3636
3468
3429
2910
2080
2507
2033
2384
2273
1969
1929
911
1104
980
1233
1154
721
605
89
257
274
836
898
456
44
359
840
1330
1251
1025
1724
1181
2037
1692
2260
2721
2014
2922
2223
3026
2538
2498
3128
2828
2828
1981
1945
2005
2052
1601
1275
494
153
-408
-777
-408
-1359
-1960
-2779
-3207
-3167
-3696
-3599
-4111
-4823
-5240
-5349
-4784
-4784
-5097
-5722
-5159
-5306
-4856
-4778
-4637
-3607
-4454
-3537
-4290
-3135
-2267
-2476
-1314
-2393
-1563
-1360
-915
344
401
168
-29
-132
689
1419
1418
1580
690
767
982
813
1851
1328
1128
1211
71
752
190
1040
1321
127
142
-1012
-259
100
414
416
-139
-712
-787
-11
604
1251
406
436
237
424
1470
1598
1815
1660
1387
1474
1537
2149
2711
2565
2461
2022
1982
2444
2597
2789
2854
2222
2002
1586
1737
2327
2072
2213
1468
841
1059
1202
1737
1822
1015
871
490
807
1453
886
1287
532
374
609
155
836
236
337
220
-419
-93
-646
-553
-504
-745
-877
-1538
-1667
-1615
-1790
-1918
-2122
-2395
-2497
-2904
-2882
-2579
-2593
-2611
-3014
-2830
-2704
-2599
-2347
-2260
-1923
-2087
-1933
-1745
-1296
-708
-758
-897
-695
-216
125
448
486
685
594
795
1001
1285
1457
1022
1001
885
1040
881
961
810
502
147
-208
91
-86
-282
-569
-910
-987
-1303
-1337
-1001
-1407
-1344
-1933
-1759
-1367
-1819
-1173
-1282
-845
-1170
-1323
-657
-284
351
330
167
417
910
1181
1702
1837
2076
2011
1943
2516
2642
3038
3069
2806
3036
2809
2903
3007
3080
3138
2490
2539
2327
2276
2358
2239
2047
1483
1242
1113
1208
1100
769
423
282
-123
-345
-375
-482
-664
-1285
-1445
-1702
-1882
-1883
-2064
-2116
-2498
-2797
-2885
-2895
-2683
-2697
-2885
-2895
-2999
-2868
-2578
-2532
-2175
-2115
-1940
-1811
-1701
-1152
-842
-582
-332
-172
-25
326
492
949
1020
1239
1371
1292
1422
1442
1769
1606
1736
1498
1483
1259
1117
1198
1105
1011
471
236
-28
102
-242
-183
-510
-849
-1007
-1187
-1137
-1381
-1113
-1545
-1493
-1731
-1819
-1535
-1419
-1168
-1393
-1215
-1344
-1149
-628
-413
26
-86
-105
186
378
989
1124
1294
1232
1179
1413
1511
1856
1978
2050
1729
1797
1666
1824
2076
1776
2039
1608
1483
1270
1167
1460
1263
1348
952
647
498
585
818
899
734
267
51
-61
345
456
339
63
-401
-384
-376
-339
-222
-483
-608
-858
-1086
-902
-954
-691
-929
-1048
-1229
-1460
-1171
-1101
-805
-881
-1084
-1206
-1013
-742
-445
-321
-280
-315
-357
-90
-12
431
498
441
296
57
313
439
567
592
271
50
-53
-52
157
91
-117
-334
-690
-762
-816
-844
-667
-1138
-1369
-1674
-1816
-1605
-1611
-1501
-1893
-2054
-2265
-1854
-1585
-1438
-1538
-1862
-1529
-1466
-792
-821
-697
-695
-608
-20
14
306
245
554
888
1136
1139
1047
1266
1565
1958
1798
1562
1457
1543
1913
1992
1858
1522
1231
1398
1520
1595
1319
1068
953
884
908
736
895
656
509
422
257
464
321
480
370
316
383
241
473
465
563
611
601
531
549
636
774
840
788
749
492
682
742
820
809
497
569
516
435
500
338
289
133
-22
-31
-163
-253
-349
-450
-589
-711
-855
-831
-1045
-998
-1027
-1169
-1207
-1448
-1327
-1274
-1301
-1341
-1493
-1555
-1522
-1315
-1170
-1347
-1343
-1645
-1178
-1212
-899
-960
-1342
-881
-1383
-312
-747
-635
-730
-1041
-225
-555
-109
-456
-459
-378
-172
-204
-70
-260
-307
-28
-254
5
-363
-220
-78
-125
2
-205
-299
-43
-161
141
80
-53
129
-36
264
194
368
460
451
460
402
557
840
896
859
822
827
1007
1005
1176
1165
1198
1107
1069
1218
1220
1302
1176
1220
1245
1099
1234
1279
1309
1266
1154
1253
1310
1220
1163
1211
1220
1098
990
1000
987
761
656
650
440
414
78
107
-36
-300
-335
-555
-473
-853
-917
-1005
-999
-1038
-1233
-1259
-1288
-1310
-1355
-1222
-1313
-1289
-1475
-1312
-1131
-1167
-1180
-1339
-1171
-1033
-968
-908
-944
-957
-854
-735
-528
-501
-655
-509
-407
-306
-295
-410
-127
-183
-83
-229
-366
-46
-245
-8
-49
-371
-322
-417
-87
-57
-411
-437
-519
-221
-371
-425
-371
-411
-390
-454
-265
-417
-286
-322
-93
-159
-228
-113
8
215
90
241
312
523
461
641
679
886
1011
1035
1167
1138
1307
1332
1642
1568
1575
1457
1609
1816
1757
1765
1535
1684
1689
1642
1627
1471
1428
1379
1260
1270
1027
926
922
735
643
363
311
265
113
-72
-269
-326
-472
-584
-690
-735
-879
-1078
-1061
-1096
-1138
-1306
-1312
-1190
-1256
-1350
-1388
-1197
-1207
-1165
-1117
-1106
-1037
-1149
-836
-740
-720
-719
-793
-499
-544
-433
-333
-285
-257
-355
-279
-114
-152
-90
-148
-265
-41
-439
-112
-148
-286
-222
-525
-273
-444
-417
-515
-369
-460
-540
-664
-615
-424
-581
-395
-616
-452
-620
-542
-326
-298
-224
-365
-322
-153
-48
-25
189
138
239
210
426
607
674
627
871
1072
1026
1103
1011
1593
1470
1618
1581
1486
1775
1697
1994
1858
1757
1676
1772
1808
1746
1581
1520
1488
1303
1275
1087
1074
839
718
617
491
330
112
33
-9
-157
-517
-515
-588
-651
-884
-1055
-989
-1061
-1260
-1390
-1352
-1411
-1416
-1603
-1497
-1599
-1612
-1580
-1569
-1388
-1589
-1517
-1477
-1268
-1208
-1252
-1183
-1012
-969
-927
-727
-684
-545
-608
-383
-262
-263
-155
-86
170
49
-67
305
316
484
317
94
505
372
610
450
192
347
135
420
405
98
146
-255
8
103
-157
55
-467
-248
-342
-373
-29
-348
-279
-335
-306
-177
-155
-68
175
41
21
75
212
623
503
641
645
606
872
902
1188
1303
1237
1305
1282
1470
1570
1633
1771
1748
1656
1552
1619
1768
1831
1657
1529
1384
1205
1296
1195
1198
895
588
576
327
296
34
1
-119
-395
-658
-923
-764
-851
-971
-1208
-1400
-1516
-1605
-1558
-1517
-1524
-1793
-1913
-1941
-1860
-1698
-1693
-1637
-1834
-1917
-1785
-1623
-1353
-1406
-1334
-1390
-1477
-1202
-1031
-683
-600
-818
-797
-673
-364
-42
9
-51
-18
-109
175
392
537
690
284
510
419
648
870
646
897
519
615
652
600
793
659
613
551
384
414
490
400
528
405
308
246
55
291
397
447
429
39
119
229
406
565
475
493
302
316
502
822
865
793
618
636
886
858
1159
1032
1080
1070
862
1170
1064
1274
1253
1068
1121
898
982
1016
1041
968
794
588
503
462
456
454
188
19
-288
-244
-287
-455
-557
-867
-878
-1084
-1173
-1247
-1419
-1467
-1637
-1641
-1746
-1849
-1942
-1994
-1911
-1900
-1918
-1986
-2004
-2026
-1911
-1772
-1609
-1565
-1720
-1662
-1522
-1270
-1025
-1057
-937
-1070
-949
-578
-434
-108
-376
-213
-123
17
324
325
581
507
612
573
821
921
1099
1079
1020
1147
957
1247
1143
1383
1274
1119
1167
1009
1203
1120
1180
1116
983
954
876
890
906
953
1060
853
717
606
722
1050
999
967
658
581
726
833
1041
978
779
630
479
681
853
770
791
426
373
263
295
580
357
307
5
-157
-119
-138
22
-38
-288
-486
-666
-633
-468
-511
-491
-771
-1002
-1049
-1051
-787
-829
-984
-1217
-1402
-1299
-1207
-1133
-1126
-1295
-1458
-1473
-1409
-1241
-1241
-1292
-1236
-1363
-1311
-1282
-1229
-1013
-1007
-936
-1049
-1109
-941
-781
-582
-529
-590
-645
-610
-439
-158
-89
-31
-52
-157
11
179
412
511
441
507
482
550
795
888
976
960
875
966
978
1077
1212
1191
1252
1122
1031
1117
1116
1305
1248
1148
1069
860
1001
1061
1147
1103
851
824
738
809
894
839
834
661
600
555
536
641
626
616
461
299
250
292
396
428
302
64
-88
-70
66
38
3
-136
-359
-435
-457
-291
-265
-411
-550
-780
-743
-639
-554
-536
-767
-840
-907
-836
-721
-721
-726
-868
-932
-945
-854
-787
-793
-877
-948
-922
-984
-940
-905
-884
-899
-1034
-994
-1017
-969
-858
-898
-825
-972
-913
-847
-776
-558
-623
-553
-657
-534
-367
-211
-53
-154
-107
-121
108
340
405
391
322
356
594
703
807
734
625
822
788
1006
898
902
960
876
1047
978
1006
986
984
1022
1062
935
994
911
955
1044
872
953
768
854
827
738
809
681
623
589
516
523
414
353
393
202
202
65
67
38
-76
-50
-175
-235
-325
-330
-308
-322
-419
-456
-539
-526
-475
-465
-431
-550
-579
-583
-493
-409
-426
-480
-535
-478
-387
-359
-358
-395
-387
-384
-366
-314
-373
-358
-388
-363
-364
-426
-444
-485
-441
-425
-519
-596
-618
-635
-538
-614
-615
-712
-781
-613
-691
-565
-657
-678
-585
-650
-452
-454
-388
-362
-390
-224
-182
-54
12
17
138
186
308
405
472
548
548
643
775
850
894
889
941
1023
1062
1151
1132
1163
1171
1152
1180
1170
1236
1195
1128
1041
1003
1028
981
923
822
685
601
500
462
365
229
115
-56
-115
-255
-330
-453
-555
-594
-713
-848
-936
-932
-918
-943
-1050
-1033
-1099
-991
-945
-891
-811
-849
-711
-704
-527
-444
-369
-252
-207
-71
-29
33
149
244
345
340
305
350
363
471
479
468
371
268
265
308
320
222
153
9
-5
-103
-65
-104
-217
-253
-416
-389
-498
-458
-450
-521
-545
-685
-649
-662
-605
-568
-580
-558
-683
-642
-566
-391
-301
-373
-311
-343
-181
-53
85
184
186
278
325
479
589
754
772
861
901
932
1051
1042
1205
1170
1207
1161
1034
1124
1085
1100
1003
846
829
650
597
524
367
323
125
3
-133
-293
-345
-435
-567
-626
-795
-841
-935
-1018
-919
-1040
-1007
-1127
-1086
-1027
-1014
-924
-906
-769
-805
-716
-647
-489
-375
-339
-177
-145
-59
43
110
309
368
458
473
430
587
638
792
791
762
671
708
741
833
842
679
692
447
628
560
538
461
225
316
144
175
45
-52
-98
-176
-218
-335
-415
-523
-515
-499
-540
-621
-757
-760
-730
-676
-622
-726
-710
-725
-605
-552
-504
-435
-361
-249
-289
-170
-125
98
147
226
299
262
398
435
630
639
643
593
586
662
714
746
641
576
477
496
478
414
332
213
138
50
-33
-69
-158
-234
-333
-424
-451
-529
-553
-602
-612
-656
-670
-739
-703
-703
-643
-548
-667
-565
-673
-506
-400
-380
-231
-348
-227
-235
-143
74
117
166
154
134
270
359
485
598
504
526
510
582
740
765
801
697
579
670
732
793
726
600
591
552
519
489
491
430
349
207
152
155
68
85
-37
-130
-205
-323
-258
-295
-360
-407
-548
-541
-504
-532
-451
-587
-594
-512
-569
-431
-529
-451
-345
-392
-279
-332
-253
-188
-174
-7
22
-30
-39
-19
145
232
193
153
83
117
185
198
230
174
67
56
38
126
100
6
-52
-133
-39
-11
-82
-164
-227
-147
-95
-151
-153
-192
-175
-135
-145
-73
-77
-112
-99
-91
-33
3
-13
15
3
45
40
8
60
113
128
82
33
71
160
154
153
114
129
164
151
195
246
202
180
187
209
331
273
274
265
225
326
315
323
327
237
278
267
248
316
200
218
129
93
195
118
69
-20
-35
3
-2
-99
-129
-181
-197
-145
-194
-175
-279
-313
-247
-270
-263
-283
-310
-294
-323
-321
-281
-293
-310
-294
-297
-257
-313
-382
-264
-312
-216
-289
-378
-283
-382
-238
-267
-288
-276
-323
-273
-265
-229
-186
-170
-220
-168
-169
-69
-80
-87
13
4
83
40
68
133
156
231
227
206
212
239
312
325
293
248
275
284
294
315
257
250
179
256
233
215
194
100
152
70
130
130
80
31
-10
22
58
42
-7
49
-12
12
9
29
123
35
32
42
56
165
131
143
133
80
193
181
224
227
178
212
185
214
287
264
191
203
193
276
197
116
195
169
207
88
47
87
43
50
13
16
-41
-140
-159
-137
-115
-156
-229
-319
-329
-323
-320
-309
-390
-399
-450
-467
-453
-446
-404
-464
-485
-479
-411
-439
-453
-439
-391
-313
-364
-316
-347
-286
-236
-190
-103
-157
-133
-119
-32
62
70
96
89
112
186
239
286
286
274
297
333
387
427
409
386
390
425
500
460
434
401
410
443
410
425
390
367
316
326
348
327
255
158
193
191
188
135
64
56
17
34
13
-36
-39
-96
-87
-116
-86
-65
-144
-122
-156
-86
-85
-124
-73
-95
-60
-73
-69
-3
-16
-49
-25
15
69
25
-33
-2
24
43
36
9
-2
-40
-73
-13
-46
-57
-125
-201
-165
-187
-177
-236
-311
-337
-312
-339
-356
-389
-398
-406
-491
-411
-392
-394
-446
-483
-397
-363
-348
-361
-347
-291
-252
-241
-194
-156
-142
-107
-80
4
81
35
96
118
198
264
215
296
297
373
371
380
423
463
501
452
481
472
537
484
493
527
495
489
396
449
470
441
406
334
323
317
290
282
256
223
173
111
97
113
104
55
2
-1
-8
-69
-92
-129
-79
-106
-140
-155
-221
-203
-235
-167
-171
-195
-279
-356
-264
-219
-167
-240
-287
-284
-304
-278
-224
-179
-216
-293
-309
-272
-207
-165
-201
-216
-230
-190
-199
-226
-194
-151
-129
-164
-175
-210
-197
-188
-160
-103
-152
-230
-287
-276
-168
-148
-184
-244
-324
-305
-297
-215
-175
-204
-265
-332
-283
-203
-141
-147
-141
-161
-128
-105
-45
52
60
96
89
159
228
241
269
341
442
480
464
436
477
553
622
654
632
601
540
557
624
679
671
534
463
439
484
498
442
361
288
261
178
208
162
142
85
-34
-3
-53
-69
-159
-186
-130
-134
-166
-287
-305
-287
-228
-212
-240
-286
-377
-376
-349
-210
-191
-289
-348
-421
-304
-246
-214
-245
-318
-326
-339
-253
-234
-185
-238
-271
-245
-223
-164
-216
-176
-165
-100
-99
-151
-119
-121
-71
-37
2
-10
-59
-110
-66
40
74
51
-69
-106
-67
-17
36
-18
-62
-128
-169
-123
-90
-63
-136
-196
-221
-168
-119
-128
-163
-182
-111
-135
-87
-67
-33
5
-19
88
127
156
148
160
263
343
368
373
399
406
460
481
541
560
537
527
466
523
557
545
514
444
439
405
363
334
326
308
243
167
103
96
44
32
-7
-80
-120
-216
-211
-220
-223
-257
-349
-369
-392
-380
-373
-383
-372
-388
-443
-448
-407
-352
-322
-354
-353
-332
-294
-265
-246
-202
-160
-172
-201
-158
-99
-31
-24
-50
-54
-63
-8
1
48
60
11
-14
-54
29
85
73
-8
-57
-37
-10
23
-4
16
-57
-85
-74
-38
34
-40
-62
-98
-63
-25
-45
-3
-27
-26
-63
-40
19
35
39
22
61
62
80
74
108
147
143
153
115
171
205
245
269
254
247
228
290
329
375
349
306
298
319
418
422
402
319
293
343
348
387
346
294
229
198
249
281
237
115
40
22
67
43
-42
-113
-178
-188
-235
-228
-229
-294
-396
-452
-390
-360
-387
-484
-487
-462
-454
-440
-449
-391
-422
-409
-368
-341
-292
-308
-266
-239
-195
-189
-175
-129
-120
-58
-50
-29
-37
-39
-8
18
72
40
30
5
22
67
90
110
42
9
0
49
86
85
52
3
3
-25
23
72
73
17
-77
-41
35
64
44
30
28
-15
-9
60
125
95
28
15
67
127
132
124
117
120
109
134
187
223
181
124
152
209
264
222
209
216
214
244
240
288
265
221
201
195
248
239
218
166
136
132
120
124
79
46
-6
-46
-67
-100
-86
-108
-162
-248
-284
-248
-260
-300
-330
-328
-366
-407
-384
-332
-307
-348
-386
-379
-311
-286
-297
-265
-226
-194
-237
-231
-119
-50
-69
-118
-73
-12
-13
-5
47
94
57
11
33
98
137
101
78
74
78
76
60
103
118
71
34
36
84
61
39
49
42
32
16
34
50
67
74
47
37
60
112
129
112
121
131
136
135
159
195
211
204
148
157
230
268
230
175
196
233
207
169
199
232
182
114
145
205
185
117
68
90
127
97
46
37
55
30
-25
-3
31
6
-70
-90
-18
-9
-65
-106
-75
-63
-103
-110
-82
-63
-107
-135
-123
-87
-66
-115
-141
-123
-104
-107
-135
-119
-108
-146
-178
-158
-112
-121
-153
-192
-179
-135
-120
-144
-171
-150
-145
-155
-150
-98
-64
-109
-136
-101
-32
-5
-24
-34
-19
14
32
32
57
85
73
34
51
112
122
68
51
107
115
55
39
87
102
47
4
35
72
58
10
23
52
48
31
0
44
80
69
37
48
117
112
76
80
135
158
114
105
138
179
170
145
144
152
167
131
107
124
138
114
47
28
44
52
18
-19
-27
-60
-92
-95
-76
-81
-120
-147
-155
-136
-126
-129
-122
-120
-122
-133
-103
-62
-70
-92
-72
-4
9
-45
-50
20
62
31
-13
-4
42
49
-3
-33
13
60
18
-77
-95
-36
-18
-57
-92
-95
-102
-132
-130
-73
-44
-83
-140
-164
-111
-41
-21
-51
-86
-47
-12
-12
4
48
83
52
19
26
69
117
136
120
77
57
70
96
116
108
85
53
54
51
43
53
60
59
13
-11
-1
17
14
4
9
-7
-19
-17
9
15
1
-1
0
22
25
-3
-6
30
51
15
-3
46
67
7
-40
12
74
55
1
-25
-18
1
22
19
-20
-54
-59
-51
-27
-2
-5
-59
-95
-78
-58
-47
-29
-19
-64
-119
-91
-20
18
4
-18
-47
-71
-42
33
79
46
-10
-49
-17
61
98
68
9
-6
3
15
42
57
40
7
-39
-48
-21
38
55
-9
-65
-61
-29
-41
-24
23
29
-18
-65
-46
-3
27
34
13
-8
30
102
108
8
-141
-112
221
574
394
-359
-780
-218
789
1063
220
-745
-865
-93
756
864
243
-523
-739
-307
343
643
313
-303
-574
-286
105
190
19
-125
-126
-100
-148
-249
-231
-16
168
87
-214
-411
-324
-59
165
163
3
-178
-282
-259
-78
207
357
165
-283
-485
-187
280
449
181
-197
-320
-120
158
204
77
-15
-27
-49
-54
19
68
31
-4
31
57
6
-83
-87
33
161
138
-44
-168
-76
65
96
80
44
-43
-145
-74
131
184
-2
-174
-103
60
108
23
-66
-56
-1
5
-16
29
79
-13
-144
-82
89
128
36
-47
-57
-16
34
76
63
26
28
30
22
19
57
113
126
79
6
-10
68
163
144
41
17
70
81
29
8
69
92
29
-63
-109
-46
38
5
-138
-178
-82
-48
-145
-191
-95
-66
-164
-222
-154
-67
-66
-115
-163
-126
-32
-30
-98
-71
42
57
-31
-56
5
58
97
119
84
17
3
84
153
144
105
54
21
30
110
171
118
15
-39
0
75
128
79
-39
-78
-50
-17
9
32
3
-104
-154
-93
-22
-12
-47
-86
-104
-83
-57
-55
-44
-5
5
-44
-69
-30
1
1
11
30
27
-4
-17
11
51
71
32
-45
-55
32
97
31
-69
-48
44
58
9
24
80
48
-39
-29
78
154
92
-14
-13
74
124
76
47
72
77
37
1
13
42
77
41
-49
-93
-41
20
5
-39
-78
-95
-105
-87
-49
-10
-18
-100
-163
-107
7
44
-18
-74
-61
-22
-9
1
55
79
33
-16
10
75
105
99
86
74
86
118
117
108
131
149
117
90
112
133
124
82
35
42
93
64
-23
-29
31
12
-66
-75
-31
-37
-83
-95
-86
-78
-57
-62
-93
-73
-18
-28
-66
-33
29
24
-29
-19
56
85
44
24
57
82
73
52
46
50
77
86
33
-8
20
60
40
25
42
38
10
-6
10
24
49
51
-9
-62
-29
35
35
-2
-31
-65
-74
-27
-9
-53
-85
-62
-43
-64
-67
-71
-83
-65
-23
-33
-81
-87
-42
-16
-28
-3
11
-32
-51
-9
31
25
29
28
-30
-54
29
93
53
1
15
32
20
21
58
72
48
33
38
64
84
85
66
73
102
101
44
5
52
102
74
10
-7
27
37
4
-18
-15
-7
-11
-53
-90
-61
-20
-32
-53
-48
-35
-40
-50
-28
0
-4
-21
-29
-27
-4
19
30
33
16
2
11
38
79
80
32
3
46
82
70
53
52
48
43
64
57
28
48
73
39
0
26
51
6
-25
20
32
-27
-59
-32
-21
-38
-44
-39
-57
-69
-54
-44
-47
-54
-49
-61
-70
-52
-14
-18
-49
-37
-3
13
5
9
15
-2
15
44
26
8
21
50
36
23
30
14
13
32
34
12
12
23
3
-17
9
45
15
-9
-7
-12
-4
8
-1
-39
-39
-1
-1
-37
-36
-10
-25
-36
-13
-3
-28
-51
-27
-6
-11
5
8
-23
-30
16
33
-3
-11
21
11
-22
-1
26
6
-25
-21
-20
-32
-17
-11
-35
-51
-28
-17
-56
-76
-45
-17
-42
-71
-78
-80
-73
-68
-50
-41
-67
-83
-77
-42
2
-1
-45
-68
-43
-12
-5
-15
-3
7
1
9
17
34
65
60
14
16
81
106
58
29
74
121
101
64
80
101
107
107
80
64
87
99
65
29
54
82
39
-5
23
49
12
-13
-1
0
-20
-31
-22
-39
-60
-37
-36
-66
-62
-36
-40
-62
-62
-33
-21
-41
-36
-20
-21
-36
-27
9
15
0
5
28
30
37
72
85
66
66
85
91
92
102
114
91
75
99
107
88
61
63
78
65
53
36
12
2
14
10
-30
-62
-59
-57
-91
-112
-97
-87
-114
-146
-144
-121
-112
-129
-147
-143
-117
-108
-122
-123
-96
-79
-79
-73
-58
-44
-33
-12
14
28
40
53
55
68
101
117
100
97
136
151
123
118
137
147
125
120
128
105
93
103
98
64
63
73
35
4
26
39
-2
-32
-14
-25
-61
-56
-37
-65
-108
-91
-78
-99
-96
-75
-83
-113
-90
-60
-69
-93
-77
-52
-68
-56
-22
-27
-49
-26
20
23
2
27
56
34
26
55
81
74
59
57
64
80
84
64
47
67
88
78
50
51
71
53
29
27
30
4
-27
-26
-15
-9
-29
-68
-90
-73
-48
-63
-91
-92
-94
-111
-124
-106
-80
-100
-130
-124
-109
-101
-80
-61
-57
-52
-39
-26
-17
6
34
37
32
54
71
66
81
117
130
111
112
130
140
142
154
149
123
116
134
135
105
105
122
109
74
67
86
71
42
40
29
0
-3
15
-3
-49
-45
-20
-34
-58
-45
-41
-61
-64
-45
-39
-63
-61
-46
-64
-66
-25
-8
-30
-28
0
9
13
38
48
32
24
40
55
57
57
52
42
41
61
57
33
43
71
58
25
37
52
28
15
26
19
1
-4
-10
-23
-25
-22
-44
-60
-44
-34
-60
-77
-57
-55
-82
-93
-66
-77
-105
-100
-83
-84
-86
-77
-83
-88
-86
-61
-56
-66
-51
-43
-41
-34
-21
-11
-10
-5
16
15
13
27
42
45
33
39
42
28
22
38
62
59
35
28
46
43
7
0
23
31
2
-18
-20
-19
-11
-15
-19
-27
-19
-20
-45
-43
-16
0
-27
-54
-54
-43
-48
-41
-27
-54
-70
-60
-44
-45
-47
-26
-21
-31
-28
-23
-31
-24
-3
-9
-35
-34
-14
-5
-12
-8
0
-2
-14
-22
-11
-5
1
-14
-34
-24
-5
-11
-35
-42
-25
-5
-24
-38
-24
-12
-20
-40
-36
-4
10
-22
-61
-39
19
14
-29
-25
22
15
-24
-21
5
17
10
-7
-18
-12
4
14
-9
2
39
16
-30
-12
50
53
9
17
49
33
21
45
65
43
37
65
56
34
59
85
53
31
61
76
36
19
55
70
42
30
40
40
40
45
39
26
45
60
28
3
38
57
19
-7
22
52
18
-28
-30
6
20
-2
-24
-37
-29
-10
-17
-42
-32
-14
-31
-66
-57
-23
-18
-42
-59
-49
-29
-25
-32
-41
-41
-16
-7
-27
-51
-25
5
-10
-42
-45
-14
-10
-22
-38
-25
-10
-17
-33
-44
-27
-12
-26
-41
-26
-7
-19
-31
-16
-13
-24
-6
10
-14
-32
-19
1
-2
-7
0
-12
-9
2
-11
-20
-4
27
13
-33
-28
15
27
3
-11
5
13
-2
-2
9
20
31
20
2
-3
31
58
39
11
26
46
36
17
21
36
31
22
14
12
18
35
32
-3
-5
31
44
8
-14
22
29
-2
-2
20
22
1
7
15
0
-1
23
29
-3
-9
9
11
3
-3
-4
-5
-4
-3
-14
-10
18
19
-3
-13
9
33
11
-12
-1
16
14
4
8
15
19
20
8
8
15
25
26
13
4
11
23
21
11
9
17
21
14
0
2
16
14
9
2
3
15
8
-5
1
5
1
0
-4
-2
2
4
1
-6
-1
17
16
-4
-6
12
11
1
6
7
4
4
13
15
5
15
31
18
6
15
23
22
2
8
29
25
13
17
16
8
8
20
19
7
9
13
2
-11
5
9
-2
8
14
-6
-12
10
18
2
-2
10
9
-3
5
24
12
-1
-1
0
3
9
16
18
18
15
18
20
18
24
30
21
20
29
28
17
22
32
16
6
20
23
15
16
23
19
8
21
19
-4
-5
7
6
-6
-7
-9
-14
-17
-11
-17
-23
-10
-9
-23
-37
-25
-6
-20
-46
-31
-15
-28
-39
-38
-22
-29
-37
-43
-46
-33
-22
-32
-51
-45
-33
-31
-41
-39
-21
-22
-37
-38
-35
-37
-23
-16
-33
-35
-28
-34
-22
-21
-40
-31
-17
-23
-45
-45
-24
-25
-41
-49
-40
-31
-33
-36
-38
-35
-31
-29
-33
-36
-38
-28
-27
-47
-41
-21
-29
-43
-32
-21
-31
-40
-23
-24
-36
-20
-13
-21
-25
-17
-9
-20
-18
0
4
0
-7
-11
-8
5
6
-3
1
-1
-1
2
-12
-18
1
6
-11
-25
-27
-11
4
-3
-12
-18
-13
-2
-22
-32
-10
-8
-14
-19
-29
-38
-19
-4
-26
-43
-17
3
-15
-30
-20
-6
-9
-20
-22
-21
-20
-8
-5
-14
-17
-3
9
-15
-26
1
20
1
-13
2
2
-8
12
16
-1
5
22
17
-11
-5
16
18
7
-4
5
4
-1
6
-2
-5
19
15
-1
0
11
22
19
3
-4
11
20
12
5
8
15
19
2
-4
8
26
21
-2
2
11
7
6
31
18
4
14
18
6
4
25
18
5
8
11
0
8
20
5
-13
-4
15
7
-5
5
16
9
0
-3
7
5
-2
6
7
-5
0
5
1
1
4
2
-11
-4
-1
-12
-12
-3
3
-1
-11
-4
-3
-17
-8
-7
-13
-4
0
-23
-21
9
-2
-29
-12
-2
-10
-6
-4
-3
-8
0
1
-15
-9
12
16
-4
-6
3
10
-1
-5
8
18
7
-6
5
3
11
23
16
2
3
21
19
13
25
36
15
3
17
19
18
25
30
17
2
18
29
18
16
17
15
7
9
6
-3
5
14
5
-6
-4
-1
3
8
4
1
-3
-5
-3
-1
4
3
3
7
-6
-6
2
0
2
6
-2
-8
0
1
-6
-7
-3
4
2
-10
-5
1
-2
0
-3
-5
0
-9
-14
-6
-2
2
1
-3
-10
-7
3
7
4
-2
0
-3
0
1
-1
-3
3
4
-5
-8
4
18
15
11
6
5
9
5
5
17
20
12
7
13
19
27
22
27
32
27
33
31
31
26
27
24
32
36
27
26
30
37
24
17
18
24
26
24
29
30
24
22
22
23
23
24
25
15
9
12
21
10
1
13
18
7
-1
4
7
3
-6
0
1
-5
-5
-9
-15
-4
-1
-23
-22
-9
-8
-16
-15
-3
-3
-9
-7
-4
-4
-3
-3
-5
-7
-3
-6
-9
-8
-2
-5
-13
-13
-4
-4
-11
-4
1
-4
-3
10
3
-12
-4
2
-8
-9
-2
-6
-10
-3
2
-15
-16
6
9
-8
-13
0
1
-2
-3
1
8
-2
-13
-7
4
3
-2
-9
-3
1
-7
-9
-5
-2
5
-4
-14
-2
1
-2
-6
-1
-2
-10
-4
-6
-9
-10
-4
-13
-14
-9
-12
-15
-12
-12
-17
-18
-25
-22
-18
-18
-18
-21
-27
-26
-31
-31
-23
-34
-39
-36
-29
-31
-43
-46
-41
-28
-36
-49
-40
-34
-35
-36
-40
-33
-28
-29
-37
-35
-23
-15
-18
-25
-20
-14
-11
-19
-18
-14
-5
-7
-13
-5
6
10
1
-2
4
9
3
5
6
5
9
6
8
3
8
20
23
12
16
25
20
22
23
23
22
27
22
12
19
32
30
21
26
34
34
31
31
29
37
29
34
35
23
36
38
31
26
32
26
24
27
32
30
17
19
25
21
17
19
23
30
22
6
8
17
10
3
6
8
-2
-1
5
-4
4
13
3
-11
-12
-4
1
-13
-19
-9
-8
-19
-26
-22
-18
-11
-8
-16
-29
-23
-12
-21
-31
-27
-9
-16
-31
-22
-16
-22
-26
-25
-31
-27
-14
-20
-28
-22
-14
-18
-30
-27
-19
-21
-18
-22
-19
-17
-25
-11
-10
-19
-19
-7
-2
-12
-13
-2
-1
-4
-3
-5
3
7
7
3
-6
-2
9
1
-4
3
5
2
2
4
-3
3
7
6
5
3
7
4
-4
0
10
0
-4
2
9
10
3
3
13
17
17
12
11
16
17
14
12
14
10
8
8
7
13
13
7
-3
-5
1
1
-6
-9
-4
-9
-9
-7
-4
-8
-15
-5
-18
-17
-11
-22
-25
-14
-3
-15
-21
-14
-8
-8
-14
-12
-11
-7
-5
-16
-22
-9
0
-11
-14
-7
-9
-12
-13
-9
-9
-15
-11
-11
-8
-8
-13
-9
-5
-5
1
2
-4
4
10
9
0
-1
7
6
12
13
9
13
22
23
10
12
27
31
19
18
20
19
20
25
21
16
16
14
16
19
20
22
29
31
20
13
15
18
26
28
14
16
32
26
15
17
30
31
18
14
12
13
18
17
8
11
11
-3
-4
8
11
1
-2
3
-2
-3
-3
-5
4
7
6
4
-6
-11
-10
-11
-11
-3
0
-9
-20
-17
-12
-3
3
1
-3
-8
-7
-9
-9
-13
-1
0
-8
-12
-14
-5
0
-1
-7
-4
-3
-7
-4
5
4
-1
4
6
0
-2
4
7
8
9
1
4
14
9
9
5
9
20
12
14
17
17
21
9
5
14
9
11
10
10
13
12
14
2
-5
-3
5
4
9
16
11
2
-1
3
5
6
3
-1
-4
2
1
6
10
6
-1
-6
-1
-6
-7
-2
-4
-13
-16
-10
-6
-12
-20
-15
-19
-12
-10
-15
-13
-13
-12
-15
-17
-15
-15
-19
-11
-12
-17
-15
-17
-26
-33
-24
-11
-14
-27
-17
-12
-22
-25
-24
-16
-12
-16
-27
-31
-23
-21
-27
-27
-16
-16
-28
-31
-18
-9
-22
-23
-10
-7
-7
-9
-13
-17
-10
-11
-17
-6
-1
-5
-7
-9
-3
7
7
0
-1
0
11
19
14
13
15
12
8
5
8
8
12
16
8
2
8
16
4
6
9
11
9
-1
5
0
1
0
-6
-1
3
2
1
-6
-6
0
-11
-13
-4
4
-1
-4
-3
0
5
0
-4
-6
-7
5
3
-10
-7
-4
-4
-7
-11
-6
0
6
-3
-16
-6
-2
0
-1
-8
-3
3
0
-1
1
11
11
-4
0
4
2
0
8
14
3
-3
0
-1
-2
0
0
0
1
7
0
-3
15
12
5
7
6
6
0
6
11
2
-1
3
4
7
6
8
16
12
5
3
6
0
-2
6
5
1
0
0
-6
-3
-8
-3
2
-5
-8
-9
-3
-1
-7
-9
-4
-14
-17
-8
-9
-8
-11
-13
-13
-17
-20
-17
-15
-20
-17
-14
-19
-24
-22
-16
-23
-14
-3
-14
-21
-20
-8
-7
-12
-14
-11
-10
-10
-16
-13
0
1
-8
-12
-8
-2
0
2
4
1
0
4
8
5
9
9
7
4
-6
1
8
7
3
7
2
-1
7
8
7
9
14
16
3
2
9
10
5
1
12
3
-11
-2
-1
-8
-11
-4
-4
-14
-11
-4
-4
-11
-11
-3
-11
-12
-12
-16
-18
-17
-15
-9
-7
-19
-13
-14
-7
-3
-13
-10
-8
-9
-11
-16
-10
-6
-9
-14
-15
-9
-10
-8
-3
-7
-12
-11
-13
-17
-20
-11
-3
-15
-19
-17
-7
-9
-14
-12
-9
-2
-5
-9
-6
-2
-5
1
2
3
3
6
7
2
14
20
15
15
10
14
25
24
20
25
32
31
26
24
27
31
31
26
31
35
34
33
29
32
36
34
23
30
42
37
26
30
36
33
33
28
32
28
25
32
26
26
28
28
18
18
19
15
12
19
18
7
6
13
16
5
7
10
16
21
10
8
6
8
15
13
11
18
22
18
14
19
21
19
18
18
16
15
19
15
10
17
20
18
8
8
12
14
14
8
14
16
13
8
4
0
4
8
4
5
1
1
-3
0
-1
-3
-4
-5
-3
-6
-3
-8
-13
-8
-2
-9
-15
-17
-15
-15
-22
-14
-7
-16
-26
-14
-11
-13
-12
-13
-10
-6
-3
-5
-14
-10
4
-2
-15
-15
-9
-14
-14
-7
-1
-11
-16
-8
-9
-12
-15
-9
-6
-9
-7
-14
-19
-18
-13
-15
-27
-19
-16
-24
-24
-22
-23
-22
-20
-20
-18
-26
-17
-17
-26
-26
-22
-16
-24
-21
-20
-22
-18
-15
-15
-16
-9
-7
-6
-11
-3
-1
-2
-1
0
6
0
3
9
10
4
7
13
9
9
10
13
10
10
12
15
14
16
25
14
11
20
20
18
12
15
26
21
20
18
19
24
24
25
22
21
20
19
13
11
9
15
22
16
14
18
18
12
14
15
16
26
21
18
22
18
18
16
18
21
17
14
17
19
19
18
13
17
14
14
17
12
7
12
9
5
3
1
4
-6
-2
1
-1
-2
-6
-6
-8
-12
-12
-8
-8
-4
-2
-13
-15
-11
-9
-8
-14
-7
-11
-11
-10
-12
-13
-18
-8
-11
-17
-13
-10
-15
-17
-13
-4
1
-14
-9
-9
-9
-12
-10
-3
-8
2
3
3
-3
0
3
-2
-2
-2
-2
0
5
0
-2
4
9
5
0
2
5
6
2
0
-2
4
5
-3
-5
2
-3
-13
-3
-2
-4
-4
-9
-12
-10
-13
-13
-10
-19
-21
-10
-16
-20
-11
-8
-16
-20
-20
-23
-18
-22
-19
-19
-17
-14
-14
-16
-25
-23
-20
-25
-27
-23
-21
-21
-24
-27
-23
-22
-23
-20
-16
-20
-17
-22
-26
-21
-20
-24
-24
-23
-27
-22
-22
-23
-27
-28
-22
-19
-16
-20
-23
-20
-20
-20
-22
-23
-16
-18
-17
-23
-24
-8
-13
-19
-17
-6
-1
-3
-2
3
7
7
14
13
8
12
11
10
14
13
18
18
15
16
12
9
9
22
27
17
17
23
26
21
16
18
23
18
17
15
13
19
22
14
15
16
12
12
10
11
12
6
3
8
10
4
-4
0
-2
-8
-4
-3
-2
-7
-6
-15
-13
-8
-11
-8
-8
-9
-14
-15
-10
-8
-13
-6
-3
-2
-5
-8
-7
-10
-4
-3
-4
-5
-5
-2
-4
-10
-6
-5
-9
-7
-8
-7
-5
-6
-6
-1
-3
-3
-2
4
4
-1
-6
-1
0
0
4
