5
7
1
-3
-6
-3
-5
-8
1
-4
-3
-5
-7
-8
-6
-8
-8
-3
-6
-5
0
3
-1
2
-1
1
3
2
3
2
-2
-3
2
-2
-5
-5
-2
-6
-5
-4
-6
-4
-9
-4
-5
-7
-3
-5
-7
-5
-3
-7
-10
-6
-5
-4
-5
-11
-3
-1
-4
-5
-4
-3
-6
-3
-7
-7
-3
-2
-2
-5
-4
-4
-4
-3
-4
-7
-1
2
-4
-2
1
3
1
2
4
3
3
1
1
3
4
6
2
1
6
5
5
7
5
4
6
8
9
8
8
13
11
7
8
10
12
11
16
14
11
12
14
20
18
16
18
17
18
16
18
18
17
15
10
11
13
10
10
11
9
5
4
2
0
4
0
-1
0
-2
-2
-3
-4
0
-2
1
3
5
10
6
6
6
3
6
10
8
4
13
9
8
8
4
10
3
8
11
8
12
10
5
5
3
6
11
5
2
2
0
5
6
5
4
9
5
1
6
2
6
9
6
6
4
8
10
9
11
16
15
13
9
10
13
18
18
10
12
6
10
8
3
4
5
5
1
4
1
0
-1
4
4
1
1
1
5
2
4
1
-1
2
2
1
0
4
0
2
-2
-4
-1
-5
-5
-2
4
0
-2
4
5
7
7
6
10
15
12
10
9
14
11
10
12
9
10
10
4
3
1
1
4
-1
-2
0
-1
2
7
0
-3
-4
1
6
0
3
0
5
6
6
9
8
8
9
9
3
10
11
10
16
12
11
10
8
6
5
4
6
12
8
9
8
7
11
7
8
6
1
2
6
7
1
2
2
-3
-2
0
-2
-1
-4
-7
-6
-3
-3
-6
-5
-8
-7
2
-6
0
3
-2
-1
-4
3
4
4
-1
-3
2
-1
0
-1
-3
-4
-9
-6
-4
-13
-18
-16
-20
-21
-19
-22
-26
-25
-22
-27
-20
-19
-18
-17
-20
-13
-17
-15
-16
-14
-9
-14
-8
-7
-8
-8
-10
-10
-12
-10
-5
-6
-10
-6
-6
-3
4
0
-3
-13
-10
-1
0
4
2
3
1
-1
0
-4
-6
-3
0
3
2
4
12
7
2
4
6
10
14
11
7
3
11
17
12
12
14
13
10
11
18
23
19
18
17
12
12
12
18
16
17
10
5
8
10
16
9
4
1
1
1
1
8
4
-2
1
-1
2
5
-6
-6
-7
-4
2
3
0
-3
-5
2
2
-4
-1
-1
-3
-6
-5
-7
-11
-12
-9
-5
-10
-11
-15
-18
-14
-12
-14
-14
-12
-14
-14
-17
-20
-17
-18
-21
-19
-22
-16
-14
-19
-21
-18
-18
-19
-12
-18
-17
-13
-13
-13
-10
-11
-11
-5
-9
-14
-12
-6
-8
-13
-11
-7
-8
-11
-5
8
-1
-9
-3
-6
-1
-2
-2
3
3
5
-3
0
5
2
1
-1
-3
1
2
1
2
5
5
4
5
6
7
6
9
10
8
5
7
7
11
15
10
6
8
12
10
8
1
2
6
10
7
8
5
1
4
1
3
5
5
9
-3
-10
-2
0
3
1
5
1
5
6
-4
4
-1
2
1
2
-1
-7
0
3
4
2
2
-1
-3
6
7
2
1
3
5
0
0
-3
-2
-1
-2
-6
-8
-7
-6
-1
-6
-6
-11
-9
-2
-6
-7
-8
-5
-9
-7
-9
-9
-7
-11
-1
0
-1
-3
-9
-1
1
-1
-4
1
3
-1
0
3
6
5
11
9
12
17
10
10
17
10
14
13
11
11
9
13
12
16
8
5
12
11
10
13
12
9
11
13
11
9
11
8
6
11
9
9
18
11
6
14
11
4
8
10
5
7
2
3
2
0
4
8
6
0
5
1
8
8
9
12
1
10
13
11
13
11
9
5
2
7
9
8
4
5
14
11
9
6
6
14
10
12
9
14
16
12
19
19
17
14
12
15
22
20
16
16
19
19
16
20
12
11
16
10
10
11
12
10
10
9
8
11
6
7
9
3
5
7
5
4
-3
-2
-2
-3
-3
-1
-2
2
-2
-5
4
-1
-2
-2
0
-7
-4
0
-2
3
0
0
0
2
6
3
2
7
0
-4
0
-3
-1
0
1
2
8
8
6
4
3
2
-1
0
4
4
3
9
2
-4
-1
2
-2
-6
1
1
-4
-4
-2
0
-2
0
-5
-9
-4
-1
2
0
-2
-3
-5
-4
-7
-10
-4
-3
-1
-2
-1
-3
-4
-7
-5
-1
-5
-5
-11
-2
-1
-4
0
-7
-9
-9
-1
2
-3
0
-3
-1
-1
-1
0
-8
-6
-5
-3
-1
-3
-1
1
0
-4
2
4
3
-2
-4
2
2
-4
-4
0
3
4
4
4
2
0
6
5
0
-2
3
4
4
1
-4
-2
-4
-1
-1
1
0
-4
-2
-3
-2
-1
2
-3
-1
0
2
2
-1
-4
-4
-2
-6
1
-2
-4
-4
-1
-4
-7
-8
-10
-7
-9
-8
-6
-7
-8
-3
-3
-3
-9
-7
-3
-2
-1
-4
-3
-1
2
-5
-4
-1
-4
-1
3
5
-1
1
5
5
5
3
3
5
1
1
1
0
1
1
-2
-3
-5
-5
-3
-5
-7
-9
-6
-7
-8
-9
-11
-11
-10
-6
-7
-7
-6
-2
-2
0
-3
0
1
4
12
7
7
7
10
7
11
13
10
12
14
15
16
16
13
14
15
15
14
15
11
8
9
12
12
9
9
6
7
9
9
8
7
8
9
6
10
16
14
13
14
15
10
10
15
15
18
19
19
19
15
15
21
19
14
13
8
9
7
5
3
-3
1
-3
0
-2
-9
-7
-13
-12
-15
-16
-10
-16
-16
-17
-18
-16
-15
-15
-14
-12
-12
-11
-11
-5
-6
-6
-5
-11
-6
-6
-8
-11
-10
-10
-10
-13
-14
-15
-17
-16
-20
-22
-21
-22
-20
-20
-21
-20
-24
-23
-20
-21
-22
-20
-21
-19
-17
-21
-18
-19
-17
-14
-19
-18
-12
-10
-11
-12
-4
-6
-8
-1
0
6
11
12
12
15
15
11
16
15
10
14
12
9
10
10
10
6
2
6
4
2
2
-6
-6
-3
-5
-7
-9
-8
-9
-9
-8
-7
-5
-9
-5
-13
-13
-5
-7
-9
-12
-8
-14
-11
-8
-6
-6
-13
-4
-1
-3
-5
-3
0
0
-2
-6
-6
-9
-9
-7
-6
-5
-4
-9
-15
-13
-14
-15
-17
-22
-13
-12
-12
-13
-15
-14
-16
-9
-17
-20
-14
-18
-19
-14
-12
-14
-6
-4
-6
-9
-8
-10
-11
-8
-11
-9
-11
-7
-7
-4
-5
-2
-4
-5
-1
-6
-5
-13
-13
-13
-12
-10
-10
-4
-10
-15
-14
-14
-15
-13
-10
-14
-13
-7
-11
-2
-1
-6
-5
-5
2
3
-4
-3
5
6
4
14
12
11
17
16
17
11
10
13
14
17
13
17
17
14
19
10
6
9
6
8
6
8
3
2
0
-4
2
1
0
0
-3
-8
-10
-6
-1
-1
-3
-3
0
-7
-6
1
-5
-3
-1
1
-3
-2
3
0
7
4
8
9
7
2
6
6
2
7
5
3
-2
0
5
-2
-2
-1
-2
-2
1
0
0
3
-1
-3
-4
-2
1
-3
0
5
4
8
9
3
4
3
3
11
13
15
15
9
8
9
11
9
11
11
13
12
12
16
11
16
23
20
18
21
11
16
19
10
17
17
17
18
20
20
16
9
10
19
18
8
5
5
12
16
17
14
11
12
8
5
5
7
6
3
5
7
7
10
4
3
4
4
5
5
7
5
-2
-2
3
2
0
-3
-2
-3
-4
-5
-7
-8
-10
-5
-5
-4
-6
-6
-9
-9
-7
-6
1
-7
-4
-6
-5
-2
-7
-5
-2
-2
-2
-2
1
-1
2
6
3
1
1
7
4
-1
4
0
2
10
12
10
11
15
13
11
13
17
18
13
12
18
11
7
11
7
15
19
22
19
16
11
12
12
10
12
5
12
14
8
8
6
6
9
14
15
19
10
7
8
4
4
2
2
3
3
0
7
7
1
-1
-3
-1
-2
3
4
3
3
-1
1
4
5
-3
-3
0
1
0
-1
4
-2
0
1
-4
-8
-1
-5
-7
-3
-8
-1
0
-3
4
7
4
9
4
3
7
6
14
12
12
13
11
5
6
11
3
6
8
1
-2
-3
0
-3
-7
-1
-6
-2
-1
-6
-10
-7
0
0
-2
-11
-10
-9
-9
-8
-3
-4
-5
-3
-3
-10
-6
-9
-10
-6
-9
-9
-10
-7
-9
-5
-7
0
1
-8
-4
-1
0
-3
-4
-1
1
-6
-7
-6
2
-2
-9
-8
-6
-4
-7
-9
-11
-1
-6
-9
-12
-15
-14
-17
-9
-7
-10
-6
-9
-5
-4
-6
-6
-3
0
-2
-2
-6
-2
-3
2
-1
0
5
-2
-1
-6
-12
-12
-14
-13
-12
-9
-13
-15
-12
-18
-16
-15
-15
-12
-15
-15
-17
-12
-10
-8
-7
-8
-9
-11
-13
-10
-7
-12
-12
-11
-12
-17
-12
-9
-14
-11
-12
-8
-10
-15
-14
-9
-14
-19
-20
-21
-12
-19
-22
-20
-19
-19
-27
-23
-21
-26
-25
-30
-27
-25
-28
-28
-30
-27
-24
-22
-27
-25
-23
-23
-20
-23
-23
-15
-12
-12
-10
-14
-8
-12
-16
-9
-11
-9
-11
-17
-14
-18
-16
-14
-16
-11
-14
-8
-14
-14
-10
-13
-11
-11
-10
-14
-11
-8
-4
-9
-6
-6
-5
1
-2
-5
-4
0
-3
3
3
1
1
3
-3
-3
-1
-2
4
2
0
-4
2
1
2
-1
-8
-1
-1
-6
-13
-10
-10
-14
-13
-14
-11
-10
-8
-11
-18
-14
-15
-15
-16
-20
-15
-17
-17
-8
-4
-7
-1
1
1
6
5
5
3
0
-2
0
2
2
8
3
1
0
-2
5
2
6
4
-2
8
7
9
9
5
11
10
10
7
3
4
3
8
14
10
11
11
14
13
13
16
16
17
18
22
21
19
20
19
17
18
15
16
18
13
16
18
19
16
12
11
9
8
6
7
10
13
14
7
6
8
10
9
12
13
7
9
7
7
7
11
12
9
10
15
16
16
17
19
23
19
19
20
17
17
18
11
15
18
14
13
10
10
8
5
6
2
0
0
3
3
1
4
0
3
-1
-3
-1
-1
1
4
8
5
8
8
10
8
7
11
12
16
17
17
12
16
13
11
13
10
10
11
12
12
12
10
10
9
11
13
8
9
13
9
9
11
5
2
5
6
7
10
9
11
11
6
9
7
8
7
5
-1
-1
4
4
2
-1
-3
-1
3
1
1
-4
-3
2
-2
-2
-1
-4
-6
-7
-6
-6
-10
-10
-11
-9
-7
-6
-9
-12
-9
-5
-5
-6
-4
-7
-6
0
1
1
0
3
4
8
10
14
16
12
11
14
14
9
12
12
8
8
15
13
11
13
10
14
13
13
9
7
13
10
13
18
13
14
13
8
11
13
5
5
7
4
2
-3
2
-1
-2
0
-5
0
0
-3
-2
-6
-5
-2
-5
-5
-4
-4
-7
-5
-5
-4
-2
-2
-1
-4
1
2
0
2
-1
-3
-2
3
3
-4
1
-3
-5
2
0
0
3
3
0
4
-3
-3
-2
-10
-3
-3
-3
-4
2
-4
-8
-11
-7
0
-7
-1
-6
-5
-9
-13
-10
-7
-2
-8
-7
-10
-9
-13
-14
-11
-11
-9
-10
-9
-12
-16
-17
-16
-18
-13
-12
-19
-11
-10
-12
-15
-18
-11
-11
-14
-11
-5
-7
-4
-2
-4
-1
-4
2
1
6
3
0
4
1
2
1
1
0
2
4
5
10
7
9
8
6
9
7
5
8
7
6
14
8
9
4
0
4
1
5
3
4
5
2
5
3
-1
-7
-9
-9
-13
-13
-11
-15
-14
-15
-15
-16
-22
-22
-19
-25
-22
-19
-24
-25
-21
-19
-23
-23
-25
-20
-20
-21
-25
-25
-25
-27
-28
-30
-27
-26
-18
-20
-18
-20
-18
-17
-21
-19
-22
-20
-18
-17
-18
-19
-13
-16
-17
-17
-22
-20
-13
-13
-16
-8
-13
-17
-16
-18
-16
-16
-15
-13
-12
-11
-10
-7
-8
-11
-9
-10
-10
-14
-8
-5
-4
0
-5
-2
-6
-9
-13
-15
-14
-9
-6
-5
-2
-9
-9
-14
-12
-14
-12
-9
-6
0
-4
-4
-4
0
-3
-2
2
1
1
11
10
11
13
12
12
6
7
7
10
12
20
14
11
11
5
5
1
4
-2
4
1
-1
3
2
-3
-1
-2
-6
-10
-9
-7
-14
-4
-4
-6
-5
-4
-5
-5
-2
-7
-1
-2
1
-1
-3
-3
-6
-6
-6
-2
-8
-5
-4
-6
-7
-7
-8
-9
-7
-6
-2
1
7
5
1
0
-5
-6
-7
-8
-5
-2
-4
-6
-3
-6
-8
-5
-8
-2
-8
-7
3
-2
3
6
1
3
3
1
3
5
3
8
6
8
9
5
12
12
9
13
8
1
4
0
1
6
5
8
6
5
4
-1
0
2
2
9
8
7
11
10
12
9
10
14
13
16
17
21
22
18
18
15
17
11
13
14
19
27
25
27
21
17
12
10
13
12
12
15
17
12
12
12
2
4
-1
-1
0
0
0
3
7
3
-2
-3
-5
-3
-1
0
7
8
13
14
9
9
0
-4
0
-7
-7
-4
1
7
7
7
6
6
-1
4
4
4
10
7
8
8
5
3
3
1
-4
-2
1
4
12
15
13
12
4
3
3
6
11
12
18
20
22
21
20
21
19
17
16
18
13
20
25
21
16
11
9
5
6
5
6
13
15
18
13
13
7
-2
2
-5
-7
-3
-5
-4
0
-3
-7
-8
-10
-6
-10
-5
2
-1
-2
-2
-6
-7
-5
-5
-6
-11
-6
-5
-1
-4
-7
-8
-10
-6
-11
-1
0
0
4
-2
3
3
-2
0
-2
0
-2
-4
-5
-5
-6
-6
-3
-2
6
6
6
1
3
4
1
1
1
0
-5
5
7
10
18
14
16
13
13
12
13
13
11
14
9
10
9
4
1
-2
-2
-1
-2
0
2
7
2
0
0
-11
-13
-9
-6
-7
-4
-2
-1
0
-6
-4
-9
-8
-5
-5
-2
-1
-3
-6
-5
-7
-1
-3
-5
-4
0
-5
-4
0
-7
-1
-7
-4
-4
-7
-7
-15
-14
-15
-20
-14
-18
-17
-17
-21
-12
-16
-10
-9
-12
-13
-18
-15
-16
-19
-14
-14
-15
-12
-14
-8
-12
-8
-6
-6
0
-2
1
7
6
1
-3
-3
-2
0
6
5
4
2
-2
-2
-3
-5
-10
-9
-7
-8
-8
-9
-11
-4
-6
-9
-6
-8
-2
1
0
1
8
8
8
5
2
6
1
4
5
8
9
13
16
15
15
15
15
9
7
10
11
4
3
-1
-4
-6
-8
-8
-6
-2
-9
-7
-7
-12
-13
-14
-13
-12
-8
-6
-2
4
0
7
5
4
4
-1
3
3
3
6
7
4
4
8
3
4
6
2
8
11
9
12
13
13
8
8
3
6
4
-4
5
9
14
10
5
3
3
4
6
9
8
11
15
15
15
14
9
11
11
13
24
27
26
24
22
19
15
15
17
20
22
22
22
21
22
22
15
11
3
5
9
11
14
11
14
8
4
2
-3
-1
0
4
5
8
9
9
8
-4
-5
-6
-10
-4
-3
6
6
10
11
4
-1
-1
-5
-12
-9
-2
7
9
12
5
-2
-4
-13
-15
-14
-12
-9
-2
-1
-2
-7
-9
-12
-18
-20
-23
-19
-13
-6
-2
2
-3
-8
-11
-17
-19
-15
-7
-5
3
4
2
4
-2
1
-1
-8
-3
3
6
11
12
9
10
6
4
5
-2
-3
5
6
4
4
0
6
9
7
3
7
8
8
13
13
12
10
22
14
15
20
11
13
11
12
13
15
15
18
17
15
16
16
14
10
14
14
12
14
15
14
14
16
14
8
6
3
0
3
4
9
5
1
0
-5
-14
-20
-20
-18
-12
-7
2
5
2
-4
-7
-10
-16
-14
-9
-12
-8
-5
-8
-7
-16
-15
-17
-17
-14
-16
-10
-8
-7
-7
-10
-14
-13
-14
-17
-16
-14
-12
-8
-6
-7
-10
-13
-11
-15
-11
-13
-16
-11
-9
-8
-9
-11
-14
-13
-12
-9
-9
-7
-1
0
3
-1
2
-1
-8
-7
-9
-8
-4
0
7
6
2
3
5
-2
-1
1
-7
0
-8
1
3
-4
2
1
1
-5
-8
-13
-10
-7
-5
-1
2
2
1
10
6
-2
-7
-10
-11
-10
-9
-6
0
2
3
0
-3
-10
-13
-17
-13
-10
-7
-2
3
7
7
10
0
-3
-7
-10
-6
-4
3
5
9
5
-1
-8
-16
-18
-24
-20
-16
-9
-1
-1
0
-1
-7
-17
-23
-27
-26
-22
-14
-8
-3
-2
-9
-13
-22
-27
-25
-20
-15
-9
-2
6
4
-1
-7
-19
-30
-33
-34
-25
-13
-3
9
8
4
-2
-11
-17
-20
-15
-10
-1
8
17
19
7
-1
-17
-26
-35
-38
-24
-16
-2
8
10
3
-7
-16
-27
-30
-27
-20
0
9
17
20
18
9
-11
-17
-24
-22
-12
2
16
28
25
18
7
-8
-14
-23
-23
-14
-3
12
20
26
23
15
4
-11
-19
-22
-19
-9
6
15
18
15
6
-3
-21
-27
-29
-24
-18
-3
12
16
24
11
4
-10
-22
-19
-11
0
11
25
35
37
35
28
19
13
7
7
16
22
29
44
49
47
39
24
13
13
8
11
28
33
43
46
50
38
24
10
-2
-2
-6
12
25
43
51
45
42
26
12
1
-3
-5
3
20
29
40
45
31
15
-1
-22
-31
-20
-5
11
25
35
32
23
0
-22
-34
-40
-39
-19
6
18
33
26
14
-11
-37
-52
-59
-47
-28
4
20
32
38
27
11
-5
-22
-27
-14
-2
20
43
49
46
38
13
-11
-17
-25
-16
2
18
34
42
39
36
18
3
-9
-14
-7
-6
13
13
16
18
12
6
-14
-8
-23
-20
-15
-4
1
2
16
12
16
11
9
2
4
2
2
9
13
26
23
25
25
16
9
2
1
-5
-6
6
2
9
12
19
9
4
10
-2
5
-4
4
10
18
24
24
24
11
-2
-7
-12
-11
-7
-2
10
9
17
10
13
7
-3
-3
-10
-1
-9
7
4
13
12
-3
10
-6
5
-3
5
3
-6
2
-10
1
-11
-5
-8
-13
-5
-5
5
-12
-7
-21
-26
-26
-26
-6
-6
15
5
3
-2
-23
-13
-27
-6
1
11
27
23
34
20
7
-11
-19
-24
-14
1
14
37
51
45
36
16
-17
-30
-43
-20
-13
19
19
26
37
15
13
-26
-21
-53
-37
-25
-11
31
24
51
19
20
-3
-11
-5
-13
13
11
33
27
29
28
11
8
-18
-23
-26
-15
7
14
42
30
36
20
5
11
-7
7
-3
14
9
17
22
8
5
-14
-12
-25
-19
-16
0
10
14
17
9
3
3
2
17
27
35
41
21
20
-14
-23
-50
-52
-48
-46
-11
5
53
49
63
42
11
-7
-43
-35
-49
-20
-15
11
40
22
52
14
13
-19
-52
-44
-75
-35
-45
-5
12
18
39
2
20
-9
-3
5
12
43
34
55
29
6
-7
-72
-70
-111
-86
-60
-20
70
65
130
75
67
16
-37
-40
-90
-36
-61
7
21
32
45
-5
-12
-75
-82
-99
-95
-42
-30
21
29
21
27
-21
5
-34
-6
-18
-21
0
-47
-9
-62
-37
-66
-56
-33
-20
28
24
50
46
21
-4
-46
-76
-70
-108
-48
-67
15
31
63
106
59
91
-31
-31
-140
-146
-164
-132
-49
-14
82
98
135
97
79
-3
-12
-79
-46
-51
-2
40
32
75
-19
-4
-102
-78
-82
-29
57
108
176
158
128
52
-29
-99
-133
-151
-80
-58
81
110
198
184
130
78
-72
-68
-193
-114
-117
-21
66
120
206
174
164
58
-41
-147
-200
-221
-130
-87
91
144
252
259
186
167
-45
-23
-201
-125
-138
-103
4
-53
76
-3
76
41
18
82
17
125
88
96
107
-36
4
-162
-109
-148
-127
15
-51
138
32
141
86
76
86
-13
26
-97
-66
-128
-76
-57
18
33
112
115
132
165
57
99
-110
-67
-213
-189
-134
-156
70
-60
147
6
94
85
11
164
-27
143
-66
15
-52
-75
1
-75
5
-55
-49
-36
-55
-71
-31
-159
30
-157
153
85
264
324
90
266
-270
14
-417
-146
-190
-112
188
28
431
98
274
-21
-111
-204
-353
-201
-187
13
179
247
378
271
210
114
-89
-9
-214
-18
-138
-34
-37
-79
22
-99
18
-72
-1
11
99
188
274
247
241
65
-37
-190
-285
-219
-256
-43
-26
179
250
272
346
161
106
-147
-312
-327
-443
-175
-161
153
259
276
438
178
331
-35
3
-209
-293
-220
-329
-13
-122
116
10
57
-5
-32
-11
7
64
65
152
114
229
40
148
-170
-119
-352
-345
-237
-258
125
15
425
211
359
166
-5
-82
-389
-303
-429
-188
-83
140
310
306
301
167
-8
-75
-271
-195
-278
-128
-94
13
141
72
167
9
115
-20
88
-34
44
-136
-125
-235
-192
-142
-120
159
86
474
242
512
154
100
-215
-414
-370
-525
-157
-191
220
208
409
323
289
108
-23
-186
-173
-190
-66
55
29
188
-92
120
-225
-11
-185
-49
70
4
296
87
330
58
75
-114
-252
-283
-382
-207
-109
79
216
282
282
256
141
153
-15
-66
-187
-246
-117
-191
75
-38
16
-85
-221
-13
-134
231
111
290
238
127
243
-30
85
-253
-251
-359
-322
-139
-92
111
57
92
66
138
138
193
108
119
56
-15
-3
-221
-174
-483
-292
-300
-47
263
234
596
264
446
45
-51
-304
-651
-509
-706
-236
-165
195
348
392
465
359
336
187
-14
-142
-307
-355
-301
-373
-179
-276
-91
-38
45
173
18
99
-85
-29
27
37
260
184
304
229
171
88
-167
-250
-462
-412
-340
-157
49
159
209
243
118
91
-114
-163
-227
-155
108
225
568
429
495
168
52
-188
-337
-420
-561
-409
-337
46
209
467
336
295
9
-44
-79
-78
-23
-115
-61
-54
138
269
375
311
203
-79
-38
-258
-14
-101
-53
-20
-239
53
-210
181
-36
84
82
-120
178
-95
250
54
136
124
-60
188
-87
257
10
101
-80
-298
-276
-548
-182
-269
224
216
433
368
251
173
-114
-127
-473
-380
-558
-196
-24
420
615
665
587
126
-27
-488
-493
-593
-451
-224
-55
252
364
458
387
115
-85
-348
-410
-286
-97
296
448
569
457
154
-62
-429
-458
-556
-475
-244
-130
342
413
801
681
594
280
-206
-261
-631
-246
-322
55
105
97
255
22
288
1
50
-190
-386
-365
-439
-110
35
266
405
398
543
496
488
361
-46
-336
-865
-884
-901
-587
-217
-68
326
141
486
253
446
249
5
-12
-489
-86
-434
125
-32
177
242
92
445
49
372
-201
-181
-613
-674
-516
-367
166
248
603
464
492
312
179
48
-102
-227
-98
-63
358
434
637
521
144
42
-538
-268
-639
-239
-312
-75
159
230
621
452
619
191
179
-180
-55
-193
117
61
230
136
-43
16
-440
-43
-578
33
-402
-2
-93
-155
185
-324
266
-419
66
-280
-42
160
-48
214
-373
-363
-752
-795
-641
-609
-306
-210
-104
186
97
351
184
74
-15
-351
-147
-334
-120
-97
-203
40
-264
36
-121
-53
78
-223
254
-172
349
87
260
331
22
436
-111
433
12
380
320
339
548
241
496
88
242
5
125
141
246
327
376
421
410
475
432
545
418
523
375
438
320
276
181
-19
-76
-220
-48
-8
172
159
89
23
-155
-96
-162
-175
-329
-664
-816
-1110
-1057
-983
-796
-454
-304
97
225
395
336
-47
-414
-1027
-1410
-1549
-1499
-973
-586
-54
213
113
105
-448
-538
-954
-1068
-1018
-1123
-527
-384
391
689
807
876
193
234
-367
-196
-188
-328
125
-388
368
92
657
756
397
747
-167
557
66
792
955
1021
1514
1080
1711
1331
1668
1387
1197
977
769
760
884
912
1006
928
751
896
549
922
406
541
59
-103
-82
-318
126
-251
-3
-458
-556
-708
-984
-841
-1217
-1127
-1312
-1242
-903
-866
-343
-518
-435
-775
-1166
-1283
-1758
-1558
-1736
-1361
-1153
-848
-576
-468
-476
-567
-830
-974
-1183
-1405
-1217
-1344
-685
-789
-313
-485
-568
-572
-938
-460
-733
-251
-420
-77
314
699
1417
1574
1905
1622
1424
1310
1255
1449
1374
1382
1336
1179
1346
1259
1511
1332
1170
1002
788
1004
923
1260
1297
1555
1697
1801
1996
1908
1836
1441
1129
771
508
330
186
188
162
126
108
-22
-72
-354
-613
-963
-1411
-1619
-1958
-1803
-1649
-1305
-905
-821
-452
-567
-578
-878
-1441
-1729
-2438
-2459
-2487
-2082
-1501
-1347
-826
-902
-725
-879
-1139
-1167
-1649
-1671
-1808
-1535
-1022
-800
-173
-131
222
148
83
191
-252
-173
-819
-680
-876
-692
-331
-151
589
687
1313
1490
2002
2348
2461
2440
2163
1654
1140
431
45
-186
-527
-251
-426
252
233
580
629
379
437
-140
56
-159
169
281
464
812
931
1218
1109
1283
1225
1082
809
407
502
375
772
1442
2310
3491
3666
4517
4500
4303
3711
1825
1250
-960
-1518
-2310
-2448
-1191
-1753
192
-287
1027
1026
555
1093
-772
-194
-1962
-1479
-1885
-1924
-1358
-1933
-1025
-1713
-1341
-2012
-2330
-2607
-3053
-2920
-3152
-2923
-2749
-2662
-2333
-2618
-2358
-2720
-2936
-2964
-3408
-2648
-3215
-2503
-2663
-1959
-1142
-951
375
405
1465
1624
2688
4214
4780
5257
4592
4074
3172
1712
1040
-11
-582
-1171
-1427
-382
111
1097
1028
887
773
184
548
431
997
1063
921
1321
1361
2341
2373
2470
1927
964
307
-934
-1180
-1811
-1953
-2298
-2332
-1836
-1433
-779
-310
208
533
749
874
1207
1400
1733
1783
2182
2781
3209
3330
3268
3155
2657
1641
622
-37
-697
-785
-993
-253
161
728
1207
1277
1814
1382
1606
1217
1247
1124
796
1091
574
591
-297
-766
-1506
-2342
-2661
-3462
-3397
-3756
-3365
-3193
-2949
-2357
-2245
-1848
-1959
-1804
-1863
-2156
-2129
-2171
-1931
-1808
-1958
-1904
-2276
-2350
-3013
-3496
-3801
-4081
-3898
-3707
-2478
-1259
299
1270
2269
2714
3046
3017
2741
2337
1119
626
398
1864
2742
3338
3561
3119
2599
1017
1
-1059
-2357
-2880
-3291
-1851
-296
1376
3130
3102
3894
2596
2539
1608
967
579
-1005
-606
-1306
-108
-13
584
694
32
-211
-1078
-1025
-1120
-654
27
1344
2933
4699
5759
7143
7948
8148
7230
5323
3552
1123
-566
-2197
-3022
-3150
-3211
-2440
-1726
-345
658
927
1033
190
-126
-1026
-933
-901
-794
-525
-670
-285
-646
-636
-1417
-2163
-3249
-4036
-4618
-4714
-4551
-4231
-3810
-3489
-2913
-3065
-2739
-3012
-2794
-2930
-3051
-3048
-3385
-3322
-3340
-3108
-2741
-2505
-1976
-1323
-758
414
1574
4097
5822
6548
6395
5557
5130
3169
1877
404
-757
-1447
-1806
-319
498
1511
1467
1053
357
-781
-911
-1378
-996
-1184
-790
-67
1219
2819
3706
4313
3909
3227
2025
947
-85
-1002
-1938
-2461
-2820
-2340
-1645
-588
347
1088
1879
2002
2461
2513
3015
3201
3604
4029
4714
5496
6031
5909
4830
3388
1373
-380
-2070
-2833
-3227
-2891
-1925
-736
725
1971
2887
3254
2942
2506
1746
1098
534
-125
-685
-1586
-2018
-2760
-3192
-3818
-4294
-4800
-5100
-5019
-4812
-4226
-3823
-3122
-2813
-2502
-2417
-2271
-1992
-1719
-1921
-2238
-2725
-2892
-3410
-4049
-4547
-5508
-5854
-6591
-6087
-5374
-4461
-3190
-2380
-964
79
1542
3874
6372
9319
9729
9464
8792
7295
5888
2376
556
-2365
-3709
-4145
-3288
-740
-235
1092
169
268
-236
-352
-38
-384
116
-76
1135
2689
4854
6315
6614
5841
4501
2650
902
-807
-2347
-3670
-4933
-4992
-4569
-2826
-1425
-95
933
2024
3438
4386
5332
5974
6828
7189
7309
6827
6585
5590
4284
2340
431
-1054
-2959
-3207
-3712
-2507
-2106
-1015
137
683
1951
1473
2365
1407
1453
577
-155
-244
-1192
-934
-2058
-1905
-2758
-3058
-3634
-4517
-4970
-5842
-5846
-5957
-5513
-5058
-4466
-3757
-3065
-2161
-1408
-1398
-1699
-2381
-2709
-3478
-4155
-4911
-5253
-5443
-5709
-5188
-4706
-3381
-2985
-1617
-719
1239
3860
6775
9821
9616
9625
7921
7219
5033
2509
988
-1770
-2315
-3350
-1472
-309
114
419
-886
-1001
-2274
-1735
-1343
-1003
-315
31
1782
3424
5301
6573
6476
5792
4141
2482
1045
-486
-1509
-3160
-3739
-3932
-3140
-1715
-598
721
1282
2572
3753
5264
6155
6405
6998
7251
7514
6732
5665
4285
2169
312
-1707
-2471
-3549
-3738
-3096
-2189
-560
314
2050
2372
2873
2127
1608
1019
155
-199
-1298
-1414
-2259
-2200
-3028
-3078
-3388
-3929
-4427
-5082
-5078
-5165
-4680
-4281
-3545
-3196
-2645
-2556
-1904
-1976
-1496
-2019
-2556
-2914
-3696
-3831
-5132
-5588
-6744
-6541
-7003
-6586
-5330
-3649
-2177
-1377
380
1449
3848
5655
9109
10237
9536
8310
6696
5781
2687
1056
-1608
-3063
-3798
-3540
-1025
102
1183
623
203
41
-267
228
-131
63
38
306
2125
3672
5540
6161
5771
4854
3147
2142
198
-1055
-2632
-4021
-4303
-4254
-2316
-874
588
1409
2253
3901
5203
6795
6671
6983
7351
7090
6776
5788
5385
3224
1313
-541
-1357
-1745
-2627
-2051
-2081
-987
-648
538
1144
1504
1686
1033
1417
804
1020
148
-131
-1001
-1791
-2600
-3631
-3994
-4990
-5214
-5993
-5968
-6175
-5900
-5855
-5417
-4342
-3446
-2641
-2392
-1814
-1714
-1646
-1881
-2318
-3233
-4045
-4894
-5098
-5103
-4982
-5525
-6629
-7283
-7676
-6848
-6045
-4265
-2169
-206
2013
5222
10054
14183
14911
13248
10884
8890
5866
2518
179
-2905
-4660
-5710
-3707
-991
787
1575
574
49
-1102
-706
-195
299
902
964
2170
4262
6740
8455
8388
7297
4943
2531
475
-1598
-3009
-4974
-5875
-6052
-4636
-2284
-220
1400
2088
2931
3468
4605
6265
7435
7500
7880
7925
7924
7491
6221
4221
996
-1314
-3709
-4067
-4567
-4233
-2998
-2717
-638
300
2178
2431
2749
2006
661
1052
-77
476
-560
-617
-1280
-1873
-2199
-3121
-3346
-4881
-5254
-6362
-6542
-6153
-5416
-4690
-3869
-3155
-2731
-2235
-2068
-2108
-2678
-3371
-4486
-4601
-4990
-4657
-4274
-4699
-4574
-4729
-4752
-5489
-6230
-7194
-8825
-7741
-7567
-5010
-2441
192
4652
9085
15787
16488
16908
13625
11117
7378
2026
71
-4004
-4795
-6410
-3693
-1056
1423
2708
1661
1021
-662
-1211
-1460
-1469
-1412
-782
-20
3237
6163
9562
9833
9733
7691
4939
2858
-531
-2175
-5272
-6141
-7309
-5872
-3446
-1233
570
1325
2300
2446
2979
3199
3608
4352
5660
6658
8683
9864
10374
9239
6669
3919
394
-2654
-5638
-6239
-6014
-5570
-3144
-1784
916
2475
3745
4321
3695
4017
1935
2134
336
779
366
-493
-374
-1971
-1874
-4005
-4236
-6398
-6980
-7656
-8096
-7043
-6265
-4228
-3162
-1984
-1452
-933
-1022
-1376
-2236
-2865
-4083
-4299
-4553
-3271
-2522
-2834
-3127
-4350
-5160
-7290
-8192
-9878
-11170
-12477
-11931
-9713
-6789
-2852
1147
5980
11331
18129
21164
20307
17426
13521
8469
2265
-1696
-4887
-6910
-7279
-5707
-1492
607
2439
2141
676
-882
-2872
-2579
-3328
-2054
-1750
134
3456
6738
10540
11665
12038
9963
7191
3838
508
-2354
-5236
-7436
-8565
-8453
-6291
-4012
-2022
-377
832
2481
3487
5989
7233
8580
9870
11143
12189
11577
10845
7574
3933
-551
-4068
-6369
-8452
-8617
-8001
-5861
-3878
-1131
1448
3148
4526
4592
4773
4473
4451
3697
2922
2242
1386
612
-561
-1456
-3007
-4393
-6092
-7463
-8550
-8663
-8381
-7856
-6757
-5414
-3831
-2534
-976
-272
470
206
-4
-627
-1599
-1972
-2346
-2873
-3938
-4325
-5514
-6413
-7020
-8251
-9640
-10890
-11760
-11936
-10634
-8820
-5975
-2884
-61
4168
8305
13873
19132
21664
19215
15567
12989
8078
4155
-1326
-4559
-7903
-9062
-7353
-3829
81
15
811
-1139
-1061
-1118
-92
603
915
1590
2152
5713
8542
11720
11774
10603
7340
4366
983
-1861
-4689
-7795
-9808
-11035
-9398
-7078
-3127
-1342
684
2008
4184
6200
8192
9994
10040
10904
10477
10575
9636
8437
5352
1613
-2201
-5436
-7066
-8393
-8388
-7400
-5718
-3888
-1059
1487
3738
5230
5460
5243
5039
4675
3970
3276
2364
1589
823
-314
-1046
-2350
-4233
-6186
-7979
-8984
-9159
-8291
-7094
-5088
-3360
-1929
-655
315
695
495
-434
-1815
-2964
-3982
-4121
-4298
-3880
-3679
-3161
-3352
-4981
-6206
-8104
-9823
-11641
-13205
-14092
-13276
-9280
-5082
-727
3016
5762
9439
13053
17522
19972
18366
14277
9796
6462
1932
-1482
-4388
-7317
-8286
-8203
-4929
-1521
745
1126
140
-197
-624
831
1717
2628
3066
3132
4932
7486
10325
11537
10789
8114
4487
1365
-1511
-4133
-6401
-8433
-9326
-9035
-6875
-3976
-1529
125
953
1959
3106
5484
8746
10903
11559
11869
11455
10170
8640
6107
2028
-1965
-5534
-7799
-7666
-6690
-5360
-3745
-2914
-1940
-8
1927
3633
4859
4939
4391
4995
4853
5172
5147
3902
2301
319
-989
-2368
-3006
-4733
-5832
-6797
-7237
-6386
-5828
-4975
-4512
-4328
-4972
-4600
-3705
-3026
-2323
-2319
-2684
-3025
-2839
-2490
-2224
-2147
-2958
-4123
-5473
-7186
-8773
-10620
-12436
-13767
-14434
-13994
-11410
-7316
-3886
674
7193
14776
21392
23434
22125
19402
15811
9579
3097
-2623
-7544
-10307
-10937
-7634
-3355
-574
-130
107
-488
-1255
-1315
-1313
-1069
-1063
-362
1906
6225
10422
13776
14681
14130
12040
8705
4352
98
-4005
-8591
-11759
-13146
-11546
-8655
-5584
-3190
-823
1278
3038
4730
6730
8106
8682
9157
9949
11647
11879
10970
7967
4180
213
-3598
-6175
-8598
-8770
-8652
-7447
-4960
-2328
1458
3233
5058
5146
5604
5924
5711
6184
4922
5423
4258
4150
3513
2613
1060
-1882
-4276
-7382
-8532
-9847
-9855
-9439
-8593
-6995
-5223
-3665
-2154
-1316
-1500
-2277
-2817
-3411
-4045
-3982
-4006
-2788
-2440
-1366
-1232
-2005
-4765
-7706
-9797
-12713
-14745
-17404
-16684
-14535
-9968
-5424
-1025
4883
11241
20085
24208
24320
21288
17629
12936
5985
1123
-3951
-7307
-9960
-9381
-5296
-2030
7
212
-11
-869
-1374
-459
606
1351
1621
2071
5364
8767
12550
14230
13720
11676
7345
3570
-1001
-4029
-8147
-11421
-13258
-12914
-9734
-6395
-3164
-921
1182
2354
3582
5949
9431
10981
10858
9759
9502
9362
8481
6289
2376
-1118
-5078
-6940
-7040
-6178
-5053
-4750
-4219
-2698
288
3150
5025
6327
5843
5969
6092
6292
6819
6007
4561
2208
1087
19
-352
-1630
-3609
-5448
-7391
-8012
-7778
-7089
-7012
-6676
-6843
-6132
-4781
-3680
-3210
-3409
-3755
-4567
-4422
-3370
-1945
-1416
-2245
-3135
-4068
-4875
-6075
-7695
-9747
-12490
-14995
-16250
-15346
-12775
-9498
-6553
-1412
6704
16731
23451
25324
24415
21087
16275
8931
3277
-1946
-6382
-9467
-9282
-5272
-2095
292
1013
693
-713
-1904
-1703
-1375
-1422
-1422
-484
2884
7018
11735
14898
15753
14958
11647
7837
3012
-1121
-5936
-10420
-13404
-14305
-12088
-9011
-5642
-2717
-162
1854
3178
4381
6585
9530
11428
10324
9930
10402
10375
9501
6407
3335
-831
-3878
-6438
-5968
-4452
-5197
-4347
-4225
-1701
658
3380
4940
5065
5260
3765
5319
5584
6812
6633
5238
4238
3181
2943
922
-520
-3822
-6478
-8770
-10037
-9678
-9139
-8720
-8414
-7692
-6417
-4512
-3348
-3124
-3628
-4085
-5427
-5722
-5568
-3950
-3499
-3777
-3991
-4833
-5037
-5656
-6375
-9994
-12872
-16038
-16814
-14351
-11118
-7421
-4902
-337
6023
15949
22755
23421
22180
18610
14876
9319
4904
1063
-3521
-7155
-9060
-5168
-2011
10
543
-743
-1986
-3571
-2615
-1496
-244
-202
318
3551
8051
13132
16683
17094
15752
12236
7805
3402
-782
-5144
-10517
-13990
-15680
-13404
-9627
-6437
-3717
-1493
649
2152
5048
9177
12715
13709
12832
12044
12133
11784
9931
6447
2350
-1610
-4823
-5852
-5568
-5048
-5311
-6470
-5960
-4191
-1073
1408
3278
4026
3924
5175
5661
7640
8044
7809
6011
4256
3499
2081
1085
-2013
-4761
-8676
-11141
-12011
-11604
-10455
-9385
-8100
-7134
-5423
-3622
-2368
-2423
-3195
-4699
-5125
-4710
-3373
-2612
-2847
-3989
-5007
-5567
-6351
-6998
-9059
-12081
-14946
-16941
-17783
-15011
-11362
-7756
-4227
1594
11716
22636
28254
26675
24695
20217
14736
8571
3208
-1308
-6729
-9686
-9176
-3738
-1111
610
547
-1623
-3332
-4509
-3187
-2757
-1579
-1852
544
5115
11079
17147
19969
20101
17355
13333
7523
2482
-3172
-8825
-14545
-17918
-18320
-15060
-10713
-7092
-3445
-764
2249
4444
8536
11615
13580
12393
10704
10026
9726
9723
7746
5532
1780
-759
-2866
-3161
-3365
-4524
-5860
-7136
-6104
-3852
-535
1976
3673
4218
4547
6136
7622
8859
8762
7296
5460
4159
3554
2274
392
-2998
-6548
-9772
-11764
-11730
-10854
-9862
-9101
-8132
-6875
-4540
-2377
-1200
-1310
-2210
-3647
-3960
-3328
-2262
-2107
-3421
-4767
-5694
-6372
-7469
-8270
-10336
-12392
-14085
-13972
-13166
-11981
-10670
-8467
-4753
-1925
1625
6490
15052
22220
23697
21397
19676
17742
12740
6476
1232
-3549
-8146
-10330
-8353
-3787
-2365
-1378
-1524
-993
-856
-123
1496
1386
1983
1038
3403
6967
11657
14901
15014
13810
10742
7556
3203
-776
-5207
-9872
-13802
-15356
-13868
-10061
-6976
-4235
-2058
707
3699
5816
8955
11623
13810
13260
13325
12926
12706
11490
7331
2899
-1834
-5121
-8014
-8121
-7869
-6521
-5392
-5156
-2643
323
3279
4542
5756
5309
5701
6678
6655
7280
6484
5599
3640
2183
838
-163
-2171
-5628
-8056
-10658
-11619
-11602
-10831
-9806
-8638
-7559
-6384
-4633
-2848
-1528
-1355
-2026
-2606
-2813
-2572
-2167
-2725
-3327
-4648
-6024
-7579
-8846
-10389
-11880
-13785
-15236
-15448
-15247
-12955
-9057
-4390
-786
3048
7117
15248
22899
24798
22481
19838
16893
11510
6562
1963
-902
-5473
-8377
-7379
-3658
-1820
-1041
-1216
-2488
-3015
-3161
-1047
318
2409
2619
5143
8177
12591
16067
16341
15264
11201
7324
2169
-1124
-5299
-8887
-12485
-14687
-13999
-11035
-7619
-5426
-3033
-1030
1194
2741
5990
9482
13284
14719
15414
15577
15490
14248
10540
5937
267
-4083
-8609
-10191
-9890
-8175
-7553
-6973
-5133
-2692
548
2567
4673
5465
6819
7298
8083
9003
9545
8816
6280
4201
1826
36
-2770
-5655
-8811
-11648
-13303
-13778
-12953
-11758
-10392
-9696
-8644
-6547
-3862
-2049
-1260
-855
-871
-1088
-894
-201
-171
-1208
-2880
-5396
-7084
-8504
-10462
-12849
-15954
-17830
-19515
-18656
-16055
-11609
-6296
-2364
5644
16090
27314
31258
29899
28054
22925
16898
7488
1654
-4478
-9894
-12318
-10959
-4928
-3186
-880
-1193
-1335
-2164
-2491
-1161
-1356
-490
-645
2204
6520
12561
17461
19597
18940
16574
12422
7380
1988
-4080
-9727
-15589
-18304
-18564
-14721
-11158
-7504
-4226
-925
2756
5629
9210
11469
13020
12856
12985
13587
15168
14264
11844
7424
2606
-1610
-5586
-8066
-10703
-10519
-11892
-10561
-7950
-4382
111
2279
4590
5180
7740
8568
9531
10247
9225
8880
6464
5438
3827
2126
-1051
-5188
-8601
-12160
-13198
-14221
-13896
-12878
-11613
-9670
-7857
-5148
-2869
-1511
-1480
-2330
-2087
-1722
-686
-459
-1668
-2612
-3997
-3962
-4724
-6111
-8829
-12358
-15448
-18246
-19233
-19168
-17900
-14945
-10600
-5094
2732
13752
26588
32384
31755
28784
25944
21159
12487
4770
-3559
-10256
-15002
-14007
-8092
-4250
-2155
-1874
-1813
-1645
-949
1225
1304
851
-18
1107
5882
11112
17096
19234
18992
16424
12713
8608
3070
-2552
-9918
-16317
-20261
-20149
-16294
-11661
-7343
-3573
-177
3565
6817
9780
11225
11809
12586
13180
14124
14729
15279
13010
8633
3608
-1397
-5903
-9939
-12457
-12980
-12262
-10946
-7943
-3851
305
3529
6139
7527
8869
9629
9147
8915
8024
7200
5619
4008
2329
654
-1245
-4400
-7175
-10007
-11679
-12458
-12707
-12031
-10927
-9376
-8052
-6225
-4671
-3596
-2556
-2219
-1902
-1812
-1350
-1030
-1270
-1271
-1721
-2045
-3664
-5701
-8022
-10439
-12923
-15763
-17338
-18235
-17473
-15327
-11183
-6406
-788
6576
16965
26263
28911
27885
25889
23331
16226
8315
1379
-4885
-9792
-12566
-9497
-5727
-3444
-2498
-2164
-1642
-2088
-974
-309
-212
-93
73
3617
8070
13367
17103
18349
17945
14818
11032
5630
303
-5748
-12110
-16552
-18717
-17207
-13876
-9997
-5967
-2460
1141
4079
6828
9365
11147
12967
13851
14682
14700
14638
13589
10138
5652
135
-4609
-8784
-11440
-12257
-11603
-10233
-8627
-5689
-2119
1651
4984
7143
8326
9270
9534
9588
9094
8275
6990
5269
3361
1123
-542
-3009
-5607
-8740
-11147
-12337
-12652
-12262
-11376
-9414
-7717
-5965
-4613
-2906
-2043
-2060
-2872
-3349
-3184
-2999
-2630
-2190
-1089
-1111
-2023
-3571
-5096
-7925
-10870
-14221
-16514
-18036
-18443
-17279
-15021
-10336
-6848
-317
8018
20231
28879
30273
29273
26321
23527
14627
6841
-927
-7681
-12645
-14587
-9297
-5255
-2306
-1843
-1408
-1056
-1320
-55
-221
-485
-1069
-848
2757
7865
14000
18032
18937
18100
14634
10750
5082
-496
-6820
-13517
-17864
-20058
-17579
-13670
-9192
-5371
-1832
2513
5792
9118
11847
13836
14395
13772
14067
14783
15038
13614
9545
4515
-1138
-5876
-9852
-12790
-13445
-13585
-12026
-9574
-5289
-270
3765
6875
8202
9617
10256
10678
10472
9363
8253
6481
4637
2826
1107
-936
-4006
-7207
-10242
-12401
-13419
-13667
-12567
-11218
-9124
-7390
-5813
-4180
-2916
-1808
-1776
-1936
-2630
-2539
-1823
-1240
-1130
-1816
-3208
-4721
-6099
-7726
-9462
-11832
-14511
-17242
-18874
-18966
-16976
-12966
-8538
-3647
2847
12564
24845
31282
31501
28767
25126
19622
10608
4224
-2726
-7959
-13227
-13626
-8438
-5308
-1917
-1942
-1034
-1922
-1905
-660
-300
1259
903
2633
5792
10882
16536
19429
19620
17064
12510
7373
1630
-3654
-9814
-15345
-18899
-20089
-16590
-12147
-6928
-3048
653
4365
6815
9930
12397
14671
14476
13467
13957
14305
14743
12933
8650
3430
-2537
-7253
-11368
-12818
-13615
-14085
-12324
-10539
-5149
-348
4023
7086
8712
10617
10672
12143
10968
10477
8627
5623
3822
1119
-73
-2942
-5430
-9021
-11590
-12875
-13779
-12938
-12588
-11115
-9582
-8038
-6273
-4264
-2087
-929
-382
-424
-839
-436
-257
-624
-1722
-2898
-4378
-6085
-7302
-9079
-11574
-14563
-16772
-18159
-18289
-18099
-15673
-11334
-6863
63
11201
24709
31538
32236
31246
29018
24372
14413
5812
-2551
-10286
-15515
-15851
-9699
-6920
-4086
-3561
-2466
-1526
-1223
1277
492
419
-1184
853
4870
10298
16510
19407
20144
18053
14723
10145
4711
-1990
-9579
-17015
-21252
-22230
-18596
-14463
-9588
-4696
-111
5133
9393
14644
16929
17281
14816
12430
11144
10452
9782
7771
4954
1360
-1776
-3964
-5619
-7682
-9243
-11667
-12231
-11176
-7589
-3467
302
3731
5718
8784
10624
12519
12977
12041
9924
7221
5457
3264
1361
-1282
-4607
-7785
-10780
-12545
-13157
-12841
-12461
-12005
-10501
-8838
-6296
-4091
-2321
-1253
-1149
-1349
-1965
-1438
-591
173
-306
-1081
-1826
-3546
-5685
-8386
-10949
-14123
-17085
-19105
-19191
-17299
-15092
-11304
-6451
-935
6242
16086
26418
29864
29074
26395
23035
17939
9255
2679
-4410
-8799
-12992
-11978
-7272
-5661
-3272
-4278
-2666
-2941
-1333
213
254
1438
794
4264
7659
13121
17540
19367
18641
15257
11156
6198
578
-5562
-11943
-17040
-19552
-19267
-15078
-11207
-6035
-2131
1912
5725
9054
12851
14614
15779
14130
13683
14173
14022
12754
9818
5638
505
-4227
-7939
-10491
-11873
-13213
-13414
-11303
-8669
-4195
53
3664
6436
8496
10219
11177
12400
11806
10537
8871
6545
4852
2170
-314
-3186
-6656
-10089
-12988
-13907
-14501
-13510
-12769
-11561
-9354
-7295
-4961
-3451
-1907
-1201
-591
-610
-785
-214
-313
-1115
-2347
-3663
-4979
-5867
-6747
-8554
-10710
-13152
-15450
-16609
-16531
-15487
-13110
-10290
-6025
83
7248
15191
22967
28037
26755
24160
20266
16173
9491
1701
-4289
-9617
-11694
-12567
-7605
-4361
-2231
-1706
-1301
244
351
2211
1956
3071
2570
4340
7480
11357
14967
16156
15264
12056
8835
4373
-64
-5782
-10725
-15097
-16552
-16329
-12976
-8377
-4271
-498
2487
6322
8703
11262
11950
13233
14096
14240
13380
12401
11468
8586
4723
-550
-4983
-8718
-11088
-12460
-11850
-10219
-9078
-6709
-3862
-184
3460
6590
9040
10188
11607
11292
11366
10452
8742
6478
2751
184
-2926
-4495
-7226
-9315
-11201
-12525
-12557
-12485
-11077
-9935
-8484
-7499
-6206
-4726
-2576
-1053
-341
-554
-569
-848
-621
-484
-1609
-2994
-4768
-5955
-7715
-9038
-11065
-12500
-14298
-15330
-15431
-14522
-12202
-9752
-5844
-1978
4001
10912
19629
26867
27660
25530
21382
17345
10853
3061
-3395
-9584
-12639
-14830
-10648
-5113
-1766
821
1342
3091
2286
3572
3782
3815
2800
1328
3458
6392
10793
13523
14319
12552
9724
6301
2568
-1847
-6157
-10903
-14216
-15653
-14022
-9459
-5534
-1417
1454
5459
8386
11331
13488
13972
13663
11931
10588
9389
8759
7190
4203
510
-2880
-5451
-6937
-8657
-9311
-9591
-9413
-8505
-6255
-2238
1158
4735
7176
9368
11019
11656
11677
10489
8657
5590
2449
-121
-2616
-4297
-6499
-8534
-9999
-10720
-10564
-10401
-9705
-9573
-8896
-8564
-8215
-6807
-4808
-3062
-2472
-1963
-917
606
1757
2003
1318
-384
-3145
-5414
-6944
-8912
-11862
-14579
-16178
-16620
-16211
-14498
-11609
-8184
-5320
-2035
3104
9338
17464
24130
25861
23828
21332
18804
14070
7181
387
-6207
-11032
-13936
-11323
-6355
-3996
-1777
-1222
941
1276
3319
4952
5020
4669
2735
4746
6993
10798
12822
12964
11515
8636
5969
2547
-1177
-5320
-9896
-13527
-15046
-13833
-10002
-6777
-2998
-363
3470
6440
8841
11544
13287
14151
12538
12380
11693
11428
9499
5973
1731
-2685
-6015
-9120
-10029
-11095
-10694
-10022
-8622
-5629
-1708
2896
5627
8778
9876
11127
11619
11061
10429
7904
5826
1999
-203
-2757
-4359
-6120
-8550
-9716
-11291
-11293
-11559
-10726
-10336
-9340
-8551
-7806
-6404
-4236
-1885
-749
-78
284
1148
1487
1504
288
-1543
-4223
-6813
-9163
-10759
-12416
-14503
-16265
-17233
-16880
-15689
-13505
-9814
-4846
559
7365
17111
27082
29696
28789
25457
22304
15713
6980
-191
-7460
-11465
-15867
-12595
-8484
-5154
-2773
-1748
629
526
2496
2883
3410
2762
2272
4441
7400
11603
15341
16235
15297
12635
9218
4846
-622
-5699
-11585
-14930
-17443
-16208
-12406
-7913
-3277
229
4613
7836
10936
12627
13323
13035
11528
10226
10203
10414
9910
7505
4080
382
-3150
-5797
-9012
-10503
-11985
-11902
-10469
-7887
-3297
793
5189
7786
10065
11688
12278
12535
10530
8611
5820
3002
614
-1867
-3414
-5983
-8111
-10217
-11151
-11109
-11277
-10849
-10750
-9709
-8664
-7664
-6253
-4714
-3499
-3042
-2362
-1201
-362
43
-156
-681
-1247
-2423
-3671
-5433
-7322
-9421
-12289
-14925
-16678
-17123
-16749
-15934
-13452
-9040
-2888
3767
11743
22172
28275
28556
26189
23229
19456
11653
3849
-3751
-9274
-13144
-14086
-8615
-5219
-2387
-1476
-272
919
896
2799
2214
2305
765
1387
4364
8055
13016
15285
15508
13758
11251
7714
3267
-1765
-7233
-12725
-15943
-17024
-13890
-9476
-5322
-1340
1853
6046
8738
11869
13021
13382
12432
10738
10618
10381
10548
8887
5690
1661
-2136
-4773
-7473
-9577
-10839
-11516
-10481
-8919
-5236
-817
3285
6631
8396
10050
10773
11405
10534
8968
7030
4362
1910
-486
-2309
-3883
-5894
-8049
-10076
-11017
-11118
-10842
-10486
-10062
-8688
-8157
-6887
-5359
-3358
-1960
-2115
-2001
-2386
-1671
-1453
-1227
-1656
-2369
-2465
-4084
-5372
-7046
-9253
-11757
-14444
-16263
-17244
-16802
-15431
-12089
-7109
-2577
3997
14000
24664
29341
28151
25997
23137
18023
8780
1484
-5150
-10738
-14186
-13065
-6940
-4332
-1462
-1346
8
78
115
2131
1275
2027
445
2600
5560
10352
15374
16788
16833
13848
10630
6036
1202
-4096
-9577
-14400
-17121
-17181
-13144
-8819
-4304
-670
2558
6305
8749
12366
13924
15330
13936
11584
10165
9395
9031
6573
3087
-1110
-4381
-6129
-7670
-8188
-8224
-9387
-9213
-8367
-4411
-299
4020
6964
8524
10522
10624
11929
11132
9779
6785
3253
553
-1941
-2985
-4701
-6475
-8779
-10654
-10779
-10314
-9071
-8305
-8194
-7543
-7037
-5582
-4659
-3264
-2775
-3221
-3230
-3108
-1916
-1128
-286
-811
-1989
-3231
-5251
-6899
-8245
-10023
-12558
-14547
-14939
-14544
-13088
-11567
-9346
-6149
-3181
973
7930
17915
25090
26077
24429
22033
19158
12774
5022
-1216
-8065
-12449
-15001
-10428
-5614
-3014
-684
-546
1896
1134
3806
4323
4512
3837
2203
4484
6378
11255
13041
13422
11540
8850
5817
2267
-1317
-5193
-9264
-12534
-14224
-13144
-8886
-5913
-2393
-494
3270
5761
8556
11351
12688
13493
11683
11769
11262
11468
9698
6233
2162
-2586
-5770
-8408
-9914
-10686
-10600
-9591
-8259
-4733
-618
3203
6290
8089
9413
10147
11043
10404
9435
7199
4835
1724
-634
-2455
-4046
-5751
-8308
-9429
-10882
-10476
-10325
-9331
-8628
-7704
-6829
-5979
-4422
-3384
-2550
-2639
-2674
-3033
-2197
-1907
-1025
-1196
-1638
-2737
-4254
-5568
-7438
-9365
-12215
-14399
-15507
-14794
-14078
-12237
-9886
-6163
-3254
450
5546
11866
20234
24199
24273
21790
19510
15718
8803
2340
-4227
-8863
-11626
-11823
-6770
-3322
-339
500
1530
2930
2860
4933
4249
4719
2880
2788
4845
7209
10569
11165
10984
9009
7133
4522
1374
-1785
-5058
-8755
-11067
-12161
-9912
-7118
-5075
-2899
-745
3146
5962
10346
12889
13685
12630
10573
9407
8232
7148
4299
1023
-1702
-3645
-4306
-4511
-5670
-6454
-7997
-8257
-7228
-4138
-316
2483
5548
6803
9217
10704
11415
10937
8391
5647
1643
-682
-2427
-3721
-5081
-7252
-8257
-9388
-9185
-8756
-8380
-7806
-7877
-7629
-7381
-6071
-4714
-3891
-3535
-3716
-3230
-2097
-535
872
997
267
-1535
-3597
-5889
-8258
-9942
-12329
-13811
-14620
-13487
-11297
-9533
-7508
-6759
-4878
-2352
1187
3981
7355
13920
20240
23046
21073
19087
15762
10975
3361
-2402
-6825
-10826
-11571
-10320
-3829
-901
3049
4155
5453
6416
5299
7025
4440
4077
852
930
2035
3973
7144
7535
8446
6959
6192
4317
2520
-120
-3513
-7438
-9420
-9895
-8042
-6161
-3986
-1280
714
3631
5403
9195
11105
12429
12221
11258
10571
9296
7550
4035
328
-3196
-6603
-8322
-8746
-8454
-6830
-6117
-3805
-1763
2277
5199
7666
9295
8931
9669
8228
7720
5392
3320
582
-2214
-3882
-5531
-5526
-6145
-6666
-7418
-8224
-8321
-8460
-8613
-8719
-8893
-8532
-8004
-6034
-4178
-2404
-758
472
1681
1867
1338
-76
-1781
-4113
-6621
-8414
-9916
-11573
-12103
-12282
-11427
-10710
-10279
-9813
-8967
-6901
-5771
-3763
-1866
1272
5801
11345
18816
23642
23689
20482
16837
12847
6181
-465
-6062
-10202
-11477
-10345
-4230
1518
5436
7538
7436
7456
5948
5516
3097
279
-2162
-4212
-2786
-171
4440
7871
9394
9547
8627
7803
5576
2812
-913
-5134
-8128
-9756
-8889
-6349
-3798
-1616
-222
2133
5108
8833
11444
11571
10625
8054
6281
4977
3785
2193
-449
-2624
-4420
-4201
-3714
-3561
-3190
-4172
-3731
-2135
928
4245
6740
8451
8152
8395
7545
6614
4698
1653
-1118
-4026
-5298
-5478
-4462
-4125
-4481
-5266
-6352
-6663
-7075
-7852
-8820
-9491
-9284
-8433
-6662
-4630
-2643
-1174
-385
622
1423
2337
1756
307
-1536
-3911
-6250
-8628
-10121
-11072
-11206
-10870
-10440
-9222
-8140
-7133
-6229
-5631
-4276
-2996
-1430
407
3438
8551
14353
18587
19013
16639
14279
10722
6434
1287
-3380
-6223
-8713
-6849
-3054
2995
6407
7553
7777
5676
4844
2553
1398
-1590
-4049
-5497
-4852
-1319
2610
6531
8603
9468
8968
8222
6700
4905
1230
-2574
-6427
-8058
-7854
-6257
-4153
-3091
-1299
-115
2675
5259
7861
9543
10210
9616
8509
7707
6532
4433
1662
-1716
-4580
-5380
-6002
-4402
-2995
-926
116
1745
4056
5582
7546
7046
6731
4916
3383
1928
654
-65
-1531
-2309
-3241
-2793
-2049
-1595
-1548
-2733
-4360
-6544
-8295
-9361
-10315
-10787
-10993
-9577
-7022
-4266
-1172
1004
2510
3147
2776
1386
-328
-1296
-2882
-5151
-6884
-8257
-8873
-8725
-9369
-9590
-10009
-9798
-9123
-8802
-7200
-6799
-4627
-3060
-943
1916
4353
9949
14350
17398
15964
13685
11596
8051
3936
-201
-2884
-5429
-5662
-3341
1902
5232
7305
6931
5613
3914
1374
643
-2012
-3371
-5349
-4931
-2403
1119
5689
7950
9354
8944
8471
7258
5323
2983
-132
-3448
-5665
-6483
-5420
-4001
-2919
-2026
-1217
468
1309
3556
6323
8681
9026
8509
8377
7242
6134
3494
165
-3038
-5281
-6105
-4883
-2375
-41
1586
2637
3432
4755
6290
6323
6063
4346
2326
778
78
1
-765
-995
-2021
-2097
-1688
-934
-433
-1844
-3635
-6354
-8144
-9628
-10311
-10724
-11210
-10041
-8340
-5314
-2113
822
2450
2399
1624
415
-596
-1541
-3764
-6172
-7637
-8597
-8560
-9058
-8705
-9355
-9937
-9720
-9891
-8694
-8910
-8129
-7064
-5278
-2468
1245
9192
17409
22498
22148
20042
17514
13375
6886
20
-5166
-9286
-9390
-6807
356
5270
8292
9083
7402
6341
2743
1585
-2523
-5646
-8429
-8955
-5391
-707
6364
10270
12987
13243
12955
11458
8586
4532
-460
-5676
-9389
-10532
-9017
-6210
-4555
-2403
-1229
1544
2881
5015
6430
7174
7522
5752
6153
6052
6927
5873
3794
1617
-859
-1500
-2369
-2014
-1550
-1922
-1223
-868
1121
3014
4600
5360
4387
4289
2782
2757
1731
950
147
-1164
-1231
-1281
-172
-326
-914
-2798
-5274
-7565
-9508
-10669
-11285
-11913
-11819
-10564
-8069
-4653
-1616
611
1274
1336
862
-110
-998
-2203
-4315
-6178
-7693
-7189
-7010
-6534
-6782
-8080
-8466
-10188
-9828
-10360
-9812
-10178
-10692
-8005
-4688
2090
9699
18999
23788
23077
21705
18933
15828
8028
424
-5961
-10016
-10384
-7645
64
4660
7863
7903
7111
5831
3359
1920
-2344
-5379
-8582
-7933
-4268
1429
7773
11395
13398
13336
12874
10979
8151
3751
-1467
-6523
-9486
-10155
-8093
-5701
-4166
-2707
-1155
1123
2606
4527
5263
6033
6030
5973
7192
8652
9575
8440
6125
2940
245
-1890
-3888
-4822
-4839
-4974
-4120
-2120
824
3360
5034
5521
4996
4392
3260
2505
1721
1077
359
-79
79
795
1352
1027
-380
-2565
-5286
-8006
-10056
-11550
-12339
-12797
-12081
-10585
-8056
-5302
-3192
-1845
-952
-77
168
166
-1
-279
-771
-1537
-2228
-3047
-4467
-6187
-8448
-10547
-12459
-13311
-13438
-12531
-10735
-8832
-6786
-4814
-2271
543
4143
8262
14457
18739
19884
18320
16703
14350
9457
5014
-620
-3887
-6462
-5440
-2060
1230
3343
2971
2662
907
504
518
586
-129
-672
-506
1256
4417
7875
10138
10240
9403
7500
5926
3935
2235
-676
-3787
-6430
-7751
-7333
-5789
-4055
-3036
-1900
-641
1130
3182
5942
7953
9179
9122
9087
8537
8343
6932
4168
917
-2705
-4741
-6072
-5061
-4803
-3104
-2318
-1027
1088
2908
5110
5077
5585
3602
3277
2580
2261
2313
1457
1284
-295
39
-412
-261
-1310
-3214
-5171
-7661
-9093
-10657
-10934
-11186
-10738
-9778
-8147
-6006
-4094
-2308
-1026
-88
407
406
429
584
415
-153
-1764
-3708
-6132
-7889
-9549
-11225
-12353
-13379
-13158
-12169
-10073
-7967
-5519
-3378
-1881
625
3458
7335
12008
17001
18962
17935
16467
14077
11743
6861
2309
-2123
-5393
-6418
-5489
-1171
250
1860
1230
1172
1773
1919
3556
2420
2223
333
1207
2975
5071
7756
7868
7685
6163
5421
4271
2881
360
-3325
-6506
-8229
-8679
-6757
-4819
-3422
-1947
-543
1993
4278
7787
9227
9806
9864
8644
7839
6532
5168
2646
-456
-2816
-4754
-4500
-3991
-3027
-1296
-1232
-26
626
2672
3794
4699
5247
4057
4338
3264
3580
2926
2333
1324
-413
-928
-1671
-1510
-2704
-4108
-5694
-7648
-8732
-9741
-9999
-10082
-10134
-9492
-8381
-6154
-4436
-2658
-1109
-146
997
1440
2015
1972
1348
-161
-2828
-4992
-7379
-9486
-11167
-12883
-12976
-12907
-11098
-9637
-7769
-5763
-5199
-3276
-2583
-562
1095
4388
9356
13954
18011
17895
17347
15538
12257
7971
2684
-1159
-5214
-6511
-5290
-2657
1075
2709
4518
4304
4467
4124
3452
2994
1036
289
-731
481
1973
4288
5959
6532
6371
5609
4679
2867
1027
-1892
-4352
-6548
-6988
-6866
-5170
-3578
-1766
353
2509
5031
6888
8620
8494
8284
6147
4448
2635
1305
264
-1018
-1338
-1929
-913
-562
773
1141
276
41
-195
610
1186
2687
3292
3619
4102
3559
3961
3295
2536
1266
138
-650
-1281
-1037
-2061
-2763
-4432
-6237
-7704
-8895
-9772
-10614
-10581
-10234
-8816
-6595
-4446
-2479
-778
648
1954
2419
2529
1664
888
-633
-2644
-4362
-6497
-7937
-9684
-10584
-11282
-11300
-10233
-8463
-5881
-3990
-2712
-1830
-1830
-1402
-1077
-649
691
2567
6956
11204
15115
16026
15679
14689
10591
7108
2273
-612
-3586
-4459
-3026
-1211
2320
3364
5251
5079
4778
4288
3174
2227
-164
-1347
-2705
-2569
-1374
531
2253
3311
4145
4836
4866
4664
3795
1744
-854
-3406
-4465
-5207
-4804
-4306
-3042
-1411
694
3382
5717
7248
7503
6851
5120
3673
2246
1426
222
-258
-819
-588
191
594
1575
1379
1466
906
1185
1530
1960
2609
2223
2429
2055
2064
2225
2176
1919
1152
965
290
-346
-1257
-2629
-3928
-6078
-7828
-9485
-10423
-10718
-10349
-9146
-7854
-5596
-3352
-868
1288
2627
3050
2412
1292
-85
-1428
-3175
-4981
-6649
-7861
-8875
-9047
-8860
-8192
-7695
-7389
-6362
-5353
-3313
-2195
-1290
-2357
-3055
-3064
-2540
-495
800
4469
7518
12115
13978
14985
14840
12353
9982
4833
2351
-926
-1344
-1921
-760
1878
3008
5034
4557
5054
3759
2788
694
-1594
-3326
-4826
-4662
-3604
-1448
1009
3593
5457
7427
7880
8067
6478
4454
1397
-1448
-3678
-5894
-6437
-7213
-6019
-4709
-2322
121
2579
5174
7473
9107
8322
7168
5753
4044
2567
1015
-417
-855
-705
-2
904
2405
1970
1750
995
51
214
120
808
237
1151
754
1960
2966
3048
3247
1813
1286
-689
-1441
-3573
-5205
-7202
-9697
-10736
-11557
-10756
-9813
-8283
-6715
-4555
-2202
-368
1153
2147
1823
1429
147
-835
-1685
-2969
-4086
-5603
-6014
-6886
-6816
-7355
-7847
-7816
-7209
-5738
-4623
-3836
-3445
-2683
-2592
-2420
-3189
-3206
-2811
-1420
1090
5378
11185
14321
16069
15879
15237
13308
9635
5550
1464
-1627
-3596
-3310
-921
984
2224
2818
2349
2374
1282
826
-979
-2995
-4513
-5011
-2508
-287
3414
5683
7632
8884
9064
9218
7522
5247
1224
-2814
-6204
-8526
-8807
-8502
-7835
-6059
-3719
-456
2799
5993
8523
9663
9826
7912
6755
5539
4078
3058
1126
371
-374
201
628
847
1330
-513
-785
-1875
-1179
-322
536
1923
1964
3531
3318
4732
4312
3462
1732
-859
-2566
-4788
-5598
-7452
-8365
-9884
-10368
-10337
-9810
-8606
-7119
-5513
-4315
-2809
-1512
-2
901
1309
894
653
-328
-1144
-2101
-2750
-3875
-5060
-6063
-7211
-7455
-7214
-6455
-6598
-6045
-5851
-5071
-4542
-4116
-4837
-5551
-4871
-3762
-813
1342
5775
10879
15674
17577
17453
17786
14501
10945
5457
1332
-1919
-4483
-3958
-3544
-506
288
1791
2383
1591
1710
-128
-320
-2398
-3014
-2932
-1698
1094
3198
6401
8024
9394
9997
9123
7459
4510
886
-3112
-6734
-8497
-9781
-9231
-8390
-6629
-3498
-465
2900
4887
7224
8063
8728
8452
7850
7518
6669
5627
3806
3078
1700
984
-582
-1510
-2403
-3085
-2800
-2944
-1283
-566
1469
2416
3811
5309
5469
5973
4355
3873
1805
305
-1703
-3851
-5260
-7644
-8555
-9886
-9936
-10134
-9801
-9093
-8269
-6610
-4981
-3309
-1867
-838
-34
688
1235
1625
1101
530
-1146
-1982
-3069
-4215
-5176
-6690
-7536
-8274
-7624
-7742
-7474
-7257
-7227
-6390
-5909
-5407
-5399
-4520
-3309
-922
2265
5332
10206
14495
17829
17777
17001
14981
11189
7579
2160
-406
-4105
-4623
-4217
-2503
164
354
2201
677
1156
92
-282
-629
-1931
-1500
-1755
404
2454
5378
7580
8447
8805
8410
6872
4974
1868
-1477
-5271
-8298
-9740
-10242
-8400
-7104
-4567
-2226
804
4187
6879
9466
10645
10708
9171
7398
6324
5056
3733
2054
236
-340
-1292
-1046
-1061
-1206
-2054
-3024
-2658
-2250
351
2148
3914
5108
5728
6472
6353
6205
4374
2388
-313
-3170
-4957
-6908
-8107
-9474
-10524
-11171
-11291
-10089
-8890
-6979
-5529
-3873
-1856
-535
1018
1584
1815
1660
1261
870
88
-308
-1202
-2119
-3151
-4501
-5909
-7804
-9558
-10353
-10042
-9747
-8614
-7569
-6162
-4596
-3081
-816
225
2432
3310
4984
7188
9414
13653
13848
13551
10724
8928
7158
3592
2375
-1244
-2152
-3761
-2976
-475
466
1975
867
868
-198
-81
968
839
873
365
492
1982
3641
5615
6219
6007
5242
3578
3174
1149
-120
-3088
-6033
-7800
-8635
-7231
-6243
-3979
-2837
-1223
1120
3568
6525
7816
8284
8262
7548
7923
7368
7342
5652
3494
1500
-1197
-1548
-3666
-3573
-4819
-4521
-3539
-1649
1879
3594
6808
7062
8401
8027
7739
6728
4792
2883
-563
-2555
-5054
-6327
-7982
-9295
-10498
-11156
-10899
-10061
-8839
-7406
-5866
-4145
-2468
-810
906
1573
2103
1711
1641
846
-11
-919
-1875
-2914
-4510
-5602
-6332
-7169
-7886
-7825
-7980
-7443
-7364
-6109
-5448
-4252
-2870
-2097
-240
-531
590
1281
2950
4320
5385
7773
9056
10818
10727
10319
8908
7011
4257
2010
-51
-1022
-1202
-1355
265
349
2114
1451
2062
1797
1006
1179
-984
-318
-1542
-466
184
1245
3009
3404
4940
4540
4131
2853
694
-1130
-3400
-4874
-5391
-5981
-4907
-4709
-2577
-849
1348
3894
5022
7734
7816
8884
7649
6701
5419
3109
2098
-227
-503
-1683
-1673
-1482
-1467
-604
-710
184
546
1579
2917
4018
5455
5756
6142
5563
4750
3368
1371
-622
-3011
-4806
-6637
-7758
-8734
-9120
-9312
-9151
-8602
-7709
-6291
-4768
-3062
-1582
-43
924
1657
1897
1789
1043
96
-1158
-2405
-3088
-3747
-4449
-5308
-5921
-6350
-6435
-6828
-7208
-7317
-6811
-6014
-4653
-2722
-1437
136
741
730
381
-594
110
2
1503
3445
6812
10782
10895
12765
11200
10925
7998
4408
2663
-1447
-791
-2874
-142
561
1061
2452
652
1947
-476
30
-1726
-2682
-2737
-3468
-949
547
3204
4694
5468
6027
5253
4539
3328
1097
-752
-3848
-5095
-6182
-6145
-4848
-4502
-2566
-1532
1535
4110
6091
7635
7536
7801
6871
6118
5579
4091
2890
903
-202
-503
-1281
-822
-1698
-1177
-1212
-485
1491
2353
4363
4328
5200
4994
4441
4233
2160
1058
-1594
-3091
-4546
-5935
-6045
-7178
-6895
-7568
-7241
-6719
-6390
-5083
-4794
-3359
-2389
-913
326
835
1533
831
160
-1064
-2090
-2628
-3716
-4045
-4938
-5065
-5252
-5506
-5104
-5518
-4966
-5524
-5162
-4621
-3940
-2745
-2673
-1632
-2005
-2075
-2298
-2078
-539
272
2679
4847
7634
9809
10682
11697
10404
9206
6248
3784
1871
77
22
-691
337
329
806
794
107
-59
-1330
-1564
-2371
-2325
-1862
-1195
385
1790
3603
4836
5558
5846
4951
3917
2165
423
-1039
-2732
-3838
-4740
-4519
-4289
-3595
-2329
-915
1003
2521
4348
6173
7696
8094
7483
6667
5304
3852
2264
856
64
-693
-981
-955
-303
444
921
1732
1981
2933
3559
4105
4402
3834
3343
1860
966
-487
-1590
-2710
-4314
-5104
-6161
-6300
-6642
-6409
-6240
-6119
-5586
-5142
-3980
-2786
-1424
-618
-117
6
-4
-327
-859
-1659
-2581
-3408
-3967
-3903
-3914
-3822
-4226
-4495
-5010
-5157
-4879
-4362
-3853
-3692
-3108
-2775
-2055
-1426
-1156
-1779
-2664
-2136
-1022
981
3141
5635
8053
8830
9982
9796
10070
8198
5526
3178
-32
-135
-1402
409
121
556
494
-745
378
-1186
-65
-2123
-2396
-3122
-2773
-448
673
3367
3644
4750
4749
4925
4826
3824
2254
66
-2211
-3425
-4279
-3961
-3815
-3842
-3088
-2758
-336
1267
3975
4745
5389
6162
5939
6886
6305
6586
4861
3102
1880
412
761
-404
-305
-1043
-1423
-447
20
2377
2437
3733
3100
2831
3031
2291
2483
596
39
-2193
-2908
-3801
-4231
-4490
-5407
-5631
-6098
-5671
-5384
-4529
-4124
-3476
-3051
-2193
-1731
-758
-604
-791
-1255
-1839
-2158
-3024
-3385
-4115
-4163
-4513
-4055
-3903
-3663
-3528
-3449
-3588
-3954
-3765
-3811
-3253
-2615
-2001
-1025
-465
-119
374
260
822
662
2235
3019
4488
5954
5876
7761
7306
7699
5786
4596
3397
979
800
-857
-78
-880
-1300
-936
-1235
-227
-565
287
-99
-366
48
70
1205
1880
2523
2972
3012
3168
3042
2705
2175
682
-318
-2224
-3264
-3834
-4299
-3691
-3445
-1866
-752
1581
3763
5757
7426
7919
8057
7291
6469
4955
3708
2089
842
-243
-419
-340
-298
85
-123
132
32
507
1201
1802
2582
2694
3059
2813
2386
1895
445
-648
-2467
-3565
-4789
-5408
-5534
-6052
-5672
-5998
-5123
-4886
-4120
-3366
-2886
-1997
-1815
-804
-779
-621
-761
-1132
-1400
-2079
-2541
-3170
-3804
-4210
-4345
-4259
-4183
-4265
-4038
-3565
-2741
-1837
-1444
-1054
-890
-913
-482
-743
-747
-1248
-1428
-848
-456
1284
2326
3861
4855
5186
6201
5806
5618
4406
2788
1906
323
371
-99
152
622
-75
741
62
688
569
604
1060
89
865
634
1729
2228
2311
2672
1806
1846
1120
801
342
-816
-1294
-2529
-2681
-2582
-2330
-1643
-1624
-363
46
1380
2446
3283
3958
4130
5346
5799
6473
5968
5591
4420
3300
2038
876
-131
-1508
-1702
-2033
-712
-101
1286
2201
2695
3405
3128
3721
2727
2210
776
-580
-1408
-2754
-3105
-4225
-4582
-5228
-5450
-4929
-4851
-4088
-4028
-3725
-3289
-2964
-1791
-1275
-542
-582
-846
-606
-1227
-1162
-2346
-3093
-3818
-4340
-3914
-4016
-3290
-3531
-3208
-2875
-2042
-1234
-977
-836
-777
-674
-754
-303
-511
-550
-1225
-717
-147
906
1798
2467
3138
3115
3603
3742
4270
3316
3013
1704
1592
1045
944
1137
-94
406
-791
557
88
731
902
281
1188
186
1519
835
1549
1443
1107
1522
942
1667
815
442
-237
-903
-1133
-1475
-1318
-1111
-1214
-651
-422
413
918
1194
2167
1775
2427
2147
3383
4469
5075
5584
4477
4351
2838
2297
1200
-3
-854
-1806
-1318
-621
905
2100
2599
2807
2458
2273
2243
1913
1509
73
-970
-1979
-2619
-3144
-4088
-4442
-5235
-5123
-4932
-4104
-3155
-2673
-2055
-1917
-1452
-1178
-921
-763
-839
-1052
-1624
-2113
-2434
-2926
-3273
-3468
-3454
-3197
-3026
-2615
-2161
-1730
-1457
-1220
-968
-1041
-955
-543
61
492
389
-115
-406
-553
-818
-705
-541
-172
144
865
2184
3025
4181
4325
4619
4076
2734
2160
775
731
-502
-702
-907
-948
198
67
1260
849
1160
754
361
787
508
877
212
136
88
64
503
557
483
318
-192
128
-252
139
134
46
402
-126
714
445
1492
1898
2194
2492
1896
2731
2723
3849
4195
4007
3526
2240
2228
1450
1251
316
-688
-959
-1142
326
1066
2358
2244
1954
1486
1096
1507
920
598
-1110
-2114
-3358
-3540
-3582
-3699
-3787
-4254
-3859
-3497
-2270
-1684
-1142
-1500
-1791
-1922
-1681
-1301
-1231
-1402
-1963
-2196
-2272
-1852
-1657
-1456
-1765
-1738
-1611
-1061
-628
-549
-751
-1054
-1055
-966
-528
-173
211
39
32
-440
-674
-1250
-1573
-1738
-2019
-1563
-1073
160
720
1464
2248
3035
3661
3452
3011
1972
945
115
-455
-692
-1079
-1117
-641
433
1748
2460
2775
2273
1753
1078
695
487
8
-485
-1270
-1295
-988
-266
208
324
370
248
508
899
1370
1441
986
345
-117
5
519
1135
1481
1397
1176
1019
1346
1842
2479
2771
2817
2869
2792
3130
2944
2611
1463
211
-434
-677
241
708
1501
1412
1190
1258
1111
1475
635
-83
-1703
-2759
-3208
-3230
-2573
-2613
-2371
-2711
-2318
-1938
-1371
-1122
-1395
-1706
-2176
-2113
-1963
-1511
-1615
-1864
-2271
-2223
-1977
-1443
-950
-654
-475
-604
-440
-332
168
155
-41
-563
-784
-692
-525
-255
-508
-861
-1620
-1901
-1977
-1772
-1403
-1075
-462
-115
323
532
671
800
537
558
405
609
653
503
441
2
-213
-1069
-1404
-1564
-1058
-23
940
2005
2330
2844
2556
2129
1449
648
-85
-989
-1097
-976
-386
248
887
1483
1510
1435
1211
993
857
676
808
753
910
972
1001
1251
1419
1669
1052
614
218
394
974
1776
3276
3842
4342
3847
3578
3165
2155
1359
-472
-1024
-1652
-892
358
1177
2111
1243
1143
120
81
-127
-742
-990
-2251
-2239
-2799
-2165
-1921
-1974
-2079
-2697
-2277
-2160
-1249
-873
-761
-937
-1418
-1339
-1344
-1102
-1167
-1499
-1618
-1540
-812
-158
266
496
317
255
35
119
50
-146
-263
-506
-774
-1011
-1256
-1344
-1665
-1744
-1557
-1264
-422
38
900
846
680
15
-936
-1519
-2423
-2389
-2464
-1415
-398
585
1230
1366
1300
432
-250
-1135
-1432
-1742
-1208
-367
512
1130
1236
1623
1067
901
293
84
-227
-802
-599
-736
259
423
912
1097
1394
2110
1830
2204
1628
1762
985
622
378
-134
19
-227
869
991
1913
2346
3470
4598
4756
5019
3684
3187
1349
557
-202
-408
-24
-548
322
178
1365
1342
1474
1199
293
369
-513
99
-582
-717
-1874
-2988
-3314
-3726
-2782
-2674
-1734
-1623
-1104
-653
-273
262
48
-196
-906
-1208
-1325
-1205
-1046
-909
-958
-803
-624
80
510
886
1068
997
1117
849
1063
705
517
37
-465
-699
-1077
-1017
-1329
-1343
-1286
-1264
-1007
-988
-527
-372
-250
-199
-441
-485
-1096
-1384
-2244
-2850
-3376
-3496
-3058
-2700
-1735
-1077
58
559
891
794
498
345
-229
-505
-955
-935
-835
-638
-170
73
389
449
458
499
419
871
1212
1527
1499
1367
1570
1724
1961
1836
1362
1005
754
1150
1709
2181
2873
2801
3261
2986
3341
3406
3204
3063
1849
1739
731
848
306
266
246
-167
194
-59
678
568
929
594
258
-222
-745
-1044
-1518
-1675
-2124
-2263
-2519
-2175
-2051
-1624
-1589
-1408
-1403
-1268
-950
-900
-640
-858
-580
-680
-331
-244
-48
98
180
496
571
980
974
990
724
806
864
900
873
754
745
552
517
258
83
-238
-677
-1042
-1334
-1321
-1262
-1084
-767
-642
-513
-591
-618
-841
-1283
-1708
-2163
-2459
-2655
-2606
-2384
-2031
-1902
-1618
-1653
-1213
-903
-492
-244
-587
-553
-1208
-979
-1248
-876
-590
-165
718
983
1845
1641
2061
1523
1402
986
757
1146
1010
2045
2042
3017
2729
2749
2692
2044
2355
1365
1865
1230
1374
1523
1242
2070
1439
2126
1586
1644
1573
845
1114
81
333
-321
-289
-197
-474
105
-307
61
-395
-547
-815
-1479
-1556
-1989
-1816
-1961
-1887
-1460
-1380
-977
-1016
-882
-878
-1073
-952
-1355
-1223
-1325
-1093
-696
-442
181
262
576
542
620
640
442
414
210
257
348
566
790
946
966
909
766
658
526
244
65
-271
-390
-542
-425
-150
-85
234
233
291
-132
-512
-947
-1622
-1934
-2405
-2326
-2422
-2031
-1600
-1203
-730
-724
-346
-431
-127
-228
-340
-521
-944
-907
-1215
-802
-760
-377
-213
6
473
622
1263
1306
1654
1348
1325
1172
1057
1180
874
949
629
1015
1124
1458
1731
1795
1918
1695
1785
1670
1606
1488
1215
1033
768
507
435
215
254
-80
-133
-277
-308
-147
-176
122
-68
30
-346
-496
-977
-1399
-1686
-1999
-1818
-1778
-1192
-1000
-596
-545
-511
-510
-658
-629
-834
-853
-962
-933
-870
-593
-253
112
354
618
786
866
892
765
705
604
547
443
515
657
828
881
928
858
744
582
354
258
-29
-171
-346
-375
-390
-351
-102
-1
243
311
412
381
184
-100
-619
-907
-1212
-1234
-1258
-1267
-1010
-988
-683
-524
-352
-236
-476
-300
-480
-186
-60
-70
158
-255
-121
-510
-486
-586
-688
-390
-447
49
235
606
970
1354
1560
1575
1326
1095
685
473
420
195
390
62
348
313
787
1318
1492
1794
1372
1416
1017
964
839
420
158
-424
-582
-715
-657
-404
-485
-317
-470
-405
-327
-530
-393
-853
-958
-1376
-1405
-1307
-1380
-1040
-1254
-1041
-1162
-1007
-834
-791
-504
-533
-272
-174
4
118
22
49
72
263
483
521
463
318
235
248
193
296
229
199
408
534
937
1103
1248
1174
911
887
600
643
403
150
-45
-363
-205
-94
254
489
564
616
366
207
-36
-300
-517
-1020
-1364
-1640
-1657
-1410
-1272
-921
-798
-413
-65
315
704
666
672
276
64
-331
-558
-697
-809
-448
-137
422
646
779
748
708
809
870
896
783
658
690
867
960
1008
626
305
-124
-224
-80
137
477
486
628
522
549
494
281
-42
-461
-704
-848
-851
-779
-637
-449
-321
-330
-383
-601
-824
-1148
-1210
-1254
-1086
-846
-610
-276
-209
59
31
110
-150
-520
-839
-1121
-988
-892
-576
-400
-161
46
352
673
829
755
438
94
-199
-233
-252
-96
80
410
761
1052
1325
1396
1391
1214
1086
854
525
230
1
-133
-281
-218
-149
-52
63
162
343
405
450
282
44
-183
-400
-514
-705
-761
-808
-842
-748
-668
-449
-300
-37
220
330
472
305
209
-75
-199
-254
-302
-156
-152
80
106
324
410
388
350
254
300
290
472
592
572
477
323
172
104
-4
103
14
104
71
144
250
136
287
148
429
393
485
308
24
-248
-772
-1057
-1440
-1436
-1488
-1169
-881
-325
64
239
169
-245
-581
-1062
-1136
-1306
-1153
-1067
-883
-578
-269
69
185
316
241
198
115
36
-12
-81
-112
-71
44
271
423
715
848
956
977
758
639
335
295
237
437
770
1008
1310
1201
1167
1010
863
714
395
226
-89
-96
-115
1
190
252
353
224
257
149
234
96
-54
-233
-469
-632
-855
-794
-843
-631
-585
-389
-193
48
303
449
608
496
360
-4
-329
-663
-884
-967
-862
-680
-430
-161
172
406
566
622
505
456
249
150
3
53
73
59
4
-57
26
173
337
499
617
633
654
469
336
17
-203
-547
-816
-978
-1116
-1052
-1080
-1001
-946
-754
-559
-380
-276
-230
-326
-407
-576
-640
-694
-722
-625
-572
-418
-396
-283
-323
-296
-294
-196
-55
172
368
492
598
573
548
272
165
6
119
197
470
864
1122
1344
1230
1265
1212
1282
1196
989
762
470
313
198
186
154
50
4
59
209
385
433
397
159
-130
-384
-496
-403
-279
-123
-18
-1
-11
-180
-349
-578
-770
-889
-956
-723
-507
-112
164
464
700
700
611
229
-32
-402
-614
-706
-697
-415
-127
270
576
853
993
953
757
402
69
-187
-332
-355
-208
-100
10
29
-5
34
75
209
209
249
194
64
-29
-225
-351
-505
-652
-825
-887
-837
-773
-578
-471
-432
-491
-590
-671
-687
-596
-675
-646
-651
-708
-667
-665
-695
-724
-674
-526
-100
238
248
106
148
206
487
657
407
279
79
85
303
683
790
669
494
271
357
582
697
774
936
812
899
974
971
946
663
293
-181
-321
-455
-298
51
242
512
632
669
512
297
-62
-331
-377
-507
-521
-606
-663
-687
-619
-476
-397
-221
-261
-273
-192
-22
215
315
251
12
-168
-304
-300
-221
-46
67
158
274
332
509
539
508
331
132
-53
-200
-175
-114
86
260
376
397
417
314
206
81
-78
-151
-231
-225
-256
-173
-159
-106
-66
-129
-192
-308
-388
-519
-591
-776
-886
-927
-931
-850
-747
-553
-366
-158
-128
-143
-185
-315
-413
-556
-604
-585
-457
-294
-133
90
162
220
184
136
70
15
52
114
383
585
875
1053
1119
1091
877
663
345
213
148
238
382
506
657
725
760
608
359
34
-254
-462
-572
-533
-393
-160
83
260
432
527
566
524
343
106
-180
-341
-478
-504
-476
-451
-370
-341
-259
-162
-22
53
82
55
-7
-57
-91
-65
-7
83
131
204
299
430
548
569
469
336
205
131
120
95
75
30
-43
-121
-172
-218
-217
-242
-212
-148
-35
65
70
53
-76
-143
-219
-268
-279
-292
-247
-170
-86
-81
-178
-373
-596
-794
-906
-945
-885
-779
-651
-494
-319
-197
-141
-154
-234
-256
-289
-253
-193
-94
26
81
153
150
134
87
55
85
162
312
397
476
531
590
658
646
545
367
285
215
293
438
549
666
662
672
596
548
434
316
217
37
-73
-172
-149
-120
-68
-92
-115
-81
-76
16
56
121
101
50
0
-61
-106
-235
-323
-384
-340
-248
-137
-28
27
66
31
23
17
46
66
81
146
223
359
433
435
335
162
-5
-120
-94
5
164
271
299
262
166
89
30
-5
-79
-138
-135
-57
84
180
181
115
-52
-263
-420
-512
-510
-468
-410
-395
-330
-300
-340
-334
-379
-406
-465
-516
-577
-616
-608
-658
-590
-537
-457
-343
-294
-210
-139
-5
59
100
47
-139
-263
-402
-444
-392
-242
-71
130
333
495
717
859
932
893
809
670
608
599
580
606
536
449
298
183
75
65
122
145
245
301
402
437
448
371
243
132
-85
-174
-268
-306
-270
-181
-17
114
234
173
32
-175
-406
-573
-706
-786
-815
-739
-624
-418
-189
12
144
181
166
156
246
335
446
483
442
378
310
295
282
290
253
234
228
203
193
151
75
-7
-46
-44
28
128
206
267
330
372
356
281
126
-50
-215
-317
-353
-357
-361
-434
-522
-604
-634
-627
-653
-681
-728
-718
-654
-555
-466
-462
-515
-637
-737
-748
-654
-467
-276
-84
85
215
283
256
154
-30
-230
-348
-382
-276
-93
129
374
573
738
824
879
846
746
636
511
453
386
329
277
237
252
285
346
374
374
350
278
226
167
97
26
-75
-130
-146
-97
-36
-21
8
-28
-61
-115
-174
-199
-252
-297
-398
-470
-529
-603
-650
-715
-670
-564
-378
-114
173
478
700
845
851
731
534
269
31
-145
-230
-191
-76
77
232
365
469
519
548
492
407
295
165
99
50
41
36
43
71
111
188
250
293
273
179
59
-88
-241
-401
-532
-626
-710
-753
-782
-762
-713
-677
-626
-588
-542
-503
-474
-426
-399
-359
-342
-339
-327
-324
-283
-243
-173
-94
-33
17
11
-45
-115
-182
-211
-180
-93
50
229
435
598
726
767
692
566
393
265
179
171
213
282
375
440
506
526
485
392
246
90
-72
-202
-287
-338
-340
-338
-281
-181
-62
73
175
253
270
229
107
-78
-283
-512
-691
-803
-839
-762
-617
-406
-166
83
302
464
565
561
526
454
369
309
248
182
112
57
20
24
75
144
211
292
347
419
473
507
509
437
353
236
152
73
22
14
-6
11
24
65
100
118
125
84
33
-72
-185
-297
-408
-476
-505
-486
-464
-424
-392
-382
-363
-350
-332
-302
-289
-268
-236
-181
-99
-26
38
36
19
-14
-52
-35
-9
40
59
70
85
103
153
196
273
319
351
382
396
420
415
395
345
266
175
102
71
74
100
159
196
220
222
178
134
47
-38
-137
-220
-289
-344
-354
-355
-316
-282
-244
-218
-214
-210
-207
-192
-180
-189
-227
-302
-400
-461
-473
-406
-277
-104
75
228
367
440
462
425
329
207
76
22
6
81
197
294
399
428
440
414
377
325
251
199
127
105
109
125
161
185
198
196
173
133
64
1
-56
-113
-138
-181
-217
-273
-320
-362
-392
-389
-405
-402
-415
-412
-395
-368
-328
-317
-309
-313
-302
-262
-203
-130
-74
-30
4
34
72
117
146
159
143
111
90
70
80
111
179
258
362
460
529
570
534
468
355
246
154
87
61
59
98
149
201
218
181
106
4
-96
-190
-262
-296
-316
-306
-281
-251
-219
-210
-226
-267
-319
-357
-377
-364
-347
-316
-276
-257
-222
-207
-193
-195
-199
-179
-163
-110
-38
43
111
158
204
228
233
229
221
210
197
196
217
243
279
293
303
288
250
219
153
104
57
26
35
52
103
146
194
224
236
231
176
99
-1
-93
-168
-210
-230
-237
-237
-249
-256
-263
-267
-268
-257
-244
-217
-179
-137
-112
-106
-120
-162
-205
-246
-246
-222
-165
-85
-15
66
128
176
204
216
220
226
230
213
196
166
137
125
124
131
149
173
186
196
201
201
182
164
136
120
117
132
165
181
190
147
86
-1
-96
-187
-279
-338
-387
-398
-380
-331
-258
-192
-132
-106
-104
-114
-139
-166
-176
-187
-187
-171
-151
-120
-94
-56
-21
11
32
54
81
79
72
56
40
28
19
32
66
118
164
207
227
211
166
117
72
48
44
54
72
92
109
118
135
137
134
132
119
106
81
50
8
-45
-114
-172
-216
-241
-234
-213
-187
-158
-132
-114
-96
-70
-33
15
53
73
66
33
-21
-81
-144
-196
-229
-243
-219
-173
-103
-20
61
115
132
120
64
17
-20
-23
0
44
107
162
210
223
211
166
100
23
-43
-69
-50
6
88
169
225
253
242
213
167
109
51
-14
-83
-148
-208
-250
-257
-228
-174
-97
-14
72
133
157
152
110
44
-35
-114
-173
-202
-195
-170
-132
-90
-58
-45
-40
-28
-2
35
74
111
132
145
145
139
112
78
37
0
-23
-28
-4
23
65
89
95
92
72
52
29
19
21
38
66
101
131
152
144
119
75
8
-49
-115
-159
-183
-176
-147
-102
-53
-15
11
21
29
8
-30
-76
-128
-169
-186
-169
-128
-73
-8
62
122
164
192
194
164
115
51
-14
-54
-71
-73
-51
-25
10
55
101
150
187
206
197
165
113
47
-28
-79
-101
-94
-54
15
96
168
224
244
229
177
96
4
-91
-178
-240
-274
-285
-278
-251
-214
-150
-65
32
120
171
180
151
91
12
-58
-117
-157
-165
-141
-94
-34
41
112
162
184
177
149
112
60
15
-20
-49
-56
-53
-39
-5
34
68
101
119
116
104
91
78
77
87
89
79
66
50
41
51
77
113
137
140
121
68
6
-61
-138
-188
-221
-237
-220
-179
-122
-57
6
40
45
21
-16
-60
-98
-129
-153
-154
-142
-102
-50
7
66
98
106
82
25
-45
-108
-150
-150
-112
-61
4
75
135
184
229
259
268
258
221
174
121
69
31
7
-11
-7
21
52
100
141
156
146
105
44
-26
-102
-170
-224
-261
-281
-284
-270
-241
-193
-129
-58
7
53
62
36
-20
-93
-163
-213
-234
-216
-162
-93
-4
88
169
217
234
216
168
104
33
-27
-69
-84
-74
-36
19
84
153
212
247
251
222
168
96
19
-44
-97
-126
-126
-102
-62
-11
38
93
136
156
149
106
44
-38
-118
-195
-244
-264
-269
-243
-210
-171
-131
-102
-76
-60
-56
-47
-43
-44
-50
-58
-58
-57
-51
-24
4
44
76
99
109
93
62
18
-25
-60
-69
-52
-1
61
122
172
199
208
191
156
108
66
28
5
0
2
16
41
68
89
97
85
61
21
-27
-76
-122
-163
-194
-209
-219
-223
-212
-196
-177
-155
-139
-124
-110
-98
-100
-112
-124
-142
-151
-135
-99
-39
37
116
187
231
248
239
206
166
116
77
40
15
6
-4
3
19
42
74
112
143
169
187
184
171
145
113
70
31
-7
-34
-48
-51
-47
-39
-24
-16
-1
3
1
-12
-42
-81
-125
-169
-200
-209
-196
-175
-145
-105
-76
-41
-16
7
25
36
46
40
38
20
22
25
33
70
104
139
168
188
185
169
135
94
42
-1
-28
-35
-21
0
28
51
75
82
80
72
65
59
41
24
5
-19
-34
-51
-60
-60
-70
-67
-77
-87
-93
-105
-109
-110
-105
-108
-96
-86
-83
-70
-64
-64
-65
-64
-69
-75
-73
-73
-72
-58
-43
-11
41
82
125
159
173
169
141
104
64
29
11
13
25
39
52
60
59
55
44
28
20
12
5
4
3
3
10
15
15
15
13
24
29
33
39
31
26
15
-1
-12
-19
-28
-41
-52
-69
-88
-96
-98
-98
-93
-78
-55
-36
-14
10
28
40
45
50
43
28
20
11
14
21
38
66
81
100
103
90
73
46
23
10
11
25
52
76
93
94
74
45
2
-26
-49
-55
-46
-31
0
26
56
71
74
68
54
44
25
11
-14
-32
-57
-92
-120
-147
-158
-152
-130
-104
-74
-48
-22
-5
1
-10
-24
-36
-55
-54
-44
-22
8
46
81
97
114
115
98
80
52
38
28
19
19
20
22
24
26
29
34
37
47
57
62
62
59
46
19
-4
-28
-47
-50
-32
-18
10
42
58
64
54
41
17
-3
-26
-46
-61
-77
-90
-99
-103
-100
-93
-79
-63
-45
-15
2
14
20
22
16
4
-4
-10
-10
3
17
26
51
66
74
80
67
44
18
-9
-31
-46
-53
-50
-41
-29
-23
-15
-8
-3
4
15
31
46
53
56
45
31
16
0
-14
-23
-18
-13
0
11
8
4
0
-15
-29
-38
-45
-54
-47
-41
-33
-32
-27
-22
-43
-41
-49
-50
-47
-45
-32
-23
-4
13
36
52
61
65
62
48
34
22
10
0
-7
-13
-21
-27
-31
-32
-27
-11
6
23
35
38
35
26
15
-2
-11
-22
-20
-13
-9
4
10
13
5
1
-10
-24
-36
-46
-46
-50
-49
-55
-58
-62
-70
-65
-59
-50
-42
-25
-7
3
12
20
15
10
7
-2
-2
1
6
12
28
44
49
52
41
28
11
-15
-34
-49
-63
-56
-51
-42
-22
-16
-11
-7
-3
-2
1
8
13
20
23
25
32
34
21
17
4
-9
-20
-29
-39
-51
-44
-43
-30
-20
-5
16
19
22
23
22
15
1
-11
-10
-10
4
13
28
46
57
75
77
79
67
55
39
25
9
-1
-5
-9
-6
-9
-11
-5
-1
2
8
6
16
28
31
32
29
14
-5
-24
-39
-47
-54
-49
-41
-21
-2
17
33
43
45
37
21
-4
-28
-49
-67
-84
-96
-107
-99
-84
-60
-31
-17
-1
14
26
31
27
23
16
13
8
4
-1
1
7
8
6
10
5
-2
-1
-6
-4
-6
-7
1
7
17
27
30
35
30
18
10
0
-5
-10
-6
2
6
13
12
15
10
-2
-14
-31
-37
-45
-52
-47
-44
-34
-18
-13
-5
-1
-3
-8
-18
-18
-26
-27
-14
-3
18
38
56
65
57
53
48
38
26
18
21
20
29
29
32
43
34
38
33
34
29
20
20
17
18
23
37
44
51
51
43
36
13
-7
-28
-43
-50
-48
-39
-25
0
9
23
33
21
7
-13
-33
-57
-81
-94
-93
-83
-59
-35
-10
18
39
51
61
70
63
53
42
34
32
29
24
28
23
20
17
13
16
15
16
19
29
35
36
38
40
44
44
45
41
38
30
23
20
16
16
18
23
23
22
21
13
7
-5
-12
-22
-37
-42
-49
-57
-52
-58
-61
-56
-54
-48
-48
-34
-27
-17
-2
0
5
8
14
16
20
23
20
23
26
25
29
35
39
44
45
39
33
27
19
11
5
8
15
30
39
54
60
59
59
55
48
40
25
6
-2
-18
-30
-36
-34
-33
-33
-23
-19
-13
-21
-35
-49
-60
-77
-91
-95
-100
-105
-104
-99
-89
-72
-58
-40
-16
-1
20
41
53
52
51
48
41
33
28
24
13
8
-4
-4
-1
0
1
10
15
17
25
24
23
18
15
7
-1
-13
-27
-40
-46
-48
-52
-48
-41
-30
-25
-20
-19
-34
-48
-63
-79
-94
-103
-105
-98
-89
-78
-59
-50
-39
-27
-15
-5
-6
-1
-1
1
2
5
6
16
33
42
46
48
51
45
44
36
25
19
10
8
1
0
4
-2
-1
-1
0
5
15
19
17
20
10
2
-3
-19
-31
-34
-33
-35
-29
-23
-16
-3
0
7
7
4
7
-2
-13
-26
-39
-41
-50
-47
-34
-26
-7
0
4
18
18
24
28
36
36
38
46
44
59
60
60
59
52
47
25
12
5
-5
-11
-15
-11
1
11
23
38
41
41
40
30
15
0
-16
-26
-34
-36
-34
-37
-31
-23
-20
-20
-17
-22
-29
-34
-39
-44
-53
-56
-47
-46
-50
-45
-48
-47
-45
-37
-30
-19
-1
18
34
46
61
67
70
67
61
52
44
42
39
42
46
50
52
55
63
57
53
50
37
32
36
31
26
23
22
10
-1
-15
-31
-42
-55
-62
-67
-64
-57
-50
-43
-36
-34
-38
-39
-41
-49
-56
-62
-66
-64
-65
-60
-57
-51
-41
-43
-39
-34
-32
-22
-15
-7
10
25
45
62
73
83
87
74
68
61
48
38
28
23
18
23
29
35
42
52
54
55
59
46
33
17
3
-8
-17
-24
-31
-35
-33
-33
-26
-18
-14
-8
-4
0
-2
-8
-14
-23
-34
-43
-56
-58
-55
-53
-48
-38
-29
-26
-17
-17
-12
-6
-6
3
8
20
33
41
53
58
63
62
56
50
42
40
33
34
48
58
72
82
90
108
107
106
101
89
80
63
43
20
7
0
-7
-6
2
10
16
23
31
31
32
17
3
-9
-26
-34
-49
-58
-63
-64
-67
-64
-60
-55
-49
-51
-44
-49
-51
-51
-52
-51
-46
-41
-32
-22
-9
9
17
29
38
38
39
34
27
24
23
22
27
28
38
47
51
56
49
45
33
10
6
-8
-21
-21
-23
-22
-23
-13
-10
0
3
3
2
-4
-15
-29
-33
-48
-55
-60
-61
-60
-66
-61
-56
-52
-49
-47
-49
-48
-43
-48
-50
-37
-36
-25
-14
-6
7
5
15
19
17
12
9
1
-4
-11
-6
1
9
19
32
45
52
63
55
49
34
20
6
-13
-18
-27
-28
-23
-10
4
15
27
35
33
27
10
-3
-27
-45
-53
-64
-71
-70
-59
-53
-46
-42
-32
-42
-43
-48
-59
-65
-73
-76
-86
-79
-74
-71
-58
-39
-28
-17
-9
3
8
5
4
-10
-12
-17
-16
-12
-11
-1
1
13
25
26
35
35
30
29
25
18
1
-3
0
-2
1
10
20
21
28
30
23
12
-2
-10
-22
-40
-45
-43
-41
-32
-24
-21
-20
-21
-27
-36
-47
-54
-56
-57
-55
-42
-24
-8
9
29
37
43
38
26
16
7
-1
-11
-10
-12
-3
11
23
38
48
54
54
57
46
35
23
8
-2
-13
-16
-21
-21
-18
-12
-2
10
15
25
25
22
21
12
-1
-17
-19
-23
-33
-33
-29
-22
-14
0
10
15
18
18
13
6
-1
-12
-21
-19
-12
-6
2
9
13
29
38
44
48
46
37
28
26
17
17
13
7
6
1
-4
-3
-3
-11
-9
-6
-6
-9
-7
-2
-2
0
0
-10
-15
-16
-23
-27
-27
-31
-33
-27
-16
-7
-7
-7
-6
-4
-5
-9
-8
-10
-16
-20
-17
-20
-19
-15
-6
7
15
30
36
37
38
38
35
30
23
17
9
0
-2
-8
-2
7
16
26
32
33
36
38
41
36
28
23
14
6
-4
-6
-9
-12
-17
-17
-11
-3
1
-1
9
9
15
12
6
9
5
1
-2
-9
-15
-18
-21
-13
-6
1
6
14
24
27
27
27
27
20
18
21
18
17
20
26
38
45
49
54
55
54
49
39
34
25
14
7
-3
-8
-11
-8
-3
-4
-9
2
8
4
1
0
-5
-9
-5
-17
-24
-24
-25
-26
-31
-29
-35
-36
-35
-33
-30
-31
-31
-35
-29
-28
-25
-22
-18
-19
-18
-8
-7
-1
7
9
15
26
34
31
30
35
28
21
13
6
10
-2
-3
-4
-3
5
9
8
14
23
23
26
21
18
15
9
-5
-9
-11
-21
-21
-23
-22
-14
-5
2
7
12
20
23
26
24
19
14
12
9
8
10
11
9
14
18
18
19
18
27
26
23
21
25
21
17
25
27
33
34
34
30
36
37
35
33
30
27
16
8
2
-1
-7
-5
-10
-13
-9
-13
-9
-8
-5
0
-1
1
5
7
1
-3
-4
-6
-12
-17
-20
-21
-20
-22
-21
-19
-14
-19
-25
-23
-28
-27
-25
-27
-23
-19
-19
-15
-7
-4
-4
6
10
11
9
10
11
2
-1
-7
-12
-19
-25
-26
-24
-21
-13
-7
0
8
6
14
7
4
1
-2
-7
-20
-19
-26
-32
-37
-37
-42
-43
-42
-41
-35
-34
-27
-27
-18
-14
-8
-5
-4
-6
-6
-4
-12
-15
-25
-25
-24
-23
-20
-14
-8
-5
-3
0
4
3
7
5
5
4
4
7
10
12
12
13
13
14
4
-5
-10
-20
-25
-29
-35
-32
-37
-42
-34
-33
-25
-19
-12
-10
-9
-9
-7
-7
-8
-6
-13
-15
-12
-14
-12
-8
-3
-2
-3
4
1
1
1
-3
-1
-2
7
9
9
11
17
25
25
31
34
36
38
32
27
27
20
11
-2
-6
-10
-16
-17
-12
-8
-13
-7
2
15
21
20
24
21
21
21
18
10
3
-2
-8
-10
-9
-13
-12
-21
-23
-20
-26
-20
-22
-14
-6
-4
2
5
8
9
2
-2
-6
-18
-21
-24
-31
-31
-28
-31
-29
-19
-19
-15
-9
-6
-6
-1
-1
5
9
10
12
16
15
7
8
5
-6
-10
-12
-20
-22
-24
-34
-35
-36
-39
-30
-23
-18
-17
-15
-13
-17
-10
-15
-21
-18
-25
-26
-29
-30
-29
-28
-27
-28
-33
-36
-29
-23
-28
-23
-12
-10
-4
3
7
10
14
21
26
27
29
32
34
31
26
25
21
25
20
15
11
10
8
1
3
1
5
3
12
21
24
26
23
32
32
27
25
18
7
7
4
0
0
2
-3
-10
-5
-7
-9
-11
-2
8
7
17
28
26
29
30
25
19
16
16
6
2
2
-1
-3
-7
-2
4
-3
-4
3
-1
3
6
2
-2
-1
6
7
6
8
13
14
8
2
-9
-16
-24
-18
-20
-24
-26
-31
-25
-22
-18
-16
-14
-8
-8
-4
-9
-5
1
-5
-4
-3
3
2
-6
0
0
-8
-10
-15
-13
-15
-14
-9
-13
-6
-1
6
12
21
27
34
29
30
34
26
28
23
19
19
21
18
23
21
24
30
26
29
23
21
16
16
17
19
22
26
30
23
28
24
15
24
18
15
12
3
8
10
3
-1
4
3
-2
-1
3
8
10
12
15
15
15
23
17
23
21
11
13
10
13
11
7
5
4
10
7
5
0
3
6
-5
6
8
9
8
11
11
5
8
2
-7
-10
-4
-9
-18
-18
-18
-21
-17
-15
-17
-13
-14
-10
-12
-11
-8
-9
-13
-13
-4
-4
-8
-3
0
3
-1
-4
-3
-7
-5
-8
-10
-12
-16
-13
-11
-7
5
4
5
11
8
10
5
-2
-2
0
-6
-12
-13
-4
-2
-8
-17
-21
-20
-18
-15
-21
-23
-22
-20
-19
-21
-18
-14
-19
-18
-14
-11
-10
-10
-7
-13
-16
-17
-18
-19
-12
-11
-9
-4
-2
7
6
-4
-3
0
0
9
6
0
3
5
1
4
15
9
10
11
5
3
3
-1
-9
-15
-7
-15
-19
-6
-10
-8
-3
4
6
8
17
15
7
10
13
10
7
7
11
10
8
6
13
14
12
9
4
3
11
12
6
4
4
10
11
18
20
14
15
18
25
23
18
15
26
21
18
23
20
20
25
26
14
19
20
17
31
30
29
24
23
30
23
25
24
22
20
20
22
22
23
20
12
9
6
10
10
-3
3
-1
3
7
4
-1
-17
-14
-10
-10
-10
-14
-20
-18
-9
-4
-8
-11
-4
-12
-11
-10
-7
-1
-1
2
0
6
12
12
7
8
9
11
13
6
4
3
0
0
-2
-9
-13
-11
-12
-15
-18
-11
-12
-15
-6
-7
-13
-4
-2
-1
5
-2
-5
-5
-7
-6
-7
-10
-10
-10
-2
-3
-8
-5
6
6
-4
0
-1
1
-3
-9
-7
-12
-2
7
-6
-7
-4
-9
-11
-16
-15
-21
-27
-23
-26
-20
-18
-24
-20
-17
-14
-16
-14
-13
-15
-7
-16
-17
-5
-8
-1
0
-4
1
-2
3
-1
3
4
2
2
-3
-8
-10
-14
-14
-13
-20
-6
-4
-11
-9
-16
-17
-16
-18
-21
-21
-31
-30
-25
-22
-23
-32
-28
-30
-25
-20
-30
-25
-24
-22
-12
-13
-13
-7
-1
-12
-8
6
-2
2
6
2
-4
-5
-1
5
1
-5
-5
0
2
3
8
-2
0
2
-7
-10
-8
0
-7
-10
-5
-9
-9
-7
-6
-10
-9
-9
-7
-4
-4
-4
-8
-11
-7
2
-3
-4
0
3
3
-1
7
9
3
-3
-6
-1
-3
-9
-5
0
0
2
9
8
4
10
4
0
4
5
7
-1
-2
5
0
-4
0
-5
-6
-1
2
-2
-4
6
13
4
1
7
13
15
10
14
24
18
22
30
26
26
30
26
18
27
31
25
16
8
15
6
6
19
10
0
-1
0
-10
-11
-5
-9
-18
-13
-2
-14
-15
-12
-14
-22
-14
-5
-16
-19
-22
-19
-18
-21
-8
-5
-13
-6
5
-6
-9
4
6
4
5
9
2
-4
-1
4
2
-1
3
3
6
9
10
9
1
1
1
-2
0
0
-9
-12
1
-1
2
4
-6
-2
2
6
0
0
11
4
2
10
17
4
0
3
11
19
16
16
18
11
12
19
12
12
9
6
2
4
10
4
-2
-2
-4
-9
-9
-7
-8
-5
3
-6
-14
-15
-15
-22
-29
-19
-10
-9
-8
-4
-11
-14
-5
-7
-13
-7
-4
-14
-19
-4
-1
-6
1
0
-2
2
11
12
5
5
12
7
0
8
14
8
0
10
8
5
6
1
-9
-8
2
-2
-3
-2
-3
-4
-6
0
5
2
2
-2
-10
-9
4
5
0
8
9
7
15
21
11
14
12
7
14
24
23
15
12
13
13
5
5
7
20
19
16
18
5
7
11
2
-2
2
-2
3
6
11
11
0
-7
-3
4
6
2
-6
-9
-9
-2
2
-1
3
4
-9
-5
0
8
6
-2
-2
-6
-3
-2
2
-12
-11
-7
-13
-14
-15
-13
-13
-15
-18
-12
-15
-16
-20
-23
-21
-28
-26
-13
-12
-13
-10
-15
-13
-5
-6
-9
-1
4
-1
-1
12
17
10
13
14
12
26
26
16
13
10
16
21
23
14
9
11
6
11
11
13
16
6
5
15
7
3
9
7
5
2
1
8
8
9
8
6
11
13
8
-1
7
12
-5
-7
10
9
0
9
11
0
6
15
13
10
10
18
12
15
20
17
15
10
8
14
13
12
11
7
10
14
19
15
11
12
8
0
7
10
8
-4
-9
-1
-3
-1
0
4
-2
-3
0
0
1
-1
2
2
5
6
7
4
1
9
10
5
3
7
15
8
15
20
5
5
12
5
-1
16
7
-3
9
13
12
11
13
9
7
8
8
9
13
10
6
7
8
10
11
7
4
4
12
20
19
17
13
16
16
18
21
15
7
10
14
15
13
19
20
8
12
18
11
4
10
8
7
9
10
10
0
10
4
-3
2
0
1
-2
-3
0
-3
-2
6
1
-2
-1
3
3
6
6
-1
2
8
6
3
8
-2
-2
11
14
4
9
11
-2
-2
-3
2
1
2
0
0
-4
-7
-5
-6
-4
-10
-7
-13
-9
-2
0
1
2
4
-4
-3
2
1
-5
-1
2
4
-1
3
2
6
17
10
14
9
11
10
5
-1
4
6
5
17
16
13
5
13
8
11
16
6
-1
3
1
1
4
-5
-4
-8
-4
2
1
-4
-8
-6
-11
-10
-6
-5
-3
-8
-3
5
-4
2
-2
2
3
4
9
7
12
11
9
6
17
6
8
13
4
5
5
5
-4
-2
-2
-1
-6
-10
-6
-6
-4
-11
-12
-15
-15
-13
-15
-15
-16
-9
-18
-20
-18
-15
-16
-26
-19
-19
-21
-21
-18
-15
-12
-8
-9
-10
-14
-9
-19
-25
-12
-8
-14
-10
-9
-13
-13
-11
-6
-8
-10
-8
-9
-13
-17
-15
-11
-13
-12
-5
-7
-8
4
1
-8
0
6
1
4
13
6
7
18
19
9
12
19
5
6
13
4
8
18
14
14
14
15
10
8
11
4
2
2
0
5
2
-3
5
5
-3
-5
-3
-3
-5
-4
-7
-10
-5
-4
-11
-7
-2
0
-4
-4
-4
-2
1
1
7
4
12
14
15
14
8
18
15
15
22
16
5
11
14
9
14
17
11
5
19
19
10
12
10
4
2
8
3
5
4
-1
3
7
10
6
3
2
4
6
3
15
9
7
2
-2
0
1
7
3
6
2
5
8
1
-1
5
9
5
9
15
5
1
5
1
6
3
-3
-1
-1
-4
0
2
-9
-13
-7
-8
-7
-3
-2
-6
-6
-5
-11
-6
-7
0
2
-4
2
0
-2
-4
5
9
6
7
10
10
5
12
9
3
-1
1
1
5
11
3
-2
-5
-5
-8
-13
-12
-13
-18
-14
-15
-17
-16
-14
-16
-19
-13
-15
-8
-15
-17
-8
-10
-5
-5
-2
-1
2
7
9
9
7
14
16
14
14
17
14
14
11
7
16
16
9
13
9
11
7
4
6
3
2
1
3
0
-3
-1
-1
-3
-2
-2
-3
-2
-3
0
-1
3
4
-5
0
-1
2
5
6
1
5
12
8
17
13
6
9
11
8
3
5
3
4
12
12
10
9
8
1
0
2
-1
-11
-7
-7
-10
-4
-7
0
-7
-6
-6
-6
-1
-7
-2
-3
0
2
5
2
-1
12
11
11
19
18
14
17
15
11
19
15
20
20
14
20
18
15
20
23
12
13
16
17
15
14
17
12
10
12
13
8
11
5
6
11
14
16
13
15
13
21
19
19
21
15
17
17
20
24
18
19
23
24
25
21
24
17
21
21
19
18
14
16
12
13
8
0
5
8
-2
2
4
0
-2
2
-5
-8
0
-7
-10
-6
-4
-2
2
2
2
-2
-1
-1
-3
4
10
7
1
3
7
5
3
2
2
6
5
10
8
1
-1
-1
1
-3
-3
-6
-8
-9
-8
-12
-8
-3
-11
-9
-6
-19
-17
-14
-19
-16
-12
-13
-14
-12
-10
-10
-14
-11
-12
-14
-4
-5
-6
-6
-8
-7
-6
-1
-4
-8
-12
-8
-12
-17
-12
-16
-13
-14
-18
-16
-15
-18
-22
-16
-19
-28
-25
-24
-27
-23
-24
-27
-30
-27
-24
-24
-20
-25
-25
-25
-29
-26
-21
-23
-23
-24
-22
-20
-20
-22
-21
-16
-14
-7
-7
-10
-2
-2
-4
-1
-3
3
2
1
8
3
2
1
5
4
6
6
-1
-2
-3
0
-2
0
-3
-6
-3
-2
5
-2
-9
-5
-2
-7
-5
4
-2
-1
4
-2
0
2
7
9
0
-2
-1
-8
-8
-4
-6
-5
-6
-8
-8
-14
-11
-20
-21
-19
-22
-22
-25
-21
-21
-24
-26
-22
-31
-31
-19
-19
-21
-19
-14
-14
-15
-14
-11
-11
-5
-5
-5
-9
-1
-4
-5
5
3
7
8
7
4
10
12
11
9
10
12
15
8
4
4
3
7
1
9
1
-4
3
-12
-12
0
-9
-18
-12
-10
-18
-19
-7
-9
-9
-10
-15
-16
-13
-10
-14
-13
-11
-9
-16
-12
-12
-10
-9
-13
-10
-5
-5
-8
-6
-4
-3
-1
-2
-1
3
4
-2
-6
-2
1
-1
-4
-4
-8
-4
-6
-10
-7
-14
-8
-7
-8
-7
-6
-3
-8
-11
-12
-8
-2
-3
-9
-3
7
5
4
3
-3
-4
-1
3
2
10
4
-2
2
3
2
-4
-1
-3
4
0
-6
0
3
-5
-3
-7
-7
1
0
4
4
3
1
2
1
-2
1
6
5
4
10
12
5
6
14
18
17
15
13
12
18
19
20
10
14
21
23
24
19
24
25
21
24
27
24
21
16
22
21
16
17
12
15
13
11
8
11
6
4
8
10
6
8
12
5
10
10
9
9
7
10
11
11
7
5
7
9
5
9
9
3
4
7
8
1
5
7
5
2
0
0
-1
-3
5
3
-2
7
1
0
5
4
-2
-3
-1
-2
-4
-2
2
-6
-4
1
3
3
2
-2
-2
0
4
5
8
5
0
12
11
11
11
2
1
4
8
-2
-4
7
-6
-6
-7
-11
-7
-11
-14
-14
-10
-13
-12
-13
-11
-14
-13
-10
-10
-9
-8
-5
-6
-5
-2
6
12
15
8
16
15
14
18
23
25
16
26
22
20
25
20
9
18
20
16
14
10
15
4
8
13
9
6
0
-3
4
4
3
0
-2
0
-3
1
-5
-3
-2
-6
-5
-2
1
-4
-5
-8
-9
-9
-2
-2
-6
-4
0
1
-4
-4
1
-1
-2
-2
-3
-5
-5
-8
-9
-9
-7
-10
-13
-11
-7
-6
-13
-12
-10
-4
-7
-13
-5
-7
-6
3
-4
-6
2
0
1
4
7
9
6
1
7
6
5
9
-2
3
5
6
7
6
14
9
6
10
13
10
1
4
9
4
6
3
3
-3
-2
-4
-14
-7
-12
-15
-21
-16
-11
-10
-11
-14
-9
-9
-4
-5
-2
-1
0
5
4
5
10
14
10
8
13
9
6
17
15
9
8
15
7
3
5
1
1
0
1
1
2
-4
-4
-4
-5
-3
-8
-14
-9
0
-5
-7
-8
-3
-4
-6
3
-1
2
-1
-1
-4
-6
0
-3
-7
-10
-1
-6
-9
-7
-8
-4
-8
-7
-10
-15
-9
-17
-25
-23
-27
-27
-33
-30
-26
-25
-26
-27
-26
-31
-28
-27
-29
-29
-28
-27
-19
-15
-15
-11
-14
-9
-8
-5
-2
-5
-5
-2
3
1
4
12
9
6
10
6
4
8
4
5
7
6
8
4
5
4
0
-4
-8
-9
-7
-6
-13
-9
-13
-15
-14
-15
-14
-11
-9
-14
-10
-11
-11
-9
-7
0
-3
-3
-5
-8
-5
2
5
7
6
0
-3
-2
-2
-1
-1
1
-4
-5
-3
-5
-6
-12
-7
-7
-4
-6
-11
-11
-13
-15
-14
-6
-9
-11
-7
-2
-6
-9
-2
-4
1
-1
-6
-3
-4
1
2
-2
5
4
2
6
7
2
4
5
1
3
2
3
2
4
2
1
4
5
3
-3
-7
-11
-10
-12
-16
-20
-20
-24
-21
-14
-17
-16
-17
-17
-15
-17
-13
-13
-12
-8
-9
2
2
1
5
5
9
9
12
8
9
8
8
2
9
10
4
4
0
6
1
10
4
-2
0
-5
0
-6
-3
-3
-12
-13
-10
-9
-8
-6
-3
-7
-8
-7
-3
4
0
0
-1
7
9
5
6
7
5
4
9
4
11
12
11
14
18
16
11
16
18
21
24
22
23
24
24
23
20
23
20
16
15
9
12
9
8
5
2
8
1
5
6
1
2
0
-4
-3
-2
0
9
10
11
10
5
5
4
7
6
5
7
4
4
5
6
8
4
1
-1
0
2
-1
-2
-7
-9
-6
-10
-6
-10
-13
-13
-13
-9
