-13
-9
-6
-5
-2
0
-1
1
4
4
6
10
9
5
9
9
8
10
11
10
12
15
9
13
17
15
12
8
11
19
16
14
13
11
12
10
9
10
14
11
8
9
14
11
11
13
15
16
12
9
7
12
11
3
1
1
-2
-2
-1
-2
-1
-3
-6
-3
-3
-2
-5
-13
-11
-12
-10
-15
-16
-14
-13
-13
-17
-15
-13
-9
-9
-10
-8
-9
-5
-4
-9
-4
-3
-1
2
-5
-3
-4
-4
-7
-7
-1
0
-3
-7
-4
-3
-1
-2
0
0
-2
-1
0
-1
2
2
-2
2
0
6
12
10
4
9
9
10
10
3
7
7
6
6
8
2
5
6
7
9
13
15
11
16
10
14
17
19
21
16
12
10
13
19
16
13
18
14
19
19
16
20
26
23
20
18
14
14
17
19
14
14
10
9
11
12
11
12
8
8
12
9
8
6
6
9
9
0
6
6
0
4
0
2
4
2
3
7
6
8
5
5
5
2
7
5
8
7
13
9
5
5
6
16
12
11
13
16
14
9
13
13
16
14
15
17
13
16
18
17
13
10
15
13
16
13
16
21
14
17
12
13
13
13
10
9
10
6
9
10
17
18
14
18
19
19
24
22
22
23
24
24
18
22
25
23
18
20
19
18
15
11
18
16
17
17
17
19
19
13
9
12
8
10
7
8
8
-2
2
10
7
3
2
4
5
9
4
-3
-1
0
-2
-5
-4
-1
4
-2
-1
-1
0
2
-1
4
1
2
6
6
3
3
8
4
8
7
4
2
-1
3
8
2
6
3
3
1
0
4
-5
-3
-1
-5
-7
-5
-4
-9
-6
-7
-11
-13
-19
-18
-18
-16
-12
-17
-14
-17
-11
-11
-14
-10
-19
-18
-15
-16
-15
-12
-15
-9
-6
-10
-7
-6
-5
-10
-13
-13
-10
-13
-8
-8
-11
-10
-13
-11
-15
-7
-3
-12
-13
-9
-10
-8
-6
-6
-7
-8
-11
-14
-13
-8
-10
-15
-17
-13
-12
-11
-8
-9
-6
-10
-7
-4
-6
-8
-13
-14
-13
-15
-17
-11
-9
-10
-11
-8
-8
-8
-7
-7
-9
-9
-12
-11
-12
-17
-9
-14
-10
-4
-7
-3
-1
0
-5
-6
-2
-6
-4
-4
-8
-7
-6
-5
-5
-11
-11
-8
-7
-5
-3
-1
4
0
-2
-1
-3
-6
-6
-4
-4
-5
-3
-1
-4
-5
-4
4
1
0
-1
0
7
1
-1
0
1
3
-1
-1
2
-3
-5
-5
1
0
-2
2
0
4
3
-1
1
2
-1
2
3
5
6
5
7
4
4
6
6
8
8
8
5
8
9
5
4
0
2
2
2
-1
-2
1
-2
0
0
5
0
-4
-6
-5
-5
-5
-7
-8
-5
-9
-10
-10
-7
-11
-11
-11
-18
-11
-13
-12
-9
-9
-10
-8
-5
-4
-3
-6
-11
-10
-14
-12
-7
-10
-3
-4
-2
1
1
1
5
7
3
5
5
4
6
8
5
5
11
15
11
7
11
9
11
15
14
14
12
15
18
17
17
16
17
14
7
6
4
7
6
7
8
10
12
5
5
9
10
6
4
6
6
6
1
-2
1
1
3
5
8
9
14
11
6
9
6
8
5
1
4
0
3
0
2
7
3
1
1
2
0
1
1
-1
-4
-1
-3
-1
1
0
-1
2
0
5
5
-2
-4
-3
3
1
-1
1
3
8
6
7
9
13
13
9
9
8
4
6
4
8
7
4
8
9
8
9
8
8
11
10
2
2
6
2
6
1
1
4
0
0
-4
0
-4
-9
-4
3
-1
-2
8
6
11
8
-3
-5
-3
-4
-9
-4
-3
-5
-7
-7
-6
-3
2
3
4
2
2
3
1
2
-2
0
5
0
1
-4
-3
4
3
5
4
10
4
2
8
7
10
8
8
10
4
7
6
5
14
11
12
12
15
11
8
13
13
17
8
6
7
4
5
0
6
6
7
4
4
8
7
8
3
7
5
7
5
1
5
3
1
3
7
7
0
-1
5
6
3
6
5
3
1
4
1
-4
-3
-4
-6
-4
-7
-8
-8
-5
-2
-10
-12
-9
-8
-4
-7
-9
-9
-11
-10
-11
-15
-16
-15
-12
-15
-20
-15
-16
-13
-7
-10
-10
-11
-12
-10
-14
-18
-12
-12
-14
-15
-16
-9
-11
-7
-9
-8
-8
-10
-4
-6
-6
-11
-8
-11
-10
-5
-11
-6
-11
-6
-5
-6
-3
-4
2
-1
-2
0
1
2
2
1
5
3
-4
-3
-3
-1
0
2
4
4
12
9
10
7
7
10
8
9
12
14
11
15
14
10
15
14
11
11
11
17
16
14
15
13
11
8
11
10
7
6
3
3
12
10
12
11
2
7
4
5
8
6
3
5
3
0
4
0
0
0
-5
-3
-8
-11
-7
-7
-8
-5
-6
-10
-9
-13
-17
-17
-18
-19
-16
-13
-12
-8
-10
-12
-9
-10
-14
-12
-13
-13
-13
-18
-15
-13
-18
-20
-18
-15
-15
-18
-18
-11
-10
-8
-7
-9
-6
-6
-10
-12
-7
-12
-11
-12
-8
-8
-15
-10
-12
-7
-9
-8
-8
-6
-9
-12
-10
-8
-5
-10
-10
-14
-14
-14
-9
-9
-10
-13
-10
-9
-13
-9
-13
-13
-14
-10
-16
-15
-17
-19
-19
-18
-20
-25
-22
-19
-14
-17
-18
-15
-13
-18
-14
-10
-12
-11
-8
-9
-8
-5
-9
-4
-6
-4
-6
-8
-7
-10
-7
-9
-7
-8
-6
-1
-7
-4
-1
0
0
0
-1
-6
-2
-5
-7
-5
2
0
1
1
2
6
-1
1
1
2
3
-2
-3
-1
-6
-2
4
5
8
1
6
11
11
11
14
17
14
17
19
18
17
21
23
19
23
26
19
16
16
26
20
24
33
27
28
29
31
31
30
28
25
27
31
28
28
29
28
29
26
29
32
29
27
30
27
20
23
24
20
22
20
18
14
14
13
12
12
13
16
11
17
15
17
16
15
13
8
12
8
10
8
3
4
4
2
2
3
4
2
5
10
9
11
10
8
4
3
0
-2
-1
-1
-1
-4
-4
-5
-6
-9
-7
-4
-1
-3
-9
-5
-5
-3
-1
-5
-4
-3
-3
-5
-8
-10
-10
-7
-8
-11
-13
-7
-5
-4
-3
-10
-8
-9
-4
-8
-10
-6
-10
-4
-9
-9
-3
-4
-5
-4
-4
-10
-8
-9
-8
-8
-13
-13
-6
-5
-4
-4
-5
-5
-11
-8
-12
-11
-10
-8
-12
-14
-11
-15
-14
-17
-19
-22
-24
-21
-26
-25
-21
-23
-22
-17
-20
-21
-15
-16
-21
-19
-21
-19
-17
-18
-20
-19
-17
-18
-19
-17
-15
-17
-18
-18
-16
-19
-15
-14
-16
-12
-16
-10
-11
-11
-11
-14
-9
-9
-8
-7
-10
-12
-7
-6
-6
-4
-3
1
4
5
7
9
7
7
4
6
6
4
7
4
3
0
-2
4
6
7
12
13
9
7
5
7
7
3
7
7
4
3
1
4
2
2
3
0
-1
1
1
2
6
5
2
2
0
-3
1
0
-2
0
-7
-7
-4
-3
-12
-11
-4
-6
-7
-5
-6
-7
-7
-15
-9
-5
-13
-7
-13
-10
-7
-6
-6
-3
2
-4
-5
-10
-8
-8
-10
-11
-8
-5
-8
-3
-5
1
-2
-6
-4
-6
-5
-9
-7
-2
-2
-3
-6
-9
-10
-11
-11
-14
-14
-11
-5
-2
-2
-2
-2
-4
-5
-7
-12
-10
-12
-6
-9
-14
-9
-13
-9
-12
-7
-10
-12
-7
-7
-6
-11
-7
-5
-6
-5
-7
-5
0
3
3
1
0
1
2
1
6
2
5
9
10
10
9
7
6
15
12
9
12
13
16
17
18
19
15
17
17
8
14
12
13
16
12
12
12
12
11
13
14
13
9
13
13
10
11
8
7
4
7
3
1
1
-4
0
-2
-1
5
0
3
6
4
7
13
5
3
4
0
2
2
5
5
7
10
2
3
3
5
6
3
2
3
2
2
-1
3
9
1
4
4
3
-2
-4
1
1
4
4
4
3
-1
-1
2
0
-3
-1
-3
-6
-2
-4
-3
0
-3
-5
-6
-6
-10
-7
-9
-13
-17
-15
-14
-12
-11
-13
-6
-4
-5
-7
-4
-5
-5
-7
-7
-11
-10
-9
-12
-8
-16
-16
-17
-17
-14
-15
-23
-20
-15
-18
-15
-17
-17
-16
-14
-18
-19
-14
-13
-16
-16
-15
-17
-10
-13
-11
-14
-9
0
-6
-11
-8
-4
-9
-2
-3
-1
5
-5
-6
4
5
2
5
3
7
8
10
12
14
10
8
14
15
15
6
13
10
8
14
13
13
13
13
7
5
6
5
2
4
3
5
3
4
6
3
8
4
-2
4
5
6
10
8
9
7
8
10
4
7
13
7
2
8
8
9
10
8
12
8
2
2
3
1
-1
2
8
6
1
2
1
2
1
3
5
3
-3
-6
-3
-2
0
-1
4
5
4
1
7
8
3
6
6
3
4
3
-4
-4
1
-3
-2
-1
-4
0
1
2
1
4
1
2
4
5
7
6
8
1
10
4
6
8
2
6
5
11
8
11
12
11
4
9
11
3
7
5
3
7
5
10
12
6
6
6
9
6
6
4
3
4
1
2
-6
-2
-4
-5
-5
-2
3
1
4
4
1
0
4
2
-3
-4
-5
-3
-5
-5
-2
5
4
1
3
0
-5
-3
-5
-2
1
-6
-4
-6
-2
-1
-4
-9
-7
-2
-7
-6
-2
-5
2
9
4
8
8
7
7
7
9
7
2
7
7
3
14
9
10
13
13
10
10
12
13
11
8
12
9
9
5
10
13
13
14
10
9
11
8
4
9
10
11
8
7
9
7
6
3
6
15
10
11
15
9
15
13
10
15
18
14
13
15
10
9
13
16
13
13
13
12
15
13
17
20
14
14
15
14
15
8
7
12
12
8
6
1
-1
7
9
7
5
5
2
-2
2
-3
1
1
-4
0
-9
-9
-8
-10
-9
-10
-8
-7
-4
-9
-10
-8
-12
-11
-7
-9
-12
-9
-7
-3
-3
-6
-7
-6
-6
-7
-2
1
0
-6
-6
-3
-7
-7
-7
-9
-11
-8
-4
-9
-9
-4
-7
-6
0
-4
-5
-4
-8
-7
-4
-4
-9
-7
-6
-8
-7
-5
2
2
-2
-1
1
-1
2
1
-4
-2
4
-1
-8
-7
-4
-6
-6
-7
-4
-3
-9
-3
-3
3
-1
-1
8
-1
-2
-5
-4
-7
-4
0
-2
2
-4
-1
1
4
1
1
-3
1
6
3
1
0
-1
3
6
7
10
7
5
10
12
10
3
-3
1
0
-4
2
1
3
5
3
2
1
3
7
7
3
2
-5
-6
-4
-8
-3
-2
-6
-2
-3
-9
-4
-4
-3
-1
-1
0
-6
-7
-10
-7
-8
-14
-10
-10
-15
-12
-10
-8
-4
-6
-7
-12
-14
-9
-11
-7
-8
-9
-2
-3
-7
-9
-4
-7
-11
-9
-4
-3
-3
-3
2
2
-2
-1
-6
-3
-3
-1
3
4
5
-2
5
7
7
10
10
11
9
7
11
12
9
10
14
13
16
20
14
16
16
13
10
8
5
7
13
10
10
15
13
8
16
11
7
14
15
14
10
12
14
10
13
11
6
7
5
6
3
1
6
3
4
7
7
5
3
0
0
-5
-2
0
-8
-4
-6
-10
-3
-3
-2
1
-1
-1
0
2
2
1
-3
0
-3
-3
1
-3
0
0
-2
2
-3
1
4
3
4
2
4
7
6
0
3
6
0
-2
0
0
2
1
0
0
1
2
-5
-3
-3
-3
-5
-8
-7
-10
-2
-5
-5
-3
-4
3
-5
-7
-7
-5
-8
-11
-7
-11
-6
-8
-7
-6
-8
-8
-6
-5
-11
-7
-9
-9
-11
-11
-15
-17
-12
-16
-15
-13
-12
-12
-13
-14
-16
-21
-17
-23
-24
-21
-21
-18
-26
-24
-22
-21
-23
-24
-24
-19
-17
-21
-20
-22
-17
-22
-22
-22
-24
-19
-19
-20
-21
-21
-20
-21
-18
-12
-13
-11
-11
-12
-13
-11
-10
-13
-12
-9
-6
-10
-9
-7
-8
-5
-4
-2
0
2
1
2
5
6
4
6
6
4
6
6
5
10
12
11
11
12
12
13
12
12
12
14
15
15
17
13
16
19
19
14
12
16
10
12
11
10
13
12
10
8
7
5
6
-2
-3
-2
-3
4
-4
-2
-1
-2
-4
-10
-7
-9
-7
-12
-14
-13
-14
-12
-12
-13
-13
-4
-9
-8
-4
-9
-9
-10
-10
-13
-9
-6
-7
-8
-7
-4
-5
-4
-3
-5
-3
-1
-4
-1
-3
-4
-5
-9
-5
-6
-6
-5
-6
-3
-2
-5
-8
-4
-4
3
3
2
4
2
5
0
1
-4
0
5
-3
0
-4
-3
0
1
3
1
4
0
4
10
7
7
11
7
10
14
12
11
10
14
17
19
17
19
16
16
15
13
16
15
17
16
16
14
10
11
13
11
11
13
14
15
13
16
14
14
12
16
16
10
11
7
10
11
14
9
11
12
7
11
10
8
11
17
14
16
17
17
15
9
11
13
17
18
14
11
18
15
15
15
15
14
9
12
12
12
8
10
8
5
1
1
-1
-2
-1
-5
-2
-5
-4
-7
-4
-7
-8
-12
-10
-12
-17
-14
-14
-16
-18
-15
-18
-17
-19
-20
-22
-23
-22
-26
-29
-29
-23
-23
-21
-28
-30
-28
-25
-19
-21
-16
-20
-17
-16
-18
-14
-19
-20
-21
-23
-18
-22
-23
-20
-17
-16
-18
-18
-17
-17
-17
-14
-14
-14
-13
-14
-13
-15
-17
-12
-14
-17
-8
-8
-9
-11
-9
-5
-10
-3
0
0
1
-1
0
0
2
-1
1
3
4
5
6
7
9
11
13
9
8
10
9
9
10
5
5
6
8
12
14
19
15
16
24
21
15
16
20
14
9
9
6
5
5
5
7
5
13
12
11
15
16
22
14
13
14
7
11
10
6
7
10
9
8
7
9
7
8
9
5
5
6
6
4
3
7
5
7
2
-1
4
1
0
0
1
0
-5
-3
-2
-6
-3
-3
-3
1
-3
-3
-1
-4
-5
-5
-5
-8
-5
-3
-5
-2
-5
-8
-7
-8
-5
-7
-5
-4
-1
-2
-5
-2
-6
-8
-9
-7
-8
-7
-1
-8
-8
-7
-4
-6
-13
-5
-9
-11
-13
-14
-10
-4
0
3
3
-4
-2
0
-4
-4
2
6
2
1
5
-1
0
-2
-3
-4
-7
0
-1
3
4
8
5
-1
10
5
2
4
-7
3
0
-3
8
-2
3
7
5
10
2
9
9
3
8
-3
5
7
4
16
7
10
14
-1
11
9
8
15
4
10
4
4
6
-2
10
1
-4
4
1
3
0
3
7
-1
10
7
2
3
-7
10
-3
1
8
-14
5
2
-1
8
-5
21
8
1
27
-5
15
8
0
19
-11
18
8
-6
23
-6
11
6
-3
19
-13
12
6
-9
20
-10
11
8
-4
26
-8
10
-1
-21
18
-17
5
-3
-22
18
-26
6
-3
-26
20
-20
5
7
-10
30
-14
10
16
-18
25
-12
4
13
-25
22
-4
3
13
-16
23
-17
-6
25
-16
17
2
2
21
-12
26
-1
-7
24
-12
11
-3
-6
13
-10
4
-1
-1
14
-10
4
14
-6
3
4
11
4
-7
15
6
-15
2
9
-1
-5
-14
20
-2
-34
31
6
-24
1
6
23
-67
7
88
-95
-9
61
-14
-9
-56
97
-22
-110
125
-63
-47
48
-42
53
-101
1
107
-119
53
1
-33
73
-110
66
31
-117
84
-4
-28
1
-25
98
-71
-46
139
-69
-43
64
-17
2
-25
25
49
-73
50
49
-74
42
-4
-1
37
-60
50
18
-51
36
-30
16
-3
-46
67
-34
-36
59
-10
-23
4
31
5
-35
21
30
-19
-12
35
-11
-11
35
-14
16
-9
2
52
-39
23
18
-16
45
-40
40
38
-43
63
2
12
24
-4
57
-36
23
57
-30
32
14
25
6
-17
52
-18
14
33
-9
37
-12
30
15
-17
43
-18
25
14
-27
50
-11
-5
19
-3
35
-20
17
24
-35
28
7
-10
-1
8
20
-19
3
15
-9
-1
1
2
-12
-1
5
-16
8
2
5
13
-14
8
15
-2
4
5
8
3
-7
15
2
-9
29
5
-12
18
6
0
-4
-6
15
-25
-2
11
-29
21
0
-13
11
-14
7
-12
-20
11
-23
-7
-5
-29
-1
-24
-6
-2
-31
-2
-4
-10
-13
-10
3
-13
-11
3
-4
-5
0
9
-9
-5
19
1
0
0
12
15
-9
12
14
-5
10
9
7
8
2
16
6
-5
12
11
5
0
-1
13
6
-10
9
13
-3
7
10
8
2
6
20
-10
-15
24
0
-9
8
1
7
-11
4
8
-12
5
3
0
-1
-2
7
0
-7
1
5
-5
-8
7
4
-5
3
5
1
-8
0
4
-20
2
9
-7
5
-7
5
1
-22
6
-2
-9
2
-11
-3
-11
-11
12
-17
-14
13
-8
-8
-14
-10
1
-24
-12
-6
-21
-4
-4
-12
-9
-9
3
-1
-14
0
12
-5
-6
3
-2
9
-6
1
11
-12
13
7
-9
22
16
15
17
3
30
11
7
25
4
16
18
3
17
14
15
22
7
15
18
10
20
11
5
28
11
6
19
0
19
6
-1
28
1
20
22
-2
29
5
14
25
-6
21
12
3
16
5
20
14
-5
18
14
5
22
12
7
11
11
12
3
-2
13
-4
-4
11
-6
7
-5
-8
4
-9
-1
-3
-10
0
-9
-5
-10
-18
-2
-15
-16
-19
-18
-11
-23
-14
-14
-17
-10
-9
-8
-15
-5
-2
-14
-8
-9
-3
-8
-11
0
-3
1
2
-1
1
0
8
7
3
7
7
6
-1
7
9
2
12
4
1
1
-4
11
-6
-4
13
-6
0
0
-3
6
-11
7
4
-8
1
-12
-15
-11
-13
-7
-12
-13
3
-8
-4
1
-4
9
-4
2
9
-6
1
3
4
8
4
14
14
7
16
11
8
17
13
10
6
4
9
6
4
9
3
6
4
3
4
0
-3
-10
-5
-11
-10
-8
-13
-13
-14
-9
-15
-12
-12
-17
-10
-10
-12
-9
-6
-4
-7
-8
-6
-2
-6
-3
-1
-4
-1
2
2
0
2
-3
0
2
-2
3
0
1
3
2
2
-8
-5
-3
-18
-13
-13
-15
-12
-21
-21
-25
-25
-24
-30
-31
-30
-34
-34
-42
-48
-46
-51
-40
-47
-49
-42
-46
-45
-47
-46
-41
-41
-42
-39
-37
-30
-22
-24
-19
-20
-16
-9
-7
-6
-5
0
4
3
6
6
10
12
8
10
8
6
2
5
8
4
1
1
1
-1
-1
-5
-5
-9
-8
-14
-17
-20
-24
-24
-26
-24
-29
-28
-25
-28
-27
-26
-25
-20
-23
-22
-15
-21
-12
-16
-11
-3
-6
4
5
10
14
18
27
32
38
38
39
50
51
51
59
59
61
57
53
58
53
56
55
49
55
51
44
42
39
29
24
22
17
9
2
-2
-9
-12
-20
-27
-28
-39
-40
-39
-39
-38
-47
-48
-44
-44
-42
-38
-35
-30
-26
-24
-13
-4
2
11
12
25
32
36
47
52
64
75
76
83
89
95
104
104
105
112
110
112
107
105
104
93
93
80
76
65
56
49
39
30
17
10
-2
-9
-25
-38
-46
-58
-64
-74
-77
-86
-97
-97
-103
-108
-111
-107
-102
-99
-92
-91
-82
-73
-58
-47
-36
-15
3
18
31
53
69
92
109
125
140
154
170
182
191
201
202
206
210
208
213
198
196
188
167
153
127
113
88
65
41
8
-16
-51
-78
-107
-140
-161
-194
-221
-240
-269
-281
-306
-316
-323
-344
-334
-344
-348
-333
-340
-307
-292
-275
-230
-223
-168
-141
-104
-37
-19
58
99
149
225
247
327
365
412
480
491
562
574
599
647
624
667
649
637
648
583
587
528
474
445
341
311
215
135
82
-44
-92
-194
-280
-341
-459
-500
-601
-669
-707
-804
-818
-887
-913
-918
-973
-937
-960
-943
-903
-914
-834
-819
-763
-680
-661
-545
-505
-419
-316
-274
-135
-75
36
155
221
378
449
575
705
770
918
977
1077
1175
1205
1312
1319
1359
1405
1371
1412
1358
1327
1310
1201
1170
1046
935
842
655
544
347
165
7
-234
-380
-602
-790
-937
-1157
-1252
-1403
-1516
-1570
-1681
-1670
-1721
-1719
-1667
-1681
-1569
-1538
-1447
-1323
-1260
-1075
-977
-815
-629
-506
-281
-149
36
221
322
530
608
728
838
846
960
936
972
998
936
994
920
927
932
851
917
832
842
846
751
806
699
693
663
545
573
446
423
389
279
312
201
190
175
79
125
20
9
-34
-157
-151
-294
-354
-429
-567
-588
-716
-763
-794
-883
-835
-890
-872
-817
-845
-739
-739
-684
-609
-619
-523
-517
-476
-398
-401
-311
-275
-227
-114
-94
26
90
143
262
267
352
377
375
437
390
405
397
341
376
322
332
359
321
390
364
402
446
423
481
450
463
454
400
407
332
305
277
204
203
126
120
87
46
69
6
25
-22
-53
-69
-147
-157
-234
-283
-308
-380
-380
-423
-433
-406
-418
-343
-342
-283
-223
-209
-121
-123
-79
-57
-59
-31
-52
-47
-31
-53
-21
-19
1
43
31
96
81
107
110
81
89
27
10
-49
-101
-150
-203
-242
-266
-295
-289
-288
-283
-247
-248
-200
-198
-180
-171
-175
-177
-194
-222
-225
-223
-247
-215
-228
-159
-117
-65
27
69
163
222
276
333
358
380
408
391
416
402
408
437
435
484
502
560
615
659
709
756
768
804
801
782
763
698
660
572
512
442
372
301
255
192
157
114
63
46
-45
-71
-175
-239
-332
-468
-562
-715
-819
-939
-1048
-1120
-1202
-1245
-1249
-1290
-1232
-1247
-1193
-1141
-1133
-1019
-1050
-953
-941
-913
-831
-845
-742
-697
-627
-498
-428
-293
-162
-64
109
179
318
395
444
536
510
552
531
514
493
451
443
417
403
416
409
437
459
463
510
499
538
530
532
535
498
507
472
474
484
476
528
556
603
695
735
847
895
969
1056
1071
1154
1145
1165
1179
1142
1150
1122
1087
1101
1055
1064
1062
1016
1056
960
951
858
732
645
417
281
25
-214
-426
-731
-936
-1205
-1447
-1617
-1877
-1978
-2164
-2310
-2373
-2586
-2598
-2773
-2869
-2936
-3125
-3112
-3260
-3290
-3271
-3320
-3172
-3121
-2948
-2704
-2528
-2161
-1910
-1568
-1194
-913
-517
-235
76
385
613
890
1121
1318
1575
1757
1973
2198
2353
2570
2739
2879
3033
3086
3154
3180
3091
3065
2880
2728
2535
2257
2082
1766
1571
1346
1108
985
794
701
640
552
578
545
561
599
574
669
641
704
743
753
860
886
1005
1089
1194
1329
1419
1529
1631
1659
1699
1660
1561
1454
1208
993
660
303
-42
-492
-852
-1266
-1673
-1975
-2349
-2618
-2873
-3149
-3288
-3537
-3652
-3809
-4006
-4076
-4300
-4363
-4495
-4625
-4636
-4775
-4720
-4734
-4681
-4510
-4453
-4191
-4012
-3721
-3373
-3108
-2649
-2319
-1902
-1421
-1042
-500
-73
406
998
1400
2035
2493
2993
3604
3941
4537
4851
5224
5601
5724
6021
6049
6065
6076
5835
5702
5399
4984
4692
4085
3676
3116
2501
2064
1350
906
321
-193
-593
-1082
-1369
-1661
-1884
-2004
-2123
-2115
-2036
-1939
-1735
-1546
-1247
-943
-595
-218
161
549
913
1289
1584
1927
2141
2346
2472
2513
2533
2409
2280
2044
1738
1419
1014
621
185
-281
-674
-1156
-1520
-1939
-2346
-2673
-3061
-3353
-3699
-3967
-4252
-4547
-4774
-4997
-5211
-5358
-5495
-5579
-5636
-5666
-5578
-5541
-5354
-5229
-5016
-4768
-4518
-4137
-3814
-3365
-2945
-2463
-1895
-1314
-671
90
773
1485
2208
2928
3748
4306
4944
5487
5895
6403
6643
6934
7151
7092
7246
7077
6967
6826
6323
6147
5531
5014
4486
3651
3082
2174
1395
711
-228
-821
-1526
-2188
-2501
-3022
-3173
-3392
-3536
-3321
-3351
-3052
-2791
-2562
-2046
-1674
-1187
-637
-248
396
819
1333
1920
2212
2751
3012
3326
3579
3635
3731
3607
3473
3286
2934
2595
2197
1653
1241
713
275
-282
-862
-1316
-1858
-2283
-2807
-3296
-3829
-4249
-4691
-5083
-5477
-5894
-6138
-6475
-6603
-6787
-6910
-6872
-6927
-6831
-6663
-6550
-6290
-6086
-5749
-5247
-4975
-4340
-3813
-3234
-2324
-1633
-526
330
1049
2195
2947
4083
4878
5339
6258
6533
7195
7638
7774
8243
8042
8219
8277
7977
8052
7573
7181
6809
5998
5570
4647
3723
2917
1685
894
-162
-1175
-1902
-2836
-3375
-3864
-4308
-4400
-4690
-4588
-4405
-4289
-3842
-3605
-3089
-2636
-2119
-1534
-1026
-377
179
801
1357
2019
2553
3116
3651
4054
4416
4617
4791
4814
4743
4562
4248
3838
3418
2917
2433
1885
1341
748
167
-332
-899
-1325
-1932
-2473
-3049
-3600
-4049
-4668
-5169
-5665
-6193
-6552
-6852
-7104
-7225
-7476
-7419
-7438
-7412
-7132
-7170
-6919
-6797
-6608
-6129
-5887
-5363
-4866
-4406
-3500
-2776
-1721
-620
90
1321
2250
3407
4482
5048
6108
6561
7184
7832
7990
8579
8592
8737
8928
8692
8838
8497
8169
7892
7143
6645
5825
4877
4046
2813
1878
812
-344
-1173
-2265
-2920
-3525
-4137
-4385
-4783
-4792
-4771
-4744
-4406
-4251
-3859
-3412
-3031
-2464
-2041
-1426
-797
-290
428
990
1618
2297
2839
3499
3938
4338
4709
4822
5018
4979
4849
4668
4214
3853
3401
2853
2346
1698
1171
583
-115
-562
-1194
-1783
-2317
-2993
-3527
-4224
-4818
-5303
-5939
-6359
-6815
-7220
-7398
-7691
-7715
-7772
-7823
-7682
-7678
-7415
-7313
-7139
-6850
-6636
-6199
-5844
-5293
-4794
-4190
-3230
-2286
-1207
-320
676
1873
2950
4106
4908
5687
6500
7043
7691
8138
8524
8842
8868
9047
9101
8988
8978
8596
8257
7791
7079
6587
5661
4754
3737
2530
1681
526
-509
-1395
-2388
-2926
-3548
-3978
-4187
-4551
-4380
-4364
-4218
-3804
-3597
-3043
-2645
-2142
-1492
-1053
-341
245
779
1518
2018
2707
3324
3828
4447
4710
5154
5339
5361
5461
5200
4986
4545
3988
3475
2752
2100
1399
579
3
-763
-1429
-1977
-2693
-3159
-3869
-4371
-4885
-5588
-6005
-6646
-7128
-7451
-7833
-8025
-8328
-8518
-8408
-8481
-8286
-8116
-8060
-7701
-7591
-7253
-6918
-6662
-6116
-5787
-5328
-4740
-4080
-2925
-1849
-1033
-1
1077
2461
3753
4613
5596
6280
7077
7918
8313
8856
9152
9276
9475
9444
9540
9469
9115
8889
8362
7831
7353
6493
5670
4607
3449
2464
1325
223
-849
-1980
-2795
-3527
-4127
-4326
-4804
-5015
-4983
-4896
-4427
-4179
-3739
-3283
-2901
-2150
-1488
-895
-165
393
1075
1828
2437
3314
3897
4549
5170
5538
6118
6369
6558
6578
6349
6041
5595
5050
4364
3536
2671
1871
999
264
-529
-1325
-2040
-2651
-3245
-3923
-4512
-5170
-5733
-6369
-6889
-7371
-7886
-8179
-8536
-8791
-8908
-8933
-8854
-8735
-8629
-8425
-8175
-7884
-7571
-7434
-7116
-6752
-6355
-5856
-5470
-4684
-3600
-2511
-1564
-689
658
2065
3283
4255
5142
6092
6913
7678
8196
8714
9130
9310
9483
9586
9717
9706
9428
9209
8849
8366
7882
7019
6224
5232
4069
3060
1833
748
-393
-1580
-2450
-3337
-3957
-4294
-4831
-5077
-5202
-5084
-4651
-4445
-4013
-3621
-3206
-2409
-1759
-1122
-400
127
925
1561
2229
3127
3677
4481
4982
5478
6088
6387
6719
6720
6573
6317
5875
5349
4687
3863
3089
2183
1322
588
-219
-910
-1694
-2269
-2902
-3575
-4163
-4904
-5504
-6156
-6740
-7292
-7921
-8314
-8660
-8962
-9089
-9274
-9244
-9153
-9108
-8879
-8785
-8551
-8294
-8181
-7855
-7564
-7150
-6685
-6245
-5271
-4083
-3005
-2102
-1025
461
1961
3102
4051
5111
5986
6958
7663
8296
9002
9310
9672
9854
10086
10421
10339
10192
9997
9550
9254
8564
7814
7010
5747
4756
3530
2425
1273
-58
-1116
-2161
-3059
-3660
-4161
-4691
-5035
-5273
-5047
-4832
-4556
-4199
-3903
-3340
-2669
-1895
-1231
-485
151
945
1631
2424
3351
3992
4747
5228
5840
6414
6771
7005
6988
6797
6511
6098
5546
4870
3970
3148
2219
1357
562
-307
-1140
-1947
-2654
-3373
-4096
-4808
-5541
-6327
-7038
-7651
-8218
-8777
-9225
-9589
-9808
-9927
-9952
-9856
-9729
-9570
-9431
-9177
-8984
-8650
-8404
-8044
-7631
-7357
-6683
-5909
-4654
-3465
-2673
-1560
-231
1340
2719
3561
4678
5658
6502
7509
8035
8900
9381
9631
10087
10175
10625
10770
10577
10506
10096
9733
9306
8410
7700
6531
5330
4324
2962
1916
552
-673
-1678
-2778
-3468
-4042
-4606
-5065
-5430
-5430
-5169
-4973
-4633
-4317
-3900
-3218
-2434
-1638
-831
-112
696
1511
2347
3354
4148
4892
5476
6054
6647
7094
7347
7381
7218
6910
6588
6077
5466
4653
3738
2808
1929
1057
218
-753
-1684
-2456
-3357
-4031
-4856
-5596
-6375
-7268
-7880
-8523
-9078
-9529
-9956
-10236
-10353
-10428
-10259
-10220
-10077
-9824
-9737
-9443
-9292
-9013
-8635
-8256
-7754
-7205
-6296
-4987
-3747
-2796
-1667
-240
1401
2734
3658
4762
5773
6790
7701
8367
9179
9689
10141
10561
10794
11213
11389
11334
11188
10816
10503
9965
9135
8290
7068
5856
4656
3382
2117
658
-525
-1624
-2675
-3507
-4123
-4621
-5131
-5480
-5551
-5413
-5184
-4913
-4609
-4227
-3668
-2856
-2146
-1363
-633
169
1106
1897
2918
3757
4515
5227
5786
6419
6853
7073
7183
6995
6740
6502
6017
5479
4684
3869
3109
2229
1501
702
-232
-1078
-1988
-2780
-3497
-4377
-5119
-6070
-6895
-7572
-8336
-8902
-9551
-10045
-10366
-10609
-10691
-10693
-10681
-10545
-10464
-10307
-10075
-9989
-9766
-9560
-9189
-8735
-8093
-7063
-5816
-4599
-3599
-2250
-638
1090
2483
3501
4708
5778
6908
7898
8614
9382
9865
10336
10792
11088
11551
11755
11694
11722
11501
11272
10836
10042
9325
8073
6863
5723
4291
2983
1359
14
-1099
-2286
-3131
-3922
-4565
-4990
-5378
-5430
-5351
-5263
-4946
-4715
-4367
-3839
-3191
-2477
-1902
-1236
-422
369
1173
2082
2966
3763
4481
5215
5886
6426
6809
7005
6985
6838
6714
6375
5862
5210
4414
3678
2889
2085
1362
501
-301
-1141
-1967
-2583
-3439
-4242
-5106
-6085
-6882
-7694
-8437
-9175
-9912
-10342
-10688
-11005
-11016
-11098
-11067
-10988
-10878
-10664
-10620
-10468
-10278
-9987
-9664
-9125
-8248
-7037
-5825
-4928
-3643
-2041
-380
1097
2227
3421
4606
5753
6962
7755
8548
9380
9873
10505
11011
11563
12019
12067
12258
12296
12061
11810
11152
10357
9410
8076
7008
5702
4231
2843
1285
157
-1007
-2056
-2723
-3592
-4159
-4505
-4764
-4804
-4863
-4718
-4557
-4470
-4034
-3473
-3024
-2432
-1837
-1093
-352
422
1405
2253
3134
3926
4716
5409
6008
6493
6722
6802
6685
6602
6344
5859
5270
4658
3925
3209
2450
1735
1013
171
-404
-1266
-2015
-2752
-3639
-4514
-5586
-6455
-7327
-8229
-9053
-9749
-10402
-10741
-11068
-11202
-11198
-11333
-11123
-11034
-10742
-10668
-10659
-10446
-10270
-9941
-9681
-9028
-8168
-6999
-5928
-4939
-3498
-1888
-197
1100
2330
3740
5046
6302
7409
8294
9193
9941
10484
11056
11476
12001
12263
12257
12447
12334
12127
11729
11042
10342
9279
8153
7040
5648
4308
2809
1309
177
-1110
-2115
-3014
-3830
-4322
-4908
-5022
-5086
-5123
-4914
-4778
-4486
-4027
-3431
-2814
-2296
-1635
-822
-203
637
1537
2392
3160
3827
4688
5307
5940
6403
6610
6776
6779
6746
6518
6074
5546
4832
4113
3376
2460
1755
927
98
-694
-1492
-2087
-2927
-3714
-4541
-5543
-6407
-7234
-8109
-8943
-9807
-10383
-10884
-11322
-11392
-11685
-11734
-11710
-11598
-11387
-11477
-11334
-11221
-10958
-10586
-10174
-9304
-8138
-7014
-6001
-4734
-3086
-1380
48
1334
2608
3959
5400
6602
7664
8725
9710
10537
11169
11870
12552
13030
13247
13339
13405
13251
12876
12234
11476
10472
9247
8035
6740
5309
3767
2223
856
-418
-1643
-2637
-3607
-4310
-4949
-5436
-5548
-5686
-5606
-5531
-5387
-5012
-4500
-3777
-3127
-2569
-1721
-897
-80
905
1862
2872
3601
4422
5293
5943
6529
6879
7058
7097
7048
6918
6625
6102
5502
4783
4062
3266
2403
1624
717
-200
-1126
-1882
-2659
-3542
-4415
-5385
-6367
-7292
-8116
-8980
-9906
-10733
-11309
-11800
-12104
-12326
-12473
-12407
-12328
-12088
-11902
-11694
-11452
-11189
-10773
-10303
-9559
-8431
-7185
-6230
-5102
-3461
-1656
-18
1279
2724
4147
5518
7016
8206
9322
10309
11190
11965
12478
13148
13784
13991
14015
14012
13900
13595
12887
12178
11176
9808
8540
7161
5764
4100
2397
936
-475
-1822
-2936
-3911
-4760
-5521
-6136
-6292
-6469
-6500
-6340
-6247
-5986
-5496
-4659
-3876
-3331
-2448
-1476
-647
357
1407
2481
3251
4052
5020
5768
6430
6927
7232
7323
7305
7290
7159
6666
6039
5365
4675
3898
3034
2344
1461
502
-394
-1169
-1965
-2884
-3833
-4872
-6061
-7179
-8089
-9097
-10005
-10973
-11572
-11963
-12342
-12394
-12563
-12500
-12444
-12323
-12011
-11976
-11855
-11511
-11206
-10731
-10020
-8794
-7380
-6557
-5203
-3448
-1596
185
1431
3004
4266
5573
7102
8080
9125
10018
10841
11597
12035
12843
13552
13697
13901
13946
13955
13654
12910
12412
11291
9911
8647
7240
5832
3981
2357
920
-664
-1972
-3085
-4138
-5004
-5735
-6164
-6415
-6642
-6454
-6430
-6321
-6016
-5526
-4753
-4272
-3609
-2781
-1905
-978
-22
1147
2207
3069
4118
5135
5981
6738
7262
7729
7761
7862
8004
7712
7331
6683
6106
5420
4585
3927
3031
2123
1307
429
-352
-1226
-2106
-3001
-4106
-5224
-6318
-7426
-8419
-9458
-10470
-11075
-11671
-12064
-12345
-12647
-12674
-12868
-12745
-12616
-12848
-12730
-12546
-12241
-11605
-10812
-9454
-8425
-7489
-5758
-4124
-2196
-684
597
2162
3350
4985
6316
7367
8566
9471
10453
11278
12009
12990
13586
13854
14221
14372
14501
14080
13479
12890
11618
10392
9122
7732
6107
4285
2795
1240
-303
-1532
-2754
-3928
-4838
-5539
-6031
-6551
-6689
-6680
-6888
-6737
-6497
-5957
-5476
-5013
-4201
-3587
-2589
-1577
-546
668
1625
2814
3907
4903
5946
6628
7270
7706
7817
8170
8133
7930
7668
7062
6703
5961
5358
4748
3763
3109
2258
1423
620
-342
-1202
-2284
-3495
-4573
-5913
-7149
-8202
-9369
-10238
-11107
-11695
-12042
-12539
-12670
-12873
-13061
-13077
-13290
-13374
-13415
-13371
-13015
-12520
-11532
-10159
-9218
-7889
-6174
-4283
-2196
-862
762
2197
3635
5380
6386
7676
8740
9654
10646
11320
12270
13153
13584
14087
14374
14530
14727
14168
13789
12921
11664
10544
9003
7699
5871
4040
2525
827
-657
-1954
-3286
-4399
-5351
-5991
-6427
-7068
-7039
-7151
-7262
-7055
-6834
-6251
-5969
-5276
-4486
-3870
-2879
-1896
-745
372
1505
2808
3858
4942
6076
6863
7608
8062
8390
8751
8646
8612
8256
7788
7413
6556
5974
5163
4296
3577
2565
1773
823
-116
-937
-2080
-3228
-4318
-5627
-6818
-8039
-9174
-10159
-11312
-11960
-12584
-13145
-13467
-13793
-13878
-14031
-14059
-14028
-13868
-13612
-13152
-12411
-11331
-9912
-8887
-7508
-5822
-4013
-2052
-656
907
2353
3865
5573
6700
7968
9180
10184
11138
11936
12887
13727
14106
14503
14779
14781
14766
14181
13545
12610
11323
10161
8686
7200
5521
3745
2244
689
-798
-1931
-3258
-4355
-5241
-5946
-6397
-7091
-7185
-7380
-7611
-7435
-7167
-6678
-6320
-5633
-4780
-4065
-3046
-1914
-827
329
1494
2804
3860
4864
5957
6748
7427
7879
8255
8543
8555
8447
8276
7846
7458
6837
6129
5516
4533
3798
2807
1811
929
-171
-1069
-2241
-3444
-4446
-5724
-6994
-8066
-9242
-10182
-11283
-12023
-12485
-13270
-13497
-13848
-14086
-14182
-14367
-14207
-14194
-13959
-13365
-12639
-11499
-10120
-8965
-7504
-5818
-3932
-1957
-559
1099
2621
4161
5799
6903
8247
9323
10316
11241
11976
12891
13589
14112
14513
14793
14861
14797
14372
13732
12836
11707
10431
8976
7453
5708
4024
2317
861
-678
-1973
-3136
-4311
-5024
-5745
-6230
-6729
-6961
-7084
-7191
-7143
-6847
-6522
-6194
-5503
-4862
-3948
-3159
-2107
-960
154
1471
2622
3742
4722
5765
6628
7296
7654
8078
8235
8156
8008
7690
7447
6754
6239
5516
4901
4175
3306
2673
1669
867
-146
-1085
-2199
-3456
-4607
-5914
-7248
-8465
-9442
-10542
-11389
-12121
-12551
-13213
-13638
-13692
-13991
-14170
-14517
-14268
-14161
-13789
-12946
-12044
-10720
-9646
-7981
-6251
-4489
-2473
-919
706
2196
3787
5463
6656
7731
8871
9800
10775
11607
12387
13317
13607
14212
14706
14777
14838
14335
13942
12972
11625
10578
9108
7439
5787
3905
2456
831
-600
-1691
-3280
-4017
-4817
-5452
-5980
-6615
-6506
-6828
-7000
-6914
-6881
-6578
-6285
-5788
-5050
-4463
-3418
-2355
-1356
9
1128
2506
3549
4524
5668
6344
7038
7425
7700
7934
7733
7597
7404
6910
6587
6003
5493
4964
4143
3742
2850
1976
1157
126
-790
-2090
-3218
-4385
-5705
-6799
-7867
-9053
-9945
-10788
-11402
-12063
-12830
-13188
-13708
-13841
-14149
-14345
-14281
-14014
-13188
-12385
-11193
-10200
-8807
-7083
-5366
-3591
-2186
-494
998
2518
4108
5481
6732
7915
8994
9949
10911
11779
12817
13205
13651
14153
14354
14608
14234
13895
13128
11986
10947
9609
8104
6577
4755
3156
1628
150
-847
-2296
-3255
-4123
-4815
-5122
-5809
-6028
-6306
-6537
-6549
-6641
-6549
-6425
-6218
-5586
-5042
-4332
-3268
-2254
-1005
24
1320
2610
3560
4605
5334
6040
6530
6906
7205
7095
6995
6858
6568
6278
5899
5544
5113
4527
4132
3534
2838
2016
992
61
-1137
-2403
-3650
-4940
-6142
-7363
-8355
-9146
-10045
-10724
-11302
-11835
-12352
-12822
-13156
-13653
-13947
-14062
-13877
-13489
-12768
-11765
-10961
-9689
-8069
-6257
-4586
-3186
-1484
95
1740
3423
4805
6089
7268
8438
9513
10397
11231
12139
12665
13227
13637
13889
14188
13922
13751
13096
12153
11246
9978
8669
7058
5421
4047
2428
928
-248
-1547
-2435
-3461
-4122
-4567
-5237
-5356
-5758
-5923
-5984
-6053
-5900
-6000
-5773
-5355
-4979
-4390
-3612
-2778
-1781
-817
374
1502
2479
3650
4460
5287
5889
6420
6891
6994
7075
6894
6689
6432
6076
5684
5217
4675
4203
3667
3037
2343
1512
716
-391
-1475
-2577
-3767
-4907
-6161
-7106
-8097
-9041
-9805
-10621
-11338
-12055
-12447
-12989
-13630
-13953
-13998
-13612
-13187
-12384
-11690
-10822
-9367
-7955
-6381
-5193
-3829
-2349
-1017
686
2118
3551
4894
6153
7510
8712
9835
10947
11767
12425
13122
13497
13917
13840
13595
13245
12420
11663
10596
9428
8055
6489
5118
3766
2315
1161
-96
-1297
-2187
-3005
-3454
-4251
-4724
-4960
-5418
-5588
-5712
-5738
-5895
-5875
-5574
-5330
-5007
-4318
-3544
-2810
-1829
-770
384
1346
2351
3350
4073
4806
5409
5908
6100
6200
6326
6263
6106
5907
5748
5456
5041
4746
4421
3963
3346
2625
1885
858
-210
-1303
-2529
-3770
-5009
-6031
-7039
-8040
-8735
-9416
-10081
-10710
-11228
-11637
-12340
-12741
-13084
-13148
-12897
-12500
-11697
-11299
-10234
-8850
-7429
-5946
-4969
-3361
-1955
-414
1284
2557
4071
5276
6623
7919
8868
9942
10949
11625
12290
12787
13170
13494
13201
13148
12629
11782
11006
9888
8831
7249
5802
4532
2958
1552
347
-942
-2048
-2971
-3639
-4114
-4797
-4996
-5308
-5603
-5543
-5616
-5528
-5733
-5595
-5242
-5050
-4604
-4092
-3370
-2659
-1785
-733
311
1220
2223
3133
3922
4660
5264
5889
5989
6226
6260
6173
6156
5853
5759
5217
4820
4643
4212
3753
3023
2376
1695
665
-284
-1313
-2546
-3590
-4749
-5795
-6783
-7779
-8416
-9298
-9974
-10608
-11224
-11648
-12320
-12703
-13005
-12889
-12533
-11938
-11235
-10638
-9377
-8032
-6475
-5241
-4153
-2676
-1439
115
1515
2888
4270
5391
6703
7933
9056
10120
11127
11790
12510
13022
13414
13607
13266
13113
12379
11403
10442
9231
7981
6445
4895
3612
2125
854
-241
-1544
-2396
-3329
-3846
-4199
-4774
-4992
-5310
-5447
-5407
-5423
-5349
-5466
-5439
-5068
-4821
-4390
-3864
-3235
-2502
-1785
-727
305
1209
2142
3029
3866
4505
5154
5722
5899
6109
6166
6100
5994
5739
5634
5112
4694
4450
3946
3535
2806
2280
1622
660
-135
-1181
-2287
-3390
-4509
-5463
-6508
-7543
-8286
-9222
-9854
-10559
-11132
-11617
-12340
-12471
-12778
-12571
-12190
-11507
-10682
-10204
-8828
-7518
-6068
-4882
-3884
-2453
-1366
78
1494
2666
3935
5172
6498
7796
8913
10198
11300
11884
12857
13333
13711
13837
13427
13233
12143
11122
10080
8679
7362
5717
4254
3011
1573
513
-540
-1699
-2399
-3316
-3773
-4210
-4714
-4880
-5371
-5523
-5581
-5615
-5569
-5778
-5627
-5281
-4989
-4442
-3868
-3177
-2406
-1629
-501
442
1287
2199
2900
3728
4255
4824
5265
5373
5634
5604
5637
5615
5484
5362
4964
4628
4410
4053
3666
3085
2453
1859
950
74
-956
-2201
-3395
-4615
-5586
-6590
-7600
-8354
-9111
-9748
-10318
-10725
-11286
-11857
-12250
-12452
-12208
-11838
-11051
-10612
-9955
-8611
-7309
-5787
-4773
-3559
-2153
-995
616
1898
3225
4545
5660
6946
8005
9162
10398
11281
11951
12709
13165
13612
13613
13350
13007
11967
11065
9904
8596
7138
5415
3959
2520
1059
-104
-1261
-2390
-3269
-4076
-4467
-4920
-5251
-5378
-5685
-5751
-5638
-5485
-5437
-5493
-5249
-4958
-4720
-4156
-3587
-2938
-2247
-1429
-355
482
1442
2302
3049
3831
4397
5092
5396
5557
5748
5726
5737
5566
5383
5106
4604
4246
3915
3492
3066
2500
2032
1376
530
-210
-1129
-2253
-3430
-4587
-5726
-6844
-7784
-8490
-9392
-10193
-10654
-11131
-11595
-11966
-12167
-12003
-11697
-10919
-10056
-9618
-8443
-7239
-5911
-4767
-4023
-2580
-1652
-339
1060
2155
3714
4813
6219
7440
8419
9713
10752
11578
12309
12821
13236
13352
13063
12956
12200
11206
10085
8777
7576
5917
4524
3099
1590
284
-856
-1922
-2960
-3699
-4225
-4679
-5133
-5287
-5411
-5551
-5495
-5354
-5273
-5273
-5017
-4697
-4427
-4068
-3472
-2838
-2253
-1412
-546
328
1166
2027
2759
3409
4036
4527
4900
5037
5304
5322
5296
5220
4973
4811
4390
4128
3828
3425
3109
2636
2122
1527
721
-82
-1017
-2135
-3117
-4255
-5274
-6259
-7232
-7936
-8890
-9617
-10202
-10857
-11333
-11829
-12078
-12076
-11782
-11062
-10406
-9915
-8929
-7641
-6311
-5068
-4117
-2889
-1862
-567
963
2019
3411
4537
5803
6984
7967
9392
10280
11149
11884
12490
13096
13248
13296
13089
12494
11730
10736
9621
8361
6773
5356
3842
2369
968
-405
-1550
-2809
-3607
-4110
-4640
-4993
-5304
-5444
-5512
-5546
-5238
-5274
-5347
-5152
-4961
-4473
-4217
-3636
-3051
-2600
-1765
-974
-89
739
1497
2285
2983
3566
4233
4518
4772
4928
4879
5065
4842
4736
4470
4196
4067
3724
3543
3178
2682
2153
1615
936
180
-745
-1730
-2735
-3841
-4733
-5763
-6749
-7656
-8617
-9441
-10191
-10911
-11491
-11971
-12211
-12085
-11741
-10931
-10296
-9588
-8269
-6967
-5646
-4622
-3565
-2316
-1326
53
1286
2255
3443
4659
6000
7059
8243
9593
10599
11396
12320
13081
13481
13580
13450
13162
12348
11484
10419
9132
7540
6055
4623
3095
1631
194
-797
-2125
-3018
-3619
-4185
-4705
-5201
-5169
-5397
-5678
-5520
-5339
-5509
-5483
-5156
-4740
-4603
-4107
-3281
-2857
-2216
-1310
-399
195
888
1779
2304
2687
3298
3796
3899
3918
4066
4145
3969
3966
3921
3752
3567
3420
3461
3124
2869
2472
1875
1186
303
-347
-1328
-2330
-3262
-4229
-5154
-6046
-6896
-7673
-8648
-9433
-10217
-11128
-11542
-11997
-11803
-11632
-11206
-10458
-9970
-8633
-7363
-6097
-4844
-3922
-2551
-1481
-213
1341
2226
3389
4457
5564
6859
7872
9288
10375
11026
12184
12866
13445
13855
13688
13700
12752
11984
11170
9702
8395
6701
5191
3698
1990
755
-539
-1902
-2615
-3424
-3887
-4427
-4864
-4706
-5176
-5134
-5063
-5143
-5014
-5160
-4645
-4497
-4360
-3781
-3409
-2822
-2308
-1629
-864
-356
415
1220
1563
2128
2481
2919
3111
2964
3312
3130
3135
3076
2950
3008
2710
2684
2548
2252
2109
1734
1303
765
46
-577
-1402
-2248
-3091
-4067
-4881
-5830
-6731
-7404
-8237
-8976
-9965
-10664
-11133
-11535
-11330
-11135
-10671
-10290
-9382
-7897
-6706
-5453
-4354
-3216
-2040
-849
592
1683
2589
3814
4876
5874
7009
8186
9424
10194
11031
12124
12732
13439
13737
13692
13495
12679
12039
10951
9469
8092
6296
4742
3163
1515
404
-1102
-2308
-3107
-3855
-4146
-4730
-4938
-4887
-5167
-4849
-4672
-4634
-4507
-4562
-4008
-3861
-3597
-2973
-2650
-2072
-1521
-780
-54
383
1004
1571
1811
2291
2538
2773
2840
2590
2770
2549
2471
2326
2043
2108
1762
1737
1776
1645
1590
1216
919
357
-429
-957
-1777
-2805
-3709
-4651
-5339
-6282
-7004
-7549
-8392
-8956
-9796
-10257
-10664
-10780
-10408
-10256
-9883
-9610
-8642
-7407
-6494
-5455
-4582
-3441
-2276
-895
709
1816
2979
4336
5560
6675
7819
8952
9936
10456
11319
12144
12457
12934
12951
12942
12473
11825
11328
10212
9022
7783
6307
4956
3422
1968
691
-926
-1978
-2975
-3766
-4420
-5153
-5251
-5500
-5678
-5470
-5284
-5080
-4920
-4487
-3833
-3640
-3027
-2270
-1793
-1227
-714
52
393
790
1450
1595
1704
1925
2236
2376
2242
2381
2516
2432
2543
2509
2413
2271
1928
1879
1543
1285
1025
551
233
-449
-903
-1454
-2268
-3103
-3937
-4545
-5356
-6195
-6761
-7428
-8065
-8710
-9292
-9833
-10378
-10221
-10059
-9804
-9516
-9093
-8020
-7081
-5951
-4890
-4059
-2856
-1734
-350
1040
2051
3448
4620
5762
6905
7939
9144
9909
10490
11297
11831
12194
12505
12434
12281
11719
11227
10535
9354
8291
7042
5641
4260
2889
1492
52
-1312
-2434
-3537
-4238
-4733
-5305
-5766
-5864
-5785
-5770
-5422
-5183
-4969
-4702
-4020
-3333
-2970
-2212
-1486
-867
-291
533
1265
1611
2046
2447
2708
2747
2983
3091
2869
2720
2743
2782
2652
2500
2403
2300
1975
1940
1759
1498
1068
445
123
-721
-1378
-2057
-2957
-3787
-4769
-5238
-5866
-6675
-7022
-7565
-7952
-8530
-9142
-9468
-10094
-9987
-9822
-9673
-9343
-9103
-8007
-6930
-5932
-4773
-3941
-2620
-1388
-64
1560
2527
3905
5141
6278
7487
8240
9463
10165
10592
11361
11744
12135
12144
12061
12006
11313
10853
10129
9005
7913
6646
5572
4184
2786
1583
179
-1035
-2169
-3217
-4128
-4916
-5412
-5891
-6261
-6353
-6331
-6132
-5865
-5523
-5100
-4565
-3880
-3216
-2480
-1708
-938
-279
456
1185
1766
2241
2569
2943
3102
3338
3495
3517
3469
3387
3484
3373
3277
3174
3038
2743
2371
2202
1945
1492
978
391
-424
-1290
-2016
-2729
-3771
-4710
-5373
-6115
-6713
-7200
-7493
-8035
-8619
-8943
-9588
-10124
-10521
-10549
-10508
-10471
-10009
-9612
-8742
-7617
-6354
-5059
-4009
-2515
-1154
408
1998
3256
4705
5813
7044
8085
9001
9972
10573
11206
11814
12183
12400
12521
12436
12243
11647
11088
10207
9070
8018
6623
5292
3863
2500
1065
-444
-1722
-2949
-4026
-4723
-5278
-5814
-6197
-6318
-6278
-6208
-5867
-5575
-5461
-5087
-4462
-3873
-3363
-2627
-1762
-1175
-418
577
1411
2074
2766
3452
3944
4263
4734
4960
4815
4832
4660
4544
4165
3902
3740
3261
2972
2677
2437
2037
1498
1023
408
-482
-1255
-2063
-2977
-3958
-4892
-5573
-6506
-7245
-7788
-8454
-9060
-9761
-10171
-10823
-11432
-11669
-11941
-11690
-11480
-10821
-10275
-9541
-8119
-6904
-5340
-4174
-2815
-1349
29
1733
3009
4406
5701
6846
8051
9119
10253
11152
11959
12642
13129
13423
13666
13657
13232
12684
11745
10807
9592
8315
6875
5245
3879
2311
864
-587
-1873
-3075
-4094
-4736
-5447
-5876
-6133
-6252
-6448
-6506
-6142
-6188
-6012
-5615
-5109
-4641
-4090
-2975
-2236
-1382
-342
737
1568
2407
3413
4000
4434
4907
5417
5476
5568
5606
5526
5259
5041
4964
4589
4357
3895
3591
3245
2771
2316
1575
943
51
-855
-1623
-2692
-3858
-4820
-5692
-6538
-7519
-8209
-8776
-9708
-10143
-10635
-11229
-11918
-12528
-12670
-13101
-12825
-12181
-11648
-11083
-10286
-8626
-7142
-5628
-4105
-2723
-1230
233
2107
3635
4876
6144
7391
8584
9664
10898
11985
12723
13244
13984
14452
14588
14539
14172
13493
12432
11443
10298
8671
6992
5310
3532
1874
226
-1205
-2704
-4020
-4974
-5756
-6133
-6334
-6649
-7016
-6921
-6801
-6432
-6263
-6063
-5830
-5662
-4616
-4110
-3371
-2567
-1656
-540
223
1746
2764
3625
4478
5318
6005
6382
6926
7118
6970
6620
6580
6211
5907
5417
4957
4521
3872
3714
3159
2778
2037
1369
796
-201
-1115
-2264
-3344
-4672
-5866
-6681
-7660
-8821
-9581
-10184
-10910
-11679
-12232
-12661
-13556
-13906
-13957
-13902
-13453
-12756
-11678
-11038
-9799
-7985
-6365
-4769
-3401
-1706
-329
1225
3052
4523
5849
7079
8523
9721
10873
12090
13182
13963
14512
15064
15268
15191
14864
14172
13193
11823
10512
9105
7277
5584
3744
2179
494
-1105
-2297
-3697
-4671
-5478
-5975
-6507
-6920
-7003
-7098
-7244
-7196
-6882
-6897
-6536
-6172
-5467
-4933
-4231
-2907
-2156
-887
226
1601
2735
3618
4932
5603
6310
6863
7345
7485
7418
7392
7336
6922
6655
6526
5941
5629
4943
4736
4125
3421
3054
2054
1396
280
-660
-1845
-3334
-4478
-5839
-7020
-8148
-9166
-10057
-10873
-11525
-12051
-12743
-13214
-13781
-14269
-14410
-14525
-13979
-13523
-12652
-11734
-10798
-8967
-7475
-5664
-4192
-2733
-867
516
2464
4101
5602
7183
8422
9833
10999
12077
13273
13996
14499
15022
15205
15363
14996
14470
13737
12443
11220
9788
8215
6523
4735
3023
1352
-342
-1702
-3105
-4341
-5387
-6301
-6746
-7269
-7517
-7831
-7772
-7616
-7493
-7111
-6848
-6307
-5852
-4975
-4226
-3489
-2394
-1234
-98
884
2246
3374
4413
5336
6354
7087
7546
8139
8337
8411
8210
8177
7810
7368
6884
6341
5826
5077
4659
3859
3212
2334
1435
547
-770
-1894
-3243
-4474
-5849
-7080
-8091
-9209
-10258
-11211
-11967
-12791
-13493
-14046
-14651
-15196
-15404
-15354
-14943
-14265
-13353
-12323
-11398
-9690
-7940
-6211
-4500
-3141
-1322
164
2022
3791
5175
6803
8080
9483
10721
11953
13184
14056
14671
15284
15590
15769
15638
15076
14340
13048
11919
10422
8838
7068
5184
3479
1660
194
-1351
-2649
-3941
-4983
-5870
-6596
-7023
-7375
-7619
-7935
-7918
-7810
-7458
-7202
-6786
-6320
-5763
-4852
-3933
-2714
-1724
-413
742
1994
3375
4467
5627
6236
7095
7689
8163
8598
8636
8689
8457
8282
8048
7691
7218
6681
6018
5520
4914
4224
3525
2398
1366
-11
-1261
-2694
-4322
-5662
-7253
-8394
-9443
-10341
-11160
-12099
-12524
-13144
-13798
-14237
-14833
-15149
-15493
-15499
-15020
-14580
-13571
-12548
-11542
-9857
-8137
-6071
-4224
-2681
-506
1111
3067
4894
6270
7978
8910
10256
11310
12152
13339
13961
14641
15027
15247
15522
15290
14892
14256
13092
12002
10567
9078
7398
5410
3668
1662
-12
-1702
-3354
-4669
-5989
-6898
-7591
-7902
-8039
-8361
-8286
-7975
-7650
-7102
-6682
-6192
-5733
-5018
-3954
-3323
-2447
-1347
-203
951
2150
3625
4829
5981
7192
8237
8934
9620
10157
10236
10068
9810
9578
8934
8237
7510
6591
5624
4743
3962
2973
1989
1045
76
-1060
-2181
-3298
-4635
-6040
-7443
-8749
-10016
-11156
-12158
-13065
-13836
-14452
-14893
-15284
-15530
-15660
-15701
-15528
-15162
-14247
-13135
-11965
-10782
-9437
-7558
-5774
-3846
-2273
-747
928
2559
4497
5922
7469
8802
10056
11341
12412
13640
14466
15162
15606
15871
15944
15824
15411
14586
13418
11964
10597
9007
7292
5391
3472
1741
-1
-1473
-2924
-4246
-5320
-6306
-7057
-7719
-7912
-8005
-8267
-8364
-8290
-7854
-7491
-6900
-6304
-5711
-4822
-3717
-2372
-1203
234
1573
2857
4152
5502
6860
7700
8520
9145
9695
10062
10247
10224
9859
9424
8994
8510
7785
7130
6311
5542
4670
3807
2987
1802
658
-736
-2084
-3478
-4901
-6236
-7716
-9083
-10260
-11196
-12022
-12802
-13466
-13907
-14340
-14609
-14839
-14977
-15038
-15124
-14945
-14897
-14245
-13199
-12069
-10934
-9881
-7944
-5993
-3989
-2048
-484
1319
2983
4888
6507
7668
9012
10138
11060
11959
12822
13696
14182
14433
14858
14864
14871
14654
14000
13128
11755
10643
9262
7589
5824
3853
2020
243
-1328
-2762
-4161
-5450
-6361
-7104
-7409
-7549
-7686
-7759
-7789
-7338
-6914
-6398
-5993
-5510
-4786
-3854
-2788
-1836
-685
542
1901
3096
4475
5823
7014
8023
8787
9584
10018
10515
10644
10362
9850
9286
8851
8058
7105
6130
5158
4164
3284
2402
1524
513
-435
-1374
-2551
-3593
-4773
-6025
-7510
-8968
-10202
-11321
-12210
-13033
-13611
-13951
-13991
-13892
-13740
-13568
-13456
-13282
-13080
-12961
-12711
-11951
-11014
-10179
-9453
-8180
-6370
-4692
-2864
-1321
218
1941
3719
5618
6818
8044
9311
10216
11102
11817
12597
13038
13165
13527
13705
13605
13392
12914
12316
11280
10262
9265
7853
6339
4682
3207
1604
85
-1225
-2653
-4018
-5107
-5927
-6730
-7273
-7501
-7647
-7933
-7642
-7065
-6522
-5895
-5187
-4148
-3394
-2221
-1056
-132
982
2088
3316
4167
5243
6361
7147
7864
8601
9293
9618
9848
9958
9762
9287
8827
8188
7302
6237
5247
4300
3203
2252
1168
186
-918
-1959
-2883
-4041
-5027
-6123
-7073
-8037
-9048
-9787
-10597
-11170
-11640
-12023
-12124
-12290
-12298
-12260
-12304
-12125
-12110
-12009
-11930
-12028
-11437
-10629
-9594
-8653
-7816
-6164
-4649
-2923
-1256
72
1709
3009
4582
5946
6984
8305
9117
9920
10618
11214
11964
12245
12609
12928
12997
13080
12784
12426
11896
10910
9915
8685
7373
5960
4242
2830
1207
-326
-1554
-2967
-4123
-5257
-6024
-6693
-7292
-7206
-7292
-7514
-7255
-6513
-5799
-5307
-4483
-3516
-2903
-1905
-493
410
1241
2385
3663
4501
5390
6779
7512
7882
8550
9243
9413
9308
9425
9190
8426
7727
7096
6097
4950
3826
2741
1508
376
-492
-1529
-2521
-3458
-4164
-4800
-5564
-6169
-6898
-7613
-8323
-8993
-9576
-10261
-10775
-11160
-11407
-11459
-11455
-11489
-11446
-11328
-11286
-11287
-11220
-11153
-11135
-10498
-9351
-8443
-7821
-6700
-4927
-3383
-1884
-445
822
2008
3471
5177
6139
7134
8440
9487
10181
10857
11948
12618
12850
13274
13643
13613
13498
13298
12773
11775
10700
9847
8459
6873
5346
3838
2342
711
-612
-1869
-3219
-4259
-5048
-5792
-6509
-6976
-6956
-7161
-7426
-7057
-6445
-5905
-5476
-4546
-3477
-2736
-1570
-138
945
1801
3027
4419
5224
5995
7149
7790
7981
8330
8800
8783
8340
8227
7854
7005
6210
5600
4775
3588
2618
1841
982
-30
-843
-1578
-2398
-3186
-3924
-4517
-5378
-6202
-6840
-7565
-8371
-9109
-9565
-10098
-10617
-10761
-10728
-10879
-10942
-10727
-10621
-10766
-10920
-10844
-10850
-10979
-10907
-10409
-9617
-8778
-7942
-6923
-5419
-3812
-2149
-714
531
2107
3625
5148
6249
7291
8559
9393
10226
10968
11767
12465
12856
13392
13705
13801
13854
13710
13275
12465
11464
10432
9132
7555
5938
4215
2521
897
-606
-1984
-3436
-4568
-5504
-6370
-6918
-7127
-7198
-7423
-7346
-6812
-6064
-5444
-4721
-3943
-3204
-2159
-1163
-40
754
1648
2715
3555
4616
5339
6187
6786
7157
7598
7733
7907
7698
7328
6845
6134
5434
4727
3891
2962
2031
1256
662
-81
-600
-1244
-1913
-2521
-3254
-3750
-4534
-5258
-6081
-6977
-7566
-8312
-8874
-9554
-10112
-10384
-10609
-10485
-10529
-10528
-10449
-10446
-10386
-10514
-10534
-10688
-11062
-10944
-10304
-9464
-8699
-7991
-6648
-5037
-3363
-1574
-232
1352
2934
4526
6068
7162
8567
9611
10445
11234
11891
12759
13310
13750
14100
14299
14383
14301
14011
13421
12371
11145
9974
8475
6802
4972
3201
1444
-270
-1720
-3187
-4442
-5391
-6173
-6858
-7149
-7045
-6994
-7004
-6725
-6133
-5551
-4881
-4194
-3631
-3014
-2119
-1154
-358
485
1435
2367
3275
4330
5250
6008
6648
7134
7513
7675
7841
7640
7227
6786
6206
5662
4969
4293
3497
2634
1943
1238
540
-129
-947
-1769
-2587
-3381
-4102
-5061
-5963
-6914
-7725
-8345
-9098
-9632
-10164
-10440
-10541
-10619
-10565
-10678
-10588
-10512
-10637
-10747
-10864
-10858
-11061
-11335
-11238
-10795
-9910
-9032
-8187
-6894
-5151
-3109
-1254
488
2269
3890
5484
7039
8310
9430
10463
11315
12064
12685
13493
14065
14336
14668
14764
14762
14459
14051
13347
12146
10863
9456
7937
6161
4301
2466
739
-929
-2417
-3677
-4846
-5766
-6536
-6974
-7351
-7481
-7364
-7304
-7181
-6989
-6455
-6015
-5439
-4684
-4003
-3257
-2339
-1004
96
1242
2517
3700
4895
6047
7283
7973
8497
9007
9275
9345
9108
8845
8230
7532
6901
6106
5318
4440
3582
2665
1700
917
128
-719
-1684
-2790
-3740
-4704
-5758
-6817
-7887
-8788
-9641
-10266
-10673
-11031
-11135
-11138
-10995
-10819
-10657
-10413
-10341
-10292
-10463
-10706
-10818
-11048
-11197
-11416
-11420
-11001
-10056
-8519
-7192
-5830
-3939
-1580
720
2574
4326
5854
7163
8424
9577
10326
10916
11535
11942
12210
12520
13123
13428
13450
13533
13536
13438
13047
12543
11708
10469
9055
7583
6085
4302
2361
500
-1186
-2836
-4315
-5431
-6397
-7340
-7921
-8093
-8276
-8163
-7608
-7064
-7047
-6666
-5493
-4757
-4224
-3392
-2317
-1659
-788
1020
2219
3017
4318
5869
6888
7720
9194
9946
9846
10128
10508
10173
9270
8722
7921
6401
5311
4535
3504
2189
1134
421
-642
-1435
-2013
-2802
-3761
-4802
-5442
-6207
-7135
-7948
-8828
-9613
-10378
-10786
-10898
-11216
-11386
-11307
-10984
-10572
-10253
-9719
-9448
-9287
-9025
-8865
-8660
-8690
-8494
-8334
-8243
-7703
-6848
-5484
-4265
-3122
-1741
-91
1868
3506
4904
6007
6923
7898
8821
9548
9930
10230
10499
10667
10857
11219
11465
11409
11282
11257
11168
10823
10391
9715
8650
7351
6084
4813
3247
1554
-91
-1614
-2951
-4053
-4914
-5707
-6287
-6484
-6469
-6300
-5964
-5465
-5011
-4612
-4070
-3378
-2726
-2204
-1527
-692
220
1092
2131
3366
4417
5463
6502
7456
8141
8692
9113
8980
8608
8228
7663
6694
5637
4701
3669
2635
1866
1242
477
-161
-706
-1241
-1835
-2454
-3092
-4027
-4981
-5938
-6821
-7616
-8483
-9251
-9879
-10214
-10336
-10334
-10161
-9837
-9348
-8710
-8019
-7332
-6681
-6133
-5698
-5497
-5423
-5452
-5629
-5938
-6266
-6374
-6462
-6422
-5970
-5129
-4100
-3083
-1918
-574
913
2406
3543
4320
5015
5700
6258
6557
6712
6826
6960
7215
7496
7821
8223
8636
8984
9263
9427
9443
9254
8833
8144
7148
6100
4934
3681
2387
1039
-149
-1200
-2003
-2699
-3281
-3534
-3620
-3577
-3449
-3184
-2821
-2440
-1951
-1552
-1331
-1033
-618
-215
106
472
907
1282
1898
2667
3302
3834
4408
5008
5304
5554
5725
5572
5200
4767
4322
3591
2846
2234
1541
826
189
-299
-795
-1329
-1738
-2171
-2648
-3115
-3529
-3896
-4436
-4932
-5301
-5697
-6078
-6389
-6491
-6597
-6682
-6456
-6076
-5678
-5224
-4664
-4155
-3873
-3567
-3319
-3447
-3820
-4252
-4688
-5348
-5985
-6330
-6690
-6996
-7023
-6616
-6012
-5256
-4267
-3358
-2385
-1135
219
1193
1823
2505
3214
3779
4258
4726
5097
5498
6043
6688
7305
7933
8591
9122
9534
9834
10051
10048
9734
9206
8508
7640
6632
5596
4484
3272
2099
1177
396
-387
-966
-1359
-1652
-1938
-2067
-2040
-2144
-2284
-2468
-2690
-2900
-3001
-2978
-3096
-3121
-2741
-2222
-1729
-1081
-233
526
1147
1908
2564
2896
3195
3392
3284
3030
2885
2658
2160
1781
1570
1262
978
893
841
648
514
451
257
-55
-342
-664
-1143
-1671
-2207
-2686
-3181
-3641
-4014
-4375
-4565
-4639
-4572
-4520
-4440
-4204
-4025
-3939
-4002
-4089
-4303
-4721
-5252
-5886
-6589
-7347
-7965
-8457
-8802
-9012
-8968
-8545
-7793
-6711
-5635
-4604
-3414
-1979
-582
505
1383
2185
2969
3784
4615
5214
5797
6477
7286
8127
8896
9733
10392
11049
11596
11922
12052
11956
11727
11093
10210
9189
8101
6925
5592
4233
2909
1756
739
-232
-1170
-1897
-2448
-2963
-3489
-3915
-4216
-4594
-4829
-4995
-5206
-5437
-5451
-5224
-5030
-4603
-4007
-3392
-2703
-1698
-587
267
1102
1928
2608
3094
3579
3898
3928
3902
3922
3870
3686
3583
3456
3266
3047
2886
2698
2378
2101
1748
1336
852
345
-174
-844
-1479
-2091
-2689
-3249
-3800
-4236
-4635
-4978
-5220
-5466
-5609
-5770
-5973
-6103
-6290
-6398
-6576
-6826
-7067
-7435
-7671
-7995
-8356
-8556
-8713
-8640
-8550
-8252
-7619
-6836
-5739
-4694
-3600
-2379
-1124
302
1499
2533
3451
4307
5262
6063
6774
7414
7966
8588
9197
9830
10484
10975
11422
11685
11805
11825
11594
11217
10437
9425
8354
7179
5937
4565
3248
1906
582
-522
-1465
-2387
-3218
-3893
-4507
-5059
-5408
-5594
-5941
-6232
-6349
-6341
-6274
-6084
-5673
-5324
-4725
-3840
-2813
-1785
-706
561
1643
2694
3719
4587
5161
5515
5853
5928
5834
5732
5547
5238
4943
4745
4585
4328
4148
3990
3689
3359
2901
2453
1759
921
64
-956
-1924
-2974
-3892
-4783
-5654
-6263
-6773
-7153
-7429
-7504
-7474
-7483
-7371
-7183
-7031
-6844
-6668
-6593
-6598
-6536
-6412
-6483
-6574
-6620
-6652
-6548
-6298
-5974
-5693
-5169
-4371
-3497
-2564
-1597
-628
301
1305
2283
3113
3827
4487
5107
5676
6251
6812
7308
7740
8161
8614
9059
9383
9613
9720
9673
9478
9142
8685
7945
7016
5998
4863
3642
2421
1252
23
-1207
-2205
-3052
-3836
-4446
-4937
-5308
-5621
-5678
-5525
-5479
-5364
-5162
-4861
-4482
-4016
-3371
-2818
-2219
-1381
-467
539
1479
2426
3325
4007
4785
5404
5819
6047
6045
6074
5854
5672
5447
5037
4647
4135
3790
3364
2871
2380
1708
1056
322
-376
-1086
-1953
-2766
-3571
-4303
-4898
-5484
-5911
-6319
-6615
-6719
-6763
-6573
-6406
-6130
-5779
-5411
-4906
-4485
-4018
-3672
-3451
-3234
-3098
-3017
-3059
-3158
-3275
-3528
-3761
-3789
-3857
-3904
-3878
-3701
-3397
-2998
-2271
-1651
-1115
-422
372
1177
1824
2513
3126
3560
4093
4682
5154
5543
5868
6224
6462
6677
6998
7126
7144
7007
6876
6706
6345
5942
5344
4623
3803
3067
2366
1509
629
-168
-864
-1577
-2076
-2427
-2863
-3247
-3426
-3419
-3426
-3314
-3071
-2992
-2880
-2513
-2087
-1751
-1446
-938
-517
-88
637
1262
1792
2261
2815
3275
3549
4021
4250
4222
4196
4149
4046
3726
3452
3071
2444
1971
1508
1005
480
-74
-534
-1085
-1481
-1780
-2187
-2532
-2908
-3161
-3313
-3455
-3547
-3651
-3705
-3700
-3694
-3537
-3403
-3334
-3092
-2900
-2654
-2403
-2082
-1801
-1825
-1700
-1686
-1802
-1943
-2234
-2565
-3059
-3396
-3673
-4124
-4369
-4524
-4645
-4596
-4451
-4067
-3694
-3177
-2545
-2133
-1442
-812
-217
314
727
1328
1681
2270
2796
3178
3727
4175
4706
5075
5524
5995
6214
6430
6562
6552
6508
6315
5977
5453
4860
4375
3685
3049
2383
1699
1199
631
191
-298
-720
-1091
-1550
-1809
-2110
-2406
-2554
-2686
-2760
-2708
-2452
-2113
-1942
-1476
-849
-407
219
788
1316
1634
1994
2472
2423
2524
2593
2464
2321
2165
2305
2092
1972
2082
1960
1963
1904
1891
1661
1283
1145
726
257
-178
-674
-1086
-1606
-1884
-2114
-2365
-2379
-2465
-2367
-2270
-2161
-1936
-1924
-1827
-1845
-1867
-1879
-2102
-2187
-2362
-2534
-2690
-2839
-2840
-2993
-3031
-3053
-3200
-3309
-3491
-3716
-4112
-4557
-4884
-5297
-5667
-5853
-5928
-5784
-5487
-4958
-4321
-3661
-2732
-1869
-1034
-240
490
1230
1751
2289
2708
3020
3356
3630
3937
4169
4441
4805
5143
5493
5871
6191
6456
6578
6654
6617
6338
5996
5450
4857
4159
3435
2767
1949
1295
693
202
-202
-551
-723
-941
-1045
-1076
-1084
-1099
-1162
-1187
-1287
-1342
-1311
-1270
-1228
-1136
-899
-568
-182
270
698
1098
1489
1833
2137
2253
2313
2282
2165
2060
1879
1776
1579
1434
1388
1356
1408
1405
1494
1524
1532
1584
1526
1413
1203
985
691
309
-40
-391
-767
-1132
-1409
-1620
-1762
-1845
-1872
-1912
-1960
-1956
-2012
-2148
-2423
-2741
-3073
-3504
-3949
-4418
-4864
-5331
-5725
-6034
-6393
-6691
-6907
-7011
-7092
-7096
-6928
-6714
-6383
-5937
-5399
-4858
-4319
-3669
-3030
-2436
-1838
-1261
-667
-69
552
1220
1849
2529
3235
3960
4704
5329
5991
6557
6992
7348
7592
7767
7692
7573
7375
7011
6627
6226
5788
5196
4655
4168
3589
2996
2412
1777
1029
347
-243
-913
-1569
-2119
-2602
-3001
-3204
-3199
-3232
-3224
-3009
-2705
-2321
-1953
-1567
-1268
-993
-554
-244
29
212
421
691
851
1194
1481
1814
2165
2470
2944
3284
3693
4040
4221
4364
4375
4481
4368
4058
3762
3343
2956
2513
2102
1673
1135
788
449
60
-306
-690
-1026
-1493
-1888
-2212
-2660
-3035
-3433
-3758
-4099
-4457
-4691
-5040
-5315
-5552
-5802
-6033
-6352
-6546
-6783
-7070
-7331
-7635
-7823
-7989
-8051
-7997
-7917
-7631
-7188
-6611
-5956
-5272
-4422
-3547
-2680
-1749
-867
36
894
1735
2586
3318
4139
4921
5616
6319
6964
7659
8231
8718
9143
9386
9571
9600
9478
9182
8686
8129
7401
6565
5696
4724
3735
2717
1754
874
-7
-765
-1496
-2178
-2726
-3230
-3618
-4003
-4313
-4513
-4675
-4699
-4677
-4532
-4302
-4024
-3628
-3182
-2647
-2077
-1472
-857
-267
382
1058
1687
2267
2833
3409
3944
4462
4969
5379
5747
6109
6415
6620
6736
6805
6741
6539
6248
5857
5364
4751
4082
3336
2539
1770
987
208
-588
-1343
-2020
-2682
-3310
-3892
-4423
-4943
-5463
-5887
-6273
-6689
-7046
-7351
-7645
-7936
-8115
-8230
-8418
-8538
-8589
-8620
-8686
-8667
-8556
-8518
-8380
-8113
-7738
-7325
-6770
-6028
-5283
-4411
-3400
-2338
-1323
-311
749
1698
2564
3369
4072
4655
5169
5686
6115
6465
6837
7211
7557
7862
8160
8424
8563
8621
8594
8412
8069
7582
6995
6234
5353
4460
3483
2454
1436
500
-392
-1225
-1903
-2505
-3048
-3490
-3799
-4057
-4270
-4371
-4435
-4452
-4379
-4150
-3865
-3571
-3142
-2651
-2066
-1425
-739
-59
582
1327
2071
2800
3473
4103
4755
5329
5890
6399
6829
7192
7458
7679
7777
7755
7623
7340
6924
6362
5725
4987
4113
3171
2182
1155
119
-896
-1893
-2881
-3787
-4581
-5302
-5938
-6478
-6929
-7320
-7615
-7827
-8013
-8150
-8248
-8304
-8318
-8265
-8154
-8046
-7874
-7652
-7386
-7082
-6734
-6365
-6030
-5628
-5225
-4863
-4501
-4142
-3781
-3486
-3164
-2787
-2407
-1965
-1464
-904
-330
308
1038
1739
2413
3090
3736
4329
4855
5346
5771
6073
6357
6595
6763
6876
6943
7003
6961
6890
6786
6586
6309
5950
5548
5040
4443
3825
3147
2444
1735
1032
342
-353
-954
-1495
-1999
-2415
-2764
-3033
-3213
-3282
-3250
-3137
-2921
-2642
-2304
-1864
-1357
-801
-240
295
863
1430
2007
2557
3006
3444
3841
4230
4579
4860
5125
5280
5417
5495
5515
5487
5341
5132
4824
4444
4017
3516
2923
2231
1487
745
-33
-864
-1698
-2519
-3313
-4067
-4722
-5319
-5868
-6278
-6583
-6816
-6948
-6964
-6918
-6861
-6738
-6575
-6420
-6248
-6056
-5884
-5716
-5509
-5285
-5072
-4859
-4603
-4359
-4107
-3845
-3605
-3377
-3185
-2977
-2833
-2687
-2498
-2323
-2103
-1863
-1539
-1141
-678
-153
376
946
1521
2097
2647
3127
3564
3937
4243
4472
4669
4854
4990
5076
5166
5271
5354
5459
5539
5575
5545
5490
5403
5168
4879
4534
4095
3572
3011
2453
1839
1221
650
72
-467
-890
-1253
-1572
-1830
-1987
-2089
-2163
-2133
-2093
-2022
-1879
-1688
-1480
-1262
-888
-526
-207
202
599
1021
1429
1886
2266
2523
2910
3249
3497
3718
3923
4069
4101
4187
4208
4098
3950
3736
3404
2960
2485
1929
1223
444
-343
-1150
-1941
-2698
-3421
-4075
-4627
-5055
-5382
-5607
-5760
-5855
-5854
-5808
-5773
-5714
-5619
-5578
-5556
-5470
-5351
-5239
-5073
-4792
-4479
-4105
-3618
-3083
-2589
-2123
-1613
-1213
-951
-736
-617
-616
-723
-825
-949
-1091
-1111
-1067
-944
-717
-320
186
710
1310
1885
2414
2891
3283
3557
3704
3795
3793
3718
3664
3631
3599
3583
3640
3739
3857
4021
4172
4243
4253
4235
4116
3867
3511
3079
2561
1973
1379
799
234
-285
-709
-1063
-1361
-1553
-1644
-1711
-1776
-1770
-1719
-1681
-1646
-1574
-1503
-1455
-1336
-1181
-1002
-771
-453
-77
273
715
1187
1654
2078
2434
2761
2988
3172
3276
3286
3232
3101
2966
2799
2592
2361
2117
1865
1560
1259
948
563
100
-395
-948
-1563
-2173
-2796
-3434
-4043
-4518
-4903
-5203
-5343
-5374
-5289
-5083
-4750
-4367
-3966
-3489
-3020
-2597
-2177
-1788
-1457
-1204
-981
-774
-629
-473
-312
-178
-36
112
279
385
449
510
505
465
355
205
34
-195
-392
-623
-845
-1020
-1158
-1225
-1290
-1281
-1198
-1079
-932
-776
-584
-407
-228
-27
158
337
547
793
1041
1298
1615
1958
2275
2604
2943
3235
3503
3728
3878
3923
3910
3839
3616
3331
2991
2579
2126
1670
1230
771
381
78
-213
-440
-575
-654
-712
-735
-711
-713
-727
-733
-784
-843
-912
-975
-1010
-1015
-928
-778
-556
-255
74
488
917
1298
1645
1924
2133
2207
2214
2138
1910
1649
1362
1041
677
375
133
-137
-328
-455
-552
-642
-699
-735
-821
-876
-907
-957
-1031
-1083
-1080
-1076
-1049
-1002
-938
-863
-785
-678
-592
-511
-448
-395
-361
-369
-364
-387
-445
-532
-628
-713
-813
-919
-1038
-1171
-1310
-1433
-1565
-1736
-1893
-2042
-2210
-2368
-2507
-2623
-2740
-2824
-2869
-2901
-2854
-2749
-2622
-2449
-2212
-1900
-1566
-1183
-755
-340
100
574
1042
1441
1847
2262
2589
2886
3163
3395
3547
3653
3740
3721
3677
3615
3477
3254
2986
2716
2372
1991
1592
1164
726
301
-83
-451
-786
-1060
-1291
-1474
-1616
-1700
-1729
-1741
-1722
-1659
-1541
-1391
-1216
-982
-730
-455
-116
258
610
945
1305
1623
1876
2105
2274
2370
2390
2394
2355
2271
2203
2133
2058
1973
1935
1903
1837
1774
1676
1549
1367
1152
902
589
257
-97
-444
-781
-1096
-1354
-1573
-1741
-1855
-1899
-1901
-1889
-1843
-1795
-1758
-1711
-1656
-1627
-1628
-1603
-1585
-1575
-1544
-1489
-1451
-1425
-1363
-1315
-1287
-1257
-1230
-1251
-1301
-1310
-1349
-1427
-1478
-1545
-1636
-1719
-1746
-1776
-1832
-1797
-1751
-1698
-1593
-1436
-1255
-1092
-856
-605
-381
-127
116
336
502
672
844
948
1053
1161
1244
1325
1428
1547
1642
1734
1820
1872
1886
1871
1816
1699
1535
1339
1134
908
681
481
309
185
111
97
123
177
264
371
465
531
600
643
648
645
648
659
680
726
799
879
1003
1155
1298
1450
1583
1703
1783
1813
1797
1733
1621
1465
1282
1083
874
676
490
334
193
84
17
-50
-100
-148
-185
-239
-320
-401
-516
-650
-781
-913
-1046
-1161
-1231
-1280
-1296
-1251
-1179
-1084
-978
-849
-739
-657
-573
-542
-546
-567
-596
-657
-735
-786
-837
-888
-899
-897
-894
-884
-849
-824
-848
-875
-948
-1068
-1217
-1385
-1572
-1791
-1961
-2115
-2243
-2301
-2291
-2228
-2127
-1954
-1752
-1530
-1296
-1049
-831
-636
-454
-299
-165
-47
82
203
345
513
703
917
1134
1354
1561
1755
1914
2020
2076
2074
2024
1936
1807
1651
1479
1317
1163
1041
960
916
901
923
984
1052
1126
1193
1232
1230
1215
1156
1053
936
790
648
506
403
327
264
256
276
320
379
451
509
523
545
525
464
400
314
222
125
69
41
34
75
143
224
326
449
553
615
658
661
599
516
405
250
66
-114
-282
-441
-565
-654
-706
-724
-695
-634
-566
-485
-405
-346
-308
-293
-313
-387
-501
-650
-838
-1030
-1217
-1398
-1557
-1668
-1739
-1759
-1733
-1672
-1597
-1520
-1437
-1387
-1358
-1371
-1416
-1494
-1596
-1677
-1748
-1788
-1782
-1717
-1585
-1395
-1147
-862
-570
-281
-16
222
411
541
614
645
650
634
618
601
598
611
655
733
835
960
1097
1220
1341
1455
1534
1582
1578
1534
1445
1327
1192
1034
877
728
608
530
494
495
525
590
671
758
843
890
895
852
766
636
473
289
111
-65
-206
-287
-326
-304
-239
-133
-9
146
301
421
527
601
639
643
623
585
514
434
371
303
247
215
192
170
165
187
200
219
242
250
245
239
225
195
155
107
54
3
-37
-62
-83
-98
-95
-87
-76
-75
-101
-156
-248
-364
-509
-673
-845
-1023
-1191
-1341
-1472
-1574
-1643
-1698
-1741
-1744
-1727
-1699
-1655
-1599
-1540
-1493
-1423
-1348
-1296
-1227
-1162
-1096
-1022
-951
-878
-822
-757
-681
-608
-517
-411
-287
-156
-3
164
323
480
612
714
801
865
905
919
922
926
922
933
957
976
989
1009
1022
1024
1028
1020
1005
975
935
883
831
773
696
617
536
459
376
300
225
151
89
48
25
14
21
43
78
122
178
225
261
296
316
337
367
397
429
473
531
600
674
733
783
816
830
832
826
799
767
734
696
677
667
662
663
678
693
700
706
675
618
534
423
303
163
46
-57
-154
-218
-272
-322
-379
-455
-557
-685
-831
-977
-1132
-1276
-1399
-1503
-1572
-1614
-1634
-1644
-1631
-1609
-1585
-1554
-1526
-1511
-1499
-1495
-1499
-1503
-1498
-1479
-1454
-1395
-1300
-1176
-1032
-876
-723
-581
-451
-333
-250
-194
-153
-130
-105
-84
-50
-35
-13
16
55
113
186
274
359
470
574
682
762
824
847
839
808
734
654
550
447
344
258
202
165
154
168
202
254
314
368
396
404
401
355
303
242
179
119
83
95
122
196
309
433
577
736
891
1026
1131
1205
1234
1242
1230
1188
1141
1105
1086
1084
1117
1168
1230
1312
1395
1457
1494
1508
1484
1425
1331
1210
1065
897
722
546
366
195
57
-58
-150
-207
-242
-266
-273
-280
-308
-360
-443
-560
-704
-871
-1048
-1228
-1393
-1534
-1641
-1694
-1711
-1697
-1649
-1579
-1492
-1407
-1326
-1260
-1225
-1204
-1205
-1225
-1245
-1256
-1246
-1220
-1158
-1061
-936
-780
-621
-457
-308
-189
-96
-39
-20
-22
-54
-88
-113
-143
-167
-188
-203
-214
-215
-204
-198
-180
-146
-97
-46
5
60
94
122
130
109
79
32
-14
-60
-87
-97
-105
-90
-67
-20
32
90
151
194
247
288
322
349
365
383
407
451
513
602
714
844
985
1122
1264
1381
1461
1519
1549
1554
1547
1517
1477
1425
1376
1333
1283
1249
1218
1187
1166
1149
1132
1103
1059
994
897
782
643
473
298
122
-48
-199
-320
-417
-502
-556
-596
-626
-651
-673
-702
-748
-802
-881
-980
-1088
-1202
-1315
-1411
-1473
-1500
-1494
-1455
-1378
-1280
-1173
-1060
-955
-862
-777
-692
-624
-560
-499
-453
-414
-379
-345
-319
-278
-229
-174
-111
-46
22
74
110
135
129
103
64
10
-49
-108
-163
-221
-274
-316
-345
-358
-347
-324
-287
-243
-212
-181
-173
-192
-229
-275
-328
-372
-385
-373
-336
-269
-181
-83
20
110
195
279
368
457
533
611
689
750
817
881
929
971
1014
1071
1136
1218
1314
1415
1521
1621
1697
1730
1733
1689
1607
1504
1373
1223
1065
910
762
626
511
421
355
309
280
258
226
167
73
-60
-231
-431
-644
-845
-1024
-1160
-1242
-1279
-1265
-1231
-1182
-1123
-1089
-1065
-1054
-1066
-1074
-1092
-1103
-1122
-1130
-1111
-1095
-1060
-1016
-960
-897
-812
-705
-582
-453
-310
-173
-46
82
180
255
297
312
312
301
292
282
272
261
259
262
272
271
242
189
122
26
-81
-214
-371
-514
-637
-731
-791
-826
-834
-809
-751
-673
-588
-506
-440
-390
-349
-322
-313
-322
-334
-343
-334
-292
-234
-156
-52
80
228
395
565
710
847
963
1063
1146
1198
1223
1230
1236
1262
1287
1317
1365
1417
1484
1551
1607
1641
1638
1600
1535
1445
1315
1156
985
789
605
443
283
133
-13
-141
-255
-342
-418
-491
-560
-631
-695
-758
-833
-932
-1023
-1106
-1163
-1190
-1187
-1158
-1108
-1034
-948
-870
-805
-745
-694
-641
-593
-546
-512
-477
-441
-411
-355
-288
-204
-113
-21
80
169
250
299
337
362
390
431
465
500
507
500
472
414
332
217
84
-43
-159
-253
-309
-360
-388
-388
-374
-350
-338
-345
-373
-435
-516
-622
-735
-839
-922
-970
-975
-938
-871
-776
-690
-596
-503
-424
-350
-292
-242
-202
-158
-107
-55
17
105
199
320
460
583
702
812
894
965
1007
1030
1040
1020
998
961
915
863
826
795
759
765
746
718
693
610
521
404
285
151
7
-87
-183
-259
-301
-345
-371
-390
-410
-407
-395
-383
-366
-360
-357
-349
-337
-316
-282
-260
-229
-202
-182
-152
-150
-147
-134
-134
-105
-69
-21
41
107
174
224
278
317
335
323
282
233
187
152
129
115
136
172
224
297
366
422
454
455
423
359
270
165
32
-113
-249
-377
-453
-479
-470
-431
-371
-304
-252
-208
-200
-240
-312
-421
-540
-657
-747
-808
-841
-826
-751
-626
-452
-258
-63
114
247
352
427
456
452
416
353
301
256
229
210
196
207
231
274
326
375
405
411
382
349
307
245
188
124
64
12
-36
-81
-112
-133
-148
-165
-186
-196
-206
-205
-210
-223
-235
-238
-228
-190
-142
-107
-81
-90
-100
-115
-127
-143
-179
-212
-237
-223
-187
-136
-86
-40
6
59
133
199
232
241
229
217
216
221
227
215
221
239
272
314
349
364
356
342
328
313
277
225
169
117
71
46
22
5
-13
-43
-60
-90
-123
-167
-205
-235
-269
-297
-330
-356
-374
-371
-358
-344
-321
-290
-249
-193
-155
-127
-114
-118
-105
-96
-70
-29
-5
31
86
150
222
269
267
244
214
179
159
137
101
73
42
34
55
68
74
54
33
33
32
37
45
38
32
31
36
56
78
100
123
138
158
152
122
90
26
-41
-104
-168
-219
-249
-261
-265
-262
-265
-259
-257
-251
-239
-228
-219
-211
-199
-177
-151
-134
-130
-132
-117
-83
-33
32
107
177
241
299
351
387
388
360
319
277
261
251
238
216
185
162
149
131
110
78
32
-5
-19
-28
-34
-41
-77
-118
-153
-188
-212
-241
-275
-309
-319
-300
-268
-221
-163
-112
-60
2
61
107
118
95
52
0
-56
-104
-157
-192
-208
-216
-182
-132
-82
-29
16
47
77
86
81
74
55
49
35
6
-13
-10
13
73
139
201
265
318
379
421
423
392
319
238
163
87
36
-30
-82
-99
-90
-62
-43
-22
-30
-33
-35
-39
-54
-98
-147
-198
-236
-269
-303
-346
-379
-403
-393
-357
-313
-259
-209
-150
-83
-14
31
51
51
50
37
33
38
39
50
69
103
148
198
250
312
370
423
463
482
489
491
484
459
405
327
244
169
119
81
51
31
4
-9
5
14
15
-9
-58
-104
-148
-186
-225
-265
-313
-364
-390
-403
-392
-383
-372
-354
-337
-307
-269
-233
-203
-178
-160
-150
-138
-122
-109
-95
-81
-62
-41
-22
1
28
63
95
132
162
200
247
290
335
364
382
393
398
391
379
370
362
351
330
322
308
299
295
282
281
267
242
205
161
111
60
-6
-81
-163
-236
-290
-343
-376
-409
-436
-460
-480
-490
-488
-487
-483
-481
-490
-482
-466
-428
-401
-372
-338
-296
-245
-189
-114
-50
20
81
139
195
258
317
366
406
433
458
483
513
533
554
558
555
545
523
512
497
477
444
396
347
297
249
197
150
99
38
-18
-66
-107
-142
-185
-238
-294
-354
-401
-441
-477
-501
-524
-534
-537
-532
-510
-485
-452
-418
-400
-385
-374
-346
-301
-256
-216
-181
-144
-94
-37
27
93
152
195
235
288
337
386
428
452
466
474
473
470
477
477
472
462
439
420
406
394
368
328
286
233
175
117
70
30
-16
-74
-136
-189
-233
-269
-310
-351
-394
-432
-453
-473
-482
-487
-501
-501
-497
-495
-474
-449
-428
-404
-394
-370
-356
-333
-290
-246
-189
-137
-68
11
90
170
239
299
350
387
414
433
448
465
468
466
459
457
458
464
470
469
458
442
414
373
341
294
235
151
69
-17
-96
-149
-193
-222
-254
-274
-278
-277
-276
-290
-302
-315
-340
-362
-397
-436
-469
-497
-509
-517
-518
-531
-531
-497
-440
-369
-303
-257
-222
-173
-97
-10
66
111
130
153
194
257
320
375
407
422
457
510
564
619
656
668
666
652
631
584
529
468
389
289
185
87
16
-18
-52
-81
-116
-154
-179
-185
-171
-160
-186
-230
-283
-326
-361
-413
-460
-515
-567
-595
-596
-573
-536
-493
-443
-387
-330
-271
-219
-172
-128
-107
-101
-92
-87
-64
-23
25
65
100
157
227
330
433
498
533
564
582
614
641
619
559
478
414
375
363
347
302
255
220
184
186
196
179
160
111
51
-7
-48
-84
-134
-199
-278
-362
-425
-462
-484
-495
-513
-543
-570
-567
-541
-506
-489
-484
-479
-467
-426
-383
-344
-308
-277
-234
-173
-112
-47
3
56
127
194
277
339
393
435
454
458
451
467
503
543
537
468
378
321
359
468
535
465
287
131
96
200
365
379
198
-65
-265
-246
-95
23
-31
-261
-505
-616
-529
-332
-247
-324
-511
-720
-761
-647
-490
-393
-410
-498
-579
-553
-418
-252
-108
-56
-108
-140
-109
-9
142
271
302
261
225
245
339
445
516
513
487
504
547
588
591
537
490
478
477
465
392
291
223
210
248
247
169
60
-39
-65
-28
-13
-42
-123
-223
-272
-295
-291
-306
-371
-425
-476
-498
-484
-469
-452
-433
-402
-390
-388
-365
-333
-264
-192
-149
-135
-131
-90
-28
48
90
83
77
94
162
249
311
336
332
345
381
413
449
442
409
386
345
331
323
307
293
253
205
158
124
118
120
105
75
13
-35
-60
-84
-111
-172
-236
-293
-316
-316
-316
-327
-363
-374
-368
-345
-315
-321
-322
-313
-281
-229
-206
-185
-197
-198
-163
-136
-98
-80
-67
-30
27
96
134
143
152
157
187
219
227
222
206
206
222
242
243
232
216
204
190
184
179
173
182
169
145
109
71
35
10
-1
-36
-68
-92
-118
-123
-125
-135
-137
-151
-162
-187
-206
-209
-211
-197
-207
-223
-226
-249
-261
-248
-229
-185
-144
-110
-79
-58
-18
35
91
132
146
138
123
134
168
209
243
243
230
208
203
232
259
280
269
232
219
215
220
206
165
115
60
30
7
-13
-30
-60
-74
-77
-81
-81
-90
-102
-112
-118
-107
-101
-101
-104
-121
-137
-146
-144
-131
-120
-111
-112
-117
-114
-96
-66
-42
-35
-56
-76
-82
-76
-47
-14
-11
-18
-33
-54
-39
-13
16
26
19
10
4
33
79
105
103
90
65
63
78
106
128
137
134
121
124
138
168
179
167
148
127
105
92
91
82
47
9
-36
-71
-90
-101
-101
-118
-139
-171
-195
-178
-153
-150
-168
-202
-219
-203
-169
-134
-116
-112
-116
-99
-55
-8
18
40
51
76
97
112
140
155
165
155
152
146
136
134
132
134
137
116
81
55
41
46
40
27
-11
-48
-62
-63
-54
-58
-75
-103
-132
-145
-137
-131
-121
-124
-119
-117
-115
-96
-83
-59
-41
-38
-32
-28
-23
-10
4
17
11
-7
-27
-43
-41
-35
-34
-44
-64
-89
-103
-97
-90
-88
-97
-122
-133
-123
-87
-53
-43
-41
-51
-47
-18
24
55
73
76
84
105
148
184
202
213
215
231
247
270
281
283
285
268
244
221
195
174
159
132
105
62
23
-3
-21
-27
-47
-94
-150
-186
-196
-194
-195
-215
-243
-255
-257
-238
-216
-209
-198
-183
-153
-109
-68
-38
-13
9
38
70
94
106
112
122
145
167
169
160
145
135
126
117
107
79
49
27
17
3
-30
-68
-112
-144
-160
-174
-188
-214
-238
-240
-233
-221
-200
-202
-198
-185
-167
-131
-104
-78
-57
-37
-3
23
44
63
78
99
120
144
161
168
175
178
186
196
186
163
140
119
116
118
113
91
65
43
36
39
42
39
24
22
28
45
66
78
83
78
83
92
107
108
115
132
138
143
145
142
143
142
137
130
115
95
73
55
46
22
-9
-50
-99
-132
-155
-163
-183
-214
-236
-258
-258
-244
-242
-244
-253
-254
-249
-221
-180
-154
-131
-115
-91
-56
-18
15
40
67
90
118
138
159
173
183
192
188
174
148
126
111
96
84
65
17
-24
-58
-82
-94
-120
-152
-197
-230
-241
-232
-230
-239
-246
-249
-235
-215
-193
-170
-140
-105
-62
-24
15
56
96
130
169
206
230
253
266
297
319
337
347
333
322
311
306
291
270
239
200
168
145
123
92
50
8
-27
-56
-80
-107
-134
-155
-163
-174
-179
-189
-199
-207
-204
-188
-181
-179
-178
-165
-152
-135
-118
-106
-100
-99
-89
-75
-66
-60
-65
-70
-71
-71
-73
-87
-99
-116
-121
-123
-136
-149
-164
-172
-175
-175
-176
-182
-185
-184
-170
-152
-136
-122
-118
-102
-75
-41
-14
6
25
36
61
89
115
135
142
143
139
144
156
155
155
141
118
107
96
85
76
56
35
17
-3
-16
-32
-38
-34
-37
-42
-41
-48
-43
-25
1
23
33
42
56
85
116
146
160
162
167
185
208
224
239
228
217
208
203
208
204
185
160
136
117
101
74
44
12
-11
-41
-70
-106
-137
-156
-175
-192
-214
-240
-258
-263
-258
-247
-248
-250
-249
-240
-214
-186
-159
-140
-135
-120
-90
-59
-21
3
14
24
35
58
80
97
102
92
82
79
73
69
59
45
31
17
0
-15
-26
-37
-44
-52
-54
-60
-64
-55
-34
-17
-15
-10
0
12
31
59
82
96
103
109
135
157
172
181
181
174
173
183
190
191
178
166
141
126
117
105
92
64
45
28
16
3
-8
-20
-23
-24
-42
-48
-50
-48
-36
-27
-30
-32
-36
-26
-15
0
13
20
26
31
46
55
66
71
62
49
43
47
50
44
28
11
-5
-19
-36
-49
-65
-79
-98
-115
-126
-148
-160
-168
-179
-184
-195
-202
-198
-184
-170
-158
-145
-132
-116
-106
-83
-56
-38
-20
-5
14
32
52
70
90
97
103
112
116
126
140
137
124
121
115
107
100
87
71
66
53
47
42
35
21
16
17
9
8
3
6
15
24
29
38
44
49
59
61
70
75
83
91
95
104
109
111
110
106
96
89
73
59
47
34
24
13
0
-20
-34
-45
-58
-70
-77
-81
-88
-93
-90
-85
-81
-79
-86
-88
-77
-66
-55
-54
-44
-39
-40
-31
-23
-14
-8
-7
-4
-4
1
1
-2
-3
-15
-26
-31
-37
-45
-51
-60
-69
-68
-67
-67
-74
-80
-81
-85
-91
-90
-91
-91
-88
-82
-79
-80
-70
-53
-41
-25
-5
13
28
43
59
76
86
99
110
117
120
126
132
139
135
133
130
121
122
110
98
91
77
68
52
33
25
5
-6
-13
-26
-39
-48
-41
-40
-28
-22
-16
-13
-9
3
13
22
29
43
44
48
49
45
49
49
47
43
38
30
28
14
4
-7
-15
-30
-52
-62
-69
-77
-86
-98
-112
-117
-120
-118
-110
-113
-116
-111
-102
-85
-80
-69
-60
-52
-46
-41
-33
-20
-13
-10
3
13
15
19
30
33
37
32
30
35
38
37
31
31
31
24
13
8
3
5
-3
-10
-17
-27
-25
-23
-24
-28
-23
-24
-18
-12
-8
-3
-2
5
14
17
30
45
47
64
62
68
79
79
88
88
89
90
93
86
80
76
57
51
41
25
12
3
-8
-22
-28
-37
-50
-60
-61
-61
-58
-52
-54
-51
-47
-44
-47
-49
-46
-45
-39
-40
-37
-31
-33
-27
-29
-34
-38
-38
-34
-40
-42
-45
-50
-52
-60
-63
-68
-68
-65
-69
-61
-61
-58
-45
-33
-26
-24
-11
-4
2
12
20
30
41
48
55
63
71
79
88
96
103
116
119
131
137
135
140
143
144
144
142
129
126
123
115
104
94
81
69
59
50
38
21
9
1
-6
-16
-24
-37
-40
-49
-51
-57
-60
-51
-54
-49
-48
-40
-32
-23
-14
-9
-4
1
4
12
18
15
12
11
19
13
5
1
-2
-7
-15
-18
-31
-38
-41
-46
-49
-53
-57
-68
-72
-77
-81
-88
-94
-97
-107
-110
-112
-111
-113
-123
-128
-126
-121
-117
-111
-108
-100
-94
-86
-77
-71
-62
-51
-41
-35
-24
-11
-4
10
24
33
42
50
62
67
74
83
86
96
94
99
104
104
103
101
104
108
109
114
112
109
115
108
113
118
118
119
109
106
104
95
88
76
68
61
48
37
20
11
-1
-10
-18
-33
-43
-58
-69
-81
-88
-100
-111
-119
-123
-123
-134
-134
-136
-138
-136
-140
-135
-133
-130
-118
-112
-101
-95
-93
-80
-70
-52
-45
-40
-28
-16
-10
0
15
20
32
34
32
42
40
34
29
30
21
14
8
-4
-13
-21
-26
-37
-48
-50
-55
-63
-66
-72
-70
-72
-66
-56
-47
-32
-23
-12
-1
11
23
44
56
72
96
111
126
137
153
167
179
185
190
194
200
204
208
203
194
187
181
172
157
147
128
116
98
88
73
55
39
16
3
-14
-32
-44
-56
-74
-86
-91
-98
-105
-106
-108
-111
-111
-112
-110
-106
-104
-104
-106
-108
-103
-104
-106
-101
-94
-94
-97
-98
-97
-96
-96
-93
-94
-93
-93
-88
-90
-81
-79
-76
-73
-67
-55
-49
-39
-29
-18
-11
0
5
22
36
39
52
58
69
80
82
85
92
97
98
97
93
85
80
80
76
74
66
56
48
41
34
21
11
4
-1
-7
-14
-19
-21
-23
-24
-18
-17
-3
-3
2
17
24
45
50
60
70
77
91
96
99
112
118
120
127
126
125
124
119
114
102
92
84
66
49
37
23
5
-11
-23
-44
-55
-67
-79
-89
-102
-103
-106
-109
-114
-111
-110
-109
-99
-93
-85
-76
-67
-67
-58
-49
-38
-28
-20
-10
-10
0
8
12
22
23
28
36
36
34
32
34
32
33
31
29
28
21
20
12
12
7
7
10
11
15
14
19
17
25
29
32
35
39
42
47
47
49
54
53
58
55
58
53
54
52
45
44
40
38
32
27
20
10
2
-9
-22
-23
-27
-31
-42
-50
-51
-56
-56
-53
-51
-49
-45
-43
-33
-29
-26
-12
-10
-5
5
15
18
29
37
38
42
50
58
59
63
59
57
48
41
39
29
22
12
3
-8
-10
-21
-28
-37
-48
-61
-69
-70
-82
-93
-95
-97
-95
-95
-99
-91
-96
-90
-84
-81
-70
-62
-49
-45
-33
-25
-19
-7
0
4
10
15
22
27
32
35
40
38
34
34
29
32
27
20
18
15
10
12
7
2
3
2
-6
-5
-2
-3
3
3
6
15
22
18
26
30
35
45
47
51
53
55
50
57
58
54
56
53
47
43
39
28
20
17
6
-1
-9
-20
-23
-31
-37
-41
-40
-44
-45
-46
-43
-35
-35
-27
-22
-13
-7
1
11
26
36
42
48
60
70
80
91
91
95
98
99
95
93
93
82
74
67
58
50
43
29
19
5
-12
-19
-33
-44
-50
-65
-73
-79
-86
-89
-101
-101
-105
-99
-91
-87
-78
-74
-68
-60
-55
-47
-40
-35
-23
-15
-3
4
11
13
22
29
30
29
31
40
32
35
30
25
19
16
17
9
6
-3
-7
-16
-19
-25
-32
-26
-29
-36
-36
-34
-41
-36
-34
-37
-33
-30
-25
-25
-21
-23
-24
-23
-23
-24
-27
-30
-29
-29
-34
-43
-45
-48
-47
-48
-57
-54
-61
-56
-58
-60
-54
-60
-50
-53
-48
-49
-43
-28
-26
-16
-13
-2
10
17
29
38
47
57
66
69
78
84
87
94
96
91
89
85
83
79
70
68
63
52
42
31
24
17
1
-8
-13
-25
-29
-39
-47
-50
-55
-57
-60
-62
-64
-63
-56
-49
-41
-39
-32
-24
-10
7
8
19
28
38
51
61
69
66
73
73
75
78
81
78
79
78
67
63
53
47
40
33
25
17
4
-3
-6
-12
-10
-21
-21
-26
-29
-30
-31
-32
-33
-30
-29
-29
-23
-22
-18
-14
-15
-10
-9
-7
-4
-5
-3
1
-6
0
3
-2
-4
-3
-5
-11
-6
-12
-15
-16
-13
-12
-17
-11
-10
-10
-4
-3
0
5
7
18
17
24
29
27
34
40
45
47
55
49
52
54
59
56
55
62
58
57
51
47
41
34
34
26
20
9
-1
0
-10
-17
-30
-29
-26
-33
-31
-42
-39
-40
-42
-43
-39
-34
-37
-29
-23
-23
-12
-8
-5
6
6
13
17
19
26
24
28
31
29
35
36
33
33
28
28
18
15
13
8
7
0
-7
-6
-7
-17
-20
-27
-33
-38
-42
-41
-44
-48
-48
-42
-38
-41
-41
-39
-38
-36
-31
-31
-24
-18
-23
-13
-13
-12
-7
-1
2
7
6
7
6
7
7
5
6
6
2
-2
2
1
-2
-6
-4
-4
-11
-14
-11
-13
-13
-10
-13
-11
-12
-10
-7
-5
-2
7
10
6
11
12
18
17
16
16
19
18
17
17
14
18
13
13
9
6
-1
-5
-11
-18
-20
-23
-31
-35
-30
-36
-32
-29
-36
-36
-35
-32
-35
-32
-29
-21
-18
-11
-8
-8
6
9
15
24
29
32
33
39
44
51
49
52
58
58
53
50
46
37
29
27
23
12
12
5
1
-2
-9
-12
-18
-27
-25
-31
-37
-37
-39
-36
-33
-29
-32
-27
-24
-17
-10
-7
-2
-1
6
9
8
17
24
25
28
28
32
33
30
35
31
31
27
26
22
21
20
16
15
12
4
-1
0
-4
-6
-11
-6
-9
-9
-8
-8
3
0
-2
-7
2
9
2
0
3
-1
0
4
1
4
4
1
-4
-2
-7
-7
-8
-7
-8
-8
-7
-14
-12
-19
-19
-19
-20
-28
-29
-25
-27
-25
-27
-22
-21
-11
-9
-8
-7
-3
2
-3
3
4
7
15
15
13
19
20
24
23
17
16
18
19
12
9
9
6
0
3
-7
-9
-10
-20
-25
-30
-33
-35
-32
-36
-34
-37
-36
-34
-38
-33
-32
-30
-23
-26
-19
-13
-19
-13
-4
0
-2
2
3
0
4
6
8
7
5
8
7
8
9
10
9
5
8
2
0
-2
-4
-5
-9
-11
-12
-8
-9
-11
-19
-16
-12
-12
-17
-18
-12
-13
-11
-14
-12
-14
-8
0
1
5
5
-1
5
11
12
17
17
16
18
18
18
18
17
19
19
19
16
14
17
14
18
19
12
17
13
10
13
9
12
11
15
10
13
13
9
13
11
14
11
18
20
20
19
15
17
13
13
11
9
6
5
2
0
0
-1
-7
-9
-7
-13
-10
-10
-18
-24
-27
-26
-23
-24
-25
-24
-23
-20
-20
-19
-22
-19
-15
-11
-2
2
5
8
17
18
17
25
23
33
27
22
26
23
24
20
25
21
22
19
9
11
8
8
3
2
1
-4
-7
-10
-10
-12
-13
-13
-13
-14
-13
-11
-10
-6
-2
1
4
1
5
11
15
17
16
22
19
17
15
18
24
22
26
26
23
25
27
26
30
23
18
16
10
13
11
10
4
1
1
0
-2
-3
-2
0
-2
-3
-5
-8
-11
-14
-17
-14
-13
-15
-9
-14
-12
-11
-15
-16
-19
-16
-17
-13
-17
-17
-17
-21
-18
-21
-23
-23
-23
-26
-28
-27
-24
-23
-25
-29
-26
-19
-19
-14
-15
-15
-9
-10
-8
-4
-7
-2
-4
-4
-2
-3
1
-1
5
6
9
9
7
13
7
6
12
13
8
6
5
8
6
5
4
-2
3
-6
-3
2
-3
-5
-6
0
-2
-3
0
-3
-3
3
3
5
5
2
6
8
11
12
16
19
19
21
17
17
18
14
11
14
14
7
3
4
6
1
-2
3
-3
2
4
-3
-2
-4
-7
-10
-9
-11
-12
-9
-11
-14
-16
-13
-12
-12
-9
-12
-11
-3
-4
-5
2
-5
-8
-2
4
-2
-5
-4
-5
-3
-4
-7
-10
-3
-5
-1
1
4
12
9
9
6
5
7
8
6
13
11
8
11
7
6
8
7
4
5
3
0
2
2
-1
0
-1
0
0
2
2
2
-1
-2
-1
-9
-3
-4
1
0
-1
-1
2
1
-3
-3
-5
-1
0
2
-2
1
-2
-7
-8
-7
-9
-14
-6
-13
-16
-12
-12
-14
-13
-9
-8
-12
-17
-17
-17
-14
-21
-20
-14
-14
-16
-15
-9
-12
-11
-7
-10
-4
-2
-9
-4
-6
-7
-9
-12
-6
-10
-9
-11
-12
-7
-6
-8
-9
-9
-14
-10
-11
-10
-6
-11
-7
-3
-7
-9
-3
2
-1
4
2
-1
7
13
12
13
20
20
25
25
23
27
26
24
25
23
23
24
23
28
25
29
29
31
27
22
29
25
28
24
21
21
20
28
25
18
21
23
23
26
22
17
18
15
14
17
16
12
9
9
6
5
6
1
3
3
2
1
1
-3
-5
-3
-8
-14
-14
-14
-16
-16
-17
-14
-19
-21
-23
-19
-15
-17
-12
-16
-18
-17
-15
-17
-19
-18
-12
-8
-11
-6
-13
-11
-9
-12
-6
-9
-10
-5
-3
-3
-2
0
-5
-2
-1
-5
-2
-2
-4
-3
-1
0
-1
2
4
3
9
9
7
6
6
13
14
16
16
16
12
11
18
19
21
25
28
25
27
26
26
30
23
30
26
27
33
29
30
29
33
30
32
32
34
33
29
29
23
23
26
20
22
19
14
13
12
18
15
17
11
5
5
2
1
1
7
1
2
2
-1
-4
-2
5
0
1
-3
-8
-1
2
0
3
-2
-5
-5
-5
4
3
1
1
4
3
4
2
0
1
0
2
-1
0
-3
-1
-4
-9
-9
-8
-4
-7
-5
-6
-5
-3
-10
-8
-11
-9
-7
-10
-13
-15
-14
-16
-18
-15
-8
-9
-9
-8
-13
-14
-12
-10
-5
-10
-8
-10
-13
-9
-8
-4
-1
-2
-7
-6
-4
-1
-3
3
1
-2
-3
-1
6
1
7
3
3
6
8
7
4
8
4
8
3
0
2
3
4
5
7
5
3
3
2
-6
-5
-8
-6
-6
-9
-4
-6
-4
-4
-8
-3
-3
-5
-11
-10
-11
-12
-13
-11
-8
-4
-3
-8
-9
-9
-10
-14
-9
-2
-10
-12
-10
-9
-9
-7
-8
-12
-12
-12
-7
-5
-9
-8
-7
-4
-8
-9
-9
-11
-7
-7
-2
-2
-8
-8
-3
-3
-2
0
-1
-3
-3
-3
-2
-2
-1
0
-2
-4
-6
-3
-1
-3
-4
-7
-8
-6
-6
-10
-10
-8
-4
-1
-4
-10
-5
-7
-7
1
-2
-3
0
2
5
4
11
10
13
15
10
20
18
16
22
19
19
15
17
16
18
17
18
20
19
15
8
9
6
4
9
13
4
7
7
7
3
4
6
1
4
2
3
-2
-6
-6
-6
-7
-9
-4
-5
-2
-1
1
3
4
0
2
-4
-5
0
-4
2
2
-3
1
3
3
6
8
10
5
5
12
7
3
-1
1
3
-2
-7
-11
-8
-3
-3
-1
-3
-1
-3
-5
2
-6
-8
-5
-11
-14
-11
-17
-16
-11
-16
-16
-16
-12
-11
-10
-12
-12
-10
-10
-10
-8
-4
-6
-6
-8
-5
-7
-10
-8
-12
-15
-9
-8
-4
-2
-5
-2
-6
-9
-9
-4
-8
-2
4
1
3
0
-1
4
-2
-6
3
-6
-4
1
-7
-2
-5
-6
-4
1
0
-6
0
-10
-9
-1
-3
-3
-3
-4
-3
-3
2
4
3
-2
-5
-3
-6
-9
-9
-2
-6
-7
-1
-2
-4
-6
-5
-6
-4
-1
3
1
-8
1
-4
-3
-3
-6
-3
-2
-6
-11
-5
-9
-5
-5
-12
-11
-13
-11
-11
-18
-21
-19
-13
-14
-16
-10
-17
-17
-14
-17
-16
-15
-19
-18
-18
-19
-16
-21
-15
-17
-13
-17
-22
-20
-21
-15
-20
-23
-24
-25
-28
-24
-23
-21
-20
-19
-18
-19
-17
-15
-14
-18
-14
-15
-16
-17
-13
-11
-15
-12
-7
-5
-4
-5
-8
-7
-9
-10
-12
-11
-6
-5
-3
1
-5
-6
-6
-6
-7
-9
-5
-7
2
4
1
3
-4
1
1
2
2
-2
0
1
2
9
10
7
6
4
5
12
10
6
10
7
5
2
1
3
6
5
7
3
1
6
7
5
2
5
0
2
4
5
3
1
4
-1
9
5
0
6
1
2
-2
-4
-4
-2
1
0
8
6
4
-2
-3
0
1
2
-3
1
3
0
1
3
1
6
4
5
9
3
4
2
7
13
13
10
6
9
6
12
13
3
3
4
11
9
7
11
6
9
8
7
6
5
8
4
3
4
5
4
4
4
5
6
3
1
2
2
1
2
2
1
-1
-1
-2
-6
-6
-3
-6
-5
-4
-7
-5
-6
-7
-8
-10
-10
-11
-15
-12
-8
-3
-3
-7
-4
-12
-15
-13
-12
-13
-16
-8
-8
-9
-13
-10
-8
-16
-13
-14
-17
-14
-14
-16
-16
-12
-10
-11
-14
-17
-12
-13
-8
-2
-4
1
0
5
3
3
5
7
9
6
6
6
9
3
11
9
11
11
12
19
14
17
16
12
19
17
10
17
22
25
24
24
25
23
27
21
22
28
22
24
29
26
28
25
24
24
22
28
24
28
28
24
28
23
22
26
23
21
24
25
19
22
22
18
17
17
19
16
19
20
16
9
10
7
8
14
8
9
5
4
8
9
2
2
1
2
4
-4
-5
-7
-3
-6
-5
-3
-3
-5
-5
-5
-2
-5
-11
-3
-10
-11
-14
-14
-12
-11
-10
-15
-14
-16
-12
-17
-16
-13
-16
-16
-17
-17
-17
-12
-13
-11
-12
-16
-15
-17
-14
-9
-8
-6
-8
-6
0
-4
-2
-4
-8
-7
-4
