-11
-10
-9
-11
-13
-8
-7
-5
-9
-10
-13
-12
-7
-10
-12
-6
-2
-1
2
-4
-6
-2
-9
-9
-11
-18
-10
-11
-13
-13
-12
-12
-13
-4
-7
-3
-3
-2
-4
-5
-4
-2
-2
-7
-8
-18
-15
-14
-7
-8
-6
2
1
0
0
1
-3
-3
-5
-6
-9
-4
-4
-7
-3
0
-3
-2
-1
-4
2
2
1
-2
-2
3
6
1
0
2
-1
-1
-3
-3
-6
-4
-6
-7
-5
-6
-2
-3
-2
-4
-5
1
2
-1
-5
-8
-10
-7
-7
-6
-5
-5
-6
-8
-11
-14
-12
-12
-11
-13
-8
-4
-8
-8
-8
-11
-14
-16
-21
-22
-19
-22
-24
-14
-6
-7
-8
-6
-5
-1
-5
-9
-3
-4
-10
-11
-13
-7
-9
-9
-5
-8
-6
-5
2
3
6
3
-5
1
-3
0
-4
-6
-4
-5
-1
-2
1
1
1
2
4
11
9
6
9
12
12
7
4
4
5
4
4
7
4
5
9
8
9
15
17
18
21
19
19
21
19
12
16
14
10
11
9
10
9
8
9
12
10
12
16
7
10
10
11
13
12
10
10
8
-1
1
3
5
-4
-5
-1
-3
-1
5
9
8
8
6
5
3
5
7
4
4
0
0
-2
2
7
11
6
9
11
9
14
10
10
8
11
8
5
1
0
6
3
6
3
7
13
9
11
17
19
16
15
16
24
19
14
20
22
15
13
18
21
25
25
20
22
27
22
24
27
22
24
24
27
24
23
20
14
14
13
10
5
8
9
7
9
9
11
15
12
11
10
7
6
1
7
5
1
3
-7
-1
-3
-5
1
-4
-1
-5
-7
-8
-10
-10
-8
-6
-11
-13
-12
-11
-11
-10
-9
-12
-13
-8
-10
-12
-9
-8
-8
-9
-3
-5
-7
-10
-14
-13
-14
-16
-19
-20
-14
-13
-11
-7
-7
-8
-10
-11
-11
-4
-7
-8
-3
-5
-7
-7
-3
-6
-5
-5
-4
-7
-4
2
7
3
-1
2
4
2
0
1
-3
-5
-4
-1
-3
0
-4
-2
2
-4
-2
-5
-6
-6
-7
-9
-7
-7
-4
-5
-6
-5
-8
-9
-3
-7
-6
-4
-9
1
-10
-7
-1
-5
0
-7
-6
-2
-3
-4
-8
-6
-6
-8
-6
-9
-4
2
0
-2
0
3
-4
-1
0
-4
2
1
-4
-7
-4
-5
-4
-3
-2
-1
-7
0
1
-1
2
-5
-7
-4
-3
2
3
1
2
-1
-1
-2
0
2
5
7
4
5
-1
-2
1
-2
-4
-5
-6
-5
-6
-4
-3
-5
-3
2
2
-2
-1
2
0
-3
-2
1
5
5
-2
0
9
8
5
9
7
13
15
9
14
17
19
19
14
15
20
18
13
15
16
15
13
14
18
16
15
15
16
18
17
14
20
22
16
15
16
15
17
9
5
14
15
12
5
6
10
12
19
12
9
13
13
12
6
14
15
4
10
10
13
11
9
10
5
6
0
0
3
3
9
5
3
5
9
9
8
6
5
7
4
5
10
10
7
7
8
14
12
12
15
14
12
10
10
12
12
5
5
2
2
4
5
11
5
4
1
1
2
4
3
4
3
0
3
-2
2
1
-1
-3
-5
4
7
10
6
3
1
-1
4
1
0
2
0
2
6
3
3
7
7
6
2
8
6
6
13
5
7
9
3
7
7
1
3
4
3
2
-1
2
4
-1
-2
1
-2
-2
-3
-7
-7
-8
-13
-16
-20
-13
-5
-11
-12
-12
-10
-13
-14
-16
-16
-16
-18
-13
-18
-19
-20
-27
-27
-30
-30
-33
-36
-32
-30
-24
-27
-27
-25
-28
-26
-26
-23
-25
-25
-17
-26
-27
-31
-32
-22
-23
-24
-23
-22
-23
-25
-22
-24
-23
-20
-17
-20
-17
-22
-22
-17
-16
-13
-12
-13
-15
-10
-8
-10
-10
-8
-5
-3
-7
-6
0
-2
-9
-8
-3
-7
-4
-1
5
6
6
5
1
5
1
-3
0
-1
-1
0
-5
-2
1
2
3
5
-4
-1
-2
-12
-8
-11
-12
-9
-12
-13
-10
-6
-8
-10
-5
-6
-7
-6
-8
-11
-10
-6
-6
-5
-9
-8
-8
-9
-6
-9
-6
-4
-9
-6
-10
-14
-7
-7
-4
-6
-4
-12
-12
-5
-8
-5
-4
1
3
-1
4
6
4
7
4
-1
6
3
7
15
13
8
7
12
12
16
13
12
16
8
10
14
11
10
7
5
4
2
3
-2
-1
4
4
4
5
9
9
9
7
8
13
9
9
12
12
17
14
14
11
8
14
11
15
6
9
8
7
11
5
14
10
9
10
5
6
2
2
2
0
4
0
5
7
2
6
-2
-5
-10
-12
-11
-17
-14
-12
-6
-9
-9
-5
-8
-5
-6
-8
-6
-11
-12
-13
-11
-7
-12
-7
-6
-10
-8
-7
-6
-7
-3
-6
-10
-3
-2
-7
-5
-9
-8
-7
-12
-12
-10
-7
-9
-8
-6
-4
3
-1
-2
-6
-12
-12
-14
-11
-11
-12
-9
-8
-7
-5
-4
-2
-3
-5
-5
-8
0
-6
-6
2
-7
-2
-1
0
3
4
4
0
0
0
3
3
7
4
-1
7
3
6
8
0
4
5
6
6
6
8
5
8
11
10
11
12
9
10
9
8
14
13
13
10
16
17
13
17
12
17
12
9
13
13
17
15
22
18
13
9
6
11
14
10
10
3
-1
1
1
4
-5
-1
-3
-2
-3
-6
2
-2
-1
-9
-9
-1
-3
3
2
1
1
-1
0
-3
1
2
-2
6
8
6
8
5
7
7
4
11
-1
3
9
5
10
6
4
-1
-5
-5
-6
-4
-6
-8
-10
-16
-8
-6
-9
-11
-11
-3
-7
-9
-4
-2
-5
-8
-6
-4
-5
-1
0
0
4
2
8
10
3
6
12
6
8
8
6
3
0
7
5
1
-3
-4
-5
-4
-3
-7
-1
-5
-5
-2
-7
-7
-8
-10
-8
-15
-18
-11
-14
-16
-14
-11
-5
-9
-5
-2
-7
-3
1
-1
-4
-4
-9
-8
-7
-1
3
3
3
4
6
4
8
14
15
10
13
7
9
15
5
9
6
11
10
15
17
14
17
23
25
20
25
19
21
25
20
20
20
12
14
15
16
23
29
29
26
32
35
37
31
24
24
19
9
9
4
1
1
-5
-2
-5
-7
-7
-3
-4
0
2
-4
-7
-13
-23
-29
-29
-34
-37
-38
-43
-49
-44
-43
-41
-37
-31
-28
-26
-19
-24
-26
-30
-32
-27
-31
-35
-39
-38
-30
-27
-20
-11
-8
0
7
9
8
11
15
2
3
5
-5
-3
-2
-5
-5
-1
5
7
10
21
21
28
35
30
32
28
27
16
9
8
2
6
12
10
9
16
17
33
32
38
40
34
40
23
28
12
2
13
-6
-6
1
-7
3
-3
7
3
0
19
-14
-6
-11
-32
-18
-28
-32
-41
-43
-33
-55
-41
-37
-59
-25
-31
-31
-29
-29
-28
-50
-29
-42
-65
-41
-60
-64
-47
-52
-30
-41
-12
-12
-37
7
-19
-17
-4
-30
-20
-40
-27
-26
-49
-4
-42
-27
1
-20
9
3
20
15
6
38
-3
-4
14
-40
-13
-29
-34
-20
-28
2
-21
1
28
-2
17
26
0
6
-17
0
-36
-44
-24
-74
-48
-49
-44
-31
-33
-5
-5
-5
26
-12
5
6
-15
-17
-44
-25
-63
-44
-40
-65
-38
-34
-31
-6
2
14
3
33
28
-12
43
1
-4
-5
-2
-16
-37
36
-3
-34
60
51
31
55
90
96
24
119
54
34
94
28
44
32
52
41
32
89
57
49
121
45
98
111
68
99
83
106
35
64
81
-6
34
59
-24
17
31
18
-7
30
62
-34
42
34
-20
-5
6
-30
-61
-35
-60
-96
-65
-70
-102
-58
-61
-82
-61
-38
-78
-62
-46
-75
-85
-66
-85
-127
-78
-93
-132
-92
-76
-108
-88
-62
-61
-78
-28
-35
-78
-20
-40
-64
-46
-38
-46
-63
-30
-31
-54
6
-20
-13
22
3
27
12
41
23
15
53
15
26
53
17
34
42
44
48
48
80
43
65
85
52
66
66
61
60
52
69
41
53
65
26
60
54
48
55
51
59
45
53
47
24
45
35
20
28
7
18
15
13
11
3
23
10
5
17
12
8
3
-5
-10
-14
-10
-31
-33
-29
-41
-26
-27
-32
-27
-31
-30
-26
-28
-24
-33
-31
-36
-48
-44
-44
-45
-47
-48
-44
-42
-35
-30
-28
-21
-19
-20
-18
-17
-24
-28
-29
-35
-33
-34
-33
-37
-24
-17
-22
-11
-8
-1
4
2
4
3
7
4
-7
-3
-6
0
4
3
16
17
30
33
31
41
35
37
45
39
47
42
34
35
32
37
17
20
24
20
32
29
30
28
30
36
27
25
21
6
5
-8
-6
-4
-13
-13
-14
2
6
-2
8
6
14
14
-4
-1
-3
-11
-29
-37
-37
-58
-58
-57
-64
-60
-60
-57
-56
-59
-57
-68
-76
-82
-87
-98
-114
-119
-116
-122
-128
-122
-108
-91
-90
-63
-53
-38
-18
-18
-6
-3
10
8
14
25
27
38
63
70
96
117
138
172
189
215
224
243
253
250
256
268
254
266
260
261
272
279
308
313
346
359
375
405
420
426
434
429
426
413
404
391
372
371
352
342
342
339
320
311
294
266
219
188
129
61
5
-89
-167
-242
-321
-400
-474
-537
-595
-663
-688
-761
-798
-840
-909
-955
-1025
-1059
-1140
-1180
-1227
-1292
-1308
-1315
-1343
-1319
-1309
-1279
-1255
-1205
-1147
-1147
-1074
-1065
-1034
-994
-961
-941
-903
-841
-770
-694
-573
-461
-346
-172
-53
118
259
424
537
650
775
848
932
1022
1063
1113
1193
1242
1329
1382
1495
1539
1633
1737
1793
1878
1930
1967
1969
1999
2000
1984
1958
1960
1907
1922
1936
1942
1981
2005
2050
2076
2134
2165
2154
2140
2093
1984
1903
1759
1588
1383
1167
929
671
467
198
-70
-322
-589
-867
-1124
-1374
-1651
-1947
-2193
-2475
-2718
-2915
-3133
-3321
-3475
-3570
-3652
-3671
-3648
-3631
-3579
-3470
-3376
-3260
-3134
-3020
-2938
-2854
-2753
-2709
-2625
-2571
-2556
-2505
-2428
-2349
-2257
-2141
-2001
-1879
-1680
-1473
-1303
-1051
-854
-630
-414
-164
91
293
591
832
1084
1419
1728
2060
2392
2734
3069
3377
3734
3995
4207
4407
4471
4518
4492
4415
4240
3984
3734
3368
3038
2718
2346
2006
1678
1369
1112
916
790
634
521
456
353
374
362
357
336
320
358
393
533
645
742
906
1084
1294
1551
1778
1957
2044
2157
2204
2171
2142
1933
1661
1327
984
627
234
-145
-593
-1023
-1365
-1683
-1949
-2218
-2532
-2828
-3116
-3317
-3566
-3835
-4096
-4440
-4682
-4861
-4989
-5082
-5181
-5222
-5241
-5122
-4943
-4830
-4710
-4650
-4616
-4528
-4447
-4378
-4424
-4466
-4460
-4434
-4197
-3947
-3622
-3228
-2738
-2068
-1273
-309
567
1333
2163
2993
3800
4540
5054
5497
5810
6142
6423
6649
6929
6976
7035
7086
7183
7246
7148
6935
6545
6064
5563
4864
4093
3188
2065
1046
15
-808
-1659
-2413
-2998
-3536
-3684
-3695
-3589
-3392
-3193
-2889
-2515
-2082
-1612
-1349
-972
-623
-293
221
657
1240
1730
2284
2887
3469
4199
4713
5069
5359
5443
5483
5338
4978
4469
3723
3094
2290
1541
900
137
-469
-1080
-1538
-1918
-2283
-2576
-3026
-3446
-3784
-4286
-4708
-5225
-5745
-6201
-6707
-6966
-7225
-7281
-7251
-7245
-7013
-6762
-6470
-6131
-5887
-5647
-5553
-5465
-5371
-5453
-5353
-5342
-5236
-4956
-4639
-4027
-3196
-2077
-975
-13
1247
2570
3858
4987
5718
6453
7004
7495
7800
7965
8180
8105
8027
8066
8187
8310
8270
8072
7898
7627
7312
6706
5964
5051
3770
2506
1225
12
-1252
-2488
-3616
-4513
-5108
-5321
-5362
-5208
-5012
-4761
-4155
-3468
-2716
-2268
-1860
-1460
-1015
-494
-33
439
922
1387
1891
2690
3582
4468
5051
5601
6122
6608
6981
6974
6679
6110
5446
4655
3821
2890
1947
904
-21
-809
-1382
-1736
-2186
-2627
-3127
-3438
-3717
-4098
-4601
-5233
-5899
-6551
-7158
-7651
-8013
-8355
-8603
-8756
-8580
-8240
-7859
-7473
-7172
-6813
-6522
-6248
-6073
-6040
-6086
-6141
-6070
-5855
-5572
-5025
-4093
-2993
-1879
-736
826
2504
4027
5236
6178
7180
8045
8705
9023
9223
9346
9256
9108
9110
9176
9122
8848
8583
8483
8280
7894
7213
6507
5549
4325
3021
1697
340
-1149
-2549
-3867
-4917
-5685
-6105
-6303
-6242
-6042
-5691
-5008
-4115
-3243
-2603
-1963
-1325
-653
-58
533
1093
1601
2018
2515
3358
4300
5086
5638
6295
7003
7661
8035
8104
7875
7442
6821
5911
4960
3907
2776
1483
272
-674
-1385
-1962
-2583
-3201
-3628
-3948
-4275
-4667
-5214
-5823
-6624
-7311
-7996
-8624
-9095
-9628
-9997
-10192
-10024
-9672
-9322
-8853
-8373
-7902
-7390
-7008
-6653
-6455
-6361
-6191
-6073
-5750
-5282
-4381
-3261
-2359
-1283
174
1926
3607
4904
6035
7091
8144
9150
9634
10017
10259
10256
10118
9912
10004
9873
9458
9006
8628
8388
7911
7205
6517
5561
4415
3151
1883
642
-855
-2210
-3608
-4879
-5759
-6390
-6717
-6858
-6771
-6516
-6060
-5173
-4156
-3357
-2549
-1804
-947
-138
632
1493
2084
2577
2977
3727
4724
5445
5992
6493
7104
7747
8191
8366
8222
7860
7319
6412
5463
4477
3307
1906
445
-732
-1650
-2362
-3094
-3818
-4410
-4806
-5132
-5413
-5762
-6367
-7074
-7713
-8241
-8742
-9175
-9601
-10013
-10242
-10148
-9837
-9415
-8985
-8601
-8185
-7722
-7204
-6729
-6419
-6215
-5965
-5641
-5147
-4412
-3272
-2151
-1320
-261
1216
2964
4451
5553
6587
7538
8596
9524
10105
10589
10771
10830
10698
10638
10774
10576
10084
9428
8917
8468
7777
6981
6054
4784
3442
2143
1023
-252
-1719
-3048
-4362
-5378
-6130
-6610
-6882
-7036
-7020
-6801
-6303
-5373
-4461
-3738
-3005
-2175
-1117
-202
761
1665
2349
2931
3587
4521
5484
6110
6581
7013
7499
8068
8305
8334
7984
7489
6847
5997
5140
4083
2790
1398
110
-954
-1814
-2635
-3339
-4152
-4781
-5202
-5523
-5917
-6614
-7326
-8039
-8651
-9253
-9743
-10192
-10516
-10788
-10869
-10607
-10072
-9505
-9264
-9036
-8602
-8018
-7616
-7272
-7058
-6748
-6335
-5543
-4378
-3273
-2120
-1043
378
1957
3600
4965
6129
7154
8194
9129
9867
10634
11050
11338
11264
11423
11644
11633
11362
10957
10456
9787
9073
8316
7448
6018
4646
3098
1871
570
-899
-2346
-3840
-4869
-5822
-6489
-7036
-7240
-7340
-7290
-7112
-6394
-5528
-4834
-4108
-3360
-2279
-1389
-211
787
1639
2422
3309
4322
5253
6134
6854
7461
7891
8476
8808
9052
8799
8400
7821
7028
6301
5278
4139
2690
1465
380
-684
-1694
-2533
-3434
-4318
-5011
-5533
-6094
-6951
-7632
-8407
-9015
-9650
-10197
-10689
-11219
-11493
-11609
-11506
-11384
-11122
-10808
-10449
-10082
-9527
-9086
-8652
-8123
-7560
-6845
-5992
-4648
-3500
-2435
-1111
476
2107
3420
4656
5924
7110
8245
9185
10013
10846
11367
11846
12071
12325
12583
12528
12284
11860
11476
10878
9994
9080
8029
6601
5123
3642
2259
675
-912
-2320
-3706
-4834
-5806
-6481
-7027
-7339
-7462
-7369
-7130
-6701
-6140
-5511
-4818
-4040
-3160
-2330
-1251
-149
933
1726
2703
3856
4839
5763
6495
7254
7782
8261
8663
8804
8685
8431
7939
7287
6458
5572
4635
3399
2268
1128
173
-781
-1754
-2622
-3527
-4345
-5145
-6013
-6927
-7781
-8626
-9402
-10231
-10746
-11140
-11533
-11747
-11807
-11572
-11512
-11397
-11177
-10874
-10546
-10259
-9845
-9372
-8813
-8013
-6883
-5593
-4317
-3124
-1586
10
1677
3129
4310
5547
6660
7902
8764
9660
10513
11104
11541
11944
12538
12873
12845
12645
12497
12119
11568
10702
9801
8652
7231
5816
4326
2982
1456
-33
-1547
-2850
-3954
-4874
-5666
-6293
-6673
-6945
-6883
-6678
-6265
-5945
-5489
-4902
-4220
-3490
-2780
-1880
-989
-4
894
1939
3058
4087
5004
5845
6699
7354
7804
8155
8355
8276
8013
7548
6990
6239
5430
4538
3474
2496
1518
669
-260
-1205
-2039
-2869
-3667
-4610
-5564
-6529
-7523
-8434
-9346
-10187
-10859
-11384
-11694
-11965
-11947
-11719
-11648
-11489
-11365
-10891
-10465
-10233
-9754
-9362
-8668
-7793
-6618
-5256
-4244
-2942
-1315
272
1933
3268
4577
5799
6853
8208
9047
9911
10667
11132
11678
11972
12486
12729
12529
12366
12098
11680
11041
10054
9236
7974
6456
5115
3605
2316
740
-683
-2033
-3348
-4211
-5009
-5695
-6196
-6577
-6617
-6499
-6322
-5894
-5546
-5018
-4561
-3866
-3060
-2405
-1495
-565
322
1192
2362
3501
4426
5235
6198
6949
7511
8016
8267
8361
8121
7822
7298
6655
5905
5077
4060
3024
2119
1393
551
-570
-1346
-2162
-2939
-3909
-4855
-5857
-7062
-8070
-9063
-10012
-10903
-11622
-12233
-12554
-12702
-12529
-12471
-12471
-12182
-11758
-11174
-10890
-10437
-9799
-9077
-8062
-6763
-5573
-4433
-2999
-1300
446
1898
3453
4806
6090
7451
8571
9637
10407
11054
11673
12105
12534
12865
12970
12872
12605
12420
11980
11087
10227
9196
7888
6384
4846
3448
1841
288
-1209
-2687
-3842
-4811
-5565
-6243
-6790
-6985
-6937
-6733
-6400
-6052
-5574
-5127
-4521
-3723
-3104
-2328
-1588
-695
185
1164
2416
3375
4334
5262
6204
7074
7692
8183
8452
8452
8332
7943
7409
6792
5908
5018
3968
3117
2353
1566
782
-81
-780
-1528
-2293
-3282
-4362
-5556
-6763
-7883
-9052
-10108
-11076
-11792
-12279
-12714
-12960
-13057
-13238
-13088
-12981
-12743
-12459
-12267
-11605
-10882
-9536
-8212
-7253
-5851
-4220
-2278
-408
1024
2568
3929
5463
7092
8140
9455
10339
11072
11858
12402
13246
13584
13669
13701
13518
13519
13091
12322
11579
10274
8991
7580
6079
4586
2684
1069
-711
-2304
-3514
-4733
-5684
-6610
-7277
-7529
-7547
-7213
-6940
-6688
-6212
-5746
-4934
-4272
-3667
-2915
-2295
-1502
-708
444
1624
2449
3391
4383
5435
6467
7175
7715
8017
8152
8223
7910
7528
6982
6173
5339
4444
3781
3173
2408
1679
939
235
-365
-1117
-2004
-3153
-4488
-5613
-6823
-7957
-9090
-10205
-10987
-11685
-12216
-12524
-12751
-12922
-13011
-13074
-12861
-12717
-12420
-11902
-11277
-10074
-9031
-8033
-6752
-5115
-3282
-1704
-270
1344
2919
4611
6224
7490
8986
10075
11169
12042
12818
13580
13834
14023
13938
13839
13545
12997
12214
11395
10275
9037
7797
6517
5091
3401
1939
326
-1093
-2507
-3710
-4908
-6014
-6732
-7288
-7393
-7416
-7315
-7124
-6705
-6087
-5307
-4706
-4026
-3313
-2564
-1778
-1130
-24
815
1567
2352
3270
4266
4998
5758
6358
6728
7037
7274
7210
7030
6631
6190
5523
4858
4379
3772
3167
2386
1738
1047
369
-320
-1233
-2331
-3548
-4537
-5531
-6664
-7702
-8590
-9386
-10149
-10859
-11225
-11686
-12119
-12419
-12773
-12792
-12879
-12593
-12057
-11333
-10217
-9394
-8279
-6766
-5117
-3403
-2201
-867
643
2046
3624
4877
6234
7482
8494
9742
10797
11867
12719
13158
13628
13859
13931
13728
13044
12401
11293
9972
8664
7274
5856
4180
2677
1272
-56
-1223
-2199
-3223
-4069
-4772
-5249
-5565
-5784
-5777
-5942
-5888
-5750
-5302
-5004
-4672
-4153
-3596
-2947
-2347
-1268
-419
414
1205
2205
3089
3753
4504
4988
5306
5416
5673
5579
5453
5169
4947
4550
4179
4108
3795
3564
3051
2835
2359
1806
1208
388
-641
-1937
-2904
-3964
-5095
-6274
-7081
-7911
-8664
-9263
-9708
-10205
-10743
-10946
-11312
-11525
-11826
-11744
-11411
-10795
-9912
-9375
-8496
-7263
-5721
-4191
-3074
-1794
-397
986
2438
3683
5165
6397
7300
8372
9364
10452
11253
11645
12087
12328
12574
12496
12013
11690
10864
9853
8629
7428
6169
4627
3124
1537
140
-1081
-2064
-3183
-4015
-4596
-4901
-5112
-5198
-5044
-4962
-4702
-4489
-4101
-3923
-3514
-3086
-2684
-2371
-2023
-1181
-578
37
591
1430
2159
2730
3355
3885
4227
4413
4600
4477
4398
4209
4047
3525
3168
3124
2933
2703
2310
2244
1977
1676
1256
633
-165
-1147
-2027
-3059
-4178
-5201
-5953
-6746
-7462
-8080
-8389
-8843
-9297
-9498
-9820
-9975
-10369
-10366
-10113
-9525
-8666
-8233
-7564
-6440
-4950
-3483
-2483
-1397
-73
1108
2473
3505
4739
5927
6645
7595
8329
9350
10180
10531
10924
11117
11312
11339
10886
10489
9730
8656
7628
6312
5141
3726
2248
893
-560
-1687
-2595
-3571
-4281
-4860
-5207
-5238
-5346
-5053
-4889
-4590
-4089
-3774
-3298
-2855
-2248
-1640
-1341
-887
-186
427
1052
1390
1985
2496
2823
3310
3419
3660
3632
3589
3518
3213
3146
2890
2514
2268
2073
2065
1897
1564
1483
1180
989
569
-62
-628
-1578
-2280
-3142
-4048
-4719
-5430
-5806
-6409
-6901
-7130
-7569
-7796
-8198
-8509
-8779
-9228
-9182
-8873
-8240
-7518
-7143
-6156
-4926
-3484
-1920
-1041
244
1275
2552
3839
4522
5705
6397
7031
7683
8265
9212
9683
9834
10256
10308
10533
10463
9950
9634
8500
7689
6577
5218
4014
2341
969
-590
-2041
-3046
-4085
-5017
-5605
-6066
-6076
-6139
-5976
-5535
-5366
-4790
-4380
-3912
-3448
-2951
-2137
-1682
-1197
-460
344
1179
1805
2453
3170
3682
4178
4365
4384
4323
4024
3736
3179
2650
2250
1721
1290
892
836
866
695
667
615
643
528
192
-284
-985
-1705
-2614
-3604
-4478
-5266
-5900
-6519
-6975
-7283
-7435
-7334
-7450
-7521
-7547
-7657
-7635
-7434
-6861
-6424
-6288
-5658
-4774
-3645
-2370
-1456
-285
722
2180
3714
4799
6037
6922
7842
8575
9196
9859
10276
10266
10335
10245
10175
9979
9464
9106
8017
7197
6335
5324
4121
2721
1518
50
-1236
-2393
-3428
-4630
-5426
-6148
-6680
-6938
-6936
-6709
-6683
-6153
-5604
-4898
-4256
-3442
-2640
-2011
-1261
-594
251
857
1533
2024
2531
3079
3571
4031
4125
4224
4191
4160
3959
3667
3271
2695
2138
1696
1335
901
538
106
-214
-512
-718
-1048
-1576
-2017
-2602
-3205
-3869
-4466
-4998
-5512
-5959
-6404
-6872
-7124
-7283
-7443
-7559
-7745
-7796
-7711
-7136
-6317
-5745
-5273
-4455
-3366
-2130
-1068
-132
814
1615
2875
3898
4975
5970
6790
7629
8196
9110
9905
10350
10487
10655
10718
10664
10264
9866
9158
7965
6968
5791
4764
3298
1966
626
-801
-1922
-2888
-3740
-4782
-5413
-5931
-6262
-6525
-6391
-6228
-6170
-5864
-5420
-4825
-4436
-3701
-3060
-2433
-1834
-1013
-35
616
1406
2116
2833
3299
3781
4188
4279
4136
3934
3727
3250
2931
2454
1928
1341
1024
989
667
421
232
110
-197
-595
-1100
-1725
-2506
-3328
-4152
-5038
-5695
-6274
-6672
-7059
-7322
-7474
-7500
-7547
-7506
-7383
-7387
-7263
-6931
-6096
-5512
-5150
-4426
-3476
-2414
-1409
-525
496
1425
2630
3896
4783
6056
7056
8007
8730
9407
10325
10721
10949
11089
11077
10968
10552
10033
9495
8419
7407
6346
5286
4096
2771
1620
177
-1093
-2132
-3116
-4234
-5080
-5733
-6378
-6840
-6715
-6571
-6597
-6273
-5802
-5129
-4687
-3706
-2992
-2485
-1773
-1035
-164
352
1062
1587
2070
2532
3128
3426
3590
3662
3621
3562
3148
3082
2657
2119
1460
1125
929
497
193
-137
-372
-755
-819
-1297
-1871
-2429
-3023
-3724
-4596
-5004
-5594
-6227
-6725
-7012
-7377
-7563
-7735
-7860
-7917
-7986
-7751
-7538
-6610
-5837
-5378
-4664
-3734
-2396
-1325
-474
378
1219
2398
3552
4438
5639
6647
7565
8366
9175
10285
10925
11390
11620
11712
11873
11615
11197
10538
9483
8316
7028
5950
4614
3173
1827
325
-869
-1901
-2728
-3754
-4618
-5173
-5808
-6271
-6305
-6319
-6539
-6513
-6300
-5862
-5604
-4813
-4118
-3662
-2834
-2036
-935
-220
614
1280
1785
2434
2954
3296
3289
3326
3208
3105
2727
2553
2273
1796
1349
1034
1060
768
705
408
203
-72
-294
-637
-1485
-1951
-2746
-3587
-4514
-5169
-5629
-6313
-6762
-7127
-7511
-7564
-7573
-7728
-7689
-7833
-7599
-7410
-6698
-5693
-5509
-4930
-4286
-3170
-1939
-1325
-350
281
1335
2776
3747
5191
6228
7287
8334
9042
10318
11137
11550
11832
11745
12023
11841
11345
10988
9852
8890
7704
6776
5824
4283
3172
1730
462
-640
-1622
-2600
-3788
-4672
-5216
-5905
-6211
-6227
-6391
-6359
-6445
-5835
-5546
-5111
-4248
-3770
-3085
-2594
-1556
-594
-129
543
1084
1545
2040
2420
2746
2649
2496
2655
2421
2263
2128
1858
1490
961
1013
973
711
500
150
-82
-448
-737
-1249
-2026
-2725
-3468
-4207
-4892
-5411
-5881
-6459
-6920
-7200
-7353
-7396
-7690
-7778
-7801
-7757
-7501
-7106
-6251
-5742
-5375
-4580
-3692
-2532
-1593
-903
44
764
2109
3210
4147
5456
6319
7494
8318
9333
10483
11081
11532
11828
11954
12125
11799
11336
10791
9569
8669
7527
6641
5460
3977
2896
1518
370
-650
-1599
-2619
-3692
-4458
-4970
-5603
-5742
-5889
-6105
-6181
-6065
-5419
-5249
-4690
-3990
-3477
-2834
-2136
-1031
-365
45
760
1260
1703
2149
2408
2568
2313
2367
2523
2241
2182
1991
1769
1498
1220
1356
1159
831
657
301
38
-326
-795
-1373
-2244
-2868
-3567
-4404
-5007
-5684
-6092
-6622
-7017
-7239
-7503
-7589
-7920
-8053
-8159
-8220
-8078
-7666
-6977
-6444
-6045
-5074
-3981
-2816
-1691
-936
227
1026
2392
3554
4409
5582
6342
7387
8180
9114
10132
10708
11034
11590
11780
12024
11816
11341
10949
9623
8848
7725
6621
5325
3696
2584
1188
-24
-920
-1877
-2891
-3742
-4416
-4698
-5235
-5378
-5487
-5843
-5796
-5673
-5260
-5126
-4754
-4081
-3585
-3009
-2164
-1241
-494
42
745
1424
1873
2397
2646
2745
2609
2536
2578
2355
2096
1890
1571
1371
1249
1336
1465
1176
1166
967
843
642
101
-414
-1383
-2129
-2927
-3804
-4571
-5380
-5967
-6493
-6959
-7279
-7497
-7719
-7958
-8261
-8261
-8349
-8277
-7813
-7322
-6760
-6547
-5578
-4519
-3556
-2430
-1710
-552
316
1711
3073
3987
5180
6170
7208
8115
9035
9961
10615
10755
11363
11504
11644
11567
11006
10777
9516
8829
7919
6847
5651
4137
3023
1676
447
-491
-1402
-2713
-3488
-4250
-4553
-5100
-5456
-5370
-5923
-5741
-5613
-5278
-5121
-4857
-4062
-3697
-3130
-2221
-1333
-646
-71
716
1477
1910
2506
2848
2872
2857
2791
2866
2579
2269
2106
1670
1445
1312
1424
1419
1147
1215
1123
1042
903
636
80
-751
-1467
-2188
-3136
-4105
-4841
-5673
-6245
-6688
-6953
-7206
-7488
-7531
-7806
-7972
-8088
-8143
-7978
-7675
-7281
-7060
-6449
-5424
-4383
-3382
-2474
-1359
-297
1057
2447
3604
4732
5796
6888
7698
8666
9409
10079
10328
10653
11047
11080
11226
10795
10549
9842
9017
8313
7363
6187
4755
3418
2193
920
-415
-1266
-2697
-3672
-4421
-4919
-5287
-6003
-5854
-6062
-6074
-5737
-5381
-5030
-4728
-4063
-3294
-2831
-2123
-1143
-590
71
655
1458
2008
2221
2772
2958
3011
3066
3062
3182
2840
2620
2570
2126
1941
1730
1698
1460
1049
1138
871
571
391
34
-495
-1331
-1945
-2541
-3548
-4230
-4898
-5520
-6054
-6594
-6704
-7190
-7432
-7731
-8118
-8269
-8591
-8299
-8131
-7763
-7360
-6918
-5780
-4949
-3874
-2874
-2063
-941
45
1425
2568
3458
4695
5652
6530
7564
8391
9277
9745
10107
10812
10828
11132
11011
10648
10318
9339
8757
7826
6696
5460
4065
2851
1676
276
-675
-1831
-3063
-3703
-4537
-4858
-5580
-5770
-5718
-6055
-5767
-5518
-5132
-4863
-4398
-3630
-3106
-2559
-1621
-898
-244
448
1145
1872
2142
2670
3033
3060
3150
3105
3211
3092
2741
2737
2443
2183
2107
1888
1996
1593
1484
1447
933
833
337
-113
-805
-1780
-2219
-3130
-3888
-4374
-5058
-5302
-5944
-6177
-6276
-6781
-6881
-7522
-7788
-8184
-8511
-8160
-8161
-7722
-7503
-6812
-5667
-4931
-3650
-2778
-1837
-784
284
1771
2661
3631
4764
5529
6385
7337
8110
8947
9142
9797
10369
10393
10893
10603
10549
9898
9164
8685
7592
6491
5210
3854
2605
1369
85
-686
-2106
-2905
-3677
-4323
-4590
-5356
-5202
-5573
-5667
-5427
-5171
-4829
-4681
-4133
-3468
-3107
-2468
-1542
-1022
-303
191
1109
1596
1929
2606
2687
2883
2836
3012
3041
2689
2567
2464
2154
2012
1859
1855
1785
1463
1624
1314
1148
897
426
30
-914
-1481
-2177
-3079
-3681
-4358
-4713
-5176
-5656
-5682
-6106
-6249
-6620
-7072
-7239
-7820
-7705
-7694
-7497
-7104
-7037
-6041
-5311
-4486
-3332
-2749
-1578
-785
438
1870
2455
3801
4689
5482
6480
7099
8171
8618
8864
9683
9680
10036
10165
9851
9836
8867
8525
7783
6722
5908
4471
3436
2230
968
118
-970
-1974
-2844
-3737
-4068
-4731
-5009
-5082
-5375
-5212
-5118
-4606
-4333
-4012
-3356
-2963
-2492
-1876
-1208
-584
-220
334
922
1193
1638
1831
2016
2037
2002
2236
2186
2111
2090
2048
1974
1852
1829
1912
1692
1567
1441
1130
932
544
193
-453
-1147
-1738
-2436
-3005
-3547
-4006
-4471
-4788
-5054
-5276
-5472
-5857
-6325
-6745
-7011
-7153
-7232
-6973
-6701
-6644
-5926
-5076
-4155
-3350
-2701
-1602
-921
210
1424
2243
3264
4009
4961
5766
6414
7333
7907
8209
8739
9031
9424
9505
9229
9210
8465
7968
7290
6415
5471
4019
3044
1902
734
-223
-1122
-2058
-2902
-3562
-3830
-4262
-4586
-4531
-4711
-4461
-4372
-3890
-3655
-3443
-2794
-2506
-1958
-1614
-956
-423
-31
512
1013
1421
1689
1975
2057
2155
1996
2144
2021
1788
1719
1480
1500
1211
1185
1124
961
971
906
796
640
425
103
-275
-881
-1340
-2150
-2776
-3327
-3961
-4248
-4770
-4985
-5295
-5441
-5604
-6051
-6226
-6523
-6631
-6581
-6274
-5964
-5916
-5297
-4576
-3772
-3002
-2401
-1478
-843
226
1348
2185
3267
4140
5039
5878
6572
7457
8005
8250
8739
8843
9070
8969
8653
8442
7664
7016
6327
5476
4506
3332
2212
1301
74
-780
-1616
-2613
-3272
-4051
-4252
-4689
-4953
-4834
-4870
-4616
-4240
-3729
-3281
-2966
-2254
-1530
-1203
-570
-55
517
859
1225
1855
1898
2108
2292
2370
2303
2162
2247
2114
1767
1674
1531
1265
1111
867
881
532
462
455
137
34
-383
-564
-1045
-1533
-1837
-2444
-2949
-3424
-3829
-3982
-4326
-4556
-4688
-5054
-5118
-5620
-5725
-5993
-6404
-6229
-6238
-5675
-5645
-5207
-4352
-3918
-2935
-2354
-1482
-677
11
1317
2040
2988
4113
4841
5709
6299
7062
7901
8026
8559
8864
8797
8993
8569
8557
7926
7074
6642
5619
4780
3612
2492
1540
266
-777
-1565
-2641
-3342
-4052
-4559
-4769
-5259
-4936
-5026
-4833
-4326
-4025
-3333
-3145
-2339
-1629
-1222
-593
-139
547
966
1352
1851
2107
2230
2519
2624
2710
2621
2527
2609
2234
2193
1998
1766
1538
1215
1185
881
697
529
244
-89
-384
-727
-1091
-1528
-1999
-2388
-2961
-3290
-3747
-4109
-4319
-4813
-4995
-5307
-5485
-5813
-6273
-6319
-6652
-6613
-6385
-6077
-5791
-5594
-4697
-3968
-3220
-2366
-1670
-750
-12
1126
2216
2970
4026
4938
5774
6602
7300
8161
8626
8824
9404
9399
9485
9302
8908
8539
7449
6895
6081
4949
3828
2570
1427
274
-850
-1651
-2732
-3764
-4292
-5029
-5247
-5495
-5519
-5577
-5625
-5038
-4595
-4163
-3670
-3151
-2574
-1873
-1169
-455
25
658
1231
1613
2193
2561
2780
2871
2940
3098
3011
2928
2954
2569
2406
2175
1997
1877
1401
1366
952
727
636
261
61
-550
-884
-1314
-1873
-2278
-2918
-3520
-4071
-4503
-4712
-5054
-5368
-5579
-5898
-5967
-6387
-6564
-6811
-7067
-6897
-6946
-6424
-6322
-5790
-4876
-4272
-3101
-2431
-1355
-340
540
2010
2859
3992
5058
5913
6919
7548
8277
9013
9283
9713
9988
9971
10114
9602
9484
8813
7953
7301
6127
5109
3689
2569
1346
36
-1159
-2112
-3262
-4155
-4856
-5517
-5848
-6261
-6045
-6227
-6005
-5561
-5106
-4568
-4109
-3310
-2727
-2101
-1426
-650
-67
645
1166
1720
2177
2507
2964
3050
3289
3341
3408
3436
3313
3238
3141
2826
2651
2492
2127
1989
1558
1502
1051
577
378
-427
-890
-1558
-2137
-2745
-3498
-3875
-4375
-4840
-4877
-5245
-5568
-5825
-6242
-6482
-7345
-7555
-7974
-8363
-8226
-8211
-7547
-7371
-6499
-5351
-4500
-3143
-2285
-1052
-28
996
2539
3289
4367
5339
6125
7049
7580
8495
9213
9416
10078
10405
10578
10745
10338
10326
9395
8660
7906
6565
5425
3891
2634
1151
-255
-1478
-2651
-4031
-4945
-5833
-6442
-6696
-6889
-6651
-6809
-6299
-5698
-5044
-4433
-3900
-3299
-2764
-2117
-1415
-703
-185
560
1024
1813
2453
3031
3558
3760
4226
4407
4643
4687
4525
4275
3991
3561
3273
2865
2315
1948
1361
1267
807
490
195
-517
-942
-1570
-2034
-2674
-3421
-4053
-4669
-5310
-5629
-6189
-6788
-7236
-7772
-8093
-8741
-8882
-9021
-9041
-8708
-8159
-7416
-6883
-5803
-4735
-3622
-2581
-1678
-547
247
1498
2646
3527
4646
5548
6709
7564
8469
9457
10143
10653
11206
11540
11617
11418
10987
10536
9443
8565
7403
6162
4683
3287
1959
445
-802
-2050
-3109
-4504
-5292
-6121
-6653
-6971
-6983
-7021
-7182
-6626
-6096
-5411
-5048
-4217
-3713
-3077
-2142
-1276
-461
150
1080
1676
2427
3054
3738
3866
4100
4439
4537
4673
4442
4551
4079
3887
3679
3439
3131
2530
2351
1836
1591
1196
848
207
-556
-1120
-1798
-2459
-3312
-3961
-4841
-5390
-5784
-6135
-6592
-7108
-7401
-7701
-8118
-8571
-8893
-9389
-9350
-9320
-8782
-8282
-7996
-6790
-5879
-4437
-3136
-2110
-594
238
1810
3148
4051
5410
6086
7177
7947
8657
9701
10045
10560
11054
11238
11638
11402
11272
10877
9916
9365
8052
7099
5539
4006
2641
910
-301
-1893
-3011
-4282
-5342
-6089
-6574
-6979
-7063
-7077
-6850
-6504
-6195
-5247
-5066
-4200
-3645
-2932
-2286
-1768
-578
-125
726
1319
2198
2669
3240
3844
4039
4351
4373
4723
4522
4587
4558
4392
4133
3890
3695
3248
2866
2326
2068
1337
1006
473
-164
-658
-1505
-1873
-2813
-3521
-4147
-4915
-5393
-6036
-6455
-6859
-7456
-7709
-8146
-8825
-9229
-9866
-10026
-10103
-9917
-9203
-9000
-8104
-6821
-5701
-4049
-3058
-1645
-431
475
2323
3107
4460
5438
6201
7411
7894
9102
9762
10217
10892
11230
11700
11967
11788
11828
11095
10445
9617
8277
7290
5337
4061
2261
606
-775
-2431
-3396
-4910
-5813
-6364
-6902
-7018
-6944
-6692
-6297
-6249
-5295
-4732
-4378
-3481
-3282
-2570
-2513
-1474
-646
-497
439
976
1815
2286
3142
3913
4039
4452
4918
5038
5055
5016
4943
4482
3888
3873
3300
2854
2280
1877
1601
991
1064
577
45
-537
-1168
-1611
-2578
-3236
-3957
-4971
-5598
-6268
-6764
-7306
-8068
-8290
-9077
-9627
-10009
-10610
-10519
-10671
-10222
-9628
-9313
-8065
-6960
-5686
-4168
-3365
-1695
-757
486
2173
2830
4430
5090
6299
7434
8037
9367
9899
10578
11353
11813
12353
12469
12211
12221
11262
10728
9686
8242
7032
5063
3900
2127
670
-632
-2140
-3238
-4437
-5204
-5687
-6320
-6561
-6634
-6792
-6358
-6261
-5577
-5288
-4959
-4007
-3705
-2851
-2318
-1546
-731
-296
755
1423
1990
2692
3160
3735
4095
4536
4968
4955
5032
5135
5111
4973
4785
4521
4133
3639
3255
2923
2365
1919
1441
844
198
-386
-939
-1688
-2566
-3265
-3981
-4758
-5309
-5960
-6558
-7277
-7851
-8492
-9221
-9927
-10713
-11334
-11889
-11733
-11599
-10987
-10348
-9620
-8101
-6867
-5070
-3826
-2575
-1158
-213
1430
2522
3646
4718
5533
6616
7497
8582
9659
10416
11103
11961
12386
13033
13190
13055
12708
11682
10993
9553
8213
6644
4783
3051
1279
-209
-1615
-2929
-4190
-5175
-6034
-6254
-6505
-6602
-6523
-6440
-6105
-5762
-5247
-4852
-4570
-4181
-3751
-3365
-2610
-1870
-1149
-472
368
1423
2273
3244
4106
4604
5195
5703
6106
6273
6064
6173
5567
5212
4951
4327
4048
3205
3054
2561
2190
2311
1703
1319
629
95
-557
-1641
-2454
-3513
-4705
-5378
-6212
-6850
-7610
-8443
-8818
-9873
-10137
-10898
-11585
-11980
-12528
-11881
-11869
-11057
-10374
-9636
-8024
-7024
-5306
-4132
-3074
-1520
-544
1078
2184
3328
4824
5613
6960
8154
9286
10531
11287
12255
13042
13393
14074
13853
13549
12997
11916
11052
9426
8094
6371
4633
3092
1470
12
-1233
-2511
-3637
-4468
-5157
-5558
-6265
-6334
-6710
-6810
-6758
-6656
-6480
-6502
-5750
-5351
-4781
-4075
-3086
-2177
-1394
-182
861
1739
2683
3615
4250
4727
5313
5825
5877
6039
6098
6173
5979
5813
5897
5405
5240
4725
4435
4074
3441
3303
2446
1785
1024
219
-585
-1892
-2978
-4054
-5280
-6082
-6903
-7716
-8391
-9271
-9518
-10322
-10779
-11385
-12303
-12685
-13264
-12815
-12660
-12103
-11284
-10621
-8952
-7623
-5950
-4506
-3347
-1671
-585
1129
2632
3809
5201
6187
7404
8548
9656
10847
11657
12248
13307
13736
14440
14503
14245
13919
12727
11930
10414
8948
7097
5224
3390
1681
-52
-1378
-2667
-4146
-5017
-5935
-6137
-6862
-6912
-7011
-7216
-7199
-6944
-6571
-6598
-6079
-5741
-5125
-4837
-3548
-2637
-1816
-643
392
1868
2593
4063
4869
5479
6178
6748
7219
7223
7335
7272
6990
6558
6621
6014
5741
5100
4671
4443
3760
3772
2826
2243
1303
382
-557
-1911
-3141
-4577
-5837
-6992
-7858
-8844
-9443
-10349
-10823
-11462
-11860
-12238
-12963
-13105
-13520
-13111
-12866
-12127
-11341
-10705
-9268
-8057
-6545
-5197
-3834
-2180
-941
709
2454
3871
5501
6802
8217
9481
10565
11947
12763
13476
14235
14572
14934
14659
14394
13777
12676
11648
10140
8820
7043
5483
3787
2159
573
-1002
-2223
-3671
-4779
-5853
-6465
-7338
-7829
-8123
-8260
-8428
-8422
-7895
-7824
-7118
-6440
-5413
-4743
-3693
-2250
-1327
-63
1069
2429
3141
4078
5076
5662
6214
6714
7211
7249
7490
7707
7836
7615
7662
7533
7084
6761
6156
5734
4818
4057
3127
1983
950
-305
-1471
-2832
-4100
-5321
-6374
-7359
-8214
-8944
-9587
-10260
-10854
-11422
-12046
-12639
-13437
-13861
-14431
-14492
-14147
-13796
-12796
-12046
-10745
-9095
-7616
-5553
-4097
-2344
-528
795
2933
4237
5810
7193
8163
9675
10425
11680
12648
13241
14096
14536
15059
15271
15022
14823
13879
12888
11668
10069
8627
6450
4734
2714
849
-835
-2642
-3846
-5506
-6651
-7419
-8105
-8483
-8719
-8662
-8612
-8698
-7880
-7323
-7016
-6246
-5609
-4644
-4136
-2732
-1576
-868
344
1596
2915
3724
5098
6113
6766
7539
8455
9018
9112
9315
9381
9065
8624
8493
7784
7104
6250
5661
5005
4006
3450
2333
1301
82
-1129
-2164
-3715
-4961
-6184
-7379
-8251
-9184
-9746
-10560
-11398
-11799
-12600
-13115
-13711
-14313
-14624
-15250
-14938
-14527
-13994
-12738
-12028
-10548
-8893
-7205
-4928
-3557
-1555
168
1493
3768
4866
6483
7770
8658
10272
10856
12364
13362
13881
14926
15192
15716
15841
15403
15121
13784
12649
11414
9510
8020
5640
3845
1815
-182
-1630
-3454
-4684
-6087
-7109
-7642
-8228
-8545
-8589
-8775
-8540
-8498
-7970
-7446
-7285
-6303
-5798
-4905
-4027
-2955
-1606
-721
668
2037
3260
4572
5763
6895
7784
8563
9370
9742
9964
10028
9946
9646
9143
8755
8087
7393
6582
5776
5008
4049
3268
2267
1139
50
-1166
-2334
-3664
-5012
-6257
-7573
-8621
-9648
-10555
-11310
-12072
-12733
-13405
-13876
-14282
-14701
-15125
-15319
-15437
-14960
-14223
-13304
-12177
-11247
-9390
-7686
-5641
-3550
-1987
46
1481
3519
5422
6628
8360
9333
10624
11725
12630
13977
14368
15030
15567
15701
15921
15673
15227
14323
12866
11764
10063
8210
6365
4028
2108
-144
-1682
-3353
-5055
-6156
-7493
-8226
-8809
-9040
-9081
-9251
-8896
-8662
-8411
-7597
-7035
-6426
-5838
-5074
-4152
-3348
-1954
-659
321
1718
3258
4723
6071
7428
8653
9275
10109
10846
11198
11101
10888
10543
9670
9059
8270
7376
6199
5115
4288
3260
2498
1738
794
-306
-1399
-2422
-3516
-4911
-6199
-7655
-9071
-10153
-11233
-11938
-12934
-13512
-14022
-14508
-14584
-14767
-14673
-14867
-14787
-14435
-13788
-12821
-11699
-10655
-9561
-7927
-6154
-4101
-2420
-687
1004
2518
4550
6246
7850
9292
10469
11783
12718
13871
14804
15253
15581
15621
15623
15353
14904
14128
12914
11437
10008
8429
6726
4800
2891
951
-933
-2303
-3781
-4902
-6197
-7153
-7797
-8431
-8438
-8736
-8990
-9034
-8988
-8569
-8098
-7599
-6786
-6249
-5129
-3738
-2560
-782
497
2116
3515
4956
6734
7630
8787
9433
9961
10415
10672
10963
10557
10253
9918
9414
8966
8322
7637
6663
5482
4731
3545
2570
1381
-48
-1248
-2895
-3798
-5136
-6528
-7864
-9317
-10238
-11322
-11965
-12562
-13239
-13552
-13796
-13892
-13911
-14066
-13941
-14171
-14247
-14020
-13745
-12845
-12134
-10915
-9654
-8281
-6088
-4154
-1944
-44
1633
3657
5191
7094
8581
9671
10828
11494
12528
13267
13858
14390
14454
14632
14652
14574
14402
13659
12868
11705
10334
8999
7278
5663
3523
1692
-92
-1849
-3154
-4619
-5763
-7000
-7748
-8305
-8856
-9105
-9223
-9365
-9190
-8700
-8199
-7502
-6776
-5541
-4683
-3455
-1960
-787
794
2102
3724
4920
6147
7677
8490
9494
10147
10660
11025
11026
11243
10850
10373
9960
9149
8455
7476
6457
5401
3997
3020
1705
466
-686
-2124
-3173
-4652
-5700
-6921
-8210
-9197
-10413
-11092
-12004
-12525
-12802
-13102
-13016
-13054
-13004
-12904
-12937
-12609
-12589
-12689
-12430
-12415
-11611
-10881
-9780
-8405
-7361
-5314
-3427
-1385
672
2263
4168
5599
7047
8620
9390
10400
10981
11486
12178
12388
13057
13058
13130
13285
13128
13199
12687
12182
11380
10159
9084
7595
6111
4404
2420
755
-1157
-2596
-3922
-5280
-6286
-7390
-7927
-8286
-8506
-8437
-8647
-8437
-8023
-7593
-6770
-6088
-5168
-4368
-3273
-1875
-727
821
2216
3480
4657
6101
7553
8476
9405
10096
10526
10775
10982
11016
10475
9964
9403
8491
7684
6720
5776
4511
3144
2125
812
-234
-1450
-2671
-3799
-5094
-5967
-7000
-8058
-9053
-10030
-10807
-11514
-12109
-12346
-12640
-12628
-12460
-12401
-11985
-11900
-11565
-11396
-11234
-11049
-11083
-10723
-10256
-9416
-8384
-7091
-5938
-4386
-2493
-609
1195
2570
4244
5417
6671
7939
8728
9559
9957
10604
11062
11372
11921
12178
12380
12477
12543
12544
12253
11766
11146
10033
8904
7561
6058
4501
2631
1071
-703
-2192
-3564
-4907
-5838
-6877
-7593
-8038
-8268
-8243
-8275
-7908
-7358
-6962
-6013
-5092
-4131
-3135
-2102
-745
199
1603
3036
3994
5105
6242
7545
8406
9153
9980
10253
10525
10661
10544
10090
9332
8661
7568
6411
5308
4104
2896
1489
419
-601
-1570
-2391
-3321
-4145
-5108
-5910
-6647
-7570
-8458
-9311
-10055
-10670
-11192
-11440
-11553
-11610
-11421
-11234
-10915
-10667
-10531
-10334
-10256
-10176
-10269
-10286
-10042
-9522
-8619
-7682
-6698
-5551
-3832
-2073
-461
1076
2418
3891
5034
6468
7526
8383
9209
9703
10449
10880
11535
11944
12139
12307
12436
12599
12528
12149
11541
10827
9781
8753
7383
5914
4177
2432
806
-913
-2413
-3815
-4989
-6221
-7097
-7585
-7731
-7876
-7995
-7707
-7327
-6725
-5928
-5110
-4299
-3489
-2331
-1164
-214
1223
2407
3538
4526
5709
7099
7791
8746
9206
9609
9936
10006
10006
9291
8771
8053
7143
6180
5007
3965
2881
1788
869
-87
-845
-1595
-2404
-2995
-3815
-4453
-5244
-6125
-7044
-7997
-8719
-9599
-10382
-10970
-11325
-11433
-11399
-11256
-10887
-10623
-10315
-10165
-9987
-9819
-10108
-10270
-10559
-10449
-10009
-9342
-8491
-7820
-6450
-4598
-2858
-1025
574
2272
3832
5261
7000
7951
8934
9714
10312
10951
11309
12106
12474
12683
13020
13339
13614
13595
13356
12901
11955
10854
9608
7988
6243
4253
2375
261
-1674
-3248
-4645
-5972
-7293
-8026
-8459
-8573
-8457
-8168
-7734
-7272
-6475
-5393
-4599
-3691
-2855
-2060
-1197
-322
1135
1915
2786
3770
4832
6102
6956
8146
8591
9025
9517
9721
9701
9151
8688
7831
6761
5863
4931
3947
2951
1952
1236
465
-30
-566
-1344
-2044
-2907
-3619
-4645
-5668
-6767
-7927
-9005
-9945
-10609
-11131
-11411
-11607
-11507
-11242
-10810
-10469
-10403
-10376
-10337
-10386
-10565
-10967
-11235
-11315
-11013
-10234
-9510
-8417
-7158
-5324
-3386
-1495
557
2207
3975
5515
7106
8447
9394
10349
10972
11603
12256
12839
13394
13667
13964
14317
14371
14376
13992
13426
12455
11027
9678
7985
6200
4203
2144
133
-1848
-3430
-4819
-6236
-7343
-8155
-8713
-8962
-8964
-8513
-8274
-7838
-7291
-6617
-5710
-4916
-3987
-3394
-2552
-1511
-253
1036
2099
3293
4508
5852
7139
8279
9202
9786
10155
10498
10524
10355
9834
9104
8194
7181
6487
5544
4545
3462
2500
1749
944
265
-645
-1742
-2804
-3920
-4940
-6081
-7352
-8482
-9636
-10379
-10907
-11248
-11420
-11693
-11516
-11242
-10838
-10483
-10384
-10315
-10450
-10481
-10489
-10793
-11142
-11406
-11454
-11001
-10268
-9107
-7936
-6511
-4521
-2394
-66
1999
3880
5565
7131
8652
9905
10763
11457
11941
12343
12744
13058
13462
13586
13725
13729
13724
13600
13233
12548
11438
10070
8557
6962
5022
3004
810
-1161
-3105
-4706
-6074
-7353
-8286
-9050
-9262
-9357
-9096
-8761
-8447
-8024
-7388
-6574
-5807
-5108
-4378
-3449
-2487
-1168
95
1451
2761
4145
5761
7139
8515
9602
10471
11057
11402
11659
11522
10986
10223
9358
8327
7199
6123
4934
3651
2489
1549
664
-287
-1119
-2082
-3173
-4222
-5163
-6143
-7347
-8481
-9482
-10314
-10885
-11267
-11649
-11863
-11889
-11627
-11284
-11012
-10673
-10465
-10195
-10166
-10171
-10185
-10296
-10442
-10628
-10507
-10140
-9208
-7906
-6493
-4919
-3029
-722
1543
3612
5461
6920
8297
9511
10471
11213
11610
12015
12126
12301
12538
12661
12903
12895
12837
12700
12547
12302
11646
10744
9536
8003
6425
4671
2749
671
-1379
-3263
-5049
-6465
-7699
-8673
-9333
-9690
-9701
-9450
-8915
-8356
-7643
-6668
-5757
-4874
-3803
-2689
-1753
-755
509
1643
2799
4244
5618
6708
7915
9371
10381
11054
11693
12001
11857
11540
11119
10110
8755
7497
6089
4525
3026
1716
432
-891
-1818
-2677
-3446
-4155
-4943
-5646
-6566
-7286
-8050
-8849
-9706
-10588
-11140
-11606
-11964
-12154
-12102
-12035
-11700
-11187
-10473
-9920
-9402
-8800
-8623
-8322
-8105
-7857
-7936
-8039
-7697
-7177
-6128
-4893
-3597
-2271
-636
1388
3252
4876
6220
7329
8363
9289
10052
10505
10725
10834
10830
10825
10904
10933
10958
10828
10660
10588
10363
10098
9411
8472
7259
5867
4470
2795
1011
-837
-2517
-4057
-5308
-6317
-7067
-7612
-7789
-7547
-7203
-6561
-5817
-4986
-4181
-3248
-2245
-1467
-723
95
900
1642
2596
3594
4560
5533
6619
7694
8568
9477
10112
10376
10385
10203
9755
8955
7890
6635
5248
3848
2538
1245
69
-1028
-1860
-2557
-3162
-3653
-4114
-4571
-5219
-5838
-6534
-7253
-8049
-8858
-9652
-10386
-10843
-11057
-11120
-11076
-10718
-10167
-9440
-8677
-7784
-6989
-6391
-5898
-5736
-5709
-5834
-5912
-6164
-6554
-6715
-6533
-5819
-4888
-3809
-2702
-1401
268
1931
3519
4642
5520
6359
7039
7603
7859
8006
7962
7832
7886
8034
8219
8506
8666
8817
8921
9041
9111
8652
8044
6982
5861
4665
3326
2007
417
-916
-2188
-3134
-3793
-4279
-4607
-4802
-4683
-4335
-3780
-3143
-2552
-2230
-1657
-1047
-492
-31
383
925
1195
1948
2777
3501
4313
5079
5960
6518
7309
7968
8073
8032
7753
7343
6631
5739
4755
3426
2182
1172
177
-668
-1534
-2116
-2545
-2960
-3140
-3532
-3893
-4423
-4956
-5431
-6108
-6656
-7343
-7901
-8366
-8721
-8766
-8758
-8638
-8313
-7781
-7108
-6449
-5721
-5003
-4606
-4306
-4294
-4549
-4880
-5302
-5722
-6405
-6893
-6942
-6632
-5920
-5168
-4319
-3218
-1850
-257
1147
2270
3243
4057
4870
5472
5878
6202
6260
6357
6508
6784
7244
7707
8194
8559
9012
9527
9785
9801
9490
8813
7973
6994
5902
4542
3070
1690
238
-923
-1876
-2597
-3266
-3769
-3852
-3812
-3446
-2996
-2591
-2359
-2036
-1544
-1238
-976
-710
-522
-451
-53
550
1148
1827
2575
3271
3905
4888
5656
6022
6136
6041
5772
5216
4701
3793
2685
1658
762
-3
-738
-1138
-1525
-1850
-2025
-2065
-2101
-2202
-2402
-2716
-3233
-3721
-4130
-4784
-5404
-6131
-6545
-6875
-7067
-6956
-6871
-6434
-5972
-5373
-4786
-4348
-3943
-3801
-3979
-4483
-5179
-5866
-6640
-7581
-8359
-9070
-9294
-8922
-8255
-7326
-6433
-5081
-3466
-1742
11
1317
2435
3326
4214
5103
5702
6100
6354
6643
7169
7845
8649
9404
9989
10683
11293
11829
12166
12112
11702
10795
9768
8571
7137
5654
3894
2179
642
-597
-1536
-2505
-3154
-3624
-3918
-3906
-3844
-3713
-3665
-3462
-3171
-3214
-3146
-2873
-2692
-2545
-2341
-1930
-1539
-875
196
945
1626
2543
3482
4201
4651
5109
5080
4792
4651
4312
3813
3127
2640
2092
1510
1280
1059
887
620
521
479
283
133
-154
-623
-1268
-1996
-2697
-3474
-4287
-4944
-5588
-6073
-6366
-6390
-6168
-6035
-5741
-5444
-5203
-5034
-4988
-5063
-5548
-6243
-7001
-7841
-8643
-9327
-10012
-10560
-10763
-10401
-9552
-8505
-7197
-5831
-4158
-2204
-317
1435
2780
3931
4962
5933
6817
7389
7863
8260
8716
9342
10040
10746
11305
11746
12151
12500
12715
12598
12072
11242
10102
8868
7497
5939
4245
2459
890
-563
-1757
-2711
-3560
-4239
-4791
-5008
-5062
-5059
-4986
-4997
-5017
-5006
-4853
-4680
-4625
-4481
-4262
-3859
-3262
-2484
-1569
-674
357
1405
2442
3471
4318
4914
5254
5416
5478
5376
5153
4796
4254
3894
3520
3274
3065
2779
2615
2254
2125
1860
1455
967
219
-499
-1387
-2211
-3054
-4001
-4838
-5466
-5963
-6234
-6421
-6442
-6389
-6295
-5969
-5953
-5886
-6013
-6251
-6506
-7003
-7419
-8141
-8751
-9266
-9696
-9825
-9917
-9738
-9327
-8546
-7319
-5984
-4519
-3015
-1473
254
1874
3338
4528
5444
6363
7121
7853
8440
8848
9333
9713
10224
10691
11120
11535
11713
11885
11877
11718
11341
10721
9850
8701
7427
6095
4629
3070
1636
171
-1108
-2230
-3096
-3857
-4553
-4979
-5393
-5642
-5836
-5875
-6004
-6121
-6072
-5932
-5720
-5460
-4942
-4525
-3887
-3046
-2049
-1036
-62
1095
2007
2969
3905
4660
5160
5437
5721
5801
5757
5713
5500
5182
4864
4571
4272
3789
3367
2846
2230
1637
990
359
-446
-1183
-1871
-2576
-3231
-3824
-4363
-4901
-5347
-5650
-5922
-6217
-6421
-6619
-6730
-6839
-6859
-6886
-7030
-7121
-7188
-7154
-7228
-7288
-7366
-7509
-7553
-7461
-7200
-7027
-6745
-6277
-5657
-4811
-3823
-2694
-1665
-625
589
1776
2871
3824
4715
5412
5995
6671
7235
7684
8077
8513
8907
9245
9688
10064
10256
10399
10412
10308
9992
9528
8951
8013
7064
5920
4777
3578
2281
1135
-110
-1114
-2100
-2864
-3511
-4154
-4615
-4970
-5207
-5408
-5509
-5552
-5594
-5664
-5369
-5160
-4823
-4387
-3810
-3057
-2420
-1235
-300
708
1722
2735
3728
4325
5161
5541
5717
5766
5739
5568
5137
4857
4468
3987
3577
3347
3038
2713
2399
2178
1755
1327
956
341
-298
-1124
-1755
-2635
-3479
-4206
-5018
-5638
-6293
-6546
-6855
-7002
-6952
-6837
-6532
-6274
-5867
-5593
-5376
-5200
-5062
-5015
-5067
-5224
-5384
-5574
-5774
-5797
-5858
-5721
-5657
-5332
-4840
-4289
-3455
-2695
-1738
-1012
-75
889
1679
2475
3071
3760
4205
4849
5506
6066
6594
7149
7763
8237
8799
9232
9529
9553
9605
9450
9117
8623
7908
7108
6064
5150
4065
3048
1970
956
73
-767
-1443
-2189
-2768
-3415
-3964
-4473
-4874
-5350
-5804
-6023
-6168
-6123
-5961
-5514
-5124
-4501
-3584
-2552
-1596
-621
481
1358
2251
3115
3830
4132
4393
4670
4724
4730
4752
4746
4566
4531
4670
4745
4673
4640
4466
4112
3698
3214
2555
1553
611
-342
-1346
-2243
-3046
-3756
-4429
-4882
-5033
-5166
-5211
-5149
-5141
-5040
-5025
-4905
-4935
-5104
-5133
-5297
-5268
-5291
-5259
-5149
-5124
-4896
-4789
-4662
-4534
-4577
-4528
-4520
-4510
-4420
-4364
-4082
-3777
-3334
-2613
-1987
-1112
-226
773
1833
2700
3745
4515
5259
5959
6494
6978
7217
7493
7669
7765
7878
7943
7914
7865
7745
7627
7398
7007
6631
5972
5326
4488
3608
2669
1540
545
-597
-1606
-2605
-3480
-4181
-4835
-5273
-5560
-5695
-5660
-5481
-5199
-4861
-4552
-4066
-3634
-3124
-2578
-2101
-1538
-1089
-401
236
881
1552
2087
2770
3278
3904
4414
4700
5003
5060
5199
5135
4989
4764
4260
3893
3406
2966
2490
1899
1406
805
343
-46
-581
-1032
-1601
-2084
-2511
-3024
-3290
-3832
-4181
-4469
-4748
-4787
-5007
-4896
-4982
-4950
-4727
-4613
-4348
-4287
-4107
-4007
-4010
-3892
-3926
-4025
-4152
-4313
-4395
-4593
-4624
-4536
-4541
-4293
-4000
-3471
-2890
-2240
-1342
-660
165
971
1722
2434
2923
3524
3888
4200
4581
4862
5189
5409
5706
5997
6218
6514
6723
6777
6750
6617
6404
6017
5469
4897
4104
3347
2551
1752
1025
244
-338
-916
-1349
-1716
-2052
-2309
-2581
-2756
-2923
-3062
-3228
-3332
-3374
-3284
-3129
-2897
-2541
-2152
-1574
-926
-183
504
1158
1840
2431
2951
3353
3627
3693
3675
3605
3504
3294
3074
2885
2613
2510
2410
2361
2255
2066
1987
1738
1517
1216
793
339
-204
-637
-1096
-1544
-1894
-2225
-2473
-2600
-2673
-2638
-2643
-2609
-2517
-2533
-2431
-2480
-2521
-2617
-2800
-2878
-3115
-3236
-3415
-3589
-3669
-3808
-3861
-3956
-4049
-4119
-4268
-4373
-4454
-4581
-4580
-4567
-4379
-4113
-3774
-3165
-2656
-1931
-1197
-454
337
923
1660
2177
2637
3095
3367
3637
3762
3930
4068
4076
4191
4269
4292
4386
4440
4574
4548
4495
4494
4252
4074
3749
3375
2895
2298
1879
1285
767
300
-190
-546
-903
-1054
-1197
-1390
-1383
-1417
-1363
-1235
-1131
-982
-1000
-861
-669
-601
-413
-348
-223
-85
89
431
543
770
973
1118
1376
1506
1734
1739
1758
1864
1867
1974
1948
1977
1937
1876
1979
1974
1971
1928
1844
1831
1716
1694
1574
1312
1124
787
569
223
-115
-398
-841
-1068
-1370
-1556
-1750
-2004
-2120
-2371
-2536
-2732
-3012
-3262
-3623
-3942
-4272
-4671
-4965
-5342
-5653
-5919
-6221
-6341
-6507
-6524
-6466
-6357
-6044
-5750
-5273
-4725
-4159
-3515
-2924
-2261
-1645
-1079
-481
7
483
956
1418
1937
2372
2894
3434
3926
4524
5043
5588
6018
6366
6745
6895
6996
6960
6786
6525
6125
5788
5318
4740
4219
3668
3118
2540
1996
1435
742
168
-345
-914
-1470
-1991
-2397
-2833
-3091
-3150
-3248
-3298
-3245
-2987
-2737
-2411
-1958
-1668
-1388
-1010
-556
-224
1
318
533
728
1099
1475
1793
2086
2480
2950
3363
3862
4305
4585
4815
5015
5188
5171
5016
4773
4363
3907
3464
2949
2384
1783
1240
786
336
29
-311
-674
-993
-1363
-1672
-2106
-2557
-3078
-3711
-4230
-4816
-5364
-5876
-6392
-6796
-7255
-7575
-7821
-8140
-8311
-8525
-8654
-8738
-8788
-8641
-8594
-8356
-7979
-7583
-6995
-6365
-5534
-4710
-3846
-2800
-1855
-846
175
1162
2114
2932
3831
4617
5308
6048
6661
7237
7722
8200
8635
8881
9135
9245
9199
9068
8815
8489
7962
7346
6640
5803
4949
4033
3088
2103
1124
222
-660
-1442
-2148
-2792
-3328
-3811
-4139
-4358
-4500
-4554
-4574
-4470
-4315
-4027
-3654
-3295
-2879
-2434
-1894
-1348
-770
-181
331
882
1451
2029
2606
3136
3660
4137
4619
5148
5585
5987
6310
6575
6790
6909
7002
6897
6683
6387
5964
5472
4863
4187
3386
2535
1726
882
48
-771
-1602
-2385
-3144
-3828
-4503
-5194
-5819
-6440
-6993
-7470
-7898
-8269
-8599
-8843
-9026
-9157
-9237
-9305
-9379
-9416
-9436
-9424
-9352
-9251
-9038
-8740
-8296
-7707
-6993
-6117
-5187
-4123
-2970
-1814
-625
510
1600
2583
3466
4325
5009
5612
6149
6566
6978
7305
7665
7958
8160
8420
8557
8666
8694
8618
8452
8082
7689
7134
6448
5710
4830
3911
2903
1934
993
39
-809
-1631
-2369
-2972
-3475
-3847
-4168
-4387
-4508
-4589
-4529
-4397
-4214
-3979
-3671
-3279
-2819
-2243
-1621
-1006
-378
310
1000
1674
2350
2954
3501
4014
4556
5049
5474
5882
6195
6479
6719
6938
7065
7055
6963
6748
6474
6071
5578
4952
4163
3323
2428
1525
578
-390
-1333
-2285
-3118
-3845
-4518
-5124
-5721
-6183
-6623
-6981
-7233
-7536
-7757
-7996
-8099
-8156
-8210
-8129
-8139
-8063
-7966
-7816
-7607
-7505
-7296
-7126
-6938
-6620
-6312
-5901
-5511
-5033
-4422
-3821
-3035
-2281
-1511
-705
40
894
1599
2309
2960
3474
4041
4495
5006
5423
5797
6223
6544
6944
7298
7608
7863
7986
8094
8065
7927
7715
7298
6784
6158
5454
4713
3887
3086
2235
1427
710
29
-538
-1082
-1553
-1958
-2342
-2618
-2873
-3104
-3275
-3444
-3501
-3478
-3364
-3114
-2839
-2415
-1932
-1368
-689
-79
601
1185
1749
2325
2773
3264
3581
3896
4198
4405
4711
4890
5096
5229
5306
5442
5412
5396
5234
4935
4579
4042
3512
2781
1956
1100
94
-796
-1750
-2613
-3423
-4242
-4834
-5441
-5838
-6159
-6472
-6656
-6906
-6987
-7092
-7176
-7198
-7304
-7292
-7294
-7195
-7033
-6901
-6658
-6454
-6170
-5841
-5537
-5202
-4971
-4716
-4493
-4273
-4012
-3831
-3583
-3367
-3046
-2625
-2159
-1572
-1008
-321
387
1153
1956
2673
3395
4003
4599
5135
5591
6023
6309
6575
6798
6984
7175
7274
7368
7378
7351
7329
7204
7046
6747
6396
5954
5411
4858
4170
3446
2644
1834
1064
261
-443
-1137
-1757
-2276
-2715
-2992
-3241
-3368
-3422
-3433
-3305
-3162
-2938
-2709
-2453
-2127
-1817
-1413
-1010
-574
-117
322
857
1351
1864
2364
2810
3260
3635
4026
4317
4540
4739
4818
4877
4845
4771
4606
4325
4024
3604
3123
2574
1936
1239
458
-326
-1140
-1953
-2736
-3516
-4205
-4839
-5370
-5804
-6164
-6407
-6610
-6698
-6739
-6727
-6661
-6618
-6534
-6459
-6346
-6227
-6102
-5928
-5739
-5491
-5191
-4836
-4430
-4022
-3571
-3136
-2716
-2291
-1939
-1601
-1345
-1097
-839
-630
-345
-72
264
648
1069
1579
2059
2593
3100
3546
3989
4357
4697
4924
5079
5200
5212
5228
5202
5124
5035
4928
4842
4713
4595
4459
4261
4056
3789
3481
3114
2705
2245
1720
1212
685
166
-325
-785
-1199
-1541
-1813
-2037
-2206
-2337
-2405
-2452
-2464
-2415
-2375
-2287
-2156
-1976
-1722
-1424
-1027
-625
-169
392
934
1504
2029
2538
2984
3349
3739
3951
4099
4213
4214
4190
4091
4003
3803
3562
3336
2991
2657
2251
1783
1258
641
48
-650
-1351
-2050
-2812
-3479
-4150
-4733
-5238
-5684
-5989
-6237
-6315
-6300
-6193
-5967
-5703
-5352
-4962
-4526
-4058
-3629
-3182
-2742
-2319
-1897
-1512
-1128
-821
-537
-276
-97
30
99
124
71
-13
-96
-206
-327
-400
-458
-487
-413
-312
-167
7
225
456
656
907
1075
1216
1354
1419
1496
1531
1593
1635
1677
1813
1917
2084
2288
2473
2687
2879
3097
3225
3296
3358
3275
3167
2969
2701
2383
1976
1598
1131
690
284
-145
-498
-852
-1109
-1333
-1520
-1600
-1692
-1703
-1676
-1619
-1518
-1430
-1250
-1082
-899
-644
-424
-162
113
415
702
976
1304
1562
1833
2106
2322
2511
2683
2844
2899
2940
2974
2897
2780
2628
2409
2118
1798
1441
989
541
90
-400
-871
-1311
-1724
-2112
-2414
-2658
-2845
-2947
-2991
-2965
-2893
-2748
-2576
-2405
-2193
-1997
-1809
-1631
-1477
-1347
-1268
-1183
-1133
-1128
-1116
-1142
-1176
-1234
-1281
-1322
-1404
-1450
-1517
-1602
-1673
-1740
-1800
-1880
-1910
-1930
-1968
-1926
-1845
-1761
-1624
-1438
-1225
-1000
-708
-398
-159
125
428
709
994
1267
1541
1791
2068
2376
2638
2905
3154
3360
3549
3675
3777
3792
3732
3614
3389
3152
2817
2428
2013
1529
1065
586
154
-264
-676
-1001
-1302
-1525
-1687
-1808
-1856
-1931
-1901
-1838
-1778
-1648
-1544
-1371
-1212
-990
-700
-459
-135
196
552
944
1318
1724
2038
2348
2635
2807
2974
3035
3037
2958
2822
2671
2427
2212
1930
1632
1375
1086
831
551
296
47
-228
-436
-682
-917
-1129
-1361
-1553
-1751
-1892
-2027
-2151
-2210
-2257
-2262
-2243
-2188
-2119
-2050
-1943
-1851
-1764
-1680
-1612
-1566
-1555
-1533
-1533
-1547
-1556
-1563
-1567
-1566
-1545
-1540
-1526
-1514
-1519
-1518
-1526
-1537
-1560
-1581
-1582
-1588
-1567
-1516
-1449
-1347
-1211
-1020
-825
-579
-293
-14
291
598
903
1165
1441
1695
1907
2103
2260
2396
2488
2566
2611
2613
2595
2547
2473
2366
2235
2084
1892
1694
1487
1252
1025
784
560
333
134
-35
-197
-298
-385
-435
-447
-440
-386
-339
-254
-171
-87
35
143
272
398
552
715
865
1067
1246
1416
1592
1751
1875
1950
2024
2037
1988
1925
1816
1689
1543
1383
1218
1029
857
692
514
344
170
-11
-213
-409
-612
-836
-1056
-1276
-1494
-1688
-1853
-1988
-2079
-2127
-2131
-2101
-2026
-1921
-1813
-1686
-1564
-1467
-1381
-1308
-1261
-1248
-1241
-1242
-1269
-1272
-1275
-1275
-1263
-1233
-1178
-1142
-1092
-1038
-1007
-996
-989
-991
-1033
-1088
-1127
-1177
-1213
-1223
-1212
-1180
-1128
-1026
-911
-760
-590
-415
-240
-74
105
260
413
537
649
757
847
960
1058
1164
1271
1372
1496
1604
1714
1808
1869
1909
1910
1898
1836
1728
1614
1454
1297
1124
965
819
662
560
472
426
413
412
439
457
510
560
610
662
698
751
784
834
894
954
1027
1078
1150
1221
1261
1308
1310
1278
1223
1141
1033
878
719
532
338
145
-31
-190
-356
-490
-613
-713
-795
-874
-949
-1033
-1112
-1182
-1259
-1331
-1398
-1463
-1504
-1526
-1526
-1515
-1479
-1430
-1353
-1269
-1170
-1072
-988
-899
-828
-746
-685
-633
-588
-552
-511
-474
-432
-391
-365
-351
-342
-338
-366
-415
-475
-574
-677
-785
-891
-1008
-1114
-1198
-1280
-1325
-1339
-1333
-1305
-1252
-1177
-1096
-991
-868
-749
-622
-491
-350
-206
-49
122
295
482
675
880
1072
1272
1454
1613
1758
1863
1951
1988
1984
1954
1890
1805
1703
1580
1453
1324
1211
1114
1029
958
903
861
824
804
772
734
688
629
566
496
425
364
310
270
250
246
263
290
340
377
405
419
421
408
361
296
208
117
30
-53
-117
-164
-190
-186
-154
-102
-45
10
55
88
106
95
57
-12
-94
-191
-290
-384
-467
-535
-585
-618
-629
-616
-591
-572
-549
-529
-510
-487
-481
-479
-496
-501
-502
-507
-499
-501
-504
-513
-521
-536
-571
-624
-699
-790
-890
-994
-1103
-1224
-1336
-1442
-1534
-1605
-1667
-1710
-1740
-1750
-1735
-1694
-1627
-1543
-1443
-1317
-1169
-996
-808
-614
-415
-217
-16
171
353
514
649
772
887
999
1102
1198
1278
1350
1429
1496
1564
1609
1633
1640
1625
1603
1555
1494
1412
1319
1220
1121
1024
936
856
773
707
656
620
579
548
515
491
473
452
440
424
409
390
382
367
357
342
315
284
251
228
201
168
142
122
108
117
125
146
172
206
238
275
310
320
328
321
300
260
209
148
70
0
-67
-132
-174
-211
-234
-241
-234
-208
-179
-144
-110
-69
-26
-5
1
-11
-46
-106
-181
-269
-386
-511
-644
-786
-916
-1041
-1151
-1255
-1358
-1453
-1545
-1632
-1722
-1815
-1901
-1990
-2065
-2114
-2143
-2145
-2122
-2058
-1964
-1838
-1676
-1501
-1313
-1131
-949
-773
-603
-469
-345
-233
-135
-32
78
197
318
462
620
801
990
1178
1353
1491
1621
1723
1783
1811
1796
1752
1693
1614
1536
1455
1374
1302
1246
1211
1181
1164
1142
1106
1068
1018
958
871
762
635
497
368
233
109
-9
-116
-191
-242
-265
-270
-251
-222
-160
-87
-15
68
135
216
282
343
402
449
489
515
542
565
585
606
618
615
612
618
614
601
585
572
557
544
533
525
508
499
481
461
442
408
353
274
186
77
-47
-187
-339
-504
-670
-831
-976
-1108
-1235
-1346
-1450
-1537
-1624
-1699
-1774
-1865
-1948
-2041
-2131
-2211
-2295
-2356
-2404
-2422
-2400
-2342
-2249
-2134
-1983
-1804
-1601
-1383
-1165
-946
-740
-533
-338
-155
23
183
339
485
635
788
935
1083
1226
1369
1511
1626
1731
1819
1871
1915
1925
1913
1874
1812
1729
1627
1523
1411
1302
1187
1078
969
866
776
688
591
497
403
312
222
133
43
-49
-129
-206
-266
-317
-356
-381
-403
-414
-410
-398
-382
-359
-334
-286
-240
-171
-99
-17
85
195
325
459
599
731
856
966
1058
1135
1191
1224
1220
1205
1177
1127
1072
1009
941
869
804
742
678
605
520
419
309
183
49
-105
-284
-475
-665
-849
-1042
-1218
-1387
-1542
-1671
-1785
-1885
-1978
-2059
-2128
-2186
-2233
-2278
-2304
-2326
-2340
-2328
-2307
-2261
-2200
-2119
-2019
-1900
-1761
-1608
-1445
-1271
-1088
-897
-681
-470
-238
-12
223
463
697
939
1153
1361
1546
1706
1847
1956
2038
2081
2096
2083
2044
1991
1921
1830
1729
1622
1518
1413
1316
1214
1115
1013
908
802
680
553
404
239
79
-84
-248
-406
-554
-683
-792
-870
-918
-941
-944
-925
-883
-827
-755
-678
-611
-539
-468
-389
-306
-214
-112
-8
115
255
408
575
738
897
1057
1198
1324
1418
1482
1518
1513
1486
1434
1363
1273
1178
1068
958
858
753
643
530
420
305
191
61
-82
-227
-381
-536
-702
-858
-1018
-1178
-1332
-1470
-1592
-1715
-1823
-1929
-2020
-2097
-2163
-2212
-2257
-2289
-2298
-2289
-2254
-2189
-2109
-2003
-1876
-1726
-1547
-1354
-1144
-934
-724
-496
-272
-45
180
394
603
805
1007
1201
1387
1554
1706
1836
1948
2049
2110
2144
2135
2106
2046
1959
1851
1700
1538
1366
1191
1017
851
677
517
368
227
109
-14
-116
-226
-327
-414
-502
-580
-660
-726
-782
-822
-844
-849
-842
-820
-777
-725
-656
-573
-491
-418
-333
-245
-151
-50
44
148
251
370
494
628
760
886
1001
1110
1220
1300
1361
1392
1390
1367
1320
1253
1161
1047
921
792
659
525
397
272
144
20
-102
-224
-347
-474
-611
-753
-896
-1032
-1160
-1285
-1400
-1502
-1581
-1639
-1672
-1689
-1695
-1680
-1659
-1625
-1589
-1559
-1526
-1492
-1459
-1424
-1389
-1338
-1280
-1213
-1123
-1019
-892
-743
-581
-408
-229
-39
147
324
487
634
766
895
1001
1095
1179
1237
1296
1347
1388
1405
1414
1408
1381
1342
1285
1208
1112
999
875
745
614
487
349
219
98
-11
-98
-185
-245
-308
-360
-396
-443
-468
-501
-527
-552
-578
-575
-579
-572
-549
-527
-478
-410
-342
-247
-143
-23
110
238
378
503
625
740
832
919
978
1021
1048
1050
1053
1038
1018
994
956
927
873
823
755
671
595
479
371
245
105
-24
-171
-299
-423
-543
-628
-706
-761
-793
-825
-819
-825
-820
-800
-803
-784
-789
-786
-789
-811
-810
-826
-827
-815
-820
-794
-775
-752
-705
-669
-616
-573
-523
-460
-419
-355
-297
-240
-170
-113
-38
32
107
199
278
381
469
571
685
779
881
957
1031
1090
1116
1137
1114
1073
1020
934
857
744
626
526
413
316
214
127
47
-39
-113
-191
-274
-356
-432
-507
-580
-643
-696
-725
-743
-741
-704
-653
-582
-488
-390
-274
-160
-53
58
136
216
265
309
360
351
395
411
406
448
440
461
479
467
485
454
432
412
350
311
237
160
98
-6
-70
-147
-219
-280
-347
-379
-432
-462
-486
-501
-512
-526
-530
-538
-535
-532
-528
-522
-528
-521
-503
-507
-475
-458
-433
-386
-374
-315
-271
-224
-155
-122
-65
-16
15
62
71
91
110
105
125
118
130
142
142
162
188
212
237
265
282
312
335
353
369
370
377
374
360
357
343
334
328
298
300
282
256
241
204
189
152
117
92
46
16
-23
-55
-81
-105
-117
-120
-119
-114
-89
-55
-26
13
48
78
124
157
194
193
174
168
120
97
68
10
-24
-69
-99
-122
-153
-136
-159
-157
-125
-132
-91
-67
-55
-26
-30
-21
-26
-40
-39
-63
-62
-65
-74
-64
-71
-66
-55
-47
-54
-76
-81
-105
-143
-175
-217
-250
-304
-326
-344
-375
-361
-373
-340
-299
-272
-205
-171
-108
-59
-29
24
26
45
67
55
67
59
69
91
82
119
128
132
149
136
144
126
93
69
18
-34
-82
-130
-163
-207
-232
-229
-222
-192
-163
-108
-58
-10
55
110
173
212
250
292
302
328
345
353
373
376
402
409
424
445
434
439
438
412
392
352
307
248
168
106
19
-57
-132
-214
-273
-331
-377
-410
-443
-467
-476
-492
-484
-480
-472
-462
-449
-412
-379
-343
-292
-232
-165
-89
-13
83
167
253
327
393
451
483
515
522
518
499
464
426
372
316
262
202
148
85
25
-32
-93
-130
-188
-238
-273
-328
-355
-384
-406
-399
-418
-407
-372
-352
-289
-257
-197
-138
-106
-37
8
53
90
110
148
169
188
216
218
239
238
238
250
242
238
215
207
189
170
154
129
110
94
77
76
71
70
78
87
110
116
139
153
154
170
178
177
176
162
157
133
107
98
57
34
-6
-57
-82
-128
-172
-207
-258
-298
-338
-374
-392
-431
-453
-467
-476
-465
-462
-445
-414
-397
-346
-307
-274
-225
-187
-124
-85
-31
34
77
128
171
223
268
303
332
357
375
392
397
405
392
370
346
305
280
223
169
115
49
-5
-76
-139
-206
-280
-332
-394
-454
-491
-551
-580
-616
-644
-631
-642
-626
-604
-574
-510
-454
-377
-289
-221
-127
-31
70
172
252
333
407
476
542
597
645
674
688
706
711
704
684
660
615
569
532
483
425
361
298
242
196
140
110
57
18
-8
-46
-47
-77
-93
-110
-136
-136
-147
-152
-149
-162
-156
-149
-150
-125
-127
-120
-110
-113
-97
-99
-104
-106
-122
-137
-145
-160
-175
-185
-194
-185
-179
-170
-148
-129
-108
-68
-31
2
43
69
112
146
185
241
264
301
334
358
406
434
455
478
463
473
468
441
434
385
336
285
214
172
115
38
-22
-97
-160
-210
-278
-328
-403
-476
-521
-583
-620
-666
-713
-744
-773
-770
-754
-744
-725
-694
-644
-568
-487
-397
-312
-228
-133
-25
75
167
259
331
418
491
562
629
656
687
700
709
732
716
686
659
603
558
514
444
384
299
228
178
106
52
-13
-71
-113
-163
-193
-223
-278
-310
-336
-368
-379
-410
-431
-454
-480
-478
-472
-485
-488
-492
-495
-472
-470
-457
-449
-454
-433
-419
-398
-374
-357
-330
-297
-257
-196
-150
-99
-34
21
106
180
237
309
363
419
493
534
593
622
640
682
688
713
710
678
657
619
584
549
481
418
350
265
217
143
72
3
-82
-141
-204
-255
-316
-378
-434
-481
-519
-552
-580
-615
-625
-635
-627
-608
-599
-573
-547
-507
-448
-389
-333
-275
-216
-139
-59
11
84
148
213
290
369
440
501
555
605
653
702
739
753
758
754
757
756
728
692
643
590
533
479
429
360
277
204
133
75
5
-81
-143
-233
-309
-368
-425
-473
-544
-589
-627
-666
-687
-704
-731
-744
-760
-757
-736
-733
-714
-700
-674
-626
-579
-520
-454
-393
-319
-236
-157
-64
17
99
181
248
319
369
415
476
516
553
575
587
604
609
614
621
612
584
558
529
507
473
436
398
341
289
240
197
147
88
31
-16
-71
-123
-169
-229
-283
-341
-400
-450
-509
-552
-584
-616
-636
-648
-659
-659
-645
-614
-565
-530
-489
-442
-400
-337
-263
-195
-131
-90
-33
38
103
191
264
331
397
449
525
594
639
690
708
723
744
743
757
743
713
690
657
621
598
550
505
445
375
322
248
182
111
28
-56
-144
-237
-305
-380
-437
-483
-561
-610
-655
-683
-687
-700
-706
-715
-738
-717
-681
-657
-630
-615
-559
-486
-422
-348
-313
-273
-174
-60
77
177
190
186
190
285
458
567
563
449
337
345
468
668
761
661
486
339
371
558
717
739
562
306
166
198
342
437
361
140
-121
-259
-211
-103
-53
-138
-340
-538
-639
-615
-523
-487
-547
-674
-798
-841
-789
-689
-598
-564
-586
-597
-575
-484
-355
-241
-168
-136
-110
-68
3
92
179
240
299
336
374
427
475
547
610
663
699
703
688
670
661
672
659
617
559
477
415
379
351
311
250
173
112
53
15
-14
-69
-133
-199
-253
-306
-360
-407
-436
-475
-507
-531
-560
-570
-569
-541
-511
-507
-508
-499
-469
-413
-352
-305
-274
-269
-225
-140
-52
46
103
141
182
234
328
400
460
490
485
491
502
518
549
550
536
514
472
460
453
452
447
400
351
295
224
189
146
95
30
-69
-139
-199
-244
-275
-309
-347
-390
-413
-415
-405
-399
-399
-399
-401
-389
-372
-356
-341
-325
-299
-280
-251
-213
-183
-144
-119
-79
-33
-13
21
47
69
80
91
106
125
137
143
163
165
177
199
227
258
264
271
287
292
301
311
306
292
255
241
232
220
209
186
159
130
118
103
81
47
12
-32
-80
-123
-166
-219
-266
-309
-343
-362
-390
-405
-416
-404
-391
-376
-350
-321
-293
-264
-226
-197
-159
-141
-107
-68
-34
0
29
57
76
108
155
191
204
204
202
214
235
262
262
227
173
138
148
177
184
161
123
88
77
103
135
137
108
48
15
9
17
24
2
-39
-79
-100
-102
-91
-82
-87
-111
-123
-122
-115
-118
-128
-132
-149
-171
-193
-206
-216
-228
-228
-218
-219
-221
-221
-203
-172
-143
-116
-100
-90
-85
-59
-20
19
39
47
67
102
134
179
222
253
283
311
347
382
403
414
416
419
409
391
381
360
334
303
279
256
227
192
150
121
83
44
4
-39
-89
-133
-181
-215
-249
-292
-325
-345
-351
-361
-363
-364
-363
-357
-342
-327
-315
-303
-286
-274
-246
-215
-194
-165
-140
-98
-58
-11
28
65
103
139
174
206
236
249
258
266
278
278
278
261
248
234
232
222
200
180
147
129
107
91
76
54
18
-14
-37
-53
-64
-87
-103
-120
-125
-128
-128
-117
-115
-120
-122
-120
-104
-98
-92
-92
-88
-79
-76
-57
-46
-37
-27
-14
9
34
58
82
103
119
132
152
170
189
198
207
220
227
228
237
258
261
269
272
276
269
259
263
255
240
219
202
176
145
114
92
58
25
-20
-55
-81
-120
-146
-172
-204
-246
-276
-304
-329
-364
-387
-404
-427
-443
-458
-462
-468
-458
-440
-419
-393
-357
-332
-299
-253
-206
-162
-125
-83
-48
-10
27
75
110
139
161
182
209
229
251
265
268
264
260
255
246
222
196
160
136
109
86
48
16
-5
-38
-47
-65
-80
-96
-109
-115
-118
-126
-125
-123
-130
-118
-105
-92
-74
-51
-33
1
38
78
113
144
174
204
234
253
271
278
279
278
279
277
268
257
247
227
215
207
192
171
141
119
101
77
53
28
0
-22
-39
-49
-58
-60
-67
-69
-69
-60
-46
-41
-36
-33
-27
-34
-41
-52
-59
-79
-104
-112
-135
-153
-178
-192
-205
-223
-238
-256
-275
-291
-297
-307
-317
-326
-336
-340
-343
-341
-323
-312
-296
-270
-240
-203
-170
-126
-90
-54
-16
19
56
86
111
132
156
174
196
221
228
241
253
256
255
251
239
222
206
185
159
132
103
61
30
3
-28
-58
-82
-97
-113
-122
-128
-120
-114
-112
-101
-85
-63
-50
-35
-10
10
31
60
83
103
128
155
180
204
220
237
248
247
257
252
245
232
214
194
172
150
125
103
78
54
37
15
-4
-16
-33
-56
-74
-89
-103
-123
-138
-145
-154
-165
-172
-169
-172
-171
-157
-143
-128
-117
-98
-82
-70
-55
-46
-35
-29
-31
-30
-28
-25
-25
-36
-48
-54
-62
-76
-81
-92
-100
-108
-120
-131
-141
-147
-152
-157
-160
-155
-144
-127
-111
-92
-72
-42
-13
18
51
80
110
133
156
173
187
196
213
220
221
219
213
208
198
190
178
165
141
121
103
87
62
35
9
-11
-33
-59
-71
-85
-92
-104
-104
-96
-88
-78
-63
-47
-33
-16
1
24
42
57
69
88
97
109
125
132
144
149
145
151
153
146
143
129
112
95
74
48
23
1
-22
-46
-73
-94
-119
-131
-137
-147
-157
-165
-166
-165
-163
-159
-150
-146
-147
-132
-110
-104
-87
-62
-42
-31
-14
16
33
43
55
65
70
73
73
71
60
52
46
36
29
19
13
5
1
-1
-9
-18
-12
-14
-26
-25
-16
-17
-23
-17
-9
-9
-2
6
16
28
33
59
74
77
87
101
108
109
121
133
129
120
121
123
119
97
92
89
74
62
49
48
35
14
7
0
-25
-39
-44
-58
-71
-76
-74
-80
-84
-76
-67
-67
-50
-31
-16
1
14
35
51
56
63
82
91
88
95
104
101
94
98
100
89
81
83
73
58
43
31
24
1
-15
-26
-43
-60
-83
-86
-93
-108
-118
-122
-115
-112
-109
-105
-93
-81
-70
-61
-46
-34
-20
-6
3
12
25
41
44
54
65
73
83
84
88
85
79
71
66
64
46
36
21
12
-1
-17
-23
-35
-43
-50
-52
-54
-54
-54
-56
-54
-51
-42
-33
-30
-22
-10
-8
0
8
20
29
31
45
58
63
67
71
75
72
61
59
49
31
19
5
-4
-19
-36
-53
-66
-78
-85
-88
-93
-102
-103
-107
-107
-101
-98
-98
-89
-81
-78
-70
-54
-30
-19
-8
8
21
32
50
68
79
89
90
97
94
87
87
82
82
69
57
53
44
31
22
23
7
-13
-20
-30
-41
-54
-67
-76
-87
-110
-110
-104
-96
-99
-98
-81
-75
-69
-56
-32
-25
-21
-9
5
11
16
25
37
36
31
42
42
49
45
44
39
30
31
19
11
8
-5
-14
-21
-32
-41
-46
-39
-50
-63
-59
-54
-50
-48
-36
-28
-19
-11
5
11
10
11
11
17
19
23
21
21
22
30
28
21
21
20
12
3
0
-11
-17
-36
-53
-60
-74
-84
-95
-105
-103
-112
-114
-101
-100
-96
-84
-81
-73
-59
-42
-26
-17
-5
4
10
20
32
47
51
63
79
88
93
95
104
109
101
93
87
80
63
51
37
16
0
-15
-35
-51
-62
-76
-82
-92
-99
-107
-117
-121
-121
-120
-121
-119
-117
-112
-112
-106
-94
-82
-74
-66
-44
-27
-17
0
12
26
42
41
53
64
69
62
63
77
63
56
61
60
59
53
50
48
43
36
36
28
18
15
14
9
0
-4
-10
-14
-15
-18
-21
-19
-10
-11
-14
-12
-15
-18
-20
-14
-16
-20
-23
-18
-14
-20
-22
-17
-18
-31
-28
-19
-19
-18
-13
-6
-5
-8
-12
4
12
6
10
24
37
36
42
67
80
75
82
99
106
98
104
118
116
108
114
120
115
105
102
107
94
73
71
70
53
34
31
23
3
-13
-23
-31
-48
-66
-76
-84
-99
-105
-105
-120
-124
-112
-106
-103
-98
-91
-90
-85
-68
-50
-48
-41
-14
0
14
26
46
71
73
82
97
116
121
118
129
135
136
132
132
135
125
112
109
102
91
79
72
67
46
31
21
8
-5
-20
-26
-32
-46
-60
-61
-58
-70
-72
-68
-67
-70
-73
-62
-55
-58
-55
-42
-33
-28
-35
-26
-9
-11
-1
10
16
25
21
25
40
41
43
41
44
42
41
48
51
55
50
52
51
51
47
52
55
44
49
51
49
41
40
49
41
31
28
26
24
8
8
11
-1
-4
-5
-6
-21
-25
-23
-24
-36
-49
-49
-59
-67
-72
-66
-68
-78
-79
-69
-75
-85
-74
-62
-64
-65
-55
-37
-38
-39
-13
-4
6
15
22
43
47
51
72
87
83
83
95
96
89
89
95
92
79
67
76
75
58
43
37
30
14
-3
-10
-23
-45
-52
-57
-67
-83
-95
-96
-97
-112
-110
-100
-107
-109
-100
-92
-95
-92
-80
-60
-56
-55
-38
-23
-14
-16
-4
17
19
20
37
45
53
55
60
63
56
54
62
64
48
46
48
42
35
32
31
29
16
10
9
-1
-1
-1
4
-3
-15
-16
-12
-13
-24
-23
-15
-16
-26
-21
-12
-15
-13
-12
-15
-12
-10
-15
-15
-12
-24
-34
-33
-27
-35
-40
-37
-36
-41
-45
-36
-26
-29
-34
-23
-18
-20
-19
-12
-1
-1
4
16
27
32
39
45
54
55
60
73
79
73
69
76
73
68
63
58
58
51
43
29
25
29
13
-1
-10
-18
-35
-51
-48
-55
-76
-87
-84
-88
-97
-106
-96
-89
-103
-99
-90
-77
-80
-73
-52
-47
-53
-39
-21
-12
0
10
21
17
24
45
58
58
56
71
78
73
77
84
79
70
61
66
58
46
45
44
43
30
18
20
22
7
-3
1
2
-12
-19
-13
-13
-22
-25
-17
-18
-28
-31
-17
-16
-33
-19
-3
-16
-24
-12
1
-5
-11
-2
1
-9
-17
-10
-4
-17
-26
-18
-4
-15
-19
-4
-10
-16
-19
-8
-4
-10
-8
2
12
5
9
20
26
22
26
37
40
42
47
56
54
51
48
51
50
39
36
37
28
18
11
5
-2
-22
-27
-32
-44
-56
-59
-63
-79
-91
-91
-90
-94
-94
-95
-93
-96
-89
-81
-73
-68
-59
-48
-41
-31
-24
-2
11
16
34
42
43
47
58
76
82
76
82
80
80
75
80
84
72
64
59
53
42
35
32
25
9
8
7
-5
-14
-24
-30
-35
-37
-49
-48
-53
-57
-56
-48
-44
-51
-48
-36
-28
-35
-29
-20
-18
-18
-10
5
1
-6
8
15
4
5
14
22
12
4
17
19
6
-2
15
14
-5
-4
8
9
-1
-1
13
12
2
3
18
19
10
14
21
17
3
10
23
14
7
12
18
13
1
-3
0
-7
-23
-23
-28
-43
-47
-40
-46
-70
-68
-66
-77
-82
-84
-71
-78
-87
-73
-68
-72
-69
-58
-43
-40
-43
-31
-12
-7
-1
9
23
32
38
53
57
58
64
72
75
70
71
72
67
62
61
59
55
41
36
35
18
2
-5
-9
-14
-32
-48
-50
-53
-55
-65
-61
-60
-67
-66
-62
-53
-55
-50
-43
-30
-33
-30
-9
-6
1
13
24
23
27
40
45
49
48
54
59
52
51
56
54
53
45
38
36
29
24
18
14
8
7
-3
-6
-10
-22
-17
-18
-22
-18
-14
-21
-22
-16
-9
-4
-8
-2
0
-3
0
4
2
4
-2
4
4
-4
5
8
3
-11
-13
-7
-17
-25
-24
-24
-26
-33
-32
-27
-25
-37
-38
-24
-18
-16
-13
-9
-1
3
-2
5
18
23
24
28
39
41
44
38
45
57
49
50
49
46
37
36
41
31
21
18
13
15
5
0
-9
-14
-21
-32
-25
-31
-39
-43
-44
-49
-48
-48
-43
-33
-34
-36
-31
-19
-13
-8
-4
9
12
6
17
30
33
31
35
46
46
37
45
46
39
34
38
37
25
17
14
10
1
-3
-7
-10
-12
-19
-21
-22
-34
-29
-30
-36
-32
-36
-32
-28
-29
-28
-19
-23
-17
-14
-16
-7
-3
1
2
6
5
9
6
4
13
11
3
2
7
1
1
-2
-5
-2
-5
-7
-14
-16
-12
-16
-18
-21
-21
-18
-20
-24
-20
-19
-21
-14
-6
-8
-12
-3
9
10
11
18
26
19
22
26
29
27
26
30
25
21
19
26
21
12
12
10
5
2
-3
-10
-13
-18
-15
-15
-26
-31
-24
-24
-28
-27
-25
-24
-21
-22
-18
-15
-11
-3
-3
-2
5
14
21
22
26
32
33
31
36
40
39
35
30
35
34
30
25
24
23
11
9
9
11
5
-3
-3
-7
-17
-22
-21
-22
-25
-34
-31
-24
-21
-23
-21
-25
-29
-27
-20
-12
-21
-17
-14
-8
-9
-8
-3
-9
-15
-10
-9
-13
-16
-15
-9
-21
-26
-26
-26
-31
-30
-32
-39
-42
-42
-36
-42
-50
-41
-35
-39
-42
-36
-33
-34
-30
-26
-22
-20
-12
-5
-2
-9
-5
8
7
8
12
9
1
3
6
9
-1
-4
2
0
-5
-9
-8
-13
-16
-22
-16
-19
-23
-23
-26
-20
-22
-21
-19
-17
-11
-4
-5
-1
-2
5
5
13
16
15
22
23
31
24
26
32
32
28
27
34
35
28
24
21
17
19
12
12
2
-3
-1
0
-1
-11
-16
-17
-15
-17
-19
-22
-19
-22
-27
-30
-20
-13
-18
-17
-20
-7
-5
-4
-6
2
3
-4
0
6
1
-6
13
15
9
-2
0
2
-6
-3
4
10
-1
-7
-10
-8
-6
-13
-12
-5
-7
-15
-14
-7
-13
-16
-7
-4
-4
-9
-2
1
4
8
14
14
5
8
9
11
5
8
12
9
7
4
4
6
7
5
3
4
5
-1
2
2
0
0
-2
-1
-5
-2
1
0
-4
-2
6
0
6
7
1
5
3
7
9
2
8
7
5
6
7
5
5
12
10
7
4
3
3
2
-6
-14
-10
-11
-13
-17
-19
-21
-21
-27
-29
-31
-36
-30
-31
-34
-28
-30
-32
-27
-26
-24
-23
-15
-7
-19
-14
-7
-9
-10
-10
-6
-6
-8
-4
0
6
3
1
6
2
1
3
0
4
5
1
3
9
-1
-4
1
4
5
1
1
2
4
3
9
7
1
10
14
17
16
14
12
7
12
18
20
15
17
21
18
19
22
22
15
12
19
26
23
17
19
17
23
24
16
19
20
16
14
21
18
10
9
11
8
7
10
7
2
5
2
2
4
3
-2
-4
7
6
-1
2
2
-3
-9
-10
-6
-10
-14
-13
-11
-13
-18
-17
-11
-16
-23
-18
-15
-23
-24
-14
-21
-29
-30
-21
-16
-23
-20
-14
-14
-20
-9
-7
-13
-12
-8
-3
-10
-7
-1
1
3
0
1
2
6
1
9
12
9
15
16
15
13
12
13
18
18
21
18
14
12
11
7
2
8
13
12
10
14
12
11
8
8
14
11
14
13
12
9
10
11
9
12
2
7
9
12
12
2
12
11
6
10
18
11
0
7
9
6
7
9
1
0
0
0
0
-4
-3
-4
-5
-6
-3
-3
-1
-3
-4
-6
-3
-7
-9
-5
-4
-3
-7
-11
-10
-13
-13
-6
-7
-6
-11
-8
-3
-9
-6
-7
-6
-8
-10
-9
-13
-13
-12
-11
-14
-9
-3
-7
-6
-1
-1
2
1
-4
-5
0
0
-3
2
2
1
-1
3
8
5
0
5
15
10
5
13
19
8
4
8
8
8
7
4
-1
-4
0
7
3
3
-2
-5
-4
-3
3
0
1
-1
-2
1
1
2
-2
5
2
0
4
8
9
4
5
2
9
8
12
10
6
6
-2
0
0
4
2
1
8
8
0
1
11
8
3
4
9
9
6
6
8
7
8
5
2
6
5
8
6
7
12
8
4
12
15
8
9
12
10
8
13
18
8
6
11
15
11
3
13
13
8
13
14
11
13
8
5
3
3
11
16
14
10
10
8
4
8
11
9
9
6
8
9
7
10
13
12
6
8
16
13
3
7
8
3
4
5
12
7
-1
5
-1
-9
-3
-1
-9
-12
-13
-15
-14
-19
-14
-11
-17
-19
-20
-17
-22
-25
-19
-19
-23
-19
-18
-19
-20
-22
-25
-29
-30
-23
-21
-25
-20
-19
-14
-12
-18
-15
-10
-9
-10
-4
-4
-6
-3
2
6
3
7
11
8
8
6
11
11
11
11
6
13
10
16
13
6
8
4
6
14
11
7
6
8
13
9
10
18
23
16
13
17
18
15
17
22
24
25
25
24
22
22
25
28
30
29
26
28
24
25
23
21
26
23
22
17
17
21
17
13
19
14
9
7
9
13
9
19
15
11
6
2
5
6
4
2
0
-6
-8
-10
-11
-7
-16
-15
-16
-20
-15
-18
-18
-24
-26
-28
-22
-24
-22
-22
-26
-25
-28
-25
-34
-25
-27
-34
-32
-31
-30
-33
-26
-24
-30
-31
-24
-18
-23
-23
-12
-16
-20
-17
-15
-18
-20
-18
-14
-18
-14
-13
-12
-11
-14
-10
-15
-17
-14
-11
-15
-11
-8
-2
-3
-10
-7
-7
-2
-3
-6
1
4
-5
-1
-3
-3
1
-1
0
-1
-1
-3
-3
-6
-1
0
-3
-4
-1
-1
0
