9
6
2
6
12
12
5
1
5
4
4
7
10
6
-2
5
8
10
10
2
6
8
4
4
11
5
5
3
-1
3
2
1
-4
-5
-7
-1
-5
-6
-2
-13
-8
2
3
-7
-9
-9
-10
-8
-9
-15
-15
-6
-9
-11
-11
-15
-18
-22
-23
-18
-19
-19
-16
-22
-15
-15
-20
-14
-11
-13
-15
-12
-9
-6
-6
-10
-6
3
4
-1
-7
-2
-1
-4
3
11
4
-2
-2
0
9
8
-2
-4
1
2
4
7
6
14
6
6
10
10
13
7
2
9
18
17
20
19
19
16
13
8
11
14
12
11
10
12
12
14
8
5
5
2
1
5
-2
-4
-2
6
7
-8
-7
-1
4
-7
-7
-2
-5
-5
-6
-9
-5
-5
-16
-11
-11
-12
-10
-10
-14
-17
-24
-24
-17
-19
-16
-17
-17
-18
-21
-23
-8
-11
-24
-24
-17
-18
-27
-25
-29
-22
-20
-18
-22
-20
-14
-18
-19
-21
-19
-24
-23
-17
-6
-13
-14
-13
-13
-9
-9
-1
0
1
-5
-8
-6
-1
-6
-10
1
1
2
3
3
4
6
3
5
12
17
15
9
13
14
8
7
9
6
8
6
13
17
14
9
3
12
14
6
6
17
15
15
8
4
10
11
4
-4
9
14
13
7
0
2
2
-1
4
12
9
1
-11
0
3
-8
-9
-4
-2
-9
-14
-15
-14
-11
-15
-19
-14
-10
-10
-14
-21
-16
-23
-30
-25
-20
-20
-23
-23
-25
-20
-18
-20
-16
-17
-30
-28
-16
-13
-17
-22
-22
-18
-18
-22
-14
-14
-22
-16
-10
-7
-11
-23
-21
-7
-13
-18
-10
-5
-4
-9
-7
1
6
-3
-9
-2
-1
-5
-5
2
17
13
0
-4
4
17
19
9
7
21
21
12
9
17
22
11
4
19
23
7
-2
-3
11
12
2
-1
5
4
-2
7
5
8
4
-3
5
13
4
-5
-7
2
6
-1
-2
0
11
-1
-7
3
-3
-1
4
3
5
3
0
3
5
3
-5
-1
2
-7
-8
-5
-4
-9
-9
-3
6
7
2
-6
-6
4
2
-1
0
5
3
-1
-2
7
13
8
6
13
16
17
24
18
16
21
16
13
18
20
15
14
19
16
6
14
27
32
21
15
27
37
38
24
26
22
18
20
26
26
20
16
18
30
25
20
18
30
38
32
23
20
24
24
23
27
36
28
17
22
30
29
27
18
17
30
27
21
20
24
18
13
20
24
22
8
-2
5
10
9
2
10
12
4
1
6
15
4
-3
-8
3
0
-14
-7
4
3
-15
-13
6
19
10
-6
-5
7
2
-8
-3
7
4
-11
-13
5
15
-11
-16
2
11
2
-11
1
11
1
-16
-7
5
4
-9
-9
9
16
2
-9
6
20
4
-15
-1
20
24
2
-5
21
28
5
-3
13
26
15
-7
2
21
14
0
5
21
21
2
-12
8
21
2
-12
-2
19
7
-15
-6
15
8
-16
-13
18
17
-7
-14
5
20
-5
-22
-3
16
-2
-32
-16
4
4
-14
-22
1
6
-20
-25
-2
14
-4
-24
-16
-1
2
-24
-20
-1
-4
-15
-20
-8
-1
-14
-31
-8
7
-14
-23
-11
-3
-12
-22
-12
-2
-5
-17
-26
-3
2
-10
-17
-12
-6
-15
-16
-8
-3
-15
-26
-13
11
8
-17
-22
-7
3
-9
-19
-5
4
-3
-15
-11
0
-17
-25
-22
-5
-8
-28
-17
-11
-3
-9
-17
-5
2
-9
-20
-7
11
1
-20
-20
-3
2
-17
-22
-8
0
-17
-31
-12
6
0
-23
-24
-4
-4
-19
-22
-11
-7
-16
-20
0
9
-12
-29
-12
9
-1
-26
-19
4
0
-19
-26
0
11
-13
-35
-8
14
-12
-28
-13
8
-8
-35
-26
5
9
-24
-39
-7
10
-16
-29
-17
7
-10
-31
-14
10
-1
-33
-32
-2
7
-21
-26
-4
6
-11
-27
-7
7
-12
-32
-15
4
-12
-32
-18
12
7
-18
-22
5
15
0
-7
-1
17
9
-7
6
26
14
-13
-10
16
15
-6
-5
16
21
-7
-12
4
16
3
-14
-3
13
8
-10
-15
3
12
-4
-9
0
12
-5
-18
-5
7
-8
-21
-8
3
-2
-25
-18
-1
3
-22
-34
-5
9
-13
-24
-8
6
0
-16
-5
6
5
-11
-7
8
11
3
-13
5
11
0
-6
10
18
5
-5
4
22
14
-1
0
10
13
5
3
16
16
10
3
6
18
11
3
12
22
14
-1
2
23
21
9
13
21
23
9
8
14
16
11
7
19
25
20
9
15
25
21
11
5
10
15
11
11
12
15
11
10
17
21
15
8
15
22
16
4
6
6
7
5
2
4
1
1
-5
-1
2
0
-4
-1
4
-9
-8
-3
-9
-12
-17
-21
-15
-18
-14
-14
-14
-12
-21
-21
-19
-17
-15
-16
-14
-16
-22
-27
-28
-26
-23
-26
-28
-29
-30
-31
-33
-29
-21
-24
-28
-26
-20
-18
-20
-14
-14
-13
-18
-17
-11
-6
-8
-17
-13
-6
-6
-12
-9
-6
-9
-8
-6
-2
-6
-8
-9
-2
4
2
-6
-3
-1
-5
-1
-1
5
6
1
2
5
13
8
6
7
10
12
8
2
4
4
3
4
9
11
6
3
8
16
17
10
13
17
14
23
26
19
14
14
12
11
21
17
13
20
18
16
17
15
12
9
9
12
9
13
17
14
12
15
18
13
8
9
8
8
10
9
10
13
10
8
10
9
4
6
7
4
8
9
9
9
5
3
1
3
-1
0
8
3
4
1
-3
-2
-3
3
8
7
0
1
3
5
10
10
12
11
6
0
3
9
12
8
6
14
10
6
4
6
8
7
11
4
0
7
7
5
10
5
5
6
8
8
3
9
13
5
2
8
8
9
9
14
14
10
15
13
15
14
3
4
12
12
14
11
15
16
15
15
14
15
13
11
12
21
16
15
19
17
11
15
16
13
14
15
22
15
17
19
22
19
16
20
20
23
21
21
20
16
21
23
18
21
21
19
19
21
21
14
19
20
21
24
23
20
19
21
20
22
22
21
17
14
16
11
10
11
6
4
9
5
5
3
-1
1
-1
1
-6
-8
-2
-7
-5
-8
-10
-3
-1
-5
-6
-9
-6
-5
-6
-3
-7
-5
-11
-10
-8
-8
-10
-15
-13
-9
-10
-14
-9
-10
-9
-9
-15
-10
-12
-15
-15
-11
-13
-18
-14
-12
-12
-13
-17
-12
-9
-10
-13
-16
-9
-12
-20
-19
-9
-11
-18
-14
-15
-9
-6
-8
-11
-11
-7
-11
-9
-8
-4
-2
-10
-13
-8
-6
-5
-2
-7
-5
-3
-4
-2
-1
-2
-4
-3
-1
1
-1
3
-2
-1
-3
1
2
4
8
3
4
0
4
-4
-3
3
2
-1
2
7
2
1
-3
2
2
1
-6
-11
-2
2
-2
-2
-2
-6
1
-3
-1
2
0
-5
-6
-5
-5
1
-1
-10
-11
-2
-3
-13
-15
-8
-9
-17
-15
0
-6
-14
-15
-16
-14
-17
-7
-11
-13
-12
-15
-16
-16
-12
-13
-10
-9
-10
-13
-14
-15
-20
-14
-8
-12
-14
-16
-9
-9
-15
-12
-8
0
-6
-13
-10
-5
-2
-4
-3
1
-4
-3
1
3
3
0
-3
-4
3
1
3
-3
-3
-3
-5
-6
-8
-4
-7
-4
-6
-10
-8
3
1
-6
-5
-7
2
-4
-4
-1
2
-2
-11
-4
-4
-3
-3
-2
-2
-6
-7
-4
0
-6
-7
-1
-2
-1
1
-3
-8
-6
-2
0
0
-6
-8
-9
-3
8
0
-5
-8
-7
-5
-6
-1
-6
-4
-9
-10
-2
-5
-7
-4
-6
-7
-7
-3
-4
-3
0
-1
-4
-6
1
1
-5
-6
-2
-1
0
2
0
-1
-4
-6
-5
2
4
3
0
-1
5
10
11
6
13
14
8
7
8
13
14
15
15
15
21
22
20
22
20
23
23
16
16
14
19
22
16
18
21
20
19
23
23
21
24
27
29
28
27
21
18
21
21
22
19
21
21
21
17
15
12
11
12
9
9
5
4
7
5
5
-2
0
4
8
6
-1
0
7
8
0
4
6
4
4
0
-1
-2
2
6
3
5
5
0
2
-1
-1
-3
-1
-4
-4
-4
-4
-3
-6
-7
-9
-8
-8
-5
-4
-5
-5
-8
-13
-9
-11
-15
-9
-14
-11
-5
-10
-11
-12
-13
-8
-8
-10
-9
-10
-7
-12
-7
-6
-10
-7
-1
0
-2
-2
-4
-3
-4
-1
2
2
-6
-3
-4
-2
-3
-8
0
0
-9
-11
-2
4
3
-4
-2
-4
-4
-3
-6
-1
3
-6
-12
-5
-4
1
-2
-10
-4
2
-4
-5
4
-2
-8
-13
-7
0
-2
-4
-11
-9
1
2
4
-6
-9
-1
-5
-3
-1
1
-3
-2
2
0
-1
-4
-3
-3
-6
-9
-2
0
2
0
0
6
-4
0
10
4
-2
3
4
-1
-1
6
12
6
4
8
8
8
6
13
12
7
0
-1
10
8
2
-1
6
8
2
-1
-1
5
3
-2
1
4
2
2
6
5
-3
-1
-1
-2
-1
-4
0
-4
-10
-7
-4
-5
-8
-8
-2
0
-3
-3
2
0
-3
0
-1
-8
-11
-7
-1
-1
-4
0
3
4
0
1
6
7
10
12
14
17
17
13
14
19
17
16
13
10
17
17
11
18
26
19
20
22
18
22
20
20
14
15
16
17
16
10
13
12
11
9
11
11
11
7
8
13
12
10
6
14
14
9
13
13
8
8
16
17
9
7
9
7
7
10
9
7
4
6
7
11
14
5
6
13
11
8
6
10
9
7
8
6
11
9
5
5
-1
5
4
1
2
-4
3
0
-6
-2
-2
-7
-8
-7
1
5
-1
-1
-8
-14
-10
-3
-2
-7
-5
0
-6
-8
-4
-1
1
-4
-2
-1
-3
0
2
1
-5
-3
-4
-1
-2
-1
-2
-4
-3
-10
-7
-7
-8
-6
-6
-2
-3
-5
-9
-8
-7
-10
-8
-5
-10
-8
-8
-11
-9
-11
-10
-12
-15
-15
-15
-11
-15
-18
-16
-19
-20
-19
-17
-22
-21
-20
-18
-22
-28
-27
-24
-16
-25
-26
-29
-31
-27
-32
-31
-31
-37
-32
-29
-34
-30
-30
-37
-32
-30
-33
-35
-33
-33
-39
-41
-35
-27
-28
-28
-27
-27
-28
-31
-29
-29
-34
-30
-28
-29
-29
-32
-31
-30
-29
-28
-33
-31
-29
-35
-28
-24
-27
-26
-29
-25
-21
-24
-23
-22
-19
-26
-24
-17
-26
-26
-24
-21
-16
-14
-13
-10
-13
-17
-14
-9
-6
-12
-19
-11
-9
-16
-8
-2
-11
-13
-4
2
-1
-7
-2
-5
-10
-8
-6
0
-6
-9
-5
4
0
-11
-2
7
0
-5
-1
6
7
0
-3
-4
0
-6
-4
-1
-8
-2
-5
-7
-4
-3
-10
-10
-11
-4
-11
-18
-11
-9
-10
-19
-10
-14
-16
-21
-19
-14
-16
-10
-20
-14
-13
-12
-11
-18
-13
-8
-8
-15
-8
-10
-11
-12
-10
-11
-9
-8
-14
-11
-12
-3
-4
-4
-4
-3
-4
-7
-5
-5
0
0
-1
-3
3
4
2
1
-2
3
4
6
7
10
10
4
4
10
15
12
9
11
12
9
12
8
10
14
8
7
14
15
17
8
7
14
7
14
11
11
12
9
10
18
21
7
14
18
19
10
9
13
16
20
15
17
22
27
20
17
21
18
16
26
25
23
19
24
21
21
25
16
21
17
23
33
32
30
25
20
23
25
18
19
20
26
13
9
13
20
18
10
14
12
4
3
8
11
8
0
2
-1
-1
2
5
6
-2
0
-5
-3
2
-1
0
2
2
1
1
-2
-1
1
-1
-3
1
7
-1
-5
3
-3
1
2
-3
0
-6
-2
-6
-10
-9
-2
0
-3
1
-1
-7
-6
-3
-2
3
2
-3
-7
-2
0
-7
-10
-8
-5
-14
-9
-7
-10
-6
-7
-8
-9
-5
0
-5
-5
-6
-7
-9
-10
-8
-10
-8
-14
-13
-4
-6
-9
-8
-7
-5
-1
-1
0
-9
-2
-2
-8
-6
-6
-8
-13
-9
-6
-4
-9
-5
-10
-13
-4
-9
-11
-6
-7
-7
-6
-12
-9
-7
-7
-5
-4
-2
-3
-4
-14
-11
-8
-7
-15
-23
-19
-15
-18
-21
-17
-20
-26
-25
-27
-28
-24
-32
-23
-22
-32
-25
-28
-27
-31
-39
-33
-33
-30
-27
-36
-35
-33
-31
-29
-28
-28
-34
-30
-27
-30
-27
-17
-20
-27
-17
-17
-13
-17
-22
-12
-17
-19
-15
-15
-4
-10
-10
-8
-7
-7
-11
-3
-8
-12
-3
-6
-1
0
-1
2
2
7
11
14
19
14
13
11
15
22
16
21
14
12
15
14
16
11
15
12
7
8
7
10
14
5
1
6
6
7
2
6
9
6
6
7
9
6
9
7
8
10
3
6
3
-1
-7
-7
0
-6
-5
-8
-17
-17
-19
-19
-20
-19
-19
-25
-19
-18
-24
-24
-27
-32
-32
-29
-26
-30
-24
-27
-34
-27
-26
-25
-35
-34
-29
-30
-26
-25
-27
-29
-24
-29
-32
-29
-23
-23
-31
-26
-21
-18
-17
-16
-18
-21
-20
-13
-11
-11
-15
-14
-15
-13
-9
-9
-10
-14
-11
-11
-14
-12
-7
-8
-11
-10
-7
-13
-15
-12
-16
-15
-17
-15
-13
-15
-21
-29
-22
-19
-20
-18
-17
-11
-8
-13
-17
-17
-14
-12
-10
-13
-8
-5
-7
-10
-11
-8
-8
-6
-11
-4
2
0
4
-1
-1
1
-5
-7
-6
-12
-9
-9
-12
-17
-17
-19
-15
-16
-27
-22
-24
-24
-15
-20
-23
-22
-24
-22
-21
-22
-28
-27
-20
-15
-13
-11
-3
-5
-1
3
0
4
10
17
14
13
16
15
19
14
11
17
17
19
23
25
24
22
22
19
23
23
13
17
18
13
6
5
10
2
3
5
9
5
8
19
9
14
14
13
11
9
9
6
2
6
10
5
5
8
22
23
20
18
19
26
17
18
23
19
18
18
17
15
9
3
1
5
7
6
5
1
-2
0
-3
0
-3
-8
-13
-14
-15
-22
-19
-25
-19
-12
-16
-16
-18
-14
-16
-23
-18
-11
-14
-14
-15
-15
-16
-17
-15
-13
-11
-9
-7
-8
-8
-2
-4
1
5
6
1
-3
4
6
1
-3
8
15
15
9
8
10
11
19
18
15
11
14
15
10
8
8
6
-1
1
7
11
9
8
13
15
13
19
24
18
16
17
16
21
23
14
17
21
21
21
32
33
29
32
32
42
43
44
48
43
39
38
38
37
35
31
32
34
40
42
44
45
46
47
45
43
38
33
30
28
24
22
21
18
20
16
12
16
20
14
8
9
14
10
9
8
6
-2
-3
-4
-7
-4
-10
-10
-11
0
7
-1
1
7
14
7
10
10
9
15
13
13
9
-5
-1
8
2
-2
-5
3
-1
-2
10
10
9
0
-3
-5
-2
1
-8
-7
-12
-10
-7
-17
-12
-9
-6
-7
-4
3
5
1
2
8
4
5
1
1
-2
-11
-12
-8
-1
-4
-4
-1
3
3
6
16
8
-1
7
11
-2
-5
-3
-6
-10
-11
-11
-9
-11
-11
-7
-6
-2
-2
-3
-1
-7
-13
-13
-10
-15
-19
-11
-19
-22
-22
-23
-24
-22
-23
-23
-17
-17
-18
-17
-14
-13
-19
-24
-20
-19
-22
-19
-23
-29
-24
-16
-19
-15
-12
-16
-18
-19
-19
-16
-14
-15
-22
-18
-18
-21
-17
-21
-21
-18
-20
-22
-14
-7
-10
-8
-7
-12
-9
-10
-7
-10
-14
-10
-10
-12
-16
-12
-9
-7
-1
2
2
10
9
5
2
8
15
4
0
6
6
5
2
6
9
9
15
14
21
22
16
23
20
20
16
16
17
12
15
12
7
8
4
8
12
10
6
9
14
11
10
12
10
7
7
7
2
1
0
2
0
4
-1
-5
0
-6
-8
-10
-6
-7
-7
-3
-12
-11
-10
-11
-16
-15
-15
-16
-14
-20
-11
-10
-9
-9
-14
-14
-10
-7
-10
-6
-7
-3
-6
-8
-3
-6
-5
-9
-6
-5
-7
4
5
1
2
-1
-3
4
5
4
2
5
6
1
14
17
12
11
14
14
15
20
23
25
22
24
30
32
32
30
23
24
31
25
30
34
29
27
28
30
34
36
33
28
26
28
30
33
29
21
24
19
22
26
19
22
25
23
16
16
17
16
21
17
11
8
15
18
8
7
11
7
7
6
11
17
11
2
5
16
14
10
7
13
8
6
6
8
7
1
9
7
4
4
1
0
4
-2
-1
8
6
8
13
14
7
13
13
14
10
7
11
13
10
6
8
2
-2
4
7
4
7
6
8
4
5
4
-8
-4
4
-4
-13
-11
-6
-8
-25
-17
-19
-25
-23
-31
-21
-21
-25
-32
-32
-27
-23
-22
-29
-25
-18
-26
-31
-26
-16
-15
-31
-18
-10
-18
-7
-4
-5
-6
-3
6
1
10
17
3
4
14
22
16
13
29
30
35
39
47
47
43
58
59
60
67
67
70
69
72
89
78
82
94
91
97
93
111
113
101
110
119
125
126
131
139
141
149
158
154
160
166
164
155
145
158
148
123
113
97
93
50
30
23
-19
-41
-79
-97
-132
-177
-192
-234
-266
-277
-316
-340
-371
-390
-411
-455
-458
-481
-497
-516
-525
-509
-545
-543
-533
-544
-530
-542
-537
-539
-545
-513
-529
-515
-483
-460
-414
-404
-335
-274
-245
-172
-107
-19
36
86
179
228
294
360
410
488
532
597
648
693
775
800
841
873
904
953
934
953
964
953
968
952
969
973
970
996
994
1031
1052
1050
1082
1085
1119
1127
1110
1144
1135
1128
1101
1073
1059
987
936
848
728
617
452
284
96
-114
-315
-552
-764
-972
-1189
-1366
-1575
-1731
-1876
-2039
-2164
-2316
-2416
-2524
-2648
-2718
-2818
-2872
-2924
-2979
-2948
-2935
-2896
-2843
-2784
-2653
-2578
-2473
-2356
-2261
-2114
-2022
-1866
-1700
-1547
-1316
-1125
-875
-589
-304
14
280
595
906
1139
1403
1607
1824
1990
2108
2305
2403
2532
2666
2791
2935
2996
3130
3212
3214
3248
3191
3103
2970
2816
2683
2441
2255
2113
1972
1883
1781
1791
1815
1830
1927
1979
2047
2094
2119
2151
2082
2041
1979
1840
1715
1588
1490
1335
1164
1082
918
719
535
325
78
-264
-585
-942
-1358
-1759
-2178
-2599
-3006
-3362
-3658
-3965
-4210
-4339
-4469
-4574
-4624
-4590
-4574
-4593
-4533
-4469
-4441
-4405
-4352
-4281
-4242
-4195
-4105
-4050
-3934
-3801
-3668
-3512
-3321
-3043
-2798
-2546
-2211
-1837
-1468
-1101
-670
-183
246
696
1207
1710
2201
2662
3165
3638
4073
4535
4916
5249
5562
5823
6017
6098
6173
6165
5998
5796
5543
5225
4796
4286
3809
3262
2661
2084
1490
960
416
-64
-458
-840
-1094
-1302
-1459
-1527
-1523
-1428
-1330
-1202
-954
-718
-458
-153
174
537
818
1164
1528
1821
2111
2332
2548
2682
2729
2741
2599
2419
2180
1820
1429
970
536
56
-482
-902
-1333
-1751
-2154
-2551
-2850
-3223
-3537
-3838
-4189
-4467
-4786
-5042
-5285
-5519
-5657
-5820
-5893
-5878
-5891
-5822
-5789
-5668
-5537
-5493
-5339
-5261
-5105
-4936
-4752
-4432
-4093
-3636
-3091
-2465
-1656
-834
31
927
1803
2782
3603
4401
5111
5720
6301
6735
7169
7512
7771
7992
8124
8214
8281
8214
8108
7820
7467
7054
6450
5789
4945
4062
3104
2103
1141
188
-720
-1517
-2210
-2742
-3168
-3444
-3536
-3616
-3527
-3345
-3064
-2731
-2397
-2000
-1610
-1199
-740
-306
103
539
974
1456
1846
2255
2652
2959
3235
3393
3511
3494
3345
3139
2785
2370
1932
1402
858
263
-263
-736
-1278
-1713
-2140
-2534
-2900
-3301
-3611
-3985
-4345
-4662
-5051
-5381
-5685
-5945
-6176
-6439
-6556
-6663
-6766
-6755
-6756
-6639
-6607
-6534
-6348
-6209
-5925
-5661
-5308
-4842
-4320
-3618
-2837
-1993
-1047
-149
870
1892
2855
3818
4573
5404
6124
6738
7300
7734
8175
8461
8640
8827
8896
8893
8762
8460
8169
7664
7125
6409
5523
4646
3625
2631
1569
550
-373
-1269
-2032
-2619
-3126
-3456
-3701
-3768
-3705
-3624
-3340
-3064
-2683
-2296
-1898
-1429
-974
-479
-16
424
922
1430
1895
2383
2813
3280
3609
3851
4067
4154
4172
4000
3741
3384
2951
2485
1939
1365
800
224
-322
-830
-1304
-1743
-2257
-2749
-3205
-3647
-4095
-4597
-5066
-5535
-5948
-6293
-6596
-6879
-7122
-7296
-7408
-7448
-7474
-7466
-7480
-7453
-7364
-7230
-7043
-6773
-6458
-6059
-5497
-4738
-3792
-2881
-1922
-878
288
1461
2528
3507
4372
5192
6005
6719
7317
7865
8294
8696
8972
9274
9492
9532
9472
9255
9006
8594
8052
7345
6423
5370
4345
3262
2158
971
-168
-1168
-2089
-2779
-3443
-3941
-4337
-4552
-4586
-4541
-4333
-4035
-3715
-3323
-2831
-2294
-1721
-1257
-670
-145
410
1035
1593
2221
2747
3316
3837
4283
4711
4999
5137
5183
5084
4891
4544
4049
3529
2863
2187
1494
838
202
-466
-1049
-1634
-2215
-2774
-3301
-3872
-4471
-5053
-5609
-6112
-6613
-7052
-7466
-7841
-8106
-8328
-8493
-8564
-8619
-8640
-8683
-8667
-8486
-8372
-8154
-7911
-7527
-6913
-6216
-5200
-4152
-3078
-1836
-570
803
2098
3198
4285
5156
6114
6995
7632
8340
8810
9368
9782
10108
10517
10666
10740
10673
10455
10195
9654
8949
8103
6913
5791
4485
3228
1966
573
-578
-1772
-2655
-3363
-4056
-4567
-4985
-5131
-5112
-5070
-4772
-4489
-4182
-3706
-3263
-2593
-2093
-1552
-927
-389
374
1000
1690
2392
3003
3670
4188
4711
5263
5582
5743
5735
5625
5531
5105
4624
4004
3278
2594
1819
1186
468
-247
-933
-1606
-2212
-2771
-3399
-4049
-4705
-5369
-5947
-6571
-7034
-7566
-8111
-8569
-8846
-8963
-9110
-9256
-9323
-9205
-9133
-8978
-8831
-8548
-8234
-7931
-7419
-6742
-5775
-4770
-3843
-2812
-1528
-188
1079
2134
3251
4318
5295
6342
7189
8059
8712
9315
9892
10348
10779
11040
11134
11134
11002
10695
10294
9644
8887
7775
6602
5510
4338
3101
1697
528
-549
-1545
-2458
-3234
-3898
-4457
-4899
-5157
-5210
-5208
-5101
-5032
-4686
-4249
-3782
-3309
-2778
-2025
-1387
-757
-47
828
1644
2307
2880
3543
4204
4742
5170
5351
5559
5598
5564
5387
5071
4721
4125
3533
2972
2402
1701
970
225
-464
-1254
-2004
-2651
-3443
-4165
-5008
-5627
-6208
-6803
-7376
-7999
-8368
-8682
-9009
-9302
-9461
-9550
-9703
-9936
-9854
-9636
-9442
-9231
-8934
-8191
-7273
-6194
-5147
-4089
-2689
-1331
-1
1233
2411
3597
4479
5455
6415
7266
8019
8641
9280
9860
10324
10818
11153
11299
11435
11205
11046
10549
9917
9023
7780
6728
5420
4091
2669
1375
203
-976
-2069
-2795
-3528
-4159
-4645
-5025
-5021
-5200
-5108
-5085
-4945
-4565
-4300
-3937
-3555
-2986
-2388
-1894
-1231
-326
471
1253
1985
2775
3606
4229
4871
5237
5494
5753
5759
5680
5387
5102
4660
4096
3583
3038
2427
1801
1215
560
-112
-827
-1454
-2276
-3042
-3818
-4624
-5434
-6240
-6902
-7628
-8201
-8760
-9201
-9628
-9861
-10038
-10281
-10393
-10357
-10210
-10040
-9736
-9292
-8643
-7764
-6652
-5679
-4614
-3313
-1899
-553
587
1783
2974
4062
5168
6122
6989
7869
8676
9411
9905
10457
10996
11289
11384
11446
11367
11064
10522
9889
9064
7954
6840
5615
4346
2978
1710
462
-686
-1697
-2538
-3383
-4107
-4507
-4831
-5043
-5193
-5086
-4973
-4855
-4606
-4185
-3872
-3499
-3048
-2520
-1907
-1320
-509
159
970
1817
2587
3296
4003
4691
5144
5418
5705
5906
5787
5622
5347
5040
4561
4063
3593
2993
2456
1815
1135
457
-225
-1006
-1975
-2830
-3610
-4502
-5452
-6286
-6958
-7587
-8153
-8637
-9084
-9461
-9713
-10020
-10306
-10543
-10696
-10817
-10835
-10565
-10251
-9784
-8978
-7817
-6665
-5587
-4248
-2720
-1241
59
1271
2444
3580
4702
5647
6448
7292
8203
8981
9547
10141
10767
11241
11504
11728
11777
11586
11149
10647
9944
8907
7773
6560
5309
3884
2555
1253
35
-1105
-2073
-2918
-3706
-4200
-4632
-4900
-5082
-4966
-4847
-4829
-4670
-4290
-3947
-3758
-3402
-2956
-2392
-1958
-1243
-522
258
1200
2001
2864
3617
4501
5141
5530
5903
6156
6141
5964
5725
5367
4858
4225
3789
3239
2717
2158
1566
1079
497
-97
-869
-1678
-2468
-3412
-4433
-5371
-6305
-7201
-7992
-8627
-9148
-9680
-10056
-10275
-10499
-10689
-10889
-11051
-11017
-10905
-10745
-10547
-10006
-9006
-7989
-7051
-5913
-4489
-2957
-1563
-220
1199
2477
3774
4990
6106
7209
8200
9133
9872
10555
11230
11730
12067
12358
12555
12487
12151
11764
11274
10423
9330
8192
7035
5637
4202
2830
1467
145
-1102
-2068
-3069
-3885
-4532
-5064
-5334
-5405
-5348
-5435
-5375
-5017
-4650
-4482
-4156
-3732
-3243
-2811
-2258
-1502
-849
17
808
1665
2531
3402
4221
4822
5437
5899
6105
6203
6275
6119
5694
5165
4771
4255
3684
3069
2400
1836
1231
628
-123
-819
-1478
-2409
-3337
-4199
-5062
-6008
-7070
-7788
-8447
-9200
-9794
-10373
-10704
-11030
-11422
-11643
-11852
-11703
-11574
-11591
-11167
-10426
-9352
-8399
-7512
-6195
-4793
-3363
-1945
-662
833
2125
3352
4718
5871
7145
8174
9105
10037
10771
11559
12096
12393
12797
12921
12814
12512
12035
11516
10521
9480
8390
7116
5763
4372
3024
1645
312
-748
-1738
-2757
-3560
-4269
-4696
-5035
-5161
-5313
-5475
-5320
-5121
-4912
-4734
-4289
-3793
-3340
-2774
-2070
-1308
-467
408
1187
2067
2926
3806
4472
5067
5668
5965
6219
6318
6357
6242
5900
5511
5070
4640
4200
3598
2873
2248
1557
897
46
-808
-1627
-2610
-3508
-4522
-5510
-6367
-7230
-8028
-8765
-9475
-9926
-10448
-10842
-11229
-11708
-11866
-12146
-12285
-12299
-12222
-11848
-11346
-10483
-9321
-8323
-7115
-5748
-4299
-2648
-1277
155
1448
2728
4220
5365
6499
7606
8591
9532
10190
10952
11678
12118
12524
12739
12819
12728
12364
11874
11095
10112
9071
7781
6463
5054
3640
2299
957
-174
-1211
-2139
-3008
-3706
-4087
-4414
-4673
-4804
-4874
-4887
-4848
-4649
-4478
-4310
-3909
-3465
-3006
-2436
-1673
-772
51
941
1931
2796
3685
4524
5190
5687
6051
6395
6473
6355
6322
6071
5588
5079
4653
4258
3625
3025
2393
1801
1307
684
-81
-915
-1659
-2583
-3730
-4887
-5842
-6856
-7902
-8816
-9548
-10061
-10586
-10924
-11273
-11553
-11772
-12030
-12188
-12238
-12124
-12004
-11715
-11011
-9991
-9105
-8212
-6961
-5466
-3919
-2568
-1089
446
1885
3383
4733
6073
7280
8399
9384
10100
10885
11650
12175
12530
12887
13034
12838
12441
12165
11610
10541
9449
8391
7291
5928
4632
3338
2012
862
-204
-1267
-2281
-2988
-3651
-4297
-4636
-4685
-4891
-5140
-5124
-4869
-4709
-4590
-4179
-3783
-3296
-2781
-2081
-1258
-430
496
1260
2094
3001
3841
4452
5004
5564
5943
6052
6100
6244
6096
5774
5296
4972
4597
4039
3465
2783
2328
1701
1028
256
-532
-1304
-2304
-3327
-4380
-5295
-6294
-7245
-8062
-8672
-9321
-10006
-10462
-10894
-11363
-11934
-12265
-12496
-12704
-12736
-12570
-12042
-11220
-10256
-9401
-8327
-6821
-5326
-3968
-2682
-1129
317
1559
2956
4319
5661
6787
7878
8942
9927
10795
11545
12139
12779
13286
13241
13106
12871
12648
11895
10804
9846
8645
7415
6025
4619
3399
2163
924
-252
-1140
-1700
-2473
-3203
-3506
-3731
-3924
-4186
-4378
-4457
-4645
-4513
-4475
-4389
-4025
-3736
-3231
-2666
-1677
-691
34
1026
2108
3015
3747
4453
5124
5443
5523
5698
5560
5418
5184
4798
4467
4064
3850
3415
2979
2747
2273
1786
1183
532
-198
-1265
-2326
-3469
-4586
-5684
-6847
-7800
-8617
-9387
-10003
-10521
-10877
-11243
-11732
-12052
-12310
-12395
-12502
-12461
-12020
-11391
-10615
-9868
-8874
-7555
-6140
-4783
-3548
-2098
-538
920
2388
3854
5291
6659
7872
8938
9989
10941
11779
12299
12916
13356
13371
13348
13151
12919
12231
11318
10335
9306
8158
6836
5430
4177
2983
1704
586
-624
-1434
-2239
-2983
-3591
-4037
-4222
-4608
-4830
-4850
-4851
-4865
-4778
-4618
-4268
-3990
-3550
-2965
-2316
-1513
-870
1
840
1616
2430
3045
3708
4333
4728
4943
5001
5160
5160
4858
4632
4324
3979
3595
3134
2818
2437
1899
1225
478
-178
-1013
-2049
-3072
-4158
-5100
-5957
-6864
-7616
-8298
-8875
-9572
-10227
-10750
-11308
-11879
-12375
-12634
-12778
-12689
-12391
-11595
-10721
-9930
-8910
-7621
-6091
-4706
-3383
-2103
-703
878
2375
3611
4946
6320
7523
8595
9662
10785
11655
12349
13053
13683
14008
13975
13784
13578
12950
12059
11006
9855
8520
7113
5709
4214
2978
1689
346
-977
-1756
-2367
-3123
-3795
-4150
-4293
-4591
-4724
-4886
-4885
-5093
-5102
-5002
-4920
-4590
-4296
-3718
-3227
-2344
-1432
-691
220
1249
2238
2865
3623
4339
4841
5017
5200
5257
5130
4982
4631
4386
3971
3705
3390
3026
2771
2430
1979
1284
633
-45
-986
-2245
-3267
-4230
-5295
-6373
-7302
-8018
-8809
-9460
-10002
-10594
-11161
-11563
-12007
-12289
-12535
-12537
-12424
-12161
-11285
-10530
-9842
-8884
-7457
-5888
-4668
-3357
-1716
-284
1237
2808
4262
5728
7002
8404
9436
10446
11635
12416
12970
13493
13986
14129
13817
13669
13438
12626
11686
10621
9611
8282
6856
5587
4099
2767
1482
176
-1054
-2086
-2867
-3603
-4452
-4856
-5132
-5446
-5639
-5777
-5544
-5719
-5655
-5290
-4971
-4603
-4300
-3575
-2925
-2226
-1353
-439
376
1318
2252
2999
3737
4451
5222
5368
5548
5772
5776
5604
5202
5090
4648
4077
3686
3301
2900
2380
1820
1216
463
-251
-1072
-2193
-3130
-4112
-5199
-6224
-7157
-7851
-8717
-9546
-10078
-10725
-11238
-11800
-12280
-12494
-12787
-12858
-12768
-12239
-11317
-10565
-9836
-8690
-7264
-5738
-4417
-3164
-1666
-340
1244
2626
3945
5406
6723
8009
8987
10189
11337
12216
12917
13624
14134
14237
14171
13958
13571
12751
11784
10683
9512
8162
6758
5355
3975
2720
1427
153
-1058
-1940
-2718
-3472
-4172
-4600
-5049
-5441
-5651
-5716
-5723
-6006
-5841
-5578
-5136
-4778
-4311
-3497
-2774
-1836
-1044
-67
891
1898
2724
3388
4183
4855
5290
5347
5617
5712
5602
5286
5003
4822
4441
4155
3747
3385
3017
2592
2019
1369
686
-159
-1263
-2421
-3372
-4468
-5589
-6607
-7436
-8261
-9038
-9531
-9990
-10614
-11146
-11530
-11948
-12152
-12342
-12495
-12453
-11947
-11037
-10515
-9983
-8745
-7331
-5938
-4733
-3424
-1761
-427
1194
2700
4032
5492
6718
7935
8917
9989
11139
11903
12366
13115
13504
13603
13584
13332
13115
12110
11234
10369
9183
7986
6422
5156
3884
2423
1237
-19
-1115
-2076
-2984
-3644
-4297
-4676
-5000
-5413
-5643
-5544
-5603
-5622
-5510
-5106
-4609
-4506
-3827
-3168
-2255
-1512
-825
280
1037
2037
2806
3586
4324
4923
5433
5675
5862
6098
6100
5793
5643
5295
5041
4475
3930
3519
2901
2425
1657
1101
442
-421
-1300
-2198
-3073
-4033
-5062
-6108
-7095
-8123
-8835
-9699
-10410
-11120
-11745
-12215
-12735
-12720
-12904
-12865
-12520
-11687
-10784
-10393
-9415
-8097
-6781
-5572
-4543
-3161
-1820
-454
1179
2467
3987
5485
6681
7948
9088
10385
11533
12094
12960
13603
13745
13918
13677
13626
12837
11728
10981
9770
8655
7327
5912
4759
3363
2209
1052
-214
-937
-1882
-2602
-3278
-3824
-4150
-4756
-5107
-5393
-5626
-5895
-5989
-5934
-5607
-5386
-4900
-4256
-3547
-2401
-1658
-548
364
1351
2330
2945
3889
4397
4882
5181
5345
5555
5577
5449
5255
5069
4963
4731
4264
4138
3851
3554
2979
2383
1895
933
-95
-1299
-2384
-3503
-4717
-5948
-7099
-8080
-8796
-9612
-10427
-10960
-11511
-11945
-12490
-12620
-12780
-12928
-12691
-12251
-11592
-11224
-10348
-9154
-7938
-6585
-5439
-3860
-2375
-821
865
2219
3821
5366
6723
7887
9071
10293
11429
11972
12749
13504
13652
13880
13566
13635
13119
12257
11613
10501
9572
8374
7099
5784
4389
3224
1985
499
-572
-1523
-2454
-3344
-4038
-4330
-4878
-5253
-5370
-5484
-5562
-5598
-5486
-5290
-5239
-4828
-4432
-4005
-3268
-2683
-1767
-1006
-30
1019
1747
2732
3603
4352
4831
5164
5569
5745
5565
5360
5120
4870
4498
3965
3741
3585
3332
2846
2334
1914
1270
311
-778
-1991
-3154
-4301
-5645
-6810
-7892
-8696
-9697
-10673
-11255
-11826
-12387
-12925
-13061
-13121
-12976
-12607
-11807
-11139
-10569
-9381
-8266
-6878
-5883
-4647
-3191
-1897
-150
1126
2562
4013
5628
6940
8029
9394
10664
11725
12317
13358
13916
14244
14161
13978
13764
12921
12197
11045
10033
8747
7545
6253
4913
3791
2566
1420
211
-590
-1403
-2134
-2897
-3381
-3921
-4427
-4732
-5097
-5318
-5688
-5674
-5606
-5501
-5324
-4937
-4288
-3648
-3005
-2282
-1401
-593
286
1007
1703
2411
3089
3672
3912
4304
4749
4900
4882
4799
4862
4701
4282
4008
3774
3523
3067
2551
1961
1306
565
-282
-1368
-2499
-3456
-4703
-5841
-6875
-7680
-8682
-9895
-10600
-11383
-12107
-12737
-13032
-13081
-13217
-12832
-11941
-11249
-10589
-9569
-8418
-6990
-6080
-4866
-3590
-2492
-685
418
1882
3326
4814
6368
7320
8887
10326
11318
12094
13040
13740
14112
13903
13888
13705
12760
12050
10896
9980
8597
7234
6133
4730
3577
2305
1172
112
-774
-1559
-2307
-2938
-3248
-3753
-4223
-4479
-4664
-4729
-5198
-5187
-5056
-5062
-4927
-4738
-4037
-3465
-2980
-2191
-1413
-559
314
1026
1785
2477
3071
3679
3831
4187
4513
4509
4585
4387
4490
4300
3934
3827
3640
3500
3137
2693
2175
1519
753
-60
-1159
-2201
-3256
-4480
-5474
-6505
-7340
-8377
-9438
-10094
-11015
-11801
-12370
-12752
-12836
-12995
-12592
-11706
-11192
-10409
-9456
-8295
-6787
-5989
-4654
-3559
-2347
-626
284
1847
3209
4702
6010
7048
8701
10160
11072
12051
13158
13774
14180
13891
14142
13635
12693
11918
10657
9724
8131
6805
5515
4247
3122
1875
630
-241
-1004
-1747
-2420
-2985
-3137
-3837
-4152
-4381
-4423
-4602
-4945
-4795
-4764
-4672
-4540
-4144
-3641
-3058
-2659
-1872
-1164
-451
352
790
1651
2180
2778
3218
3395
3855
4042
4177
4286
4259
4243
3979
3653
3614
3401
3131
2668
2152
1731
1050
420
-341
-1241
-2074
-2984
-4057
-5020
-5947
-6737
-7885
-9004
-9676
-10749
-11528
-12231
-12502
-12694
-12811
-12127
-11432
-10936
-10144
-8936
-7787
-6570
-5790
-4407
-3409
-2244
-659
239
1785
3006
4586
5710
6865
8556
9922
10878
11841
13165
13775
14116
14022
14243
13797
12838
12009
10916
9702
8119
6712
5376
4084
2640
1481
248
-720
-1523
-2097
-2488
-2959
-3212
-3507
-3709
-3971
-3802
-4054
-4355
-4515
-4272
-4169
-4472
-3987
-3495
-3006
-2865
-2018
-1114
-677
24
769
1607
1865
2529
3078
3139
3295
3651
3899
3625
3687
3776
3484
3058
3110
3050
2484
1998
1692
1315
576
195
-326
-1142
-1920
-2663
-3429
-4493
-5433
-6306
-7604
-8730
-9651
-10736
-11523
-12309
-12474
-12546
-12365
-11396
-10765
-10023
-8912
-7740
-6337
-5523
-4734
-3539
-2895
-1584
-725
298
1654
2732
4298
5457
7009
8662
9995
11177
12506
13456
14158
14224
14296
14246
13339
12437
11212
10200
8640
7090
5681
4428
3129
1829
732
-267
-1008
-1732
-2247
-2880
-2948
-3466
-3796
-4219
-4322
-4282
-4845
-4787
-4921
-4620
-4556
-4276
-3799
-3254
-2631
-2091
-1362
-779
89
501
1116
1613
1988
2370
2514
2874
2913
2978
3174
3383
3473
3455
3454
3513
3503
3407
3197
2689
2201
1574
823
-7
-893
-1702
-2699
-3745
-4530
-5259
-5925
-6687
-7648
-8209
-9002
-9666
-10214
-10893
-11228
-11643
-11336
-10697
-10617
-10144
-9066
-7944
-6639
-5931
-4492
-3190
-2409
-675
181
1561
2706
3873
5186
5863
7354
8707
9475
10310
11540
12312
12782
12776
13334
13222
12339
11885
10976
10121
8559
7212
5868
4366
3047
1615
247
-894
-1887
-2730
-3403
-3815
-3919
-4464
-4474
-4576
-4365
-4112
-4313
-4101
-4072
-3596
-3416
-3395
-2893
-2426
-2138
-1763
-1109
-423
36
429
1316
1866
2254
2897
3237
3568
3646
3910
4034
3763
3865
3652
3227
2938
2945
2765
2163
1765
1523
957
198
-266
-968
-1806
-2656
-3470
-4328
-5293
-5852
-6663
-7796
-8606
-9383
-10077
-10753
-11312
-11582
-11825
-11367
-10466
-10281
-9719
-8419
-7130
-5818
-5358
-3868
-2669
-1981
-471
221
1691
2632
3829
5077
5871
7429
8769
9678
10564
11871
12582
13122
13010
13462
13279
12298
11744
10606
9704
8118
6734
5389
3874
2587
1250
-10
-1032
-1989
-2818
-3449
-3795
-3950
-4556
-4627
-4731
-4620
-4601
-4718
-4534
-4497
-4044
-3716
-3514
-2943
-2176
-1736
-1247
-575
349
815
981
1715
2226
2539
2806
3100
3415
3458
3583
3789
3649
3754
3748
3492
3217
3041
3094
2565
2011
1571
991
190
-635
-1341
-2250
-3158
-4058
-4793
-5656
-6282
-6911
-7824
-8499
-9351
-9898
-10523
-11140
-11490
-11796
-11302
-10603
-10323
-9819
-8661
-7350
-6004
-5246
-3831
-2513
-1667
-92
763
2253
3304
4490
5692
6342
7817
8955
9871
10590
11761
12450
12784
12871
13177
13053
12148
11674
10722
9769
8367
7050
5644
4205
2925
1439
-2
-1229
-2258
-3394
-4146
-4483
-4702
-5374
-5346
-5210
-5011
-4858
-4792
-4326
-4517
-3870
-3434
-3296
-2858
-2218
-1516
-1410
-615
432
980
1084
2023
2822
3068
3520
3995
4516
4148
4515
4705
4305
4088
3894
3740
3003
2771
2661
2148
1485
1218
700
-143
-914
-1590
-2440
-3725
-4407
-5255
-6235
-7160
-7919
-8647
-9520
-10241
-10758
-11286
-11756
-11812
-11821
-11111
-10465
-10001
-9171
-8109
-6726
-5632
-4728
-3343
-2182
-1067
302
1342
2936
4069
5255
6385
7351
8768
9690
10625
11487
12463
12941
13208
13330
13334
12981
11998
11304
10298
9108
7653
6180
4974
3576
2116
780
-449
-1588
-2675
-3653
-4411
-4846
-5303
-5695
-6009
-6030
-5676
-5770
-5581
-5253
-4730
-4228
-3899
-3083
-2455
-1820
-1073
-409
206
824
1513
2036
2327
2894
3531
3771
4110
4504
4809
4813
4849
5010
4624
4290
4024
3685
3018
2421
2059
1321
471
-205
-735
-1679
-2574
-3477
-4246
-5264
-6054
-6751
-7819
-8643
-9580
-10207
-11162
-11636
-12013
-12292
-12212
-11782
-10854
-10517
-9605
-8466
-7151
-5947
-5112
-3737
-2531
-1385
-143
1074
2527
3836
5003
6222
7492
8728
10010
10804
11715
12730
13245
13578
13483
13715
13370
12370
11434
10688
9602
8131
6556
5212
3963
2392
1217
-298
-1403
-2537
-3491
-4460
-5150
-5351
-5931
-6395
-6756
-6215
-6228
-6142
-5860
-5309
-4692
-4390
-3458
-2911
-2113
-1460
-618
46
573
1469
1936
2496
2854
3540
3918
4077
4490
4795
5025
4971
5094
4917
4735
4340
4151
3703
3058
2607
1807
1242
310
-260
-1184
-2235
-3170
-4203
-5148
-6232
-7018
-7913
-8860
-9721
-10309
-11087
-11496
-12047
-12313
-12228
-11964
-10975
-10875
-10241
-9044
-7937
-6439
-5707
-4333
-2947
-2064
-347
778
2274
3874
5029
6427
7429
8844
10482
11040
11907
12929
13385
13837
13438
13866
13616
12620
11944
10731
9859
8515
7081
5791
4185
2924
1704
65
-1015
-2262
-3060
-4173
-5340
-5554
-6346
-6643
-7271
-7295
-7052
-7189
-6698
-6294
-5693
-5062
-4259
-3401
-2572
-1944
-845
-54
525
1449
1932
2707
2899
3554
4279
4401
4888
5229
5616
5727
5848
6053
5861
5446
5319
4823
4204
3599
2966
2225
1079
384
-548
-1604
-2638
-3526
-4489
-5617
-6479
-7216
-8070
-9067
-9779
-10654
-11441
-12144
-12717
-13187
-13306
-12749
-12037
-11649
-11038
-9612
-8313
-6761
-5655
-4262
-2859
-1878
-97
1000
2588
3939
5239
6532
7592
9175
10511
11671
12341
13626
14087
14557
14562
14582
14621
13372
12741
11419
10349
8916
7412
6005
4309
2909
1551
101
-1466
-2522
-3635
-4558
-5685
-6228
-6685
-7233
-7534
-7751
-7555
-7539
-7230
-6804
-6382
-5772
-4918
-4078
-3203
-2411
-1358
-347
341
1363
2125
2887
3432
3937
4783
5144
5493
5895
6115
6395
6299
6331
6267
5832
5683
5236
4723
4120
3437
2780
1684
703
-124
-1212
-2413
-3422
-4411
-5374
-6590
-7437
-8265
-9455
-10370
-11434
-12142
-12965
-13566
-13993
-14250
-13758
-12969
-12137
-11711
-10448
-9004
-7544
-6212
-5068
-3389
-2513
-912
543
1935
3492
4709
6445
7469
9123
10555
11937
12913
13893
14955
15111
15548
15386
15364
14443
13414
12432
11064
9596
8063
6571
4858
3439
1883
664
-1085
-2271
-3256
-4382
-5250
-6202
-6833
-7460
-8030
-8240
-8378
-8666
-8373
-8338
-7631
-7060
-6186
-4899
-4124
-2744
-1682
-311
848
1803
2877
3550
4115
4811
5436
5902
6224
6428
6891
6982
7249
7444
7429
7517
7228
7050
6593
6141
5539
4480
3378
2088
828
-683
-2236
-3637
-4947
-6146
-7215
-8198
-8943
-9664
-10325
-11069
-11907
-12365
-13223
-13959
-14750
-15025
-14769
-14535
-13809
-13282
-12327
-10765
-9083
-7257
-5725
-4129
-2278
-790
1073
2744
4301
5881
7064
8390
9662
10868
12110
13037
13727
14666
15022
15645
15648
15392
15175
14166
13419
12086
10767
9249
7391
5681
3981
2185
561
-1256
-2746
-4125
-5492
-6238
-7253
-7834
-8370
-8492
-8526
-8642
-8342
-7935
-7695
-7185
-6514
-5964
-5096
-4378
-3146
-2521
-1465
-21
854
2004
2909
4197
5170
5986
6979
7620
8007
8516
8701
8583
8411
8097
7889
6952
6367
5892
5188
4506
3595
2921
1770
748
-275
-1564
-2871
-4085
-5279
-6701
-8080
-9036
-10085
-11328
-12335
-13408
-14005
-14835
-15340
-15704
-15767
-15053
-14400
-13370
-12631
-11443
-9792
-8226
-6663
-5430
-3904
-2463
-1133
529
2079
3650
5172
6758
8262
9803
11274
12862
13973
14779
15894
16211
16644
16203
15887
15331
13996
12937
11377
9919
8216
6578
4974
3348
1686
459
-1092
-2534
-3612
-4670
-5464
-6558
-7277
-7859
-8290
-8654
-8780
-8894
-8705
-8569
-7947
-7126
-6446
-5252
-4248
-2938
-2069
-645
801
1683
2595
3513
4576
5145
5898
6615
7133
7418
7963
8285
8220
8311
8354
8298
7521
7134
6764
6023
5079
4046
3183
1822
498
-692
-2096
-3588
-4716
-5893
-7149
-8506
-9365
-10257
-11661
-12597
-13448
-14116
-14990
-15661
-15887
-15810
-15434
-14542
-13769
-13058
-11656
-10150
-8307
-7072
-5580
-3604
-2340
-642
1046
2735
4414
5732
7576
8895
10112
11719
12967
13847
14746
15553
16043
16034
15857
15854
14889
14065
12910
11600
10102
8371
6950
4978
3331
1727
182
-1547
-2986
-4067
-5084
-6132
-6786
-7344
-7867
-7896
-8057
-7865
-8059
-7598
-7210
-6905
-6096
-5544
-4652
-4027
-2911
-1825
-748
451
1538
2609
3593
4871
5761
6653
7216
7906
8352
8469
8707
8438
8408
7899
7493
6915
6182
5731
4970
4193
3211
2350
1326
205
-1169
-2413
-3732
-5119
-6376
-7843
-9021
-10297
-11487
-12692
-13755
-14566
-15253
-15848
-16288
-16094
-15547
-14600
-13587
-12810
-11335
-9845
-8160
-6519
-5461
-3672
-2428
-787
848
2202
4009
5357
7023
8427
9881
11345
12781
13710
14751
15565
15946
16311
15923
15802
14821
13785
12655
11060
9628
7864
6170
4424
2744
1392
-172
-1747
-2899
-4140
-4984
-5842
-6409
-7125
-7856
-7930
-8124
-8251
-8233
-7994
-7806
-7406
-6627
-5628
-4990
-3992
-2766
-1793
-564
708
2061
2836
3719
4904
5735
6356
7046
7607
7865
8067
8406
8652
8365
8365
8127
7569
7039
6455
6013
4874
3834
2856
1568
378
-922
-2322
-3786
-5274
-6496
-7699
-8993
-9878
-11077
-12054
-13056
-13916
-14445
-15185
-15690
-16192
-16051
-15475
-14685
-13826
-12899
-11539
-9866
-8114
-6375
-4891
-3177
-1456
206
2013
3536
5296
6759
8097
9454
10819
12042
13254
14001
14891
15561
15787
16247
15831
15700
14827
13773
12724
11191
9808
7989
6131
4426
2644
989
-580
-2392
-3578
-4940
-5840
-6635
-7382
-7702
-8281
-8341
-8374
-8262
-7979
-7796
-7526
-6928
-6482
-5651
-4936
-4113
-3068
-2342
-897
206
1449
2654
3710
4974
5945
7024
7866
8375
8821
9215
9303
9311
9066
8796
8190
7357
6850
6034
5326
4384
3483
2573
1411
535
-627
-1951
-3272
-4702
-6076
-7498
-8877
-9983
-11380
-12559
-13633
-14612
-15191
-15890
-16283
-16621
-16421
-15632
-14737
-13740
-12818
-11453
-9743
-8123
-6504
-5131
-3503
-1904
-376
1415
2997
4766
6292
7720
9179
10655
12041
13370
14227
15162
15991
16179
16549
16180
15954
15019
13696
12645
11028
9490
7728
5855
4164
2421
829
-641
-2396
-3542
-4784
-5815
-6538
-7187
-7580
-8206
-8448
-8326
-8242
-8112
-7815
-7615
-6979
-6493
-5446
-4564
-3822
-2571
-1711
-251
907
2287
3443
4280
5509
6537
7385
8047
8607
8984
9235
9133
9303
9056
8720
8260
7444
6969
6131
5501
4568
3490
2541
1378
190
-1106
-2518
-3904
-5389
-6928
-8123
-9596
-10688
-11995
-13155
-14053
-15060
-15509
-16274
-16642
-16980
-16816
-16055
-15179
-14167
-13333
-11920
-10289
-8466
-6748
-5230
-3516
-1861
-100
1688
3425
5187
6762
8184
9645
11151
12525
13800
14660
15662
16444
16676
16885
16604
16277
15358
14077
12861
11315
9684
7943
5953
4216
2517
821
-687
-2446
-3652
-4961
-6090
-6903
-7537
-8032
-8678
-8924
-8843
-8553
-8439
-7921
-7606
-6921
-6082
-5196
-4061
-3346
-1993
-1080
136
1488
2637
3878
4678
5887
6871
7718
8491
9156
9666
9976
10073
10143
10116
9715
9257
8303
7509
6550
5523
4431
3090
2060
746
-473
-1730
-2958
-4160
-5559
-6945
-8257
-9533
-10730
-12065
-13330
-14264
-15361
-15942
-16552
-16913
-17112
-17206
-16382
-15625
-14400
-13236
-12201
-10478
-8866
-6867
-5192
-3736
-1791
-474
1388
3025
4688
6530
7701
9338
10670
12143
13568
14639
15614
16447
16829
17217
17062
16618
16102
14576
13446
11771
10176
8380
6146
4484
2514
781
-659
-2314
-3543
-4827
-5943
-6532
-7330
-7462
-8127
-8556
-8651
-8717
-8347
-8405
-8122
-7701
-7074
-6233
-5246
-4155
-2822
-1655
-204
1236
2571
4167
5226
6394
7247
8108
8897
9274
9665
9760
9776
9762
9632
9448
9144
8554
7989
7264
6473
5535
4367
3310
1942
648
-761
-2210
-3667
-5156
-6604
-8110
-9459
-10737
-11787
-12860
-13609
-14398
-14982
-15417
-15781
-15833
-16032
-16010
-15835
-15162
-14227
-13179
-12132
-10937
-9354
-7648
-5660
-4110
-2383
-609
998
3032
4618
6564
8013
9400
10842
11899
13318
14182
15017
15361
15835
15959
15942
15572
14973
14226
12891
11799
10156
8842
6941
5206
3399
1549
2
-1664
-2981
-4560
-5683
-6653
-7356
-7947
-8204
-8573
-8763
-8640
-8253
-7780
-7628
-6919
-6347
-5538
-4683
-3785
-2638
-1633
-441
753
1917
3307
4610
5718
6651
7517
8579
9221
9628
9919
10092
10070
9846
9606
9128
8503
7745
6904
5884
4938
3881
2688
1445
204
-1052
-2484
-3757
-5081
-6329
-7711
-9026
-10208
-11251
-12082
-13054
-13762
-14494
-15017
-15306
-15481
-15429
-15532
-15408
-14922
-14005
-12784
-11659
-10734
-9336
-7598
-5765
-3929
-2678
-852
512
2234
3943
5308
7193
8168
9742
10790
12115
13392
14230
14930
15189
15717
15698
15613
14969
14504
13207
11969
10635
9116
7633
5595
4114
2125
697
-708
-1991
-3184
-4405
-5243
-6057
-6647
-6968
-7261
-7788
-7951
-8008
-7531
-7444
-7121
-6404
-5872
-4861
-4086
-2788
-1610
-458
884
1913
3239
4503
5634
6403
7049
7842
8544
8929
9122
9266
9258
9134
8844
8586
8094
7392
6605
5717
4839
3862
2857
1616
207
-1092
-2480
-3872
-5257
-6585
-7896
-9252
-10211
-10956
-11679
-12319
-12964
-13441
-13943
-14238
-14333
-14567
-14702
-14855
-14556
-13890
-12900
-11747
-11035
-9951
-8265
-6412
-4531
-3110
-1357
295
1740
3729
5048
6685
7802
8927
10036
10809
12173
12961
13671
13997
14548
14814
14967
14722
14319
13527
12319
11287
9779
8481
6537
4875
3055
1332
-168
-1639
-2777
-4113
-5226
-6005
-6608
-7041
-7252
-7531
-7471
-7715
-7227
-6785
-6588
-5879
-5365
-4468
-3995
-2994
-1568
-731
371
1532
2770
3919
5037
6341
7031
7726
8680
9382
9592
9730
9903
9640
9051
8638
8125
7077
6089
5029
4026
2766
1810
799
-629
-1820
-2968
-4016
-5353
-6475
-7544
-8777
-9841
-10661
-11489
-12310
-13014
-13544
-14105
-14522
-14495
-14633
-14563
-14584
-14174
-13322
-12412
-11106
-10308
-9219
-7664
-6131
-4255
-3036
-1532
92
1377
3256
4512
6225
7657
8770
10166
11123
12494
13464
14216
14752
15108
15322
15409
15007
14405
13544
12289
11082
9491
8248
6511
4726
3128
1525
281
-1118
-2212
-3304
-4465
-5097
-5790
-6304
-6678
-7143
-7245
-7644
-7487
-7286
-7141
-6611
-6114
-5314
-4522
-3463
-2204
-997
179
1488
2700
3991
5177
6075
6905
7551
8299
8744
9012
9164
9128
8962
8664
8354
7825
7279
6478
5568
4571
3689
2740
1509
269
-999
-2209
-3601
-4714
-6029
-7084
-8177
-9116
-9951
-10781
-11119
-11870
-12317
-12988
-13352
-13708
-13974
-14109
-14478
-14523
-14204
-13412
-12613
-11567
-10714
-9393
-7864
-6016
-4198
-2879
-1122
337
1927
3490
4919
6497
7466
8683
9859
10908
12038
12977
13800
14208
14745
15009
15102
14653
14249
13321
12054
10990
9646
8283
6280
4784
3126
1699
306
-940
-2134
-3415
-4083
-4903
-5472
-6083
-6341
-6802
-7173
-7177
-6977
-6925
-6836
-6162
-5688
-4877
-4021
-2883
-1879
-871
702
1813
3049
4280
5462
6273
6864
7843
8342
8627
8710
8796
8492
8175
7997
7483
6763
5969
5380
4306
3437
2586
1688
469
-691
-1554
-2820
-3910
-5024
-6064
-7260
-8249
-9039
-9922
-10764
-11310
-11885
-12554
-12982
-13382
-13562
-13898
-13965
-14074
-14092
-13514
-12700
-11680
-10891
-10006
-8577
-6942
-5162
-3656
-2338
-733
651
2388
3898
5294
6720
7855
9196
10202
11439
12555
13317
13778
14279
14636
14746
14605
14082
13436
12241
11366
10179
8822
7370
5702
4181
2615
1428
162
-1187
-2365
-3421
-4416
-5052
-5457
-6019
-6819
-7066
-7156
-7246
-7088
-6867
-6563
-6411
-5276
-4322
-3606
-2547
-1274
-47
777
2395
3745
4568
5376
6437
7143
7434
8190
8600
8353
8004
8201
7964
7375
7017
6625
5730
4828
4521
3718
2652
1704
914
-349
-1565
-2377
-3481
-4874
-5966
-6771
-7872
-8655
-9307
-9880
-10743
-11131
-11401
-12006
-12377
-12704
-12850
-13367
-13497
-13569
-13451
-12882
-12067
-11194
-10574
-9228
-7502
-5855
-4247
-2754
-1108
293
1858
3588
4829
6139
7213
8404
9391
10394
11533
12258
12829
13387
14024
14281
14372
14088
13803
12944
12024
11055
9831
8479
6719
5292
3699
2324
887
-361
-1730
-2960
-3953
-4761
-5424
-6247
-6723
-7274
-7524
-7795
-7567
-7400
-7227
-6752
-5934
-4903
-4243
-2956
-1749
-582
504
1833
3218
4037
5064
6040
6656
7087
7695
8114
8021
7873
8038
7919
7423
7148
6774
6189
5430
4875
4215
3145
2241
1292
269
-792
-1721
-2696
-3875
-4853
-5622
-6391
-7240
-8039
-8684
-9292
-9899
-10363
-10812
-11218
-11842
-12317
-12567
-12871
-13175
-13519
-13489
-13182
-12443
-11532
-10700
-9731
-8099
-6334
-4788
-3222
-1731
27
1184
2822
4263
5422
6768
7631
8858
9573
10782
11774
12361
13068
13772
14364
14454
14629
14471
14086
13102
12387
11226
9838
8446
6773
5242
3419
2066
536
-1006
-2385
-3526
-4508
-5380
-6142
-6667
-7207
-7588
-7688
-7800
-7641
-7637
-7148
-6635
-6046
-5320
-4348
-3186
-2201
-1092
159
1436
2481
3729
4719
5534
6217
6972
7508
7564
7766
7916
7782
7441
7261
6986
6509
5977
5617
5022
4265
3688
2944
2098
1158
467
-510
-1706
-2781
-3808
-4870
-6083
-7078
-8196
-9098
-9847
-10390
-10975
-11450
-11704
-12201
-12621
-13026
-13113
-13433
-13759
-13895
-13744
-13067
-12184
-11235
-10416
-9100
-7270
-5522
-3913
-2345
-581
1005
2472
4172
5492
6829
7941
9074
10044
11022
12298
13180
13825
14457
15286
15640
15837
15738
15551
14747
13733
12799
11344
9852
7997
6269
4305
2428
789
-902
-2578
-3981
-5199
-6201
-7067
-7705
-8066
-8586
-8652
-8712
-8454
-8209
-7915
-7266
-6641
-5785
-4954
-3819
-2662
-1552
-422
901
2213
3421
4662
5590
6564
7241
8087
8524
8604
8808
8655
8502
7987
7759
7278
6634
6012
5448
4834
4089
3450
2498
1659
682
-210
-1537
-2780
-4033
-5314
-6587
-7825
-8891
-10107
-10806
-11563
-12136
-12705
-12858
-13174
-13695
-13863
-13850
-13839
-14100
-13996
-14026
-13612
-12664
-11592
-10825
-10038
-8194
-6353
-4740
-3080
-1335
415
1867
3797
5432
6764
8205
9618
10819
11714
13050
14131
14824
15296
16063
16400
16416
16401
16108
15454
14182
13168
11713
10073
8226
6283
4265
2214
449
-1246
-2968
-4583
-5803
-6963
-7751
-8528
-8927
-9290
-9538
-9412
-9268
-8824
-8500
-7808
-7040
-6238
-5279
-4178
-2818
-1586
-271
1075
2515
3928
5301
6510
7482
8403
9164
9787
10016
10187
10162
9867
9469
8997
8567
7898
7172
6427
5676
4908
4117
3114
2039
930
-177
-1443
-2870
-4133
-5497
-6813
-8141
-9249
-10355
-11345
-12026
-12607
-13084
-13403
-13401
-13513
-13713
-13784
-13596
-13663
-13716
-13680
-13565
-13181
-12393
-11127
-10335
-9323
-7664
-5708
-3988
-2318
-427
1380
3033
4949
6846
8141
9661
11041
12297
13043
13989
15072
15438
15853
16223
16470
16233
16000
15618
14699
13339
12095
10639
8790
6891
4809
2820
665
-1124
-2905
-4668
-6171
-7485
-8469
-9295
-9817
-10116
-10286
-10274
-10074
-9635
-9051
-8570
-7880
-6987
-6004
-5085
-3878
-2445
-1163
202
1784
3382
4706
6164
7507
8468
9268
10190
10787
10877
10987
11013
10665
10106
9836
9281
8372
7627
6948
6052
4983
4152
3118
1712
507
-647
-2022
-3368
-4575
-5786
-7226
-8314
-9174
-10252
-11092
-11789
-12231
-12643
-12804
-12761
-12838
-12735
-12706
-12766
-12734
-12570
-12627
-12670
-12546
-12083
-11323
-10225
-8835
-7796
-6242
-4122
-2091
-164
1699
3749
5355
6875
8792
10036
11036
12054
13025
13531
13861
14733
15096
15072
15162
15311
14938
14356
13851
12869
11286
9743
8283
6307
4243
2214
253
-1838
-3630
-5121
-6682
-7967
-9008
-9846
-10442
-10862
-10958
-10866
-10659
-10363
-10134
-9270
-8403
-7632
-6574
-5440
-4151
-2989
-1174
612
1842
3456
5139
6606
7674
9047
10264
10584
11146
11858
12068
11664
11516
11351
10515
9704
9182
8240
6900
5988
5089
3755
2373
1472
268
-1282
-2433
-3457
-4717
-6026
-7013
-7975
-9143
-9964
-10559
-11330
-11811
-12085
-12002
-12040
-11905
-11565
-11474
-11254
-11177
-10972
-10933
-10977
-10891
-10656
-10192
-9440
-8262
-6883
-5472
-3908
-1820
275
2134
3986
5744
7260
8537
9883
10906
11413
12035
12698
12922
12948
13281
13579
13467
13338
13401
12978
12210
11631
10722
9197
7474
6036
4207
2008
64
-1732
-3744
-5582
-6860
-8119
-9376
-10256
-10599
-11022
-11211
-10912
-10521
-10246
-9862
-8998
-8238
-7558
-6655
-5520
-4481
-3407
-1983
-376
1090
2534
4192
5597
6950
8276
9582
10403
10742
11336
11594
11529
11166
10711
10022
8946
8202
7416
6350
5255
4388
3535
2552
1671
949
-33
-1108
-1978
-3016
-4111
-5235
-6192
-7241
-8322
-9057
-9724
-10281
-10635
-10767
-10691
-10547
-10217
-9793
-9417
-9040
-8890
-8738
-8613
-8461
-8362
-8366
-8185
-7867
-6981
-5671
-4384
-3103
-1633
235
2085
3782
5376
6579
7605
8534
9346
9866
10257
10628
10705
10611
10648
10880
10895
10860
10739
10500
10128
9658
9044
7999
6745
5264
3642
1903
148
-1676
-3508
-5137
-6559
-7781
-8810
-9563
-10076
-10252
-10133
-9901
-9523
-8877
-8217
-7634
-6882
-5966
-5211
-4524
-3586
-2637
-1729
-512
926
2100
3225
4724
6181
7288
8447
9512
9950
10082
10425
10465
9760
8993
8321
7348
6236
5462
4678
3572
2826
2462
1875
1109
733
333
-545
-1391
-2020
-2879
-4118
-5077
-5973
-7021
-7762
-8132
-8439
-8885
-8877
-8548
-8281
-7792
-7189
-6741
-6503
-6215
-5859
-5733
-5686
-5679
-5913
-6040
-5936
-5491
-4735
-3858
-2843
-1913
-587
1016
2487
3859
4945
5862
6550
7258
7907
8179
8342
8432
8295
8130
8161
8274
8222
8055
8087
7935
7638
7392
6886
6105
5005
3929
2651
1094
-335
-1838
-3313
-4665
-5761
-6706
-7603
-8110
-8322
-8466
-8358
-7995
-7592
-7150
-6680
-6005
-5414
-4794
-4133
-3643
-3016
-2330
-1421
-511
482
1563
2625
3714
4835
5932
6761
7419
7722
7964
7938
7794
7471
6854
6243
5424
4810
4158
3545
2970
2422
2028
1638
1339
996
519
-84
-643
-1315
-2064
-2903
-3670
-4472
-5239
-5692
-6066
-6350
-6569
-6473
-6283
-5995
-5495
-4936
-4533
-4169
-3734
-3521
-3508
-3653
-3748
-4183
-4647
-4932
-5077
-4916
-4538
-3844
-3237
-2354
-1018
468
1713
2673
3583
4326
4906
5374
5699
5702
5671
5673
5695
5729
5909
6258
6409
6550
6746
6947
7019
6902
6652
6010
5080
4091
3012
1802
429
-963
-2246
-3397
-4324
-5088
-5729
-6143
-6414
-6451
-6367
-6193
-5860
-5560
-5251
-5058
-4774
-4414
-4110
-3738
-3372
-2911
-2335
-1455
-385
619
1604
2616
3674
4622
5480
6081
6337
6374
6268
5981
5431
4857
4254
3621
3050
2697
2430
2203
2141
2159
2133
1943
1830
1485
1000
437
-267
-1050
-1874
-2498
-3207
-3846
-4193
-4271
-4311
-4198
-3920
-3577
-3252
-2854
-2453
-2377
-2269
-2326
-2587
-3178
-3802
-4298
-4967
-5562
-6133
-6473
-6456
-5974
-5237
-4542
-3750
-2633
-1320
-125
836
1595
2275
2874
3430
3819
4045
4276
4566
4855
5194
5693
6325
6964
7504
8025
8410
8663
8719
8446
7861
6957
5929
4709
3322
1928
458
-938
-2173
-3154
-4001
-4777
-5262
-5583
-5820
-5916
-5906
-5972
-6114
-6092
-5934
-5926
-5884
-5618
-5438
-5219
-4706
-3878
-3091
-2217
-972
79
987
2064
3226
3966
4374
4831
4921
4712
4642
4638
4336
3914
3720
3545
3267
3364
3612
3535
3357
3354
3436
3159
2824
2411
1691
957
269
-432
-1306
-1931
-2231
-2600
-2922
-3021
-2954
-2846
-2642
-2418
-2329
-2296
-2148
-2240
-2685
-3210
-3845
-4578
-5452
-6223
-6938
-7699
-8102
-8216
-8009
-7486
-6671
-5673
-4729
-3409
-1948
-630
452
1328
2107
2658
3258
3796
4235
4560
5001
5552
6222
7019
7849
8534
8916
9413
9833
10103
9899
9428
8639
7545
6421
5095
3645
2062
699
-701
-1952
-2973
-3701
-4346
-4992
-5499
-5900
-5963
-6042
-6149
-6466
-6601
-6625
-6660
-6703
-6768
-6613
-6340
-5705
-5002
-4216
-3299
-2149
-979
91
1261
2355
3225
3784
4263
4601
4880
5064
5083
4890
4701
4737
4795
4892
4965
5143
5160
5131
5142
5117
4954
4400
3745
2939
2242
1537
699
-261
-1201
-1857
-2368
-2716
-3052
-3233
-3317
-3248
-3285
-3397
-3510
-3767
-4063
-4546
-5020
-5711
-6342
-7011
-7791
-8433
-8924
-9089
-9146
-8853
-8241
-7278
-6085
-4822
-3495
-2133
-766
460
1606
2478
3223
3828
4442
4960
5440
6082
6620
7241
7807
8520
9208
9794
10311
10567
10662
10460
10042
9414
8589
7533
6314
4886
3442
2040
736
-517
-1730
-2683
-3598
-4280
-4917
-5410
-5782
-6171
-6582
-7068
-7314
-7473
-7568
-7668
-7730
-7751
-7456
-6940
-6394
-5725
-4875
-3658
-2536
-1213
44
1226
2380
3315
4221
4752
5379
5814
5993
5990
6039
6280
6338
6288
6148
6096
6025
6067
5894
5588
5218
4829
4213
3322
2603
1737
802
-366
-1375
-2249
-2928
-3483
-4152
-4764
-5260
-5368
-5459
-5637
-5988
-6163
-6265
-6383
-6548
-6841
-7119
-7386
-7424
-7632
-7745
-7735
-7670
-7587
-7393
-6801
-6016
-4954
-3916
-2868
-1651
-333
918
2014
2927
3655
4363
5079
5753
6255
6755
7094
7481
8033
8534
8974
9335
9719
9992
10247
10234
9946
9498
8837
7856
6730
5677
4399
3051
1598
199
-1017
-1957
-2887
-3906
-4687
-5294
-5659
-5943
-6242
-6724
-7054
-7179
-7326
-7423
-7453
-7309
-7088
-6647
-6145
-5511
-4581
-3496
-2357
-1273
-47
1342
2698
3679
4326
4966
5520
5871
6045
6116
5994
5926
5890
5636
5370
5197
5105
4822
4501
4275
4032
3721
3175
2486
1637
751
-93
-1003
-2067
-3104
-3865
-4482
-5058
-5546
-5881
-6108
-6155
-6112
-6061
-5901
-5633
-5457
-5445
-5424
-5398
-5348
-5376
-5545
-5816
-5940
-5926
-5818
-5664
-5615
-5379
-4835
-3928
-3030
-2097
-1172
-223
904
1881
2645
3164
3791
4252
4678
5171
5672
6251
6757
7182
7467
8106
8802
9345
9651
9753
9679
9558
9416
8759
7801
6634
5464
4285
3138
1894
646
-360
-1382
-2387
-3268
-3852
-4337
-4804
-5424
-6040
-6250
-6234
-6505
-7032
-7250
-7192
-6913
-6558
-6162
-5665
-4895
-3881
-2857
-1727
-589
528
1569
2522
3319
4103
4743
4992
5038
4979
4901
4852
4961
4841
4495
4351
4433
4488
4302
4029
3673
3341
2942
2366
1625
739
-231
-1236
-2225
-3134
-3788
-4313
-4846
-5290
-5439
-5378
-5224
-5014
-4906
-4912
-4783
-4489
-4324
-4377
-4650
-4832
-4860
-4878
-5043
-5217
-5182
-5099
-4964
-4923
-4780
-4439
-3955
-3555
-3217
-2614
-1888
-1074
-361
268
874
1657
2485
3080
3590
4186
4995
5811
6477
6886
7380
7971
8467
8773
8860
8901
8923
8887
8484
7925
7424
6835
5912
4889
3952
3132
2373
1385
285
-744
-1467
-2238
-3026
-3768
-4480
-5054
-5603
-5979
-6250
-6317
-6477
-6594
-6394
-6002
-5505
-4952
-4308
-3698
-2894
-2096
-1289
-405
447
1149
1725
2509
3197
3762
4126
4273
4468
4715
4869
4788
4731
4731
4691
4574
4261
3806
3345
2860
2298
1749
1208
556
-105
-735
-1514
-2183
-2605
-3042
-3606
-4087
-4313
-4394
-4381
-4535
-4741
-4744
-4646
-4572
-4493
-4349
-4287
-4151
-4059
-4135
-4144
-3888
-3652
-3722
-3791
-3888
-3875
-3873
-3922
-4046
-4115
-3918
-3653
-3047
-2485
-1929
-1180
-303
480
1179
2086
2873
3550
4085
4610
5100
5695
6142
6391
6643
6861
7275
7570
7794
7781
7800
7824
7620
7312
6766
6061
5260
4480
3527
2512
1485
462
-577
-1483
-2285
-3013
-3538
-4133
-4631
-5053
-5184
-5128
-5084
-5148
-5293
-5115
-4728
-4316
-3935
-3537
-3041
-2382
-1635
-852
-39
894
1694
2334
3086
3770
4403
4895
5118
5054
4955
4954
4820
4560
4219
3887
3681
3368
2871
2456
2150
1830
1385
975
463
-45
-430
-1080
-1968
-2739
-3186
-3603
-4017
-4231
-4269
-4240
-4154
-4110
-3964
-3722
-3598
-3403
-3199
-3115
-3286
-3364
-3363
-3528
-3711
-3885
-3935
-3914
-3903
-4075
-4249
-4230
-4164
-4299
-4389
-4296
-4024
-3489
-3070
-2716
-2310
-1587
-853
-260
431
1146
1924
2573
3194
3775
4359
4860
5215
5477
5732
6063
6434
6700
6598
6380
6164
5963
5530
4925
4288
3690
3187
2543
1800
1062
511
-13
-607
-1210
-1639
-1984
-2270
-2534
-2959
-3282
-3353
-3250
-3402
-3418
-3097
-2592
-2094
-1788
-1369
-776
7
542
945
1453
2072
2637
2908
3028
3108
3394
3557
3435
3285
3286
3363
3329
3169
2952
2913
2917
2674
2330
2134
1915
1577
1174
843
428
-25
-372
-750
-1087
-1449
-1689
-1865
-1926
-1981
-2072
-2072
-2029
-1998
-2028
-2062
-2280
-2218
-2158
-2375
-2667
-2859
-2862
-3011
-3055
-3159
-3221
-3237
-3376
-3605
-3853
-4002
-4268
-4572
-4806
-4989
-5057
-4903
-4724
-4504
-4187
-3736
-3119
-2448
-1744
-1157
-610
-98
411
941
1284
1517
1832
2123
2402
2586
2853
3306
3666
3971
4183
4467
4814
5097
5116
4948
4960
4898
4577
4080
3600
3226
2807
2266
1627
1111
916
781
569
245
-28
-113
-225
-378
-536
-602
-655
-768
-896
-1012
-1162
-1088
-933
-868
-705
-480
10
443
758
884
1017
1286
1406
1502
1471
1589
1583
1374
1210
1089
1036
1117
1293
1274
1273
1482
1872
2032
1986
1853
1755
1659
1392
1281
1148
877
513
164
-224
-513
-555
-572
-760
-900
-786
-713
-754
-967
-1182
-1449
-1686
-2004
-2455
-2760
-3075
-3493
-4209
-4880
-5330
-5662
-6038
-6401
-6639
-6825
-6955
-7096
-7078
-6965
-6696
-6358
-6015
-5621
-5032
-4308
-3728
-3200
-2704
-2198
-1590
-707
92
732
1468
2287
3049
3721
4417
5106
5827
6443
6944
7235
7530
7841
7928
7684
7352
7229
6931
6430
5954
5621
5010
4256
3641
3065
2386
1641
1097
400
-366
-1014
-1472
-1969
-2493
-2847
-3110
-3317
-3363
-3138
-2950
-2768
-2602
-2333
-2117
-1812
-1377
-982
-598
-459
-153
124
367
605
822
1205
1572
1980
2373
2859
3366
3681
3863
4207
4500
4636
4636
4566
4525
4258
3940
3515
3164
2922
2588
2130
1619
1347
1092
729
308
-133
-569
-1105
-1677
-2222
-2831
-3346
-3838
-4488
-5109
-5588
-5859
-6193
-6545
-6793
-7063
-7263
-7377
-7510
-7918
-8375
-8407
-8288
-8350
-8372
-8055
-7471
-6991
-6552
-5952
-5094
-4013
-3012
-2127
-1264
-253
759
1459
2164
3023
3795
4489
5135
5815
6424
6887
7375
7750
8059
8375
8606
8677
8634
8487
8001
7303
6784
6370
5677
4731
3895
3217
2262
1180
293
-443
-1076
-1788
-2408
-2906
-3295
-3651
-4124
-4447
-4610
-4631
-4555
-4478
-4195
-3947
-3726
-3349
-2914
-2336
-1699
-975
-356
142
708
1299
1826
2251
2875
3439
3806
4234
4724
5157
5496
5815
6106
6211
6216
6358
6420
6282
5898
5473
4979
4389
3736
2906
2212
1521
726
-154
-932
-1549
-2191
-2927
-3626
-4148
-4605
-4981
-5307
-5611
-6002
-6320
-6643
-6941
-7199
-7374
-7294
-7372
-7455
-7532
-7604
-7583
-7464
-7283
-7175
-6920
-6593
-6176
-5896
-5730
-5415
-4852
-4188
-3580
-2742
-1763
-814
-157
475
1303
2102
2747
3305
4090
4767
5078
5218
5576
6057
6317
6513
6832
7198
7514
7673
7594
7487
7373
7173
6706
6055
5617
5198
4389
3301
2366
1652
896
85
-681
-1279
-1738
-2289
-2879
-3441
-3712
-3758
-3944
-4169
-4208
-4059
-3889
-3738
-3474
-3142
-2755
-2169
-1685
-1162
-545
161
780
1135
1801
2396
2935
3385
3704
4159
4590
5018
5187
5429
5749
5963
6001
5948
6062
6012
5739
5369
4885
4319
3668
2858
2014
1104
358
-459
-1474
-2351
-3000
-3439
-4206
-4822
-5157
-5343
-5604
-6011
-6228
-6398
-6467
-6713
-6808
-6791
-6665
-6562
-6642
-6617
-6452
-6146
-6025
-5828
-5587
-5227
-5039
-4982
-4708
-4452
-4180
-4056
-3793
-3515
-3220
-2939
-2584
-2072
-1583
-951
-367
263
891
1531
2117
2690
3298
3815
4345
4835
5256
5548
5866
6232
6586
6783
6978
7210
7242
7168
7049
6850
6564
6256
5738
5161
4620
4103
3386
2488
1845
1223
480
-262
-758
-1198
-1688
-2195
-2696
-3050
-3286
-3365
-3468
-3441
-3201
-2987
-2968
-2893
-2473
-2079
-1807
-1433
-861
-328
109
631
1126
1584
2103
2681
3228
3699
4220
4635
4792
4957
5114
5242
5254
5171
5132
4923
4547
4104
3695
3185
2601
1965
1250
597
-83
-824
-1605
-2369
-3118
-3889
-4574
-5054
-5510
-5878
-6148
-6421
-6640
-6735
-6597
-6537
-6479
-6379
-6205
-5926
-5819
-5726
-5594
-5348
-5107
-4978
-4752
-4370
-3860
-3541
-3335
-3044
-2762
-2362
-2051
-1801
-1483
-1164
-890
-752
-565
-227
240
705
1106
1545
2128
2715
3065
3351
3800
4166
4324
4520
4764
4930
4946
4927
4891
4831
4822
4839
4813
4646
4598
4586
4338
4033
3833
3633
3111
2491
2055
1646
1139
481
-97
-583
-1018
-1363
-1754
-1936
-1963
-2024
-2102
-2198
-2037
-1899
-1774
-1551
-1352
-1128
-979
-635
-374
-151
250
642
1013
1357
1864
2333
2720
3109
3411
3734
4127
4387
4403
4374
4417
4260
3876
3639
3411
2997
2411
1853
1333
728
203
-313
-891
-1507
-2059
-2662
-3383
-3898
-4208
-4606
-5140
-5562
-5700
-5843
-6043
-6079
-5980
-5817
-5746
-5536
-5213
-4920
-4588
-4204
-3717
-3278
-2718
-2142
-1707
-1321
-963
-615
-351
-146
16
140
189
157
105
118
185
245
258
245
254
319
397
433
540
668
726
672
732
834
786
768
817
939
996
1081
1257
1407
1485
1600
1794
1988
2220
2484
2715
2796
2848
2852
2896
2866
2765
2748
2577
2315
1959
1743
1586
1278
1033
811
550
256
37
-144
-428
-620
-651
-744
-913
-973
-803
-667
-676
-575
-328
-65
109
323
563
751
994
1196
1400
1596
1693
1741
1692
1752
1858
1844
1836
1800
1669
1416
1196
1129
932
555
188
-111
-415
-849
-1281
-1696
-2068
-2387
-2774
-3088
-3302
-3382
-3411
-3462
-3415
-3347
-3166
-2890
-2547
-2195
-1918
-1557
-1262
-1012
-788
-613
-407
-173
56
139
173
301
381
274
258
472
655
613
561
505
274
-47
-393
-645
-980
-1351
-1616
-1884
-2102
-2295
-2409
-2375
-2282
-2162
-2065
-1844
-1475
-1254
-1173
-1068
-809
-573
-411
-190
120
495
766
1126
1560
2007
2541
3008
3488
3786
3949
4130
4234
4341
4247
3964
3686
3384
3015
2521
2075
1730
1364
960
506
221
82
-39
-280
-548
-568
-713
-973
-1254
-1517
-1599
-1609
-1501
-1444
-1495
-1289
-1059
-836
-436
-147
309
711
1132
1417
1376
1618
1689
1650
1506
1414
1373
1138
1075
938
855
749
676
607
411
394
285
122
6
-242
-526
-800
-993
-1114
-1388
-1537
-1606
-1656
-1580
-1559
-1402
-1225
-1014
-774
-734
-682
-565
-553
-651
-779
-734
-700
-814
-865
-958
-973
-939
-859
-840
-881
-749
-772
-886
-1046
-1159
-1298
-1617
-1799
-2042
-2330
-2547
-2688
-2723
-2785
-2704
-2524
-2356
-2090
-1755
-1426
-1042
-726
-413
-53
351
780
959
1135
1353
1593
1872
2103
2365
2543
2771
3005
3161
3329
3321
3293
3280
3222
3031
2542
2193
1915
1568
1140
660
369
3
-351
-632
-810
-834
-859
-896
-944
-936
-867
-810
-792
-669
-538
-413
-300
-205
-77
27
330
657
943
1154
1296
1481
1612
1790
1869
1953
2060
2076
1991
1814
1747
1673
1580
1503
1434
1374
1286
1187
1021
778
535
285
21
-234
-493
-762
-1074
-1269
-1429
-1639
-1790
-1825
-1751
-1738
-1692
-1615
-1527
-1433
-1343
-1238
-1158
-1076
-1084
-1077
-953
-835
-889
-956
-863
-737
-708
-772
-752
-807
-849
-870
-943
-1013
-1133
-1210
-1388
-1528
-1590
-1706
-1855
-1944
-1864
-1777
-1734
-1636
-1467
-1359
-1304
-1152
-909
-712
-589
-516
-359
-167
-66
-2
101
386
599
684
844
1061
1285
1438
1599
1805
1908
1895
1837
1774
1753
1576
1377
1374
1360
1183
847
680
694
636
556
572
649
648
571
529
584
584
544
598
714
775
719
650
734
918
1068
1152
1196
1318
1372
1383
1469
1546
1575
1511
1451
1402
1209
1003
853
704
591
389
229
144
47
-75
-285
-410
-423
-404
-471
-610
-714
-803
-900
-1035
-1138
-1185
-1213
-1228
-1255
-1252
-1217
-1187
-1072
-934
-863
-786
-680
-527
-506
-580
-565
-481
-363
-399
-495
-544
-546
-504
-578
-682
-688
-684
-777
-907
-1035
-1168
-1323
-1413
-1509
-1718
-1848
-1903
-1928
-1998
-2068
-2063
-1978
-1828
-1757
-1719
-1572
-1281
-1022
-839
-687
-542
-394
-244
-44
150
353
511
614
712
895
1179
1303
1323
1435
1619
1775
1787
1752
1722
1659
1605
1480
1310
1123
934
836
795
790
691
615
681
742
743
692
795
925
893
831
811
894
862
712
641
639
739
764
723
760
757
776
829
904
913
775
744
788
725
522
348
407
445
327
203
177
289
261
159
127
162
281
206
140
100
-22
-186
-409
-465
-551
-678
-688
-672
-699
-835
-841
-654
-477
-411
-398
-291
-161
-138
-184
-193
-177
-241
-381
-500
-599
-676
-732
-769
-777
-828
-862
-922
-1046
-1121
-1132
-1123
-1205
-1394
-1563
-1651
-1692
-1742
-1856
-1933
-1859
-1672
-1530
-1473
-1377
-1190
-952
-733
-551
-385
-167
30
158
203
214
359
501
647
741
813
946
994
1070
1099
1186
1331
1430
1521
1430
1366
1310
1212
1120
927
862
825
761
692
484
430
448
488
558
454
429
491
566
563
400
369
347
241
188
127
171
214
239
293
272
351
401
490
643
696
793
780
731
665
537
502
430
393
299
163
192
167
134
69
30
99
61
51
57
69
74
-70
-154
-161
-135
-80
-106
-125
-158
-138
14
128
186
158
147
221
228
155
8
-74
-101
-285
-535
-742
-830
-849
-958
-1093
-1244
-1366
-1422
-1474
-1480
-1517
-1536
-1478
-1513
-1599
-1694
-1667
-1542
-1542
-1537
-1457
-1283
-1115
-1068
-1005
-911
-747
-580
-455
-260
-100
39
133
169
267
371
526
732
835
821
780
834
956
1000
989
990
1004
986
898
856
845
797
788
814
821
734
670
694
686
690
643
560
518
458
435
374
290
234
146
116
80
35
23
-12
45
130
171
233
279
364
426
484
617
696
793
878
875
843
744
721
723
728
740
605
548
531
520
526
437
446
445
488
532
484
510
430
369
364
309
320
236
183
138
29
13
-66
-76
-97
-216
-288
-391
-461
-610
-760
-796
-894
-992
-1156
-1320
-1343
-1377
-1391
-1463
-1550
-1627
-1728
-1647
-1582
-1593
-1612
-1656
-1625
-1659
-1729
-1736
-1655
-1456
-1371
-1363
-1301
-1189
-966
-781
-650
-527
-369
-127
44
175
258
286
358
395
414
453
518
569
585
624
692
796
909
1004
1022
1030
994
939
935
877
796
707
573
345
130
95
137
143
164
150
130
197
310
413
453
507
526
482
384
297
334
356
348
343
342
370
428
527
626
728
891
1006
1064
1141
1201
1228
1167
1056
960
958
1050
1028
934
905
940
1017
1033
997
994
1048
1067
914
734
603
505
410
225
-12
-244
-333
-346
-384
-417
-493
-550
-601
-652
-736
-852
-931
-1050
-1209
-1368
-1548
-1646
-1685
-1753
-1828
-1877
-1870
-1856
-1833
-1815
-1786
-1723
-1709
-1713
-1682
-1624
-1575
-1538
-1474
-1420
-1345
-1218
-1081
-965
-888
-768
-603
-404
-237
-158
-34
117
217
342
460
527
538
515
524
479
416
360
366
446
457
415
351
382
466
553
676
672
610
595
599
605
524
438
392
393
404
324
294
299
332
404
420
393
380
472
539
492
421
425
530
633
692
744
817
908
999
1165
1384
1509
1628
1737
1775
1730
1691
1736
1755
1733
1626
1493
1420
1348
1267
1184
1085
985
854
733
609
459
380
319
233
26
-193
-257
-320
-448
-632
-754
-787
-855
-916
-988
-1119
-1180
-1199
-1269
-1373
-1441
-1452
-1487
-1586
-1699
-1782
-1855
-1943
-2018
-2001
-1986
-2054
-2073
-1955
-1762
-1686
-1679
-1560
-1383
-1238
-1146
-1054
-919
-792
-682
-559
-454
-358
-225
-35
113
147
188
254
343
390
345
297
258
235
212
152
101
120
148
186
192
152
151
207
279
291
236
171
167
183
156
119
134
202
322
383
339
377
505
589
552
496
605
773
820
794
850
985
1049
1012
1030
1163
1299
1362
1461
1618
1680
1691
1753
1821
1859
1829
1793
1783
1742
1701
1679
1642
1563
1450
1306
1144
967
809
696
591
446
307
213
49
-146
-303
-433
-552
-729
-853
-874
-934
-1023
-1128
-1245
-1363
-1475
-1537
-1630
-1669
-1576
-1460
-1437
-1511
-1520
-1462
-1449
-1560
-1719
-1724
-1584
-1526
-1562
-1513
-1380
-1273
-1256
-1231
-1105
-912
-749
-645
-542
-439
-372
-298
-213
-165
-142
-120
-113
-100
-19
106
153
102
46
-18
-84
-164
-243
-268
-308
-421
-487
-454
-476
-526
-506
-469
-473
-531
-548
-462
-344
-235
-153
-92
-12
129
228
287
353
390
462
518
561
619
741
886
966
1043
1138
1345
1545
1635
1756
1891
1983
2017
1996
2010
2081
2139
2104
2008
1946
1990
2047
1992
1921
1879
1797
1640
1490
1329
1092
852
660
483
239
-32
-236
-378
-510
-638
-793
-951
-1019
-1047
-1118
-1213
-1277
-1282
-1276
-1322
-1372
-1419
-1527
-1601
-1560
-1490
-1438
-1386
-1296
-1156
-1075
-1042
-959
-849
-753
-703
-708
-741
-751
-732
-688
-620
-576
-555
-493
-374
-262
-185
-91
64
191
165
75
12
-23
-85
-205
-340
-436
-498
-556
-598
-661
-672
-632
-644
-698
-757
-787
-786
-787
-849
-918
-931
-907
-886
-897
-910
-886
-787
-622
-432
-321
-243
-53
179
294
353
467
637
795
871
974
1097
1190
1318
1477
1601
1637
1716
1918
2169
2315
2318
2332
2367
2365
2324
2221
2096
1987
1896
1764
1529
1314
1217
1163
1028
826
680
549
387
232
87
-90
-324
-538
-712
-863
-1019
-1147
-1213
-1272
-1316
-1335
-1302
-1186
-1086
-1048
-1061
-1064
-997
-926
-869
-834
-807
-782
-730
-636
-598
-551
-405
-230
-132
-124
-95
22
126
118
60
13
-11
-27
-95
-175
-228
-279
-292
-309
-379
-429
-429
-402
-415
-472
-499
-502
-538
-594
-648
-776
-965
-1035
-941
-893
-1038
-1181
-1117
-1034
-1088
-1122
-1020
-894
-836
-812
-782
-753
-716
-622
-496
-418
-376
-246
-73
80
274
506
707
831
994
1216
1387
1479
1599
1771
1845
1794
1787
1900
1970
1920
1812
1758
1726
1685
1684
1663
1589
1496
1421
1344
1194
1002
928
928
811
592
395
317
262
115
-46
-167
-244
-281
-308
-379
-482
-537
-565
-619
-712
-799
-843
-852
-826
-839
-937
-999
-919
-770
-699
-718
-730
-639
-464
-358
-329
-278
-183
-103
-114
-109
-29
58
108
110
149
180
165
168
217
298
246
128
138
194
122
-88
-226
-221
-265
-414
-549
-597
-599
-649
-749
-869
-938
-933
-905
-930
-1036
-1118
-1122
-1092
-1100
-1122
-1104
-1070
-1022
-988
-935
-831
-733
-599
-484
-400
-287
-139
5
64
122
235
391
486
555
694
783
769
776
918
1033
1002
964
1081
1248
1286
1198
1131
1176
1238
1245
1185
1145
1165
1130
1028
954
934
944
939
922
892
802
744
718
700
664
560
445
332
263
176
16
-117
-157
-178
-332
-555
-634
-591
-603
-679
-780
-872
-953
-985
-959
-969
-993
-999
-974
-951
-920
-820
-689
-598
-539
-463
-351
-242
-138
-42
-3
38
149
264
282
282
333
354
354
384
411
346
239
254
366
361
198
23
-57
-49
-66
-136
-243
-354
-408
-465
-539
-583
-631
-675
-726
-765
-729
-664
-625
-624
-659
-673
-655
-608
-534
-460
-447
-473
-468
-424
-405
-376
-190
29
64
-82
-163
-43
133
349
516
434
204
95
283
621
786
774
670
530
548
759
1015
1089
1009
975
898
806
876
1058
1129
1023
868
783
709
666
719
727
674
563
446
329
134
50
150
195
51
-193
-367
-392
-334
-297
-432
-647
-745
-759
-750
-737
-755
-777
-787
-788
-761
-747
-752
-742
-669
-530
-418
-397
-416
-406
-291
-117
3
103
175
173
194
321
469
548
553
522
444
430
548
602
511
379
356
411
385
286
209
146
121
107
16
-120
-233
-213
-177
-281
-377
-441
-495
-517
-498
-439
-479
-577
-595
-565
-536
-513
-464
-433
-518
-558
-445
-352
-341
-360
-358
-330
-278
-210
-140
-94
-49
16
45
71
109
195
302
336
365
414
451
480
509
562
638
650
607
606
688
773
721
658
668
678
682
638
557
474
426
408
367
274
202
146
41
-55
-96
-99
-209
-356
-415
-466
-531
-583
-587
-621
-703
-760
-792
-797
-785
-736
-701
-707
-675
-597
-527
-496
-435
-315
-229
-200
-117
-13
78
207
299
353
396
452
552
626
660
678
718
768
776
766
758
719
698
697
651
561
486
457
401
323
255
193
150
80
-52
-141
-136
-144
-182
-260
-356
-428
-456
-438
-460
-474
-483
-503
-542
-607
-581
-489
-459
-515
-533
-502
-491
-463
-410
-391
-411
-372
-302
-262
-233
-189
-113
-33
4
45
113
161
216
301
382
384
402
489
537
563
589
616
611
587
606
639
605
514
461
466
457
373
306
236
112
28
-13
-11
-53
-175
-312
-415
-430
-401
-393
-481
-614
-616
-525
-521
-594
-613
-571
-535
-542
-547
-499
-418
-357
-366
-356
-309
-249
-158
-88
-35
33
95
102
134
231
327
373
378
415
445
446
462
546
608
539
477
505
563
544
474
452
441
427
400
340
275
221
192
142
46
-38
-69
-74
-132
-208
-238
-292
-369
-416
-388
-376
-434
-483
-494
-487
-515
-536
-520
-500
-526
-523
-481
-477
-455
-391
-330
-324
-282
-177
-95
-89
-59
61
159
184
179
254
356
398
440
480
491
504
555
601
593
574
580
561
521
499
461
406
337
301
293
211
98
29
31
9
-79
-139
-162
-196
-277
-331
-337
-349
-392
-453
-479
-472
-454
-446
-476
-523
-500
-420
-378
-369
-355
-310
-283
-270
-210
-135
-111
-124
-81
1
-4
-3
92
170
202
209
265
353
372
415
475
498
480
474
520
543
539
522
481
420
402
421
428
375
306
293
267
203
157
155
110
-4
-85
-112
-158
-232
-282
-325
-407
-484
-504
-507
-535
-566
-568
-565
-598
-609
-559
-508
-480
-455
-428
-423
-404
-305
-185
-144
-146
-98
16
112
138
189
266
308
335
371
422
444
452
472
462
447
468
497
487
451
440
441
408
361
347
344
277
210
199
170
88
43
44
14
-45
-118
-152
-156
-183
-213
-272
-324
-362
-382
-398
-470
-514
-518
-530
-550
-548
-519
-506
-507
-473
-393
-332
-293
-246
-165
-90
-60
-25
33
107
154
192
237
238
266
314
344
388
433
483
472
444
462
513
538
498
467
447
416
358
333
314
267
203
148
121
77
50
14
-29
-63
-95
-146
-225
-277
-264
-270
-353
-448
-480
-442
-449
-481
-492
-489
-470
-453
-433
-386
-309
-267
-264
-243
-180
-94
-16
27
36
62
120
193
266
306
321
346
380
399
409
422
425
429
420
380
349
354
348
317
286
247
212
190
191
186
144
81
34
-2
-34
-78
-121
-150
-214
-291
-321
-310
-309
-321
-340
-351
-340
-322
-299
-299
-288
-285
-287
-262
-247
-231
-227
-209
-181
-148
-101
-70
-41
-16
35
106
149
157
160
197
220
207
198
194
197
214
194
151
141
173
211
195
163
168
201
209
173
146
142
126
97
49
7
2
1
-34
-107
-146
-118
-104
-135
-161
-193
-220
-206
-179
-209
-276
-306
-292
-271
-276
-282
-263
-249
-238
-209
-159
-117
-70
-47
-51
-26
25
63
77
103
139
155
143
148
190
233
251
236
227
230
231
245
230
207
187
140
77
52
68
61
4
-48
-69
-90
-80
-88
-118
-145
-154
-162
-184
-206
-226
-226
-241
-258
-235
-214
-224
-201
-145
-115
-80
-23
14
25
60
101
113
135
158
160
152
140
162
159
129
123
163
186
137
115
120
116
107
94
39
-16
-29
-35
-68
-109
-127
-136
-143
-141
-125
-120
-113
-111
-83
-52
-39
-12
1
-6
3
50
80
74
60
50
65
111
147
145
132
138
152
160
150
141
145
140
118
97
75
56
50
41
29
1
-15
-49
-76
-57
-32
-58
-100
-109
-105
-93
-95
-106
-100
-86
-85
-69
-41
-28
-4
19
19
26
71
88
41
25
79
105
92
54
32
51
70
63
37
24
27
19
-5
-12
-9
-14
-37
-74
-78
-79
-97
-90
-83
-89
-77
-69
-72
-56
-34
-25
-11
16
25
21
36
42
33
31
33
19
-3
5
11
-7
-32
-32
-7
14
-16
-47
-38
-19
-4
-12
-23
-30
-34
-33
-39
-36
-16
-7
-16
-40
-43
-5
31
27
10
27
51
63
81
78
69
86
99
88
69
85
105
92
83
69
66
70
57
52
52
38
5
-33
-45
-43
-61
-93
-132
-147
-140
-147
-184
-195
-187
-172
-149
-150
-140
-115
-104
-94
-69
-37
-3
22
39
46
70
113
134
146
159
161
164
182
185
178
166
142
127
102
71
56
46
20
-30
-53
-53
-64
-92
-109
-109
-111
-112
-125
-128
-119
-125
-139
-130
-117
-124
-112
-98
-97
-85
-56
-22
18
39
37
47
85
109
120
134
124
115
119
141
141
138
135
118
117
109
109
118
130
107
69
56
35
13
8
-9
-44
-68
-85
-101
-94
-80
-79
-83
-84
-82
-49
-19
-15
-6
12
29
32
37
31
31
47
40
24
35
59
48
22
7
4
14
12
-22
-55
-60
-71
-81
-98
-109
-110
-120
-140
-153
-120
-67
-51
-59
-58
-41
-9
14
36
50
62
75
78
94
102
117
123
116
126
136
125
112
105
102
85
65
51
26
4
-12
-39
-71
-80
-86
-111
-144
-169
-178
-175
-171
-177
-182
-194
-203
-209
-186
-160
-134
-113
-121
-102
-59
-9
25
48
71
88
108
135
161
184
197
193
182
181
190
181
182
176
154
128
101
84
69
60
24
-10
-33
-70
-92
-124
-160
-169
-165
-169
-181
-182
-178
-182
-169
-158
-149
-127
-124
-129
-125
-117
-93
-66
-50
-56
-62
-41
-21
-13
3
18
19
19
19
17
27
38
34
23
14
7
10
3
1
5
-3
-9
-6
10
14
16
28
45
62
70
66
60
87
103
102
106
110
115
114
107
105
125
137
120
99
97
95
83
63
48
42
21
-19
-57
-69
-77
-101
-131
-147
-162
-165
-171
-182
-167
-145
-133
-143
-138
-108
-76
-51
-36
-14
33
54
52
74
118
166
184
200
224
245
275
290
292
299
303
299
286
251
224
218
196
158
128
98
69
38
8
-10
-31
-53
-92
-131
-149
-168
-196
-220
-232
-245
-268
-285
-281
-262
-245
-235
-222
-205
-178
-137
-111
-96
-54
-7
16
22
38
64
106
135
132
135
160
168
162
167
178
193
189
176
153
158
165
152
122
99
91
72
67
43
35
34
17
-3
-14
-7
-5
-4
-17
-22
-12
-5
-15
-25
-23
-17
-13
-24
-20
-14
-25
-45
-55
-55
-49
-57
-84
-97
-91
-83
-90
-102
-102
-77
-64
-67
-77
-66
-30
-26
-40
-37
-22
-6
5
16
39
66
83
83
98
146
169
174
166
172
197
199
188
166
160
158
145
113
85
83
80
61
31
10
5
2
-28
-63
-78
-92
-120
-149
-184
-200
-209
-241
-254
-255
-241
-229
-221
-212
-194
-150
-109
-82
-64
-30
-5
17
45
67
99
117
112
122
151
175
186
189
197
213
207
191
189
185
165
134
106
83
58
35
13
-16
-34
-51
-78
-92
-98
-105
-95
-94
-111
-102
-88
-88
-90
-92
-80
-60
-53
-69
-66
-54
-42
-43
-45
-32
-17
-14
-18
-11
7
23
24
7
1
7
8
-9
-34
-24
-22
-36
-59
-69
-49
-48
-54
-67
-72
-58
-52
-48
-44
-32
-12
-5
-10
-7
8
23
22
20
28
34
34
43
43
57
63
60
61
50
46
40
29
19
15
-4
-31
-57
-70
-74
-83
-90
-105
-117
-120
-108
-110
-113
-94
-79
-71
-65
-55
-31
-5
8
11
10
25
36
44
56
64
62
53
57
63
71
85
89
90
88
75
64
56
43
32
13
-9
-21
-43
-66
-73
-80
-86
-86
-82
-74
-66
-54
-47
-43
-37
-38
-30
-26
-26
-31
-34
-23
-8
-2
-4
-2
6
23
40
57
53
49
55
49
46
42
27
7
-8
-34
-50
-61
-79
-90
-104
-109
-97
-86
-80
-68
-60
-52
-39
-26
-14
-8
-6
6
12
25
42
52
69
84
97
106
126
133
134
134
128
129
125
115
100
93
72
52
30
16
9
-12
-33
-47
-42
-50
-60
-69
-74
-65
-60
-69
-73
-62
-53
-50
-57
-54
-47
-48
-44
-27
-5
10
7
27
55
69
81
77
88
113
123
122
118
129
136
127
115
111
113
102
69
35
22
29
24
3
-22
-25
-26
-40
-41
-42
-32
-33
-51
-58
-52
-42
-48
-66
-73
-62
-53
-54
-52
-38
-21
-15
-16
-11
6
31
28
13
6
2
11
5
-18
-19
0
-7
-19
-7
19
35
36
20
36
77
83
73
64
78
90
86
77
74
85
80
51
44
55
78
91
67
61
88
105
95
78
74
74
64
48
27
35
39
11
-23
-39
-9
6
-7
-46
-60
-35
-23
-38
-77
-78
-65
-71
-105
-131
-105
-71
-76
-89
-86
-49
-17
-5
-14
-2
46
66
67
64
80
95
96
87
83
109
112
98
87
82
80
69
48
43
52
45
17
-7
-11
-16
-22
-41
-59
-62
-59
-69
-99
-106
-89
-88
-103
-111
-103
-87
-92
-107
-115
-105
-87
-74
-95
-103
-65
-24
-10
-40
-29
12
35
37
27
53
91
84
69
64
93
134
124
101
99
125
132
109
79
71
95
91
43
0
15
31
9
-23
-30
-17
-10
-10
-29
-33
-10
0
-13
-39
-44
-21
-19
-45
-59
-47
-45
-48
-34
-46
-62
-54
-43
-35
-29
-43
-61
-49
-41
-44
-44
-42
-40
-45
-56
-63
-31
6
4
-20
-41
-20
34
66
33
-11
14
58
59
25
-3
28
49
27
14
20
37
43
28
7
13
39
51
16
-32
-42
-6
27
-35
-116
-118
-59
-47
-119
-178
-160
-107
-121
-184
-211
-174
-128
-149
-188
-181
-130
-100
-136
-164
-124
-46
3
-20
-63
-46
30
87
72
41
64
118
141
109
79
100
137
129
95
78
92
100
89
63
49
61
57
31
-14
-49
-36
10
16
-54
-125
-141
-91
-57
-90
-117
-110
-84
-84
-122
-131
-105
-73
-72
-100
-103
-93
-72
-40
-59
-117
-78
37
61
-39
-110
-12
92
74
-8
-44
27
81
43
-11
-13
55
84
3
-67
-16
74
78
12
-35
-11
62
109
55
-21
14
124
148
28
-41
41
141
118
39
40
104
122
53
-13
25
109
115
49
-18
-30
13
34
-37
-100
-85
-35
-29
-84
-142
-151
-92
-69
-85
-96
-76
-45
-50
-75
-51
27
31
-14
-11
20
46
48
79
101
45
22
83
158
146
91
110
156
154
113
92
94
117
153
131
64
37
63
51
-11
-25
20
66
37
-56
-126
-108
-17
4
-85
-146
-88
-15
-52
-130
-132
-57
-17
-53
-102
-78
-5
21
-18
-60
-33
48
102
80
2
17
139
171
71
-17
35
121
114
43
8
43
86
58
-36
-57
24
115
93
-8
-13
35
68
51
23
19
37
103
90
-5
-57
5
88
53
-5
38
93
77
24
7
35
70
93
64
8
-15
7
29
12
-53
-87
-47
0
-8
-83
-81
-11
13
-38
-96
-59
1
21
-15
-69
-50
-4
-25
-76
-58
-7
35
71
62
8
-2
96
159
108
64
125
198
127
33
41
108
117
57
40
32
38
42
0
-57
-48
34
35
-27
-72
-73
-27
-17
-60
-128
-127
-31
2
-72
-155
-101
6
1
-76
-98
-8
73
63
-16
-31
55
85
52
10
6
47
108
127
40
-34
-2
86
97
23
14
71
115
67
-17
-25
31
101
64
-33
-29
29
34
-32
-65
-69
-53
-9
12
-29
-100
-70
27
30
-56
-77
-5
47
15
-50
-73
-13
51
-26
-152
-117
8
15
-81
-127
-88
-45
-30
-57
-102
-113
-35
18
-64
-164
-140
-27
-12
-79
-124
-76
-3
-16
-85
-103
3
89
35
-30
-1
65
87
53
30
32
62
76
49
22
-4
3
20
34
12
-19
18
54
17
-72
-63
31
18
-77
-100
-15
6
-80
-141
-137
-109
-93
-64
-81
-115
-89
-45
-48
-92
-94
-54
-3
41
36
-41
-64
34
66
-41
-73
39
119
77
2
10
44
57
79
75
35
29
76
120
106
3
-60
-1
66
-3
-107
-41
59
15
-100
-116
-44
1
-25
-79
-67
6
40
-40
-117
-76
-4
-10
-64
-60
-21
-24
-42
-43
-72
-79
11
67
-25
-109
-37
70
37
-59
-83
-33
32
14
-59
-92
-40
39
4
-86
-92
-15
21
-3
9
-7
-18
29
48
22
-21
6
66
62
-2
-26
27
70
42
-2
34
96
84
7
10
97
113
43
33
77
50
2
-4
21
23
-9
-13
-12
-40
-60
-55
-2
33
-24
-74
-46
42
34
-83
-104
4
60
-8
-53
-29
18
27
21
23
11
39
96
106
61
24
61
125
122
66
3
22
77
73
25
8
48
22
-50
-36
31
31
-22
-23
10
-4
-56
-72
-32
11
-21
-91
-99
-55
-45
-50
-57
-99
-109
-48
11
4
-38
-41
-22
28
49
4
-2
17
33
26
7
8
2
21
41
17
3
-11
-3
62
58
-33
-50
0
37
11
-42
-46
-49
-34
-24
-47
-64
-58
-32
-35
-46
-33
3
20
22
57
29
-20
40
71
40
37
52
52
14
30
66
47
36
6
-10
51
107
89
17
-29
21
100
52
-54
-15
80
53
-53
-77
-21
0
8
-1
-47
-47
10
47
17
-41
-15
38
30
27
28
17
32
54
29
-2
9
45
69
62
38
14
28
77
85
69
50
-14
-27
37
71
22
-40
-17
-11
-79
-72
5
-22
-69
-58
-17
3
-48
-54
-25
18
44
-28
-58
16
60
2
-63
-25
49
41
-29
-30
50
36
-24
-5
82
61
-68
-22
79
42
-42
-51
30
20
-73
-74
-31
-23
-36
-26
-11
-39
-79
-69
7
40
-31
-80
-21
37
-14
-60
1
39
-12
-50
-29
35
26
-31
29
83
14
-100
-21
161
75
-114
-69
86
79
-57
-100
-16
11
-46
-76
-29
-4
-70
-136
-95
10
-14
-92
-71
-4
-9
-93
-86
-11
-4
-11
-10
-5
-2
-42
-40
32
73
29
6
44
33
-34
-7
114
99
-37
-41
53
71
-15
-56
18
19
-79
-91
-1
41
-47
-121
-49
2
-40
-60
-48
-52
-81
-63
7
11
-77
-125
-73
-1
-8
-77
-60
18
15
-36
-66
-24
10
-2
38
56
1
-24
-2
11
11
2
-1
-6
-22
3
15
-13
-25
-29
-3
-6
-32
-1
31
-8
-79
-41
23
-1
-21
-11
-6
-36
-52
6
31
-8
-33
-8
26
2
7
26
11
-27
-35
16
32
9
0
12
-2
-45
-30
-4
-5
-18
-34
7
23
-1
-21
-13
24
0
-12
49
62
29
8
-9
21
41
34
40
46
61
53
28
44
60
59
48
45
84
67
6
-13
60
107
17
-62
-24
52
1
-73
-1
55
-6
-84
-65
6
-27
-65
-28
-17
-32
-35
-26
-56
-104
-55
57
53
-45
-52
32
20
-68
-25
130
143
-4
-27
95
103
3
-17
98
166
67
-22
4
74
85
15
5
62
71
7
-64
-36
38
77
40
-55
-80
-29
-2
-54
-66
22
44
-47
-118
-61
21
-21
-90
-37
73
50
-70
-80
34
33
-59
-11
95
68
-60
-71
26
73
56
24
12
22
44
41
16
27
90
129
55
-44
-5
83
49
-18
17
87
43
-36
-30
10
25
26
34
13
-27
-20
-6
-41
-30
40
41
-52
-82
-9
-5
-72
-78
1
38
-46
-93
-51
-28
-54
-69
-8
30
-17
-91
-116
-47
31
14
-52
-62
-14
-8
-55
-28
33
26
-39
-38
40
48
18
17
47
46
37
64
36
-4
11
46
43
48
79
31
-51
-31
60
58
-26
-30
43
33
-52
-55
24
20
-54
-50
13
12
-56
-48
-14
-36
-41
18
49
-45
-75
18
58
14
-10
26
29
-7
23
94
87
6
-33
48
102
51
4
24
80
70
32
25
54
71
41
20
30
59
60
13
-23
1
30
24
-1
-28
1
14
-21
-35
-9
18
-25
-58
-25
26
20
-46
-42
3
-1
-52
-51
14
23
-18
-12
18
-6
-35
-12
22
18
7
17
-3
-41
-15
38
29
-18
-35
8
2
-31
-4
26
-1
-36
3
30
4
-20
-7
-7
1
41
18
-21
-31
2
46
33
9
16
12
12
26
5
-5
29
52
-2
-40
20
49
-25
-73
-21
35
9
-34
-31
-44
-38
5
2
-70
-103
-10
19
-43
-43
13
5
-101
-97
38
31
-79
-74
20
28
-31
-12
31
-27
-66
-24
8
34
31
-2
-38
-29
35
45
-32
-58
0
36
30
-7
-14
-12
-19
-5
-36
-54
4
43
-8
-63
-33
23
-3
-45
-33
-29
-42
2
40
-13
-64
-21
10
-41
-27
35
6
-49
-11
37
-4
-35
14
12
-74
-40
82
76
-64
-92
28
58
-25
-43
27
37
-14
15
40
-18
-37
12
52
44
20
6
0
8
23
21
29
39
18
-2
-4
46
70
40
4
-5
28
51
33
-5
-5
39
72
24
-28
-6
6
10
11
11
9
2
20
13
-39
-38
16
0
-31
2
47
9
-58
-22
25
8
-40
-25
28
13
-3
18
45
38
-10
-19
14
43
14
-35
11
92
63
-36
-39
35
38
-42
-11
96
53
-56
-14
85
28
-63
-17
55
15
-29
11
28
-23
-27
17
16
-29
-48
9
28
6
9
10
6
0
-3
-11
-9
-5
4
31
54
14
-40
-36
5
31
22
15
5
9
34
28
1
-13
8
28
9
20
50
14
-60
-36
53
49
-21
-24
43
20
-42
-1
53
-5
-75
-7
71
35
-38
-34
27
15
-41
-34
4
13
-19
-15
16
9
-21
-29
-2
-10
-23
8
30
-8
-42
-4
16
-43
-79
4
63
-12
-74
-12
32
-35
-64
-5
13
-30
-30
27
23
-40
-19
20
4
-28
-6
14
-26
-22
29
23
-27
-19
13
8
-20
-14
26
18
5
7
13
1
-32
-10
11
26
28
-20
-45
-39
-10
9
9
18
-7
-33
-8
12
-3
-14
3
4
-18
9
33
9
-53
-66
18
36
-27
-36
30
18
-56
-25
49
19
-57
-24
42
4
-51
-9
42
5
-52
-41
11
14
-29
-25
-3
0
-19
-16
13
6
-4
-14
-15
0
14
-22
-55
-23
13
24
1
-12
-25
-28
-15
-8
1
-14
-15
6
-3
-9
-3
-8
-5
-25
-9
33
19
-42
-70
-6
37
18
-13
-22
5
30
18
20
33
3
-45
-41
30
58
0
-16
52
60
-16
-42
23
34
-36
-26
68
102
23
-32
1
34
28
-2
1
26
22
19
-3
-3
38
34
-15
-42
5
62
48
4
-18
-11
13
21
15
-1
-6
7
5
12
15
16
-5
-43
-24
47
48
-19
-36
9
34
5
-2
12
18
-14
-31
8
27
-7
-51
-26
21
32
-4
-35
-7
42
13
-48
-21
28
10
-47
-37
34
52
-27
-63
-20
17
4
-30
-20
-14
-28
-8
27
11
-14
15
27
-24
-52
-9
31
-11
-40
7
27
-5
-39
-12
27
8
-35
-20
37
48
21
-10
-4
17
40
23
-15
3
14
-13
-15
42
66
-15
-55
11
58
10
-27
22
68
38
-15
-4
43
33
2
23
27
-8
-39
-20
34
37
16
20
39
25
-9
-1
38
27
-27
-14
33
35
14
17
26
-3
-51
-33
9
-13
-56
-34
36
50
4
-19
7
39
21
-29
-41
4
58
29
-41
-46
5
18
-27
-22
23
28
-22
-38
3
20
13
22
4
-16
13
50
25
-42
-23
42
25
-40
-40
3
3
-9
10
27
9
-14
-10
12
32
59
39
-7
1
41
33
-34
-31
10
15
-2
5
28
11
-14
-12
9
9
-1
5
-2
-5
9
22
20
-7
-20
-15
-30
-42
-29
-4
-16
-47
-18
32
9
-63
-60
40
62
-56
-110
-18
62
8
-58
-15
25
9
-27
-45
-42
-30
-4
-17
-31
-1
47
46
-9
-15
25
5
-41
-21
38
31
-21
-4
31
14
-13
-8
2
-3
21
49
22
-11
20
44
10
-18
23
71
39
-11
10
45
28
-7
-1
38
42
19
2
24
41
10
-2
23
61
42
0
18
58
49
-10
-30
11
38
23
-12
-6
47
60
17
-27
0
45
24
6
24
38
13
-8
14
21
-1
0
15
-2
-7
27
16
-34
-25
39
46
-28
-52
13
47
-13
-64
-23
8
-32
-63
-29
11
14
-7
-35
-40
-29
-14
-22
-41
-24
-14
-15
-10
-18
-42
-68
-63
-31
-16
-29
-46
-21
8
-14
-42
-36
-14
-24
-39
-31
-35
-36
-11
10
-17
-59
-37
-3
-39
-68
-33
13
5
-23
-9
-2
-3
5
-7
-20
-25
-8
0
-8
2
1
-13
-27
-16
3
-13
-27
-16
10
11
-23
-24
21
36
-8
-30
-16
-7
-4
-10
-22
-33
-30
-6
11
-15
-42
-16
9
-10
-47
-41
11
15
-13
-19
-4
-5
-36
-53
-41
-38
-44
-37
-10
-2
-30
-50
-34
3
0
-44
-47
-15
20
-3
-38
-24
-14
-21
-48
-41
-8
-15
-35
-29
-11
-3
-25
-21
-4
-1
10
11
6
-9
-8
-7
-9
1
8
28
29
2
-6
10
25
2
-14
22
59
51
20
22
46
50
25
23
36
25
17
12
44
74
46
-5
10
75
75
24
2
48
77
37
15
54
71
30
0
44
71
42
20
12
26
58
47
22
24
35
47
35
28
39
43
35
43
56
41
13
1
14
27
33
35
26
3
12
23
39
40
1
-1
28
35
17
0
12
39
23
0
-8
9
2
-11
18
17
4
-7
9
21
7
11
8
-3
-11
-11
18
15
-1
-2
-12
-1
19
24
-11
-40
-18
17
14
-14
-5
17
13
-11
-26
-14
-13
-12
-1
-14
-14
-4
-2
-15
-33
-14
-7
-21
-23
-13
-4
-5
-10
-19
-12
-15
-24
-18
-5
2
-19
-26
-7
-6
-11
-6
-12
-21
-29
-2
27
0
-40
-37
3
13
1
-13
-23
-30
-14
-4
-13
-6
5
13
-13
-16
8
0
-11
-16
2
-7
-12
13
-2
-32
-28
13
19
-30
-48
-7
5
-26
-24
2
0
-23
-22
1
-5
-24
-14
-17
-15
-4
0
9
-14
-16
2
-2
-8
7
5
-10
-9
0
10
13
15
17
6
-17
-11
27
37
10
-2
16
29
4
0
24
32
14
-12
5
23
13
10
31
32
14
4
11
16
4
-4
3
9
9
13
-10
-7
19
25
-10
-34
3
21
-4
-18
9
28
7
-7
15
16
-9
-9
6
12
2
-1
6
7
1
8
15
11
-5
-4
12
19
6
-4
-10
-7
-6
5
14
-5
-18
-19
0
0
-21
-25
-15
-2
-12
-16
-11
-36
-45
-20
-13
-11
-18
-31
-30
-24
-19
-19
-31
-44
-28
-25
-36
-30
-18
-27
-35
-25
-28
-38
-30
-12
-27
-49
-14
2
-34
-64
-44
6
0
-41
-49
-32
-14
-6
-2
-17
-45
-45
-15
-1
-19
-31
-20
-15
-14
-18
-14
-14
-24
-28
-15
-1
-17
-25
-16
3
-5
-16
-12
-21
-27
-15
8
-6
-19
-10
1
-8
-11
2
2
0
-10
-2
-20
-35
-1
9
-10
-11
0
6
-4
-18
-4
11
2
-4
-2
2
23
30
10
-11
5
43
11
-31
4
47
33
-5
7
33
17
5
19
29
7
5
29
31
3
-2
27
34
24
40
38
8
8
18
35
32
19
30
41
50
38
20
27
37
36
17
18
37
36
25
19
48
43
18
18
26
28
19
23
32
31
30
51
46
23
25
29
31
23
26
29
22
23
38
49
37
33
32
27
33
25
17
16
38
66
53
33
29
29
19
12
19
27
31
7
9
33
38
35
19
21
23
13
14
11
7
14
27
30
22
15
17
13
4
14
22
6
0
13
31
23
6
10
10
4
8
10
-16
-16
8
22
19
9
11
16
12
3
11
9
-7
-2
14
8
10
24
22
16
5
5
3
-10
-7
-4
1
1
2
2
-14
-19
0
6
-31
-40
-20
1
-6
-21
-14
-22
-18
-4
-9
-32
-39
-26
-13
-28
-41
-25
1
1
-34
-37
-27
-32
-31
-20
-10
-9
-33
-39
-18
-13
-19
-32
-18
-20
-37
-36
-38
-24
-21
-25
-13
-13
-24
-30
-31
-28
-15
-11
-27
-34
-34
-29
-26
-20
-11
-24
-41
-23
-11
-21
-30
-31
-23
-18
-17
-26
-27
-27
-23
-18
-28
-35
-21
-9
-24
-31
-16
3
-10
-27
-12
6
0
-19
-18
-5
0
-8
2
9
1
-6
-1
12
7
0
6
11
5
-11
-14
11
21
9
3
10
5
-6
1
2
-1
3
-6
-1
11
4
-2
-7
-1
2
-13
-24
-14
-5
-19
-21
-10
6
-2
-25
-18
-10
-8
-10
-10
-15
-26
-15
11
9
-20
-31
-19
-17
-21
-19
-9
-20
-28
-9
5
-4
-22
-16
-1
0
-11
-19
-20
-18
-9
-4
-9
-10
-2
4
-12
-23
-8
-1
-12
-9
6
15
11
1
14
12
-5
-8
-3
7
1
-3
4
11
5
8
19
12
-2
-16
-1
16
16
3
-4
1
3
11
2
-14
-12
-6
0
-7
-14
-10
2
0
-6
-9
-12
-7
-18
-20
-16
-13
-3
-3
-13
-29
-29
-14
-7
-17
-27
-26
-21
-18
-12
-22
-31
-30
-22
-11
-20
-27
-27
-17
-10
-15
-27
-33
-31
-17
-10
-25
-22
-15
-20
-32
-25
-12
-12
-13
-14
-18
-22
-21
-13
-13
-11
-11
-22
-22
-10
-5
-14
-28
-27
-11
3
0
-15
-17
5
4
-11
-9
16
16
-10
-13
3
18
21
6
-4
6
13
14
17
14
18
23
14
17
28
25
23
29
35
26
17
25
40
36
18
14
25
37
34
24
26
21
21
26
25
19
16
22
29
27
11
5
20
31
18
10
5
9
20
22
10
1
11
25
20
15
19
17
11
2
12
19
20
19
20
21
12
18
19
18
12
12
22
26
28
20
24
37
34
31
33
38
43
47
42
21
38
46
51
51
39
53
55
51
33
34
51
52
48
56
55
48
51
63
65
50
44
50
57
60
51
40
51
62
61
48
27
37
53
55
41
32
35
49
42
31
40
37
36
35
36
27
21
35
35
23
22
32
36
27
25
20
17
22
21
21
7
3
20
18
1
-5
6
16
-2
-9
2
9
10
-8
-20
-21
-16
-16
-23
-23
-21
-22
-28
-31
-28
-27
-32
-31
-29
-36
-27
-17
-38
-45
-32
-26
-35
-44
-39
-32
-21
-23
-38
-32
-30
-26
-18
-14
-21
-35
-26
-11
-17
-15
-19
-26
-19
-15
-10
-4
-10
-23
-18
-1
-1
-4
-8
-8
-11
-5
-4
-5
5
0
-5
-7
3
7
-6
-16
-6
3
-1
-16
-10
5
-2
-5
-3
-3
-15
-12
-1
6
-2
-10
-5
-3
-6
-13
-6
-3
0
-6
-15
-9
-1
-4
-9
-11
-10
-10
-17
-11
-6
-3
-8
-20
-15
-7
-9
-10
-13
-16
-11
-5
-4
-12
-20
-24
-19
-16
-17
-20
-12
-12
-32
-25
-14
-24
-27
-39
-32
-24
-29
-27
-32
-28
-30
-35
-44
-43
-27
-28
-33
-44
-43
-29
-25
-29
-34
-41
-33
-28
-34
-40
-52
-44
-23
-15
-25
-38
-34
-16
-12
-25
-23
-20
-11
-8
-10
-7
-19
-19
4
-7
-22
-14
7
4
-10
-3
1
4
4
1
6
8
3
9
11
11
16
17
10
3
10
8
7
15
13
6
4
12
24
13
2
4
9
21
6
3
15
19
10
-7
5
11
7
11
8
5
5
7
12
9
-5
-4
12
17
8
-7
-10
-3
1
4
-5
-11
-10
3
8
-7
-13
-14
-4
-10
-11
-8
-9
-3
1
2
-16
-12
0
-8
-10
-6
-3
0
-6
-14
0
1
-5
-13
-10
2
-3
-2
-1
-4
-5
6
4
-1
2
-3
5
11
3
-5
1
7
9
3
1
4
4
8
6
1
8
11
7
10
9
19
21
16
14
15
5
2
14
17
15
11
14
15
14
14
17
20
15
21
23
10
7
23
29
15
8
18
18
11
16
17
10
5
17
24
14
3
9
19
20
17
5
13
25
13
6
9
19
19
13
16
12
14
5
10
19
19
16
9
16
21
22
13
16
21
25
21
19
22
16
23
24
28
26
19
24
20
26
27
15
10
14
20
33
30
22
15
21
34
35
26
23
26
20
25
39
40
25
20
31
31
36
32
31
38
28
22
15
23
36
30
26
23
16
17
21
13
0
-1
11
9
7
5
12
17
4
3
10
12
7
3
4
3
-1
-9
-2
3
-10
-14
-17
-9
-6
-20
-28
-23
-7
-9
-20
-22
-18
-13
-21
-26
-28
-28
-22
-27
-26
-23
-24
-22
-28
-29
-30
-32
-33
-29
-28
-32
-34
-22
-21
-31
-33
-29
-17
-18
-30
