8
4
9
10
3
5
7
7
6
11
7
2
1
6
9
9
7
7
9
7
8
7
7
-3
0
5
0
-1
-5
2
-6
-4
-4
-12
-11
-11
-7
-11
-8
-14
-13
-13
-13
-9
-14
-8
-8
-7
-10
-11
-16
-17
-15
-18
-23
-25
-23
-25
-23
-20
-20
-25
-27
-27
-28
-29
-29
-28
-28
-27
-30
-25
-22
-17
-19
-22
-19
-20
-14
-15
-12
-18
-15
-13
-12
-10
-13
-13
-10
-9
-10
-11
-10
-3
-4
-7
-7
-8
-7
-7
-3
-2
-2
2
-1
-5
-1
0
3
3
2
1
2
0
0
4
6
1
-5
-1
2
2
2
5
5
3
4
0
3
1
0
-2
0
0
1
4
3
4
1
3
2
1
-1
-4
-1
1
2
5
5
2
-5
-3
-3
-3
-6
-9
-6
-5
-6
-4
-5
-8
-9
-8
-3
-4
-6
-3
-6
-11
-13
-8
-4
-3
-6
-4
-2
-7
-3
-2
-4
-3
0
-1
3
5
2
9
9
3
7
3
6
5
4
11
9
14
15
11
11
11
12
12
10
12
14
17
16
10
12
14
9
10
4
2
4
5
8
4
8
5
5
9
6
5
3
4
3
2
1
4
-1
-6
-3
-3
4
7
3
0
1
6
3
3
0
-6
-3
-6
-3
-3
-3
-3
0
-2
-3
-1
0
1
-1
2
2
-1
3
5
-2
-4
0
0
1
3
-1
2
8
7
9
4
3
5
6
5
3
4
10
7
6
11
13
12
8
9
7
11
12
11
9
13
15
14
13
12
10
13
18
13
14
12
12
16
18
15
16
16
15
13
12
10
8
8
7
8
6
8
8
8
3
3
1
-1
6
1
0
0
0
-3
-6
-6
-4
-5
-2
-1
-3
-9
-9
-7
-12
-15
-17
-14
-15
-14
-13
-15
-14
-11
-11
-11
-10
-13
-8
-14
-11
-9
-14
-14
-17
-12
-12
-10
-5
-12
-11
-10
-9
-8
-8
-10
-9
-4
-10
-6
-5
-9
-7
-6
-5
-7
-7
-10
-1
-6
-4
2
-5
1
-3
5
0
-7
-6
-6
-5
-9
-2
-2
-5
-5
-3
-3
-7
-1
-1
-3
-1
0
-3
-2
3
4
6
8
5
0
11
14
13
19
14
15
17
23
17
16
18
13
19
18
18
17
15
14
16
18
15
15
19
14
12
18
8
8
14
14
12
14
21
19
17
18
16
18
10
16
15
14
18
14
18
13
9
10
7
2
3
6
4
3
2
-4
-4
-4
0
5
1
2
-2
1
-1
1
2
0
4
4
6
11
9
11
9
6
11
5
5
5
8
10
8
9
5
6
2
1
-2
0
1
-3
-3
-2
-2
-6
-2
0
-2
-4
-7
-3
-2
-5
-4
-7
-10
-10
-6
-10
-13
-10
-12
-18
-15
-11
-13
-11
-17
-16
-16
-17
-17
-17
-18
-17
-15
-13
-9
-9
-3
-10
-14
-14
-17
-17
-14
-11
-12
-14
-16
-13
-17
-21
-19
-22
-19
-22
-24
-21
-21
-19
-22
-15
-13
-17
-13
-15
-16
-14
-17
-20
-15
-16
-19
-17
-12
-18
-18
-12
-17
-23
-19
-15
-21
-19
-18
-19
-25
-25
-17
-12
-13
-16
-11
-11
-9
-8
-10
-14
-15
-14
-9
-14
-9
-7
-14
-11
-14
-10
-11
-12
-12
-11
-13
-15
-11
-10
-10
-15
-17
-13
-18
-12
-17
-17
-9
-13
-9
-15
-10
-7
-10
-7
-9
-4
-9
-5
-2
-6
-3
-8
-8
0
-6
-8
-6
-4
-4
-4
0
0
3
2
2
2
7
11
8
11
6
3
4
6
5
7
7
3
3
6
10
4
9
8
10
7
5
6
3
5
-4
-4
-1
-1
-2
-4
-4
-10
-5
-4
-3
-4
-7
-8
-8
-6
-9
-2
-4
-6
-2
-5
-5
-8
-7
-7
-13
-8
-7
-10
-7
-10
-9
-6
-5
-8
-6
-1
-3
-4
-8
0
3
1
-1
-4
0
-2
-5
-7
-1
-4
-4
-2
0
3
2
3
-2
2
-1
-2
0
0
4
4
6
7
9
8
8
9
7
9
16
10
9
11
10
9
11
10
12
12
10
10
11
10
3
10
12
12
10
13
11
8
16
14
13
14
15
14
14
15
11
9
9
9
10
12
12
10
8
12
12
7
11
9
11
10
9
12
11
7
7
14
12
11
9
3
7
10
13
7
11
15
13
16
11
7
7
9
8
7
3
5
4
1
3
-3
1
2
2
2
-1
3
-1
-1
0
-4
-2
-2
-5
-3
-3
-1
0
-1
-4
-6
-4
-6
-2
-1
3
4
-5
-2
-1
-6
-7
-9
-3
-6
-3
-3
-5
-4
-7
-5
-6
-4
-8
-5
-4
-3
0
-3
-1
-5
1
0
0
-2
-8
-4
0
1
-1
3
2
3
5
1
5
5
8
7
5
7
2
0
2
0
2
4
2
5
4
4
6
7
7
2
0
-4
-2
-1
1
1
-6
-4
-4
-5
-3
-4
-6
-3
-6
-3
-2
-3
-4
1
4
1
0
2
-1
-3
3
-1
0
1
1
1
0
2
3
4
4
1
-1
2
4
1
1
4
-1
2
6
6
8
2
3
4
3
1
5
6
11
11
6
12
7
6
9
9
8
6
7
6
3
10
10
9
7
3
8
2
6
7
2
3
0
4
0
3
-1
-4
-3
-3
-5
-9
-10
-11
-9
-12
-10
-9
-13
-10
-7
-10
-10
-11
-9
-10
-9
-6
-6
-6
-5
-7
-1
-3
-4
0
-2
-4
-4
-3
-4
0
4
5
9
6
8
7
5
3
7
5
5
6
6
14
9
9
7
9
6
7
5
4
8
-3
4
0
0
2
1
5
3
-1
1
0
-1
1
1
9
3
2
5
3
5
7
4
2
5
4
7
3
2
5
2
3
-2
-5
1
-9
-11
-10
-12
-7
-11
-10
-14
-11
-13
-15
-16
-22
-18
-17
-18
-23
-25
-18
-20
-20
-18
-16
-20
-22
-17
-17
-20
-19
-15
-14
-9
-12
-9
-5
-6
-1
-1
-3
-8
-5
-3
-7
-6
-3
-3
0
-2
-3
-4
-3
0
0
-3
-5
-5
-9
-5
-9
-6
-8
-7
-2
-5
-6
-7
0
-1
-1
-4
-2
1
-3
0
-4
-5
-2
-2
0
-3
-3
-4
-3
-1
-1
-1
-1
-3
-3
3
-3
-1
-2
-4
-6
-8
-3
-4
-5
-5
-2
-9
-5
-2
-4
-2
-3
-5
-8
-3
-3
0
-3
-3
-6
-4
-2
-3
0
-3
-1
-1
-1
-2
-3
-1
3
4
5
2
0
2
-2
-2
-7
-8
-4
-1
-1
-1
2
0
1
2
-1
-4
-6
-1
-2
2
0
-3
-2
-8
-3
-7
-3
0
-5
-1
-3
3
0
-4
-2
-4
-8
-9
-6
-3
-1
-3
-8
-6
-6
-10
-7
-5
-5
-6
-7
-8
-5
-6
-9
-1
-4
-9
-3
-1
-4
-1
-1
-4
-2
2
3
-5
-5
-2
-8
0
-1
-3
-2
-2
0
-5
0
1
0
3
2
1
1
3
1
-6
-4
0
1
1
4
3
5
4
1
5
1
-1
0
-2
-2
-4
0
-4
-5
-4
-4
-5
1
-1
-3
4
-3
3
7
5
6
7
10
10
10
14
8
10
13
14
17
15
22
22
17
17
18
14
11
16
15
16
12
13
15
17
15
9
16
9
12
16
15
16
16
18
14
22
16
10
16
13
12
13
8
10
5
7
9
8
17
10
4
8
10
8
10
6
5
6
5
6
3
13
10
8
10
4
13
7
5
6
5
8
8
10
8
4
1
8
7
13
12
9
8
1
7
9
7
-1
6
6
4
9
8
11
8
10
8
11
9
7
10
11
8
11
13
7
6
9
5
0
4
-2
1
2
-2
4
0
1
-2
4
2
-3
1
-5
6
2
0
2
1
6
4
3
4
4
1
3
5
5
5
7
2
0
0
-5
-1
0
1
-5
-8
-8
-7
-5
-9
-13
-10
-9
-15
-17
-12
-11
-14
-10
-14
-18
-14
-13
-12
-14
-16
-15
-15
-16
-16
-17
-18
-17
-14
-13
-9
-10
-11
-11
-14
-10
-7
-10
-8
-9
-11
-6
-12
-8
-9
-11
-3
-5
5
-3
-5
-2
-3
0
-2
-1
0
2
-1
0
-4
0
-4
-9
-3
-5
-4
-7
-4
0
-5
-6
0
1
1
1
-5
-7
-9
-7
-8
-6
-8
-4
-3
-8
1
-3
-5
-8
-9
-6
-7
-11
-13
-9
-12
-10
-10
-9
-8
-11
-3
1
-2
-6
-7
-7
-3
-2
-5
4
5
0
4
1
7
5
0
4
8
6
2
7
2
4
6
6
-2
-4
5
-2
0
2
0
3
-1
-2
-1
1
1
-3
-2
0
3
7
4
1
2
0
4
6
0
1
0
3
4
1
3
4
8
10
3
6
9
11
15
10
12
13
9
9
9
8
9
10
9
14
13
16
9
13
20
14
15
15
16
12
12
9
10
11
12
11
10
16
15
14
8
9
9
11
10
8
7
6
12
3
8
6
7
6
2
6
4
2
7
6
4
11
9
9
5
9
8
3
1
-2
-1
-7
-4
-3
-4
-5
-6
-4
-7
-2
2
-5
-6
-4
-2
-2
-2
0
-1
1
-4
-4
-8
-12
-9
-14
-12
-6
-8
-8
-6
-7
-4
-8
-8
-8
-7
-5
-10
-10
-9
-9
-13
-6
-4
-6
-1
-5
-7
1
-3
-7
-11
-8
-1
-2
-3
-3
-2
-4
2
1
0
5
1
0
3
2
-3
-2
-2
-3
-1
-3
-2
-5
-7
1
3
-2
1
1
-4
1
4
6
0
-4
-1
-1
-1
-2
0
-4
4
0
-3
-4
-8
-2
-8
-10
-10
-12
-9
-10
-10
-11
-11
-11
-15
-13
-13
-12
-13
-12
-7
-10
-6
-11
-10
-6
-10
-8
-9
-11
-13
-6
-9
-9
-5
-6
-8
-7
-12
-12
-11
-11
-8
-12
-8
-10
-13
-13
-11
-13
-11
-12
-9
-9
-8
-4
-8
0
-3
-7
-4
-3
-4
-1
-5
-3
0
-2
-6
-5
-3
-8
-1
2
3
-1
0
1
2
2
3
5
-4
2
1
3
3
5
7
8
7
4
6
3
2
4
8
3
1
4
5
4
4
5
2
8
6
2
3
6
6
6
6
4
2
0
1
6
4
7
3
-1
5
-1
0
-3
-1
0
-1
2
-4
-4
-6
-7
-9
-6
-10
-13
-8
-13
-12
-15
-13
-15
-16
-18
-19
-14
-15
-14
-20
-15
-12
-9
-9
-15
-9
-14
-16
-11
-9
-11
-12
-10
-8
0
-7
-7
-3
-1
1
0
-1
-3
0
-3
2
-2
3
4
6
10
6
12
7
8
7
11
14
10
11
13
13
11
15
13
12
14
14
14
13
15
17
19
19
18
17
20
21
22
16
17
17
22
18
17
16
15
18
12
15
11
12
11
14
19
14
15
10
14
13
9
14
16
13
14
9
9
7
3
-1
-4
-3
-4
-5
-6
-11
-11
-12
-12
-6
-10
-6
-6
-9
-9
-13
-12
-12
-12
-13
-17
-14
-13
-15
-13
-13
-18
-18
-10
-14
-15
-11
-10
-14
-13
-13
-13
-13
-10
-10
-12
-5
-11
-12
-11
-9
-11
-10
-4
-11
-11
-9
-9
-9
-7
-11
-8
-11
-8
-9
-5
-4
-7
-3
-5
-2
-4
2
-5
-6
-1
-3
1
-1
1
-2
-1
1
-2
0
-4
-6
-4
-6
-1
-1
4
10
8
4
2
1
0
0
-1
2
1
0
1
-1
-1
-3
-2
-2
1
5
2
3
9
6
4
4
8
6
11
13
9
12
7
4
3
5
2
2
6
2
3
1
1
4
7
6
12
13
6
4
7
13
11
17
13
9
9
9
8
5
6
8
7
4
8
6
7
7
5
6
3
3
7
1
4
5
1
7
2
2
1
1
4
-2
-2
-3
-8
-6
1
3
3
0
-5
-4
-4
-2
-4
2
-2
-6
2
-6
-2
-5
-8
-3
-5
0
5
0
-4
-7
-7
-6
-3
2
3
5
5
3
-1
-8
-9
-4
2
3
-4
-4
-6
-12
-10
-14
-12
-11
-11
-4
-3
-5
-7
-9
-8
-6
-3
2
6
9
4
-3
-12
-16
-11
-5
-2
3
5
8
1
0
0
-9
-4
-6
-5
-2
4
9
4
-4
-2
3
0
4
4
1
3
1
-7
-9
-10
-4
-6
-4
-5
-7
-4
-6
-3
-1
1
1
-2
-3
2
-3
-2
-3
-4
3
1
6
-1
0
0
-8
-2
-4
2
6
7
14
16
13
5
4
2
2
11
12
14
15
12
17
12
11
7
8
15
14
19
14
15
2
0
-3
-5
1
-4
5
-1
3
-2
-5
-7
-4
0
-6
2
-5
1
-7
-10
-12
-23
-19
-21
-10
-6
-3
-4
-8
-14
-24
-23
-21
-12
-7
-8
-7
-12
-22
-33
-32
-26
-15
-6
1
2
1
-2
-12
-16
-19
-18
-9
2
12
8
1
-10
-17
-21
-21
-11
-2
9
13
13
3
-4
-16
-24
-12
-3
13
14
20
17
13
4
-4
3
2
18
14
20
23
15
12
4
9
5
12
24
22
32
25
15
10
1
9
14
25
24
30
29
17
14
5
6
13
21
25
30
25
21
9
1
-2
-5
6
8
22
20
17
7
-4
-5
-13
-4
-4
10
17
15
16
4
-8
-17
-16
-13
-2
4
13
9
5
-8
-23
-22
-23
-5
6
14
17
11
-3
-10
-18
-25
-14
-7
-7
2
2
-7
-14
-19
-23
-27
-17
-11
-2
1
2
1
-10
-19
-27
-23
-25
-15
-10
-9
-8
-14
-17
-24
-21
-21
-17
-12
-10
-9
-7
-7
-13
-18
-23
-20
-15
-15
-10
-4
-6
-3
-1
0
1
-3
-11
-15
-13
-9
-6
-1
-8
-10
-10
-18
-17
-21
-12
-18
-16
-10
-9
-7
-9
-5
-12
-15
-20
-17
-14
-8
-6
-6
-3
-9
-5
-7
-9
-7
-4
-1
-1
0
2
2
-2
-6
-5
-10
-5
-1
0
7
0
1
-5
-2
-5
-4
2
5
4
3
7
2
3
-2
1
6
4
8
7
7
5
1
6
0
-2
2
4
5
6
5
-2
2
-2
-8
-6
-4
-4
-2
4
4
1
-8
-8
-14
-9
-7
-8
1
-4
-2
-2
-4
-6
-9
-9
-10
-7
-2
-3
-1
-1
-4
-9
-11
-12
-11
-7
-5
-1
1
-1
-5
-7
-8
-8
-7
-7
-5
-3
-1
-1
-1
0
-9
-10
-4
-5
-1
-1
-3
-3
-3
-6
-6
-5
-1
1
4
6
5
5
5
3
-1
3
1
7
11
8
14
12
15
14
12
14
16
13
16
15
13
10
11
15
10
10
12
12
10
12
12
12
12
10
7
9
6
9
14
4
10
10
10
12
7
12
13
9
10
7
2
-2
0
3
-3
-1
-2
-5
-1
-4
-7
-7
-8
-3
-5
0
-2
-8
-7
-10
-1
1
-2
-5
-5
-7
-11
-6
-8
-8
-4
-2
-6
2
-1
-1
3
-8
-4
-4
-3
0
7
12
3
-1
-7
-11
-6
-7
1
-2
0
-5
-5
-2
-12
-2
-13
-7
-6
-12
0
-2
7
-3
-4
-7
-6
-1
-4
4
5
3
0
-2
-6
-1
1
6
9
7
11
1
-2
-9
-8
2
-5
11
10
10
10
-3
1
-11
0
3
9
14
8
15
1
0
-6
-3
-2
0
11
7
11
3
1
-11
-10
-4
-1
15
20
22
21
10
-2
-12
-19
-1
4
28
36
39
45
13
13
-21
-25
-24
-14
25
28
49
37
31
23
-1
-1
-9
-5
20
26
54
52
38
32
3
7
-18
-4
12
15
30
20
24
17
28
21
20
12
-4
-10
-15
10
23
41
40
29
19
7
8
5
15
-2
-2
0
-1
23
27
46
22
-7
-37
-61
-45
-31
10
34
44
32
14
-8
-17
-27
-23
-13
-27
5
11
37
35
13
5
-54
-50
-56
-27
16
31
53
26
3
-17
-38
-18
-1
18
39
19
29
6
1
-5
-23
1
-22
2
1
12
24
12
8
-22
-27
-31
-21
-4
21
18
30
10
-3
-8
-15
3
2
25
13
18
7
2
-1
-3
5
-8
-3
-18
-8
-7
3
5
-6
6
-16
6
2
7
25
0
9
-16
-9
-6
-8
12
4
6
-8
-23
-27
-27
-16
-9
-17
-6
-18
-8
-3
-13
-3
-23
-15
-23
-13
-3
-6
0
-15
-25
-20
-28
-14
-10
-10
-3
-18
-7
-26
-14
-18
-20
-7
-21
-4
-14
-13
-10
-13
-13
-14
-10
-1
3
10
8
6
-1
-15
-9
-6
4
7
3
0
0
-8
-6
-6
6
11
11
17
17
23
17
10
7
8
2
2
0
9
1
4
10
8
18
4
25
19
27
30
19
23
11
3
2
5
11
14
10
14
6
15
14
14
14
10
21
10
16
8
-2
-2
-9
-5
-7
-10
-3
-7
0
4
1
2
-5
2
7
16
18
1
-8
-16
-21
2
-4
6
-4
-15
-9
-21
2
2
20
18
8
7
-1
-2
11
24
20
22
1
16
19
39
50
26
27
-3
-16
-10
-2
40
57
84
78
45
29
-10
-3
10
32
64
71
66
49
19
27
2
2
22
19
71
52
82
46
11
-13
-39
40
39
60
37
25
36
28
20
-2
-13
-22
-9
6
38
-19
-32
-49
-28
15
-25
3
-31
17
-7
-28
-48
-117
-97
-87
12
37
67
22
-19
-52
-90
-107
-101
-23
15
117
84
70
-16
-43
-55
-86
-16
-32
37
15
30
12
15
54
54
126
97
92
15
-13
-23
-34
12
-9
68
103
125
101
57
55
16
6
6
-10
12
36
66
150
129
106
4
-62
-104
-143
-89
-22
69
145
83
-27
-150
-271
-188
-134
57
61
61
5
-123
-131
-219
-200
-238
-147
-111
11
-34
-16
-113
-128
-112
-264
-179
-311
-96
-75
84
85
-45
-130
-326
-148
-100
107
33
51
-30
-23
22
-15
76
-28
90
-4
196
196
223
211
87
181
6
82
-62
90
221
285
333
224
195
73
132
151
341
291
299
169
189
289
159
250
26
115
14
27
171
132
281
62
34
-21
-69
-38
-26
89
165
92
-59
-183
-326
-252
-358
-166
-118
-128
-104
-261
-133
-305
-323
-484
-550
-469
-420
-251
-141
-79
-140
-264
-400
-454
-540
-434
-361
-196
-110
-134
-169
-236
-249
-236
-195
-184
-202
-222
-120
-25
80
69
24
-71
-105
-125
80
210
327
360
306
387
205
280
250
385
528
514
557
464
347
300
249
381
455
403
518
404
569
427
362
307
191
344
285
476
478
466
401
244
174
85
42
113
182
252
241
94
81
-70
-1
-16
-26
2
-92
-31
-214
-314
-556
-682
-713
-694
-599
-580
-564
-676
-644
-728
-691
-849
-860
-788
-665
-460
-512
-393
-415
-333
-350
-368
-370
-404
-393
-294
-130
-122
-219
-474
-438
-447
-412
-397
-452
-268
-359
-283
-275
-271
-105
-138
147
354
511
631
648
824
964
935
1032
1000
1100
1261
1132
1315
1006
970
729
485
596
358
584
483
564
622
457
481
340
397
559
617
816
871
919
981
796
817
695
738
796
727
787
590
421
126
-165
-291
-518
-609
-741
-860
-917
-1138
-1227
-1421
-1574
-1582
-1660
-1443
-1385
-1266
-1155
-1184
-927
-909
-736
-656
-667
-496
-618
-600
-711
-961
-909
-1120
-975
-903
-1043
-910
-1303
-1113
-1275
-1254
-1088
-1311
-840
-845
-397
-282
-394
-311
-560
-398
-358
-192
249
523
935
1251
1335
1579
1273
1257
1216
1332
1694
1563
1811
1636
1665
1476
1203
1204
1050
1187
1149
1363
1510
1605
1528
1439
1422
1448
1505
1550
1801
1928
2174
2110
2127
2005
1837
1682
1505
1599
1508
1456
1118
893
550
241
-166
-597
-889
-1309
-1466
-1766
-1783
-1993
-2160
-2236
-2314
-2088
-2063
-1891
-1897
-1897
-1855
-1842
-1652
-1522
-1430
-1301
-1353
-1404
-1597
-1919
-1965
-2287
-2255
-2485
-2576
-2382
-2427
-1950
-2048
-1783
-1773
-1907
-1684
-1730
-1031
-566
-145
139
57
232
76
65
386
620
1129
1077
1093
1264
1276
1653
1452
1603
1468
1256
1230
919
1013
686
505
385
280
422
277
267
338
486
820
827
925
852
865
1036
1034
1306
1188
1255
1125
1099
1279
1129
1243
1258
1887
2736
3238
3448
3020
2648
2275
1870
1818
1601
1633
1445
1164
1210
950
869
370
80
54
25
273
250
533
728
700
472
-84
-481
-823
-1029
-975
-1011
-1083
-1466
-2091
-2526
-2837
-2742
-2609
-2506
-2371
-2555
-2814
-3244
-3638
-3764
-3964
-3867
-3721
-3287
-2736
-2707
-2674
-2848
-2524
-2200
-1941
-1533
-1442
-1041
-1103
-845
-415
-283
14
-301
-30
364
478
858
657
1008
1112
1111
1565
1535
2048
2006
1843
1685
901
620
107
203
588
689
1218
1123
1311
1152
935
1064
804
1112
974
1214
1387
1409
1531
1175
1035
642
295
191
172
379
488
413
918
1573
2916
3524
3573
3163
2298
2189
1638
2180
2209
2445
2391
1852
1882
1234
1064
435
257
305
251
196
152
317
663
829
624
246
-335
-359
-349
194
436
356
-204
-1053
-1493
-2039
-2108
-2363
-2398
-2358
-2406
-2401
-2742
-3003
-3507
-4017
-4259
-4066
-3414
-2712
-1995
-1833
-1855
-2260
-2693
-2809
-2676
-1974
-1541
-1138
-1079
-1384
-1918
-2510
-2994
-2908
-2653
-2121
-1716
-1457
-575
-56
952
1021
924
656
753
1614
2190
3125
3259
3238
2260
1486
866
590
813
713
1179
1294
1241
718
-53
-48
-62
-26
265
211
820
938
1382
1663
1411
1410
773
949
1153
1872
2745
3614
4303
4098
4079
4016
4074
3756
2960
2665
2053
1955
1734
1343
1590
892
821
407
564
776
434
670
704
1142
1116
1113
1075
1216
1352
1283
959
663
79
-385
-694
-827
-1078
-1944
-2457
-3256
-3329
-3725
-3759
-4039
-4142
-4149
-4540
-4291
-4408
-3744
-3569
-3021
-2805
-2765
-2588
-2526
-2279
-2255
-2017
-2197
-2279
-2701
-2878
-2866
-2560
-2529
-2829
-3118
-2984
-2814
-2615
-2006
-1566
-150
362
905
1068
1523
3229
3995
4723
4421
3881
3223
2324
1982
2019
2247
1887
1213
539
358
-166
-836
-1050
-1056
-621
-650
-501
-49
560
1308
1481
1623
1561
1490
1684
2296
3043
3286
2970
2221
1642
1447
1761
2709
3543
4140
4124
2993
2385
1530
1306
1403
1107
1790
1471
1834
1745
1524
1799
1204
1375
949
1131
1388
1606
2294
2384
2383
1746
1051
513
127
183
140
-78
-571
-1410
-2088
-2757
-3004
-3380
-3694
-3852
-4156
-3999
-3978
-3817
-4059
-4200
-4069
-3952
-3609
-3305
-2676
-2116
-1995
-2281
-2808
-3259
-3148
-2808
-2607
-2453
-3110
-4061
-4405
-4618
-4003
-3801
-3799
-3708
-3948
-2988
-1986
-564
485
1157
1966
2207
2216
1769
2467
4223
5612
5692
4531
3384
2088
1005
703
862
1254
759
-120
-536
-234
-40
-443
-467
-211
99
-58
326
1286
2422
3220
3177
2889
2413
1950
1848
2242
2931
3171
2815
2704
2716
2875
2911
3161
2719
2452
1909
1063
1291
940
1438
1282
1237
1515
1279
1666
1700
2015
2147
2167
1974
1801
2054
2339
2491
2461
2002
1453
647
115
-135
-537
-531
-1195
-1566
-2008
-2480
-2923
-3539
-3716
-4127
-4133
-4008
-3541
-3389
-3463
-3435
-3813
-3656
-3903
-3752
-3023
-2488
-1779
-1916
-1994
-2321
-3076
-3503
-3757
-3824
-3990
-4191
-4538
-4393
-4002
-4128
-4329
-4502
-4369
-3734
-3381
-2121
-867
444
1750
1860
2415
2110
1813
1764
2882
4796
5428
5149
3950
3021
2006
1094
455
463
669
547
185
274
331
-36
-294
-558
66
82
440
1081
2064
3667
3987
3870
3178
2616
2477
2383
3107
3986
5201
5912
5308
4804
3903
3220
2377
1735
2140
1998
1890
1359
1033
1130
481
198
168
609
1393
1582
2170
2637
2899
2707
2066
1854
1607
1776
1624
1591
1467
733
-105
-1211
-2093
-2773
-3320
-3656
-3652
-3607
-3582
-4106
-4439
-4613
-4689
-4528
-4556
-3799
-3521
-3220
-3079
-3231
-2853
-3149
-2593
-2119
-1860
-1170
-1732
-1617
-2399
-3684
-4201
-5213
-5115
-5161
-4610
-3711
-3915
-4168
-4837
-5231
-4920
-4520
-3325
-1511
451
1364
2163
3169
3194
3367
2053
2014
1774
2050
4203
4737
5610
4463
2768
1291
167
-43
-64
516
1028
1198
923
966
204
24
74
430
1021
1383
2248
2930
3796
4232
4013
3428
2713
2394
3070
4820
6755
6814
6171
5016
3760
3050
2063
2248
2343
2405
2005
1226
1173
589
-41
-462
-176
573
768
1511
1975
2635
2766
1891
1526
726
1152
1329
1694
2294
1533
724
-949
-1946
-2489
-3019
-2999
-3290
-3335
-3464
-4104
-4678
-5262
-5484
-5382
-4978
-4194
-3370
-3155
-3476
-3862
-4046
-3501
-2857
-2016
-1622
-1279
-1208
-1252
-1795
-2492
-2686
-3536
-3834
-4947
-5187
-5146
-5819
-5478
-5533
-5110
-5015
-5926
-5464
-4920
-3537
-1617
-513
1859
2493
3862
4267
4352
5332
5010
6253
5443
5433
4687
3917
4320
3203
3232
2228
1390
402
-921
-903
-1198
-1149
-778
-752
-129
-215
37
512
1280
2655
3001
3733
4031
4501
4871
4907
5194
4764
4580
4700
5130
5037
4303
3752
3302
3035
1628
415
-560
-1005
-754
-812
415
588
819
635
874
1723
1775
2389
2309
3179
3402
3361
3073
2678
2671
2187
1866
1416
762
58
-641
-1458
-1841
-2818
-3474
-4541
-4648
-4621
-4726
-4562
-4934
-4309
-4532
-4208
-4139
-3456
-2510
-1900
-1465
-1339
-1010
-1461
-1779
-2480
-2419
-2555
-2438
-2460
-2873
-3019
-4258
-5395
-6564
-7750
-8072
-8211
-7937
-7763
-7991
-7159
-6729
-5808
-5102
-4421
-2634
-824
1506
2895
5029
7063
8082
8845
7770
6943
5757
5358
5747
5257
5508
3795
2367
1018
-394
-864
-2098
-2064
-2186
-1682
-1037
-1104
-765
-226
449
1261
1790
2532
3467
4689
6065
6683
7200
6492
5542
4405
3754
3196
2538
1618
889
1090
1416
1709
676
-149
-1607
-2093
-2436
-1736
-302
701
2088
2302
3343
3396
3448
3372
3638
4213
4580
4595
4240
4193
3820
3366
2130
1267
-310
-894
-1462
-1285
-822
-1388
-1764
-3123
-3220
-3547
-3427
-3090
-2573
-2022
-2132
-2048
-2384
-1935
-2048
-2178
-2402
-2455
-2259
-2794
-2478
-2552
-2022
-2061
-2751
-3491
-5043
-5601
-6580
-6389
-6305
-6199
-5911
-6351
-6889
-8080
-8869
-9167
-8842
-8223
-6452
-5020
-2970
-2185
-986
-496
-270
1187
1556
3799
3978
6106
7264
8380
8864
6915
6251
4262
3525
2305
2522
2571
2512
1752
1014
429
-604
-1084
-1919
-894
-254
685
961
1769
2623
3218
3566
3594
4063
4322
4884
4936
5506
5375
4642
3372
2121
893
-436
-1313
-1286
-31
1138
1408
1021
-145
-948
-1406
-1413
114
1366
3087
3739
4429
4834
4493
4317
3813
4102
4112
4220
3850
3549
3258
2721
1841
1108
46
-768
-1022
-1278
-646
-447
-380
-911
-1494
-1678
-1976
-1691
-1331
-1098
-512
-687
-1085
-1905
-2634
-3411
-4184
-3925
-3674
-2965
-2780
-2800
-3166
-2989
-3575
-4139
-5077
-5865
-5929
-6180
-4859
-5192
-4630
-5452
-6656
-7469
-8230
-7936
-7638
-6511
-7329
-7259
-6436
-5041
-4127
-3328
-2940
-2086
-1690
-1195
654
3088
8276
9781
10989
9348
6390
4869
2868
4155
4399
5711
5244
3893
3506
2281
1451
-89
-1058
-1698
-1818
-1290
-426
733
2450
2861
2528
1936
999
1364
2057
4347
6021
6674
6341
4336
2928
1128
284
-455
-613
-339
464
2079
2114
1382
-262
-1406
-1985
-1278
-124
2026
3851
4883
5599
4872
5035
3694
3612
3945
4447
5016
4356
4182
3291
3031
2305
1401
438
-185
-390
52
546
576
215
-553
-1058
-1487
-1114
-1204
-1033
-1333
-1982
-2640
-3649
-4438
-5048
-4823
-4326
-3632
-3185
-2958
-3099
-3712
-4402
-5161
-5197
-5110
-5121
-4586
-4409
-4218
-5155
-6031
-6757
-6979
-6153
-7164
-7534
-7526
-7091
-6836
-7259
-7414
-7456
-6509
-5750
-4650
-2823
-1439
-555
273
1468
3019
3641
5768
8029
10054
11009
8807
7241
5474
4454
3869
3758
4245
3717
3394
2936
2102
1234
80
-1154
-1337
-926
-473
-3
1166
2153
2531
2566
1941
1854
2206
2949
3999
4811
5307
4618
3348
2420
1127
317
257
1387
3026
3370
2737
1224
4
-635
-1240
-397
1039
2619
4006
4616
5401
4892
4310
3696
3452
4077
4248
4635
4478
4515
3991
2807
1787
738
155
120
434
878
901
480
-420
-1586
-2048
-2711
-3041
-3100
-3004
-3272
-3921
-4628
-5515
-5798
-6113
-5978
-5245
-3753
-2988
-2823
-3043
-3743
-4087
-4310
-4155
-4554
-4084
-3862
-4441
-4733
-5890
-7028
-7717
-7731
-7101
-6959
-6528
-6880
-8159
-8090
-8597
-8317
-7343
-6129
-4877
-4188
-2191
-1592
11
2212
4431
8009
10325
11605
10450
9238
8347
6615
6506
6116
5394
5141
4103
3639
2706
1793
221
-2061
-2352
-3131
-2716
-1826
-885
723
1127
1548
693
419
1221
2186
4273
6232
7337
7196
5872
4544
3486
2572
1900
1178
2000
3366
3855
2953
922
-695
-2098
-2055
-1436
154
2070
3162
4272
4714
5194
4694
4130
4381
5129
5806
5944
5422
4689
4299
3373
2494
1405
880
166
-40
223
-96
-477
-1641
-2442
-3048
-3091
-3053
-3443
-3642
-3914
-4604
-5013
-5740
-6189
-5697
-5041
-3471
-3058
-2473
-2609
-3713
-3891
-4230
-3417
-2582
-1886
-2072
-3529
-4608
-5820
-6814
-6537
-6187
-6961
-7799
-7889
-7916
-7866
-7639
-8607
-8731
-8806
-8708
-6965
-5305
-3458
-3824
-3446
-1605
-401
2139
4385
8084
12500
13375
11696
8807
6866
6150
4972
5942
6507
5691
4604
2595
2164
1349
-447
-2608
-3594
-2689
-1782
-852
177
1283
1758
1339
585
517
1313
2909
4679
6560
7653
7207
5945
4370
3754
3358
2727
2075
2121
3451
4540
3456
1587
-97
-1823
-2123
-1982
-266
1684
3102
4150
4126
4960
4304
3461
3310
4136
5286
5377
5501
4703
4590
3987
2352
1013
98
-309
-226
68
544
23
-1266
-2647
-4165
-3778
-3878
-3730
-3653
-3904
-4360
-5592
-6300
-6830
-6093
-5567
-4759
-4293
-2956
-2034
-2163
-2054
-3123
-3096
-2970
-2163
-1749
-2076
-3408
-5674
-6364
-6495
-6571
-6980
-6683
-6159
-5632
-5751
-7780
-9407
-9667
-9875
-8273
-5329
-3620
-2825
-3002
-1375
-798
-273
1162
1329
5112
8427
10767
11589
10870
9464
6332
5239
3996
3375
3505
3799
4021
4230
3559
943
-1452
-2792
-3205
-2934
-1024
233
1814
2900
2860
2345
1697
1933
1688
3212
5263
6839
7565
7067
5623
3862
2551
1207
849
1747
3734
4893
4460
2741
539
-1338
-2329
-2187
-1094
818
2099
3105
3880
4273
3882
2925
2743
3019
3604
4062
4395
4534
4368
3572
2033
709
-218
-588
-352
324
662
218
-818
-2343
-3530
-3945
-4378
-4759
-4887
-5159
-5706
-6438
-6906
-7160
-6945
-6282
-5321
-4111
-2818
-2254
-2427
-2766
-2599
-1795
-1340
-1161
-1740
-2145
-3040
-4467
-5521
-6163
-5666
-5623
-5784
-6633
-8021
-9186
-10201
-10252
-9669
-7890
-6235
-5669
-4811
-3718
-2714
-1898
-507
3301
9385
14781
15271
12622
10852
9004
7124
5733
6262
6950
6367
5632
4264
3966
1830
-2107
-4660
-5170
-4554
-4718
-3310
-803
1694
3007
1894
456
157
1059
2816
6056
9404
10608
9665
7598
5449
3936
2728
1424
972
1308
1840
2221
1877
293
-2131
-3924
-4832
-4142
-2379
-291
1778
3168
4233
4363
4264
3570
3293
4442
5909
6918
6838
6096
4842
3825
2621
1508
573
90
-261
-114
367
-261
-1238
-2951
-4018
-4653
-4505
-4486
-4748
-4342
-4882
-5319
-6291
-6854
-6997
-6265
-4609
-3063
-1613
-1674
-2300
-3012
-2663
-2603
-2758
-2450
-2632
-2088
-1977
-2417
-4273
-6575
-8036
-8957
-8676
-8199
-7888
-7536
-7583
-8992
-10031
-9273
-8136
-7570
-6482
-4685
-2144
279
2314
5936
10924
15415
14010
11032
9840
8188
7373
6496
8118
8585
7139
4710
1656
1274
-352
-2999
-4364
-4143
-3715
-3871
-3003
-1343
480
1703
1303
857
1874
2950
4328
6579
9161
9963
8998
7326
5180
3957
2640
1010
-51
-313
-404
-241
540
342
-1487
-3277
-4333
-4134
-2303
-443
2036
4011
5352
6053
5988
6195
5422
5651
6205
6441
6544
5897
5473
4661
3921
2730
727
-810
-2170
-2610
-1875
-1394
-1303
-2121
-3120
-4366
-4940
-4586
-4551
-4058
-4134
-4484
-5012
-5588
-5819
-5883
-5219
-4324
-3526
-3021
-3491
-3954
-3825
-3630
-3417
-3674
-3400
-3579
-4323
-4721
-5766
-6005
-6180
-6934
-7126
-7022
-6137
-6353
-7136
-7979
-8791
-7901
-7084
-5576
-3847
-2016
-282
1067
3541
7621
12704
14500
11967
9301
8027
7002
6107
6082
7701
7318
5588
2831
634
304
-2015
-3192
-3302
-2496
-2631
-3420
-2514
-945
1261
2157
1688
1566
2563
3491
5402
7672
9132
9012
7661
6032
4242
3366
1980
441
-331
-404
-313
-211
-336
-1849
-3332
-3971
-3998
-2816
-1164
1083
3218
5082
6312
6426
6377
5843
5648
6170
6627
6567
6114
5168
4583
3465
2411
874
-909
-1813
-2703
-2008
-1822
-1472
-1918
-2773
-3494
-4353
-4022
-3761
-2759
-2380
-2466
-3324
-4237
-4994
-5491
-5426
-5348
-4829
-4555
-4445
-4695
-4604
-4869
-5006
-5001
-4687
-4404
-4640
-4412
-4792
-5132
-5659
-6366
-6775
-7361
-7291
-6881
-6674
-6495
-6532
-6157
-5535
-5377
-4859
-3609
-1710
789
2929
6591
11396
14390
13315
9617
7537
6175
5697
5521
6695
7488
6248
4091
1536
519
-1815
-3938
-4716
-3765
-2492
-2315
-1616
-436
1087
1797
1580
1179
2148
3402
5570
7918
9593
9693
7912
5965
3758
2696
1707
752
27
-76
124
32
-353
-2042
-3831
-5053
-4734
-3241
-1238
1410
3421
5056
5869
6251
6456
6294
6595
6959
7876
7818
6985
5705
4615
3652
2131
969
-624
-1596
-2374
-2472
-2191
-2174
-2561
-3372
-3945
-4088
-3744
-2949
-1937
-1721
-1795
-2884
-3867
-4869
-5353
-5461
-5420
-4516
-4533
-4690
-5406
-5771
-6119
-6286
-6070
-6322
-5974
-6110
-5954
-5259
-5196
-6092
-7338
-7490
-7136
-5964
-4842
-5602
-6615
-6213
-4834
-4302
-3937
-2930
-1471
711
2640
4392
8034
12371
13626
11574
9327
7418
5011
4162
4457
5963
6685
5284
2655
842
327
-2222
-3927
-3887
-2817
-2136
-1378
-37
1032
2612
2471
1701
1665
2682
3755
5349
7909
8939
8345
6536
4173
2205
978
141
-863
-1011
-544
-398
-401
-1410
-3003
-4494
-5082
-4378
-2830
-230
2244
3983
5663
6525
6985
6914
6767
7254
7806
8540
7906
7096
5886
4713
3534
1789
473
-1371
-2517
-3246
-3047
-2586
-2668
-3092
-3812
-4294
-4325
-3755
-3022
-1852
-1387
-1760
-2740
-3658
-4156
-4860
-4938
-4543
-4249
-3938
-4689
-6309
-7429
-7815
-7855
-7403
-6414
-6371
-7011
-7319
-7607
-7947
-7936
-8073
-7932
-6724
-5525
-5879
-5737
-5348
-5597
-5259
-4872
-3279
-1886
1255
4472
8281
14689
16982
14740
10551
7609
6058
5344
5841
6779
7470
7135
4642
2124
1399
-1370
-4381
-5421
-4475
-3294
-2232
-578
573
2229
2552
984
-98
610
2409
4922
8426
10466
9886
8154
5455
3127
2153
1714
932
89
-116
-770
-1691
-1871
-2542
-4148
-5613
-6215
-5359
-3471
-371
1881
3940
5488
5992
6900
7168
8160
8457
9343
9760
8740
7482
5748
4558
3163
2367
1252
-265
-1670
-2811
-3575
-3646
-3902
-4615
-5220
-5361
-4910
-4002
-2297
-1531
-1296
-1738
-2476
-3053
-3223
-2799
-2707
-2600
-2447
-3187
-4580
-6081
-7724
-8199
-7839
-7381
-7482
-7640
-7725
-8581
-9148
-9267
-10017
-10034
-9795
-8946
-6970
-5722
-5617
-5983
-4628
-4035
-4106
-4049
-2178
1497
5043
8466
10959
15334
16613
12823
9541
8033
7104
5491
4571
6003
6428
5488
2762
97
-41
-2687
-5242
-5705
-3891
-2016
-1075
730
1911
3142
3019
1535
1329
3058
4910
6715
8955
10346
9252
7008
4248
1768
843
117
-793
-751
231
363
-256
-1472
-3477
-5532
-6000
-5645
-3918
-1048
1519
3621
4932
6244
6644
7017
7327
7439
8424
9256
8981
8320
7234
5914
3890
2074
444
-1386
-1907
-2591
-2381
-2424
-2842
-3851
-5046
-5240
-5488
-4396
-3158
-2141
-1455
-1363
-1791
-2525
-3094
-3580
-3601
-2850
-2543
-2743
-3655
-5339
-6750
-8323
-8566
-8615
-8420
-8080
-8498
-8484
-9238
-10200
-11007
-11161
-10141
-9476
-9108
-8764
-7499
-5713
-4461
-4607
-5399
-4519
-2738
1274
5455
10293
15810
18357
16915
12177
9023
7267
6532
6431
7745
8566
7226
4607
1554
349
-1865
-4646
-6576
-5948
-4145
-2546
-756
1179
2717
3148
2531
1353
2497
4354
7140
9945
12172
12278
9848
7241
3942
2401
1318
199
-578
-631
-83
-1020
-1875
-3615
-5847
-7099
-7180
-5498
-3247
-556
1274
2946
4427
5332
6149
6946
7982
8681
9956
10124
9696
8603
7355
5851
4253
2843
512
-1128
-2474
-2783
-3040
-3023
-3745
-4619
-5043
-5160
-4702
-4195
-3300
-3125
-2080
-2404
-2433
-2716
-2893
-2475
-3014
-2087
-2379
-2367
-3381
-4768
-5330
-6615
-7838
-9787
-10130
-10302
-10183
-9528
-10233
-10572
-11349
-11660
-11599
-11067
-10080
-11123
-10386
-7857
-6028
-4439
-4602
-3875
-965
2645
8890
16052
21459
19262
13547
11344
9235
7954
6318
7752
8624
8286
6905
3366
2077
-1644
-5083
-7373
-6762
-6187
-5835
-2692
357
3419
4109
2812
554
1140
3669
7195
11589
14714
14814
12498
9800
6238
3881
2155
599
-594
-792
-1169
-2596
-3605
-4593
-6329
-8159
-8323
-7309
-5125
-1892
722
3090
4776
5691
6004
6740
8392
9334
10525
10761
10271
8916
7553
6018
4326
3633
1705
-207
-2246
-3164
-3744
-4050
-4030
-4628
-4973
-5142
-4729
-4235
-3082
-2617
-2400
-2407
-2324
-2172
-1792
-1069
-1128
-861
-1620
-2835
-4419
-5959
-6709
-6943
-6557
-7004
-7979
-9083
-9924
-10894
-12565
-13451
-12913
-11884
-10692
-10457
-10596
-10435
-10467
-9016
-8085
-7310
-6356
-5622
-2384
1791
7050
13802
20415
21377
15951
11523
9114
8638
8213
8740
10507
9500
7466
3815
1835
688
-3187
-5999
-6940
-6089
-5817
-4787
-2148
683
3154
2965
1297
975
3120
6376
10229
14281
15899
14451
12073
8957
6364
4561
2577
814
-547
-1088
-2313
-4299
-5238
-5982
-7662
-8751
-8650
-6965
-3937
-1027
1031
3112
4984
6238
7199
8818
10615
10914
10884
9895
8691
7454
6583
5211
4164
3234
672
-1697
-3916
-4492
-5081
-4776
-4689
-5249
-5043
-5059
-4732
-4083
-2757
-2430
-2093
-2344
-2169
-1477
-727
155
-247
-769
-2202
-3476
-4232
-4532
-4901
-5937
-7337
-9347
-10609
-11784
-12966
-13998
-14529
-13653
-13274
-12816
-12083
-11480
-10984
-11113
-10191
-8145
-7110
-5862
-3151
610
5160
7478
11424
17731
21530
18479
13088
11129
9619
8678
6646
8164
8121
5820
3069
-441
56
-3124
-6466
-7801
-6547
-4746
-4536
-2681
-428
2374
3931
3737
3249
4938
7384
10175
13270
15834
15265
13023
10178
6749
5233
2726
933
-1316
-2004
-2357
-4793
-5925
-7141
-7771
-9017
-8790
-7310
-4715
-1037
786
3024
4885
6841
7842
8876
10844
11465
11872
11046
9500
7801
6567
5073
3723
2726
1064
-1521
-3924
-5051
-6101
-5874
-5965
-6014
-5843
-4954
-4295
-3732
-2454
-2049
-1424
-1599
-1190
-1140
-144
222
6
464
-378
-1206
-3272
-4563
-6109
-6721
-7066
-8290
-9877
-11972
-13201
-14704
-14421
-15047
-15465
-14591
-14691
-14296
-12990
-11523
-10092
-8096
-6534
-4499
-1905
1786
5372
10866
19386
24021
20893
15283
11543
9257
9224
8048
8705
8774
6489
3260
-391
-641
-4175
-7528
-8657
-8324
-7149
-6884
-4800
-2432
1503
3408
2669
2594
3923
6688
10122
14469
17634
17720
16137
13234
9721
7861
5234
2646
428
-1084
-2312
-4648
-5933
-7381
-8062
-9790
-10682
-9868
-7870
-3642
-974
2378
4512
5995
6927
7616
10003
11645
13071
12621
11574
9871
8178
6312
4646
3527
1946
-300
-3178
-4691
-6334
-6732
-7010
-6725
-6591
-6382
-5486
-4897
-3212
-2544
-1903
-1876
-1287
-873
-226
615
1000
1630
1075
350
-1487
-2713
-4410
-5694
-7057
-8863
-9983
-11542
-11538
-11977
-12063
-13340
-15410
-16407
-16610
-15440
-15222
-13574
-11611
-9495
-7025
-5820
-3364
302
4471
9290
16117
22454
22350
17116
13754
11924
10686
9062
8018
8632
7083
4571
127
-1839
-4011
-8227
-10109
-10004
-7873
-7521
-5635
-3181
-299
2499
2729
2349
3438
6850
10154
14199
17591
18965
17656
15083
12051
9226
7321
4664
1834
142
-1019
-3482
-5907
-7363
-8154
-9351
-10418
-10427
-9027
-5873
-2582
485
3321
5379
6198
6572
8222
10239
11930
12649
11831
10570
8936
7256
5098
3635
2506
574
-1796
-3919
-5279
-6582
-7057
-7134
-6925
-6659
-6340
-5741
-4547
-3140
-2238
-1673
-1405
-1014
-630
283
1086
1415
1193
422
-468
-1866
-3587
-5267
-6957
-8501
-9547
-10440
-11444
-11917
-11827
-12946
-15165
-17207
-17966
-17286
-15860
-13734
-11951
-9658
-7509
-6544
-4190
-511
3641
9755
17897
23009
21223
17357
14255
11997
10835
9550
9358
8587
7129
4204
1356
-246
-4923
-9336
-11031
-10202
-9246
-8221
-5567
-2760
499
2363
1721
1290
3012
6029
10438
15610
19428
19865
18415
15514
12128
9677
7370
4920
2746
1764
-248
-3159
-5967
-7190
-8325
-9997
-11046
-10938
-8987
-6015
-2840
224
3764
5278
5743
6107
7943
9853
10971
12164
12011
11417
9621
7523
5036
3614
2226
83
-1955
-3716
-5171
-6656
-7131
-7668
-7695
-7463
-7249
-6941
-5448
-3958
-3284
-2510
-2298
-1265
-296
953
1873
1919
2069
1172
-165
-1796
-2908
-4121
-5704
-7332
-9114
-10065
-11272
-11714
-12131
-12549
-13371
-15433
-17291
-18390
-17284
-15137
-13250
-11210
-9209
-7990
-4837
-1361
4234
14048
22410
23654
18558
15707
13561
12020
10503
11099
12402
10688
7868
3135
1762
-1629
-6911
-10220
-10836
-10418
-11182
-9483
-6239
-2344
352
742
-1221
-382
2399
6281
12047
17552
20473
19714
18173
15118
12881
11038
9161
6695
5005
3685
582
-2719
-5937
-7643
-9249
-10929
-11941
-11053
-8789
-5478
-2645
-12
3358
4638
5651
7070
9620
11889
12533
12604
11867
11050
9447
7417
5435
4394
2947
178
-1839
-3701
-5516
-7217
-8035
-8611
-8847
-8402
-8110
-7519
-5924
-4432
-4279
-3177
-2429
-1233
361
1754
2798
2754
2335
619
-700
-1628
-1908
-3251
-4515
-6447
-8756
-9877
-11685
-12626
-13974
-14245
-14904
-16102
-16663
-17235
-17233
-15965
-13922
-11823
-9849
-8570
-5581
-1663
4560
13398
22274
23359
18399
14568
12459
12252
10238
11202
11927
10546
7388
2569
936
-2236
-6734
-10385
-10851
-10371
-10917
-9785
-7014
-2991
-308
203
-1125
-588
2516
6666
12275
17637
20553
19938
18369
15396
13204
11649
9829
7913
5703
4395
806
-2095
-5360
-7399
-8634
-10151
-10747
-10712
-8254
-6221
-2850
-904
2071
4193
5484
7781
9639
12668
13028
13320
11889
10928
9188
7384
6211
4475
3593
656
-1519
-4068
-5773
-7661
-8559
-8917
-9125
-8516
-8161
-7279
-6555
-4585
-4469
-3541
-2921
-1402
475
1869
3632
2953
3097
836
-371
-1623
-2332
-2826
-5020
-5478
-8161
-9683
-11304
-11935
-12293
-13201
-13709
-15036
-14592
-15861
-17451
-17871
-15806
-13307
-10088
-6852
-4182
-974
2868
11247
18664
22580
18313
14150
12883
12001
12305
11162
13369
10690
7821
3349
-129
-2565
-7308
-8870
-10413
-8565
-9853
-10078
-8641
-5555
-2036
-908
88
-52
3003
6452
11622
15947
19067
19299
17355
15835
13940
12907
11000
8996
6475
4039
323
-2858
-5613
-7323
-8135
-9159
-9930
-10370
-9055
-7451
-4054
-1369
1226
3671
5224
7630
9845
12780
13554
13096
12079
10243
8944
7346
6461
5230
3912
1744
-1397
-3922
-6059
-7898
-9020
-8616
-8379
-7955
-7395
-7128
-6547
-5602
-5178
-4803
-3446
-1787
490
2126
3789
4067
2943
1238
-965
-2639
-3715
-3523
-3985
-4851
-6906
-8849
-10658
-12076
-13325
-15109
-14775
-14983
-14997
-15279
-14919
-14184
-14278
-12633
-11582
-10023
-7406
-3003
5642
16860
25015
22411
16538
13068
9850
9188
8759
12117
13297
11807
8899
3632
1530
-4368
-9552
-11899
-10935
-10440
-11272
-8492
-5734
-2196
-861
-2072
-3910
-2627
1342
6829
13871
19717
20953
19208
16834
13536
12185
11240
10552
8807
7515
4644
-521
-3723
-6121
-8020
-8973
-8311
-8961
-9279
-7354
-5961
-3069
-349
1552
3378
4983
7914
9973
13335
14845
13840
12227
10133
8177
6026
5996
4847
4192
2503
-371
-3889
-6809
-8197
-9771
-8958
-8264
-7917
-7271
-6241
-5856
-5326
-4692
-4452
-3864
-2084
-200
1502
2962
3249
3006
1389
621
-1868
-3009
-3552
-5079
-5945
-8033
-9373
-11744
-12288
-12629
-13499
-13374
-14058
-14348
-15142
-15288
-15344
-14207
-10672
-9122
-7587
-4424
-505
4551
12195
21287
22848
17959
13443
10854
10519
10142
10011
11350
10847
8022
2970
-32
-2332
-7747
-10379
-10752
-9521
-9830
-9049
-6840
-4335
-679
-1064
-2288
-2045
1315
5764
11604
17436
19600
19081
16657
13822
11484
10995
9968
8245
6604
4305
106
-4085
-6387
-8369
-9338
-8661
-7770
-7810
-6694
-5127
-3534
-570
1544
3173
5114
7425
10012
12362
14861
14514
12353
10242
8033
6279
5419
5222
3999
2626
342
-3089
-6138
-7950
-9411
-9995
-9050
-7981
-7094
-5935
-5028
-5029
-4634
-4446
-3930
-1928
525
2080
2816
3197
2915
1533
-168
-1623
-3132
-4138
-5145
-6264
-7855
-9777
-11715
-12891
-13130
-13653
-14343
-14910
-14745
-14189
-13353
-12702
-12648
-11613
-10142
-8692
-5888
-1258
4004
11602
21038
24258
19516
12903
9611
8545
8031
8877
10349
10599
8051
3554
183
-2076
-7043
-11238
-11679
-9883
-8815
-8000
-5292
-2615
203
508
-1769
-2601
-275
4177
10033
16460
19941
19373
16811
13388
10767
9775
9177
8027
6581
5179
1327
-3300
-6199
-7984
-9325
-9117
-7452
-6494
-5720
-4369
-2811
-681
1999
3319
4926
7131
9580
12018
14342
15151
12791
10491
8244
6414
5443
5359
5000
3381
1476
-1742
-5418
-7807
-9453
-10413
-9652
-8250
-7212
-6325
-5146
-4961
-4846
-4072
-3791
-2544
-199
2085
2974
3244
2569
357
-1202
-2512
-3554
-4131
-4394
-5149
-7536
-9391
-11956
-14104
-14028
-13899
-13746
-13865
-13710
-14486
-14747
-13283
-12624
-12005
-11330
-10363
-7012
-1479
5610
14660
24350
25760
17716
11191
7944
7622
7434
9769
13125
12312
9585
3054
-386
-2960
-7701
-11021
-11277
-8838
-8607
-7372
-4315
-1264
741
-5
-3040
-3776
-629
4804
11224
17745
20923
19098
15994
11908
9686
9224
9220
8180
6715
5198
464
-4679
-7623
-8859
-10113
-9695
-8326
-7519
-6116
-4460
-2559
-519
1745
2803
4159
7152
9919
12570
14915
15258
12991
10673
8431
6381
5970
6136
5544
3650
1367
-2185
-5671
-7762
-9114
-9759
-8989
-8091
-7848
-6574
-5470
-4733
-4210
-3121
-2716
-1608
536
1816
2684
3108
3096
1401
50
-2151
-3985
-5052
-6318
-7126
-8797
-10005
-12412
-13822
-14067
-15053
-15123
-14825
-14450
-14961
-14779
-13617
-12606
-10328
-8463
-6238
-2554
979
6164
14323
22352
22633
16450
12334
9464
7757
7151
8005
10452
9727
6924
2272
-492
-3277
-8776
-10859
-9982
-8035
-7592
-6090
-3463
-892
1537
669
-1173
-1083
1643
5997
11753
17283
19272
17807
15209
11682
9126
8388
7481
6253
5194
3455
-508
-4236
-6644
-8975
-10063
-9390
-8348
-7465
-5748
-3996
-2149
695
2024
3091
4778
7137
9799
12398
15142
14607
12690
10301
7932
6228
5948
5808
4627
3566
989
-2166
-5358
-7572
-9574
-10029
-9139
-8403
-7044
-5011
-3657
-3307
-2684
-3341
-3332
-2570
-864
883
2364
3337
2736
2284
644
-1521
-4323
-6384
-8227
-10277
-10831
-11920
-12041
-12415
-13774
-15545
-17247
-16974
-17187
-16022
-13612
-11765
-10442
-9824
-7624
-3503
1180
6738
15695
23780
23460
16515
12075
10581
9558
7926
8514
10663
9150
6347
2085
925
-2143
-7999
-11270
-11585
-9533
-9384
-6801
-3181
323
2042
609
-1599
-1837
1188
5695
12043
17691
19873
18312
15451
12005
9370
8198
7290
6288
5386
3473
-311
-3748
-6152
-8721
-10344
-9903
-8752
-7490
-6187
-4514
-2972
-610
1508
2848
4832
7277
9140
11553
13885
13942
12793
10834
9172
7081
6560
5899
4713
4048
2052
-546
-4082
-6633
-9253
-10223
-9476
-9032
-7979
-6557
-4930
-4184
-3745
-3684
-3887
-3080
-1436
349
2793
4594
4053
2251
62
-1752
-4010
-5605
-6270
-7704
-9107
-11786
-13741
-14344
-13874
-14123
-15896
-16459
-17274
-16677
-15127
-12545
-10022
-8445
-7328
-5277
-1370
4400
13715
22225
25072
19684
14302
10777
8709
7955
8354
11504
10267
7536
2763
-231
-2802
-7703
-10300
-11139
-10050
-10407
-8713
-5070
-636
2093
1818
-195
-1520
377
3889
10266
16145
19554
18942
16491
12938
9401
7994
6826
6257
5228
3854
291
-3101
-5031
-6835
-8718
-9222
-8124
-8111
-6943
-5791
-3578
-1311
595
2620
4099
7211
8423
10537
12685
13454
12588
10534
9430
7240
6830
6041
5044
3930
2490
21
-3150
-5097
-7279
-8737
-9012
-8033
-8071
-6765
-5680
-4893
-3786
-3144
-2839
-2921
-789
368
1892
3348
4105
3224
1658
-59
-2916
-4672
-6942
-8422
-10267
-11194
-12928
-14710
-14175
-14580
-14217
-14416
-14497
-15400
-15073
-13091
-12011
-9859
-9159
-7447
-3528
1623
6352
11974
20183
23426
18639
12842
9750
8026
7408
6909
9256
10287
8021
2708
-1532
-2510
-6889
-10332
-11083
-8745
-7140
-5766
-2941
-727
2088
2255
487
-256
2106
5540
10268
15327
18131
17634
15009
11958
8592
7560
6906
5516
4508
3197
258
-3597
-5784
-7004
-8846
-9047
-7790
-6357
-4931
-3757
-2488
-1065
1500
3010
4782
7597
9328
10923
12374
13191
11894
9719
8442
6673
6083
6037
4581
3024
1264
-743
-3737
-5980
-7523
-9203
-9036
-8219
-7197
-5875
-4625
-4316
-4264
-3302
-2859
-2236
-493
1617
3381
4369
3929
2135
10
-2513
-4854
-6714
-6819
-7152
-8526
-9924
-12844
-14551
-15718
-15348
-14600
-14908
-15287
-16494
-15562
-13855
-12074
-10483
-9401
-8074
-5682
-1311
6761
18516
26548
24194
17023
11693
7965
6027
5169
9237
12465
11651
7685
2155
-147
-5648
-10504
-12032
-10565
-9305
-9444
-6582
-2561
2085
3555
1543
-1412
-1497
1380
6647
14222
20248
21995
19700
15791
11087
8341
6938
5957
5697
5480
2895
-2205
-6791
-8969
-9463
-10220
-9419
-8467
-6659
-5212
-3635
-1068
713
3359
3699
5448
8278
11127
14041
14566
14738
12047
9562
6935
5020
5290
5102
4804
3073
1089
-2036
-5859
-8000
-8940
-9040
-7632
-6420
-4997
-4156
-3523
-3415
-3969
-2748
-2576
-781
1463
3996
5281
4764
3555
287
-1865
-4446
-5305
-6218
-7023
-7786
-9391
-10717
-13097
-14497
-15615
-15256
-14920
-14773
-14531
-14593
-14181
-14290
-13656
-12167
-10804
-8660
-5253
-1006
6918
17900
25928
23062
15166
10074
6659
6329
5846
9302
12405
11376
7771
2169
297
-5300
-10672
-11977
-10123
-7964
-8201
-5884
-3092
981
2875
1331
-1033
-823
2102
7092
14494
20096
21602
19365
15866
11204
8646
7278
6243
5609
5154
3008
-2348
-6558
-9307
-10431
-11206
-9927
-8419
-7019
-4893
-3571
-1186
745
2994
4099
6185
9153
11263
14012
15106
14763
11989
9101
6247
4275
4791
5225
5040
3432
1471
-2098
-5610
-8085
-9417
-8940
-7459
-5880
-4882
-3497
-3217
-3256
-3833
-3469
-3147
-1686
1018
2861
4679
4002
2435
-298
-1924
-3442
-4982
-6046
-7103
-6981
-8715
-10365
-12621
-13614
-13972
-14466
-14449
-14880
-14106
-14167
-13824
-13524
-12542
-11757
-11451
-9755
-6770
-1644
4715
14118
23079
24563
18116
11702
8188
7440
7299
8137
11592
10982
8420
3485
189
-2963
-8635
-11380
-11601
-9429
-8911
-7467
-4509
-576
2000
1607
-419
-1229
1699
6354
13052
18587
21776
20534
17605
13554
9695
8110
6375
5687
4280
2768
-1179
-5992
-8889
-10612
-11595
-11287
-9165
-7552
-5648
-3866
-2045
23
2496
4090
5881
8907
11480
13882
15094
15103
12269
9443
7028
5030
4871
4669
4585
2772
1233
-1793
-5464
-7674
-9406
-9640
-8571
-6259
-5007
-3661
-3139
-3301
-3109
-2726
-2298
-1389
1059
2834
3864
3688
2697
1178
-144
-1996
-3930
-5531
-7418
-7984
-8768
-9130
-10608
-12592
-13843
-14764
-14627
-14962
-15157
-15340
-14340
-13575
-12873
-11650
-11579
-10870
-8535
-3674
2086
9646
19590
25277
21826
14695
9566
7678
6993
6471
9673
11723
10235
5667
1210
-1057
-6120
-10863
-12398
-11003
-9006
-7437
-4869
-1314
2243
2748
485
-1210
329
4444
10155
16951
21728
22223
19492
14996
10697
8422
7046
5912
4861
3676
508
-4954
-9340
-11365
-11862
-11879
-10561
-8494
-6136
-3927
-2135
364
2267
3997
5193
7420
10982
13646
15701
15815
14000
10571
7319
5076
4048
4852
5520
4670
2367
-652
-4555
-7693
-9161
-9356
-8489
-6534
-4925
-4127
-3349
-3190
-2974
-3020
-2169
-1192
330
2539
3515
3775
2998
1167
-1500
-3697
-5528
-6893
-7184
-6670
-7290
-8715
-10334
-13321
-15165
-15616
-15005
-14155
-13981
-13278
-12799
-12202
-11404
-11122
-11216
-12437
-12793
-9914
-3457
4447
14794
25474
26161
18597
10931
6614
5472
5190
8088
12049
12806
10417
4582
869
-2552
-8162
-11557
-11543
-9151
-8046
-5199
-1290
2118
3730
1520
-2000
-3143
463
6140
13374
20372
23249
21076
16808
11524
7893
6934
6323
5817
5297
3508
-1619
-7445
-10882
-12383
-13724
-12842
-10173
-6991
-3881
-1655
-154
1192
2488
2765
4773
8223
12490
15672
17253
16685
13144
9409
5741
3441
3492
4515
4807
3591
1419
-1494
-5337
-8071
-9860
-9871
-7965
-5935
-3715
-2129
-1354
-1950
-2573
-2720
-2399
-1123
985
3110
4212
4137
2728
273
-2409
-4969
-7239
-7936
-8164
-7644
-7098
-8235
-9707
-12248
-14656
-15661
-16077
-15199
-14025
-12068
-11021
-10825
-9528
-10326
-11484
-12389
-11960
-9625
-5115
2133
12228
24443
27028
19439
11738
7559
5959
4665
7034
11699
12243
10422
5652
1796
-824
-7019
-11196
-11419
-8066
-7273
-5952
-1775
1360
4031
2875
-117
-2055
795
5957
11963
19295
22983
21240
16544
12097
8228
5915
5425
4403
3477
1947
-2808
-8200
-12311
-13556
-14420
-14617
-12758
-8849
-3396
-243
2315
2827
3477
4880
5210
8883
13289
16749
17898
16425
14626
9880
6030
3341
2470
3945
3710
2504
-545
-2320
-4856
-7711
-8651
-8990
-8140
-6396
-3124
-1090
81
568
-834
-1885
-1220
-69
1630
3448
4477
3905
1957
-1066
-4832
-7392
-8145
-7697
-6968
-5644
-6163
-7837
-10505
-13170
-15434
-16364
-13902
-12105
-9548
-8598
-9138
-10051
-12427
-12493
-12577
-12207
-11406
-10476
-6422
-2015
3464
11012
19933
22596
15709
10300
7230
7413
7699
8446
11466
10536
8365
3417
493
-415
-4454
-7338
-8297
-7056
-6745
-6308
-3215
-264
2914
3649
1605
540
2000
6326
11317
16855
19337
18177
15466
11070
7923
5986
5163
2948
542
-946
-4818
-8791
-12187
-13701
-13629
-12951
-11360
-8393
-2493
1100
2414
3110
4162
6389
8108
11318
14040
16628
17143
14872
12778
10409
7586
4888
3517
3250
2677
641
-1589
-3885
-4900
-5994
-7258
-6964
-5329
-3731
-2381
-250
580
1365
733
-219
-632
190
1666
2303
3327
2636
639
-2465
-4434
-6495
-7892
-8289
-8461
-6517
-6953
-9117
-12382
-14655
-14284
-13733
-11085
-9665
-8882
-8109
-9247
-10185
-12521
-13907
-14282
-12470
-9462
-8906
-7902
-6528
-3416
3494
14426
23005
20054
13097
9146
7665
8449
6825
8868
10855
10047
7876
3871
4034
-500
-5251
-7165
-6977
-6115
-7367
-5272
-2082
2915
5262
2937
-99
-740
1445
5511
11779
17425
18860
16946
12936
8414
5838
4031
2322
556
556
-1458
-5920
-10032
-12844
-13574
-13082
-11470
-9598
-5536
-1051
1397
3684
5659
6972
8250
9306
11826
13944
16104
15977
14142
12991
10184
7430
3847
2369
995
-137
-1308
-3093
-3649
-4265
-4456
-5264
-5004
-4895
-4323
-2906
-595
972
1713
1621
543
691
658
1315
1407
1607
917
-1297
-3467
-5576
-7022
-7903
-7800
-7787
-8079
-8988
-10565
-12039
-12792
-12181
-11394
-11127
-11466
-11850
-11860
-10952
-10508
-11255
-10316
-10531
-10066
-9065
-8225
-6454
-4677
-673
4966
15122
21782
19548
13315
9616
8291
6283
6061
7719
10299
10072
8892
6181
4201
-390
-6585
-8881
-7605
-5129
-5258
-2629
39
3243
4413
2236
-130
-356
2766
6721
12326
16743
17516
14330
10720
6105
2904
1402
60
-427
-756
-2064
-6525
-10222
-12224
-12703
-11916
-9996
-7140
-3241
1641
4425
5451
6936
7152
7969
9499
11534
14625
15556
15820
13838
11526
8986
5124
2074
560
327
-355
-465
-1091
-2063
-3317
-5002
-6099
-6039
-5229
-3738
-1461
1180
2366
1985
1149
-336
-869
-810
228
1275
1761
603
-2017
-4001
-5757
-6779
-7963
-8616
-9273
-9343
-8452
-9322
-10275
-11554
-12737
-12992
-13054
-11336
-10302
-9264
-9055
-10533
-10758
-11075
-10462
-9147
-6848
-5084
-4931
-4009
-2764
-260
4939
13221
19854
18779
13695
9010
6269
6238
6056
8439
10166
8743
6170
3154
2642
20
-3253
-5143
-5225
-4467
-4198
-2596
-171
3134
4660
4077
2316
1818
2866
5821
9956
13067
13463
10517
7138
3711
2098
1251
203
-844
-2034
-4011
-7050
-8900
-8981
-8085
-7129
-5996
-4738
-1938
1498
4724
7417
9032
9969
10107
10596
11280
12666
13626
12822
11441
9408
6835
3528
1262
478
15
-423
-1957
-2780
-3130
-3017
-3353
-3632
-3148
-3180
-2406
-902
1245
2251
2662
1460
-53
-743
-1278
-1558
-1801
-925
-945
-1524
-3761
-6453
-8653
-9241
-9764
-10571
-10164
-10166
-9820
-9813
-8884
-9382
-10079
-11479
-12531
-11717
-10910
-9017
-8126
-6701
-6997
-7723
-7912
-8306
-7208
-6732
-6040
-5156
-2566
1357
6874
14630
19377
17634
12266
8490
6017
5675
6852
9211
11147
10234
7713
3648
1598
-1323
-3815
-4112
-3071
-2039
-2481
-1168
119
2677
3941
3256
1635
1123
1637
3017
6621
9097
9920
7866
5946
2866
1059
574
-262
132
-210
-1035
-4198
-6248
-7428
-7353
-5691
-4110
-1557
1023
4183
5481
6211
7911
8903
9759
10220
10454
10876
11131
10102
8597
6784
4544
1758
-269
-528
-807
-483
-1019
-990
-1450
-1943
-2257
-2960
-1631
-1100
627
1687
2582
2310
886
-371
-2427
-2400
-2708
-2054
-1823
-1442
-2066
-4070
-6340
-9277
-10191
-10567
-9903
-9576
-8990
-8718
-8644
-8471
-9660
-10750
-10975
-10321
-8949
-6334
-4591
-3376
-3853
-5569
-6424
-6950
-6890
-7759
-7630
-6425
-5657
-5816
-5547
-3376
-593
5409
11456
15237
14791
10996
9295
7921
8289
7490
7167
7278
6484
6691
6292
5930
2806
-90
-2519
-3654
-3655
-2816
-614
1697
3727
3079
1064
-2254
-3587
-2963
349
4811
7386
8545
7558
6065
4029
3215
2946
2489
2236
1437
275
-1373
-2874
-4075
-4506
-4523
-4148
-2769
-820
3097
6544
8447
8751
8381
7682
6531
6614
6200
8109
8449
8266
7172
4661
2537
-577
-745
-878
430
792
865
899
555
788
50
-463
-1064
-907
-967
688
1282
1329
198
-1350
-2782
-4780
-5531
-7065
-6475
-6200
-6159
-6813
-8091
-8647
-9972
-9964
-10212
-9762
-8786
-8461
-7322
-5995
-4300
-3651
-3037
-2711
-2848
-3129
-4531
-5118
-5412
-4998
-5615
-6387
-7303
-7855
-8521
-9258
-9355
-9656
-8007
-6312
-1742
4623
12601
16596
15334
12088
8402
7088
5745
7670
9544
12004
12018
10399
8716
5343
2000
-2115
-3652
-4352
-3827
-3605
-3066
-1971
-1005
-1118
-2953
-4605
-4888
-2709
640
5129
8700
10942
10746
8926
6944
5195
4551
4028
4125
4282
3144
1013
-2179
-4885
-6559
-6730
-4818
-2589
-115
2049
4427
4810
3626
2954
3149
4079
5642
7393
9037
10032
8734
6867
4532
3409
1896
1459
2344
3156
3805
3201
2349
621
-397
-1555
-2247
-2304
-1481
-1064
-567
-745
-2028
-3641
-5648
-6730
-7727
-6723
-6040
-5424
-5325
-5714
-6655
-7767
-8113
-8037
-6660
-4789
-2649
-1503
-541
-1292
-1823
-2731
-3645
-4236
-4152
-2670
-2341
-2071
-3676
-6062
-9031
-11350
-12923
-13000
-11347
-9551
-7810
-6750
-6450
-7435
-7132
-5771
-2093
3977
11377
16750
17767
16997
14652
12135
9379
7395
7391
7941
8350
7641
6589
4593
310
-4084
-7417
-9054
-9354
-8136
-5534
-2119
638
1561
738
-435
-640
-103
2608
6193
10223
12490
12944
11447
8864
6513
4050
2933
2262
2451
1324
-441
-3052
-5249
-7750
-9289
-8481
-7191
-4671
-1988
2114
4796
6407
6130
6119
6867
7572
8852
9689
10994
10458
9285
7298
5801
3384
1560
854
923
1884
1761
1295
-489
-1539
-3341
-4674
-5679
-6336
-5999
-5336
-4092
-4104
-4465
-5251
-5737
-5808
-4865
-3765
-2849
-1827
-1322
-852
-903
-1261
-2084
-2267
-2020
-1678
-1207
-1281
-1136
-1665
-2806
-4420
-6530
-8298
-9004
-8695
-7993
-6563
-7215
-9322
-11215
-11876
-11358
-10826
-9746
-8507
-5822
-4187
-2947
-2054
-1605
-282
2825
8904
14371
16869
15636
13274
10337
8175
6001
4092
3517
3345
3818
3397
3183
1128
-1563
-3999
-5371
-5350
-4747
-3157
-945
2248
4210
4475
2694
938
-59
1095
4502
8026
10834
11497
10253
7627
5161
2731
791
-171
-411
-671
-1392
-2894
-4930
-7275
-8790
-8493
-6553
-3442
-558
2263
4570
7753
9542
8888
7626
6923
7732
9214
10305
10371
10005
8143
5516
2673
880
-940
-2280
-2267
-1184
8
-1249
-3141
-5816
-6950
-7171
-7193
-6331
-4837
-2768
-1663
-204
475
413
-37
-495
-471
115
1223
1944
2398
2091
1058
-977
-3036
-4835
-6185
-6542
-6407
-5336
-4659
-4088
-4690
-6064
-7335
-8824
-8657
-7791
-6056
-5612
-4983
-4706
-5501
-5806
-6773
-6774
-6701
-5504
-4822
-4033
-3071
-2499
-2515
-3142
-3209
-2402
1526
6016
9319
9670
9891
8449
6197
4956
3961
5132
5566
6698
6991
7216
6071
2940
187
-1413
-1976
-2309
-1536
-516
1279
2127
1962
95
-1481
-2359
-2510
-470
2416
5319
6683
7256
6439
5092
3375
2003
1342
1675
2178
1547
796
-585
-2007
-3880
-4616
-4044
-2287
142
2196
4208
5364
5762
4844
3660
3202
3771
5028
6701
7455
7006
5704
3225
1596
-109
-1153
-2037
-2647
-2022
-1456
-847
-1336
-1865
-2855
-3474
-3657
-3463
-2230
-750
968
2317
3268
3040
2466
982
-32
-806
-743
-245
-443
-650
-1942
-2522
-4112
-4841
-5884
-6401
-6149
-6215
-4842
-4214
-3272
-3540
-4133
-5604
-5876
-5525
-5143
-4248
-4115
-3644
-4463
-4693
-6470
-7384
-8002
-7811
-7420
-7712
-6577
-6403
-4583
-4100
-3282
-2477
619
5712
9654
12713
12796
12022
9088
7428
6167
6403
6425
5940
6398
5963
5542
2316
120
-2620
-4130
-5082
-5827
-4793
-3902
-1617
-611
324
101
-343
-447
906
3985
6918
9261
9626
8845
6684
5046
3342
2697
2359
2084
1435
-731
-2404
-5130
-6762
-7698
-7436
-5810
-3538
-969
245
1298
2193
3865
4892
4925
4844
5587
6861
8220
8497
7735
6821
4127
2406
573
-319
-965
-1875
-1599
-1362
-726
-1777
-2625
-3208
-2919
-2099
-1395
-404
596
1607
2110
2492
1952
1560
700
456
359
830
853
275
-7
-1103
-1709
-3350
-4195
-4991
-5072
-4783
-4764
-4607
-5151
-4482
-3993
-4066
-4790
-5528
-6078
-5421
-4850
-4409
-4232
-5296
-5728
-5976
-5478
-6053
-6564
-7157
-6837
-5472
-4889
-3576
-3606
-2736
-982
2480
6834
8589
8959
8392
7655
6408
5659
5125
5045
4687
4774
5042
4536
3622
952
-429
-1660
-1968
-2035
-2127
-992
-333
804
1175
891
318
388
811
2547
4533
5884
6420
5703
4925
3424
2908
1689
882
528
-161
-866
-2440
-3569
-4907
-5697
-5710
-4972
-3616
-1692
223
2129
3290
4192
4682
4121
4593
4786
5937
6742
6929
6859
5521
4502
2545
1199
137
-876
-1496
-2179
-2169
-2359
-2553
-2580
-2844
-2968
-2760
-2619
-1477
-157
1194
2294
2780
3174
2899
3182
3669
4794
5096
4291
3212
1305
129
-1469
-2917
-3598
-4031
-3768
-3520
-3679
-4191
-5252
-6424
-6822
-6491
-5395
-4584
-3606
-2908
-2381
-2379
-3668
-4259
-5243
-5246
-5318
-5291
-4859
-5663
-6810
-7614
-6493
-5980
-6289
-7229
-7127
-5414
-3781
-1755
1501
4237
4821
4694
4611
6473
6858
6981
7536
8023
8353
6776
5912
4931
4291
2784
1407
848
120
-628
-1431
-1082
-519
-34
-339
-845
-1080
-540
652
1961
3449
3821
4085
3767
3344
3540
3276
3186
2440
1924
1352
368
-533
-1450
-2311
-2958
-3386
-3947
-3371
-2690
-1235
177
1320
1538
2281
3982
4855
5737
4463
4184
3230
2984
3114
2493
2669
1274
817
-62
-49
-467
-1026
-749
-427
178
331
251
81
976
1513
2661
2789
2893
2699
2464
2648
2624
3347
2805
2752
1562
1204
1087
322
125
-699
-1248
-2513
-3795
-4876
-5013
-5292
-5098
-4847
-5058
-4925
-5290
-5150
-5122
-4897
-5546
-6214
-6338
-6119
-5379
-5250
-4947
-5863
-6455
-6780
-7138
-6677
-6957
-7248
-7108
-6254
-5093
-3755
-2386
-51
1847
4071
5523
5288
5311
4527
5092
4921
5636
5699
5135
5121
4237
4535
3584
3091
1785
948
1003
907
1224
1334
1402
933
514
-115
-33
-117
528
1218
1999
2712
2843
2882
2599
2643
2527
2609
1860
1304
421
-275
-737
-1676
-1995
-2994
-3451
-3683
-4053
-3828
-3391
-2158
-609
1362
2279
2616
3029
3049
5244
5887
5416
4849
3429
3629
3584
3564
3790
3376
2844
2764
2711
3284
3297
2926
2738
2880
2620
1729
1501
941
1971
2369
2647
2356
1527
1447
1113
1646
1540
1679
989
150
-799
-1657
-2262
-3324
-3916
-4457
-4626
-5232
-5590
-5849
-5894
-5574
-5415
-5244
-4898
-4687
-4508
-3694
-3127
-3006
-3893
-5049
-5473
-5728
-5111
-4939
-4899
-4866
-5402
-5169
-5335
-5752
-6258
-6314
-5388
-3345
-2006
-1064
-201
274
1065
1195
2372
3572
5136
5477
6262
6567
5604
5296
3586
3810
3629
3238
2754
1967
2040
1692
1188
538
-43
-426
-604
-754
74
569
1381
1385
1449
1324
608
630
366
1298
1595
1848
1239
528
250
-507
-380
-728
-764
-1268
-1834
-2117
-2654
-2844
-3243
-2975
-2086
-1263
-251
1101
2871
5290
7949
8981
7862
6962
6101
5803
6472
6237
6714
5878
4710
3978
2611
2652
1768
1491
1733
2327
2653
2300
2338
1788
2259
1846
1009
379
-223
-334
-136
125
105
-277
-1368
-2241
-3054
-2828
-2818
-3101
-3332
-4033
-4819
-5800
-6189
-6239
-5757
-5398
-5392
-5535
-5239
-5128
-4872
-4351
-4561
-4263
-4321
-4283
-4320
-4152
-3889
-4215
-3995
-4157
-3958
-4019
-3858
-3156
-2135
-544
-203
-145
-243
-249
-185
-206
156
780
1584
2177
2362
2151
1749
1296
1720
2570
2838
2659
2819
2596
2515
2184
1399
1102
550
627
619
1063
1057
329
151
6
100
-343
-310
-72
236
1128
996
848
401
-340
-428
-430
335
484
713
972
602
614
167
-12
-39
113
594
956
1568
1607
1373
2102
3169
4380
5123
5943
6568
7094
7435
6016
5484
4419
3356
3130
2428
2860
2372
2008
2188
2125
2436
1987
1441
1165
1530
1972
2187
2687
2415
2154
1686
599
-87
-990
-1451
-1547
-1685
-1459
-2040
-2626
-3390
-4496
-5002
-5567
-5621
-5556
-5554
-5437
-5507
-5431
-5509
-5686
-5485
-5055
-4221
-3285
-2553
-1838
-1866
-2294
-3136
-3483
-3328
-3422
-3043
-2883
-2518
-2678
-3229
-3618
-4152
-3617
-3113
-2491
-1284
-740
-339
90
442
667
282
354
547
757
1142
1211
1936
2752
3288
2638
2073
1506
592
747
607
865
603
244
140
83
408
-36
-624
-823
-374
189
960
1603
1862
2112
2200
2004
1878
1721
1601
1788
2079
2294
1951
1462
856
749
914
1018
1182
1056
769
132
-188
-95
-66
228
629
1476
3018
4509
5688
6809
7895
7351
6194
4933
4062
4215
3801
4016
3761
3068
2164
858
515
383
461
437
691
1236
1151
1029
687
372
412
-82
-56
-112
-153
-138
-742
-799
-1415
-1816
-2400
-2825
-2581
-2709
-2418
-2895
-3497
-4271
-5243
-5498
-5705
-5230
-4843
-4598
-4063
-4276
-4394
-4275
-4208
-3718
-3164
-2690
-2213
-1928
-1870
-2064
-2600
-3553
-4005
-4000
-3823
-2944
-2633
-2134
-2598
-3066
-2551
-2532
-2253
-2488
-1501
-186
1372
2150
1990
2026
1044
451
158
1163
2161
2418
2631
2734
2493
1653
397
-353
-149
402
1283
1665
2221
1906
1272
834
632
995
886
1106
1613
2292
2701
2552
1887
1318
876
435
870
1253
1932
2439
2068
1982
1201
620
7
-69
436
803
1724
2114
2961
2782
2741
2587
2022
2544
2833
3868
4797
5046
4922
3862
2602
1844
809
984
900
831
1075
596
1016
430
295
-153
-243
364
657
1784
1981
2298
1941
1215
803
14
-241
-391
-212
94
13
-522
-1426
-2513
-3317
-3804
-3782
-3355
-3344
-3121
-3511
-3528
-3640
-4387
-4314
-4734
-4308
-3788
-3190
-2380
-2399
-2642
-3236
-3507
-3462
-3530
-3787
-3446
-3062
-3042
-4065
-4605
-5112
-5512
-4630
-3861
-2083
-1355
-284
295
330
923
256
490
629
1771
2820
3130
3391
2293
1456
767
224
-294
-388
-154
383
906
942
959
447
346
46
476
1358
2011
2798
2920
3249
3110
2810
2193
2021
2341
2921
3455
3621
3603
2505
1328
103
-195
-372
-249
-236
-275
56
-462
-365
-591
-488
-242
89
698
1019
1433
1648
2565
3616
4298
4498
4553
4040
3383
2912
2268
2274
1505
1255
1007
404
622
179
241
314
267
15
-124
20
505
1388
1662
2225
2048
1680
1072
680
776
1145
1317
937
697
-362
-853
-1615
-1915
-2105
-2543
-2841
-3508
-3790
-4433
-4610
-4940
-4739
-4818
-4530
-4174
-4199
-3685
-4155
-3658
-3957
-3811
-3115
-3053
-2199
-2483
-2370
-2310
-2382
-2279
-3014
-3126
-3180
-2939
-1854
-1302
-847
-975
-1488
-1063
-940
-381
-354
-177
303
103
941
418
853
740
350
1365
976
1831
1309
996
1368
1548
2350
2244
2484
2422
2687
2740
2720
2635
2211
1708
1544
1809
2233
2486
1998
1788
1282
990
501
255
406
294
399
349
456
297
311
561
983
1363
1433
1698
2042
2530
2725
2989
2637
2150
1942
1407
1942
1797
2203
2558
1979
1857
1167
1218
1022
745
332
235
197
314
967
1049
1329
867
475
408
551
787
1236
1451
1770
2140
1779
1433
406
-153
-531
-858
-1067
-1393
-1711
-2161
-2512
-2974
-3201
-3591
-3906
-4128
-4056
-3767
-3343
-3002
-3107
-2988
-3063
-2938
-2791
-2713
-2428
-2563
-2467
-2505
-2490
-2566
-2721
-2735
-2900
-2591
-2794
-2543
-2584
-2836
-2452
-2311
-1573
-1517
-1831
-1979
-2126
-1812
-1091
-116
573
672
510
250
574
1038
1407
1758
1127
1427
1442
1704
2201
1865
2036
1430
1253
885
745
1083
1094
1877
2370
2392
1801
902
784
886
1261
1822
1885
1844
1741
1663
1584
1473
1162
887
858
1149
1356
1248
1110
885
951
992
1282
1546
2550
3514
3189
2683
1576
897
663
749
1811
2254
2596
2707
2032
1778
1013
410
-113
-148
454
615
1416
1565
1658
1487
756
389
-197
68
705
1385
2030
1956
1455
633
141
-131
-252
-115
-271
-173
-322
-737
-1300
-2010
-2403
-2964
-3207
-3214
-3064
-3140
-3340
-3337
-3492
-3342
-3477
-3516
-3005
-2506
-1781
-1710
-1995
-2261
-3094
-3149
-2770
-2347
-2353
-2774
-2752
-2637
-2219
-2413
-2532
-2765
-2996
-2663
-2576
-1887
-1473
-1186
-691
-330
-6
-3
-43
23
198
633
1196
1525
1798
1522
1144
787
373
343
206
312
374
353
735
1052
1122
1012
714
544
743
1219
1818
2194
2295
2363
2266
2077
2106
1851
1678
1752
1694
2069
2083
1840
1502
857
627
384
472
611
750
872
644
603
350
329
561
940
1374
1755
2351
2413
2074
1772
2238
3257
2980
2425
1954
1316
1611
1094
923
907
-10
-34
-364
-1
428
147
196
335
821
1115
1384
1164
1249
1353
830
634
61
-192
-159
-568
-507
-607
-797
-511
-682
-520
-683
-1207
-1327
-1568
-1465
-1729
-1981
-2222
-2351
-2180
-2125
-1949
-2084
-1966
-1749
-1472
-1397
-1818
-2131
-2401
-2341
-2203
-2373
-2875
-3397
-3895
-4140
-4269
-4122
-3713
-3720
-3228
-2631
-1886
-1546
-1794
-1810
-1560
-779
-208
134
45
35
-297
-318
-243
-436
-348
-607
-271
-79
442
453
502
759
581
857
679
1241
1630
1899
2364
2305
2248
2418
2539
2872
3219
2961
2835
2432
2336
2058
1815
1889
1727
1552
1145
1116
648
154
-156
-344
115
305
528
1034
1591
2155
2256
1885
1912
1785
1638
1820
1851
2158
1503
1086
922
826
879
204
-28
-462
-353
-233
86
406
476
361
188
518
346
510
364
599
891
1271
1563
1614
1517
1124
968
360
381
2
-134
-324
-672
-586
-620
-633
-1038
-1353
-1670
-1501
-1334
-974
-734
-1023
-1072
-1332
-1368
-1355
-1779
-1978
-1904
-1791
-1577
-1696
-2373
-2576
-2999
-2946
-2537
-2704
-2294
-2487
-2369
-2361
-2735
-3029
-2990
-2697
-2153
-1321
-1250
-938
-1019
-846
-866
-977
-1181
-1386
-1236
-597
159
-111
-253
-925
-849
-481
-114
4
96
627
856
1360
1599
2021
1779
1652
1733
1926
2367
2156
2003
1669
1584
1574
1261
1161
1001
1045
1288
1227
941
893
800
751
905
825
1103
992
886
880
1046
1606
1764
1821
1813
1767
1513
1427
1149
1005
913
1066
1049
1030
987
485
373
-172
-92
-310
-255
14
-59
567
795
1073
1066
1007
1046
1078
1336
1500
1634
1832
1720
1363
998
609
286
16
-33
29
-41
-93
-360
-550
-358
-409
-458
-807
-950
-1201
-1215
-1222
-1614
-1741
-2229
-2200
-2176
-1677
-1324
-1527
-1579
-1666
-1765
-1931
-2239
-2648
-2587
-2637
-2418
-2449
-2684
-3231
-3675
-3169
-2410
-1946
-1863
-1704
-1723
-1366
-1057
-767
-617
-978
-1165
-1026
-70
444
52
-219
-392
-180
-243
179
852
1319
1784
1671
1924
1795
1354
489
532
1318
1818
1947
1567
1719
1778
1825
1407
1130
787
843
697
1029
1698
1372
1262
637
641
567
520
478
634
932
893
480
-236
-211
-369
173
482
497
422
436
582
277
206
78
122
-62
339
577
615
855
442
607
486
196
-143
-642
24
855
1919
2820
3073
2662
2232
1826
1132
942
406
658
505
558
949
750
882
242
-121
-482
-636
-675
-438
42
579
708
397
-70
-1031
-1610
-2148
-1874
-1495
-734
-407
-307
-285
-726
-770
-1356
-1286
-1534
-1807
-1936
-2138
-1928
-1832
-1770
-1833
-1821
-1992
-2234
-2305
-1858
-1467
-1501
-1657
-1915
-1796
-1383
-693
-118
-473
-1073
-1867
-1947
-1457
-802
-285
-122
282
342
793
357
-521
-1484
-1790
-880
253
1194
1275
854
60
-252
-645
-607
-795
-672
-19
1120
2286
2628
2731
1604
904
322
570
1098
1601
2213
2216
2589
2431
2130
1276
719
502
330
1144
1818
2301
2084
1440
815
200
605
663
786
893
928
1290
1350
1730
1449
987
617
325
351
670
813
743
439
354
108
-371
-379
-801
-376
-112
470
772
597
408
-406
-647
-878
-540
-442
-134
164
251
340
-118
-438
-583
-424
-213
3
201
402
313
205
-232
-989
-1454
-1859
-1605
-989
-671
-320
-561
-676
-1050
-1705
-1573
-1431
-1010
-805
-523
-774
-1176
-1658
-2123
-1852
-1947
-1724
-1838
-1662
-1106
-1269
-1453
-1655
-2147
-2095
-1805
-1047
-356
-491
-463
-1096
-1088
-1140
-1694
-1918
-1860
-1049
-474
221
593
767
467
67
257
140
670
455
390
1112
1181
1667
1227
1078
992
609
800
791
1302
1587
1912
1775
1517
1496
1695
2289
2537
2449
2104
1533
1287
1576
1624
1875
1253
945
752
696
1066
468
502
337
496
606
823
1206
1021
835
98
-170
-186
-36
55
-60
337
678
797
1037
907
396
-71
-605
-571
-162
167
342
-49
-116
-452
-941
-1082
-1310
-1127
-900
-125
256
661
588
141
58
-402
-207
-759
-780
-630
-717
-218
-195
-201
-377
-773
-985
-884
-672
-34
130
354
216
-119
-259
-743
-1200
-1831
-1523
-1459
-949
-1010
-1260
-797
-1248
-944
-1415
-1287
-968
-1431
-1036
-1301
-1232
-1107
-1160
-897
-963
-1202
-1357
-1613
-1414
-1288
-1297
-794
-936
-590
-652
-426
-378
-762
-295
-761
-186
-214
-160
249
239
945
619
813
621
514
1035
1533
2071
1950
1645
1158
994
1330
1483
1279
1509
1409
1606
1644
1963
2339
1915
2036
1286
1377
1542
1430
1402
1107
1335
976
959
927
1015
979
1000
972
548
486
45
-161
140
636
1033
1035
696
216
-357
-713
-769
-1006
-675
-484
-451
99
215
398
58
-218
-254
-472
-385
-568
-502
-371
-80
-307
-528
-657
-785
-508
-489
-203
10
289
522
527
270
76
-408
-494
-314
-323
-32
-348
-224
-400
-421
-270
-473
-572
-1099
-1145
-1157
-1156
-1184
-1085
-901
-1078
-1459
-2066
-2310
-2330
-2242
-2107
-1742
-1283
-1187
-1301
-1247
-1031
-1210
-1392
-1766
-1714
-1319
-1021
-548
-592
-351
-538
-560
-75
95
177
-115
-40
186
503
648
613
367
374
589
835
1303
1236
1245
1308
1618
1814
1734
1723
1805
1986
2217
2558
2784
2687
2208
1566
1235
1259
1080
1255
1135
1162
1013
750
989
952
1003
540
304
432
732
812
777
726
559
445
62
-117
-231
-116
165
421
661
731
333
86
-230
-434
-636
-883
-698
-525
-58
-33
-185
-579
-792
-868
-1022
-920
-957
-763
-679
-438
-203
-46
25
-101
-257
-328
-231
-311
-279
-100
-1
-124
-460
-696
-831
-760
-545
-568
-623
-695
-989
-1470
-1593
-1553
-1697
-1703
-1635
-1598
-1827
-1891
-1850
-1762
-1257
-752
-745
-863
-943
-1093
-799
-279
-138
-899
-1530
-1351
-929
-209
424
409
-33
-382
-734
-884
-610
-78
132
284
926
1177
910
760
643
710
1093
1463
1552
1568
2092
2700
2878
2973
2839
2157
1769
1680
1825
2062
2085
1973
1547
1546
1653
1340
982
885
770
748
881
1144
1101
867
703
346
278
133
71
-207
-52
84
-229
-372
-617
-596
-757
-640
-425
-428
-368
-430
-707
-774
-844
-1072
-1334
-1482
-1267
-1224
-952
-780
-885
-1145
-1430
-1649
-1702
-1224
-792
-421
-110
10
-64
-422
-540
-698
-1007
-921
-945
-687
-307
75
396
114
-285
-1106
-1678
-1575
-1255
-955
-827
-648
-638
-810
-927
-1094
-1235
-1255
-1167
-884
-727
-343
-72
391
1029
848
433
-200
-285
-101
-69
403
662
720
810
996
1381
1496
1241
1020
1125
1768
2167
2003
1541
1284
1087
1017
1396
1484
1530
1306
1238
1353
1190
1139
772
716
1209
1460
1476
1136
729
367
-85
-115
-162
-261
-211
-213
-54
188
302
12
-478
-731
-839
-728
-481
-108
14
-215
-349
-734
-817
-784
-826
-695
-624
-285
-78
-41
9
-281
-581
-613
-556
-454
-553
-615
-651
-550
-421
-550
-820
-982
-902
-884
-656
-458
-349
-401
-636
-849
-1040
-1185
-1109
-898
-332
224
69
-73
-408
-584
-817
-1108
-1091
-1010
-725
-448
-250
-80
52
-251
-296
-233
-195
-199
-65
377
724
901
687
280
-251
-332
-292
80
528
597
586
549
717
703
580
608
750
921
1212
1318
1337
1303
1147
1015
936
858
778
709
953
1375
1395
1249
753
417
310
290
344
306
247
158
89
-1
-10
-119
-123
-24
196
410
370
75
-104
-166
7
270
197
99
-154
-159
-113
-66
1
-275
-621
-777
-700
-456
-225
-188
-239
-315
-297
-231
-135
31
68
-216
-222
-81
4
-43
-379
-557
-696
-570
-332
-165
1
84
-177
-431
-511
-687
-902
-1072
-932
-777
-603
-615
-790
-1109
-1226
-1236
-1197
-716
-414
-204
-106
178
451
316
79
-159
-340
-202
-69
-186
-168
-155
-108
-216
-140
127
18
-123
-31
126
460
664
524
267
190
395
392
393
436
373
240
334
442
448
585
674
714
756
911
792
464
278
367
447
727
969
854
703
526
393
222
210
152
-38
-71
356
633
729
659
266
63
-132
-159
-217
-134
275
401
316
290
9
-297
-532
-582
-438
-385
-205
-240
-230
-69
-90
-253
-348
-276
-256
-278
-116
50
174
159
-97
-360
-530
-433
-618
-803
-759
-576
-186
141
345
251
30
-73
101
326
582
287
-217
-369
-351
-134
-271
-279
-204
-114
69
47
12
21
66
183
361
397
240
-160
-308
-231
-111
-36
-114
-106
-108
-54
-61
-45
-23
-131
-273
-399
-324
-101
73
155
-6
-319
-602
-839
-750
-529
-300
-24
88
165
4
-346
-439
-493
-355
-231
-207
94
261
442
485
342
283
62
-48
108
296
498
476
332
312
264
355
274
184
208
231
370
351
381
351
295
248
127
152
113
-74
-289
-435
-350
-300
-373
-256
-117
42
-35
-357
-370
-438
-471
-450
-355
77
171
195
165
29
-91
-448
-628
-497
-188
21
126
193
347
299
205
176
134
171
68
107
133
289
258
169
189
175
217
64
41
91
132
233
381
501
683
559
396
322
306
458
315
299
267
133
84
-4
9
92
-39
-110
-193
-88
140
86
116
20
14
-13
-66
-79
-107
-101
-63
-34
2
-15
-209
-277
-260
-17
117
196
226
147
48
-165
-380
-583
-671
-704
-585
-400
-143
-74
0
43
-5
-90
-225
-51
136
380
429
297
150
-69
-203
-221
-135
-17
-54
-118
26
132
180
3
-254
-366
-455
-417
-345
-307
-247
-359
-450
-373
-262
-171
-205
-167
-12
110
101
-2
-136
-115
-69
-37
29
108
137
70
107
121
131
-49
-198
-224
-158
12
25
-57
-138
-292
-476
-516
-523
-277
-103
118
333
299
356
231
82
96
145
266
368
415
611
605
501
311
-27
-135
-147
-65
138
362
481
379
137
5
-110
-87
83
341
491
531
437
271
300
185
162
120
158
294
364
503
583
342
37
-226
-473
-331
-267
27
220
96
-82
-507
-694
-734
-745
-568
-326
-164
21
9
-22
-86
-272
-342
-348
-196
56
234
345
387
168
-135
-418
-638
-573
-353
-50
349
516
559
400
79
3
-140
-87
85
91
167
123
-6
-24
-117
-39
75
84
324
343
373
379
222
185
85
63
92
87
118
22
-179
-220
-222
-191
-137
-124
-79
-29
1
-38
-176
-404
-658
-815
-702
-339
-20
141
147
-33
-139
-233
-259
-194
-133
-11
38
117
212
167
4
-177
-269
-120
73
240
313
371
466
431
379
238
132
70
91
203
346
439
418
267
169
176
192
267
234
211
149
104
75
51
101
153
115
31
-9
-73
-80
-160
-228
-232
-181
-171
-234
-315
-362
-461
-616
-644
-638
-531
-445
-402
-298
-179
-115
-124
-196
-128
-43
-10
113
114
172
155
63
46
59
61
31
-34
20
160
176
240
166
120
79
-40
-60
-33
70
151
198
216
251
198
192
201
199
314
300
266
233
211
205
140
62
24
7
-13
-25
-118
-134
-187
-318
-347
-339
-259
-236
-259
-245
-236
-261
-322
-358
-313
-226
-216
-159
-44
34
75
48
2
-42
-96
-84
30
164
299
295
177
103
-25
-83
-48
-7
116
171
209
211
166
186
189
167
170
202
231
323
324
361
385
268
135
-43
-56
1
77
127
125
7
-143
-253
-322
-195
-177
-150
-153
-224
-280
-462
-576
-580
-562
-447
-255
-140
-16
-50
-143
-107
-100
-9
18
15
99
110
146
172
59
-83
-240
-308
-150
57
194
232
151
156
197
174
178
75
10
28
48
149
215
179
117
91
153
279
234
156
70
-10
48
30
50
62
-6
-55
-106
-132
-147
-238
-318
-267
-193
-57
-6
-24
-18
-81
-177
-289
-313
-257
-145
-45
85
168
155
152
113
155
166
107
87
138
253
329
323
281
261
195
163
125
66
27
-60
-41
58
146
190
164
159
184
197
175
149
128
132
170
164
180
104
-45
-158
-241
-213
-151
-93
-47
-36
-104
-171
-299
-386
-361
-357
-250
-201
-181
-164
-219
-237
-244
-232
-134
0
106
223
201
111
19
-88
-75
-31
24
108
126
130
134
68
23
-65
-152
-75
-27
30
56
-1
2
-65
-133
-89
-32
43
58
3
56
92
72
105
119
210
224
109
75
51
60
46
2
37
51
-21
-72
-79
-45
19
-53
-92
-67
-51
16
44
95
138
74
4
23
116
273
323
285
274
194
168
154
145
206
164
104
43
-29
-50
-101
-139
-101
-57
-21
-6
-30
13
47
69
100
95
116
127
126
133
129
89
42
-4
-1
35
32
27
-20
-95
-155
-214
-227
-199
-168
-133
-115
-129
-176
-267
-332
-352
-345
-271
-191
-66
47
90
83
34
23
10
44
114
182
202
168
100
20
-58
-176
-224
-233
-167
-93
-47
36
70
58
-4
-77
-137
-178
-199
-179
-135
-90
-65
-58
-6
23
10
-6
-17
13
45
67
66
45
-2
-41
-40
-19
8
-33
-47
-32
12
68
79
111
123
142
157
160
147
100
36
25
69
96
130
134
187
270
325
358
314
267
205
170
186
209
206
142
67
3
-33
-88
-133
-173
-180
-150
-126
-40
44
145
204
199
179
143
88
12
-57
-100
-94
-113
-97
-76
-71
-67
-122
-119
-104
-81
-80
-150
-186
-205
-232
-269
-319
-378
-420
-436
-397
-304
-249
-207
-199
-142
-31
45
98
78
52
19
-10
-28
-21
-10
31
105
156
204
164
97
31
-5
13
43
65
51
14
-42
-89
-169
-220
-235
-183
-54
84
231
300
294
216
111
60
59
103
159
203
196
134
9
-122
-217
-271
-245
-187
-73
57
121
141
93
-3
-101
-160
-156
-61
77
209
298
317
273
171
94
62
94
170
242
295
305
295
235
155
67
-16
-67
-85
-27
34
113
132
89
20
-92
-167
-191
-126
-18
66
91
87
44
-18
-63
-102
-73
-69
-59
-18
14
30
-35
-113
-178
-221
-235
-241
-235
-222
-238
-307
-361
-423
-469
-505
-504
-425
-346
-273
-248
-242
-206
-155
-87
12
111
175
202
161
119
69
41
59
71
116
155
168
160
122
92
73
56
76
124
165
212
211
190
170
105
41
-12
-13
44
114
205
256
244
196
113
58
64
73
92
84
52
39
23
31
-25
-98
-134
-149
-90
-22
33
89
116
106
97
92
97
90
59
85
145
224
268
236
204
169
146
144
149
159
156
113
59
17
-45
-104
-173
-173
-139
-132
-117
-115
-119
-114
-109
-80
-10
4
-3
-10
19
51
5
-50
-101
-103
-68
-60
-49
-47
-88
-151
-220
-264
-270
-291
-286
-261
-243
-220
-257
-288
-305
-348
-347
-338
-304
-272
-260
-231
-191
-163
-160
-167
-141
-116
-121
-68
-2
61
121
121
101
99
93
80
99
154
189
221
262
272
271
248
162
126
155
184
219
223
219
211
176
110
92
112
117
168
273
357
335
221
65
2
9
-25
-45
-16
7
5
12
-22
-62
-64
-97
-105
-26
71
141
160
115
64
69
76
2
-51
56
173
233
257
216
199
190
157
175
241
265
159
39
10
-84
-201
-222
-211
-142
-113
-215
-217
-129
-121
-146
-119
-13
-7
23
90
-57
-46
74
3
40
3
-203
-215
-240
-364
-61
697
610
-727
-1297
-542
385
737
-326
-1244
-417
234
-392
-675
108
392
-312
-655
-452
156
696
-136
-697
342
622
-307
-593
-62
251
209
97
-221
-66
413
-75
-347
347
458
48
22
100
7
78
182
34
221
500
35
-209
249
487
392
269
145
74
223
229
-44
46
285
51
-204
-129
-1
24
-54
-120
-103
17
29
-141
-78
116
23
-136
-114
-46
-61
-135
-107
-7
45
36
-73
-55
84
13
-106
-76
14
81
71
39
18
-23
-55
-151
-224
-136
-76
-55
1
-33
-118
-181
-235
-198
-108
-53
-54
-53
27
47
22
42
54
74
75
-4
-5
63
88
102
60
9
-21
-95
-167
-128
-27
22
18
-29
-70
-47
-8
-35
-63
-49
-93
-123
-55
-37
-7
51
10
-16
12
-3
-26
7
50
52
19
-21
-108
-141
-105
-106
-85
-56
-66
-80
-63
-7
16
7
11
31
108
173
154
76
24
52
80
104
139
118
108
146
166
166
120
56
-24
-64
-4
-1
4
44
-23
-60
-49
-38
9
-5
-18
-15
-18
13
-18
-12
16
-67
-90
-91
-95
-73
-133
-127
-39
-30
-60
-78
-73
-72
-99
-74
-94
-129
-149
-222
-181
-83
-91
-98
-32
6
9
7
15
4
26
65
34
74
137
147
130
116
90
33
8
17
50
147
219
173
135
114
76
47
-6
-23
7
52
60
3
0
36
33
6
-33
-6
61
57
48
78
81
40
-40
-74
-52
-41
-67
-112
-84
-64
-163
-187
-117
-83
-61
-50
-55
-47
-55
-117
-139
-47
41
25
26
40
33
63
82
68
95
147
113
71
101
127
138
128
46
-14
32
66
53
58
58
48
69
83
64
64
103
114
127
132
83
45
43
36
34
54
31
-23
-66
-58
-39
-43
-99
-164
-149
-115
-108
-108
-114
-140
-153
-157
-166
-180
-202
-202
-167
-119
-73
-45
-27
-15
-21
-7
-8
-12
2
18
65
83
67
48
3
-36
-33
7
55
72
90
110
118
151
142
116
130
122
121
135
151
159
139
110
79
66
70
48
15
20
27
18
-8
-57
-90
-114
-104
-88
-84
-62
-79
-96
-108
-120
-92
-71
-66
-91
-111
-76
-52
-71
-69
-75
-56
-37
-61
-61
-61
-31
2
-9
-7
-22
-39
-20
-16
18
51
52
44
27
58
101
96
101
111
111
121
94
104
127
129
138
114
107
106
100
92
85
75
39
-11
-19
-15
-6
5
-21
-30
-28
-48
-76
-77
-25
17
28
14
-29
-35
-29
-43
-40
-47
-71
-98
-104
-62
-35
-33
-53
-104
-102
-65
-45
-35
-17
21
52
48
31
12
30
65
72
92
99
100
99
95
114
130
129
108
69
51
37
25
46
59
54
38
10
-5
-8
5
11
-6
-19
-26
-18
-11
-25
-49
-61
-73
-77
-74
-67
-49
-32
-5
-2
-21
-53
-82
-75
-56
-43
-57
-75
-73
-62
-57
-46
-51
-46
-25
-1
35
56
71
74
62
51
39
44
49
52
56
54
62
53
46
43
35
29
19
12
21
39
32
15
-3
-11
-25
-42
-47
-40
-16
-6
-11
-28
-46
-65
-76
-63
-47
-41
-48
-59
-61
-42
-34
-53
-59
-59
-51
-43
-36
-27
-37
-46
-54
-62
-44
-21
-10
-1
12
31
41
26
22
31
51
69
73
68
39
29
23
13
21
20
19
24
34
47
42
27
13
-2
9
11
3
1
-7
-11
-15
-17
-33
-48
-53
-46
-34
-19
-19
-32
-32
-48
-60
-75
-79
-68
-66
-64
-68
-60
-49
-40
-37
-45
-49
-38
-22
-1
15
23
24
7
5
10
6
11
28
51
70
64
51
40
40
57
63
61
43
32
36
41
49
42
18
-5
-6
-7
0
2
0
1
-7
-14
-30
-36
-33
-33
-27
-30
-32
-35
-39
-34
-28
-31
-44
-60
-65
-60
-52
-36
-26
-18
-13
-22
-26
-25
-8
14
30
37
30
33
36
36
41
41
42
46
47
61
73
68
69
58
52
54
47
44
43
47
53
39
26
4
0
8
9
23
17
9
5
-6
-2
0
-7
-18
-32
-27
-28
-31
-32
-39
-50
-62
-67
-64
-52
-45
-39
-46
-51
-50
-55
-37
-31
-20
-3
1
5
-1
4
7
11
34
41
38
42
42
53
56
43
30
9
9
20
25
38
34
22
10
-11
-10
-8
4
22
28
45
39
27
9
-7
-9
-11
-17
-12
-6
-2
-1
-18
-25
-39
-56
-59
-53
-41
-22
-6
-3
-18
-36
-50
-58
-43
-27
-3
14
27
35
34
36
35
29
31
44
58
73
73
65
52
36
23
11
8
10
22
34
40
35
21
0
-2
-4
-6
0
4
15
16
17
7
-7
-15
-25
-27
-19
-7
-3
-7
-17
-32
-43
-63
-73
-66
-60
-52
-53
-56
-53
-54
-54
-56
-46
-34
-18
-7
0
12
22
24
18
17
14
22
33
35
36
30
24
14
13
11
13
18
18
20
19
9
2
-1
-3
-2
-8
-8
-5
0
1
0
1
-1
-5
-8
-4
3
9
4
-2
-13
-25
-38
-44
-37
-29
-24
-34
-37
-41
-38
-38
-37
-31
-26
-18
-15
-1
13
19
15
7
4
8
13
22
37
42
48
42
32
29
23
21
32
32
29
27
20
19
11
-1
1
-4
-9
-2
7
14
24
24
5
-5
-15
-16
-3
6
12
5
-9
-9
-7
-5
-11
-10
-9
-8
-6
-8
3
2
-5
-12
-17
-23
-21
-13
-6
8
3
0
-4
-6
-3
3
20
25
23
23
22
22
27
27
24
9
5
3
3
9
6
9
4
-6
-16
-20
-14
-5
-4
-3
-8
-10
-17
-29
-24
-24
-13
-11
-9
-12
-18
-14
-15
-15
-11
-14
-17
-10
-10
-3
4
-13
-25
-26
-19
-21
-13
-8
-8
0
-9
-13
-10
-12
-9
2
7
9
16
18
15
17
7
8
10
12
21
19
30
29
21
10
-3
1
5
10
10
8
0
-6
-15
-18
-16
-13
-8
-12
-9
-5
0
3
-3
2
0
-11
-7
-2
-3
4
4
-4
-11
-21
-32
-28
-21
-15
-7
-15
-20
-19
-23
-26
-23
-18
-20
-22
-20
-15
-9
-12
-8
-8
-7
-9
-12
-2
5
12
12
7
-1
-9
-9
-7
-7
-6
-5
-6
-14
-21
-22
-21
-16
-13
-8
-8
-4
4
4
-3
-1
-2
-12
-7
-1
9
11
8
7
2
2
-2
0
7
6
8
11
7
4
-5
-2
6
9
7
4
8
13
17
19
16
13
14
13
16
20
23
23
19
18
13
7
13
14
9
9
9
8
12
14
15
12
7
10
9
13
13
14
11
8
10
3
14
15
13
14
15
14
17
18
11
12
7
4
3
1
0
1
5
6
4
5
0
1
-3
-5
-2
-4
-3
-7
-4
-9
-9
-9
-8
0
-6
-3
-4
-4
-2
-2
-1
-8
-10
-12
-14
-9
-5
-5
-4
-7
-8
-3
-11
-12
-2
-6
-3
-5
-5
-4
-3
1
0
0
0
1
4
6
6
11
4
8
6
0
4
6
4
9
14
10
10
9
13
12
13
14
11
12
12
13
13
8
2
6
4
8
6
6
11
9
13
10
14
10
11
12
5
6
8
9
13
19
15
12
10
7
7
8
10
6
5
4
4
4
10
7
3
3
3
8
9
13
14
14
13
14
18
14
11
13
8
10
12
9
10
5
8
8
8
6
5
4
0
0
-2
2
4
12
6
7
8
10
8
3
4
3
5
3
5
7
6
3
4
2
-4
-6
-9
-4
1
2
-5
-6
-3
-8
-7
-7
-3
-8
-13
-8
-10
-6
-7
-11
-10
-9
-17
-14
-12
-10
-7
-13
-15
-21
-22
-22
-18
-16
-10
-12
-10
-5
-20
-18
-14
-16
-17
-14
-12
-12
-13
-17
-17
-21
-17
-17
-19
-14
-7
-8
-12
-11
-13
-14
-13
-12
-10
-3
-5
-8
-10
-11
-11
-14
-3
-6
-1
-1
-6
-3
-6
-1
-4
-5
-3
5
1
2
2
4
-3
-7
0
-9
-1
-4
-4
-4
-5
-7
-5
-8
-7
-9
-11
-3
-6
-2
-6
-7
-6
-10
-6
-5
-6
1
-2
-4
-4
-5
-1
-7
-5
-2
-3
3
6
-2
-6
-10
-8
-3
-2
-6
-9
-5
-6
-9
-8
-10
-9
-4
-9
-4
-8
-5
-4
-5
5
-4
2
2
0
4
8
7
3
-1
1
1
0
1
-4
0
-2
-1
-2
-1
-5
-9
-1
2
2
4
6
8
12
5
8
7
5
13
7
9
12
10
6
3
2
-2
-1
1
0
1
2
-1
2
2
8
10
8
9
12
15
14
13
12
14
17
17
11
14
14
14
17
14
10
7
15
15
16
12
10
7
9
15
9
12
14
17
15
18
22
23
25
26
25
21
24
25
24
27
27
30
24
24
34
35
32
25
27
27
31
33
29
32
27
26
30
28
23
25
22
23
26
29
25
21
23
24
25
31
35
32
34
29
28
22
21
23
18
18
18
22
15
13
12
8
4
2
0
-1
1
4
-1
-3
-2
-5
-5
-1
-4
-4
0
-7
-9
-8
-12
-15
-13
-11
-15
-19
-18
-18
-15
-15
-24
-21
-21
-21
-25
-25
-24
-21
-22
-26
-18
-21
-23
-21
-21
-14
-14
-15
-11
-13
-14
-9
-11
-12
-15
-14
-13
-10
-10
-10
-11
-21
-14
-7
-5
-6
-4
-1
-2
-1
-6
-2
-1
1
3
0
1
-2
2
3
3
7
4
7
6
1
4
1
-1
-2
2
-1
1
5
6
9
8
14
12
5
8
8
5
4
2
8
10
5
5
6
5
6
6
2
2
0
-5
3
1
-3
-4
-9
-6
-7
-11
-16
-13
-5
-10
-10
-9
-10
-6
-1
-2
-4
-1
-3
-4
-6
-5
-1
1
-1
2
1
0
2
3
5
4
2
1
1
4
8
7
4
6
7
2
4
6
5
11
9
7
8
9
9
11
15
11
9
11
10
9
8
10
2
5
3
3
8
8
5
1
3
2
4
-3
-2
-3
-1
2
2
-3
-4
4
-1
-3
-1
0
-3
2
2
0
-1
-4
-3
-1
0
-1
-1
-2
-1
-8
-4
-8
-10
-3
-8
-4
-5
-6
-4
-11
-5
-2
-6
-4
-10
-5
-9
-7
-5
-11
-7
-10
-10
-16
-16
-14
-17
-18
-15
-19
-19
-20
-24
-26
-26
-24
-26
-27
-24
-27
-29
-27
-24
-27
-27
-23
-24
-21
-29
-31
-33
-31
-29
-27
-21
-28
-22
-26
-26
-24
-25
-25
-25
-24
-25
-19
-21
-17
-18
-17
-14
-9
-6
-11
-8
-4
-1
-6
-3
-6
-6
-3
-4
-1
-5
-2
0
-5
-7
-8
-7
-9
-10
-8
-5
-1
-3
-2
-3
-2
-3
-3
0
2
4
1
8
3
1
1
-3
4
1
9
8
2
8
5
4
7
5
6
3
6
8
1
-3
2
2
4
5
7
15
6
7
12
12
7
6
13
4
10
13
11
12
11
8
15
9
8
10
7
17
7
9
9
6
6
4
7
2
7
5
-2
3
2
6
3
0
8
5
7
8
7
6
6
2
-2
2
1
3
2
3
8
9
8
7
7
11
11
14
9
3
10
6
7
9
10
8
8
13
9
12
13
12
14
13
12
10
15
16
19
15
15
15
11
13
6
12
14
14
14
11
17
16
11
10
12
11
11
15
17
16
19
20
18
17
14
11
16
20
18
13
13
13
13
18
16
19
13
13
11
9
9
10
8
5
13
7
10
8
6
2
6
6
0
4
1
5
2
7
3
4
1
-5
-4
-3
-1
-4
-6
-8
-5
-5
-5
-4
-6
-11
-9
-4
-4
-2
2
1
-2
1
3
-1
-4
-1
0
5
3
2
3
2
4
-1
3
0
0
4
8
11
3
7
7
7
8
8
8
7
10
12
10
8
8
12
13
8
10
10
8
10
12
14
14
14
4
7
8
7
10
11
10
7
10
10
9
7
5
2
5
7
7
4
-3
3
3
-2
-3
-4
-3
-1
-1
-3
-6
-5
-6
-4
-8
-10
-7
-6
-5
-10
-11
-12
-6
-9
-9
-7
-11
-10
-11
-10
-13
-8
-13
-14
-12
-14
-13
-13
-8
-12
-9
-11
-9
-8
-10
-7
-7
-6
-5
-1
-4
-1
-8
-3
-2
-4
2
-2
-2
-2
-2
5
6
3
-1
-6
1
-5
-2
-3
-2
4
-2
3
4
1
0
2
1
2
3
0
6
4
0
1
1
-1
0
-4
-1
-1
4
-1
1
3
4
4
-3
2
3
3
2
2
1
4
4
5
6
1
6
12
13
8
14
12
8
8
7
9
7
9
11
9
2
5
8
8
9
5
8
8
6
9
4
2
8
9
9
9
11
13
9
6
7
6
8
10
6
11
6
2
5
3
0
0
3
4
1
-3
-3
-2
-2
-2
-5
-8
-5
-4
-7
-7
-9
-7
-8
-9
-11
-7
-9
-9
-6
-7
-7
-14
-8
-12
-13
-15
-13
-10
-18
-17
-15
-14
-15
-13
-18
-11
-11
-15
-17
-16
-14
-16
-12
-14
-13
-15
-13
-15
-14
-11
-12
-11
-9
-13
-16
-15
-11
-9
-7
-4
-6
-3
-3
-3
-5
-1
-4
0
1
-1
1
0
3
-2
2
-2
3
3
-2
2
1
7
5
7
10
8
7
7
12
5
9
6
8
9
3
13
12
18
19
21
26
21
20
19
15
11
17
15
16
17
9
12
14
16
16
12
21
15
11
9
7
8
9
5
6
6
2
5
5
6
3
0
-2
-1
-2
0
4
-4
0
2
-6
-4
1
-3
-3
-6
-6
-6
-7
-5
-9
-7
-10
-13
-10
-15
-23
-14
-16
-15
-13
-13
-13
-14
-12
-9
-7
-10
-7
-8
-7
-7
-9
-11
-8
-8
-5
-4
3
5
-2
1
0
3
2
3
7
10
7
4
9
7
6
7
12
9
8
9
9
2
5
5
2
4
4
11
6
5
7
8
9
4
7
8
5
8
9
4
7
5
2
1
-1
0
-6
0
-1
-3
0
-6
-1
-4
-7
0
-4
-8
-4
-8
-7
-12
-10
-9
-14
-12
-12
-11
-13
-11
-16
-17
-13
-15
-9
-13
-15
-10
-11
-9
-8
-8
-7
-9
-6
-5
-5
-3
0
-3
1
1
-1
3
6
4
0
6
5
0
3
0
2
4
9
5
6
4
4
2
-1
1
1
4
-3
6
2
-3
3
-1
-6
-5
-4
-2
-3
-6
-2
-4
-3
0
0
-2
-5
-3
0
-1
-1
-5
-11
-7
-9
-6
-2
-10
-9
-2
0
0
-2
-4
-4
-6
-2
-1
1
-1
3
7
4
7
5
5
5
4
6
3
5
6
2
2
9
8
4
7
8
6
8
11
11
7
4
8
10
12
12
14
11
11
13
11
8
8
9
10
8
4
4
4
6
4
0
3
6
7
8
9
7
3
5
0
5
9
6
10
9
11
8
9
9
6
13
11
9
7
12
8
7
4
1
3
1
7
2
2
3
-1
0
-3
-9
-11
-6
-7
-7
-6
-10
-8
-10
-12
-12
-14
-11
-16
-15
-19
-14
-14
-19
-16
-17
-9
-15
-17
-12
-11
-16
-14
-12
-12
-13
-10
-8
-12
-3
-8
-9
-7
-11
-10
-8
-8
-10
-8
-8
-8
-8
-9
-12
-8
-7
-8
-6
-4
-7
-8
-11
-11
-5
-6
-4
-6
-8
-3
-2
1
-1
-2
-1
-2
-6
1
4
0
0
1
7
2
2
-2
-2
4
-4
1
-2
-4
-2
-3
0
1
-1
-4
-3
-2
-3
-3
-4
-5
-5
-8
-6
-3
-5
-5
-6
-6
3
-3
-5
-3
-2
2
-10
-4
-3
-1
0
0
-1
-4
-1
-3
-5
-6
-4
-6
-3
-6
-7
-6
-10
-9
-10
-9
-7
-9
-5
-5
-7
-5
-10
-5
-6
-6
-5
-3
-3
-2
-3
-4
2
-2
5
-2
2
7
0
2
4
9
7
10
8
3
9
10
6
8
9
9
5
9
12
9
9
13
11
12
14
9
16
10
10
7
11
16
10
10
7
11
13
10
12
14
12
13
19
18
17
23
17
20
19
20
19
14
17
17
20
18
18
16
20
15
19
16
14
22
18
22
14
13
13
10
9
7
9
8
5
8
7
8
14
13
11
14
20
13
13
13
16
18
14
12
13
11
8
15
11
11
13
11
18
21
16
17
19
14
18
21
21
18
15
15
12
9
6
5
3
11
8
4
8
4
5
1
1
1
0
6
5
3
0
-2
-4
-3
-2
-1
1
0
-3
-1
1
-3
-2
-5
-4
-2
-4
-4
-2
-5
-4
-5
-7
-10
-14
-10
-11
-8
-6
-11
-8
-12
-14
-12
-13
-9
-8
-9
-10
-7
-8
-8
-9
-14
-9
-13
-9
-6
-14
-8
-15
-17
-14
-16
-8
-5
-7
-13
-9
-11
-11
-6
-7
-6
-7
-9
-14
-14
-15
-14
-12
-10
-8
-10
-8
-7
-7
-4
-5
-4
-6
-5
1
-6
-5
-4
-10
-5
-6
-11
-14
-8
-11
-10
-4
-11
-3
-6
-3
-4
-4
-7
-7
-4
-8
-6
-9
-5
-11
-5
-6
-6
-3
-12
-8
-3
-5
-4
1
0
2
-3
0
1
-1
-3
2
1
-2
0
0
0
-7
0
0
-1
-1
-6
-7
0
-3
-2
1
-4
-2
-4
-3
-1
-7
-10
-1
-2
-2
0
-5
-1
-10
-7
-7
-7
-4
-4
-2
-3
1
-5
-5
-2
-12
-8
-5
-9
-9
-6
-7
-8
-9
-11
-8
-15
-12
-8
-11
-7
-8
-9
-5
-5
0
-5
-4
1
-4
-8
-8
-1
-6
-5
-7
-4
-7
-7
-5
-4
-3
-6
0
-3
-4
-5
-8
-6
-7
-12
-10
-8
-10
-10
-12
-9
-12
-10
-12
-19
-12
-9
-17
-13
-15
-19
-19
-19
-17
-19
-15
-18
-19
-17
-19
-18
-17
-16
-16
-8
-5
-11
-5
-10
-6
-4
-14
-8
-11
-10
-12
-10
-6
-6
-7
-9
-6
-8
-7
-5
-10
-9
-14
-7
-5
-8
-3
-7
-1
0
-5
0
-3
-5
3
1
2
-1
-3
0
-1
2
-4
-3
3
2
0
-1
-1
0
-2
-7
-4
-10
-5
-5
-8
-3
-3
-1
0
-2
0
5
4
11
5
0
5
4
5
6
6
6
4
7
6
2
10
7
5
13
11
10
8
13
12
11
11
8
12
11
13
7
10
10
6
10
7
3
2
5
3
3
4
6
7
6
6
6
2
1
0
1
3
4
6
6
4
2
4
4
0
-1
4
2
5
1
-3
3
-3
5
-2
-2
0
-5
-1
-4
-6
-6
-6
-6
-5
-6
-6
1
-3
-7
-6
-5
-1
-6
-4
-8
-7
-5
-9
-5
-8
-3
-6
-8
-4
-4
-3
-4
-5
-5
-3
-7
-2
-3
-3
1
-4
-1
1
6
4
5
5
6
6
3
5
3
9
11
10
7
8
6
2
8
8
6
7
9
9
5
9
5
10
11
10
13
10
14
7
11
15
9
9
4
4
6
4
1
3
4
2
1
-1
1
3
5
3
3
5
1
3
4
2
4
7
3
6
4
-2
1
0
-1
-7
-3
-2
-4
-1
-2
-7
0
4
4
4
0
2
0
3
-1
-5
2
-1
-3
-1
-5
-6
-3
-4
-6
-3
-3
-1
-3
-3
-6
-11
-6
-13
-11
-9
-16
-9
-11
-11
-8
-9
-9
-7
-7
-10
-9
-9
-8
-8
-5
-5
-7
-5
-5
-8
-1
-3
-10
-4
-10
-12
-4
-6
-11
-8
-8
-4
-3
-6
-6
-5
-5
-7
-10
-11
-6
-1
-6
-4
-4
-4
-1
-8
-5
-8
-5
-3
-8
-5
-10
-13
-11
-5
-8
-6
-11
-12
-10
-5
-4
-5
-4
-8
-6
-9
-10
-5
-5
-8
-5
-3
0
-4
-2
2
-1
3
0
4
5
6
9
7
8
10
7
3
6
7
10
11
13
10
10
10
14
14
13
15
13
11
8
5
7
14
14
12
11
14
15
14
10
7
12
7
7
5
5
7
4
9
3
1
1
1
3
4
9
1
1
1
-4
-2
-5
-3
0
-2
1
1
5
1
-3
0
4
-3
-1
2
-1
3
0
0
3
7
4
2
-1
-3
-3
-3
-3
-5
-3
-7
-6
-3
0
-6
-6
1
-5
-4
-4
-3
-3
0
-2
-6
-1
1
2
-4
-6
1
-4
-5
-4
-2
-4
-2
8
1
-3
0
1
0
-2
-2
-2
0
4
4
3
4
1
3
3
-2
2
3
-1
2
9
9
5
10
5
2
1
0
1
-1
6
3
0
-1
-6
-2
-4
-8
-6
-4
0
-3
-4
-3
-6
-6
1
-4
-8
-4
-9
2
-7
-1
2
-1
-2
-6
-1
-5
0
-7
-6
-6
-1
-1
-5
-4
-5
-5
-1
0
3
6
-4
5
2
5
5
4
3
1
7
3
11
11
6
5
9
10
12
12
13
10
11
14
12
10
6
6
5
5
5
10
8
6
4
9
9
8
15
14
10
9
8
8
7
11
8
4
6
9
11
8
8
8
6
6
11
7
6
7
5
5
2
4
-1
0
1
3
4
0
4
6
2
4
1
1
6
2
0
-4
-1
0
2
-4
3
-1
-3
2
-6
-3
-2
2
0
2
-2
-2
2
0
1
0
4
5
5
7
9
6
3
4
6
7
4
6
9
3
5
7
9
10
10
7
4
3
-2
4
4
7
2
1
0
-4
1
2
2
-1
1
-2
-2
-3
-8
1
-3
-4
1
3
3
4
5
5
7
4
7
3
1
6
0
1
-5
-4
-6
-2
1
-2
-1
-7
-7
-7
-4
-6
-6
-9
-7
-8
-11
-6
-11
-6
-7
-11
-6
-6
-5
-2
-3
-8
-6
-10
-10
-5
-10
-6
-7
-8
-6
-8
-5
-7
-7
-8
-7
-10
-8
-9
-11
-8
-8
-5
-11
-10
-5
-9
-7
-2
-6
-6
-3
-2
5
-9
-6
3
-7
-7
-7
-8
-11
-6
-9
-9
-8
-9
-5
-11
-6
-8
-8
-11
-7
0
-5
1
-7
-4
0
-2
0
-2
-2
-4
-4
1
4
-1
-1
-4
-4
-4
-6
-1
-5
-5
0
-1
-2
-4
1
-2
-6
-1
-2
2
-5
-4
-5
-6
2
-1
-4
-6
-6
-6
0
-4
-4
0
-2
0
3
3
2
4
4
7
7
3
2
0
0
-1
-2
-2
2
1
3
0
1
3
0
1
-2
4
5
3
8
7
8
6
6
9
11
8
3
6
12
4
5
10
4
7
8
9
8
6
3
5
2
8
8
4
6
4
6
2
-3
-4
1
-1
1
1
-1
0
-2
-2
1
5
4
1
7
9
4
6
6
3
-1
0
4
5
5
8
8
5
6
5
8
5
8
5
4
6
2
3
4
8
11
6
5
8
3
6
3
5
11
7
9
8
5
5
2
-1
4
5
6
10
2
5
8
4
8
7
8
12
12
10
13
10
6
11
8
13
11
6
10
6
4
4
7
10
5
7
4
9
7
4
9
5
4
5
5
3
5
0
4
-3
2
7
3
5
0
-2
-5
-4
-8
-3
-7
-6
-7
-5
1
-2
0
-1
3
-1
0
-1
-1
-1
1
2
9
7
6
8
7
10
10
10
8
12
7
8
8
8
10
6
10
7
9
7
4
1
2
7
4
10
6
2
4
6
13
6
4
2
5
5
6
8
2
3
-1
2
3
2
-3
-1
-2
-5
0
-1
-3
-1
-1
-5
-10
-7
-2
-5
-8
-12
-9
-8
-6
-14
-12
-11
-14
-7
-15
-11
-12
-11
-14
-12
-15
-16
-18
-20
-13
-16
-12
-14
-17
-15
-11
-16
-12
-9
-9
-8
-11
-9
-6
-3
-11
-3
-4
-5
-5
-1
1
-2
1
-4
-1
3
2
-3
0
2
5
3
2
5
9
10
13
13
10
14
11
13
12
13
15
13
15
10
16
9
10
15
11
16
9
11
10
10
7
3
5
2
4
7
5
2
7
7
7
4
-1
-2
-6
1
-2
1
2
2
5
-1
-2
-2
-6
-7
-6
-3
-9
-8
-6
-9
-5
-10
-13
-9
-6
-10
-7
-5
-8
-8
-16
-12
-13
-13
-8
-10
-6
-4
-7
-6
-9
-8
-9
-14
-9
-12
-6
-7
-13
-10
-11
-8
-10
-9
-3
-5
-2
-3
-8
-2
-2
0
5
1
0
1
4
3
2
4
3
2
4
4
8
8
6
10
4
7
9
2
2
2
3
3
6
7
7
8
3
6
2
-1
3
0
1
3
1
-2
-2
-3
-3
1
-5
0
1
-1
1
-3
2
-1
0
1
1
3
1
3
-4
3
2
2
-2
-1
0
-8
-4
-10
-5
-4
-5
-6
-6
-1
-3
-2
-8
-6
-2
-2
-2
-2
-1
-2
-6
-2
0
-3
-3
-2
1
4
4
8
3
2
1
0
6
5
3
2
-1
-1
2
5
7
8
8
9
7
5
8
5
5
7
9
10
9
11
6
7
5
11
10
7
12
3
11
8
12
16
10
11
11
14
11
10
13
19
21
19
13
15
20
14
15
15
10
7
11
15
6
9
14
13
11
12
14
13
12
10
13
10
13
14
15
16
14
16
17
17
12
7
6
4
5
4
3
7
3
1
1
-1
4
2
0
1
1
-1
-3
-3
-7
-10
-7
-8
-4
-8
-4
-4
-6
-3
-8
-7
-7
-10
-9
-10
-13
-7
-10
-17
-14
-14
-13
-12
-11
-10
-11
-9
-4
-7
-7
-5
-3
-3
-8
-12
-10
-3
-7
-8
-6
-6
-5
-1
0
1
-2
-3
2
-2
-1
-1
0
-2
-2
-1
2
3
4
7
3
0
4
3
-2
0
-2
-1
-4
-2
0
2
2
4
-1
-1
1
-4
-5
-7
-1
-1
-1
-2
-2
-3
-4
-2
1
2
-4
-3
-4
-1
-4
-3
-3
-5
0
-3
-3
-1
-4
-2
-3
-5
-2
-6
-4
-6
-8
-11
-12
-11
-13
-15
-15
-11
-17
-14
-12
-17
-15
-14
-11
-12
-18
-19
-16
-13
-11
-11
-10
-4
-6
-11
-12
-11
-8
-9
-9
-15
-14
-12
-11
-11
-15
-13
-13
-16
-13
-14
-16
-14
-9
-11
-13
-11
-8
-8
-13
-11
-9
-11
-9
-11
-9
-10
-8
-8
-12
-7
-11
-9
-6
-16
-16
-13
-9
-9
-14
-13
-11
-11
-18
-14
-14
-14
-10
-12
-9
-8
-9
-11
-13
-10
-12
-14
-14
-13
-8
-10
-12
-12
-10
-10
-7
-2
-5
-6
-6
-6
-3
-3
-7
-6
-4
-1
-1
-1
1
1
8
3
3
5
0
4
7
8
6
9
8
6
13
11
11
7
5
10
5
8
8
8
7
11
8
3
12
5
4
6
8
12
6
5
11
12
13
17
13
14
16
11
17
17
17
18
15
15
15
18
11
15
17
12
17
12
15
17
15
18
13
12
14
9
14
8
10
11
5
9
10
11
10
8
4
3
9
7
5
3
6
4
-5
0
-1
3
-2
1
4
-2
4
3
3
-4
-3
-1
-4
1
0
2
7
1
6
5
1
4
0
8
7
3
7
5
8
9
7
9
9
6
1
2
5
3
4
0
1
-2
1
-1
2
7
4
6
1
5
5
4
10
5
6
10
9
5
6
7
1
7
10
5
11
8
12
10
6
5
4
3
2
2
-3
0
5
4
-3
-4
-1
-3
0
1
3
3
5
5
6
11
8
7
6
9
7
8
9
8
7
7
8
1
5
11
9
12
8
8
11
7
10
10
5
5
4
5
2
-1
1
-3
-5
-4
-5
-1
-5
-5
-4
-6
0
-6
-9
-5
-9
-13
-10
-14
-16
-12
-17
-14
-12
-8
-10
-11
-10
-10
-9
-8
-12
-15
-11
-14
-15
-17
-16
-22
-15
-12
-9
-10
-16
-10
-13
-10
-13
-10
-7
-7
-7
-11
-10
-8
-4
-3
-8
-11
-10
-10
-9
-9
-11
-14
-15
-13
-9
-13
-12
-8
-7
-2
-4
-2
-8
-5
1
-2
-5
-5
-6
-7
-1
-2
-2
-4
-2
-4
-7
-2
0
0
1
-2
-3
2
-1
1
8
2
6
5
6
9
9
9
8
11
12
9
7
12
10
13
14
13
14
17
18
13
15
15
16
18
18
18
14
13
15
14
14
18
16
18
21
20
21
17
16
17
13
14
12
7
5
11
9
5
11
4
7
9
7
9
11
12
9
6
10
11
6
7
5
6
7
8
7
6
8
8
3
3
4
4
3
3
2
0
-5
-3
-2
-3
-6
-8
-4
-7
-5
-13
-13
-8
-8
-11
-19
-11
-10
-10
-4
-11
-9
-6
-10
-11
-10
-10
-7
-8
-9
-12
-13
-13
-17
-12
-12
-15
-14
-11
-10
-15
-13
-14
-12
-12
-11
-7
-11
-16
-16
-16
-16
-13
-12
-12
-15
-13
-14
-14
-14
-13
-14
-16
-12
-14
-16
-16
-13
-13
-12
-13
-13
-14
-16
-19
-15
-12
-9
-9
-12
-5
-9
-6
-4
-1
-6
-4
0
-2
2
-1
6
3
7
5
8
7
4
11
4
6
5
4
10
13
12
10
8
11
5
1
4
1
9
4
7
4
5
5
8
6
4
6
-1
2
-5
-1
-4
-1
2
-2
0
-7
-6
-6
-7
-4
-8
-9
-5
-12
-3
-8
-8
-3
-5
-6
-10
-9
-12
-14
-12
-12
-15
-12
-13
-14
-17
-12
-11
-15
-11
-13
-12
-13
-11
-13
-14
-15
-18
-12
-14
-15
-14
-15
-13
-9
-10
-13
-13
-12
-14
-9
-9
-13
-10
-10
-10
-13
-12
-8
-10
-7
-7
-7
-4
-10
-6
-6
-7
-8
-8
-8
-2
-1
-2
3
3
4
-4
2
-1
-2
1
0
0
-1
-2
-7
-5
-5
-8
-7
-11
-6
-8
-10
-9
-8
-7
-8
-9
-7
-9
-4
-3
-3
-1
-4
-2
-6
-4
-2
-4
-1
0
2
-1
1
2
1
5
6
4
8
6
4
3
9
5
-3
7
3
1
0
0
3
-1
-2
3
3
-3
1
3
-1
-4
-6
-5
-3
-4
-4
-5
-5
-5
-7
-9
-10
-12
-8
-8
-12
-11
-11
-11
-13
-15
-13
-10
-13
-15
-14
-13
-12
-13
-13
-14
-12
-12
-4
-5
-6
-4
-8
-4
-6
-7
-8
-10
-2
-1
0
3
7
1
0
4
-3
-1
-2
-2
-3
1
4
0
5
0
-1
6
3
