11
14
13
20
20
14
10
15
14
13
15
7
14
15
10
10
7
7
9
5
5
3
1
0
-2
0
-4
0
-3
-3
0
-2
4
0
2
9
1
4
4
4
11
7
7
10
15
13
13
16
16
16
9
5
7
5
2
3
2
4
4
0
4
2
-1
1
-4
-1
1
3
3
2
-2
-7
-6
-8
-4
-4
-3
-1
5
9
6
9
5
8
10
16
15
12
14
11
15
18
21
18
17
17
20
20
14
19
16
15
21
21
20
17
21
18
11
3
1
5
5
2
3
3
4
5
5
2
-1
5
2
2
11
7
9
18
9
10
17
18
15
12
7
7
9
12
18
9
9
8
5
11
10
3
4
2
-2
9
5
-2
-4
-1
-4
-5
-5
-9
-1
-4
-5
-10
-11
-6
-11
-12
-12
-10
-13
-14
-15
-15
-11
-13
-2
-2
-13
-10
-16
-14
-14
-18
-16
-15
-12
-9
-5
-12
-16
-13
-10
-11
-11
-7
-9
-11
-16
-13
-16
-16
-14
-14
-10
-22
-19
-17
-20
-19
-22
-22
-21
-14
-16
-9
-15
-19
-15
-17
-17
-11
-6
-7
-6
-11
-4
-5
-12
-13
-11
-14
-14
-10
-12
-6
-11
-12
-14
-14
-10
-11
-10
-12
-11
-13
-4
0
-5
-2
1
-2
-4
-2
0
3
-3
-6
-8
-3
5
6
8
8
9
5
8
10
11
11
13
11
10
14
20
20
16
20
16
20
25
26
22
21
23
20
24
26
23
11
10
20
24
20
18
20
19
19
19
17
15
14
18
17
18
18
18
20
17
22
18
12
15
14
11
8
8
5
3
10
14
11
10
5
3
4
12
10
7
5
8
10
4
1
-1
-4
-4
-7
-8
-4
-1
-1
-5
-2
-6
-5
-6
-3
4
-5
-2
-6
-7
-5
-9
-14
-18
-19
-23
-19
-18
-15
-18
-15
-7
-13
-8
-8
-15
-18
-19
-8
-8
-12
-4
-5
-10
-10
-6
-4
-11
-13
-8
-13
-15
-14
-6
-11
-9
-6
-8
-6
-4
1
-1
1
-2
-2
-2
3
9
6
3
-4
1
3
9
13
8
12
3
5
19
18
19
18
20
22
20
25
25
23
19
18
19
17
21
16
21
16
10
13
12
9
4
10
8
6
4
1
5
2
-3
-7
-5
7
7
4
1
-4
-6
-2
-1
1
8
3
5
8
7
6
5
5
7
3
2
15
17
6
9
12
7
10
8
2
1
6
11
6
7
10
9
12
19
13
10
11
5
5
4
-1
4
3
5
6
1
3
3
-2
-4
0
-1
1
0
-8
-5
-1
1
7
2
1
4
0
-3
-3
2
0
1
1
1
-2
-3
-3
-5
2
-2
-11
-10
-13
-9
-7
-15
-12
-9
-7
-6
-5
-8
-14
-11
-10
-5
-5
-9
-11
-10
-6
-10
-18
-12
-4
-2
-4
-11
-8
-8
-8
-11
-12
-13
-18
-17
-7
-11
-3
-9
-18
-18
-24
-13
-23
-26
-22
-25
-25
-29
-24
-24
-22
-25
-28
-22
-21
-13
-10
-12
-10
-9
-3
-1
-6
-12
-9
-9
-1
-1
-3
-1
-4
2
4
-2
-4
4
-4
1
1
-2
-1
-7
-8
-8
-9
-10
-1
3
2
3
-2
-2
-2
-3
-1
0
-1
1
-4
-1
6
-1
5
8
6
10
11
17
17
14
10
16
18
13
18
14
17
21
23
24
19
24
16
10
11
8
5
6
7
11
17
10
7
6
-1
-4
4
9
8
4
4
6
8
8
6
7
10
12
13
16
11
14
15
12
22
17
19
18
22
24
18
20
16
14
18
19
16
17
18
8
6
6
3
8
12
5
4
1
2
-1
-5
-10
-10
-8
-11
-4
-3
-8
-12
-14
-15
-13
-11
-10
-12
-11
-9
-8
-2
0
5
0
-8
-3
1
7
-2
0
3
1
7
8
8
8
8
11
9
6
6
4
5
8
4
8
12
7
9
10
13
17
14
13
17
21
13
10
13
11
14
13
21
26
19
18
18
17
18
22
22
23
21
20
21
15
16
13
3
9
3
3
2
1
3
3
-4
-11
-12
-18
-10
-13
-17
-25
-23
-21
-23
-20
-25
-23
-20
-21
-19
-17
-18
-24
-25
-18
-16
-12
-12
-13
-20
-26
-17
-17
-14
-12
-14
-14
-13
-16
-8
-10
-10
-9
-16
-7
-9
-7
-2
-8
-11
-9
-7
-12
-10
-9
-7
-9
-9
-9
-11
-13
-14
-6
-11
-11
-5
0
3
-2
5
1
-2
-3
-4
-4
-1
8
5
4
0
-1
0
3
-2
0
5
0
-1
4
5
1
3
1
-1
4
2
-8
-4
-5
-9
-8
-3
3
0
1
-3
-7
-8
-1
-1
-2
-3
1
5
7
16
11
11
9
10
4
-2
7
8
11
8
5
6
1
-2
-4
-3
-1
1
1
2
9
9
6
2
3
1
2
5
4
0
-4
-2
2
5
4
-1
-1
2
3
4
2
2
4
-2
1
7
8
11
4
7
7
4
5
9
7
3
3
3
1
-2
-4
-6
-3
-4
0
0
-2
-3
-2
2
2
4
2
2
-4
-4
-1
1
2
2
3
-7
3
8
4
2
0
2
-1
0
-4
-9
-4
-6
-5
-2
-8
-9
-8
-9
-11
-9
-5
-8
2
3
-1
-2
-2
-4
-5
0
-4
2
1
1
-3
-5
-1
0
-1
-7
-1
-2
4
1
2
4
3
3
4
7
2
10
2
3
5
4
-2
-2
2
1
1
-3
-2
-4
-5
3
-1
0
1
-9
-7
-11
-7
-11
-14
-8
-6
-2
0
-5
-5
4
-3
-3
-6
-2
0
2
2
-2
11
7
11
10
2
6
3
2
9
13
13
11
14
14
10
11
7
7
10
8
12
19
14
8
8
5
6
16
14
11
6
1
7
4
5
6
8
7
3
3
3
1
2
4
1
5
12
13
12
17
18
18
14
11
11
7
4
5
3
-3
1
0
-2
-4
-3
1
0
0
-5
-2
1
3
4
0
-5
-7
-8
-9
-8
-4
-3
-6
-4
-3
0
-3
-5
-1
1
-6
-4
-2
-2
2
1
0
-8
-4
0
1
-3
0
0
0
-1
-5
6
5
5
4
12
5
8
15
14
9
-1
3
0
3
2
1
2
-1
0
4
6
5
3
4
2
5
4
-1
-4
-4
3
0
5
6
3
2
5
2
5
5
0
4
5
4
2
8
-2
1
4
7
10
3
7
6
17
13
6
5
6
11
9
11
10
12
12
7
5
-1
-3
-2
1
1
1
-2
-6
-2
-10
-9
-7
-10
-10
-11
-8
-10
-5
-13
-15
-13
-16
-13
-12
-15
-14
-20
-20
-17
-19
-17
-16
-14
-10
-16
-18
-13
-16
-13
-18
-17
-17
-19
-11
-11
-11
-20
-13
-10
-13
-13
-12
-10
-9
-5
-5
-6
-13
-6
-5
-2
7
9
7
2
1
6
6
3
-1
-3
-4
-4
4
2
-1
-4
-1
-1
-3
3
1
-2
-4
-2
-4
-2
-2
-2
-7
-13
-7
-6
-3
-7
-8
-4
-3
-4
-2
-4
-3
0
-9
-8
-6
-5
-6
-1
-1
-3
4
1
-5
0
7
8
4
1
5
6
8
7
4
6
6
9
8
5
10
4
1
5
2
9
10
12
16
7
5
12
14
8
7
4
7
2
-2
0
1
3
-1
0
0
9
6
3
5
8
20
20
15
15
5
3
8
3
6
6
3
4
2
6
6
9
2
-2
-1
0
-1
-1
1
1
1
-1
2
4
-3
1
3
-1
9
9
4
7
6
4
10
13
15
12
16
20
21
27
24
21
21
23
19
13
15
16
16
14
13
10
9
10
10
9
2
4
3
-3
-2
-3
-6
-8
-11
-11
-12
-10
-13
-14
-8
-15
-14
-22
-19
-18
-22
-18
-23
-16
-17
-12
-13
-15
-11
-11
-8
-13
-5
-7
-7
0
-6
-6
-5
-3
-3
1
1
0
0
-1
-5
-3
-4
-7
-7
-11
-7
-9
-7
-5
-4
2
-4
-2
-4
-2
-1
1
3
6
10
7
13
14
10
10
10
15
10
5
5
-4
-2
1
-5
-11
-10
-10
-10
-11
-16
-15
-15
-19
-23
-19
-22
-17
-17
-19
-15
-16
-14
-11
-11
-11
-11
-7
-1
-3
0
-3
-2
-2
-6
-5
1
4
-1
-1
-8
-3
2
-4
-6
-3
-3
-2
-2
0
4
4
6
1
-7
-2
1
2
4
-6
-5
-1
-3
-6
-7
-7
-8
-8
-13
-7
-5
-13
-13
-7
-11
-7
-7
-8
-10
-5
-6
-4
1
1
5
0
1
-2
1
0
0
7
7
7
11
9
5
4
3
4
1
6
7
5
9
7
5
6
5
6
9
11
8
9
13
9
14
13
13
16
13
16
20
21
14
10
11
9
7
9
4
9
10
4
6
5
5
4
-1
3
-1
-1
5
-2
-1
-7
-5
0
7
6
2
4
-1
9
6
1
11
10
5
13
15
11
15
10
10
11
18
21
20
20
18
20
20
27
20
17
18
18
17
17
24
25
19
14
18
13
7
1
1
5
5
6
6
4
5
5
1
3
-1
2
3
2
0
2
2
0
5
2
4
-1
3
8
8
4
0
2
1
4
4
6
5
-4
-6
-3
-4
-5
-5
-4
-6
-13
-11
-17
-17
-15
-18
-18
-20
-16
-10
-11
-17
-15
-13
-20
-17
-14
-16
-15
-23
-26
-15
-14
-17
-23
-22
-15
-20
-18
-13
-21
-22
-17
-16
-16
-16
-9
-12
-14
-15
-16
-19
-22
-18
-15
-14
-18
-18
-20
-14
-13
-9
-23
-19
-17
-22
-16
-21
-15
-14
-15
-18
-13
-16
-14
-6
-7
-9
-7
-1
-3
-1
-5
-3
-1
2
3
7
6
3
6
6
8
3
5
6
14
13
16
16
13
14
8
12
13
11
10
12
4
3
6
6
7
6
8
4
2
2
0
1
-2
-4
2
3
1
2
4
2
2
8
8
4
5
3
3
0
-3
-2
0
1
-6
-8
-7
-10
-6
-4
-4
-4
-9
-6
-8
-12
-12
-12
-10
-4
-6
-9
-10
-11
-10
-6
0
-4
-3
-3
-2
6
-1
-2
-4
-4
-3
1
-2
-5
-4
0
-1
-1
3
2
4
1
5
8
5
3
1
5
9
8
4
4
9
7
1
1
-2
1
0
0
6
-1
-2
3
1
0
-1
-4
-1
-4
-4
-1
-3
-5
-6
-10
-3
-1
-5
-5
-4
1
0
3
2
-1
-4
-7
-3
-8
-6
-8
-4
-1
-3
0
-5
0
1
2
2
-5
-3
5
6
7
10
8
17
14
19
15
8
7
3
13
9
9
6
6
7
6
6
5
7
12
12
9
14
7
11
11
6
12
10
7
5
4
8
7
4
7
10
13
11
14
13
14
16
11
8
8
4
3
5
4
5
0
-3
0
-3
-2
0
-3
-9
-3
-2
-2
-2
-3
-2
-1
1
-3
0
1
3
5
9
7
2
-1
-3
1
3
6
5
3
3
6
10
7
7
8
6
7
0
1
3
1
-2
-3
4
4
2
2
-2
-6
-4
-5
-9
-10
-7
-5
-9
-7
-7
0
-2
-9
-5
-3
-1
0
1
3
3
3
2
1
6
13
6
12
12
4
5
5
4
3
2
-3
-1
-1
-3
0
-2
4
1
-1
-4
-4
-5
-8
-12
-8
-2
-3
3
-2
2
4
4
2
3
6
3
9
11
9
11
18
17
13
14
12
11
7
13
17
12
12
8
6
10
8
7
7
4
5
2
-3
-3
1
-2
-3
1
-4
-3
-3
-12
-10
-7
-9
-8
-7
-5
-6
-4
-6
-7
-8
-10
-6
-3
-1
-5
-3
-1
-6
-4
-7
-8
-6
-6
-8
-8
-8
-7
-8
-9
-7
-13
-12
-16
-13
-13
-15
-10
-15
-13
-14
-13
-11
-10
-11
-14
-11
-7
-3
-1
-4
-1
3
-2
6
7
4
8
6
3
1
8
8
11
13
16
15
12
16
13
13
6
4
3
1
-3
-2
-4
-5
-1
-8
1
-3
-3
-3
-10
-7
-9
-7
-9
-10
-6
3
0
-3
-6
-5
-1
-5
-2
5
7
-1
3
0
3
4
-4
1
-2
-3
2
-1
-5
-3
-3
-8
-7
-13
-17
-16
-19
-18
-14
-13
-13
-17
-16
-16
-16
-15
-17
-11
-14
-9
-4
-5
0
-1
1
4
4
3
6
7
6
9
6
7
7
12
6
7
15
10
8
8
5
6
5
4
7
4
7
1
2
2
-6
-2
-1
-4
1
2
0
-2
-1
-2
-2
0
-4
-6
-1
2
3
2
1
8
8
6
4
5
1
2
10
9
10
12
10
6
8
7
3
4
10
3
1
5
-5
-5
-5
-2
0
3
0
1
2
3
5
-2
-3
-5
-2
-3
-5
0
-4
-4
0
-2
1
7
12
5
3
3
2
5
3
2
0
8
8
10
13
8
5
0
4
3
4
0
-2
6
-1
1
5
-3
0
-2
-4
-3
-7
-9
-10
-9
-10
-7
-9
-5
4
1
5
6
-1
6
7
8
8
5
2
3
3
5
5
3
8
7
5
6
9
9
11
12
13
10
5
15
14
11
16
12
9
9
1
2
3
-3
-1
0
5
10
12
8
1
2
6
11
10
13
10
11
10
6
8
8
5
3
5
6
11
10
10
5
4
12
5
4
6
6
7
4
4
-1
-4
-7
-11
-12
-11
-12
-10
-11
-12
-11
-6
-8
-11
-11
-15
-11
-17
-18
-13
-10
-12
-15
-14
-19
-25
-20
-18
-16
-13
-15
-12
-14
-14
-18
-13
-6
-9
-7
-5
-7
-10
-10
-6
-8
-14
-18
-21
-15
-12
-14
-9
-13
-16
-11
-10
-13
-12
-9
-9
-8
-7
-5
-3
-6
-4
-8
-7
-2
-3
-5
-1
-2
-1
7
6
13
9
11
16
12
19
18
18
16
15
15
13
13
9
8
15
12
10
9
6
11
10
6
4
5
6
3
0
-5
-9
-9
-7
-9
-14
-18
-20
-21
-19
-22
-22
-20
-19
-16
-16
-17
-15
-19
-23
-18
-19
-17
-17
-21
-21
-19
-15
-16
-17
-19
-15
-15
-17
-15
-13
-14
-17
-16
-16
-12
-7
-10
-7
-6
-9
-9
-10
-11
-6
-4
-2
0
0
0
0
-1
-1
6
6
3
4
4
2
-1
3
2
3
10
9
7
5
8
4
7
7
5
7
7
3
2
4
3
-1
1
4
2
5
2
2
1
-1
2
7
4
3
4
1
2
5
10
10
11
5
8
8
9
12
9
10
14
16
18
23
21
27
21
21
24
21
23
21
21
19
17
14
18
16
24
17
15
10
7
16
9
9
6
5
7
6
5
7
4
0
-2
-3
-4
-5
-1
-4
-4
-2
-3
0
-3
-11
-10
-7
-9
-10
-5
-8
-8
-7
-3
-9
-6
-4
-12
-4
1
-4
-8
-7
-7
-7
-12
-6
-6
-4
0
-8
-3
-9
-10
-11
-11
-12
-12
-8
-9
-3
-6
-5
-5
-6
-6
-2
4
5
8
7
4
1
3
3
5
11
11
15
11
9
13
13
6
8
8
4
5
4
9
0
1
6
-5
-6
-5
-5
-5
-5
-7
-10
-10
-9
-8
-12
-9
-10
-10
-9
-10
-13
-15
-17
-15
-14
-14
-15
-15
-17
-12
-16
-21
-16
-14
-16
-17
-12
-15
-17
-15
-14
-15
-15
-16
-18
-18
-23
-20
-24
-25
-23
-25
-24
-29
-28
-31
-28
-23
-25
-20
-22
-23
-22
-21
-23
-23
-21
-22
-16
-16
-12
-6
-11
-7
3
5
9
8
5
1
5
1
1
4
5
3
5
10
5
4
1
2
4
2
2
-5
-4
-2
-5
-5
-3
-2
-5
0
1
-3
-4
-5
-4
2
5
2
3
5
3
3
8
10
11
12
8
11
8
10
9
2
8
10
12
10
8
9
6
2
-2
1
-1
-2
2
-4
-5
-9
-14
-10
-9
-4
-6
-7
-8
-6
-5
-6
-9
-4
-10
-11
-7
-9
-3
-3
0
2
7
8
4
7
8
4
6
11
3
10
12
8
5
3
6
2
9
8
8
6
4
6
3
0
2
10
6
8
3
1
2
-5
-1
-8
-6
-6
-4
-1
1
6
3
8
11
12
3
4
0
-1
3
-3
-8
-6
-9
-13
-3
-5
-5
-5
-3
-7
-4
0
-2
1
-4
2
-3
0
-2
-4
-6
-11
-2
0
2
2
-7
-4
0
0
4
7
10
7
8
9
7
12
11
9
14
6
4
6
6
12
13
13
14
10
10
8
9
9
6
6
5
4
4
1
-2
0
-6
-5
-5
-6
-5
-11
-7
-14
-10
-7
-11
-9
-9
-7
-10
-8
-11
-11
-13
-10
-14
-8
-7
-17
-6
-10
-14
-4
-4
-8
-6
-9
-13
-12
-11
-12
-7
-11
-13
-14
-16
-8
-6
-13
-10
-2
-2
0
-3
0
0
-4
-2
-3
0
-2
-3
-8
-5
-2
2
2
3
-1
-1
8
5
8
9
11
12
11
13
4
3
1
3
0
4
6
-1
2
-8
-8
-3
-8
-6
-4
-1
0
4
-2
-5
-7
-5
-4
2
-2
-5
4
-2
0
3
4
8
8
7
8
9
6
11
10
7
8
7
5
11
12
11
9
6
11
14
13
9
13
6
9
12
11
17
14
15
15
10
8
12
14
16
12
9
12
16
15
17
17
18
24
19
22
20
20
19
22
23
17
17
16
18
15
17
16
16
24
22
14
8
6
3
3
11
14
5
6
10
6
9
10
1
0
0
3
1
2
0
-8
-6
-5
-6
-1
-11
-16
-15
-12
-1
-3
-9
-10
-9
-16
-17
-16
-19
-17
-19
-17
-14
-13
-17
-17
-21
-23
-18
-22
-23
-21
-17
-20
-23
-19
-15
-15
-13
-14
-14
-16
-12
-8
-12
-15
-15
-7
-10
-7
-2
5
10
6
7
7
7
2
10
9
12
18
12
15
16
15
15
16
15
15
11
10
13
12
15
20
18
19
19
22
25
23
24
21
23
18
15
15
17
20
17
19
16
19
19
17
18
17
20
19
18
14
19
17
17
19
13
15
11
13
14
11
9
9
12
12
13
12
15
19
20
17
18
11
10
7
1
-1
0
0
-3
9
9
11
4
1
-1
-4
6
4
-1
-2
-4
-6
-1
0
-1
-9
-10
-5
-2
4
4
3
-4
-3
0
-5
-5
-6
-8
-11
-12
-8
-9
-8
-1
0
-1
-7
-12
-11
-12
-16
-20
-16
-14
-18
-14
-10
-13
-12
-13
-10
-17
-17
-11
-11
-7
-4
-9
-9
-5
-6
-5
-8
-3
-1
2
-1
-9
-6
-5
-2
-4
-2
-4
6
1
-7
-6
-6
-3
-2
-7
-13
-4
-4
-4
-10
-10
-8
-10
-8
-9
-11
-13
-8
-11
-14
-14
-5
-8
-19
-14
-16
-14
-14
-10
-14
-17
-17
-22
-19
-16
-23
-25
-24
-12
-9
-11
-6
-16
-17
-20
-17
-10
-12
-18
-21
-18
-19
-20
-24
-20
-17
-18
-24
-20
-7
-15
-21
-20
-17
-16
-12
-11
-10
-4
-11
-11
-11
-8
-4
-8
-10
-7
0
-10
-4
0
-2
3
3
16
13
8
2
4
14
18
17
8
6
14
20
16
15
18
12
8
7
10
16
13
5
7
14
18
16
15
14
14
12
10
12
5
3
3
4
3
0
8
10
4
11
21
20
15
15
7
5
6
4
5
4
7
5
4
11
8
7
9
10
13
12
6
5
12
8
6
3
6
13
11
3
4
8
2
5
-1
-3
5
3
1
-4
0
8
11
10
9
18
19
11
16
15
16
13
7
7
11
17
20
19
20
21
15
15
21
17
13
10
7
11
12
12
6
8
10
2
-5
-6
0
3
3
-6
-3
-2
-3
-3
-2
-6
-1
7
-4
-4
-4
2
1
-2
-1
-6
-3
-3
-5
-2
3
5
10
8
4
5
6
3
4
4
-1
5
5
-1
6
4
2
-1
-6
-5
-5
-10
-13
-10
-3
-3
-8
0
6
4
8
8
6
2
4
-2
-3
12
8
7
5
8
12
6
2
1
2
2
3
-2
-2
1
-1
3
-3
-6
5
13
5
1
6
7
1
5
4
0
3
-5
-3
-2
-1
0
0
1
-1
-7
-6
2
-5
-9
-3
0
-2
2
4
2
5
13
10
1
4
3
2
8
7
4
4
4
7
2
7
2
0
8
7
13
9
13
16
11
3
6
15
13
11
8
6
11
9
7
5
2
10
18
11
8
14
14
20
13
10
20
16
16
6
0
1
0
7
-8
-4
-3
-2
1
-12
-4
-1
3
2
-13
-9
2
12
5
-8
-13
-7
-10
-13
-17
-17
-11
-13
-10
-14
-9
-3
0
-3
-9
-7
1
10
5
-3
-11
-2
0
2
-6
-5
1
-1
4
-6
2
2
3
2
-9
-6
1
5
7
0
-7
-7
-5
0
-9
-5
-8
-10
-8
-11
-9
-12
-4
-5
-3
-1
1
9
7
3
-1
-2
2
1
-3
-10
-7
-4
-4
-1
-11
-4
-3
-2
-9
-24
-13
-16
-10
-14
-14
-11
-9
-9
-28
-17
-20
-17
-14
-19
-11
-9
-8
-14
-11
-11
-14
-17
-15
-15
-10
-9
-4
-1
-6
-2
-7
-5
-10
-12
-15
-12
-3
-15
-13
-10
-6
-3
-4
-7
-7
1
-6
-13
-7
0
3
-16
-19
-17
-9
4
-5
3
4
-2
-4
-3
5
2
5
0
8
18
19
29
20
23
24
12
3
6
23
11
12
15
13
14
12
12
5
6
-1
-3
-7
-2
-4
5
6
5
4
-3
2
-8
-11
-17
-13
-11
-11
-8
-9
0
-2
3
3
4
1
1
2
-5
-2
4
8
3
-3
-5
-2
3
-2
-1
-5
-9
-6
-9
-4
-6
3
-1
-7
-10
-13
-5
-12
-7
-14
-16
-10
-7
-9
-11
-7
-9
-1
-8
-7
-5
0
1
1
11
9
11
6
7
9
3
4
0
0
12
16
8
4
2
-8
-15
-15
-13
-13
-4
2
4
9
9
-2
-2
-3
-6
-4
-8
-4
-11
-4
2
3
-2
-15
-16
-16
-13
-7
3
9
10
13
15
15
26
23
15
-5
-8
-2
3
17
13
20
7
9
5
8
12
2
-5
-13
-5
15
20
30
35
18
12
-2
10
9
18
5
-14
-24
-30
-22
-10
-5
-8
-2
14
42
51
90
67
76
14
-6
-41
-57
-39
-79
-18
-60
32
13
69
89
69
99
6
35
-55
-19
-54
-30
-3
-17
32
5
45
5
5
-15
-23
-15
-20
9
23
28
39
6
3
-23
-29
-30
-31
14
13
62
26
39
15
12
-3
-43
-51
-89
-54
-50
16
55
108
103
85
44
13
-10
-46
-54
-102
-87
-102
-39
1
67
85
49
31
-25
1
-9
25
8
-13
-35
-64
-42
-45
10
3
2
-6
-1
55
55
79
6
-61
-140
-182
-142
-103
8
49
102
108
119
143
113
91
-33
-121
-217
-234
-180
-119
17
43
94
64
63
75
39
57
-35
-4
-48
14
58
68
102
-30
-68
-215
-175
-172
-75
34
63
162
90
158
57
66
2
-40
-31
-93
11
-32
84
29
37
7
-73
-24
-118
-18
-87
1
39
40
128
25
154
58
102
40
-41
15
-144
10
-101
49
40
20
77
-137
19
-160
33
-40
10
63
-44
156
21
256
121
166
40
-105
-90
-219
-69
-166
-100
-159
-121
-26
81
244
286
255
166
3
-46
-66
-32
1
-105
-56
-183
-27
-28
84
81
-12
27
-114
94
52
263
164
57
-79
-271
-161
-246
-24
-86
33
35
82
241
254
390
184
75
-207
-311
-377
-371
-283
-242
-91
-2
209
327
476
397
303
25
-116
-237
-234
-150
-181
-66
-183
-14
-119
34
12
42
58
-72
39
-118
85
-6
135
71
79
85
-44
-23
-225
-163
-258
-91
-19
129
282
290
279
0
-204
-477
-562
-522
-340
10
305
605
710
677
473
168
-153
-499
-716
-758
-589
-271
89
376
583
566
502
230
56
-203
-397
-498
-595
-338
-167
353
550
821
765
573
310
-197
-382
-796
-752
-821
-475
-120
297
766
788
806
366
160
-172
-295
-244
-265
-49
-94
94
75
136
226
78
80
-301
-258
-405
-259
-149
-101
131
34
330
197
396
259
190
-20
-377
-423
-595
-303
-288
-56
-34
43
160
119
219
36
-75
-345
-579
-599
-609
-170
61
399
432
344
370
26
175
-194
-19
-271
-212
-139
-288
154
-93
345
-101
68
-18
-10
319
43
439
-32
239
68
183
479
346
635
60
86
-252
-213
3
-73
318
40
342
195
285
368
207
383
-12
173
1
255
365
379
428
80
126
-125
59
14
128
153
56
108
-98
1
-157
-193
-478
-730
-746
-710
-312
-127
175
203
247
251
100
44
-274
-539
-1063
-1319
-1393
-1117
-714
-324
-9
90
259
170
146
-341
-650
-1100
-1172
-888
-372
482
820
1257
978
809
402
90
-169
-723
-922
-1132
-751
-314
297
743
893
881
717
557
519
449
308
-21
-319
-256
-58
463
703
986
934
853
717
608
699
691
782
612
705
833
1289
1595
1829
1708
1359
990
541
355
2
-6
-257
-302
-469
-407
-258
-213
-100
-409
-650
-1180
-1286
-1389
-1270
-1110
-905
-577
-472
-242
-321
-273
-536
-887
-1403
-1872
-1907
-1781
-1333
-963
-532
-325
-311
-408
-651
-827
-1041
-1211
-1369
-1466
-1356
-1069
-691
-436
-398
-522
-908
-1162
-1304
-1093
-696
-217
468
943
1568
1727
1972
1719
1115
391
-542
-669
-758
173
897
1916
2787
3173
3604
3035
2906
1878
990
-144
-874
-723
-572
538
1171
2233
2755
3144
3340
2998
2852
2131
1601
745
286
204
341
706
784
859
665
459
116
-320
-725
-1222
-1673
-2060
-2203
-2013
-1722
-1241
-988
-812
-787
-829
-780
-1062
-1215
-1719
-1898
-2051
-2070
-1786
-1640
-1121
-1314
-1366
-1566
-1645
-1622
-1935
-1703
-1914
-1749
-1736
-1689
-1583
-1742
-1238
-1162
-884
-809
-540
-244
-447
-392
-667
-585
-594
-175
567
1433
2499
3156
3586
3559
3598
3246
2371
1303
382
-298
-1038
-1314
-1060
-632
-172
215
859
988
873
744
440
159
-403
-95
23
480
910
1456
2007
1833
2049
1509
1091
180
-395
-835
-1394
-1285
-1132
-113
1096
2659
3898
4741
5398
5310
4796
3786
2612
1151
-466
-1568
-2288
-2511
-2557
-2318
-1985
-1510
-673
23
676
1018
1197
903
656
497
410
249
56
-14
-207
-295
-428
-608
-1200
-1790
-2488
-3106
-3526
-3442
-3412
-3465
-3468
-3172
-2628
-2130
-1457
-1160
-753
-912
-1008
-1545
-1930
-2488
-3398
-4222
-4821
-4569
-4237
-3270
-2355
-1104
-52
1166
1951
2658
3152
3440
3421
3068
3565
4040
4960
4756
4521
3586
2843
1941
374
-954
-2461
-3174
-4056
-3884
-3094
-1835
-760
364
1526
2453
2978
3463
3483
2883
2199
1334
1144
477
592
362
408
37
-414
-489
-1154
-1201
-1791
-1767
-1988
-1457
-12
2012
4371
6203
8133
8713
8041
6446
4294
1932
-712
-2678
-4153
-4444
-3772
-2433
-586
300
1289
1486
1619
1222
1086
1102
617
917
581
1176
1174
1342
823
-313
-1446
-3000
-3782
-4978
-4903
-4724
-4333
-3787
-3064
-2398
-2307
-2157
-2429
-2614
-3001
-3189
-3273
-3226
-3014
-2465
-1906
-1622
-1451
-1940
-3023
-3984
-4630
-4859
-4633
-3776
-2464
-836
1337
3443
5872
7529
8977
9389
8287
6747
4835
3103
154
-2108
-3969
-4779
-4457
-3335
-949
372
1275
1309
1471
1175
701
722
181
-107
-327
316
1470
2854
4222
4733
4360
3237
1843
375
-1406
-2997
-4558
-5566
-5551
-4802
-3094
-1113
1138
2811
4580
6767
8363
8899
8241
7293
5592
3340
1296
-435
-1601
-2375
-2295
-1651
-963
-15
429
832
788
1192
1572
1444
1409
986
1116
861
1300
1286
1134
671
-366
-1222
-2591
-3073
-3939
-4420
-5067
-4912
-4263
-3709
-2845
-2609
-2315
-2570
-2350
-2377
-2178
-2029
-2002
-2010
-2271
-2364
-2633
-2650
-3101
-3382
-3906
-4409
-5121
-5979
-6205
-5687
-4540
-3118
-877
1323
3342
5594
7955
9731
10424
9982
8566
6097
3403
1134
-999
-3166
-4714
-4815
-4218
-2735
-1028
443
937
554
256
-65
-111
-168
73
287
792
1820
3131
4553
5531
5761
4775
2896
885
-1008
-2966
-4582
-5667
-6145
-5701
-4153
-2042
387
2842
5050
6733
7803
9186
10473
10153
7891
5763
3161
558
-1404
-2695
-3221
-3624
-3132
-2461
-388
526
1634
2123
1509
1726
1485
1936
1148
1645
784
630
485
-32
536
-809
-1424
-3203
-3715
-5003
-5052
-5059
-5413
-4692
-5193
-4515
-4350
-3339
-2900
-2006
-1963
-2144
-2049
-2268
-1870
-2049
-2131
-2017
-1459
-1929
-1505
-1246
-1572
-2607
-3665
-4207
-3861
-2911
-2714
-1675
-1010
-27
968
2275
3976
5613
6405
6099
5723
4575
3291
2135
472
-736
-1099
-771
98
1071
2027
2098
1750
540
-349
-1172
-1822
-1838
-2156
-1970
-1206
401
1724
3035
3931
3943
3298
2286
1416
564
-508
-1301
-1650
-1801
-1304
-208
1265
2374
3442
3794
3704
4181
5240
6145
5636
4743
3774
2553
1688
1038
980
234
-447
-844
-517
424
724
1274
175
-288
-853
-570
-215
26
362
-537
-482
-1432
-931
-1317
-1493
-2352
-3339
-3418
-3558
-2601
-2668
-1992
-2602
-2789
-3330
-3363
-3251
-3519
-3456
-3806
-3872
-4299
-3640
-3576
-3084
-2800
-2621
-2590
-2316
-1981
-2407
-3086
-4218
-4405
-4501
-4253
-3471
-2085
-580
1405
3553
5287
7089
8680
9334
8717
7124
4687
1823
-1412
-3931
-5056
-5247
-4728
-3237
-1088
1046
2722
3591
3487
2855
1654
559
-328
-851
-805
-330
741
1998
3750
4984
5699
5259
4037
2371
479
-1249
-2819
-3482
-3752
-2973
-1304
1197
3859
6220
7734
8365
8349
7317
5869
4142
2283
495
-1014
-2083
-1947
-1223
-662
-85
427
734
1159
1535
1672
1710
1348
791
389
334
694
1345
1552
1354
646
-446
-1647
-2869
-4008
-4993
-5779
-6322
-6016
-5174
-3849
-2536
-1779
-1507
-1739
-2257
-2497
-2237
-2010
-1891
-2029
-2441
-2471
-2309
-2633
-3284
-4109
-4723
-5145
-5385
-5348
-5089
-5175
-5856
-6050
-5760
-4862
-3494
-1617
712
2658
4287
5723
7446
9161
10333
9648
6818
3792
1099
-1258
-3406
-4675
-4955
-4771
-3685
-1373
1676
3468
3984
3687
2672
1697
1266
1465
1294
1048
1018
1620
2827
4299
5805
6131
5167
3507
1843
192
-1244
-2367
-3487
-4262
-4404
-3861
-2247
220
3134
5634
7084
7993
8600
8614
7566
6139
3938
1635
20
-837
-585
68
322
-171
-584
-1119
-1172
-1042
-1079
-1087
-1284
-1426
-886
546
1881
3124
3302
2647
1880
971
-183
-1326
-2661
-4303
-5504
-6347
-6133
-5105
-4123
-3436
-2723
-2410
-2042
-1499
-1411
-1488
-1909
-2829
-3777
-3572
-2663
-1380
-740
-749
-1022
-1985
-3127
-4085
-4567
-5703
-6955
-8124
-8751
-8608
-7612
-5753
-4348
-3333
-2467
-479
2081
4826
7648
10818
13087
12708
10953
9210
7476
4066
-15
-3669
-6007
-7070
-5856
-2631
450
2322
2728
2852
2519
2668
2703
2209
694
-808
-1094
-224
1973
4474
6555
7119
6907
6104
4915
3133
834
-2140
-5481
-7811
-8583
-7787
-5888
-3200
-274
2790
5754
8850
11154
11911
11223
9597
6730
3534
852
-1335
-2535
-3260
-3650
-3776
-3260
-2867
-2219
-1626
-990
-398
-151
117
607
1600
2535
3659
3907
3906
3531
2845
1790
348
-1157
-2782
-4057
-5414
-5924
-6015
-5513
-4869
-4403
-4067
-3603
-2989
-2509
-1613
-1127
-821
-682
-413
-40
324
152
-401
-804
-1652
-2559
-3636
-4911
-6378
-7796
-8935
-9423
-9380
-9368
-9192
-8612
-7039
-4790
-2762
-726
1737
4319
7117
10853
14658
16410
15154
12212
9401
6158
2136
-1922
-5397
-8122
-9095
-7508
-4505
-1260
1042
2367
2730
2834
3300
3812
3500
2194
1206
865
1613
3276
5294
6442
6401
5276
3455
1775
-78
-2191
-4757
-7006
-8251
-7933
-6233
-3508
-508
1964
4174
5967
7730
9791
11794
12418
11650
9425
6425
3685
1012
-1291
-3933
-6529
-8279
-8254
-7193
-4955
-1976
-154
1308
2361
3499
4702
6030
6378
5788
4556
3005
2333
1413
572
-501
-1880
-3807
-4905
-5304
-5507
-5295
-5504
-5569
-5668
-4978
-3792
-2069
-943
-339
-100
-510
-672
-649
-573
-1101
-1463
-2306
-2929
-3307
-3840
-4268
-4920
-5899
-7378
-8396
-9275
-9007
-8455
-8881
-8984
-8368
-7242
-5444
-2768
224
3169
5336
8668
14668
18830
18026
15485
12893
8667
3023
-2267
-5526
-8072
-10208
-9502
-5681
-1984
798
3372
4075
3751
3648
3717
2832
1084
-515
-1018
-365
1375
4746
7659
8931
8747
7549
5400
2956
72
-3636
-7211
-9760
-10615
-9745
-7408
-4379
-1147
1588
4043
6492
8907
10872
12265
12161
10078
8100
6101
3837
1830
-580
-3660
-6037
-7275
-7613
-6228
-4750
-3360
-1410
-224
1381
3623
5383
6470
7021
6177
5391
5293
4309
3704
2544
803
-935
-2297
-3303
-3557
-3849
-4759
-5085
-5899
-6007
-5610
-5098
-4622
-3853
-3425
-3087
-1980
-1064
77
669
650
120
-543
-1769
-2294
-2455
-3196
-3973
-5219
-6600
-7639
-8470
-9741
-10013
-10390
-10519
-9607
-8194
-5831
-3089
-1340
-133
1794
3245
5592
9973
15132
17802
16005
12348
9608
6194
912
-3917
-7684
-10650
-11587
-9223
-4346
367
3349
5114
5473
5386
6075
6835
5578
2702
347
-592
-42
1735
4582
6480
6802
5745
4208
2662
977
-1304
-4504
-7782
-10043
-10238
-8775
-5704
-2084
1265
3985
6424
8775
10763
12572
13621
13038
10627
7687
4179
708
-1891
-4888
-8302
-10592
-11235
-9898
-6566
-2724
991
3999
5475
6985
8767
9820
10228
9397
7101
4784
3322
1978
1258
137
-1524
-3050
-4403
-4970
-5015
-4972
-5523
-6324
-7502
-7813
-7312
-6524
-4938
-3176
-1603
-184
1627
3281
4623
4898
4109
2406
-202
-3098
-5985
-8568
-10648
-11892
-12814
-12795
-11332
-9054
-7132
-5824
-5271
-5265
-5192
-5138
-4567
-3622
-2606
-1581
-97
1510
3441
5904
9489
14113
15590
13102
10299
7942
4338
-391
-4799
-7420
-8517
-8257
-4737
896
4665
6839
8332
8088
7196
6276
4787
2099
-1338
-4136
-4650
-3296
-667
3045
5812
7062
7193
6632
5177
2982
-455
-4828
-8590
-11084
-11426
-9660
-6585
-3097
337
3364
6492
9535
12086
14316
14775
13393
12082
8888
4244
1123
-2593
-6595
-9863
-12038
-11703
-8533
-5298
-1036
3989
5899
8173
10077
10486
10779
10417
7884
5313
3243
666
161
-790
-1554
-2066
-3077
-4293
-4387
-4333
-5081
-5556
-7278
-8104
-8135
-7273
-5870
-3912
-2329
-1221
438
2036
3884
4524
4092
2504
213
-2624
-5265
-8023
-10694
-12452
-13301
-13065
-12374
-10307
-7905
-6020
-4081
-1542
-754
-654
-28
-684
-602
-481
-1713
-2453
-2152
-2937
-1989
-98
1835
5930
8635
9249
9953
10597
9186
7992
4902
1069
-857
-2493
-2424
-882
990
1879
3184
3135
3495
4026
3512
2557
598
-1409
-2792
-2130
-1203
852
2316
3110
3349
3511
3629
3038
1572
-1333
-3598
-5744
-6411
-5817
-4171
-2576
-536
1533
3778
7258
10726
13084
13441
12773
10189
7370
4191
622
-2669
-5453
-7201
-7211
-5426
-2971
578
3473
5287
6935
7833
7855
7803
6880
5013
3205
1336
-1
-582
-1246
-1783
-2581
-3503
-4110
-4554
-4986
-5335
-5834
-6821
-7010
-6784
-5978
-4784
-3403
-1971
-598
819
2131
3208
3060
2205
836
-1160
-3368
-5341
-7442
-9049
-10274
-11096
-10757
-9587
-8200
-6672
-5193
-3451
-496
1348
1995
1536
-304
-1220
-1712
-3510
-5184
-6296
-8037
-7655
-5514
-2218
3557
8754
11701
13160
13679
13349
12821
9472
3986
-273
-4308
-6082
-4957
-2509
-556
715
952
1168
2267
2662
2662
1287
-1205
-3340
-3569
-2333
515
3607
5287
6132
6441
6478
6295
5455
2683
-918
-4984
-7949
-8930
-8157
-6177
-3822
-1783
288
3676
7483
11387
14092
15229
15049
13167
10082
6985
4055
593
-3286
-6721
-8559
-7868
-5847
-2640
931
3127
4330
4965
5838
6419
6964
5884
4187
2107
212
-372
-903
-1233
-2477
-3851
-5622
-6204
-6126
-5635
-5396
-5755
-5829
-5754
-4524
-3469
-2190
-1573
-1214
-928
-81
1009
1684
1848
251
-1728
-3502
-5091
-6443
-7192
-7922
-8243
-8202
-7990
-7077
-6096
-5630
-4691
-2247
-203
-201
-789
-1255
-2263
-3486
-4983
-6318
-6581
-6056
-4894
-1640
1966
5658
10310
13218
13738
13751
13038
10751
7382
2242
-2339
-5415
-7537
-7216
-4627
-2331
-684
963
1986
3310
4245
4339
3755
2447
940
611
1460
2867
4813
5949
6075
5796
5247
4362
2766
80
-3206
-6506
-9164
-10128
-9015
-6931
-4540
-1582
1801
5858
10743
14930
17101
17538
16569
14428
11239
6906
2221
-2413
-7146
-10453
-11701
-11405
-9653
-6528
-3025
696
4241
6832
8655
9252
8574
6937
5110
2834
719
-1495
-3640
-4841
-5695
-6119
-6318
-6282
-6133
-5487
-5182
-4636
-3740
-3286
-2972
-2803
-2329
-1791
-1046
-412
390
714
590
417
125
-305
-1545
-3286
-5413
-7042
-7964
-8491
-8638
-7880
-7081
-6016
-3960
-2962
-2486
-1419
-953
-988
-1569
-3574
-4144
-3887
-4316
-3822
-3848
-4230
-2155
2029
7191
12809
14633
13845
13362
11697
8955
5429
802
-3544
-6607
-8269
-6010
-2540
-792
914
2474
3327
4507
5884
6094
5104
2771
854
571
1390
3158
5094
5565
4847
4130
3199
1986
316
-2322
-5685
-8438
-10112
-10109
-8301
-5566
-2638
388
3866
7921
12141
15083
16203
15707
13778
11070
7735
3436
-749
-4440
-8151
-10524
-10825
-9926
-7670
-4234
-798
2471
5188
7017
8362
8491
7161
5617
3510
814
-1389
-3319
-4715
-4950
-5050
-5344
-5093
-4785
-4591
-4194
-4017
-3928
-3741
-4014
-4077
-3516
-2818
-1720
-241
1039
2477
4011
4696
4684
3689
964
-2375
-5490
-8345
-9715
-9827
-9413
-8542
-7522
-6143
-4268
-3535
-3849
-3579
-3677
-4108
-4043
-3461
-2485
-1577
-1907
-1711
-936
-933
-346
663
3165
7168
9789
9551
9622
9921
8841
6563
2833
-419
-2958
-4788
-4642
-2255
-617
503
1854
2699
3972
5472
6362
5894
4434
2305
1419
1490
1811
2626
3035
2582
1799
1244
700
197
-1392
-3882
-6005
-7195
-7343
-6102
-4192
-1984
327
2663
5653
8978
12156
13932
13754
12240
9979
6791
3909
869
-2827
-6169
-8779
-9748
-8608
-6352
-4159
-1018
1667
4044
6594
8185
8600
8033
6284
3467
1330
-984
-2827
-4288
-5706
-6673
-6836
-6251
-5531
-4320
-3515
-2707
-2358
-2031
-1468
-701
-295
-431
-203
-206
210
618
994
1091
654
-210
-1398
-2934
-4388
-5358
-6555
-7487
-8097
-8565
-8484
-7562
-6737
-5875
-4892
-3639
-1993
-1011
-932
-55
938
208
-1021
-2668
-3508
-3851
-3763
-2555
1024
5593
8737
10877
11865
13055
12623
9677
5022
1215
-1993
-4338
-4463
-3440
-1793
-1049
92
1322
3094
4183
4550
3605
1328
-81
-543
82
1030
2798
3545
3836
3911
4110
4092
2733
345
-2631
-5083
-7063
-7720
-7532
-6183
-4487
-2535
371
4537
8929
11951
13638
13656
12451
10150
7097
3663
259
-2966
-5600
-7435
-7800
-6806
-5188
-3395
-1276
970
2753
4308
5410
5995
5361
4167
2708
1326
159
-1052
-2221
-3105
-3345
-3497
-3788
-4044
-3790
-3494
-3582
-4090
-4262
-3997
-3711
-3513
-3087
-2358
-1412
-174
952
2164
3110
3370
2653
1239
-504
-2437
-4864
-7260
-8678
-9166
-9364
-9395
-8225
-6386
-5260
-4902
-4479
-3727
-2928
-2382
-2680
-2152
-812
-910
-156
762
1264
2715
5391
8990
11414
11371
10269
10513
8738
5226
2231
-420
-3192
-4741
-4380
-2638
-536
-46
1133
1719
1986
2439
2876
2289
902
-24
-378
1115
2911
5135
6903
7594
6672
5320
3653
1271
-1883
-5710
-8844
-10896
-11100
-9812
-6844
-3975
-790
2809
6229
9556
12327
14012
13820
12375
9842
7155
4456
1510
-1194
-3658
-5946
-7113
-7264
-6631
-5065
-3197
-1246
1048
2998
4726
6396
7251
7108
6174
4630
2856
1485
-494
-2224
-3804
-5210
-6261
-6918
-7178
-7060
-6359
-6264
-5816
-5277
-4350
-3152
-1808
-423
1359
3476
4871
5543
5535
5021
3208
691
-2291
-5058
-7176
-8548
-9206
-9033
-8411
-8252
-8116
-8141
-8289
-7797
-6797
-4933
-2457
-1156
803
3618
4440
3184
2321
1100
-184
-879
-687
2390
5494
6513
6702
7524
7250
6753
4994
1853
-209
-2335
-3341
-2443
-408
413
1390
2053
2399
3105
3151
2985
1574
-376
-2000
-1646
-455
1562
4058
5466
6010
5982
5584
4165
2360
-669
-4220
-7540
-9816
-10229
-9021
-6726
-4026
-865
2523
6365
9655
12404
13927
13615
11955
9174
5912
2895
563
-1838
-3707
-5380
-6329
-5640
-4558
-3144
-1286
219
1138
2596
4039
5400
6718
6884
6025
4508
2943
1425
22
-1793
-3603
-5337
-7068
-7858
-7765
-7166
-6800
-6478
-6172
-5457
-4271
-2913
-1212
550
1831
2731
3576
4087
4472
4170
2827
801
-1308
-3443
-5095
-6371
-8048
-9365
-10311
-10839
-10205
-8982
-7894
-6481
-5190
-3681
-1611
-152
618
1918
3411
3578
3182
2807
2990
3930
5460
8026
8999
7510
6198
5874
4799
1950
-613
-2580
-4354
-5107
-3571
-457
1025
1150
1078
1011
955
1255
1634
1188
2
-897
-197
1760
4472
6910
8301
7967
6648
5244
3273
512
-3410
-7312
-10467
-12241
-12016
-9723
-6249
-2879
417
3916
7587
10772
12858
13748
13050
11002
8978
6698
3948
1464
-640
-2890
-4911
-6091
-6476
-6009
-5091
-3740
-1725
287
1871
4004
6027
7382
8016
8120
7284
5829
4028
1515
-574
-2937
-5296
-7686
-9345
-10243
-10255
-9664
-9163
-7958
-6807
-5066
-3112
-1081
752
2448
3690
4657
5736
6040
5484
3940
1538
-1444
-3925
-6407
-8390
-9791
-10592
-10300
-9773
-9313
-8525
-6907
-6006
-4871
-2087
144
1497
2116
2603
3828
4062
2917
1800
1769
1479
2343
4503
5712
5864
4641
3643
3593
3155
1360
236
-793
-1641
-1209
353
2075
2702
2613
1935
2039
1319
800
446
-738
-1834
-2054
-915
975
3479
5068
6042
6148
5564
4476
3048
552
-2300
-5044
-7644
-8613
-8463
-6866
-4530
-1454
1794
5382
9049
11553
12701
12658
11653
9667
6778
3613
984
-1327
-3054
-4467
-4741
-4846
-4376
-3240
-2020
-426
904
2338
3096
3977
4851
5777
6043
5599
4775
3286
1826
85
-1771
-3769
-5688
-7897
-9445
-10123
-10119
-9586
-9031
-7970
-6376
-4508
-2542
-302
1660
3377
4581
5359
5720
5394
4161
1958
-583
-3396
-5700
-7386
-8481
-8974
-8853
-8007
-6645
-5497
-5580
-5249
-3929
-3460
-2898
-1206
-579
17
1567
2496
2790
2285
1322
1254
1854
1332
2994
5715
5767
5280
5086
4650
3829
2669
707
58
-557
-1141
-52
1207
1522
1567
1594
734
811
382
-17
-401
-1250
-1509
-444
1348
2711
4641
5647
6009
5590
4458
2835
746
-2097
-4878
-6948
-8530
-8479
-7318
-5429
-2930
576
4511
8764
12231
14191
15000
13791
10878
7493
3534
-423
-3458
-5747
-6799
-6400
-5222
-3748
-1662
-458
680
1924
2660
3446
4162
4287
4088
4328
4037
3897
3245
1971
357
-1512
-3665
-5408
-6831
-8390
-9033
-9413
-9293
-8490
-6878
-5479
-3880
-2238
-815
841
2096
3292
3976
4071
3264
2240
952
-664
-2018
-3716
-5477
-6629
-7419
-8008
-7777
-7253
-7677
-7723
-6561
-5853
-4621
-2045
-19
428
446
953
2271
2640
1244
1227
2488
3201
5234
8793
9583
8557
7609
6283
4678
2233
-74
-1616
-2549
-3615
-2575
-637
380
1201
1390
1314
1099
884
-29
-498
-1294
-1626
-582
1391
3658
5572
7157
7536
7432
6118
4422
1744
-1962
-5653
-8555
-10362
-10902
-9513
-7313
-3987
301
5262
9370
12261
14079
14744
13594
10719
7888
4573
1214
-1552
-3477
-4748
-5420
-5389
-4846
-3577
-2445
-994
661
1408
2077
2945
3818
4341
4928
4843
4421
3902
2777
1831
230
-1768
-4087
-6116
-8124
-9368
-9718
-10054
-9759
-9103
-7817
-6009
-3749
-1674
71
1377
2311
3046
3601
3984
4140
3426
2159
555
-1523
-3259
-5033
-6520
-7725
-8895
-9644
-9366
-8891
-8249
-7177
-6449
-5459
-3497
-1914
-910
-58
1215
3220
3805
4186
5650
7644
9232
11560
12369
10521
8033
5253
3430
746
-2284
-4388
-5168
-6042
-5123
-2434
-757
414
668
837
1062
1652
1900
2125
1679
1190
2006
3523
5477
7024
7506
6810
5500
3282
1097
-1174
-4100
-7359
-9878
-11190
-10939
-8827
-5676
-1864
1976
6243
10103
12837
14878
15918
15395
13262
9844
5681
1974
-1247
-4243
-6577
-8932
-10143
-9212
-7448
-4811
-1583
934
2516
4247
5538
6811
7961
7588
6443
4694
2976
1738
652
-964
-2876
-5109
-7559
-9006
-9702
-9947
-9927
-9815
-9491
-8354
-6087
-3272
-415
1858
3230
4072
4714
5371
5397
4203
2224
173
-1970
-3840
-4815
-5282
-5822
-7191
-8523
-9613
-10174
-9699
-8549
-7460
-6068
-4383
-2638
333
1838
1646
2288
2282
1208
2420
3886
6276
10244
11596
10939
10359
9490
7346
5470
610
-2980
-4492
-6608
-6007
-3375
-1531
-1343
103
375
1319
1956
2122
2174
763
-555
57
2482
3777
5976
7114
7393
6800
5830
4376
2621
-145
-4512
-7784
-10453
-11324
-10662
-8802
-6598
-3183
444
4994
10166
13596
15474
16026
14740
11914
9607
6108
2556
-716
-4224
-6805
-8041
-8442
-7634
-6166
-4982
-2944
-534
1424
3726
5897
6840
7774
7593
6794
6024
4889
3143
1131
-1272
-3945
-5913
-7934
-9009
-9464
-10023
-10217
-9771
-9363
-7928
-5682
-3921
-1939
187
1653
2977
4532
5286
5576
4620
2869
1162
-1066
-3679
-5678
-7511
-9335
-10155
-10294
-9856
-9202
-8386
-7100
-5684
-3994
-2102
-1055
1
736
1210
2053
2877
2919
3733
6047
8470
11662
12035
10581
8979
6545
3487
348
-2435
-5096
-5958
-6574
-4837
-1863
33
1257
1882
2151
1983
2256
1792
1566
781
367
1445
3342
5573
7444
8355
7553
6212
4127
1490
-1319
-4355
-7722
-10161
-11260
-10882
-9006
-6318
-3104
286
3730
7065
10828
13392
14360
14422
13152
10889
8353
5433
2104
-1267
-4254
-6818
-8156
-8623
-8230
-6759
-5415
-3025
-486
2387
4874
7152
8417
8600
8757
7552
6502
4491
2504
164
-2155
-4418
-6338
-7559
-9122
-9551
-10093
-10045
-9601
-8484
-7171
-5481
-3362
-1248
1370
3263
4922
5739
5551
4480
2592
251
-1552
-3205
-4926
-6182
-7509
-7936
-7516
-8509
-9533
-8354
-7714
-6972
-5068
-3531
-1880
-278
-172
551
1808
1138
2035
3865
4237
5583
8032
9240
9550
8635
6387
5312
3700
585
-1420
-2576
-3641
-3292
-2074
-448
1111
1289
878
1017
686
-165
-275
-785
-1288
-677
972
3308
5651
7194
8072
8104
6589
4828
2679
-276
-3435
-6319
-8727
-9703
-9246
-8069
-6001
-3619
-867
2540
6570
10121
12440
13602
13566
12338
10274
7525
4321
955
-2257
-4685
-6086
-6540
-6461
-5486
-4415
-2957
-1057
750
2667
4195
5553
6144
6250
6206
5888
4938
3558
1937
-284
-2195
-3906
-5660
-7145
-8318
-9188
-9516
-9420
-8797
-7344
-5868
-4548
-3045
-1257
890
3064
4669
5075
4527
3253
1599
-268
-2308
-4325
-6511
-7979
-8425
-7760
-6525
-5836
-5805
-5820
-5818
-6000
-5628
-4918
-4057
-3192
-1945
-559
1176
2862
4054
4876
4553
4886
6026
8019
8730
7459
5856
4394
3436
1667
424
-724
-1450
-2140
-1771
28
895
1029
605
576
-249
-663
-498
33
205
38
1205
2810
4986
6756
7970
7764
6548
4567
2317
187
-2302
-4804
-7332
-8965
-9487
-8359
-6545
-4184
-1808
722
4206
8347
11448
13042
14534
14526
13286
10425
6531
2676
-971
-4684
-7527
-8373
-8703
-7556
-5609
-3436
-590
1875
3356
4651
5664
5988
6412
6250
5519
4785
3747
2325
959
-828
-2822
-4841
-7118
-8973
-9981
-10478
-10561
-9962
-9189
-7527
-5465
-3385
-1005
1117
2744
3838
4442
4109
3457
2060
-130
-2037
-3717
-5437
-6764
-7320
-7298
-6918
-6925
-6898
-6133
-5563
-5785
-5454
-4160
-3181
-2906
-2458
-1266
623
2161
2586
3381
4070
4652
6253
8453
9445
8346
7011
5987
5409
3760
1453
-202
-1794
-2783
-2382
-308
1188
1512
999
567
334
-47
-5
-185
-727
-1409
-650
1436
3934
6192
7637
7996
7336
5992
4208
2271
-493
-3881
-7042
-9078
-9834
-9086
-7405
-5344
-3090
-655
2447
6283
10052
12325
13961
14723
13832
11395
8259
4853
766
-3205
-6832
-8686
-8820
-8041
-6127
-3595
-1223
720
2632
3861
5000
5940
6036
5480
4730
4067
3369
2833
1619
78
-1831
-3920
-5851
-7482
-8606
-9563
-10201
-10430
-9751
-8388
-6243
-3890
-1706
254
1793
3045
3798
4085
3591
2362
465
-1223
-2359
-3569
-5073
-6613
-7426
-8077
-8513
-8268
-7654
-7068
-6311
-5202
-4451
-3210
-2249
-1323
37
886
1804
2598
3235
3838
5130
6068
7045
8140
8210
7734
6836
5731
4145
2006
-572
-2284
-3068
-3042
-2006
-757
-90
336
764
1256
1724
1821
1554
892
446
377
1574
3015
4371
5467
5860
5506
4833
4000
2189
107
-2699
-5448
-7469
-8393
-8301
-7318
-5818
-3785
-735
2945
6873
10476
13380
14929
15205
13640
10937
7649
3936
70
-3502
-6051
-7644
-7772
-6681
-5043
-3128
-1470
16
1427
2719
3980
4895
5255
4882
4824
4334
3742
2930
1613
-257
-2449
-4173
-6147
-7296
-8604
-9293
-9784
-9992
-9542
-8408
-6497
-4482
-1777
228
2103
3525
4315
4111
3334
1865
30
-1395
-2866
-3922
-4914
-5667
-6212
-6769
-8171
-8838
-8489
-7938
-6844
-5806
-4891
-3382
-1444
-75
1149
1406
747
954
1341
1759
3298
5537
7961
9773
9742
8841
8750
7487
4817
1579
-1718
-4053
-4782
-3842
-2056
-97
541
1237
1945
2292
2463
2265
1124
-722
-1875
-1772
75
2309
4586
6217
7161
7221
6971
6157
4174
1315
-2486
-6075
-8793
-9896
-9586
-8090
-6333
-4144
-1309
2087
6285
10826
14634
16631
16518
14155
11320
8386
4715
496
-3875
-7546
-9208
-8452
-6617
-4115
-2279
-1617
-702
391
1980
3985
5403
5087
4439
4062
3759
4179
3622
2192
-166
-2778
-4994
-6083
-6771
-7784
-8641
-9990
-10183
-9153
-7194
-5274
-3658
-2319
-1140
264
1624
3114
3496
3122
2503
1781
992
60
-1212
-2730
-4764
-7476
-9248
-9789
-9778
-9451
-8802
-8043
-6849
-5506
-3681
-852
916
1289
1792
2755
3283
3430
3439
3417
4083
4971
6841
8710
8799
7833
6572
4714
1674
-957
-2969
-4174
-4808
-4607
-2745
-674
1052
2118
3076
3254
3110
2797
2080
1461
717
746
1261
2522
3966
5274
5918
5539
4500
2813
789
-1640
-4036
-6324
-7932
-8436
-7629
-5878
-3169
94
3878
7711
10825
13670
15572
15607
13405
10356
6390
2280
-1358
-4521
-6450
-7418
-7232
-6292
-4558
-2968
-1224
295
1090
2218
3242
4116
4701
5223
5035
4491
3837
2594
1310
-450
-2328
-4242
-6161
-7796
-8747
-9152
-9408
-8999
-8265
-7129
-5531
-3857
-2043
-266
976
1459
1543
1631
1825
2113
1836
992
-67
-1259
-2805
-4826
-6735
-8804
-10453
-10989
-10358
-8939
-7439
-5916
-4110
-2305
-1219
-252
1232
2024
2639
3263
3548
4293
4864
5855
7149
8835
8742
7633
6608
4949
3470
612
-1815
-3903
-4837
-4903
-3321
-977
59
1431
1918
2456
2627
3020
2844
1942
892
137
936
2176
3899
5261
5737
5345
4579
3421
1979
-77
-2587
-5061
-6888
-7560
-6997
-5553
-3935
-1642
444
3148
6310
9491
12806
14715
14354
12573
10774
7604
4000
521
-3357
-6118
-7832
-8010
-6401
-4209
-2976
-1560
-24
738
2442
3904
4607
4902
4677
3718
3308
3015
1877
678
-1376
-3401
-5049
-6152
-7024
-7259
-7772
-8328
-8082
-7730
-6684
-5444
-4129
-3146
-1725
-245
1482
2894
3257
3139
2537
1520
-15
-1552
-3474
-5077
-6736
-7864
-8042
-7743
-7670
-7520
-6997
-6997
-6626
-6305
-5423
-3914
-2047
-200
2181
4603
5549
5949
6115
7416
9466
10403
9447
8020
6738
5210
3689
1167
-1576
-3690
-5017
-5035
-3279
-1092
187
598
342
578
1369
2208
2493
1998
922
492
1377
2900
4758
5961
6128
5268
4061
2937
1650
-299
-2979
-5527
-7383
-8038
-7408
-5804
-3878
-2127
-387
1918
4644
7228
9879
12679
14139
13373
11678
9815
7207
3850
9
-3952
-7112
-8870
-8634
-6802
-4486
-2622
-719
500
1490
3434
5058
5733
5409
4859
3914
3761
3352
2337
1089
-1140
-3416
-5514
-6579
-7576
-8348
-9586
-10126
-9502
-8774
-7328
-5588
-3508
-1856
-79
1395
2697
3375
3236
2696
1551
393
-893
-2130
-3055
-3792
-4948
-5923
-6627
-7600
-8328
-8665
-8986
-8524
-7852
-7054
-5898
-4214
-1856
1172
3578
4600
6303
7724
10129
13097
14369
12592
9899
7791
5374
3214
113
-2205
-4403
-6126
-5959
-3482
-1218
-258
406
-46
-342
14
1038
1499
1364
510
910
2571
4713
7004
8486
8651
7230
5561
3366
1681
-825
-3842
-6614
-8686
-9397
-8682
-6602
-4546
-2065
581
3379
5644
7709
9904
11575
11996
11274
9850
8012
6114
4146
1932
-1170
-4074
-6243
-7156
-6893
-5383
-3605
-2390
-1396
-307
1678
3741
5528
6385
6261
5414
4619
4138
3507
2340
81
-2507
-4815
-6425
-7553
-8354
-9402
-10588
-11219
-10892
-9388
-7128
-4716
-2804
-1300
17
1572
2979
3619
3635
3117
1960
452
-788
-1607
-2669
-4584
-6715
-8305
-9357
-9457
-9048
-8448
-7704
-7997
-8274
-6862
-4075
-1844
31
1164
2524
4874
6200
8238
10964
13286
13166
11656
9802
8319
6876
2868
-631
-3792
-5959
-6722
-5391
-2825
-1295
-286
-560
121
647
1295
2006
1586
871
334
1355
2904
5213
7066
7647
7378
6188
4930
3336
1152
-1720
-4956
-7715
-9224
-9233
-7940
-5851
-3385
-1433
778
3500
6206
8616
10495
12916
14435
14162
12119
9777
7431
3812
-316
-4771
-7870
-9506
-9360
-7363
-4481
-1566
-117
1327
2538
4196
5914
6459
6082
4858
3985
3019
2960
2434
1262
-464
-2881
-4669
-6080
-6921
-8218
-9560
-11161
-11861
-11321
-9854
-7475
-5150
-3052
-1251
615
2499
4195
4711
4042
2423
631
-994
-1849
-2428
-2998
-4277
-6299
-7499
-7953
-7725
-8527
-9036
-8985
-8275
-6860
-4623
-2063
-1394
-950
-1105
518
3233
5215
7633
10491
13590
13868
13401
11873
10332
7432
2062
-1360
-3779
-4681
-5708
-4674
-3543
-2835
-1615
-986
618
668
1027
554
-40
-698
-259
1722
3386
5479
6997
8011
8105
7678
6315
4224
1068
-2493
-6113
-8495
-9750
-9827
-8972
-7610
-5066
-2633
1025
4622
7996
9849
10977
12219
12679
12597
11114
9347
6742
3779
436
-2793
-5170
-6856
-7658
-7624
-6495
-4264
-1797
395
2507
4386
5968
6637
6800
6331
5679
4751
3443
2198
699
-683
-2742
-4734
-6639
-8357
-9781
-11179
-11850
-11934
-10994
-9501
-7262
-4874
-2330
336
2442
4002
4784
5057
4558
3323
1365
-695
-2987
-5185
-6821
-7609
-7788
-7751
-7846
-7675
-6981
-6605
-6263
-6206
-5890
-5295
-3798
-2162
-111
1746
2894
4097
5008
6809
9427
12129
12105
10926
9462
7862
6010
3114
467
-1946
-3675
-4819
-3530
-1663
-565
-247
-597
-752
-631
36
488
841
507
493
1462
3320
5732
7880
8698
7999
6560
4874
3089
731
-2228
-5442
-8192
-10038
-9910
-8209
-5990
-3638
-1553
622
2928
5580
8515
10754
10936
10061
10268
10357
10175
9219
6736
3065
-1180
-4596
-6797
-7536
-8587
-8318
-6836
-4719
-1273
2529
5649
7063
7963
7404
7246
6886
5844
4377
2177
-258
-2509
-3824
-5621
-6767
-8437
-10055
-11097
-11413
-10882
-9575
-7849
-6567
-4565
-2585
83
2465
3970
4435
4182
3607
2685
1285
-894
-2860
-4977
-6388
-6868
-7003
-7388
-7715
-8549
-9393
-9293
-9042
-8647
-7905
-6662
-5520
-3148
-380
2677
5401
6556
8454
12155
15485
15258
14009
12018
9512
6744
2945
179
-1701
-3232
-4857
-4263
-3107
-2313
-1412
-1646
-1838
-2102
-1865
-1556
-1048
-947
-179
2074
4145
6674
9453
11261
11328
10064
7876
5103
1595
-2714
-6653
-9758
-12139
-12669
-11368
-9231
-6345
-3212
-62
2976
6050
9114
12094
13893
13357
12221
11595
10934
9321
6643
3453
-267
-3436
-5729
-6816
-7309
-7940
-7473
-6198
-3787
-659
2999
5607
6561
7191
7409
7884
7370
6578
4704
2023
-437
-2856
-4607
-6437
-7972
-10188
-11714
-12454
-12276
-11028
-9564
-7727
-6014
-3837
-1292
1824
4158
5386
5683
4984
3397
1411
-608
-2389
-3772
-5209
-5847
-6230
-6681
-7497
-8304
-9335
-9901
-10281
-10731
-9711
-8534
-6331
-2527
781
2037
3524
5761
7758
10696
13023
14461
13866
11101
9319
8944
6938
2915
116
-2491
-4351
-4308
-2884
-804
-399
-1467
-2469
-2035
-1549
-751
-262
-924
-1065
-257
2044
5201
8395
10117
10522
9717
8190
6731
4533
1104
-3168
-7447
-10993
-12614
-12458
-10761
-8472
-6059
-3316
131
3733
7228
10689
12588
12593
11671
11632
12079
11529
9293
5979
2150
-1915
-5051
-7098
-8442
-9298
-9354
-8032
-5119
-1509
2169
5192
6898
7581
8049
8238
7932
7206
5350
2987
714
-1335
-3311
-5211
-7270
-9419
-11029
-12342
-12816
-12373
-11404
-10010
-8028
-5542
-2739
220
2742
4686
5867
5881
4771
3235
1583
-198
-2209
-4114
-5967
-7598
-8686
-9761
-10556
-10715
-10284
-9083
-6879
-5202
-4165
-2121
-12
842
501
-90
523
2102
3941
7592
12707
14983
13980
13194
12513
10516
6251
1151
-2900
-5917
-7659
-6600
-3121
-1112
-116
600
1284
2036
2423
2158
691
-1322
-3232
-2560
-110
2772
5748
8190
9444
9667
9840
9045
6675
2403
-2711
-7466
-11178
-13221
-13005
-11393
-9351
-6562
-3060
1000
5246
9800
14120
16671
15833
13600
12174
9959
7519
4616
774
-3113
-5715
-6480
-5754
-4194
-4676
-4559
-4268
-3542
-792
2525
5142
5751
6318
5551
6392
7029
6709
5701
2964
248
-2726
-3993
-5740
-6834
-9126
-11521
-12783
-13269
-11959
-10252
-8026
-6809
-4809
-2620
402
3615
5592
6054
5179
4090
2484
715
-1407
-3357
-5746
-8058
-9375
-9677
-10010
-10590
-10403
-9001
-7369
-5967
-4394
-3128
-1752
-230
836
1147
1257
1174
2203
5442
9642
13393
14539
13089
11451
10243
8139
4657
992
-2928
-5813
-6742
-5239
-2052
-108
487
116
247
345
953
1178
-153
-1802
-3015
-2003
403
4152
7493
9641
10166
9429
8852
7526
5099
1070
-3683
-8339
-11598
-12717
-11887
-9716
-7180
-4678
-1748
1956
6057
9490
11591
12402
11924
11276
10968
10804
9771
7609
4202
315
-2869
-5280
-6869
-7771
-8147
-7740
-5745
-2933
509
3676
5707
6596
7126
7280
6999
6667
5185
3373
941
-1238
-2989
-4446
-5961
-7731
-9300
-11179
-11894
-11901
-11112
-10185
-8934
-6943
-4422
-1250
1709
4095
5268
5754
5262
4091
2402
144
-2437
-4795
-6613
-8074
-8810
-9392
-9274
-8458
-7779
-7305
-6467
-5831
-5663
-4168
-2981
-2333
-1564
-1450
-653
1656
6135
11495
16424
16882
15022
14327
12477
9713
4848
28
-4383
-6734
-7111
-4524
-337
782
1046
198
-28
-284
15
-395
-2286
-4370
-5743
-3588
155
4641
8562
11144
11680
11307
10807
9448
6599
1825
-4015
-9244
-12485
-13385
-11944
-10081
-7759
-5586
-2849
381
4005
7527
9677
11062
11728
12705
13076
13529
13003
10180
6006
1040
-3270
-6480
-8217
-8785
-8348
-7270
-5696
-2861
356
3488
5908
6846
6958
6516
6195
5415
4552
3472
1802
-16
-1818
-3070
-4718
-6496
-8820
-11153
-13167
-14264
-13817
-12475
-10026
-7223
-4340
-1614
1386
3873
5382
5838
5261
3857
1604
-551
-2051
-2960
-4168
-5425
-6825
-8107
-8911
-8843
-8900
-9746
-10436
-10855
-10450
-8723
-5642
-2592
-30
1711
4333
8127
12022
16087
18993
18548
15015
11871
9228
6878
3199
-794
-3567
-5234
-5329
-3377
-71
1113
905
-649
-1985
-2549
-2734
-2818
-3390
-3733
-3613
-1045
2832
7225
10917
12908
12908
11338
9331
7037
4051
-479
-5386
-9644
-12487
-13410
-12070
-9662
-7052
-4512
-1628
1750
4834
7624
9677
10558
10450
10976
11608
11179
10218
8743
5928
2051
-1773
-4887
-7118
-8414
-8609
-7472
-5592
-3624
-614
2489
5003
6685
7643
7657
7187
6798
5568
4405
2809
976
-1144
-3329
-5343
-7277
-8939
-10863
-12174
-13270
-13429
-12454
-10960
-8662
-5830
-2973
-551
1953
4175
5684
5951
4654
2949
1089
-890
-2849
-4673
-6405
-8018
-8748
-8706
-8461
-8180
-8133
-7902
-7107
-6746
-6154
-4176
-2107
-1588
-345
1475
3732
6521
8421
11311
13884
14696
12792
11297
8964
6257
3465
-725
-2551
-3668
-3000
-1956
551
1558
1559
1193
-310
-371
-1529
-1909
-3173
-3761
-4070
-2241
962
4050
7690
9844
10982
10416
9673
7637
4860
622
-3884
-7923
-10702
-11667
-11097
-9258
-7335
-4735
-2152
1296
4446
7832
10305
11532
12064
11663
10797
9715
8809
6642
4001
938
-2093
-3646
-4509
-5208
-5493
-5508
-5188
-3894
-1565
734
3507
5306
6105
6743
7067
7144
6504
5248
2795
640
-1692
-3799
-5475
-7027
-8668
-10654
-12241
-13071
-12577
-11599
-9885
-7614
-5082
-2257
1076
3960
5846
6451
5506
3444
1147
-954
-2966
-4661
-6450
-7387
-7895
-7822
-7358
-6828
-6647
-6833
-6980
-7399
-7129
-5707
-2421
105
619
645
1304
3033
5316
6578
6480
7408
8429
9206
9460
9029
8179
6558
3379
469
240
161
250
13
-330
-940
-1365
-1291
-1002
-629
-1887
-2622
-3070
-2595
-1287
896
3436
5459
7135
7792
8675
8772
7744
5435
2380
-1119
-4307
-6846
-8472
-9000
-8934
-8227
-6773
-4179
-1207
2316
5162
7101
8453
10003
11429
11817
12062
11143
9324
6884
3624
332
-2442
-4603
-6769
-7557
-7324
-6151
-3686
-1826
651
2935
4793
5719
6610
7196
6644
6037
4145
2799
1027
-662
-2658
-4757
-6675
-8879
-10440
-12122
-12608
-12573
-11614
-10139
-8136
-5272
-2084
940
3191
4713
5071
4305
2714
734
-1198
-2673
-4217
-5727
-6994
-6946
-6750
-7087
-7331
-6962
-6273
-6721
-6736
-6035
-4508
-3466
-2535
-1730
-1219
872
3430
5912
7099
8757
11558
13039
12026
10275
9581
7422
4230
1236
-669
-1266
-1716
-1516
-431
328
-3
-524
-1068
-1957
-2688
-3337
-4086
-4097
-3659
-1743
1284
4555
7614
9865
11320
11132
10375
8286
5226
1250
-3099
-6692
-9502
-10706
-10602
-9356
-7636
-4915
-1536
1726
5027
7924
9929
12058
13441
12716
10846
8949
6978
4668
2280
-676
-2489
-3557
-4349
-3837
-2982
-2829
-2851
-2554
-2321
-806
1619
3358
4948
6057
6398
6840
6791
6000
4231
1526
-1922
-4921
-7556
-9860
-11139
-12394
-12861
-12462
-11298
-9600
-7219
-4700
-2489
-389
1368
2826
3645
3757
3039
1643
-186
-1718
-3196
-4542
-5261
-5404
-6067
-7070
-7506
-8110
-8822
-8877
-8224
-7429
-6439
-4969
-2993
-1305
557
2849
4484
4236
4645
7178
10305
12259
11725
11105
10189
8866
6755
4742
2335
-607
-2434
-3641
-2649
-1423
-649
-819
-1748
-2649
-2967
-2216
-2315
-2640
-3008
-2366
-471
2089
5422
8549
10335
10539
9878
8680
6718
3790
-140
-4471
-8184
-10850
-11568
-10879
-9034
-5941
-2160
1778
5099
8099
10471
12210
12669
11548
9658
7365
5554
4193
3258
2175
375
-1373
-2623
-3089
-3071
-2831
-2934
-3361
-3262
-2320
-150
2467
4534
5862
6369
6378
6333
6066
4854
2589
-497
-3915
-6563
-8240
-9373
-10228
-11003
-11485
-11392
-10477
-8816
-6739
-4556
-2360
-176
1633
3277
4410
4466
3575
1878
-143
-2424
-4294
-5382
-5979
-6627
-7407
-7922
-8737
-8748
-8103
-7267
-7004
-7404
-6291
-4170
-1882
-410
1528
2735
3877
6189
7906
10537
12325
13033
11438
9663
7943
6234
4520
863
-940
-2571
-2963
-2531
-680
495
72
-269
-1525
-1437
-1837
-1694
-2024
-2321
-2404
-1203
1610
4627
7653
9310
9919
9308
8246
6006
3608
184
-3544
-7264
-9886
-10912
-10449
-8410
-6494
-3551
-626
3155
6741
9849
11983
12641
11739
9608
7821
5864
4040
2546
1200
-183
-1008
-1672
-1678
-2088
-2436
-2972
-3391
-3279
-2469
-515
884
3038
4199
5332
6045
6308
6276
4966
3228
233
-1976
-4465
-6363
-8131
-10003
-11018
-11845
-11856
-11683
-10295
-8691
-6412
-3804
-1245
1579
3858
5298
5115
4182
2634
832
-1586
-3539
-4537
-5706
-6708
-7157
-7370
-7952
-8320
-8385
-8178
-7882
-7464
-6568
-5614
-4267
-1766
364
1786
3612
6088
8935
12346
15487
16003
14278
11641
9890
7847
4103
645
-1717
-3579
-4761
-3504
-1173
245
461
-477
-1266
-2098
-2627
-2684
-3095
-3573
-3296
-1192
1716
5483
9147
11304
12035
11109
9529
7170
4329
361
-4179
-8012
-10900
-12029
-11603
-9792
-7132
-4164
-1038
2229
5871
9112
11197
12145
11676
10768
8978
7229
5689
3889
2118
-131
-1537
-2901
-3292
-3707
-3643
-3306
-3277
-2222
-1497
107
1614
3418
4321
4981
5788
5846
6035
4959
3751
1689
-493
-2973
-5437
-7717
-10177
-11729
-13115
-13403
-12961
-11547
-9472
-7072
-4333
-1545
1279
3211
4382
4666
4191
3137
1517
-585
-2745
-4860
-6599
-7744
-8252
-8692
-8945
-8668
-9028
-8742
-8040
-7732
-7652
-6767
-5043
-3068
-398
1482
3914
7842
13166
18875
20490
18573
16717
14836
10786
4907
657
-3285
-5991
-7352
-5599
-1046
736
1795
1269
876
-1051
-2151
-2400
-4280
-5334
-6867
-4428
-959
3592
8071
11481
13617
13030
12511
10476
7650
3118
-2528
-7624
-11613
-13399
-12989
-11562
-9346
-7082
-3700
431
4799
8889
11165
12664
12069
11315
9676
8227
7065
4737
2447
19
-1075
-2188
-2797
-3186
-3498
-3648
-4048
-3117
-1511
288
1873
3098
4063
4999
5996
6507
6791
6344
4923
2997
952
-995
-2841
-5087
-8076
-10807
-12830
-13952
-14290
-13876
-12490
-10460
-8018
-4988
-1196
2390
4922
6248
6003
5017
3684
2069
259
-1773
-3785
-6135
-7943
-8807
-8782
-9546
-10644
-10027
-9166
-9022
-8436
-6705
-5025
-3303
-2093
-1013
1214
3630
6811
11353
15614
17982
18080
16085
13666
11559
7203
1913
-2133
-5358
-6900
-5785
-2530
28
1215
998
761
414
-523
-837
-2045
-4136
-5729
-4885
-2040
1969
6260
9388
11374
12078
11722
10745
8517
4661
-574
-6073
-10113
-12467
-12832
-11937
-9918
-7669
-4841
-748
3542
8018
11177
12420
12291
12048
11219
9392
7761
5686
3107
151
-2481
-3565
-3795
-4221
-4405
-3852
-3437
-2401
-358
1388
2938
4211
4544
4538
4946
5251
5346
4919
4051
3003
1825
503
-1052
-3231
-6184
-8991
-11719
-14007
-14973
-14572
-13392
-11487
-8734
-5343
-1820
1473
4074
5639
5789
4594
2816
925
-614
-2182
-3833
-5199
-5995
-7051
-8460
-9453
-10209
-10589
-10444
-9572
-7542
-4946
-3573
-2140
1051
2830
3116
3460
4627
6484
8214
10261
11984
12732
9701
8049
7620
5566
3011
349
-893
-2672
-2165
-1279
1016
1660
782
891
28
-257
-1051
-970
-2253
-2932
-3168
-2020
715
3358
5629
7172
8158
7843
7543
6327
4571
1287
-2169
-5858
-8244
-9407
-9248
-7892
-6625
-4155
-1516
2268
6030
9963
12056
12256
11816
10542
8699
6275
3976
1399
-1105
-3055
-3938
-3777
-3240
-2734
-1839
-1491
-605
698
2033
2941
3686
4299
4107
4429
4624
5061
4597
3564
2256
810
-717
-2825
-4800
-7022
-9032
-11163
-12779
-13252
-12501
-11047
-9219
-6683
-3973
-1020
1749
4084
5809
6706
6159
4017
1689
-792
-3104
-5539
-7783
-9156
-9904
-10072
-9945
-8937
-8712
-8035
-6448
-4843
-2833
-1629
-1021
-737
333
482
398
870
1890
5647
9578
12102
12864
12681
11673
9733
7113
3616
1631
-612
-2759
-2557
-941
844
1568
1988
1256
346
-899
-2355
-3271
-5042
-6006
-5762
-3898
-869
3259
7325
10008
11660
11818
11115
9039
5679
1502
-3059
-7325
-10304
-11571
-11117
-9500
-7199
-4330
-816
3075
6734
9976
11435
11553
10614
9273
7709
6091
4486
2484
965
-395
-1047
-1533
-2224
-2877
-3338
-3402
-3046
-1609
-14
1497
2872
3868
4901
5679
6092
5681
4761
3273
1414
-350
-2082
-3529
-5429
-7322
-9122
-10424
-11258
-11496
-11004
-10143
-8491
-6520
-3673
-536
2567
4800
5794
5748
4508
2648
11
-2366
-4593
-6398
-7499
-8089
-8056
-8076
-7889
-8045
-8160
-7876
-6966
-4884
-3062
-1471
-678
42
139
-863
-1329
-1235
718
3328
7485
11413
13473
14105
13546
12980
9986
6281
2537
-171
-2045
-2906
-1607
-329
500
365
193
-145
-909
-1809
-3218
-5059
-6357
-6353
-4206
-944
3094
7031
9876
11935
12342
12262
10373
7060
2207
-3103
-7424
-10848
-12097
-12114
-10669
-8629
-5849
-2044
2101
6212
9494
11242
11347
10746
10141
9106
7814
6383
3961
1825
-53
-1233
-1786
-2787
-3585
-4480
-4385
-3949
-1977
465
1916
3800
4322
5321
5747
6457
6011
4370
2881
614
-231
-2329
-3653
-5502
-7490
-9445
-11217
-11388
-11576
-10436
-9875
-8324
-6227
-3621
-482
2114
4276
5199
5481
4598
2892
773
-1633
-3967
-6209
-7512
-7753
-7804
-7351
-6874
-6390
-6182
-5689
-5045
-4999
-4396
-3265
-1770
-1097
-600
64
-374
-811
-400
1754
4025
6306
9017
10880
11898
11711
12088
10814
7751
4258
1532
-45
-1337
-1326
-1457
-1578
-2499
-2906
-2604
-2231
-2215
-2670
-3335
-3769
-2877
-935
2010
4772
7404
9110
10499
10638
9968
8239
5051
931
-3849
-7356
-10075
-11134
-11209
-10018
-8014
-5266
-1789
2044
6517
10166
12469
13625
13608
12506
10866
8289
5483
2331
-722
-3373
-4441
-4790
-4821
-4060
-4090
-3182
-2303
-870
475
2099
3566
4150
5233
5104
5778
5398
4425
3010
1174
-589
-3174
-4979
-7509
-8871
-10323
-11382
-11447
-10967
-9401
-7702
-5182
-3007
-215
2119
3805
4891
4923
4325
2640
614
-1624
-3547
-5413
-6681
-6835
-6657
-6436
-6561
-6463
-6429
-6428
-5768
-4833
-3769
-3091
-2024
-1480
-961
-308
-607
-1137
-1997
-1797
-768
1724
4588
7977
11222
11695
11824
11564
11027
8814
5439
1774
-1371
-2575
-3811
-2790
-1993
-1848
-1958
-2155
-1754
-1878
-1070
-1846
-2079
-2347
-1435
1282
4162
7335
9148
10372
9666
8657
6891
4185
610
-3795
-7813
-10597
-11611
-10955
-8914
-6280
-3453
-551
3299
7028
10525
12727
13889
13597
12316
10439
8359
6101
3280
335
-2655
-4681
-5841
-5446
-5339
-4144
-3442
-1909
-435
1251
3585
4666
6042
5083
5082
3609
3168
2191
547
-642
-2988
-3901
-6138
-6680
-7955
-8430
-9006
-9371
-8201
-7047
-4536
-2785
-535
894
2064
2903
3313
3449
2448
1066
-802
-2653
-4232
-5492
-6140
-6494
-6423
-6070
-5518
-4394
-3890
-3699
-3537
-2999
-3051
-2814
-1967
-1525
-1343
-2345
-2779
-2452
-2709
-3474
-2856
-2106
-1658
750
4319
7384
9572
10141
10286
10475
8948
7178
4913
1773
-2061
-3620
-4257
-3896
-2430
-2437
-1734
-1637
-560
376
1918
2365
2027
2359
2078
3769
5007
6333
6445
5744
4116
2307
1081
-663
-2428
-4889
-6827
-7802
-7303
-5775
-3174
-634
1915
4113
6734
9427
11678
13076
12647
11521
9368
7061
4117
1837
-674
-3098
-4746
-5589
-5261
-4187
-2517
-1010
807
1736
3004
4126
4865
4898
4510
3392
1697
548
-1266
-2533
-3883
-5018
-6191
-6844
-7096
-7169
-6552
-6081
-5105
-4036
-2851
-1740
-537
228
773
1417
1491
1151
793
360
-446
-1098
-2207
-3371
-4091
-4689
-5177
-5206
-4886
-4498
-3700
-2946
-2535
-2303
-2350
-2610
-2641
-2910
-3101
-3136
-2921
-2751
-2405
-2015
-2584
-2679
-2296
-1309
-214
1613
3747
5665
7682
8693
9210
8293
6264
3744
1696
-653
-2813
-3824
-4320
-3929
-2849
-963
709
2431
3177
3713
3974
3690
3448
2768
2196
1259
1178
1079
1303
1515
1256
985
245
-292
-1057
-1532
-2070
-2523
-2531
-2099
-1094
300
2252
4326
6037
7325
8194
8755
8827
8271
7170
5385
3094
986
-655
-2017
-2847
-3464
-3571
-3191
-2015
-546
1329
3018
3619
3829
3161
2806
1776
546
-1179
-2909
-4243
-5431
-5180
-4999
-4113
-3575
-2916
-2470
-2003
-1120
-801
-436
-992
-1347
-1659
-1572
-1254
-864
-318
-259
-126
-327
-375
-508
-1160
-2308
-3693
-4732
-5403
-5263
-4541
-3473
-2207
-1407
-1282
-1862
-2612
-3201
-4074
-5114
-6056
-6323
-5933
-4932
-3425
-2452
-1732
-1349
12
1867
3975
6777
9072
10109
8740
7777
6593
5094
2557
-445
-2268
-4005
-3834
-2956
-747
433
1086
1995
2329
3205
3002
3097
1974
539
-413
-503
810
1579
2521
2682
2581
2423
1985
1889
919
-168
-1584
-2988
-3434
-3302
-2145
-1341
-311
1237
3082
5447
7526
9853
10328
9183
7472
5295
3262
1079
-400
-2012
-3247
-3714
-3270
-1923
-1031
-341
72
216
552
1134
1644
1659
1146
85
-1268
-1958
-2465
-2777
-3017
-3209
-3069
-2634
-1524
-620
-36
-199
-591
-1212
-1997
-2483
-2795
-2782
-2675
-1962
-1049
-16
1088
1848
1731
769
-227
-1289
-2523
-3520
-4193
-4497
-4679
-4330
-3100
-1992
-1661
-2062
-2490
-3537
-4586
-4574
-4296
-4188
-4551
-4573
-4094
-3461
-2747
-2615
-2769
-2610
-974
1797
4993
8276
10027
9557
8225
7052
5660
3320
504
-1267
-3048
-3308
-1917
931
2710
2895
3293
2024
1544
362
448
-314
-1888
-2203
-2157
51
1443
4026
4995
4859
4385
2993
2540
1242
242
-1693
-3634
-4612
-4907
-3518
-2043
-499
1253
2773
4634
5689
7448
8537
9021
8935
6920
5417
3544
2231
451
-1080
-2914
-4721
-4628
-4583
-2901
-1136
-25
568
889
1037
997
1608
828
-298
-1435
-2619
-2776
-2343
-1633
-1063
-497
-530
-516
-265
-562
-869
-1836
-3171
-4070
-4218
-3620
-2527
-882
229
1153
1996
2602
2927
2458
1440
-373
-2045
-3396
-4214
-4459
-4552
-4638
-4743
-4571
-4284
-3681
-3480
-3621
-3600
-2816
-2045
-1633
-1709
-2583
-3271
-4118
-4183
-4110
-3916
-3352
-2262
-13
1809
4663
7099
7908
7318
5940
5658
3939
2576
1207
322
-92
-512
1760
2822
3594
2907
2104
1022
-923
-687
-1268
-914
-1344
-786
564
1584
3688
4509
5203
4211
3222
2232
715
-180
-1620
-2755
-3834
-4190
-3617
-2655
-1079
38
1134
2437
4006
6293
7729
8365
8029
7475
6761
5509
3592
1007
-982
-3020
-4346
-4853
-4542
-4015
-2671
-1241
108
1779
2597
3050
2219
1360
5
-528
-1275
-1967
-1781
-2027
-1238
-811
19
15
-149
-1132
-2527
-3062
-3784
-3507
-3288
-2473
-1390
77
1675
2990
3972
3762
3047
1713
20
-1408
-2688
-3705
-4632
-5401
-5712
-5382
-4748
-4190
-3406
-3014
-2926
-3071
-2506
-1484
-858
-1049
-1449
-1821
-3430
-4608
-5955
-6636
-7014
-6928
-5925
-4536
-1504
1642
6341
9126
9917
9933
8508
7090
4586
3239
1113
-414
-1535
-1590
487
1702
2815
2575
1522
-277
-1197
-1054
-773
-516
-304
-73
871
2455
4422
6114
5841
5142
3034
1507
-177
-1062
-2036
-3835
-4501
-5204
-3978
-2591
-152
1625
2760
4148
5610
7883
9053
9523
8693
6859
4433
1917
-114
-1915
-3417
-4588
-5226
-4729
-3910
-2333
-796
410
1274
1771
2474
2531
2546
1659
940
-96
-1048
-1402
-1562
-1328
-1268
-1063
-1296
-1302
-1405
-1655
-2023
-2157
-2148
-1866
-1185
-103
1235
2189
3140
3510
3446
2541
1393
-3
-1766
-3175
-4476
-5256
-5967
-6242
-6058
-5523
-4919
-4316
-3314
-2739
-1886
-1094
-437
-302
-550
-1535
-3099
-3903
-5460
-6285
-7178
-7498
-7111
-6204
-4047
-1677
2278
5246
8252
9966
9755
9579
7882
5730
2618
389
-1239
-2335
-1763
-1284
358
1366
1915
2286
1395
946
363
572
258
-39
395
694
2009
2988
4040
4461
3893
3033
1342
129
-1075
-2048
-2665
-3458
-3282
-3044
-1678
-294
886
2177
2648
3570
4252
5850
6908
7480
7614
6005
4630
2895
1087
-828
-3005
-4346
-5644
-4861
-3931
-1891
746
1408
3219
2930
3372
2636
2396
1340
-878
-991
-3243
-2328
-2698
-1818
-1316
-1211
-386
-1126
217
-693
134
-376
-646
-74
164
1663
2107
3265
2733
2505
1671
431
-454
-1956
-3152
-4772
-5597
-6046
-5835
-5211
-4704
-3925
-3437
-2445
-1718
-1548
-1186
-1497
-2082
-3362
-3758
-4413
-5124
-5143
-5862
-5294
-4921
-3505
-2591
-1415
-152
687
2321
2716
4103
4593
5059
5388
4926
3650
2597
2054
615
-579
-818
-829
-889
2
627
2041
2025
2858
3249
3257
3289
2892
3156
1659
1803
641
244
-105
-231
-65
-685
-307
-973
-1006
-1388
-1219
-1348
-1401
-654
4
774
1969
3412
4712
5609
6215
5984
5107
4626
3788
2621
521
-818
-2384
-3050
-2895
-2230
-1261
-745
656
1576
3012
3448
3760
2791
1128
74
-1190
-1597
-2314
-2439
-3209
-3208
-2826
-2348
-1248
-544
380
453
1048
1616
2381
2734
2601
2386
1461
1127
779
798
172
-538
-1505
-2593
-3292
-4129
-4619
-5293
-5357
-5357
-4667
-3604
-2334
-1202
-645
-318
-524
-892
-1879
-2631
-3769
-4864
-5810
-6585
-6533
-6148
-4705
-3301
-1738
-689
208
1426
1794
2799
2955
3253
3420
3337
3357
2703
2960
1811
1021
-21
-434
48
142
1327
1776
2589
2549
2839
2879
2437
2481
1967
1723
1128
1106
1118
1092
1041
799
417
-67
-124
-268
-648
-874
-1077
-1323
-1326
-719
353
1577
2901
3919
4948
5358
5758
5654
4743
3347
1463
-165
-1900
-2429
-2744
-2429
-1553
-763
666
1687
2929
3055
2925
2137
880
106
-1125
-1352
-1943
-2043
-2294
-2222
-1832
-1587
-843
-908
-454
-351
60
463
1075
1638
1838
2005
1720
1554
993
713
164
-294
-913
-1396
-1842
-2242
-2380
-2876
-3241
-3639
-3685
-3668
-3488
-3098
-2787
-2601
-2205
-1703
-1582
-1695
-1897
-2382
-3111
-3549
-3896
-4143
-4233
-4279
-3576
-2392
-1248
-247
467
1107
1300
1605
1857
1849
1834
1231
1200
1250
1338
1662
1606
1890
1216
1053
899
1143
2019
1950
2392
1981
2143
2067
2093
2193
1224
713
-263
-345
78
575
1243
1077
837
367
266
581
285
304
-438
-762
-816
-410
721
1285
2123
2047
2513
3345
4495
5273
5129
4784
3193
1270
-234
-1297
-1744
-2245
-1895
-1170
18
1697
2708
3698
2451
1343
-709
-1992
-2503
-2829
-2281
-2900
-1928
-2162
-840
-175
517
729
-57
225
-292
882
1077
2110
1947
1529
1187
453
226
-732
-1064
-2036
-2298
-2444
-2138
-1807
-1611
-1764
-2339
-2924
-3409
-3636
-3681
-3246
-3185
-2929
-2739
-2169
-2047
-2001
-2061
-2185
-2145
-2345
-2494
-3154
-3258
-2976
-2146
-1845
-1108
-161
449
1481
2175
3118
2449
2014
1225
821
1248
1067
1825
951
1166
1148
1473
1986
1450
1927
613
1036
794
902
1396
1138
1737
858
1648
1533
1652
1736
1357
1595
675
831
463
172
-108
-559
-587
-1293
-1349
-1229
-1052
-238
597
2083
3073
4538
5694
5521
5615
4561
3562
1103
-540
-1740
-2592
-1988
-1837
229
807
2351
2915
3050
2879
1414
916
-1393
-1483
-2404
-2189
-1970
-1802
-948
-1247
-283
-904
-436
-859
-646
-350
-347
410
517
1250
898
1215
893
629
411
30
145
-139
-48
-551
-852
-1499
-2371
-2972
-3714
-4011
-4388
-4259
-3966
-3661
-2987
-2293
-1320
-994
-756
-547
-528
-376
-793
-1459
-2783
-3680
-4041
-4035
-3272
-2398
-1162
-440
400
1168
1790
2073
1627
1047
396
448
974
1804
2307
2508
2189
1778
1167
809
376
-109
-514
-1048
-409
319
1824
2571
3194
3195
2663
2438
1723
1681
848
406
-217
-714
-664
-639
-351
-656
-953
-1375
-1802
-1391
-790
312
1133
1706
2411
2659
3596
4246
5141
4685
3604
2305
788
261
-634
-668
-1381
-1227
-967
-58
1489
2083
2767
1529
976
-259
-434
-355
-553
-220
-1148
-548
-1097
-424
-618
-822
-1268
-2398
-1904
-1942
-261
200
1298
1362
1368
1643
1394
1705
846
608
-459
-594
-778
-722
-818
-1482
-2083
-3012
-3352
-3825
-3988
-4217
-4250
-3891
-3246
-2088
-830
137
761
785
636
-122
-714
-1605
-2698
-3607
-4306
-3779
-2990
-1355
-405
368
981
1293
1898
1713
1908
907
31
-380
39
1245
1541
2243
1426
856
137
249
520
-67
-105
-960
-502
-53
1837
2990
3408
3272
2399
2137
1629
2349
1771
892
-655
-1642
-2053
-1877
-826
-576
-624
-1108
-819
-135
906
1854
2184
1826
1473
1648
2319
3034
3445
3085
1953
942
357
336
587
639
399
13
7
513
1075
1745
1533
1025
9
-467
-424
-256
257
84
-17
-629
-639
-609
-682
-859
-1579
-2009
-2203
-1375
-61
1287
2327
2567
2350
1651
1092
515
-185
-780
-1387
-1613
-1648
-1258
-1184
-1420
-2051
-2821
-3549
-3858
-3574
-3018
-2281
-1856
-1136
-679
-7
206
369
-40
-792
-1375
-2206
-2430
-3095
-3113
-3265
-2783
-2183
-1515
-238
363
1284
1293
1626
1348
945
755
334
812
448
784
319
182
-134
-533
-253
-578
117
-51
701
931
1354
1730
1838
2433
2201
2526
2265
2256
1525
589
-410
-1108
-1434
-1222
-747
-283
44
-137
-130
-647
-96
277
1371
2212
2898
3709
3539
3728
2734
2011
781
-246
-395
-692
260
525
1116
1127
860
1121
523
1036
420
432
-102
-322
170
27
757
150
238
-719
-1118
-1438
-1729
-1552
-1974
-1722
-1859
-1084
-432
438
967
1215
1318
1281
1441
1542
1594
1216
645
-240
-913
-1446
-1686
-2025
-2418
-2814
-3023
-2904
-2522
-1965
-1564
-1500
-1493
-1227
-746
-215
-2
2
-318
-565
-759
-875
-1261
-2078
-2968
-3738
-3751
-3222
-2170
-987
62
1160
1832
2611
2873
2776
1937
597
-268
-1054
-824
-750
-371
-525
-780
-550
-287
641
1018
1465
1327
1142
1374
1818
2479
2516
2066
1296
441
336
364
604
488
-25
-281
-691
-201
95
615
474
57
-31
-21
890
1575
2410
2533
2423
2414
2402
2627
2214
1518
436
-583
-969
-938
-182
320
775
840
788
1063
1137
1317
818
364
-245
-528
-572
-560
-531
-926
-1378
-1789
-1816
-1626
-1185
-841
-605
-513
-256
24
371
488
394
63
-234
-254
14
490
739
946
600
268
-266
-542
-1002
-1634
-2181
-2728
-2587
-2332
-1705
-1345
-1077
-860
-658
-322
-186
19
-176
-419
-736
-866
-1049
-1572
-2010
-2765
-2812
-2944
-2337
-1693
-1069
11
456
1838
1890
2269
1522
637
183
-888
-393
-1169
-521
-961
-663
-26
127
1488
953
1797
1035
1503
1750
1925
2771
1818
2068
632
815
433
660
1041
458
772
129
926
1001
1232
699
-389
-1080
-1477
-796
248
1228
2004
2178
2271
2353
2093
2103
1072
551
-589
-725
-474
49
919
727
968
294
558
650
1181
1475
1205
989
244
-12
-569
-911
-1610
-2278
-2626
-2629
-2032
-1291
-437
52
104
-37
-342
-458
-589
-509
-287
-69
340
689
1133
1316
1105
624
-212
-826
-1328
-1482
-1420
-1645
-1758
-2366
-2442
-2571
-2323
-2002
-1747
-1003
-570
532
1132
1790
1476
658
-293
-1364
-1810
-2432
-2384
-2624
-2448
-1993
-1230
-191
268
707
507
412
341
350
706
469
438
-83
-240
-177
-27
432
65
197
-64
465
972
1453
1893
1408
1347
737
1111
1118
1337
1400
1099
1351
1180
1979
1985
2173
1563
843
411
-128
174
-112
166
-225
-20
180
716
1340
1473
1567
1008
976
618
917
605
497
-33
-352
-309
-180
646
755
1334
959
1084
773
592
380
-309
-617
-1458
-1449
-1626
-1298
-1141
-1165
-1192
-1404
-1245
-1154
-896
-735
-636
-470
-259
27
369
525
715
596
533
329
198
190
69
68
-296
-690
-1417
-1965
-2404
-2555
-2510
-2485
-2273
-2027
-1289
-505
369
628
544
332
140
401
440
605
87
-541
-1189
-1762
-1858
-2288
-2199
-2401
-2050
-1344
-422
736
1000
1266
777
612
414
301
405
275
607
792
1246
1433
1353
1045
608
395
473
557
762
770
927
1239
1547
2058
1859
1789
1274
1243
1285
1208
1294
800
776
390
540
586
509
507
62
150
52
440
711
811
921
613
705
506
589
433
164
13
-314
-164
-165
243
369
420
311
48
-53
-409
-576
-985
-1150
-1310
-1201
-1004
-849
-802
-1001
-1238
-1617
-1746
-1833
-1572
-1352
-891
-560
-254
-67
-121
-15
-167
14
-101
90
138
194
250
-27
-185
-937
-1415
-2068
-2279
-2338
-2168
-1670
-1401
-856
-511
205
598
922
941
884
850
703
730
388
102
-617
-958
-1325
-1268
-1178
-1222
-1101
-1269
-850
-722
-143
149
509
980
1367
2164
2440
2685
2361
1885
1424
902
891
792
772
731
587
927
907
1265
1152
1026
989
768
1214
1014
1356
1047
1030
865
743
1023
722
781
169
122
-215
-137
-84
-143
-114
-320
-11
21
335
176
145
-127
-289
-250
-239
-43
-271
-298
-576
-499
-481
-432
-449
-671
-631
-686
-401
-282
-95
-172
-342
-504
-731
-907
-1321
-1644
-2078
-2243
-2251
-1931
-1543
-1199
-904
-755
-542
-475
-220
-13
292
583
838
1055
960
771
213
-383
-1002
-1506
-1764
-1959
-1731
-1494
-1081
-799
-523
-233
-94
168
351
697
845
1032
1127
1141
1012
774
471
59
-346
-637
-678
-672
-477
-251
164
422
688
818
990
1247
1495
1893
2047
2182
2005
1957
1766
1590
1430
1091
852
301
194
31
152
212
152
404
334
808
812
1109
975
740
693
391
745
553
807
468
293
-24
-351
-366
-754
-822
-1298
-1293
-1371
-1113
-856
-584
-320
-261
-129
-158
-76
-270
-436
-798
-1030
-1188
-1158
-993
-906
-781
-780
-642
-443
-136
155
256
192
-9
-217
-400
-537
-709
-1051
-1528
-1934
-2145
-2087
-1877
-1525
-1069
-636
-43
540
1205
1535
1532
1252
724
296
-199
-401
-634
-775
-873
-971
-821
-770
-616
-703
-885
-972
-1018
-659
-250
452
1021
1512
1910
1980
2002
1630
1267
740
337
85
32
187
323
431
470
463
469
457
419
543
709
1196
1550
2031
2244
2234
2042
1576
1321
867
684
386
301
318
297
454
281
147
-225
-397
-351
-255
72
155
393
335
320
218
58
-29
-271
-265
-351
-189
-225
-298
-642
-1016
-1329
-1500
-1440
-1326
-982
-758
-401
-253
-75
-227
-473
-782
-967
-968
-889
-670
-529
-394
-406
-315
-361
-322
-472
-424
-375
-187
50
178
264
-101
-480
-1116
-1494
-1839
-1905
-1797
-1538
-1047
-553
52
390
625
476
296
67
55
187
331
544
549
621
458
335
11
-399
-765
-1051
-1017
-870
-486
-73
259
573
755
982
1135
1109
1165
978
1155
1259
1567
1688
1452
1233
563
391
-49
56
-27
48
202
279
793
945
1438
1345
1424
1155
1082
1068
1025
1066
820
763
412
409
171
186
-100
-425
-846
-1230
-1193
-1117
-599
-353
24
122
240
343
312
334
92
-88
-354
-475
-471
-537
-610
-894
-1231
-1569
-1766
-1643
-1449
-1108
-847
-540
-287
-56
130
179
128
-32
-134
-243
-253
-343
-383
-588
-692
-751
-655
-386
-80
322
437
462
161
-248
-745
-1136
-1376
-1426
-1311
-1010
-632
-213
107
208
261
35
41
-121
1
44
173
304
170
191
-33
34
-36
50
103
120
191
226
324
362
329
264
186
166
250
332
547
584
732
743
925
1036
1135
1173
1032
891
590
493
354
447
469
608
717
840
957
969
915
698
522
429
533
708
886
908
831
565
359
51
-124
-369
-549
-667
-712
-494
-366
-136
-216
-338
-610
-742
-662
-423
-81
121
262
299
355
345
211
-207
-813
-1508
-1984
-2169
-1989
-1597
-1188
-818
-504
-178
157
417
519
388
129
-82
-173
-86
-47
-67
-268
-529
-695
-655
-399
-72
146
310
307
342
289
176
19
-313
-474
-728
-636
-530
-280
-132
-165
-219
-377
-372
-399
-383
-417
-424
-374
-109
133
533
612
663
401
156
32
-139
31
-133
34
-150
-29
-57
-65
-30
-226
-134
-234
142
401
869
1078
1119
995
722
636
466
537
434
465
424
456
555
595
704
567
488
276
249
352
520
749
740
764
563
496
319
191
-10
-303
-476
-646
-518
-480
-306
-389
-455
-635
-721
-697
-640
-413
-278
68
263
626
733
742
431
-90
-598
-1142
-1367
-1570
-1489
-1362
-1074
-711
-388
-131
-55
-81
-80
-29
204
438
643
740
646
593
310
166
-161
-343
-464
-498
-286
-153
234
358
553
544
488
459
340
340
143
16
-199
-273
-301
-261
-229
-253
-281
-331
-271
-226
-81
-29
78
80
143
178
195
279
301
417
424
449
365
246
44
-165
-378
-522
-576
-515
-382
-258
-112
-68
43
35
172
268
502
760
979
1164
1097
997
710
488
187
-46
-228
-304
-232
-63
150
296
376
372
389
402
494
545
596
514
376
122
-217
-570
-921
-1147
-1247
-1170
-937
-574
-217
66
189
205
106
77
32
55
38
-32
-114
-253
-341
-509
-663
-886
-972
-991
-856
-694
-517
-371
-253
-108
-5
142
169
206
127
130
169
268
411
502
553
506
427
313
163
4
-156
-292
-315
-323
-178
-68
93
177
238
296
301
389
356
356
229
111
-90
-300
-474
-633
-674
-623
-436
-158
153
479
726
836
861
677
489
184
5
-146
-190
-135
-152
-90
-208
-240
-387
-457
-492
-465
-278
-90
245
526
797
935
927
816
600
418
240
105
51
40
110
145
167
125
56
-4
-13
69
182
319
412
499
474
462
243
12
-306
-567
-667
-738
-581
-574
-436
-442
-374
-276
-241
-106
-98
27
72
189
265
237
130
-136
-434
-722
-943
-995
-974
-843
-673
-486
-251
-88
66
81
19
-82
-151
-127
-35
95
252
329
436
478
464
414
194
22
-270
-378
-451
-385
-244
-145
84
185
390
471
489
403
233
124
23
3
-15
-45
-117
-188
-274
-332
-404
-448
-431
-367
-153
68
369
564
654
669
509
430
214
141
29
-29
-1
-49
62
-19
-4
-144
-251
-320
-369
-242
-145
101
273
469
616
730
763
708
600
467
376
336
374
369
353
251
154
44
-59
-105
-174
-158
-98
8
197
268
339
251
111
-40
-214
-259
-369
-322
-324
-238
-173
-145
-138
-287
-373
-526
-533
-502
-355
-190
-66
20
32
-30
-202
-379
-616
-738
-812
-737
-635
-507
-368
-310
-210
-186
-71
7
86
198
245
315
316
304
241
125
38
-45
-95
-114
-154
-178
-227
-242
-186
-136
-7
91
254
343
401
453
338
258
71
-24
-113
-147
-100
-106
-21
-4
67
82
64
65
11
49
99
198
284
309
351
349
382
387
386
340
258
193
80
-22
-146
-231
-312
-304
-262
-116
42
209
391
471
565
540
571
501
452
404
347
354
300
309
220
165
88
11
-34
-85
-99
-118
-124
-111
-92
-79
-73
-80
-76
-116
-116
-115
-129
-147
-204
-243
-294
-324
-321
-351
-364
-395
-406
-375
-357
-294
-304
-286
-280
-255
-223
-248
-247
-349
-427
-518
-564
-560
-527
-425
-297
-130
72
291
418
468
425
368
280
207
120
29
-56
-147
-160
-211
-190
-183
-143
-77
-1
149
265
406
501
555
538
484
400
274
135
-3
-122
-215
-230
-215
-147
-77
27
140
240
328
375
405
367
334
287
217
195
179
190
198
178
153
74
-48
-167
-282
-372
-439
-438
-378
-294
-131
19
203
332
438
507
484
474
381
330
215
147
78
-5
-19
-56
-52
-79
-70
-106
-117
-129
-139
-128
-134
-98
-39
24
88
144
123
78
-7
-87
-190
-263
-347
-391
-391
-389
-354
-332
-299
-309
-294
-325
-291
-252
-203
-138
-80
-22
-20
-46
-155
-289
-454
-586
-662
-612
-482
-264
-37
192
387
487
519
421
301
116
-9
-122
-139
-77
-28
80
156
221
241
247
209
163
166
192
247
304
311
308
234
132
57
-48
-119
-152
-153
-124
-48
41
116
186
219
246
284
281
290
275
238
199
163
120
49
1
-87
-163
-224
-245
-229
-207
-186
-172
-159
-154
-110
-77
-21
52
114
170
232
284
296
273
193
84
11
-73
-110
-119
-134
-100
-51
14
67
119
85
25
-31
-84
-85
-97
-81
-45
-4
36
95
113
92
59
-20
-125
-192
-267
-344
-349
-356
-297
-212
-121
-58
-8
7
-10
17
-39
-59
-97
-137
-161
-166
-172
-204
-195
-233
-206
-184
-140
-57
28
110
196
275
302
343
308
269
199
138
92
76
58
39
49
13
38
61
107
138
191
201
201
223
191
188
131
61
-24
-71
-133
-144
-139
-171
-129
-81
-5
69
161
213
260
278
259
261
175
89
-17
-151
-257
-311
-337
-336
-271
-216
-134
-53
24
91
123
115
106
105
76
84
60
36
1
-29
-51
-80
-108
-170
-173
-201
-185
-131
-92
-49
-5
31
35
76
67
57
58
29
23
19
13
-9
-32
-82
-114
-145
-210
-258
-312
-332
-304
-245
-154
-58
33
106
164
180
166
107
5
-91
-150
-180
-196
-177
-154
-134
-83
-27
1
19
27
25
38
50
96
147
174
166
143
112
75
68
42
37
32
37
60
81
119
129
148
150
158
199
235
283
303
287
255
195
119
27
-57
-165
-230
-254
-233
-149
-63
43
113
172
190
202
187
154
112
58
37
1
10
7
6
-5
-5
-19
-27
-37
-60
-58
-79
-61
-70
-68
-91
-88
-88
-106
-97
-125
-126
-145
-144
-142
-124
-115
-88
-46
-21
32
45
67
64
54
26
13
9
-16
-28
-61
-77
-93
-104
-117
-114
-137
-167
-187
-210
-207
-208
-173
-152
-126
-75
-17
16
41
64
42
54
50
32
24
-7
-35
-47
-64
-81
-64
-82
-95
-93
-89
-63
-24
29
72
110
136
167
182
189
206
185
174
178
175
167
162
162
144
126
121
126
138
165
198
222
246
243
223
203
151
71
-5
-67
-127
-148
-148
-118
-65
-21
24
82
127
183
234
239
250
209
147
79
7
-65
-126
-182
-229
-216
-191
-127
-57
-11
9
9
-24
-70
-102
-160
-210
-238
-267
-274
-239
-207
-187
-161
-143
-130
-105
-74
-34
-4
13
30
30
31
35
16
1
-15
-60
-73
-81
-82
-65
-55
-65
-74
-69
-82
-89
-81
-64
-61
-59
-40
-35
-15
18
23
16
21
-2
-5
24
17
23
16
-19
-50
-70
-97
-128
-142
-164
-163
-136
-84
-13
51
95
113
102
91
97
71
80
69
42
47
63
88
113
138
129
120
120
133
158
177
174
155
140
113
63
5
-41
-100
-138
-148
-146
-110
-41
22
91
168
209
247
275
274
251
213
160
94
46
-12
-48
-66
-70
-62
-49
-17
17
48
65
70
26
-25
-72
-129
-162
-178
-189
-199
-179
-147
-109
-60
-13
-1
20
19
3
25
29
17
16
5
-35
-35
-20
-48
-69
-94
-126
-130
-126
-120
-99
-69
-53
-36
-12
11
38
44
41
25
12
18
6
0
5
-19
-38
-23
-8
-5
8
28
20
19
-1
-36
-66
-95
-130
-166
-165
-150
-119
-58
2
54
114
136
152
167
159
129
119
106
78
61
56
60
49
65
58
52
61
77
89
98
109
94
91
71
47
16
10
-29
-64
-48
-31
-6
47
104
139
187
204
205
215
204
146
70
10
-54
-84
-87
-107
-101
-67
-55
-42
-10
-2
-31
-43
-57
-70
-73
-67
-86
-95
-104
-127
-127
-133
-136
-147
-135
-111
-77
-50
-24
-6
-10
-32
-91
-123
-171
-227
-238
-218
-207
-179
-135
-107
-79
-47
-24
-15
9
18
12
5
9
5
2
5
-14
-11
-8
-17
-13
4
11
36
57
70
69
63
52
15
0
-14
-11
-3
20
24
25
65
81
100
115
115
107
108
115
109
127
138
125
129
126
107
93
74
61
38
53
54
66
101
103
107
106
103
87
91
82
60
51
33
25
35
36
38
43
53
53
54
75
63
69
51
45
34
2
-18
-49
-45
-47
-43
-28
-3
5
5
0
-12
-37
-55
-86
-109
-105
-121
-113
-111
-91
-99
-94
-72
-86
-82
-77
-62
-57
-56
-52
-66
-65
-83
-102
-99
-110
-97
-84
-42
-23
-18
-3
-21
-12
-15
-38
-54
-51
-50
-45
-26
-9
17
42
62
74
72
58
31
2
2
-18
-28
-40
-38
-39
-35
-11
6
54
85
115
145
153
147
132
106
75
49
28
10
23
40
46
73
105
133
144
142
127
105
87
73
54
49
35
29
38
50
54
58
76
74
89
90
84
62
39
18
-21
-49
-73
-91
-103
-100
-93
-78
-44
-21
-17
12
1
2
8
-1
6
-4
-7
-29
-44
-79
-104
-127
-149
-159
-171
-174
-171
-156
-137
-124
-128
-119
-124
-111
-102
-86
-70
-49
-15
-1
21
11
6
-25
-56
-79
-105
-118
-105
-76
-43
-6
18
24
23
34
18
19
6
-9
6
14
32
54
83
82
76
81
74
76
78
63
51
32
25
20
0
-6
-11
9
35
77
120
143
155
149
141
121
85
43
19
-3
-3
9
17
29
49
69
75
82
76
77
78
89
83
89
97
88
80
62
56
36
40
34
27
33
31
24
1
-26
-76
-106
-134
-152
-145
-122
-93
-49
0
31
56
67
55
50
41
10
-11
-30
-44
-60
-73
-97
-126
-149
-173
-186
-184
-185
-182
-147
-137
-108
-84
-68
-63
-55
-40
-30
2
8
36
46
49
44
32
4
-43
-60
-95
-101
-93
-91
-87
-62
-49
-41
-13
-8
-3
18
28
39
65
79
96
113
115
112
108
92
73
62
52
47
39
21
11
15
8
13
23
36
44
58
81
83
96
87
65
50
38
34
23
14
4
19
38
36
53
53
43
45
36
32
36
35
33
38
50
51
55
58
46
35
40
36
25
16
2
-6
-22
-43
-63
-72
-79
-73
-50
-31
-2
22
44
45
49
52
27
9
-5
-31
-40
-41
-76
-82
-77
-93
-102
-109
-124
-132
-136
-138
-122
-116
-109
-87
-64
-34
-6
13
24
35
46
40
39
20
-17
-31
-52
-77
-73
-67
-77
-69
-49
-39
-15
-4
-22
5
25
15
34
43
31
36
51
45
47
55
48
57
72
66
62
50
19
0
-9
-27
-48
-41
-31
-2
35
54
97
112
114
119
115
94
63
50
14
6
-7
-20
-5
-11
-8
-1
21
31
37
56
54
59
62
50
46
37
22
14
7
-2
7
22
20
26
15
13
5
-21
-38
-48
-55
-55
-52
-53
-37
-34
-27
-4
14
23
31
43
39
38
37
19
0
-29
-59
-67
-91
-110
-104
-93
-90
-72
-53
-58
-40
-22
-7
1
20
36
52
74
70
49
39
29
7
-7
-21
-12
-9
-6
4
4
9
0
-7
-27
-32
-32
-29
-2
16
26
49
69
70
96
86
65
60
56
46
34
32
-2
-2
-11
-43
-55
-65
-64
-54
-29
-12
5
31
51
67
69
65
58
50
42
32
25
19
9
4
9
0
-13
-24
-35
-36
-41
-44
-53
-43
-32
-27
-17
-13
-6
11
20
21
16
8
12
-10
-23
-36
-50
-52
-65
-64
-66
-58
-39
-41
-43
-37
-32
-25
-4
2
1
17
13
15
16
10
-5
-11
-15
-16
-2
-3
-4
-5
-2
-6
-2
-2
-18
-8
2
1
27
41
36
62
72
64
63
48
29
12
-5
-32
-44
-50
-58
-46
-31
-27
-15
5
11
20
22
25
48
43
49
61
45
41
57
31
15
17
-3
-13
-9
-13
-35
-22
-20
-39
-31
-23
-34
-33
-22
-21
-15
2
14
32
55
50
50
42
36
23
0
-20
-46
-64
-70
-71
-67
-66
-59
-38
-36
-15
-8
-18
8
20
22
49
53
53
71
54
33
40
19
-1
-1
-18
-25
-32
-29
-31
-37
-29
-41
-32
-18
-28
-21
-2
6
19
28
37
43
37
34
34
31
17
2
-5
-18
-26
-31
-38
-35
-43
-49
-39
-31
-10
4
24
42
54
71
86
104
89
79
75
48
39
35
16
5
-15
-22
-31
-30
-9
-26
-1
3
0
10
9
18
21
43
43
44
50
60
77
80
62
37
24
12
-3
-16
-39
-52
-43
-56
-50
-29
-15
2
-1
14
28
34
53
72
72
66
67
54
43
35
16
-15
-28
-34
-54
-52
-54
-70
-49
-39
-54
-41
-44
-36
-15
9
24
31
44
48
71
66
54
45
34
26
7
-6
-16
-27
-37
-34
-30
-36
-26
6
12
24
38
32
54
71
63
64
63
47
51
54
37
29
28
19
17
9
-10
-20
-9
-12
-17
-15
-29
-8
6
5
23
29
29
45
54
58
59
48
47
42
18
6
2
-17
-21
-29
-40
-40
-35
-28
-21
-18
-21
-9
27
40
40
55
46
45
50
34
17
-3
-27
-34
-43
-46
-35
-38
-31
-18
-22
-28
-23
-17
-20
-21
-16
-15
4
28
32
48
65
53
59
61
32
15
-5
-27
-39
-56
-78
-74
-74
-61
-45
-39
-20
-11
11
28
30
38
32
34
41
34
31
18
13
15
-2
-21
-37
-43
-44
-47
-49
-34
-30
-18
7
6
14
15
15
30
27
23
27
24
33
46
39
28
25
17
-2
-14
-32
-50
-41
-38
-41
-31
-19
-13
1
8
3
20
25
20
24
9
3
13
9
9
20
19
9
6
1
-9
-20
-43
-56
-61
-61
-53
-38
-20
10
42
55
57
66
63
56
43
12
-2
-7
-20
-23
-18
-26
-17
-12
-19
-8
-16
-12
-6
-9
-15
-20
0
6
22
35
33
37
38
45
41
33
24
3
-8
-13
-21
-30
-38
-36
-46
-54
-34
-37
-15
10
5
26
48
59
63
73
61
42
28
2
-5
-22
-40
-47
-41
-43
-38
-23
-23
-13
-4
-16
-15
-10
-20
-11
-4
-8
7
18
14
36
40
27
28
11
-6
-14
-26
-44
-40
-47
-63
-50
-43
-38
-13
-7
-11
7
17
10
25
36
29
37
40
37
43
36
26
20
-1
-19
-23
-31
-39
-47
-43
-40
-33
-22
-11
-4
5
6
6
17
22
26
30
25
24
25
12
14
10
2
-8
-18
-24
-36
-31
-36
-35
-33
-30
-24
2
19
14
36
38
36
45
42
40
44
33
25
19
2
-11
-17
-25
-41
-44
-45
-46
-31
-18
-17
8
13
10
28
28
33
32
17
13
8
5
5
3
-6
-16
-13
-15
-16
-23
-25
-31
-43
-40
-52
-39
-25
-26
-8
-1
4
22
26
26
12
-7
-13
-18
-26
-25
-23
-30
-23
-23
-20
-27
-32
-31
-50
-49
-48
-46
-25
-15
-9
5
20
34
44
42
28
28
22
10
-2
-6
-6
-21
-18
-18
-24
-19
-15
-20
-7
-2
1
12
8
14
21
15
17
28
19
27
30
20
16
2
-10
-15
-26
-37
-46
-45
-46
-50
-39
-36
-28
-25
-28
-21
-1
11
19
29
20
23
14
6
-9
-28
-38
-43
-45
-54
-44
-40
-36
-27
-20
-13
-12
-3
5
3
0
-1
0
2
9
6
10
15
15
21
21
19
14
4
-14
-21
-24
-29
-28
-24
-10
0
10
23
29
38
42
38
41
42
38
36
34
26
28
16
15
15
-1
-1
8
3
3
14
0
8
13
10
12
18
23
25
35
31
39
48
36
30
33
18
15
16
9
-3
-7
-2
-7
0
-4
-1
11
3
13
27
26
24
26
34
33
27
16
15
16
4
8
10
1
-6
-9
-13
-19
-27
-22
-21
-22
-22
-15
-6
-5
7
9
9
13
11
13
11
0
-10
-16
-23
-30
-35
-40
-34
-33
-39
-29
-24
-20
-9
-7
-12
-10
-16
-12
-12
-6
6
10
4
4
17
5
5
1
-13
-18
-23
-36
-37
-34
-36
-30
-29
-19
-13
1
9
10
15
15
18
24
17
10
15
6
-3
1
4
1
-4
-5
-5
-10
-13
-15
-6
-5
0
3
-2
10
13
12
14
19
21
15
12
13
11
-1
-3
-2
-7
-10
-14
-16
-18
-22
-34
-31
-21
-19
-8
-7
-2
10
6
17
21
22
23
15
11
6
1
-5
-5
-4
-5
-6
-12
-10
-9
-7
-10
-8
-5
0
8
6
11
12
2
2
2
0
-1
-6
-18
-27
-27
-27
-29
-31
-31
-33
-28
-25
-16
-10
-14
-4
6
1
-1
2
-2
5
12
6
3
10
13
6
1
-5
-11
-5
-10
-9
-6
-14
-6
-5
-4
-6
-4
-8
-6
-1
-2
1
-12
-6
-5
-4
-7
-9
-6
-9
-4
-18
-11
-14
-17
-8
-9
0
-1
5
8
10
10
17
21
17
16
12
20
18
22
30
21
27
23
16
15
11
7
2
-5
-10
-12
-11
-11
-10
-5
-7
-4
7
10
6
4
12
3
0
-1
-8
-9
-6
0
-11
-19
-17
-9
-12
-12
-7
-7
1
-1
7
9
4
13
7
4
2
3
6
4
3
-4
-7
-8
-8
-11
-17
-13
-8
-15
-17
-11
-16
-6
-3
-5
6
7
10
14
9
9
10
0
-4
-11
-9
-9
-16
-10
-12
-15
-10
2
4
8
13
11
8
5
6
6
7
3
1
-3
3
3
-3
3
-1
-1
-9
-10
-7
-4
-2
-10
-12
-12
-10
-7
3
3
-2
-4
1
4
9
8
4
5
13
13
12
19
12
18
11
8
14
10
8
11
8
9
19
16
15
14
19
21
19
17
15
21
16
10
6
9
9
7
5
8
8
3
4
5
-1
5
8
-1
-1
0
6
13
15
9
11
12
13
10
6
9
-1
-1
-1
-9
-5
0
-5
-4
-2
-2
2
4
6
9
13
11
6
2
2
5
4
1
3
4
-1
-1
1
2
1
-4
-3
-8
-10
-5
-3
0
-1
1
3
3
8
5
5
4
3
6
5
-3
-3
-2
-4
-8
-9
-9
-12
-4
-6
-1
-6
-7
-2
-1
0
-3
-2
-1
2
2
4
-7
-4
3
-5
0
7
4
-1
-7
-7
0
-6
-4
-4
-3
-1
1
8
6
16
16
14
18
14
8
13
14
9
13
7
-1
1
1
-6
-8
-7
-9
-5
-1
-4
-1
-6
-5
-3
-7
-1
0
-6
-11
-6
-5
-11
-8
-17
-18
-18
-19
-20
-28
-27
-20
-22
-22
-16
-12
-8
0
4
5
7
0
3
0
-5
-3
-2
-8
-7
-4
-7
-10
-8
-10
-20
-9
-8
-6
-8
-4
-3
-9
-4
-5
-7
-14
3
4
-1
7
3
1
-2
-7
-1
-3
-4
-3
-5
0
-1
1
5
6
-1
4
0
-4
-1
-8
-5
-8
-7
-3
0
-1
0
-1
-6
-6
-7
-9
-12
-11
-8
-12
-12
-15
-16
-18
-20
-13
-12
-9
-3
-2
-7
-2
-2
-4
-8
-9
-8
-8
-7
-8
-4
-8
-2
-5
-3
-1
-3
4
9
9
5
9
8
8
9
13
11
17
15
12
13
3
4
0
-7
-7
-9
-15
-12
-8
-7
-3
-2
-3
2
3
2
1
0
5
0
2
3
3
11
7
6
8
13
15
12
13
12
9
14
8
10
13
11
16
15
6
6
15
12
11
8
12
9
10
18
17
18
11
9
13
17
15
10
8
6
11
12
9
13
19
16
16
19
21
25
23
28
24
17
17
8
14
16
16
7
6
13
-2
3
1
-5
3
8
-3
-5
-3
-11
-12
-18
-16
-19
-23
-19
-22
-25
-26
-20
-17
-22
-19
-21
-22
-20
-22
-13
-21
-22
-11
-13
-11
-13
-8
2
-1
2
-4
-3
-5
-10
-8
-12
-15
-13
-13
-15
-12
-14
-10
-9
-8
-7
-10
-10
-11
-8
-9
-11
-9
-6
-8
-8
-10
-8
-8
-9
-15
-20
-18
-21
-21
-23
-16
-12
-11
-13
-10
-7
-5
5
-3
-4
1
-1
0
0
-7
-6
-5
-9
-7
-5
-7
-12
-12
-11
-11
-13
-11
-13
-13
-9
-9
-8
-9
-8
-12
-7
-6
-6
2
-4
-5
-6
-1
0
1
7
4
3
3
10
8
11
14
12
11
8
9
7
4
5
10
8
10
9
12
10
7
4
2
3
1
4
-2
3
0
0
5
3
10
9
11
4
12
19
18
24
19
21
21
26
29
29
21
21
19
15
29
23
25
29
28
33
36
37
33
40
32
38
34
29
30
32
27
24
24
13
17
12
15
11
4
11
10
10
9
4
6
12
10
11
15
17
19
14
15
15
13
14
14
14
11
10
1
4
3
-4
1
-3
-8
-7
-10
-12
-14
-12
-11
-15
-8
-9
-12
-11
-12
-8
-7
-4
-5
-8
-9
-9
-9
-5
-5
-2
-8
-9
-11
-14
-7
-6
-2
-4
-3
6
3
6
11
4
4
6
5
-1
-6
-1
-5
2
0
-3
-6
-9
-3
-7
-9
-10
-19
-16
-8
-9
-3
-2
-12
-7
-9
-11
-11
-13
-12
-15
-7
-13
-10
-5
-5
-2
-5
1
0
2
6
2
7
10
8
6
10
12
9
2
2
-1
-6
4
1
-2
-5
-8
0
-3
2
2
-2
2
-1
-3
-1
1
4
1
4
8
8
6
3
-1
-4
3
-2
-1
-3
-3
-5
-13
-8
-14
-12
-11
-9
-3
-7
-6
-10
-6
-1
-2
2
-1
-3
-5
-6
-4
-6
-8
-9
-9
-10
-13
-13
-15
-18
-14
-20
-18
-17
-20
-15
-18
-10
-13
-13
-7
-4
-9
-7
-5
-7
0
-4
-5
-3
-2
-6
-6
-8
-3
-1
4
7
4
5
2
9
7
10
15
12
5
13
15
9
10
2
2
-1
0
-6
-6
-5
-3
1
-5
-4
-2
-5
-8
-3
-4
-1
-4
-11
-7
-10
-18
-17
-18
-20
-17
-18
-19
-20
-18
-16
-14
-14
-21
-19
-19
-21
-16
-13
-16
-19
-21
-19
-15
-18
-20
-25
-23
-22
-26
-20
-26
-26
-25
-28
-24
-23
-17
-18
-17
-18
-17
-14
-10
-4
-5
-9
-5
-6
-6
0
-7
-6
-3
-4
2
-3
-2
0
-5
-3
-1
6
3
0
1
4
6
5
8
10
11
10
5
2
5
-3
-4
-7
-9
-8
-12
-6
-10
-13
-8
-13
-13
-12
-7
-8
-10
-6
-4
0
-3
0
-1
-3
-3
-7
-10
-13
-4
-8
-3
2
-1
-3
-3
-8
-13
-2
-5
-2
2
-5
-9
-9
-9
-10
-9
-14
-15
-8
-10
-11
-18
-21
-22
-25
-25
-30
-26
-24
-25
-18
-24
-22
-12
-25
-16
-19
-20
-12
-11
-5
-9
-9
-14
-5
-7
-8
-4
-8
-8
-2
2
2
8
2
-1
2
9
5
1
4
6
3
7
12
8
11
17
14
17
17
17
19
23
25
21
27
29
34
29
27
34
36
34
33
36
32
37
33
32
33
33
34
25
23
26
23
25
24
24
28
25
26
20
18
22
22
27
23
21
21
20
21
18
18
16
13
13
11
14
16
18
15
14
18
16
16
15
11
15
18
15
19
20
18
19
17
17
16
17
19
14
11
9
9
7
2
-1
-5
-6
-11
-4
-8
-20
-13
-15
-13
-10
-18
-14
-10
-15
-19
-15
-22
-21
-14
-21
-19
-16
-17
-21
-19
-17
-13
-15
-11
-8
-8
-5
-4
-4
-7
-3
-4
-3
-3
-1
-2
-6
3
-3
-9
-3
0
-1
1
2
-1
-2
-1
-3
-8
-9
-1
1
-1
-2
-8
-5
-3
-2
-8
-9
-6
-4
-5
-6
-2
-5
4
-6
-5
-3
-11
-8
-10
-5
-6
-11
-11
-11
-10
-14
-17
-17
-16
-15
-16
-18
-19
-21
-20
-23
-18
-19
-22
-21
-19
-16
-23
-18
-17
-19
-15
-15
-19
-18
-11
-14
-12
-13
-16
-12
-12
-10
-6
-12
-6
-3
0
-1
-5
-1
-4
0
0
-2
4
0
-3
-4
2
4
-2
1
3
-4
0
0
-3
1
2
3
3
1
2
3
1
3
8
14
9
9
13
13
18
20
12
15
19
16
22
24
18
20
25
23
19
21
21
20
21
15
10
14
8
7
4
1
4
-1
3
0
-5
-7
-13
-9
-10
-11
-7
-12
-12
-12
-13
-13
-18
-18
-16
-15
-20
-19
-15
-16
-11
-15
-16
-12
-14
-18
-21
-17
-19
-17
-18
-15
-14
-17
-8
-15
-10
-6
-15
-11
-17
-16
-17
-23
-17
-17
-17
-16
-18
-15
-14
-15
-14
-16
-11
-8
-15
-12
-8
-11
-8
-5
-5
-2
-1
0
-1
4
1
1
4
5
13
8
9
9
9
8
3
4
-2
0
-3
-2
-3
-5
-7
-7
-8
-9
-6
-8
-5
-11
-11
-11
-10
-15
-15
-11
-13
-6
-9
-11
-7
-11
-13
-9
-10
-7
-4
-4
-4
-8
-9
-8
-5
-7
-3
-2
1
4
8
4
0
1
1
1
0
5
0
7
7
2
5
1
5
6
4
7
5
7
7
8
9
3
5
7
6
8
6
3
1
6
7
10
17
13
12
17
16
18
18
18
20
15
13
15
15
14
12
12
13
13
9
9
6
6
9
0
-1
-3
-6
-4
-4
-5
-7
-9
-16
-10
-4
-6
-2
-7
-9
-3
2
2
2
0
-1
2
9
6
4
6
8
7
8
8
6
5
2
2
1
-1
-1
-4
-7
-10
-11
-10
-11
-16
-16
-9
-12
-16
-12
-13
-12
-10
-9
-10
-12
-13
-11
-8
-12
-14
-13
-15
-9
-9
-12
-9
-7
-7
-6
-2
-6
-4
-3
-7
-2
-1
-2
1
0
-1
0
0
-1
0
2
-3
-2
2
-3
-3
3
5
1
4
-1
1
1
0
0
2
3
6
7
8
11
8
8
10
13
11
11
9
16
13
14
14
12
19
13
17
15
16
12
12
14
3
7
8
5
4
5
7
2
-2
2
-4
1
2
2
-3
-8
-6
-17
-15
-12
-8
-7
-8
-7
-6
-5
-6
-12
-9
-8
-16
-16
-14
-14
-14
-21
-22
-21
-24
-20
-22
-23
-23
-24
-19
-19
-18
-18
-19
-18
-18
-18
-14
-12
-9
-9
-11
-10
-12
-11
-9
-10
-10
-7
-8
0
-1
-2
-7
-4
-5
-4
4
0
1
2
3
3
-1
6
9
5
9
7
3
3
6
14
11
10
4
6
6
7
4
3
5
-1
2
2
6
6
10
10
10
8
8
5
6
8
7
15
11
13
17
19
18
20
18
11
11
8
11
10
9
8
11
12
10
14
7
4
9
3
3
5
-1
5
3
-3
-2
0
-5
-3
0
-1
-3
-5
-6
-10
-13
-10
-13
-13
-10
-13
-14
-10
-9
-10
-15
-19
-18
-16
-16
-10
-7
-4
1
0
4
-1
-5
2
3
3
4
7
4
2
2
5
8
6
5
6
6
7
15
13
6
8
6
5
10
9
8
4
5
5
3
5
4
6
10
10
6
5
-3
-5
-2
-3
-3
-6
-4
-3
-6
-12
-8
-5
-13
-9
-11
-15
-11
-14
-7
-9
-13
-13
-12
-7
-16
-15
-11
-12
-15
-14
-11
-15
-15
-14
-16
-15
-15
-16
-13
-17
-16
-14
-13
-15
-14
-10
-9
-6
-9
-5
3
2
3
-1
-1
3
1
5
8
10
8
8
11
4
4
3
3
3
-2
-1
5
6
2
4
10
3
1
1
1
1
-2
-4
-3
-2
-3
0
2
1
-1
2
0
-2
1
1
1
0
3
3
4
1
0
2
1
3
6
5
8
5
7
10
13
18
16
18
9
11
10
4
7
10
12
14
17
22
16
13
11
8
9
5
10
9
10
10
6
9
7
5
3
7
7
6
7
7
8
12
10
9
9
8
6
5
6
2
3
3
-2
-2
1
3
-7
-5
-2
-8
-3
-6
-7
-1
-3
-4
-5
-2
-1
-2
-2
-1
-7
-7
-8
-5
-2
1
5
6
3
0
12
13
13
17
14
13
13
15
17
17
13
18
19
20
23
18
18
24
23
25
25
18
24
20
20
21
18
12
9
15
13
19
14
16
18
23
26
17
22
17
24
24
20
23
20
25
21
19
20
18
15
13
17
17
12
11
16
13
10
8
7
5
5
5
0
8
6
2
0
-4
-5
-9
-6
-10
-6
-7
-6
-4
-8
-5
-10
-8
-7
-8
-7
-7
0
0
2
3
2
0
1
-2
1
-1
-9
-4
-3
-3
-8
-12
-4
-1
-4
0
-3
-2
0
-4
-3
-6
-8
-6
-10
-15
-15
-10
-12
