-14
-15
-12
-13
-8
-9
-13
-12
-13
-8
-4
-6
-6
-10
-6
0
-6
-3
0
-5
-8
-5
-2
-1
5
-2
-3
-2
-3
-4
-1
1
-2
0
0
4
5
8
1
-5
-3
-2
9
9
4
0
-3
0
5
11
8
2
3
6
4
8
9
2
4
5
9
14
18
13
5
11
9
15
16
8
4
1
2
2
16
17
3
4
5
2
8
10
3
2
0
-2
5
13
10
6
3
-1
0
13
9
-1
3
-1
-3
7
15
5
9
10
7
5
13
13
4
8
3
6
14
12
6
11
7
8
15
14
7
7
5
2
10
13
11
7
7
2
6
10
3
1
0
4
9
12
11
3
-1
-3
-4
1
3
-1
-7
-7
-13
-3
6
-3
-6
4
1
-3
7
2
-4
-12
-8
-3
5
8
-4
-5
-5
-4
0
7
-1
-3
2
0
2
7
5
-4
-3
0
4
8
7
4
2
5
8
8
11
6
3
6
7
8
14
14
2
3
4
3
5
7
2
1
4
-1
4
6
3
7
2
-3
2
5
0
-5
1
-7
-12
-3
-4
-7
-4
-5
-6
-4
-4
-4
-4
-2
-8
-11
-5
-7
-7
-10
-11
-8
-7
-7
-3
-7
-10
-8
-8
-10
-11
-3
-11
-14
-11
-9
-4
-5
-4
-9
-11
-5
-4
-2
-4
-6
-9
-12
-8
-4
-2
-5
-3
-5
-3
0
1
4
-2
-3
-5
-1
2
2
1
0
0
-1
2
1
3
3
1
0
2
3
0
0
0
1
5
5
5
10
5
5
8
3
4
4
6
1
4
7
5
4
2
0
1
0
-4
2
-3
-2
-5
-4
-2
-8
-6
-13
-4
-3
-9
-5
-10
-6
-6
-6
-6
-4
-5
-6
-7
-2
-3
-11
-10
-10
-14
-16
-12
-6
-13
-13
-13
-14
-9
-8
-6
-9
-13
-11
-4
-8
-4
0
-10
-7
-7
1
-2
-9
-9
-12
-7
-9
-11
-12
-15
-13
-12
-11
-8
-5
-8
-10
-11
-9
-13
-10
-13
-20
-18
-17
-12
-11
-8
-13
-16
-16
-18
-15
-15
-11
-18
-19
-21
-19
-17
-16
-8
-14
-9
-7
-9
-7
-12
-11
-11
-16
-21
-17
-14
-15
-14
-14
-16
-15
-13
-13
-13
-11
-10
-11
-12
-12
-14
-14
-9
-7
-7
-8
-7
-3
-2
-2
-3
1
0
3
3
3
2
-3
0
-2
3
4
7
4
2
4
4
11
6
4
8
9
8
10
8
4
3
5
5
3
8
6
3
5
6
6
10
10
10
9
5
7
11
11
11
11
10
8
6
10
7
5
9
4
4
3
1
3
3
2
-2
3
3
0
-1
-5
-8
-3
1
-4
-1
-5
-6
-3
-1
-4
-6
-8
-8
-5
-7
-4
-4
-3
-9
-8
-9
-6
-4
-8
-8
-10
-5
-5
-6
-9
-6
-8
-3
0
-4
-7
-8
-8
-7
-3
-4
1
1
-3
-2
2
2
4
-1
-5
3
1
1
5
2
1
-1
7
11
9
10
1
5
3
3
11
6
3
4
4
2
-2
-6
-2
-4
-2
-4
-4
1
-5
-3
6
-2
-2
1
2
0
-1
4
0
0
-6
-5
-2
-3
-4
-4
-9
-10
-5
-2
-4
-6
-5
-13
-10
-9
-4
2
-4
-9
-11
-7
-5
-3
-2
-3
-9
-3
0
1
10
3
0
-6
-4
2
1
5
2
-2
-2
4
6
5
5
-2
5
7
9
12
13
6
1
2
3
5
3
3
5
4
0
3
2
-1
0
2
0
7
6
0
-1
-2
0
2
-1
-6
-4
-4
-3
-4
-8
-7
-6
-3
-5
-6
-5
-4
-7
-7
-8
-7
-7
-11
-8
-12
-9
-6
-4
-3
-6
-4
-6
-3
-5
-7
-8
-7
-6
-4
-2
-2
-2
-3
-5
-3
0
1
-3
-5
-6
-6
2
1
-1
-1
-3
-3
-3
2
-4
-7
-1
-5
-5
-3
-4
-2
-5
-6
-6
-2
5
2
-3
-5
-6
-6
-3
-2
-6
-9
-7
-7
-5
-3
-3
-2
-6
-7
-3
-2
2
2
2
-5
-4
1
4
5
-1
1
-1
3
7
5
5
5
8
0
3
6
8
11
9
13
15
15
15
14
10
9
0
3
8
11
11
4
9
5
7
12
7
4
10
9
9
13
16
14
8
11
9
10
13
15
13
13
12
11
20
21
17
19
16
13
17
18
21
15
11
7
6
12
15
11
10
11
13
10
10
9
8
12
9
6
0
-1
2
2
0
-2
-4
-6
-3
-7
-3
-1
-4
-6
-5
1
-2
0
1
-6
-9
-6
-6
-4
-2
2
-4
-4
1
5
7
5
6
-1
0
4
6
0
0
-3
-11
-3
1
3
2
-1
1
-1
6
6
3
0
1
-2
-1
1
-4
-1
-3
-6
-5
0
-2
0
1
-4
-9
-9
-9
-16
-9
-12
-7
-8
-13
-17
-21
-15
-12
-11
-14
-18
-18
-10
-5
-2
-3
-15
-18
-12
-7
-1
0
-6
-17
-16
-3
-1
0
0
-11
-18
-5
4
9
3
0
-7
-10
-4
1
3
-8
-9
-12
-10
-5
5
4
-8
-2
-3
0
6
2
-7
-5
-3
-5
5
6
-4
-5
0
-4
-3
7
-5
-6
3
6
-2
1
-4
-13
-5
-1
-4
-4
-8
-18
-14
-2
6
7
7
-4
-10
-8
-2
6
6
-2
-8
-7
-9
5
10
-6
-9
-7
-7
-4
13
7
-5
-8
-13
-10
1
3
-6
-9
-14
-17
-11
0
-3
-4
-5
-13
-10
1
3
2
2
-6
-12
-6
0
1
7
8
2
0
-3
1
9
6
-3
1
1
2
10
15
9
7
3
-3
0
6
8
0
1
-4
-7
3
12
15
11
5
1
1
5
8
10
4
-8
-6
0
4
9
6
-3
-8
-7
-5
4
5
5
-3
-9
-7
-5
3
-3
-5
-7
-12
-17
-2
4
-6
-6
-8
-12
-5
8
9
8
7
-2
-2
5
6
3
4
1
-6
-8
0
0
-2
0
-2
-4
-2
0
1
5
-1
-7
-10
-5
-1
-4
-1
-5
-5
-4
-3
-1
1
-3
-8
-1
-4
-5
0
-3
3
3
0
2
4
6
1
4
2
5
10
8
10
7
3
9
6
7
13
11
10
7
11
14
5
7
10
8
12
8
9
10
11
9
10
10
6
11
5
10
7
8
5
2
8
8
9
5
12
8
5
8
5
3
5
9
4
6
7
3
2
0
-1
-4
-9
1
0
-4
3
0
-5
-5
-1
-3
-5
-2
-3
-4
-2
-3
-2
-3
-7
-5
-6
-10
-8
-3
-4
-4
-7
-6
-5
-2
2
-2
-1
-3
0
3
3
3
3
4
2
1
-1
6
3
2
4
4
8
6
6
8
8
5
6
9
9
1
11
6
8
10
4
10
8
13
11
11
10
8
11
7
6
8
4
7
8
8
11
11
10
5
8
5
6
5
8
5
-1
5
6
4
4
5
-3
-7
-2
-1
1
1
-3
-6
-6
-6
-5
-6
-4
-7
-12
-11
-10
-7
-11
-12
-8
-15
-14
-8
-8
-14
-7
-7
-9
-7
-10
-9
-14
-11
-13
-8
-9
-11
-8
-16
-10
-7
-3
-6
-7
-9
-12
-4
-8
-12
-9
-5
-8
-11
-6
-9
-5
-7
-8
-11
-10
-8
-11
-9
-8
-10
-16
-9
-10
-11
-9
-5
0
-10
-11
-8
-7
-8
-5
-6
-11
-8
-5
-2
-4
-2
0
-2
-1
1
-2
5
9
-1
-1
6
4
4
5
4
1
2
3
5
4
5
3
0
-2
0
7
3
2
5
-2
-5
1
3
2
-7
-3
2
-1
0
6
1
-7
1
6
4
2
12
3
-3
6
9
3
7
8
-3
5
11
8
2
10
5
-3
1
7
5
1
6
0
-4
-1
2
-10
-12
-5
-5
-3
0
2
-8
-8
-2
6
5
-2
-4
-9
-9
-1
3
-6
-16
-15
-8
-6
3
1
-9
-13
-13
-3
-2
4
0
-17
-10
1
0
6
7
-5
-11
0
3
12
9
4
-5
-4
11
6
7
1
-9
-20
-4
18
5
-2
6
1
-14
16
27
10
-2
4
7
3
13
9
-7
-13
-7
3
9
5
0
-12
-8
0
-5
-2
-5
-15
-23
-7
7
2
-10
-5
-2
-14
4
16
0
-23
-10
3
-5
1
6
-7
-25
-17
4
8
-2
-3
-11
-18
-8
8
13
6
-10
-15
0
10
12
4
-2
-16
-11
10
23
14
-7
-5
-5
-4
15
25
7
-18
-18
1
2
12
26
8
-14
-16
8
18
23
12
0
-11
-9
11
15
18
6
-5
-10
-3
13
12
9
1
0
-5
2
13
6
-9
-10
4
2
-4
-1
-3
-7
-4
6
8
-3
-8
-7
-7
2
9
6
-3
-6
-3
5
6
3
4
-1
-7
4
17
7
-7
-9
-4
0
7
10
5
-5
-12
-1
11
17
5
5
-10
-19
-5
14
18
-5
-6
-10
-15
-10
12
15
-19
-23
-8
-8
-12
-2
4
-13
-22
-3
-1
-19
-10
-2
-13
-6
3
-4
-4
-8
-10
-6
2
1
-8
-9
-4
-12
-10
11
4
-14
-8
2
0
-2
7
15
0
-7
6
10
5
2
13
5
-1
10
11
5
4
6
4
4
6
6
2
1
1
-4
3
11
0
-7
4
8
3
-1
8
2
-14
-1
17
6
-8
6
3
-19
-5
12
-4
-11
-4
-8
-12
6
9
-3
-6
-2
-5
-3
10
-1
-10
-4
-2
-5
-3
7
-2
-13
-7
2
-6
-8
3
-7
-20
-8
1
0
-4
5
-5
-19
-2
-3
-3
-1
0
-6
-11
-2
0
-3
-1
0
-5
-5
-4
3
6
2
2
3
-2
-7
-1
4
-7
-4
3
-2
-3
-1
0
-4
4
8
-1
-3
0
0
-2
1
3
-3
-1
1
-3
-2
-3
0
1
1
5
3
-1
1
3
-2
5
3
2
2
-5
-10
-3
7
1
-3
1
4
-6
0
7
6
7
0
4
3
1
2
7
4
-1
1
5
5
6
11
7
12
12
5
4
2
4
5
4
0
-5
-6
-7
-8
-10
-4
-3
-8
-7
-8
-6
-7
-8
-4
-9
-10
-8
-9
-8
-6
-6
-10
-8
-5
-11
-11
-6
-5
-2
-1
-1
-2
2
1
0
1
3
2
1
0
-4
-4
-6
-7
-8
-4
-3
-4
-4
1
-1
-1
2
-3
0
3
1
-3
-2
-3
-7
-9
-4
-7
-7
-5
-4
-4
-5
-3
-5
-7
-9
-5
-12
-10
-2
-13
-14
-9
-12
-12
-8
-6
-4
-4
1
0
-1
-1
0
-1
-3
-4
-7
-8
-4
-3
-6
-5
-5
-5
-3
-5
-7
-4
-2
-5
-5
-9
-10
-3
-7
-7
-8
-11
-8
-11
-9
-4
-7
-8
-7
-9
-9
-5
-3
-2
-5
-3
-5
-9
-3
-6
-8
-4
1
0
-3
2
-1
-3
-2
1
1
4
3
3
-1
1
5
2
4
-1
6
4
2
4
5
11
7
6
10
11
8
9
5
10
9
9
6
4
8
5
12
10
6
11
10
9
9
14
13
10
12
13
7
6
12
14
11
12
16
7
10
16
15
9
10
14
10
13
17
10
4
6
5
2
8
10
6
0
7
10
7
9
14
7
-4
1
5
4
6
4
-6
-12
-6
-1
-2
-1
-5
-15
-8
2
-2
-2
5
3
-4
-5
2
-2
-4
2
6
3
-2
-1
-2
-1
4
6
4
4
1
0
6
12
14
11
0
3
6
7
14
12
9
1
5
8
8
3
3
7
1
1
11
9
3
4
-1
2
6
12
7
2
5
5
4
4
12
4
-1
3
8
8
6
2
2
2
2
11
6
1
0
1
12
11
16
11
-1
1
0
12
15
10
2
-1
0
6
12
6
7
5
-2
-2
14
16
0
-1
-3
0
5
13
13
0
-7
-4
3
8
13
8
0
-9
-1
11
11
5
2
-5
-10
1
10
11
1
-10
-14
-3
4
3
5
-7
-17
-17
3
6
-2
4
-1
-6
0
13
4
1
5
4
4
0
7
4
-1
8
9
5
4
3
3
9
13
14
11
0
0
14
11
8
13
8
-3
-1
11
21
13
5
9
0
2
14
21
17
5
4
9
13
20
24
8
-1
2
7
19
21
14
2
-3
3
11
22
16
-6
-14
-9
-2
3
12
-2
-20
-16
-8
-1
7
-2
-16
-22
-19
-3
2
-1
-11
-18
-17
-9
0
6
5
-11
-16
-11
4
16
6
-6
-5
-9
-13
0
14
4
-16
-17
-7
-2
-1
11
8
-9
-15
-5
-3
-6
3
3
-6
-13
-12
-7
-2
2
6
1
-14
-18
-14
-8
-4
3
2
-12
-18
-8
-10
-7
-1
-8
-12
-12
-10
-6
-7
-11
-14
-14
-16
-14
-9
-10
-18
-22
-13
-12
-9
-8
-15
-25
-26
-19
-14
-8
-10
-19
-28
-27
-15
-13
-9
-12
-32
-26
-24
-15
-9
-17
-16
-26
-30
-19
-3
-8
-12
-17
-18
-17
-15
2
1
-5
-13
-8
2
0
3
0
-8
-11
-4
12
9
-2
1
-6
-10
3
17
16
3
1
-3
-1
14
14
10
6
-4
-7
-4
4
7
4
-8
-9
-10
-3
15
10
3
-6
-11
-4
5
18
17
6
-8
-6
5
16
18
11
3
-3
-4
2
16
22
8
-4
2
1
-3
12
22
9
0
8
13
10
8
16
8
1
10
10
7
0
12
8
-5
9
8
6
6
10
8
5
15
9
14
14
6
-1
5
15
10
13
13
1
-5
7
15
13
18
21
5
-5
10
18
16
14
11
1
-3
13
17
12
13
7
3
7
9
12
11
6
4
9
15
9
5
-1
-2
2
4
11
6
1
-1
2
12
21
15
16
4
-6
1
5
20
17
4
-2
1
-4
-2
19
19
0
-5
-3
6
4
10
14
5
-2
-7
15
14
8
8
5
-1
-2
10
11
11
11
6
-3
11
19
8
13
9
4
2
12
20
10
6
2
2
1
7
12
6
3
-1
-1
-3
-2
0
-2
-5
-12
-12
-1
0
-2
2
0
-2
-6
2
7
1
7
7
3
3
10
11
6
2
2
5
4
-1
8
12
11
4
5
8
10
13
11
7
7
13
13
14
10
3
-1
11
14
9
11
8
2
-3
11
17
9
4
0
-5
-2
7
3
-1
-8
-5
-4
-6
6
0
-7
-3
-6
-11
-2
6
-12
-19
-12
-19
-14
-3
-9
-21
-26
-26
-24
-9
-5
-13
-19
-25
-22
-12
-1
-3
-4
-9
-19
-13
-2
1
-2
-8
-15
-16
-11
-3
-3
0
-3
-6
-7
-7
-7
-2
-5
-11
-8
-7
-5
-6
2
3
-3
-5
0
3
1
2
6
3
-4
0
3
6
1
7
11
7
5
7
6
5
13
10
12
12
7
12
15
13
8
7
15
17
13
23
24
12
10
19
14
12
21
21
19
14
12
12
14
15
8
11
12
10
6
2
9
8
-1
-1
6
2
2
7
2
-4
-2
-1
-3
-7
-1
2
-2
-7
-2
0
-7
2
1
0
-8
-9
-1
-5
3
7
4
1
3
3
2
12
12
2
1
2
3
-1
14
9
-6
-4
-3
1
-2
8
-1
-13
-12
-4
6
1
1
0
-12
-18
-5
-5
-10
-5
-4
-8
-6
-5
-10
-10
-8
-15
-11
-1
-8
-11
-7
0
-10
-9
5
-5
-26
-11
3
-4
-12
-6
-7
-14
2
-2
0
-7
-11
-10
-11
-8
-11
-3
-4
-5
-6
-8
-7
-1
-7
-10
-3
-1
-3
0
6
-4
-14
-6
3
1
1
-2
0
5
1
6
5
0
5
8
5
2
7
11
5
7
1
4
5
6
9
10
13
10
11
12
9
5
3
7
5
15
22
9
0
3
13
8
13
10
1
-1
4
0
0
5
2
5
6
6
-1
-2
3
10
-5
-6
8
16
11
5
12
-4
-7
-1
12
11
8
12
10
7
5
3
3
3
-2
-6
-4
7
7
9
4
-6
-13
-15
-11
-3
-4
-5
3
-10
-17
-10
-11
-17
-18
-22
-18
-19
-17
-13
-12
-20
-31
-32
-27
-17
-10
2
-7
-19
-26
-13
-7
-12
-11
-17
-20
-18
-8
-10
-11
-9
-11
-16
-4
-5
-7
0
-1
-5
-7
-2
-5
-9
2
6
-4
2
2
-1
-4
-2
1
3
3
-8
-9
-11
-11
-10
-4
-1
-6
-5
2
5
3
4
10
9
7
12
16
12
4
5
-1
-2
-6
-6
0
-3
4
2
1
6
8
4
0
2
12
19
21
17
5
-1
-4
0
1
1
5
3
2
4
7
6
-3
-8
-7
-4
-3
5
11
5
1
-2
-9
-7
-2
6
5
-5
-2
3
8
5
3
-1
-5
-1
0
-1
-9
-13
-17
-5
3
-1
-4
-3
-4
0
2
-4
-3
-6
-6
-11
-12
-8
-10
-13
-11
-13
-11
-3
-7
-8
-11
-10
-8
-4
-6
-9
-7
-8
-6
0
3
-7
-8
-11
-11
-2
2
3
3
1
-7
-7
-9
-11
-1
-4
-1
-2
-4
-4
-8
-3
-4
-8
-8
0
6
-5
0
3
-2
2
4
7
0
2
11
11
10
9
5
-7
-5
5
9
7
4
1
2
5
2
8
6
7
5
8
7
9
14
15
10
5
11
10
12
19
17
12
13
10
6
13
14
14
16
13
17
19
15
17
17
16
12
14
12
11
16
11
15
15
9
7
1
3
4
9
13
5
1
0
4
4
6
10
1
-1
-1
3
1
0
0
-10
-8
-10
-4
2
-1
-7
-12
-8
-13
-9
-2
-5
-14
-21
-17
-15
-17
-7
-2
-8
-9
-15
-11
-14
-20
-14
-15
-13
-13
-2
1
-10
-8
-15
-21
-27
-21
-6
2
10
2
-6
-17
-35
-31
-23
-21
-24
-21
-14
-16
-16
-10
-9
-21
-23
-17
-9
-6
-6
-6
-12
-18
-8
4
4
-4
-8
-9
-15
-6
-6
-7
-8
-17
-17
-8
14
6
-6
-16
-44
-42
-19
15
34
26
19
1
-20
-23
-19
-10
-7
-1
5
11
13
10
-4
-16
-24
-25
-1
23
33
32
23
4
-4
-1
7
4
9
19
15
17
10
15
-1
-11
-6
6
29
35
38
32
14
-9
-17
-7
28
37
35
36
7
-8
-17
-13
-13
-8
13
26
35
25
13
-3
-29
-41
-39
-19
8
39
54
42
15
-17
-30
-38
-18
-4
18
34
29
32
16
-11
-37
-54
-58
-37
-2
46
53
40
5
-30
-40
-49
-19
-5
29
29
35
39
3
-11
-39
-43
-32
-6
21
39
42
13
-22
-29
-42
-51
-27
-7
31
40
39
23
-4
-26
-48
-29
-24
7
54
70
61
32
-4
-35
-32
-32
-10
14
16
30
35
33
4
-39
-64
-61
-32
6
31
47
59
31
25
0
-28
-32
-24
0
2
24
32
45
40
23
-15
-56
-81
-80
-22
14
56
33
26
10
-18
-22
-53
-42
-39
-13
15
38
52
53
26
-5
-32
-60
-71
-52
1
19
46
27
-12
-51
-81
-84
-93
-33
2
33
59
24
13
-30
-48
-34
-21
16
17
22
13
10
8
-26
-46
-49
-63
-41
-8
15
28
2
-23
-67
-66
-66
-34
4
36
58
40
23
-36
-25
-45
-28
-2
17
32
5
22
-12
-31
-69
-93
-77
-54
-35
-17
20
13
7
4
-14
-22
-15
-35
-19
6
6
27
34
51
29
-15
-54
-88
-49
-28
-21
-13
-19
-1
-5
3
10
-7
-61
-98
-83
-26
11
56
99
112
95
-16
-62
-73
-41
-12
22
42
30
22
-7
-5
-29
-30
-74
-51
-21
-11
31
19
49
55
51
5
-28
-14
24
66
82
60
24
-26
-54
-14
31
65
44
63
39
-7
-50
-95
-45
-11
32
62
69
105
58
48
15
-27
-29
-70
23
80
157
130
77
59
-27
-50
-128
-94
-22
72
102
106
103
44
-19
-84
-64
-32
-21
-29
23
84
120
69
53
5
-29
-75
-112
-29
-6
51
43
65
53
13
-7
-50
-44
-59
-46
-31
-25
17
35
67
76
20
30
-57
-57
-96
-94
-24
-11
113
105
108
57
-24
-58
-105
-90
-22
15
72
81
93
81
-23
-60
-121
-55
-30
22
42
36
32
-19
14
-11
19
-12
-17
-31
-53
-6
38
58
58
50
29
22
-12
7
-11
-8
-25
-30
20
42
52
33
11
-38
-83
-116
-121
-55
49
140
149
41
-53
-146
-76
-23
12
119
83
100
-17
-78
-75
-129
-53
-18
43
132
1
-28
-75
-96
-50
-235
-125
-87
120
232
94
86
-138
-164
-243
-134
36
135
230
166
161
18
-165
-301
-256
-67
66
112
154
97
71
-89
-194
-191
-210
-57
-4
210
204
137
2
-178
-182
-232
-64
-10
152
184
131
85
-121
-137
-223
-126
5
13
184
127
111
27
-180
-132
-272
-143
-24
63
297
125
94
-67
-207
-148
-251
-90
-35
66
224
142
203
1
-106
-200
-217
-78
-62
110
113
218
144
-2
-135
-262
-212
-169
-57
18
18
-10
34
19
98
-37
-104
-112
-86
34
30
141
161
210
119
37
-141
-158
-98
-3
195
79
67
-63
-78
-40
-125
-81
-121
-128
54
123
251
167
-1
-10
-125
-43
-80
123
320
349
254
21
-107
-214
-186
-127
49
134
164
52
36
-15
-112
-171
-220
-57
27
174
224
298
274
37
-208
-284
-214
21
184
255
289
96
-41
-303
-285
-205
-115
68
61
84
-45
-131
-101
-53
63
12
-4
-10
-72
-7
-67
7
-72
8
90
30
51
-120
-80
-146
-143
-164
-90
70
116
107
54
10
-74
-57
-45
66
61
64
10
92
93
13
-26
-107
23
-55
36
-18
21
107
-2
21
-113
-70
-29
114
225
158
-20
-173
-175
-73
82
74
145
45
2
-147
-201
-122
-74
128
52
51
-145
-161
-95
40
210
71
59
-94
-109
-76
-90
-64
-189
-204
-116
-110
11
-92
-101
-99
-300
-331
-427
-230
-67
28
161
119
118
14
-166
-126
-122
-54
-95
6
168
214
193
-122
-130
-334
-168
-214
22
298
159
214
-107
131
61
96
78
157
387
436
512
581
645
411
306
73
137
81
243
386
602
549
333
125
-84
75
-58
318
142
122
84
14
286
234
377
335
175
111
-31
-14
226
173
434
373
240
8
-200
-83
21
128
22
-141
-420
-413
-462
-143
-97
-229
-471
-741
-901
-1001
-937
-903
-653
-704
-488
-649
-598
-659
-820
-750
-918
-975
-875
-611
-310
68
-10
18
-576
-824
-961
-1057
-721
-787
-549
-368
-350
-423
-531
-790
-731
-1057
-853
-722
-494
119
269
820
716
588
419
494
841
1314
1592
1886
1864
1940
1961
1652
1643
1056
1108
909
1327
1429
1496
1620
1337
1336
748
735
605
1073
1441
1884
2111
2088
1932
1785
1892
1828
1953
1642
1668
1378
1524
1318
1072
788
234
61
-508
-775
-1213
-1337
-1493
-1920
-2368
-2706
-2928
-2913
-2671
-2258
-1841
-1891
-1974
-1937
-1799
-1791
-2037
-2116
-1922
-1737
-1325
-1149
-1070
-1392
-2094
-2590
-2833
-2832
-2715
-2354
-1930
-1613
-1750
-2013
-2476
-2498
-2123
-1110
-29
759
1321
1260
1644
1172
1111
699
248
679
1122
2987
3911
3859
3197
1873
854
-320
-1221
-814
-377
457
1102
905
1008
-189
-568
-738
-405
197
209
915
1647
2610
2696
2332
1406
837
596
1009
1857
2450
2827
2425
1914
1062
490
25
320
1038
1883
2398
2055
1649
1164
784
508
203
199
471
651
1082
1163
1151
843
314
122
-11
147
342
446
597
392
-216
-1093
-1705
-1832
-1671
-1140
-1191
-1066
-1701
-2174
-2495
-2828
-2130
-2198
-1488
-1385
-1186
-961
-1384
-1566
-2180
-2494
-2939
-3104
-2922
-2074
-1486
-960
-1378
-2029
-2812
-3377
-3021
-2663
-1660
-1563
-1019
-1386
-1411
-1553
-1849
-1519
-1387
-206
617
2231
3604
4789
4818
4189
2866
1579
1049
772
1554
2000
2534
1981
1090
87
-803
-1416
-1625
-1454
-1032
-422
10
663
968
954
493
40
-105
390
1072
2101
2677
2980
2579
1767
1194
490
385
336
1001
1664
2335
2488
2143
1933
1934
2073
2278
2207
2285
2619
2678
3171
2677
2706
2009
1512
1538
1010
1252
500
415
-44
-252
-535
-1145
-1122
-1284
-921
-1083
-1137
-1744
-2221
-2453
-2716
-2548
-2537
-2479
-2526
-2440
-2476
-2771
-3315
-3683
-4086
-4213
-4258
-4259
-4047
-4177
-4286
-4590
-4699
-5018
-5037
-4577
-4186
-3343
-3053
-2013
-963
335
1583
2011
2621
2167
2820
3575
4517
4488
4427
4499
3586
3212
2232
2321
1530
1191
697
113
15
-557
-636
-595
-481
-856
-1156
-1332
-494
92
1187
1630
2035
2248
2029
2471
2387
2795
2566
2584
2054
1623
1061
173
-458
-1132
-1466
-2252
-2583
-2898
-2817
-2419
-1857
-549
1243
3312
4680
5304
5911
5693
5573
5193
4841
5203
4722
4725
3856
3010
2138
358
-566
-1805
-2261
-2498
-2588
-1793
-1372
-1021
-1068
-1533
-1677
-1841
-1196
-449
-22
558
586
595
-103
-651
-1415
-1684
-1974
-2313
-2207
-2758
-2794
-3852
-4497
-5230
-5673
-5836
-6282
-5787
-5182
-4536
-4462
-4121
-4290
-4622
-4415
-4023
-3408
-2390
-1335
-93
321
127
-287
-882
560
1037
2032
2626
2855
4257
4217
4655
3704
3637
3249
1977
1845
1520
1814
1340
1384
971
551
-403
-1420
-1403
-614
146
-38
293
497
1137
1341
1895
1927
2559
2629
2512
2904
2699
2811
1834
1964
1056
616
-129
-902
-599
-94
1392
2143
3184
3484
3200
2553
2563
2686
3534
4213
4485
5212
4685
4319
3106
2403
1750
948
554
-106
-132
-119
57
-119
-248
-994
-1977
-2488
-2439
-1881
-1457
-1184
-1301
-1677
-2383
-2834
-3349
-3072
-3142
-3008
-2840
-3100
-2890
-3959
-4497
-5148
-5494
-5746
-6225
-5653
-5373
-4928
-4580
-4793
-4587
-4960
-5237
-5176
-4749
-3464
-3490
-2287
-1495
-846
442
668
1944
2178
3326
4993
5283
6091
5830
5287
5154
3970
3546
2834
2051
2152
1141
1103
381
-830
-1366
-2472
-2236
-2425
-2388
-1599
-926
199
812
1274
1805
1982
2449
3198
3528
4170
4129
4108
3723
3016
2346
978
265
-584
-1133
-1569
-1445
-420
925
1983
2522
2789
2796
2734
2819
3794
4859
5811
6208
6052
5613
4830
3714
2578
1822
1108
316
-172
-196
105
70
-323
-1071
-2112
-2647
-3221
-3001
-2491
-1949
-1807
-2139
-2304
-2795
-2838
-2921
-2737
-2849
-3147
-3031
-2868
-2522
-2633
-3568
-4725
-5485
-5973
-6166
-6209
-5597
-5296
-5196
-5088
-5182
-5121
-5381
-4928
-4950
-4411
-3828
-3400
-1965
-436
1308
1669
1973
2300
3378
4800
6007
6809
6327
5857
4638
3839
3378
2976
2755
2340
1776
1273
134
-1009
-1827
-2385
-2242
-2667
-2488
-2018
-942
394
1224
1758
1864
1907
2222
2960
3897
4792
4950
4805
4072
3379
2201
872
-57
-962
-1002
-780
-54
768
1415
2288
2466
2293
2293
2020
2959
3774
4637
5559
5343
5510
4479
3926
3410
2597
2332
1591
1503
1450
1366
911
380
-457
-1193
-1808
-2182
-2159
-2217
-2227
-2934
-3385
-4018
-4544
-4694
-4209
-3764
-3514
-3378
-3462
-3414
-3949
-3898
-4504
-4722
-4967
-5340
-4741
-4466
-4343
-5222
-6001
-6383
-6330
-5946
-5380
-4613
-4220
-4601
-5150
-5457
-5275
-3901
-2706
-546
770
2104
3698
4588
7484
8142
8141
7427
5893
5920
5054
5549
5616
4874
4317
1954
266
-1013
-2439
-2551
-2883
-2449
-2442
-2835
-2326
-2159
-496
260
786
1544
1943
3279
4155
5428
5689
5622
5244
4085
3431
2541
1854
805
183
-189
-350
350
522
923
1629
2299
2571
2346
2470
2895
3562
4420
4766
4970
5075
4379
4102
3679
3234
2380
1405
1167
1023
1381
1011
490
9
-478
-1336
-1942
-2327
-3028
-3062
-3561
-3666
-4326
-4923
-5352
-5438
-4080
-3648
-3236
-3161
-3547
-3968
-4323
-4163
-3902
-3982
-4321
-4573
-4649
-4394
-5125
-5303
-5608
-5681
-5762
-6359
-5995
-6211
-5340
-5510
-5294
-4732
-5198
-4622
-4333
-2563
-367
1304
3141
4892
7251
9609
9299
8834
7723
6439
6255
4904
5534
4848
4293
3291
1303
523
-1725
-3251
-4238
-3932
-3263
-2799
-2392
-1522
-219
805
1465
1492
2380
3039
4345
5775
6902
7452
6880
5800
4555
3548
2299
1064
421
1010
1579
2253
1815
1420
1147
277
577
558
1748
2458
3082
4550
4710
5011
4622
3898
4008
3763
3608
3341
2900
2901
2329
1973
1052
79
-736
-1569
-1671
-2175
-2553
-3521
-4465
-5181
-6030
-6255
-6157
-5955
-5021
-4321
-3815
-3533
-3732
-3429
-4000
-3408
-3110
-3034
-2844
-3663
-3822
-4779
-4669
-4575
-5128
-5563
-6259
-6785
-6386
-5633
-5812
-6010
-6214
-6251
-6922
-6802
-6137
-4255
-2215
-342
1321
2391
4612
5197
7915
10205
10583
9947
7808
6865
5870
5441
4562
3643
2631
1599
-407
-1438
-2335
-3302
-3290
-3940
-3436
-3776
-2990
-2156
-570
1449
2055
2721
2867
3614
4529
6033
6762
7175
7042
6305
5214
3906
2985
1723
1681
2051
2369
2215
2204
2152
1349
782
70
40
713
1940
3201
4484
5231
5155
4951
4389
4497
4000
3880
3933
3687
3889
3115
2432
1358
277
-1091
-2222
-2813
-3433
-3839
-4595
-5222
-6207
-6743
-7354
-7174
-6151
-5104
-3972
-3679
-3233
-3575
-3842
-4003
-4143
-3348
-2885
-2493
-2696
-3545
-4281
-4667
-5056
-5422
-5329
-4794
-5121
-5822
-6759
-8250
-8534
-9481
-9318
-8879
-8351
-6710
-5550
-2713
-1199
299
2200
4893
9904
13042
13083
12005
11227
9563
7649
6145
6029
5432
5028
4146
2304
1255
-1818
-4264
-5590
-5738
-6240
-6867
-5415
-3017
-144
1028
591
165
571
1656
4273
7054
9376
10303
10226
9484
7641
6117
3670
2120
1412
1227
1175
1111
580
-562
-266
-543
-1334
-1911
-1469
224
2117
4232
5452
6119
6348
5639
5627
6110
6066
5679
5292
5422
4953
3894
2292
606
-276
-1563
-2464
-3229
-3690
-4103
-4617
-4586
-5636
-6193
-6967
-7084
-5806
-4683
-3543
-3423
-3187
-3032
-3316
-3409
-3312
-3150
-2659
-2476
-2388
-2457
-2869
-4184
-5858
-6401
-7529
-8070
-8385
-6875
-5990
-6346
-6792
-9043
-8974
-9854
-9667
-8658
-7328
-5151
-4869
-2136
382
2772
5635
9021
12863
14146
12843
10983
10025
9314
8161
7244
7124
5636
4291
2067
626
-900
-3228
-5097
-6861
-6294
-6996
-6115
-4511
-1982
219
525
915
500
2390
4107
6718
8986
10329
10713
9600
8580
6718
5434
3417
1796
537
102
256
281
362
-330
-234
-1866
-2708
-2452
-1353
1461
2990
5195
5689
6143
6460
5950
6731
6941
6919
6187
5674
5046
4652
3713
2456
863
-549
-2183
-3554
-3690
-4214
-3946
-4923
-5284
-6466
-6835
-6799
-6566
-4462
-3979
-2515
-3087
-3353
-3341
-2969
-1991
-2651
-2008
-2133
-1372
-916
-1644
-2709
-4451
-5463
-7689
-9499
-9518
-10255
-8558
-8219
-9395
-9091
-11875
-12615
-14283
-13156
-10961
-10672
-6910
-6912
-3606
-16
6625
16315
21030
20973
14329
13006
10820
8820
9385
10311
12346
9069
6537
2438
11
-2471
-6922
-7812
-9091
-10111
-11612
-9698
-4148
-446
987
-1507
-3162
-1893
957
6557
11462
15489
16068
14766
13015
10475
9019
6395
5259
4061
2698
-28
-3682
-5946
-7953
-8313
-8487
-7705
-6245
-3792
-1111
1663
4425
5330
5536
6258
7808
9578
11389
12169
12363
11432
9953
7365
4715
2787
612
92
-597
-592
-1833
-3459
-4751
-6562
-6409
-7158
-6934
-6053
-4863
-3056
-2073
-1209
-1517
-1533
-877
-68
385
751
563
304
24
-1209
-2523
-4024
-4659
-6367
-7016
-6991
-7970
-8162
-8993
-9532
-10102
-9321
-9936
-11260
-9982
-9828
-9763
-9140
-10092
-10029
-10468
-9538
-7272
-6484
-1998
-1688
3527
13512
20705
22874
15022
12285
8912
7230
5195
5782
10391
8680
7244
2549
1306
-2337
-7124
-8656
-8478
-6633
-8990
-8297
-4660
836
3113
574
-1662
-1711
1100
5306
10515
15417
16490
15014
13102
10604
8891
6034
4236
2866
2538
1030
-3397
-6611
-9069
-8570
-8107
-7268
-5959
-5159
-2182
-174
2948
5264
5788
6833
7706
10232
11704
12484
11820
10139
8824
6980
4876
2269
1135
53
-306
-842
-2471
-4415
-6225
-7285
-7262
-6477
-5987
-5131
-4487
-2712
-1893
-1087
-956
-1320
37
751
1732
1723
1278
931
817
-8
-1473
-4060
-6334
-7091
-8046
-7888
-9325
-9799
-9755
-10551
-10693
-10578
-9975
-10256
-10452
-10854
-10290
-10345
-10579
-9942
-8798
-6936
-6423
-5012
-2361
2467
11364
21238
22950
17300
11976
8310
6750
4653
6253
9015
8918
7629
3451
1846
-805
-5842
-8821
-9641
-8604
-9127
-8066
-3814
1423
4402
2428
-1218
-2205
-132
4421
10934
16260
18488
17174
14717
11759
9105
6995
4112
2509
1946
602
-2789
-6302
-8411
-9114
-8962
-8474
-7973
-6787
-3644
-650
2573
4742
5187
5838
6523
8766
11398
12854
12954
11436
10037
8075
5391
3067
1448
841
251
-844
-2842
-4969
-6814
-8074
-7920
-7067
-6296
-5399
-4292
-2593
-695
201
669
533
981
1760
2013
2237
1832
1733
1209
-219
-2287
-5175
-7577
-9252
-10211
-9457
-9137
-9605
-10282
-11037
-10943
-12483
-13435
-13291
-12013
-10512
-11294
-10888
-10774
-9903
-8594
-7591
-4260
-2806
-91
6949
17434
25179
21215
15379
11501
8131
5151
2832
6496
9223
9135
6244
2898
301
-4943
-9266
-10460
-8907
-8997
-9376
-7032
-829
4266
3907
799
-1714
-647
2451
8009
14548
18720
19847
17983
14541
11549
7604
4244
2166
1681
1657
-1677
-5222
-8704
-10328
-10699
-10749
-9066
-8017
-5525
-2047
1112
4793
5647
5826
6778
8099
11186
12451
13643
13477
11820
10312
7370
5035
2318
1261
1388
522
-208
-2581
-4992
-6888
-8064
-7318
-7404
-6361
-4729
-3061
-833
268
1139
1081
1445
2079
2779
2994
3000
2570
1448
-236
-2956
-4994
-7661
-8184
-8509
-9493
-9397
-10192
-11264
-14201
-14369
-12994
-13471
-12158
-12113
-11192
-11803
-14321
-11522
-10806
-8774
-8643
-9989
-4672
-2776
2731
10344
20216
27004
19169
12639
8352
6636
5867
4939
10174
11353
7968
2606
-1337
-1393
-4810
-8144
-9304
-9143
-8743
-8531
-5393
400
4580
2851
-828
-2273
674
4998
10731
17588
20127
20008
16523
12739
10437
7879
6407
3651
2261
695
-4046
-7625
-10507
-10918
-11111
-11512
-9661
-8586
-5281
-1817
930
4256
4814
5860
7188
9100
12680
14296
15747
14611
12850
10977
7191
5427
3564
3103
2413
1096
-413
-3540
-5648
-7098
-8069
-7690
-7172
-6358
-4122
-2175
33
966
1233
1331
993
1606
2320
3069
3291
2977
1152
-250
-2759
-5899
-7713
-9216
-7938
-6729
-8531
-12464
-15393
-15815
-16013
-16166
-14495
-12745
-11942
-11235
-10955
-9899
-9352
-11093
-11669
-9523
-8162
-6929
-4675
1039
9201
17934
25262
21380
14101
9624
6774
7702
5810
7430
9272
7499
6264
1413
174
-3290
-8117
-8449
-8911
-8035
-8745
-6577
-1376
3183
4734
1542
-1086
47
4197
9715
15794
19336
19155
16950
14346
11705
8556
5700
3047
834
-228
-3178
-6903
-10049
-11709
-11092
-10993
-9879
-9385
-7419
-3309
-56
4132
5955
6327
7814
9715
13181
15227
16548
15600
12849
11202
7970
6077
4073
3534
3010
1267
-286
-4146
-6705
-8780
-9037
-7810
-6698
-5445
-3965
-2212
-621
734
1209
1532
926
1424
2002
2413
3147
2801
2285
182
-2920
-5950
-8831
-9588
-9164
-9648
-9944
-10781
-12842
-14413
-14786
-14695
-14202
-13472
-12833
-11703
-12175
-12005
-11012
-10611
-8814
-10523
-10262
-9119
-7861
-1389
4161
15870
26624
25327
17776
11018
8597
6869
4013
6831
11198
10289
9293
3263
2011
148
-6547
-8487
-10813
-9503
-10439
-8674
-1534
3668
6060
2655
-2372
-1719
1480
6576
14167
19255
22348
19961
17171
13352
9186
6773
3004
1287
-165
-2205
-6272
-9133
-10009
-10700
-11549
-12031
-11676
-9401
-5073
-1071
3686
6127
7343
8175
9443
12428
14120
15967
15889
14467
13207
10340
7993
5711
4394
2774
613
-1087
-3776
-5806
-7333
-7917
-7617
-6615
-5741
-4693
-2881
-1343
-469
-423
-342
228
1101
2269
2882
2367
2001
274
-779
-2653
-5614
-7173
-9035
-9389
-9235
-9808
-11014
-11394
-12357
-12585
-13708
-14783
-13978
-15017
-13031
-11892
-11082
-10778
-11505
-10244
-10645
-9525
-8405
-7397
-5490
-1514
4469
11748
22446
25694
19718
13889
9713
7411
4362
4601
8674
9588
9205
4838
1403
624
-4208
-7630
-8827
-8496
-8485
-7648
-2490
3347
7026
5709
1351
145
3176
6914
12269
17774
19814
19135
15817
12263
8163
4417
1672
-1429
-1959
-2905
-5992
-8395
-9562
-9309
-9297
-9794
-9941
-8221
-4262
-55
4149
7193
8813
9328
10217
12358
13716
14923
14206
12723
11672
9656
7752
5347
3951
2154
-122
-2278
-5087
-6290
-6778
-6469
-5597
-5178
-4738
-4733
-3707
-2010
-611
430
290
174
-5
342
348
570
275
-935
-1702
-3453
-4975
-7347
-8721
-10490
-11205
-10614
-11127
-10824
-11634
-11602
-13042
-14336
-13855
-13895
-12732
-11908
-11524
-10306
-10330
-10324
-11539
-11748
-9081
-9102
-6318
-2980
4087
15618
24917
26202
17783
12727
8540
5794
3994
6812
11714
11477
10632
5545
4065
539
-5983
-8404
-8630
-6741
-8086
-5930
289
5502
7736
3860
-760
-1367
1851
6973
13341
19487
21277
18904
15328
11377
7237
3042
36
-1191
-667
-1266
-4837
-7526
-8761
-9311
-10201
-10909
-10111
-7265
-2885
780
5100
7256
8173
8526
9474
12600
13720
15073
14302
13282
12450
10067
7886
5034
3500
1506
-529
-2795
-4671
-5664
-6336
-6334
-6212
-5740
-6101
-5799
-4339
-2459
-697
-157
-400
-759
-777
149
177
136
346
-330
-1606
-4248
-6080
-8102
-9913
-10170
-10645
-10284
-10738
-12559
-13852
-14725
-14828
-15461
-14487
-13561
-12433
-11136
-12613
-12788
-13960
-13075
-12043
-11752
-8859
-5039
1573
12807
25363
28466
22612
13933
9836
7571
5593
7958
11791
14500
13108
8079
3630
652
-5115
-8617
-9999
-9010
-9475
-9164
-2879
2766
6616
3477
-1814
-3752
-1091
4510
11838
19052
22031
21450
18597
15165
10584
7216
4321
1695
1227
486
-3066
-7166
-9494
-10104
-11669
-12390
-12140
-10231
-5772
-2047
2812
5183
6455
6460
7153
10689
13215
15706
16430
15620
14278
11772
9249
6754
4460
3746
2004
475
-2096
-4816
-6493
-7830
-7732
-8376
-7639
-7209
-5562
-3802
-2532
-1149
-1447
-1249
-1245
1
1665
1998
1385
758
391
-123
-2898
-5102
-6593
-8883
-9795
-12207
-12736
-13260
-14810
-15401
-16105
-15593
-16483
-16971
-16154
-14444
-12239
-12495
-13383
-14372
-15041
-14373
-11964
-4985
4331
19231
31789
29390
22316
15441
10995
7726
5676
10986
14367
15142
13164
7502
5743
-343
-8888
-13182
-13931
-13012
-13146
-8898
-1574
4198
4574
-868
-6471
-5743
-1504
5293
15273
22653
25642
23905
20634
16228
12230
8779
5718
4211
4297
1690
-3706
-7408
-10112
-11703
-14767
-15524
-14660
-12297
-7495
-2836
2251
5289
5832
5701
6989
9903
13504
16039
18682
18879
16951
13961
9565
7084
5214
4469
3036
1310
-490
-4126
-7207
-8961
-9637
-10250
-10393
-9638
-7444
-4859
-3133
-1991
-1899
-1749
-2016
-828
1196
2645
3830
3412
2684
580
-1244
-4066
-6560
-7608
-9717
-10760
-12508
-13540
-15279
-16304
-15948
-16432
-15810
-17032
-16943
-14686
-14584
-14202
-14095
-14288
-14116
-15341
-10668
-4028
3844
15442
25979
31682
25512
18086
12363
10252
8929
9089
14041
14321
13653
7780
3673
119
-7092
-11983
-15191
-13798
-12676
-10492
-4667
816
2894
697
-4344
-5558
-2510
4284
13193
20918
25988
25166
22266
17518
13618
10387
7916
6339
4966
3594
-1515
-6747
-11199
-13197
-14832
-16309
-14612
-12837
-9364
-4981
-574
3583
5350
6325
7648
10237
13543
16103
18133
19205
17855
14788
10767
7103
4927
3752
3484
2390
711
-2848
-6459
-9233
-11352
-11861
-11613
-9818
-8160
-5241
-3690
-3229
-2925
-3346
-2606
-1319
1046
2522
3608
4116
4134
2937
1161
-1936
-5445
-7354
-9712
-10039
-10491
-10683
-11639
-13787
-14996
-16095
-16630
-17842
-17134
-15561
-15099
-15042
-15283
-15242
-14567
-13669
-11807
-8616
-3667
5509
18927
31042
30464
23346
17273
12563
9359
6844
11625
14910
14817
11732
6152
3612
-2689
-9468
-13312
-13555
-13393
-14627
-11493
-4147
2652
3877
-410
-4933
-4982
-1239
6041
15604
23435
26353
25114
22059
17982
14059
10354
7321
6048
5546
2059
-3898
-9052
-11983
-14025
-16165
-16292
-15054
-12460
-8831
-3839
1293
4255
5965
6592
9079
12337
15922
18177
18456
18858
16645
13497
9269
6377
4724
3322
2725
1106
-1026
-5005
-8346
-10483
-11883
-12374
-11617
-9445
-6621
-3991
-3180
-3240
-3768
-3494
-1989
88
2836
4675
4976
4770
4080
2781
-631
-4600
-6893
-8726
-9678
-10020
-9627
-10254
-12336
-13746
-15741
-17515
-18117
-17750
-15838
-14305
-14039
-14131
-13745
-14450
-14846
-14134
-13681
-9932
-4209
6353
22503
32289
29288
20820
14568
10827
6696
5711
11984
15026
14912
11296
6227
4235
-3335
-10437
-13943
-14225
-13993
-14675
-8893
-615
5069
5197
-951
-5796
-5247
-833
6942
16547
24390
26049
23707
20594
16560
12461
8559
5850
5400
5425
2239
-3290
-7508
-10591
-13348
-15675
-16829
-15110
-12235
-7408
-1984
2444
5179
4982
5896
8583
12210
15623
17477
17722
17359
15076
12104
8495
5555
4610
3172
2643
534
-1811
-5322
-8535
-9957
-10907
-10980
-11044
-8800
-6666
-4168
-3380
-3377
-2911
-3071
-1328
503
3256
4570
4158
3712
2526
1422
-946
-3856
-6478
-8597
-9445
-9637
-10307
-11361
-11758
-13068
-14708
-15375
-16002
-16096
-15894
-15966
-15663
-15202
-14280
-13637
-13125
-11174
-10638
-8034
-2895
5396
19667
30087
28131
20336
15234
11119
8061
6370
11671
14205
12290
9942
3517
2756
-3006
-9066
-11644
-13116
-12456
-14008
-8878
-1136
4189
4700
-140
-4152
-3335
592
7618
16362
23211
24913
22635
19987
16313
12946
9288
6723
4995
3736
209
-4784
-8528
-11212
-13148
-15483
-15971
-14350
-10862
-6623
-2091
1678
4250
4916
6168
9525
13308
16416
17578
18077
16828
14178
11295
8431
6538
5428
4195
2368
-708
-3199
-6043
-9040
-10388
-11037
-10736
-10309
-8440
-6358
-4933
-3920
-3429
-2593
-1602
-128
2013
3844
4854
5234
4924
3733
1294
-1142
-3895
-6926
-9556
-9673
-10451
-11948
-12073
-13898
-14556
-15447
-16274
-16653
-16589
-16144
-16287
-14926
-14377
-14682
-13485
-12085
-10753
-8054
-3381
5809
18563
29308
26732
19535
15849
11441
8979
7207
12336
14402
12629
9761
4330
2822
-2852
-9020
-11555
-11454
-12345
-14108
-10437
-3156
2388
2847
-1394
-5096
-3726
281
6695
15531
22294
23780
22129
19844
17376
13624
10560
8171
6523
5588
1208
-4144
-8438
-11094
-12886
-15082
-15452
-14493
-11880
-7854
-3977
267
2448
3712
4647
7961
12409
15551
18558
18565
18680
15952
12821
9581
6514
5866
4504
3695
1387
-1036
-4892
-8423
-11035
-12182
-12318
-12335
-9987
-7746
-5261
-4441
-4303
-3529
-3179
-1709
749
3044
5481
6218
6078
5061
2474
-19
-3586
-6694
-8716
-9467
-9764
-10286
-11593
-13547
-16365
-19581
-21108
-21209
-18482
-14617
-12196
-11319
-12705
-15443
-16720
-14992
-10862
-4649
4599
18433
30050
28101
22561
17153
12862
10489
5394
10059
13146
14346
13701
8285
7305
-1379
-10577
-15728
-16664
-13550
-13218
-9477
-3004
1125
1545
-3861
-7999
-6694
-2362
5189
13731
21565
25016
24433
21523
18545
14590
11090
7874
6511
7917
5415
1165
-4711
-8914
-12403
-15204
-16055
-15653
-12345
-8461
-4674
-771
1900
2783
3395
4668
9048
12634
16514
18645
19435
19277
15193
11241
6526
4784
4129
3927
3703
1956
-805
-4945
-8719
-11320
-12634
-13551
-12445
-10227
-7267
-5118
-4588
-4624
-4534
-3416
-1309
640
3249
5037
5477
5035
2554
701
-1681
-2851
-3726
-6985
-9884
-11589
-12755
-12560
-13819
-14439
-15544
-18145
-18745
-20105
-18391
-17161
-15887
-15027
-14234
-12504
-10126
-5551
513
12691
24498
27496
20496
16033
14005
13400
11469
11380
15691
14176
12163
5834
3711
1336
-5479
-10093
-12536
-12062
-13626
-13091
-8361
-2150
149
-2052
-6670
-6598
-2891
2822
10440
17375
21936
21788
20411
18383
16603
13683
11236
9072
8634
7262
2581
-2637
-7414
-10964
-13977
-14963
-14324
-11682
-8342
-5216
-2185
-425
293
1505
2996
7674
11312
14887
17638
17565
18636
15880
13464
9403
6056
4681
3552
3717
3223
1493
-1881
-5590
-9646
-11045
-13204
-12787
-10906
-8161
-5156
-4998
-4841
-5809
-5214
-4041
-2457
191
3105
4235
5252
5247
3778
1471
-2235
-4726
-7191
-8501
-9872
-10987
-11823
-13633
-14998
-16632
-17702
-17364
-18107
-16628
-16697
-17585
-16863
-18253
-15099
-13212
-8596
-94
10424
26132
28713
21998
17476
12087
11471
7942
9729
18103
16828
16797
9663
4908
1849
-8086
-10911
-13113
-11964
-12572
-12955
-6341
-183
975
-2061
-8048
-9087
-5127
387
10687
18216
22927
22138
18917
16999
13554
11534
10506
9819
10938
9504
4801
-376
-5683
-8456
-12501
-14737
-14647
-12701
-7598
-4296
-1519
40
-644
-443
536
4574
9732
13455
16966
17778
18636
16766
12798
9145
6273
5308
4365
4102
3637
2395
-621
-4239
-8550
-11083
-12844
-12854
-10303
-7896
-5099
-4883
-5234
-6474
-7049
-5450
-3696
-680
2512
4493
5946
5288
2958
-85
-3719
-4258
-5785
-7327
-8078
-10182
-10847
-13563
-15371
-16553
-17981
-18288
-20322
-18911
-17942
-15896
-13670
-14640
-12680
-11426
-6958
-1290
9877
25861
28084
22358
17420
12320
10558
6436
8362
15504
15578
15748
7619
4751
1896
-7518
-10533
-13826
-12426
-13570
-12515
-5959
493
3371
-51
-6295
-7134
-4112
202
9652
17127
23186
22833
19803
16173
11694
9767
7791
7183
8807
7952
3710
-773
-5286
-6807
-10141
-12291
-13036
-11793
-7196
-3897
-477
1357
1425
861
1452
3861
8056
12057
14930
16649
16617
15603
12099
8040
6371
5361
5379
4602
3420
2161
-912
-3754
-7332
-9946
-11785
-12113
-10106
-7401
-4654
-3635
-3663
-4884
-5811
-5865
-5184
-2468
764
3201
4891
6011
4530
403
-3496
-5553
-6992
-8490
-9003
-9229
-9678
-11571
-14011
-16849
-18250
-19145
-20321
-18728
-17330
-16057
-16071
-15175
-12013
-9097
-4869
406
13206
25732
24563
20277
17278
15267
11825
6100
10081
12903
12503
12135
7071
7552
1088
-8024
-11988
-14466
-12660
-15018
-12038
-5086
-326
1908
-2061
-5607
-4862
-2155
2532
10082
17109
21330
21568
20752
18834
14249
10400
7053
5342
7354
5927
3062
-690
-4353
-6879
-11223
-12753
-13758
-10955
-6972
-3883
-807
1348
2080
2008
3917
6466
9450
11560
13583
14958
16166
14993
12296
8740
6171
4784
3546
3700
3006
2369
35
-3486
-6543
-9031
-11218
-11422
-9782
-7002
-4851
-4201
-4007
-5262
-5326
-4989
-4701
-2404
-161
3143
5203
4879
3586
-628
-3745
-6589
-7249
-6969
-6781
-7669
-9584
-10617
-13623
-15489
-18717
-19905
-19288
-18383
-16678
-14958
-13533
-11670
-12243
-11275
-7270
-5013
6439
18989
27814
25381
19867
16876
11386
8296
5604
10194
10953
11628
7973
5613
4435
-4040
-9594
-14595
-14415
-16311
-15182
-9021
-1429
3541
3109
-1250
-4051
-2558
42
7172
14261
20471
21857
21603
19828
16667
12197
8328
5089
3868
4769
1742
-346
-3396
-5378
-8768
-12017
-13614
-13522
-10352
-5349
-341
2140
3660
3849
4224
6541
8839
10921
13731
14095
15106
14193
12843
9719
6166
4861
3468
2581
1637
1343
-677
-1583
-4728
-7307
-10174
-11459
-10423
-8319
-4984
-3552
-2815
-3766
-4014
-5458
-4366
-3867
-1864
1129
3132
4812
3186
1272
-2800
-5623
-6761
-8124
-8124
-7968
-10249
-10554
-11666
-13379
-15193
-16865
-16740
-17500
-17202
-17134
-14907
-14789
-12316
-10362
-9629
-5068
-1353
14366
26656
24643
22406
16245
14294
9292
4109
10890
11307
12991
9827
4553
5181
-2686
-8090
-11973
-12336
-12543
-16184
-12908
-5923
1145
4032
1105
-2209
-1791
44
4757
12175
18472
21803
20880
19539
17507
13609
10312
6430
5240
5226
2494
-1244
-5098
-6152
-8469
-10943
-12103
-13050
-10689
-7595
-2510
1966
3391
4800
4494
6640
9419
11014
14293
14904
15689
14631
12921
10277
6173
4326
2729
2774
1387
780
-660
-2704
-4134
-6901
-8780
-10423
-10258
-8220
-5438
-3316
-2681
-3481
-4223
-4492
-3173
-2006
-613
1268
2015
3179
3081
2000
-315
-3292
-6053
-7941
-9426
-10176
-10648
-11356
-10696
-11997
-13487
-15282
-17457
-17576
-18118
-16043
-15657
-15323
-12687
-11570
-8899
-7501
-4002
4615
18268
26565
24078
19272
15636
12529
8199
7308
10236
12273
10245
6458
3527
2106
-3877
-10350
-12226
-12767
-14278
-16139
-11234
-3657
2923
3671
420
-2001
-599
2572
7851
16124
20676
22087
19950
18684
16386
13076
9764
6640
5488
4029
199
-4682
-7263
-9029
-10653
-12500
-13075
-12510
-10491
-6745
-1446
1763
3765
4844
5388
8491
11261
14014
15538
16202
15944
14228
11518
8619
5470
3948
3286
2157
1337
-415
-2480
-4756
-6083
-8005
-9241
-9408
-8614
-6943
-4704
-3244
-3376
-3373
-3700
-2994
-1553
1166
2944
4059
4615
4054
2424
-308
-2599
-5439
-6506
-8095
-9587
-10579
-11654
-11575
-12956
-14962
-16785
-17613
-17456
-17655
-17135
-15115
-13785
-12871
-13152
-13273
-11739
-8038
-1514
10557
25530
29330
24387
17651
13688
10129
5621
6865
10296
12574
10932
6404
3928
1565
-5222
-11296
-14125
-15176
-16846
-15174
-7526
492
5468
3340
-1704
-4274
-1299
3321
10550
18511
23123
24223
21884
19378
15142
12141
8560
5805
4680
3586
-234
-4780
-7412
-10577
-12892
-15477
-15625
-14228
-10403
-5443
-270
3817
5084
5331
5931
8414
11284
14179
16311
17832
16877
14976
11347
7620
4532
2166
2553
2123
1603
-279
-2689
-5193
-7711
-9489
-10823
-10626
-8856
-6456
-4041
-2200
-2189
-3267
-3442
-2154
-56
2325
3995
5094
4629
3973
1738
-935
-3846
-6137
-7010
-8207
-8637
-11170
-12029
-13007
-12841
-14184
-16880
-18085
-19363
-16959
-15706
-13324
-11644
-12681
-12713
-12309
-12019
-8114
-4342
4687
19980
29562
28915
19137
13949
10092
6558
4884
8452
11577
10762
8886
4488
3905
-3511
-10619
-15064
-15130
-13720
-14791
-9576
-2364
4741
5366
812
-3879
-3809
372
7298
16227
23602
25490
23579
20682
16496
12815
8243
5565
3895
4339
2613
-2330
-7024
-10368
-12486
-15503
-16437
-15904
-12432
-6961
-1389
3194
4930
5413
5339
6495
10420
13666
16727
18094
17541
15961
12271
8453
4561
2806
2200
1812
461
-481
-2511
-4818
-6660
-9001
-9860
-10670
-9693
-7507
-3952
-1918
-1028
-1885
-1815
-760
183
2607
2778
4246
4577
3768
2980
1841
-547
-3820
-8094
-10741
-12184
-13501
-11740
-13214
-12063
-12566
-15317
-16029
-18201
-17797
-17780
-16444
-13933
-12462
-10988
-8871
-7883
-6454
-3213
854
10792
23192
26205
21268
16917
12662
9807
5161
6290
10409
8955
8300
3012
1807
-452
-7554
-11180
-13620
-12716
-13795
-12019
-4851
2140
5512
3505
-803
-2233
601
5179
13095
20795
24818
24299
20946
18293
13835
9651
6793
3811
3408
1294
-2952
-7364
-11088
-12627
-15081
-16772
-16250
-14526
-10159
-4248
1922
6632
7110
6942
6853
9061
13076
15604
17850
18539
17096
13716
9756
5610
3563
1790
1342
457
-1399
-2857
-5832
-6595
-7750
-7994
-9344
-9330
-7077
-5036
-1858
-961
188
-471
387
2277
2580
4005
3637
3945
3879
2650
901
-2692
-5482
-7289
-8907
-10569
-11572
-12879
-13209
-13363
-14561
-13688
-14458
-14992
-14667
-14150
-12978
-13014
-11376
-10176
-10060
-10179
-10319
-8833
-6185
-1318
7000
20546
28735
21000
14900
10351
7859
6265
2837
10617
10211
10090
6677
715
2613
-5422
-9385
-11792
-10393
-9082
-10982
-5367
1497
6221
5261
184
-3048
-102
4382
11170
19002
23907
23586
19718
16902
13550
9610
6457
3754
2495
2298
-2276
-7232
-11240
-12695
-13630
-16359
-15336
-13914
-9956
-3028
1950
5559
6049
5709
6330
8570
13246
16407
18307
17752
16130
12845
9349
5791
3286
3135
2277
1474
-1152
-2762
-5214
-6257
-7627
-8305
-8889
-8923
-5884
-4520
-278
276
786
265
-711
972
1364
3043
3086
3713
3454
1945
-1108
-3964
-7118
-9090
-9252
-11229
-11867
-12709
-13233
-13525
-13667
-13858
-14321
-13967
-14053
-13477
-12050
-10298
-9501
-10956
-10927
-10516
-11578
-9259
-6407
-2066
6790
17901
26585
20843
14178
10360
6031
6905
3296
8673
10852
8923
7899
1628
3106
-3795
-9067
-9216
-9412
-7925
-9370
-5799
732
5220
5172
1482
-2047
575
4202
10503
18094
21671
21410
18348
15912
13068
9684
6390
4266
1447
1232
-2890
-7739
-10888
-13443
-12570
-14035
-13340
-12316
-9233
-3556
1080
4476
5739
5827
6520
9267
13767
17343
18227
17556
14780
11777
8457
5792
4331
3869
3548
1666
-1050
-3600
-6227
-7857
-7579
-7646
-7204
-6948
-5560
-3294
-1107
1297
1119
82
-117
-302
1334
3075
3036
3533
1968
693
-1782
-5547
-6936
-9252
-8979
-9296
-11905
-13190
-14843
-15615
-14543
-13177
-12354
-12236
-12408
-13317
-13563
-12479
-12567
-12834
-13756
-12315
-10698
-7341
-1543
4032
19556
27210
19857
13572
7667
8347
6607
6032
14357
13000
11981
6650
1228
3522
-3386
-7456
-9104
-8406
-7460
-10838
-7060
-421
2794
3272
-1474
-3674
28
3382
10304
17331
22700
22461
18187
16570
14271
11568
9390
5792
4051
2963
-2164
-6859
-11748
-12419
-14071
-16297
-14675
-13979
-9959
-6311
-1832
3099
4530
4728
5208
7783
13262
16997
18564
19042
16372
13250
9422
6290
5367
4598
4574
3669
1363
-870
-4728
-7487
-8492
-9062
-8564
-7195
-5380
-2473
-462
10
-438
-2590
-2647
-1746
618
3329
5263
5092
4103
1027
-3405
-5133
-8316
-8052
-8904
-9375
-9918
-12635
-12844
-14757
-14786
-14500
-14799
-13160
-11529
-11616
-12193
-13370
-14511
-14924
-13682
-11703
-10005
-7954
-4118
1987
11097
23828
22937
16437
12439
7902
8194
4994
9052
14279
13124
11969
4411
1053
-1723
-7617
-7202
-6622
-6112
-8482
-10092
-4306
813
3509
1932
-2233
-1473
1584
6122
13382
19029
22158
20323
17778
15651
11943
9549
7043
5492
4099
1090
-5076
-10220
-12929
-13721
-13664
-14142
-13131
-11815
-8825
-3983
689
3673
5264
5249
7867
10931
14795
18283
17988
18266
14716
11835
8723
5667
5367
4837
5148
3189
197
-3063
-6006
-7825
-8067
-7830
-7069
-5886
-4714
-2717
-1848
-1495
-2411
-3597
-2726
-1029
1240
3487
4135
4009
2222
-844
-3614
-6597
-8100
-9193
-9186
-7337
-8724
-11579
-14666
-16292
-15569
-15400
-12950
-12896
-11857
-11170
-12504
-12296
-15001
-13817
-13578
-13354
-10525
-8580
-2404
4470
15694
26400
22251
15326
9356
5869
7923
6166
12380
15028
12550
10476
2826
2013
-2550
-7263
-7553
-7695
-6677
-8705
-7598
-1841
2358
3098
552
-3121
-1599
2121
8124
15611
19952
21353
18285
15759
13781
10865
9134
6341
4940
3603
-551
-5965
-10698
-12825
-13796
-14732
-14480
-13061
-11163
-7213
-2899
1943
4665
5541
6549
8624
12838
15738
18141
18045
17482
14305
11389
8401
5545
5398
4123
4699
1997
-439
-3874
-7019
-8309
-9047
-7510
-6874
-4630
-3598
-2290
-2010
-2055
-2210
-2855
-1528
144
2669
3869
3937
3133
1199
-1135
-3641
-6241
-7419
-8414
-9019
-8818
-11174
-12669
-13880
-13922
-12992
-13674
-13259
-14913
-13605
-12874
-12992
-11324
-13372
-12373
-13575
-12897
-9911
-8663
-3495
3141
15886
25972
20766
14972
11662
8591
9220
5490
11453
13751
10860
11083
4266
5414
-1015
-7636
-7180
-8221
-7070
-10106
-8378
-1485
2894
4113
1189
-3129
-1457
1145
6489
14372
18863
20740
18048
16661
14808
11169
8349
5174
3969
3212
-868
-6067
-10010
-12413
-14068
-15640
-14805
-13302
-11283
-6975
-2823
2780
5601
6157
7124
8425
12926
14531
17010
17624
16675
15223
11680
9379
6040
5181
3596
2820
1342
-700
-3237
-5924
-7299
-7945
-7102
-6953
-5222
-4719
-2929
-2393
-1617
-1631
-2760
-1549
-745
2090
2921
3574
3107
1202
-571
-3371
-5790
-7809
-8506
-8104
-8653
-11026
-13592
-15638
-14683
-12867
-11771
-10615
-11921
-12852
-14056
-15059
-12656
-13334
-14224
-13477
-13294
-12921
-13035
-8900
1069
17150
27713
23076
16018
11606
8401
7942
7301
13396
15108
12225
10958
5453
6710
623
-5577
-6284
-8203
-8478
-13117
-8980
-906
4218
5939
560
-4615
-5024
-2163
4831
13680
20358
21688
18813
18025
15831
12059
9056
6691
5423
4638
1307
-3734
-8155
-10918
-14176
-17334
-16756
-16029
-13221
-7944
-1929
3244
5405
5705
5842
7480
11929
14829
17546
19045
17628
16838
13229
10893
7538
5276
4101
1803
1034
-795
-2601
-5055
-6281
-7568
-7937
-8321
-8079
-6119
-4003
-1827
-1243
-964
-1277
-1108
-445
783
2377
3390
2726
1285
-938
-3525
-5280
-7981
-9162
-9248
-9294
-9157
-10076
-10963
-12433
-13877
-15138
-15374
-14160
-14149
-12541
-11410
-10391
-9857
-12843
-13708
-13743
-12802
-11072
-9868
-4658
2513
13426
25419
24280
18839
13437
8319
8282
5592
9831
13621
12949
12435
6803
4943
1125
-5485
-7839
-8370
-8642
-9458
-9034
-2949
2605
4346
2683
-3542
-3696
-901
4709
13374
19320
22874
20833
17841
14370
9918
6964
4566
2504
1949
135
-4194
-8262
-12301
-14553
-16667
-16166
-14160
-11884
-6236
-1294
3677
6568
6980
7238
8374
11612
15188
17864
18914
17979
14936
12735
9747
6937
4546
1957
981
-651
-1632
-3432
-5455
-6707
-7508
-8153
-8009
-7532
-6209
-2809
-868
992
482
-718
-1478
-1436
673
2203
3002
2024
1172
-1169
-3284
-6113
-8570
-8981
-9480
-8009
-8924
-10678
-11928
-14014
-14819
-14280
-13455
-12174
-11363
-10476
-9365
-10141
-10952
-13523
-13791
-11746
-11462
-9591
-6746
-2108
3384
9736
18437
22084
17175
12963
9694
9065
10297
8569
12286
12236
10195
7585
2431
2664
-2679
-6180
-6921
-8370
-7293
-8349
-5202
-196
2593
2541
-1139
-2304
658
4792
10839
16674
19624
19356
16404
13457
10768
7502
4723
1930
79
-503
-3775
-8028
-11867
-14214
-15306
-15278
-12994
-9420
-4991
-1776
2010
4976
7170
9209
10202
13165
15609
17017
17613
16092
15110
13189
10433
8160
4858
2443
477
-1104
-2141
-3796
-5550
-7179
-8127
-8031
-7087
-6122
-4648
-3261
-1629
165
225
411
-109
124
1523
1384
2257
1424
-252
-1220
-3658
-5317
-7372
-8728
-9170
-10230
-10332
-11356
-12984
-13844
-14118
-12677
-11736
-11588
-12485
-12823
-12395
-13745
-12993
-13182
-12549
-10892
-10743
-8194
-6709
-3071
2172
10757
22547
22646
16249
12587
10141
10648
8544
9429
13269
10990
10015
5971
4839
3676
-4074
-6902
-8601
-8637
-10220
-10121
-4384
985
3606
1808
-1890
-2607
1326
5639
12225
18569
20831
19401
16370
14305
10912
6981
3799
1313
602
-643
-4662
-8758
-11891
-13991
-16387
-16219
-13224
-10085
-4846
-1196
2781
6437
7629
10054
10828
13638
16359
16812
18317
17213
16117
14015
10887
7940
4502
1756
-784
-2643
-3274
-4093
-6040
-7570
-8998
-8767
-8063
-6969
-5226
-2728
-611
493
1594
1563
2072
1255
1815
2332
2043
2391
637
-969
-2359
-4588
-7387
-9347
-11076
-11243
-11171
-11843
-12999
-15215
-14836
-14546
-14329
-12293
-12228
-12341
-11442
-11573
-10674
-10566
-11249
-9956
-8533
-6477
-6444
-6351
-1783
4273
14805
23474
21518
16186
11556
9136
7920
6551
9398
11344
10824
9851
5533
3314
-42
-5277
-6729
-7231
-7578
-9729
-8566
-1998
3083
5526
3235
-729
-647
2121
7315
13371
18324
19515
16758
14134
10434
6316
3219
1278
277
-398
-2094
-6119
-10267
-12818
-14515
-15536
-13437
-10165
-6740
-2601
1484
5156
7826
9800
10537
12064
14529
16275
17272
17469
16773
14822
11807
8857
5233
1145
-1318
-3188
-3157
-3182
-5115
-6870
-8517
-8431
-8226
-7380
-5288
-3245
-381
1898
2989
3215
2895
1858
1665
1345
1404
1622
1096
1111
-978
-3115
-6364
-9816
-11178
-11781
-11846
-12242
-11997
-12349
-13189
-14136
-14657
-14845
-13328
-11996
-11105
-9166
-9133
-8906
-8476
-7510
-7079
-5992
-4893
-5037
-4460
-3254
-448
2383
9802
18469
20435
16381
11021
8010
7175
6410
6027
8339
8933
7621
4459
3240
2706
-1700
-4939
-6729
-6741
-6596
-5082
-647
4773
8213
6965
3194
963
2196
5260
10146
14089
14909
13051
9919
6938
4279
2020
-361
-2483
-3872
-4573
-6512
-8157
-8860
-9360
-9742
-9032
-5804
-3781
-1000
2812
6409
10152
11456
12444
13115
13866
14714
14685
14542
13244
11008
8447
5781
2654
-779
-3540
-5134
-5585
-4716
-4585
-5037
-5618
-6042
-5307
-4253
-1814
-150
1867
3650
4084
3968
2711
1667
630
298
-228
-425
-1715
-3426
-5096
-6884
-8332
-10364
-11345
-12449
-12166
-12191
-11968
-11104
-11866
-12478
-13418
-12619
-11826
-11107
-8408
-6735
-5477
-5181
-4998
-4848
-5562
-4667
-5836
-6395
-5865
-7100
-4849
-1977
3452
11874
18665
19515
12215
8275
6093
4575
4477
6395
11062
10731
9732
6012
3806
1865
-2828
-4789
-4799
-2519
-3086
-1479
2751
6291
7122
4462
1076
-919
692
2946
6430
10337
11539
9192
6210
3694
1518
-732
-1631
-1677
-1305
-491
-2600
-4468
-5813
-6611
-7429
-6059
-2502
-331
2081
3808
6477
8424
9901
10912
11425
12797
12245
11744
10167
8724
6353
3556
2035
-250
-1613
-3279
-3202
-2586
-1213
-1142
-2364
-2252
-2658
-1642
-472
1862
3647
3998
3250
1924
428
-1036
-2075
-3010
-2570
-3014
-2872
-4018
-5610
-7182
-9579
-11202
-13214
-13242
-11955
-10047
-8691
-7059
-6840
-9257
-11273
-12618
-11682
-9834
-6694
-3590
-1393
168
-1272
-3189
-5447
-7923
-9293
-9979
-9077
-7356
-6001
-3779
-2377
-48
7169
14061
14699
10450
8755
9158
9595
8665
8541
10709
9322
7476
4903
5555
5626
1715
234
-541
-859
-4063
-5444
-2345
2398
5386
3551
-104
-2253
-2139
-1368
1864
5525
7008
6368
5490
5847
5234
4175
3339
2584
2970
1910
-453
-2788
-3973
-4337
-5252
-4376
-3318
-1837
-1061
858
4103
6453
8407
8139
8477
8381
7912
7806
7185
7737
7346
6091
5053
3006
1358
-39
-172
744
1725
2088
662
-177
-773
-455
-407
-21
289
-18
59
-839
-1264
-2449
-3038
-4233
-5599
-6019
-6781
-6791
-7404
-7378
-7249
-7778
-8791
-9937
-9765
-9242
-8573
-7716
-7070
-7317
-7912
-7087
-6324
-5274
-3812
-3256
-3233
-3983
-4666
-5489
-6540
-7556
-7627
-7776
-8263
-9882
-11729
-11033
-8642
-2939
5726
15407
18106
14405
10674
8026
7296
6055
7576
10582
12522
12807
10956
9293
7272
3014
-1330
-3560
-4766
-5917
-5339
-1257
2684
4095
646
-4804
-8209
-7800
-4038
1197
7669
11216
11442
10210
9098
7657
6011
5230
5023
5182
5183
3433
553
-1614
-4159
-7103
-9178
-8181
-4987
-2138
431
3092
4042
4218
2930
2169
4076
5973
8491
10082
11693
11669
9818
7723
5571
3930
2229
1877
2070
3434
4089
3006
1108
-1123
-3047
-4377
-4653
-3937
-2651
-1651
-692
-1589
-2949
-4497
-6698
-7483
-7824
-6971
-5708
-5058
-4477
-5649
-6457
-7811
-9531
-9355
-9530
-6894
-3854
-2462
-2759
-4675
-5968
-7347
-7000
-5965
-4015
-2311
-2090
-3423
-5111
-7199
-10937
-13073
-13637
-12720
-11198
-10857
-10561
-8195
-2390
6391
14014
15851
12263
9522
9070
10294
11028
12663
15441
13916
13001
9988
8133
5824
1911
685
-2299
-3852
-8125
-9919
-6746
-2932
-558
-2094
-4971
-7057
-5557
-1482
4540
9617
12182
12044
11122
11451
10483
9147
8281
6989
6268
4202
1425
-1423
-3709
-5202
-8487
-10532
-11402
-9533
-6477
-3314
-156
996
2137
2093
2967
5973
8855
11328
12699
13047
13135
11462
9963
7301
5596
4343
2535
2610
1853
2593
1187
-771
-2654
-4920
-5788
-5845
-4333
-2379
-807
-1323
-2136
-4297
-5442
-6250
-6370
-5230
-5111
-3945
-3315
-3171
-3506
-4982
-6492
-7113
-7955
-7030
-5599
-4324
-3190
-3661
-3869
-5106
-6019
-6258
-6463
-5232
-4198
-4890
-6248
-7486
-8493
-10678
-11361
-10471
-10196
-10591
-10675
-9867
-8644
-4289
144
9065
18075
18541
15420
12182
11554
10468
8536
10577
13105
12671
11872
8053
6356
3588
-2436
-5999
-8467
-8398
-9861
-8482
-3731
114
1431
-571
-3560
-4308
-1881
2014
7602
12135
14531
13356
11740
10213
8070
6326
5177
4137
2952
1513
-1756
-4520
-7498
-9417
-11406
-12782
-11632
-8694
-3594
204
2884
4290
4413
5430
6107
8839
12060
13560
14797
14063
13075
10356
7868
5172
3311
2511
225
-236
-1348
-587
-1020
-2719
-3366
-5184
-5427
-4957
-3546
-1361
-479
-787
-1877
-3599
-3887
-4385
-4372
-3496
-3089
-2986
-3684
-3719
-3892
-4578
-5919
-6607
-6773
-5738
-4290
-3671
-2724
-3873
-5355
-5808
-6719
-6927
-6687
-6541
-5007
-5381
-6169
-7052
-9480
-9604
-10660
-9977
-8669
-8909
-8592
-8178
-6725
-5633
-2667
2345
11068
17301
18255
17147
13264
12506
9703
8161
9679
8645
8998
6696
5562
4802
1045
-1915
-6027
-7457
-7477
-7509
-5135
-846
2897
3832
2115
-681
-1742
-1245
2596
6611
9921
11807
10797
9517
7344
5219
2796
768
-403
-853
-1692
-2434
-4065
-5619
-6454
-8687
-9419
-8827
-5860
-1099
2947
5848
6553
5904
6210
6550
8417
11004
12067
12358
10575
8390
6120
4424
2964
1919
678
-166
-622
-1002
212
178
69
-1051
-2903
-3566
-4144
-3451
-1723
-1190
-1367
-2555
-4076
-4300
-4932
-4391
-2935
-2503
-2275
-2962
-4152
-3498
-3599
-3912
-3490
-3839
-3167
-3275
-3577
-3222
-3560
-3738
-4765
-6788
-7485
-7533
-6523
-5522
-5167
-4652
-5861
-7859
-9095
-10489
-10767
-8892
-9439
-7150
-5781
-5889
-3729
-4851
-710
3796
9462
16321
15838
14820
12903
9947
8858
6984
6656
7364
5810
6721
5696
4577
3671
-568
-1955
-4008
-5942
-6333
-5548
-1428
1753
2867
2359
-656
-2480
-2707
-1100
2764
6319
8157
8371
7663
6605
5042
2895
2067
1095
1392
1546
319
-624
-2029
-3803
-6427
-8267
-8493
-6964
-3884
580
4245
6512
6135
4296
3132
3045
5112
7277
9100
10264
9979
8585
7226
4979
3959
2795
1836
1742
1266
1895
1296
712
-973
-2891
-4975
-6746
-6952
-6047
-3976
-2693
-2001
-2648
-3462
-3777
-3241
-1940
-629
271
671
591
96
-341
-1263
-2535
-3512
-4624
-5014
-4410
-4282
-3463
-3634
-4843
-5984
-7395
-8298
-7917
-6859
-5112
-3355
-3921
-6358
-8768
-8968
-8722
-7127
-5740
-3981
-2277
-2975
-3024
-4277
-4490
-3774
-2866
1233
7329
12109
14314
13228
11957
10081
6607
4525
2887
4251
5867
6955
7506
6402
4083
98
-3453
-5503
-5848
-5636
-3805
-1213
1501
2157
182
-1956
-3427
-3226
-1183
2010
5632
7965
8744
9082
7879
6497
4427
2617
1775
1513
1165
-84
-1319
-3082
-5196
-7446
-8518
-8476
-6690
-3687
-5
3447
4938
4757
3816
3388
4345
5835
7759
10527
11881
11767
9605
6890
4406
2543
1300
880
1276
1128
528
-1186
-2351
-4289
-5673
-7006
-7418
-6049
-4683
-2271
-785
232
237
-758
-1801
-2003
-1285
374
2145
3304
3562
2096
-336
-3018
-4430
-4916
-4339
-3617
-3182
-3190
-3829
-4628
-5312
-5858
-7047
-7807
-7116
-5480
-3604
-2742
-2976
-2811
-3911
-5054
-6178
-6957
-5557
-4628
-4491
-3588
-3061
-3350
-3497
-3889
-2474
-1084
198
2707
5426
8018
8675
7826
6636
5307
3714
3229
3682
5075
5639
4968
4247
2871
1149
-928
-1933
-1929
-1808
-1689
-1252
-306
728
840
138
-560
-124
842
2303
4459
6250
7435
6479
4795
2965
1753
1339
913
1061
1059
217
-1252
-2765
-3998
-4350
-4489
-3965
-3197
-2253
-674
1514
3408
4267
5060
4934
4806
5092
5628
7243
8177
8326
7903
6065
4556
2232
58
-786
-1361
-1497
-2033
-2208
-2471
-2737
-3429
-4129
-4494
-4239
-3240
-1785
371
1868
2717
2334
1691
997
652
971
1532
2341
2585
1842
513
-688
-1882
-2626
-3319
-3421
-3786
-4170
-4514
-4786
-4800
-5472
-5470
-5698
-5501
-5160
-5042
-4174
-3471
-2889
-2476
-2514
-2451
-2923
-4081
-5237
-6325
-6443
-6398
-6273
-5937
-5760
-5708
-6144
-5689
-4128
-1887
1628
4216
5856
6790
6274
5941
5044
5163
5483
5361
5692
5435
5317
4910
4232
2966
1620
250
-839
-1173
-661
241
917
1079
362
-455
-877
-255
772
2352
3569
4181
4416
4258
4380
4454
4381
3820
2664
1258
110
-1107
-1532
-1844
-2044
-2624
-3731
-4383
-4823
-4159
-2493
8
2096
3646
4235
4246
4145
3832
3949
4233
4710
5172
5074
4447
3315
1761
586
-763
-1321
-2014
-2156
-1699
-1204
-111
-211
43
-355
-642
-292
22
1321
2563
3798
4654
4730
4655
3868
3137
2990
2689
2739
1435
171
-1007
-2304
-2844
-3895
-4268
-4889
-5443
-5578
-5610
-5130
-5078
-4775
-4310
-4490
-4431
-5131
-4798
-4249
-4381
-3330
-3722
-3775
-4766
-5669
-5952
-6723
-6078
-6293
-5573
-4754
-4818
-4700
-5318
-5648
-5720
-5163
-3039
-1041
1998
4656
5988
6393
5716
5642
4382
3960
3751
4651
6102
6401
6409
5293
4142
2036
605
157
488
1184
2083
2971
3199
2613
1418
291
-275
-64
389
1371
1838
2330
2253
1992
1387
722
471
166
491
597
945
909
260
-783
-2025
-3204
-3822
-4051
-3501
-2711
-2083
-1000
222
1450
1645
1750
1692
1953
2249
2292
2856
3316
3782
3697
3254
2621
1904
1581
1589
2488
3556
3798
4031
3934
4176
4300
4218
4561
4536
4629
4117
3626
2681
1786
1183
331
284
-35
146
76
-183
-310
-1388
-2387
-3694
-4571
-4790
-4933
-4334
-4001
-3825
-4058
-4988
-5427
-5838
-5632
-5162
-4502
-4073
-4100
-3920
-4509
-4747
-4954
-5379
-5777
-6195
-6273
-6310
-6366
-6125
-5881
-6028
-5710
-5213
-4260
-3150
-2212
-1465
-888
-9
600
1274
2905
4830
6290
6876
6504
6165
5176
4788
4976
5308
5864
5455
5151
4400
3454
1954
282
-636
-1278
-1508
-1376
-722
61
622
597
115
-355
-431
-262
625
1653
2412
2556
2294
1929
854
291
-617
-1228
-1579
-2056
-1977
-2438
-2561
-2775
-3680
-4480
-5308
-5148
-4225
-3074
-1322
740
3012
3935
4807
5234
5330
6088
6314
7716
8342
8878
9402
8845
8688
6962
5218
3974
2873
2948
2493
2538
2755
2219
2113
1259
564
-4
-545
-148
287
975
1328
1550
1219
565
-92
-1294
-1748
-1998
-1684
-1122
-1325
-1565
-2541
-3831
-5015
-6447
-6971
-6853
-6385
-5725
-5504
-5531
-5931
-6349
-6724
-6936
-6854
-6201
-5149
-3968
-2684
-2615
-2929
-3291
-4071
-3615
-3533
-2898
-1718
-1372
241
-31
-581
-1027
-1932
-1348
-1413
-432
467
779
1361
1360
1570
1409
941
1192
1487
2487
3338
3504
3747
3279
3105
2063
1300
832
413
1159
1523
2023
1899
1270
568
-577
-1000
-1148
-1208
-553
119
805
1116
864
481
186
2
-134
-72
464
1280
1701
2302
2321
1625
717
-182
-428
-311
220
875
1704
2965
3467
3273
3260
2857
2816
2838
3083
3804
3822
4103
4135
4278
4516
3889
3439
3233
3307
3554
3682
3490
3034
2473
1904
1236
785
442
20
-211
-193
-20
-437
-741
-1289
-1352
-1091
-1528
-1654
-1987
-1976
-2000
-2322
-2522
-2969
-3542
-3870
-3985
-3636
-3172
-3723
-3966
-4062
-4233
-3860
-3745
-3207
-2887
-2894
-2572
-2898
-2818
-2549
-2989
-2953
-2946
-3431
-3770
-3888
-3719
-3426
-3023
-2716
-2395
-2222
-1779
-904
-632
87
-71
-816
-564
-682
-280
124
388
880
649
585
559
459
909
958
941
1243
796
494
14
-45
561
367
741
956
1191
1377
1184
1300
1276
1434
1271
1584
2035
2455
2593
2154
1718
1052
453
137
307
450
601
343
330
424
284
316
242
875
1451
1757
1876
1860
1853
1823
1994
2462
3464
4236
4832
5506
5778
5598
5025
4203
4136
3901
3291
3208
2715
2923
2287
1238
991
214
287
-257
-220
249
258
555
89
575
447
100
-187
-395
177
-155
-150
-516
-632
-708
-1432
-1910
-2321
-2325
-2465
-2357
-2296
-2358
-2827
-3679
-4176
-4391
-4179
-4032
-3979
-3219
-2695
-2499
-2151
-2543
-2297
-2448
-2235
-1843
-2186
-1478
-2066
-2312
-2504
-3089
-3167
-4184
-4303
-4404
-4096
-3403
-3343
-3184
-3378
-2888
-2683
-2503
-1861
-1351
-420
128
604
609
389
404
774
1077
1507
1912
1226
1304
1331
1379
1302
711
859
587
663
841
184
360
550
540
1047
1074
1576
1689
2278
3202
3265
3600
3233
2962
3071
3330
3236
3138
3272
3347
3204
2818
2314
1151
873
697
663
938
1045
1175
1034
1530
1336
1135
1171
925
1504
1539
2231
2496
1971
2414
1357
1184
1072
481
1210
1001
1829
2075
1846
1823
314
-80
-757
-738
-143
-11
921
695
890
396
-255
-306
-713
0
68
770
943
537
528
-239
-426
-1164
-1589
-1489
-1447
-1093
-1051
-1275
-1915
-2389
-2949
-3395
-3185
-3172
-2960
-3030
-3204
-3556
-4596
-4559
-4858
-4583
-3802
-3786
-3105
-3395
-3273
-3519
-4227
-3952
-4231
-3457
-2665
-1787
-1376
-1616
-1301
-2118
-1497
-1601
-1632
-551
-913
108
-86
361
1039
349
999
593
770
1134
1069
1902
2070
2389
2157
1260
1383
1261
1589
2072
2542
3238
3276
3194
2781
2919
2737
2657
2528
2296
2579
2283
2281
1859
1583
1245
400
279
167
268
283
150
530
635
732
582
178
82
266
626
1227
1786
1730
1719
1230
1179
1024
715
1267
1532
2507
2801
2392
2071
925
719
631
719
1339
1125
1628
1629
1806
1784
973
845
310
999
1414
2067
2543
2179
2165
1035
562
28
-435
-264
-283
200
165
-333
-914
-1911
-2176
-2604
-2870
-2975
-3125
-2711
-3077
-2795
-3026
-3272
-3339
-3894
-3443
-3273
-2667
-2338
-2497
-2306
-2601
-2866
-3115
-3248
-3126
-2976
-2687
-2504
-2221
-2507
-2810
-3303
-3795
-3584
-3663
-3076
-2752
-2444
-1916
-1721
-1521
-1402
-1327
-872
-196
542
1704
1829
2215
2328
1911
1761
1186
1199
1594
2126
2777
2471
1704
1268
486
780
1036
1392
1580
1351
1763
1110
1304
1132
897
1206
1076
1629
1792
2432
2612
2269
2210
1745
1475
1118
1387
1651
1617
1570
766
474
105
-51
210
483
1131
766
548
456
33
323
362
660
1410
1636
1878
1709
1798
1705
1315
1346
1747
2507
2381
2857
2226
2318
2640
1788
2196
1284
1350
808
179
745
322
568
455
7
122
-84
-246
-207
-358
72
-285
-576
-731
-1013
-1002
-1037
-1003
-1672
-1995
-2673
-2905
-2803
-2737
-2267
-2532
-2386
-2468
-2937
-2815
-2989
-2863
-2864
-2910
-2712
-3110
-2938
-2744
-2803
-2854
-3084
-3352
-3311
-3085
-2758
-2488
-2290
-1952
-2076
-1847
-1413
-1095
-1195
-951
-514
172
838
914
907
464
861
544
480
519
385
858
837
1236
895
563
246
28
-27
351
938
1107
1528
1538
1930
2049
2194
2122
2014
2181
1910
1968
2073
2411
2465
1985
1522
961
590
532
335
572
730
744
617
299
317
-199
-167
-30
190
654
496
707
414
615
874
829
1532
1461
2209
2591
3065
3230
2244
2181
1626
1967
1973
2060
2206
2138
2343
1734
1502
828
431
192
347
950
1085
842
566
7
-61
-386
-836
-337
-125
637
514
422
172
-466
-829
-1175
-1091
-998
-609
-805
-451
-678
-1540
-2405
-3087
-2850
-2801
-2616
-2495
-2508
-2608
-2656
-2870
-2869
-2639
-2966
-2606
-2005
-1509
-1297
-1887
-1577
-1729
-1890
-1857
-2481
-2249
-2379
-2373
-2415
-2884
-3154
-3509
-3099
-1960
-1339
-1266
-1577
-1634
-1331
-1086
-779
-596
-64
-30
627
865
1040
1234
693
1213
1000
1383
1411
1436
2446
2653
2425
1847
1262
995
843
1146
1919
1940
2314
1862
1601
1905
1827
1782
1436
1790
1440
988
588
811
1105
1215
1435
632
159
-230
-593
-140
554
570
392
236
986
1394
1233
1520
1367
1602
1464
1250
1564
1965
2217
1739
1487
1403
825
373
358
1192
1715
1662
1227
748
1095
1100
1395
1795
1895
1761
1043
945
1223
1012
1090
763
649
793
417
518
213
182
-373
-1043
-1246
-1313
-1162
-1199
-988
-1369
-1872
-2564
-2858
-2780
-2189
-1578
-1447
-1631
-1974
-2131
-2490
-2257
-2411
-2345
-2429
-2378
-2195
-2470
-2084
-2422
-2820
-2995
-3064
-2791
-2680
-2467
-2369
-2420
-2381
-2561
-3117
-2950
-2118
-1532
-779
-358
-156
-210
-380
-55
-122
-54
93
107
479
981
888
739
1021
1595
1815
1284
1050
945
1005
1322
1699
1754
1902
1271
891
877
738
1088
529
1032
1340
1659
1523
1113
1475
1319
1612
858
787
537
503
1040
665
1061
494
23
-137
-309
322
156
118
194
129
575
453
362
172
319
808
1126
2068
2081
2174
2034
1756
2203
1759
2321
2102
1978
2577
1837
1891
1300
1536
1730
1583
1942
1400
1462
1127
1124
854
802
570
-51
36
17
178
-344
-673
-1215
-1639
-1903
-2064
-1912
-1628
-1218
-1410
-1425
-1624
-1628
-1701
-1655
-1549
-1430
-1181
-1237
-1278
-1565
-1588
-2036
-2205
-2295
-2327
-1938
-2103
-1776
-2034
-2034
-2099
-2688
-2448
-2750
-2144
-1729
-1487
-917
-1189
-772
-935
-1095
-829
-762
-248
-217
-404
-210
-522
-448
-306
-338
-323
-930
-799
-593
125
454
206
5
60
541
369
713
831
1210
956
1076
1397
1380
1860
1322
1529
1195
1266
982
229
574
390
734
329
166
272
-187
45
-5
343
452
-96
-162
-231
180
724
640
634
556
557
662
886
1668
1774
1722
1835
1929
2002
1886
2394
2519
2935
2992
2617
2088
1728
1843
1221
1353
1067
842
443
352
639
564
1142
853
788
471
640
561
330
901
708
607
308
193
127
152
119
-256
-807
-1074
-1445
-1954
-1781
-1667
-1575
-1789
-1785
-1879
-1996
-1806
-1807
-1552
-1292
-1025
-1150
-1252
-836
-568
-378
-257
-160
-276
-556
-602
-563
-709
-1019
-1363
-1661
-1446
-1432
-1348
-1561
-1852
-2048
-2601
-2408
-2345
-1849
-1707
-1522
-1325
-1496
-1374
-1804
-1898
-2058
-1677
-950
-257
159
447
346
224
-138
-659
-425
-730
300
916
1492
1524
458
512
-286
-212
-172
-276
403
499
1030
1281
1241
1291
663
353
813
1303
1741
2182
2446
2708
2302
1771
1674
1287
1747
1880
1737
1679
1141
1086
741
706
828
289
491
1174
1974
2262
1648
1311
350
225
278
716
1404
1496
2114
1176
1226
691
141
302
191
1112
621
782
850
632
688
255
-244
-1023
-1107
-800
-346
304
721
427
-412
-975
-1204
-1232
-733
-499
-276
-141
-122
-345
-714
-529
-700
-839
-854
-569
-328
-288
-28
-25
-36
-269
-733
-854
-825
-406
-423
-654
-854
-1646
-1981
-2506
-2491
-2527
-2406
-2109
-2050
-1713
-1785
-1635
-2240
-2331
-2392
-2308
-1768
-1414
-517
-148
1
-100
-578
-1374
-1942
-2302
-1810
-906
-321
-28
-173
151
197
-92
-293
-523
-701
-528
110
1106
1578
1527
964
412
712
892
1121
1377
2154
3034
2922
2677
1981
1375
1352
1123
1542
1490
1563
1455
906
1292
980
934
605
570
868
940
1309
1290
1366
1299
1009
448
300
513
1138
1490
1820
1700
1110
557
-185
-70
26
480
543
676
969
865
607
102
32
-229
-181
-164
45
271
190
260
-104
-517
-1077
-1706
-1705
-1284
-475
296
585
698
546
158
-147
-494
-670
-483
-438
-9
103
102
29
-552
-881
-1194
-1253
-1353
-1355
-1326
-1120
-1256
-1364
-1519
-1950
-1928
-2035
-1910
-1688
-1294
-1310
-1428
-1947
-1944
-2040
-2188
-1332
-1394
-653
-640
-762
-719
-1294
-862
-1043
-1007
-607
-552
-383
-358
-538
-610
-629
-398
-205
-177
237
613
663
708
1022
1056
977
893
925
1505
1781
1923
1718
1449
1868
1694
1543
1482
1423
1787
1967
2073
1802
1240
996
890
844
1386
1355
1274
931
671
856
707
1077
773
810
604
469
496
387
751
352
559
485
429
280
-179
-85
-170
-141
-282
-568
-629
-695
-885
-762
-634
-449
-487
-708
-527
-209
248
481
549
517
332
58
-87
78
207
378
223
-120
-299
-620
-639
-694
-584
-442
-546
-566
-660
-767
-815
-867
-1163
-1184
-1283
-1168
-1124
-974
-677
-781
-816
-1193
-1341
-1668
-1635
-1586
-1249
-726
-786
-737
-992
-781
-964
-1170
-1225
-1426
-1447
-1453
-1173
-918
-639
-577
-540
-480
-79
169
190
233
103
280
571
995
1247
1199
1229
1217
1219
1367
1314
1231
1083
944
1184
1383
1670
1868
1878
1970
1730
1690
1642
1686
1907
1962
2017
1578
1422
1001
873
896
736
876
597
922
845
777
758
392
226
-63
-104
-153
-133
-129
-197
-401
-474
-736
-915
-950
-816
-555
-478
-335
-584
-693
-846
-776
-597
-493
-347
-407
-468
-648
-709
-692
-641
-682
-557
-433
-308
-274
-278
-151
-268
-368
-604
-555
-182
57
152
-110
-279
-500
-612
-232
-47
120
-83
-236
-316
-667
-739
-1143
-1305
-1026
-818
-669
-723
-717
-520
-669
-699
-964
-1335
-1108
-899
-486
-309
-355
-664
-1075
-1207
-991
-885
-853
-553
-416
-105
-211
-242
36
343
604
519
194
49
109
104
438
707
995
996
869
1139
1193
1016
1004
918
1100
1322
1273
1401
1375
1517
1249
717
487
509
711
1047
1411
1565
1682
1414
1027
653
422
423
571
829
1231
1287
1089
624
-34
-259
-643
-783
-697
-342
24
228
226
-29
-470
-990
-1192
-1375
-1066
-759
-534
-343
-257
-408
-802
-1163
-1359
-1242
-1037
-457
-61
143
240
114
-65
-160
-223
-61
118
300
449
163
34
-192
-362
-373
-366
-368
-188
-99
65
176
-26
-24
-209
-124
-9
-80
-29
-82
-311
-247
-456
-462
-234
-88
397
313
357
56
-404
-700
-906
-916
-691
-308
-143
141
-20
-144
-431
-648
-629
-639
-463
-210
58
343
472
265
143
-36
9
301
546
488
384
137
63
-22
-194
-82
-287
-28
189
269
505
455
303
197
181
395
536
658
963
970
959
809
481
278
311
251
435
511
613
726
394
345
7
-72
-46
-58
107
170
42
-185
-327
-438
-329
-435
-407
-342
-199
-12
-115
-269
-271
-470
-620
-504
-422
-120
-118
-21
28
3
60
-191
-368
-90
234
369
420
165
20
-317
-448
-376
-393
-197
-240
-348
-218
-181
-240
-399
-438
-170
-65
130
169
294
420
428
269
3
-103
-379
-380
-310
-17
133
132
96
118
276
262
188
53
125
36
-70
-125
-158
-265
-293
-307
-140
95
146
176
-49
92
109
99
198
197
220
146
91
19
-77
-256
-387
-539
-432
-275
-178
32
177
239
191
19
-48
-29
36
144
151
279
311
276
183
50
-156
-195
-90
33
286
287
299
264
332
419
249
148
145
110
203
241
292
460
469
565
393
179
-89
-423
-503
-451
-311
-198
-150
-165
-139
-282
-278
-297
-223
-70
-14
205
275
367
333
176
67
-28
-138
-191
-211
-151
-66
-73
-37
-168
-298
-442
-601
-551
-442
-266
-103
-97
-109
-304
-483
-505
-512
-310
-158
6
200
310
453
449
365
296
163
152
118
95
181
287
467
388
134
-157
-303
-248
-48
198
307
329
212
135
56
53
23
-72
15
123
145
40
-120
-172
-136
-94
-101
-213
-79
148
227
321
268
166
23
-151
-237
-380
-504
-548
-557
-375
-214
-286
-377
-383
-260
-96
73
294
366
289
246
143
98
166
122
152
297
418
490
350
296
177
-83
-102
-165
-111
22
50
80
39
55
-65
-408
-465
-323
-258
-77
34
181
327
357
295
154
219
302
255
277
350
198
44
-86
-209
-154
-112
-99
-241
-271
-127
-162
-177
-202
-307
-252
-221
-353
-414
-337
-190
-165
-159
-24
-57
-37
70
129
281
264
106
-21
15
153
166
47
-13
18
36
30
-44
-28
25
70
194
329
410
393
145
-92
-65
-42
-50
-87
83
235
179
190
75
-70
-168
-228
-254
-173
-43
-74
-83
-110
-208
-316
-354
-325
-353
-294
-157
-97
-71
-91
-117
-131
-226
-177
-13
89
204
168
82
70
113
146
139
223
194
42
102
378
360
162
39
-83
-18
-74
-362
-304
616
1297
192
-1281
-1100
286
1537
1196
-467
-1098
-56
1048
875
395
322
-134
-368
89
486
494
5
-609
-503
320
650
-143
-711
-169
366
227
-148
-483
-491
-289
-203
-164
8
182
-89
-337
-130
-32
-229
-350
-181
148
109
-215
-336
-180
-19
-272
-477
-306
-44
136
107
149
316
269
57
-186
-170
62
216
455
628
591
416
106
-132
-148
-26
104
133
259
367
284
153
-50
-231
-315
-378
-367
-117
143
256
193
92
-15
-210
-333
-428
-348
-79
173
266
219
98
-51
-124
-99
-44
41
213
313
350
317
148
-120
-375
-434
-349
-179
-3
89
214
198
36
-37
-62
-175
-342
-370
-170
74
152
60
-87
-93
-123
-252
-203
-2
145
195
256
340
314
160
-19
-190
-187
-103
-130
-56
112
162
114
52
40
22
16
27
1
22
7
-77
-133
-77
-63
-136
-148
-126
-85
-97
-95
-76
-133
-159
-182
-189
-82
-4
-41
-52
-11
-38
-130
-147
-42
56
206
331
249
157
119
50
28
81
91
79
174
376
412
297
162
-65
-145
-8
113
150
185
149
14
-94
-108
-197
-256
-98
76
174
248
244
113
13
-81
-217
-261
-133
-41
-61
67
238
216
102
-12
-181
-184
50
198
202
216
162
36
15
37
-76
-171
-81
-36
-45
-8
-147
-327
-327
-222
-156
-129
-65
-96
-141
-134
-264
-445
-458
-452
-397
-180
55
212
291
332
229
24
-111
-218
-219
-13
135
164
188
126
-42
-169
-131
-33
46
138
201
282
494
574
431
244
41
-165
-264
-146
62
227
320
286
169
105
39
-72
-83
24
91
106
99
11
-85
-116
-121
-188
-222
-207
-161
-42
67
51
-18
8
20
0
41
86
112
134
90
-52
-176
-183
-194
-227
-132
-69
-96
-86
-97
-121
-121
-85
-85
-84
6
-12
-127
-124
-89
-146
-150
-101
-59
-22
34
78
70
111
63
-87
-104
7
90
136
192
212
129
-2
-108
-185
-130
-32
-31
-24
68
134
92
75
58
-50
-159
-214
-230
-157
-39
-54
-142
-105
-60
-98
-34
71
84
104
81
-36
-111
-78
-97
-175
-121
-70
-113
-37
116
162
177
139
-9
-68
36
144
166
269
332
232
157
89
13
17
71
126
217
337
356
297
339
395
342
271
190
96
56
28
-43
-110
-140
-211
-292
-254
-172
-119
-78
-55
-48
-50
-68
-126
-138
-55
10
14
-3
-78
-158
-195
-182
-118
-88
-63
-52
-69
-51
-80
-116
-128
-155
-143
-149
-170
-144
-122
-99
-106
-130
-122
-93
42
232
342
404
373
227
81
17
35
50
83
120
78
82
83
-14
-95
-116
-102
-75
7
105
117
109
65
-93
-233
-276
-303
-267
-125
26
117
193
233
184
162
160
90
75
120
124
89
77
46
-40
-65
-48
-72
-43
9
11
33
64
66
22
8
37
54
122
182
145
96
70
34
16
57
161
225
254
289
261
202
165
109
69
87
120
91
-1
-44
-111
-222
-277
-312
-327
-272
-164
-51
47
136
119
22
-23
-49
-76
-63
-1
34
23
-22
-129
-224
-224
-206
-217
-191
-154
-163
-165
-149
-143
-148
-117
-115
-147
-99
-63
-59
-57
-50
-65
-97
-54
19
110
230
304
288
264
226
153
92
87
138
169
210
189
86
31
-16
-48
-26
23
65
69
79
66
12
-39
-99
-170
-195
-185
-170
-124
-49
35
67
80
82
72
114
157
168
169
148
83
-15
-101
-157
-178
-147
-90
-24
37
75
70
62
87
119
110
73
77
92
122
142
134
105
36
-29
-76
-60
27
72
71
55
3
-52
-86
-82
-49
-20
3
-41
-103
-120
-148
-191
-196
-196
-200
-176
-130
-67
2
78
74
28
14
-26
-76
-84
-31
24
42
24
-61
-141
-144
-132
-111
-55
-43
-104
-165
-189
-203
-193
-157
-158
-172
-152
-156
-182
-163
-94
-62
-63
-57
-47
-1
94
194
243
268
227
126
53
44
82
126
199
240
231
203
163
135
146
176
174
131
84
62
71
109
144
132
75
6
-39
-37
17
103
149
171
192
197
167
127
99
75
67
49
12
-32
-34
-38
-54
-58
-85
-122
-140
-103
-44
20
85
111
83
47
8
-67
-121
-120
-91
-53
-25
-43
-85
-92
-105
-156
-198
-215
-236
-241
-186
-131
-128
-153
-203
-234
-230
-230
-238
-219
-150
-78
-38
-17
5
20
39
70
89
103
111
114
112
118
110
54
15
5
28
55
51
30
1
-5
-7
-36
-56
-45
-24
-18
-11
-4
-34
-77
-77
-47
1
41
56
75
143
209
212
179
139
91
47
42
41
41
37
20
-8
-23
-22
-34
-20
16
59
78
83
82
67
81
89
65
50
84
137
177
208
221
208
172
125
84
52
24
-3
-13
2
7
-30
-92
-137
-150
-136
-117
-105
-101
-85
-48
-15
4
11
5
-11
-25
-12
2
10
3
-16
-44
-78
-124
-190
-214
-211
-211
-225
-241
-252
-283
-322
-354
-365
-370
-363
-357
-335
-282
-233
-188
-143
-88
-25
26
73
125
197
268
299
286
256
238
208
176
156
151
134
109
94
78
62
33
-7
-19
5
34
53
72
98
113
109
106
116
141
175
203
237
257
268
252
204
163
120
63
7
-33
-52
-47
-43
-59
-84
-90
-119
-160
-166
-144
-107
-76
-45
-12
13
22
36
64
106
147
163
184
211
228
229
216
201
168
125
83
46
29
32
19
-30
-87
-127
-155
-187
-196
-167
-131
-89
-58
-22
36
88
102
93
105
113
82
62
61
76
67
40
8
-28
-55
-108
-159
-182
-191
-225
-269
-308
-339
-353
-355
-350
-339
-315
-283
-261
-221
-146
-72
-24
-16
11
50
83
110
125
148
150
124
82
68
85
74
52
61
71
71
54
38
34
48
52
50
49
57
70
55
62
82
115
132
133
139
161
191
202
185
170
165
124
85
56
58
35
-16
-72
-116
-128
-156
-198
-217
-202
-191
-180
-146
-101
-76
-67
-69
-61
-45
-27
-6
23
72
109
122
112
117
113
100
80
48
42
35
13
-20
-26
-9
-33
-86
-107
-91
-73
-50
-16
25
55
54
30
18
42
61
50
51
70
84
79
67
66
66
50
11
-35
-49
-53
-64
-80
-86
-92
-132
-185
-238
-253
-241
-234
-241
-234
-208
-193
-185
-161
-91
-32
-7
4
29
66
88
107
117
137
139
105
82
85
108
116
103
95
79
44
11
-3
7
35
43
32
21
30
46
50
62
93
118
125
120
117
144
170
150
118
102
82
47
18
29
53
44
11
-28
-50
-75
-104
-120
-96
-62
-48
-42
-51
-45
-38
-45
-50
-42
-18
16
27
49
98
125
114
77
53
45
30
16
14
21
26
-7
-57
-97
-121
-155
-190
-187
-165
-133
-119
-103
-75
-50
-40
-51
-39
-2
31
47
70
103
126
118
92
75
53
38
15
-4
-10
-5
-19
-76
-107
-121
-135
-165
-187
-169
-137
-115
-115
-94
-59
-30
-32
-27
5
39
60
78
109
141
164
150
130
131
132
118
97
83
86
82
65
45
32
31
20
-2
-12
2
4
3
6
31
60
64
66
70
84
92
90
80
85
92
82
61
50
45
22
-3
-35
-63
-72
-82
-95
-98
-84
-70
-71
-73
-66
-49
-33
-24
-9
24
58
76
85
97
99
84
51
24
22
20
15
8
4
-10
-35
-75
-110
-133
-158
-171
-181
-175
-153
-129
-116
-109
-103
-106
-96
-87
-58
-13
22
46
64
77
79
71
52
42
39
37
37
38
33
18
-7
-30
-50
-75
-82
-83
-74
-61
-50
-28
-10
-1
1
12
33
57
83
107
132
141
138
141
136
125
109
103
100
88
83
81
72
61
47
37
29
24
35
43
51
61
63
73
81
81
78
86
93
96
101
89
85
78
69
50
39
35
11
-1
-14
-22
-32
-36
-52
-69
-66
-60
-46
-38
-33
-30
-23
-14
-15
-4
14
15
24
34
35
33
28
25
16
15
5
-5
-9
-11
-32
-52
-63
-79
-101
-113
-123
-134
-127
-129
-135
-135
-121
-119
-112
-101
-103
-82
-61
-50
-46
-32
-30
-39
-34
-23
-16
-11
-14
-27
-33
-34
-45
-61
-60
-63
-64
-58
-58
-57
-48
-34
-35
-36
-30
-28
-19
1
19
32
41
35
23
13
8
8
12
23
21
9
4
-5
-11
-19
-22
-22
-16
-16
-19
-13
1
11
8
11
10
-4
0
16
26
43
52
49
39
32
31
30
28
24
19
13
18
12
14
25
18
11
0
-8
-13
-7
9
22
30
32
21
17
28
28
28
44
47
50
54
53
50
41
47
41
32
30
19
15
16
22
22
11
0
-14
-26
-29
-24
-23
-18
-20
-30
-28
-36
-32
-25
-23
-27
-22
-16
-17
-13
-14
-11
-18
-22
-36
-38
-34
-31
-26
-36
-29
-29
-28
-28
-20
-17
-19
-9
-15
-15
-10
-16
-27
-28
-22
-19
-15
-9
-17
-25
-28
-35
-34
-23
-26
-32
-33
-34
-34
-37
-37
-43
-48
-46
-48
-37
-25
-25
-26
-26
-23
-19
-18
-7
-12
2
13
7
14
14
11
-2
7
13
20
35
37
27
11
16
14
20
26
28
26
29
32
22
34
37
33
28
24
31
31
41
46
43
43
38
34
35
37
39
47
53
43
32
31
32
22
20
23
25
25
29
26
22
23
14
18
19
25
26
28
29
22
29
35
29
16
18
20
23
29
32
32
37
30
21
29
31
28
23
17
24
29
36
35
22
21
18
7
8
14
7
0
1
-2
-13
-8
0
-10
-14
-19
-29
-25
-19
-22
-23
-23
-37
-34
-25
-36
-47
-37
-21
-26
-30
-26
-21
-22
-20
-18
-23
-13
-16
-23
-18
-13
-18
-13
-24
-36
-32
-26
-25
-32
-17
-21
-19
-21
-26
-22
-24
-23
-29
-12
-8
-11
-8
-10
-9
-12
-18
-26
-27
-12
-3
-9
-6
3
-4
-24
-28
-16
-14
-3
4
-15
-12
-6
-8
-7
0
5
0
7
9
17
30
34
26
24
26
15
7
8
17
21
22
23
30
26
13
13
24
37
44
54
55
40
39
56
62
60
72
77
55
52
54
63
69
59
47
30
39
36
17
17
18
15
9
12
15
10
10
-6
-8
4
7
14
14
7
-7
4
9
0
6
1
-6
-18
-19
-17
-23
-16
-18
-30
-30
-24
-33
-37
-32
-30
-30
-29
-22
-29
-36
-40
-38
-31
-34
-26
-30
-36
-44
-49
-48
-43
-34
-31
-41
-54
-51
-48
-50
-44
-38
-47
-42
-41
-38
-28
-21
-17
-23
-20
-18
-22
-24
-20
-12
-10
-8
-10
-14
-10
-12
-13
-11
-9
-2
2
-3
-16
-12
-9
-18
-11
6
4
-7
-6
-8
0
0
12
14
0
5
9
19
23
18
21
22
21
26
24
30
27
25
21
8
18
28
21
8
6
7
3
17
25
15
7
3
7
9
20
41
29
9
9
13
8
8
5
6
5
-8
7
6
-9
-18
-22
-22
-23
-9
-10
-18
-21
-22
-20
-16
-5
-4
-13
-16
-7
2
10
12
8
-8
-22
-13
-9
-9
-11
-10
-17
-34
-36
-26
-26
-36
-33
-28
-29
-27
-16
-8
-19
-19
-14
-22
-15
-4
-4
-16
-14
-5
0
5
6
11
-13
-14
4
4
0
6
8
-6
-14
-1
13
6
1
8
12
10
17
24
20
16
23
18
14
30
41
34
20
20
25
26
28
40
32
21
17
21
28
34
38
25
16
16
28
30
26
34
26
15
22
27
33
38
33
22
11
18
28
17
12
12
5
5
7
15
9
-4
-16
-19
-20
-11
7
-4
-22
-33
-23
-23
-17
-10
-11
-19
-29
-12
-4
-1
-3
-12
-28
-36
-20
-12
-21
-29
-32
-34
-43
-34
-23
-27
-46
-53
-43
-34
-18
-20
-33
-46
-42
-31
-18
-7
-11
-23
-38
-34
-15
-13
-13
-19
-31
-38
-31
-8
-24
-36
-23
-24
-27
-17
9
3
-13
-8
3
3
11
23
13
-3
-6
11
19
27
28
17
9
5
24
37
34
31
27
21
21
41
50
41
38
41
39
38
58
61
50
49
51
56
57
67
63
46
39
42
51
47
46
44
33
19
25
39
42
38
31
33
20
12
29
41
29
23
27
20
19
21
21
17
19
19
12
15
22
18
7
2
5
-8
-8
4
5
-8
-13
-5
4
5
-7
-8
-12
-22
-19
-8
2
-11
-15
-20
-29
-30
-23
-12
-11
-23
-36
-25
-22
-32
-41
-36
-30
-39
-37
-19
-13
-28
-32
-25
-20
-26
-32
-18
-24
-39
-35
-27
-21
-20
-19
-24
-31
-24
-21
-15
-18
-20
-20
-24
-21
-8
-3
-15
-12
-21
-18
-3
5
11
-2
-11
-5
7
3
-2
-4
-3
-11
-12
-5
4
10
-9
-11
-12
-8
-1
6
13
0
-8
-7
6
6
9
16
14
5
3
14
19
12
-2
2
7
7
7
9
14
6
-1
10
20
10
4
9
6
-7
5
18
9
8
0
-7
-2
8
14
7
7
-3
-8
0
4
3
0
-8
-16
-15
-13
-5
-3
-13
-21
-21
-12
-11
-12
-11
-20
-25
-21
-8
-6
-19
-21
-23
-18
-18
-10
-10
-23
-20
-27
-24
-16
-14
-10
-10
-22
-31
-15
-2
-12
-13
-1
-9
-22
-6
2
-9
-8
-6
-8
-9
-11
-4
-9
-12
-13
-4
1
-7
1
-3
-11
-18
-11
3
4
3
-6
-15
-13
-4
-5
-6
1
-9
-20
-12
4
4
-9
-9
-5
-9
-9
-2
5
-3
-6
-1
3
-4
-5
-3
-2
-3
1
10
10
6
-6
-5
-6
-7
-3
-9
-2
5
-1
-7
3
4
-1
-2
-2
5
10
13
9
11
18
11
11
14
13
13
6
6
9
10
10
5
10
4
-9
-5
7
9
-3
16
21
5
8
17
22
13
19
25
19
14
14
9
15
19
10
15
29
29
13
15
22
15
10
16
23
20
13
10
16
20
8
18
32
17
7
7
16
15
10
24
29
21
15
21
26
25
16
20
28
19
1
3
29
21
12
23
26
21
14
16
19
12
10
11
18
18
-3
3
15
10
11
12
17
15
7
4
7
6
4
-1
3
7
-3
-12
-3
-6
-16
-7
-3
-11
-21
-14
-10
-5
-8
-18
-10
-9
-22
-24
-17
-14
-19
-18
-3
-4
-15
-20
-14
-17
-19
-15
-17
-13
-15
-24
-16
-14
-25
-14
-6
-12
-19
-19
-16
-20
-7
-2
-5
1
-4
-12
-6
1
1
2
4
-2
-5
-10
-6
-4
-7
-3
-3
0
0
-6
-6
1
1
-1
0
5
5
-2
1
1
-5
7
11
5
7
3
-4
-6
-1
1
0
5
-1
-9
-8
0
-3
-8
-4
4
9
-1
-6
9
15
0
3
8
3
-4
-2
12
7
7
4
7
10
3
3
2
5
4
10
15
10
1
-4
4
6
1
5
8
7
-10
-14
0
4
-5
-18
-8
2
-5
-13
-9
-6
-5
-6
-5
-4
-1
3
-8
-1
8
-4
-6
2
0
-3
-4
-4
3
1
5
2
-6
-9
-15
-13
-5
-9
-6
9
-2
-11
-7
-1
6
4
-1
-4
9
2
-7
3
19
11
-2
11
15
9
3
9
6
4
9
14
13
7
3
2
12
8
6
8
3
-2
-1
1
10
4
-2
10
1
-2
4
-2
7
9
-4
0
4
0
-9
-9
-5
-8
-8
3
5
-1
-1
-3
-6
4
3
-1
3
5
7
-7
-3
6
1
-2
0
8
-5
-9
-2
6
0
-13
3
5
-4
-6
-6
-1
-4
-2
2
1
-4
-10
-13
-3
4
-1
4
5
-7
-16
-10
7
3
-3
3
-4
-2
1
-4
2
9
0
-2
7
4
-4
-6
5
-8
-6
-1
5
5
-4
-4
1
10
3
4
4
6
-2
-3
5
3
5
4
8
-2
4
7
-8
-2
9
8
3
3
4
-3
-1
1
2
7
3
3
-3
-3
-2
-6
1
3
-4
5
5
-6
0
2
7
3
-2
6
2
-1
-3
-2
1
-5
-11
-4
3
-2
-5
-1
7
6
1
6
11
3
-5
5
9
12
10
6
11
-3
-5
1
8
9
4
9
3
-2
-4
1
1
1
9
-7
-2
5
0
4
-1
8
10
-2
0
4
6
3
0
8
9
3
-4
-1
0
2
5
7
11
2
3
3
-7
0
7
8
11
4
-1
2
-2
0
6
12
14
3
-1
8
6
6
5
9
23
7
0
7
5
-2
-4
0
6
7
-3
-3
1
-2
-3
-5
3
-2
-13
-5
-7
-10
-2
-6
-3
3
-4
-2
-7
-3
3
-6
-5
-3
-5
-14
-13
-18
-13
-8
-14
-6
-11
-15
-20
-24
-15
-14
-7
1
1
2
-5
-11
-10
-1
1
6
5
-1
3
-5
-4
-1
-2
-4
-6
-3
6
-5
-11
-1
-4
-7
-9
-3
-2
-9
-8
3
11
7
-7
0
4
-3
-4
-1
10
9
2
6
8
0
-11
-2
4
-5
-5
9
3
-7
-6
0
1
-1
2
10
3
-7
-8
-8
0
5
5
-4
-2
-1
-12
-4
9
14
5
2
7
6
-3
-7
6
7
-4
-3
3
-4
-19
-16
2
-2
-14
-11
-5
-10
-23
-16
-5
-5
-14
-6
4
-9
-21
-14
-7
-8
-2
-7
-5
-4
-12
-11
-8
0
-6
-15
-9
-12
-20
-17
-13
-6
-9
-3
6
-5
-16
-3
4
-4
-4
1
8
3
-8
-2
4
4
4
4
11
-1
-6
0
4
9
6
3
6
1
-6
-7
1
6
5
2
6
8
-1
2
10
13
6
0
13
17
-2
-3
20
18
1
6
17
18
4
3
14
15
10
13
15
14
13
3
8
19
18
14
18
31
25
11
3
15
22
13
13
21
19
7
4
12
12
8
12
10
8
3
0
2
6
10
-2
0
-1
-10
-10
-7
-3
-3
-2
2
0
-10
-4
-2
3
8
-4
3
7
-2
-10
-2
11
5
-7
-3
9
1
-11
-11
-5
-2
-9
-7
2
3
-14
-13
1
2
-1
-5
1
-5
-14
-8
-5
-5
-4
-3
1
-2
-10
-1
1
-4
-7
-5
-9
-11
-12
-10
-4
-8
-14
-20
-13
-12
-22
-20
-3
0
-15
-13
-5
-8
-11
-8
-3
-9
-7
5
0
-6
-1
-4
-4
0
6
7
4
-1
-6
-2
-3
-5
2
5
7
5
1
0
8
15
11
5
8
8
0
6
4
13
22
13
9
4
9
8
-1
4
7
8
-3
-5
4
5
-4
-12
0
8
-5
-9
-3
5
4
1
8
8
9
6
1
4
0
-5
-3
2
3
2
1
-1
1
-3
-1
4
4
2
-6
2
6
2
5
8
7
-2
-7
-8
1
2
-4
-2
-3
-8
-10
-10
-7
-3
-1
-4
-11
-7
-8
-14
-21
-15
-11
-13
-11
-6
-13
-16
-12
-10
-8
-5
-1
-7
-9
-18
-8
-5
-9
-1
-3
0
-10
-5
-6
-7
-2
2
4
-3
-1
-3
-4
-4
-1
5
-2
-3
-1
5
3
-5
-2
6
2
-6
3
3
2
-2
-1
2
-1
-3
0
3
-1
-2
-5
8
11
0
-3
1
-3
-11
-11
-6
-1
-4
-3
2
-4
-8
-8
1
7
-5
-1
3
1
1
-2
-1
3
-4
-8
-6
-8
0
-9
-11
-9
-11
-8
-8
-13
-10
-8
-16
-3
-9
-9
-7
-10
-10
-14
-12
-10
-11
-13
-13
-15
-15
-20
-17
-14
-10
-6
-15
-17
-14
-7
-14
-18
-9
-7
-6
-13
-8
0
-10
-14
-16
-11
-5
-13
-9
1
-4
-2
-3
-2
-6
-6
1
1
-1
0
8
7
-3
-6
1
8
5
0
7
11
12
8
4
10
10
10
13
9
6
13
10
7
5
11
17
11
11
5
3
10
15
6
16
20
11
8
7
16
13
8
11
18
14
1
5
12
11
3
6
12
15
13
12
15
13
13
16
14
12
14
6
4
11
9
9
11
14
9
4
3
12
11
4
11
9
5
1
-3
2
2
-4
5
7
-1
-7
-7
-6
-9
-4
-2
-5
-6
-3
-18
-17
-11
-12
-6
-6
-9
-21
-20
-20
-17
-14
-14
-10
-15
-20
-22
-21
-17
-17
-23
-10
-13
-24
-23
-18
-15
-13
-9
-11
-1
-5
-10
-13
-10
-6
-8
-4
-2
-4
-7
-2
-1
2
1
5
12
8
0
1
8
11
5
2
14
13
6
5
12
14
14
11
16
24
14
7
11
12
13
20
19
22
23
17
15
17
20
21
19
21
15
11
16
15
18
19
19
26
22
10
15
21
19
13
16
19
15
14
14
8
12
15
17
18
15
18
14
19
23
22
18
15
13
7
7
8
13
13
12
7
0
2
7
0
-3
5
3
-4
-4
4
4
-2
3
9
8
2
0
