2
7
11
0
3
7
9
12
7
8
5
1
3
2
5
3
-2
5
1
-6
5
6
9
7
4
11
6
0
0
-1
3
12
6
1
5
5
8
11
14
15
12
12
15
14
14
21
21
21
17
18
24
22
22
23
24
23
27
25
24
27
24
25
25
26
33
29
24
29
30
28
27
23
20
20
22
26
24
20
21
18
19
18
18
16
16
19
15
17
16
14
15
16
10
9
12
7
11
18
15
19
23
17
17
19
21
16
16
19
14
14
11
7
13
8
1
1
4
6
5
5
5
4
3
6
6
0
-7
-2
2
4
3
6
6
0
0
-5
-1
1
2
1
1
0
3
4
-2
-10
-12
-5
-5
-6
-7
-12
-13
-8
-9
-9
-10
-11
-15
-15
-14
-5
-3
-13
-13
-12
-12
-15
-11
-10
-10
-10
-5
-5
-10
-9
-9
-9
-10
-1
-1
-4
-3
-6
-2
-1
4
3
-6
-4
-9
-8
-3
-2
-1
-5
-2
-5
-8
-2
-1
-7
-3
-8
-11
-9
-8
-11
-10
-9
-5
0
-8
-3
2
1
5
4
-2
-1
-7
-5
4
2
3
-3
-6
-7
-2
-2
-1
4
0
-2
-3
-6
-8
-6
-7
-8
-5
-3
-4
-1
-3
-6
-6
-1
-6
-6
-1
-11
-8
-5
-7
0
-7
-11
-2
-3
-5
-7
-6
-5
-5
-7
-6
-7
-7
-4
-10
-6
-8
-7
-5
-7
-5
1
0
1
-3
-8
-1
-2
-1
4
4
4
5
1
3
1
2
-2
-9
-4
-2
-3
-5
-4
-7
-2
-1
-4
0
-1
-4
-2
3
1
1
0
-2
-9
-5
-6
-5
-7
-14
-11
-10
-10
-9
-8
-13
-8
-6
-5
-4
-6
-8
-13
-13
-10
-14
-14
-18
-17
-13
-14
-8
-7
-10
-15
-12
-10
-12
-8
-10
-5
-9
-10
-7
-13
-11
-8
-11
-6
-7
-8
-9
-8
-9
-8
-3
-1
-4
-10
-7
-10
-10
-8
-10
-7
-11
-14
-13
-8
-4
-7
-15
-16
-17
-15
-12
-20
-17
-15
-15
-12
-11
-9
-10
-14
-18
-13
-12
-11
-11
-12
-14
-8
-12
-14
-5
-10
-14
-16
-13
-15
-8
-6
-12
-8
-7
-2
-7
-6
4
3
-1
0
-1
-3
2
2
-1
3
0
0
-5
-3
1
2
-3
-1
-1
-11
-3
-3
-2
-4
-5
-2
-6
2
8
5
-4
4
3
3
5
5
3
-2
-2
0
5
4
1
0
4
6
7
4
6
2
-1
1
6
10
7
7
5
12
7
3
5
9
12
7
9
12
9
10
11
10
15
16
18
18
14
14
14
13
16
16
15
15
16
17
15
13
9
8
3
3
3
4
11
7
9
10
7
7
7
1
1
3
1
2
-4
-2
-2
-8
-5
-10
-7
-4
-11
-10
-10
-8
-10
-8
-5
-7
-8
-8
-10
-9
-13
-10
-6
-10
-12
-10
-7
-8
-10
-9
-8
-4
-3
-1
3
6
8
4
8
8
8
9
10
14
11
12
8
10
13
11
9
19
19
13
16
14
15
13
20
20
18
15
15
18
18
20
16
20
20
17
22
26
21
18
21
22
19
17
20
24
20
23
23
18
13
11
14
13
16
14
11
9
15
14
14
10
13
16
7
6
3
8
3
-1
0
-1
-1
-2
1
-2
-3
-5
-2
1
-4
-9
-8
-9
-7
-3
-6
-7
1
0
-6
-4
-2
-1
-7
-6
-5
-8
-2
-4
-7
-5
-6
-5
-6
-9
-11
-11
-11
-10
-10
-14
-16
-14
-14
-17
-17
-21
-23
-20
-18
-22
-21
-24
-23
-19
-18
-15
-16
-18
-24
-23
-18
-17
-13
-19
-26
-27
-26
-25
-24
-22
-29
-31
-31
-32
-24
-29
-31
-29
-29
-28
-23
-24
-23
-28
-27
-22
-23
-20
-20
-11
-15
-17
-13
-9
-8
-8
-6
-5
-1
-2
-2
0
2
-2
-6
-6
-6
-2
-4
-5
-2
-2
-3
-6
-12
-7
-5
-7
-3
-10
-6
-6
-7
-7
-8
-10
-8
-3
-5
-7
-7
-6
-12
-10
-8
-5
-4
-5
-9
-6
-2
-6
-7
-8
-9
-8
-4
-8
-6
1
-1
-5
0
-3
-4
-2
-9
-2
-7
-9
-12
-9
-7
-11
-7
-12
-11
-9
-13
-15
-9
-9
-11
-8
-9
-14
-11
-7
-7
-8
-14
-17
-11
-7
-8
-11
-11
-9
-12
-11
-9
-7
-8
-6
-1
-3
-1
-4
-3
-1
-4
-8
-6
-6
-4
-7
-3
1
-5
-6
-6
-6
-8
-5
-4
-4
-6
-5
0
-5
-4
-6
-4
2
3
1
1
5
1
1
3
3
4
1
7
1
2
9
6
5
0
-2
-2
-5
-7
-6
1
0
1
1
1
3
-4
1
-1
-6
3
6
1
6
10
13
17
15
14
14
14
13
12
13
16
16
7
14
18
20
21
16
15
14
14
14
17
16
17
17
16
21
24
26
23
19
24
24
23
34
26
21
25
19
17
19
18
18
21
21
21
21
19
16
14
11
12
12
15
13
11
15
17
18
22
18
19
18
15
15
9
16
14
15
19
13
19
15
13
12
10
13
10
8
13
12
15
14
17
15
9
13
10
14
18
9
10
19
17
15
20
12
12
15
13
15
13
12
14
12
11
11
9
8
9
10
17
11
11
17
12
18
18
22
13
14
17
15
19
14
13
16
19
18
20
19
16
17
15
15
12
6
9
7
9
7
3
8
7
12
18
19
18
17
18
18
16
19
17
15
20
20
19
21
18
17
24
21
23
15
12
13
14
14
12
15
13
14
11
8
6
6
4
7
10
8
6
0
7
4
4
8
5
0
-2
1
1
-2
-1
-2
-4
-6
-2
-4
-10
-6
-5
-7
-14
-12
-13
-10
-10
-10
-9
-10
-10
-12
-10
-18
-11
-12
-13
-9
-13
-11
-9
-4
-16
-15
-11
-8
-10
-16
-11
-14
-12
-14
-19
-16
-12
-15
-12
-10
-16
-15
-10
-13
-18
-22
-21
-23
-25
-19
-24
-20
-16
-23
-22
-27
-26
-20
-25
-25
-24
-25
-27
-27
-29
-32
-30
-30
-28
-35
-34
-29
-32
-32
-31
-27
-25
-27
-28
-19
-13
-15
-16
-13
-22
-19
-15
-16
-15
-18
-12
-15
-12
-11
-11
-9
-10
-10
-8
-5
-8
-7
-9
-10
-13
-10
-12
-16
-17
-14
-11
-14
-10
-12
-9
-11
-10
-4
-5
-1
-1
-3
-5
-7
-6
-5
-5
-5
-3
-3
-4
-6
-4
-3
2
5
-3
1
-1
-5
-6
-3
-2
-7
-5
-5
-1
-5
-2
0
-4
-3
-1
1
-8
-4
-2
-2
1
0
-2
-4
-4
-4
-2
-3
-4
-6
-7
-7
-7
-10
-14
-13
-14
-13
-14
-16
-17
-19
-12
-18
-15
-8
-11
-10
-9
-15
-10
-6
-8
-8
-5
-6
-11
-5
-8
-9
-7
-12
-12
-6
-7
-5
-7
-4
-3
-4
-3
-8
-2
-2
-3
-3
-1
6
8
5
3
8
5
7
13
13
10
16
17
12
22
23
23
25
19
20
23
27
26
21
26
20
21
23
22
21
21
23
20
17
17
22
24
26
29
26
24
24
24
30
23
19
21
17
18
17
12
11
13
13
11
6
5
7
3
1
4
7
3
2
-1
0
-1
-2
-4
-12
-6
-10
-11
-7
-9
-8
-6
-9
-10
-8
-10
-3
-9
-11
-9
-8
-3
-9
-10
-11
-10
-9
-10
-10
-10
-10
-11
-10
-7
-3
-1
-7
-5
-4
-6
-2
-6
-2
-1
-2
3
-1
5
5
5
6
8
9
7
13
10
10
11
10
12
8
8
13
11
10
7
8
13
9
10
13
11
10
10
12
11
10
14
13
15
14
16
16
14
12
12
14
9
12
10
11
19
14
14
13
11
10
9
15
10
9
13
13
13
14
12
11
9
11
11
8
13
11
10
14
15
8
6
11
10
11
8
12
10
9
11
8
14
13
12
10
11
8
11
15
11
12
10
11
8
8
9
8
6
4
6
3
3
5
0
3
7
6
4
4
2
-2
-1
3
3
2
0
0
4
5
2
1
2
0
-3
4
8
5
2
4
7
6
5
-1
2
3
3
0
1
-1
-4
3
2
0
0
0
1
-1
-3
1
-1
-4
-1
-3
-1
0
-4
-8
-5
-6
-10
-8
-12
-8
-11
-9
-10
-16
-9
-12
-15
-9
-16
-16
-12
-14
-8
-12
-8
-7
-10
-14
-16
-18
-23
-15
-10
-8
-13
-19
-17
-14
-19
-20
-18
-17
-20
-25
-27
-28
-25
-25
-26
-24
-31
-28
-24
-25
-25
-21
-17
-19
-22
-26
-27
-26
-29
-27
-22
-21
-22
-21
-23
-18
-18
-18
-16
-25
-24
-27
-22
-20
-21
-19
-22
-22
-14
-17
-20
-16
-17
-17
-20
-22
-22
-24
-23
-20
-26
-22
-25
-28
-26
-29
-30
-32
-26
-34
-33
-27
-27
-30
-27
-27
-29
-26
-32
-28
-28
-29
-26
-22
-21
-19
-16
-21
-22
-17
-13
-11
-10
-14
-14
-13
-9
-15
-15
-15
-19
-16
-11
-9
-9
-9
-9
-8
-6
-5
-5
-2
-3
-3
0
-1
2
-2
-2
-1
-1
1
-1
-2
2
2
3
-2
-4
-4
-6
-4
-10
-6
-8
-9
-7
-10
-7
-5
1
-5
-7
-9
-4
1
0
0
2
3
3
4
0
2
4
4
3
2
7
9
7
4
7
12
11
15
11
11
9
10
12
8
13
16
11
11
19
18
18
14
17
25
24
24
26
26
22
25
21
25
26
25
24
21
19
20
23
23
21
19
21
19
20
18
20
15
20
17
16
15
13
19
12
13
9
13
13
9
14
10
10
9
11
10
11
12
9
5
5
6
10
9
4
3
8
13
7
10
12
11
14
18
21
18
19
19
17
21
22
19
19
19
17
19
16
15
15
17
17
14
14
11
12
11
12
9
7
9
14
17
12
15
15
11
12
12
7
11
12
10
10
8
11
11
10
13
17
18
16
18
19
15
18
11
15
24
18
17
11
13
12
11
10
12
15
12
17
13
11
15
14
13
13
16
15
18
17
16
17
13
16
16
14
15
16
16
11
11
12
12
13
14
15
15
11
7
9
10
9
8
13
7
7
14
13
11
14
15
11
9
7
4
6
2
0
-1
-2
-2
-5
-10
-12
-6
-5
-8
-10
-9
-2
-9
-15
-18
-13
-11
-15
-15
-16
-17
-17
-17
-18
-15
-17
-20
-20
-19
-21
-24
-21
-19
-16
-20
-18
-14
-16
-15
-17
-19
-21
-21
-18
-16
-12
-14
-10
-9
-12
-5
-2
-2
-2
-5
-5
-3
-4
-3
-1
-3
-5
-4
-2
-3
1
5
4
8
8
9
10
6
6
9
5
2
6
2
3
1
1
4
0
3
2
-1
2
4
-1
2
3
1
-7
-5
-1
-8
-6
-6
-7
-2
-1
-5
-6
-6
-7
-10
-9
-5
-8
-9
-9
-11
-13
-15
-16
-16
-16
-18
-18
-14
-12
-9
-9
-17
-11
-12
-14
-14
-17
-12
-18
-24
-17
-15
-25
-23
-21
-20
-20
-23
-20
-21
-24
-26
-21
-27
-27
-22
-28
-25
-30
-34
-30
-27
-34
-31
-28
-32
-36
-34
-33
-35
-30
-36
-35
-33
-38
-36
-34
-34
-38
-34
-31
-30
-29
-30
-28
-32
-31
-24
-25
-24
-20
-22
-26
-21
-17
-16
-18
-17
-16
-18
-15
-14
-11
-6
-10
-4
1
-2
-2
-3
1
2
1
5
4
4
4
6
3
6
5
2
2
-1
2
3
1
0
-3
-5
1
1
0
-4
-3
1
-2
-4
-5
-2
-4
-8
-6
-5
-1
-2
-1
-3
-2
0
-1
1
-3
-5
-7
-3
2
2
1
3
1
1
1
0
5
-4
-2
0
1
-3
-2
-5
-5
0
-4
2
-1
-1
1
2
0
-4
0
1
0
-1
2
1
6
9
7
7
7
8
12
12
13
13
10
11
12
13
12
9
12
10
14
15
12
12
13
10
11
14
11
10
8
11
12
9
13
13
10
11
14
10
11
8
5
9
8
11
10
12
9
7
10
10
11
12
11
8
10
7
7
10
11
13
12
11
14
16
18
20
18
19
18
18
12
11
16
14
16
11
11
15
16
12
9
9
5
2
1
3
1
-1
0
-4
-3
-5
-5
-4
-3
-2
0
-3
4
7
4
2
0
4
5
5
3
9
3
8
9
4
6
3
3
2
2
-1
-1
1
3
-1
-1
1
-2
0
4
4
-2
1
1
3
4
3
0
1
3
2
5
4
4
5
1
-1
2
2
2
0
-3
-3
-2
-5
-4
-4
-2
-7
-7
-3
-7
-5
-5
-8
-10
-5
-8
-7
-8
-8
-4
-11
-2
-5
-6
-2
-6
-6
-6
-11
-10
-3
-7
-5
-2
-5
-2
-3
-10
-7
-7
-11
-11
-12
-10
-8
-7
-10
-5
-9
-9
-12
-9
-11
-18
-11
-19
-19
-18
-19
-20
-13
-14
-18
-11
-18
-16
-10
-13
-12
-7
-9
-5
-2
-1
-1
-4
1
-1
-5
-5
-5
-2
1
-3
-4
-1
0
2
5
6
9
7
1
1
1
-1
1
2
2
-8
-6
-4
-3
-1
-3
-1
3
-2
-6
2
4
2
5
3
3
5
2
3
5
3
-1
0
-2
-2
1
-1
-2
-3
1
0
-5
-1
-3
-3
-1
-5
-2
-2
-2
1
0
0
-1
0
4
7
4
4
3
-2
2
3
2
4
-3
-11
-8
-5
-7
-7
-9
-12
-9
-12
-10
-9
-9
-8
-8
-8
-9
-8
-6
-8
-8
-10
-12
-10
-5
-6
-7
-8
-9
-13
-12
-14
-14
-10
-11
-11
-9
-7
-8
-5
-5
-4
-3
1
-1
-2
-2
-4
-6
-4
-3
-4
0
2
4
1
6
1
0
8
4
2
5
2
3
11
10
7
11
11
8
7
11
9
5
7
5
5
3
5
7
3
7
0
4
0
-5
-6
-10
-10
-10
-4
-6
-7
-5
-9
-7
-4
-4
-3
-1
-2
-5
-8
-12
-15
-12
-11
-13
-13
-12
-10
-9
-16
-9
-9
-11
-8
-7
-8
-3
5
0
4
-1
-2
1
-3
2
0
2
3
3
2
4
3
3
8
3
9
12
11
14
10
9
3
4
6
5
8
8
11
11
13
18
16
20
26
23
24
24
19
19
20
18
18
19
19
16
13
17
18
23
22
24
20
15
19
14
17
17
17
15
13
13
8
8
5
5
10
5
1
-5
-2
-1
-4
-2
-3
-1
0
-5
-3
-5
-10
-10
-12
-10
-7
-8
-11
-13
-14
-10
-6
-12
-12
-9
-9
-9
-13
-8
-7
-6
-8
-9
-11
-11
-9
-13
-8
-3
-7
-7
-6
-7
-4
-1
0
0
0
2
-2
-3
-1
2
6
2
5
11
3
4
5
6
9
2
7
5
-5
0
2
-5
-1
-3
-7
-7
-8
-6
-3
-2
-5
-3
1
-4
-5
-5
-4
-8
-11
-6
-12
-7
-9
-7
-2
-5
1
0
0
1
-1
-1
-1
-3
-2
1
-5
-6
-6
-6
-8
-8
-10
-10
-14
-17
-15
-20
-22
-20
-18
-15
-17
-14
-13
-15
-13
-15
-17
-19
-19
-19
-15
-13
-19
-12
-11
-11
-13
-10
-9
-13
-9
-14
-13
-10
-10
-8
-14
-7
-5
-9
-4
-8
-3
-4
-6
-4
-5
-4
-3
0
-3
-5
-5
-4
-1
0
-2
-1
0
0
2
3
11
7
10
11
11
15
13
15
13
14
15
18
20
15
14
12
15
12
17
17
12
21
17
16
16
14
13
18
17
15
21
21
22
21
15
14
15
13
14
13
7
10
12
8
12
11
11
5
2
3
-1
1
-2
4
0
-2
2
-2
-6
-7
-4
0
-3
-9
-6
-9
-5
-1
2
-3
-3
-1
-4
1
0
-1
-1
1
1
-3
-1
-4
-2
1
-2
2
2
4
1
4
2
0
2
-2
0
3
9
9
7
9
10
8
12
10
12
10
6
14
9
11
11
12
9
5
10
10
7
10
11
9
14
13
13
15
10
12
8
11
13
7
12
9
11
11
13
12
7
9
8
10
6
3
1
-4
-5
-4
-7
-1
-3
-4
1
3
-1
-1
1
-2
-2
-6
-8
-13
-7
-9
-13
-13
-16
-15
-21
-18
-18
-19
-24
-21
-21
-19
-22
-24
-22
-23
-22
-28
-27
-24
-21
-20
-23
-28
-23
-21
-26
-22
-22
-23
-22
-23
-24
-22
-17
-11
-13
-11
-11
-14
-13
-11
-8
-6
-4
-8
-7
-8
-4
0
0
0
5
7
0
2
0
-1
3
4
5
2
0
2
3
-3
2
4
0
0
6
8
6
5
5
5
5
9
4
6
4
1
5
5
6
11
14
12
13
11
12
12
12
15
10
9
14
12
11
17
12
8
5
8
9
7
7
7
11
6
9
9
7
12
17
13
8
9
11
13
10
13
6
13
10
8
9
3
9
6
11
11
14
15
19
18
13
19
12
20
21
19
23
24
21
21
22
21
20
17
19
14
22
23
19
22
22
18
17
18
8
14
11
12
13
14
14
12
14
9
16
12
10
10
6
5
5
4
-5
2
-1
-6
-4
-4
1
2
3
1
-1
-7
-7
-10
-12
-7
-14
-15
-18
-20
-20
-21
-21
-16
-13
-15
-14
-18
-19
-22
-26
-23
-23
-29
-26
-23
-26
-26
-24
-23
-20
-16
-16
-16
-19
-18
-15
-16
-15
-20
-12
-18
-17
-9
-15
-11
-18
-15
-14
-12
-11
-12
-9
-13
-9
-13
-7
-6
-5
-6
-5
-5
-7
-5
-6
0
4
5
4
6
6
6
9
16
16
13
14
12
12
15
17
9
15
14
14
13
11
17
17
21
23
22
22
20
19
20
21
22
21
14
16
11
9
13
15
11
7
7
3
3
5
2
5
-1
-9
-6
-5
-5
-5
-9
-13
-13
-18
-17
-16
-14
-11
-16
-13
-20
-16
-13
-11
-11
-12
-6
-11
-9
-6
-6
-10
-12
-11
-11
-12
-7
-5
-9
-4
-3
-7
-6
-4
-8
-1
0
-2
-2
2
5
1
1
-1
9
6
5
6
7
9
9
13
12
14
15
22
21
17
26
27
31
28
31
29
25
24
29
37
30
32
31
30
29
27
26
23
20
18
21
18
21
20
21
16
9
14
13
13
11
8
9
5
12
5
3
7
2
1
2
2
-4
0
2
-4
-3
-4
-2
-4
-12
-5
-6
-12
-11
-14
-17
-21
-19
-18
-18
-17
-18
-22
-31
-27
-20
-24
-26
-25
-32
-31
-30
-23
-23
-21
-23
-29
-27
-23
-20
-20
-20
-18
-15
-13
-13
-10
-8
-6
-7
-9
-8
-11
-8
-4
-2
-2
-2
-2
-5
-1
-2
-1
-1
-8
-12
-9
-5
-6
-8
-9
-7
-4
-1
0
-3
-7
-7
-11
-6
0
-5
-2
-7
-6
-6
-6
-3
-4
0
-2
-2
0
-4
-5
-5
-4
0
-1
-4
-4
-4
-3
-1
-3
-5
-11
-7
-5
0
-2
-6
-5
-13
-11
-8
-6
-9
-10
-12
-11
-4
-1
-3
-4
-1
-1
4
2
1
0
4
4
3
9
4
2
4
4
7
15
12
9
9
8
17
18
17
16
10
11
11
15
21
22
18
18
21
25
26
25
24
22
19
23
26
27
23
20
23
30
29
26
27
21
26
26
26
28
21
16
24
23
24
29
27
31
26
30
31
25
25
27
32
32
30
24
25
24
23
23
22
22
17
18
18
18
16
16
10
9
15
13
7
4
5
0
5
4
3
1
-4
2
2
0
4
1
-5
-5
-5
-2
-6
-5
-1
-7
-10
-5
-1
-2
-5
-6
-6
-13
-4
3
1
-7
-10
-9
-6
-4
-6
-10
-8
-9
-9
-6
-11
-3
-2
-2
-10
-15
-16
-13
0
-1
-5
-17
-24
-16
-4
-2
-2
-14
-23
-16
-6
5
2
-7
-13
-8
-5
5
8
-1
-11
-13
-6
3
7
2
-6
-11
-9
-5
-1
4
14
10
-2
-13
-11
6
25
31
14
-8
-23
-19
11
36
34
12
-18
-19
-6
15
24
22
9
-12
-15
-12
9
26
28
18
-8
-19
-14
5
19
25
14
-4
-10
-10
-5
1
18
23
6
-19
-37
-38
-18
13
29
8
-31
-47
-31
2
28
22
-4
-32
-43
-32
-5
14
18
-1
-25
-40
-31
-1
17
22
8
-12
-28
-25
0
22
29
15
-9
-24
-16
3
26
33
28
11
-7
-9
6
24
23
18
-2
-8
3
6
13
5
11
11
5
5
-5
-4
4
12
22
19
-5
-24
-20
-2
23
33
22
-7
-30
-24
12
43
39
10
-33
-41
-9
29
50
28
-6
-28
-24
1
23
25
13
-9
-23
-27
-13
9
15
10
-14
-32
-41
-24
6
15
0
-26
-44
-42
-15
11
18
-2
-29
-50
-42
-13
16
21
-11
-34
-46
-30
-1
20
22
-2
-22
-25
-18
3
22
25
12
-7
-12
-9
5
24
23
19
-4
-24
-26
-20
12
25
17
-6
-31
-33
-11
15
26
10
-20
-42
-41
-16
9
15
1
-28
-42
-35
-16
7
10
-9
-27
-28
-19
-7
3
1
-3
-15
-20
-17
-17
-7
3
9
1
-19
-26
-24
-7
4
2
-11
-31
-26
-20
-6
-1
-9
-16
-22
-14
-10
-4
-2
-6
-4
-7
-6
-12
-7
2
5
9
-7
-6
-9
-3
6
9
10
-7
-8
-3
13
21
17
3
-11
-11
6
23
17
9
-5
-10
1
14
18
7
-3
-9
-5
9
11
14
10
2
3
9
12
8
5
7
11
12
11
8
5
5
7
13
15
4
-1
8
10
19
12
3
3
2
8
10
10
6
8
9
9
9
7
5
6
17
19
14
7
5
15
23
25
17
9
5
6
12
13
12
3
3
5
8
17
13
12
4
3
11
10
13
13
11
10
11
13
11
12
12
11
14
13
12
13
15
9
11
14
8
6
7
6
4
3
0
3
5
3
9
2
1
-1
3
7
2
6
-1
-1
-3
-3
-1
-6
-3
-7
-11
-11
-6
-3
-9
-7
-9
-8
-6
-8
-10
-9
-3
-5
-6
-6
-7
-10
-11
-10
-11
-14
-15
-10
-10
-14
-10
-9
-9
-11
-14
-5
-8
-10
-11
-14
-11
-11
-6
-9
-7
-6
-13
-13
-12
-10
-9
-2
-8
-12
-7
-5
-6
-5
-7
-14
-9
-12
-14
-11
-13
-13
-17
-13
-13
-10
-13
-19
-18
-21
-19
-22
-24
-24
-24
-23
-28
-23
-20
-20
-24
-30
-25
-26
-27
-25
-32
-32
-28
-27
-21
-19
-25
-24
-21
-23
-21
-20
-19
-19
-18
-17
-16
-13
-12
-8
-12
-7
-7
-7
-2
-5
4
2
-3
-5
-8
0
4
6
8
8
2
8
15
14
14
11
7
8
15
13
14
12
11
15
15
16
16
17
18
17
19
21
18
22
19
23
22
21
22
19
30
22
19
19
18
28
23
24
21
14
19
19
29
28
21
18
11
14
19
22
21
17
12
9
13
19
19
12
12
5
10
12
13
18
12
13
6
10
17
21
23
13
17
16
13
17
14
13
13
10
10
10
14
13
9
12
13
12
11
6
9
9
10
11
7
5
2
3
5
11
10
11
11
6
7
8
7
3
-1
-5
-6
-8
-12
-10
-11
-10
-15
-19
-24
-20
-16
-19
-16
-26
-31
-25
-27
-24
-22
-23
-28
-34
-32
-29
-24
-16
-25
-30
-36
-32
-23
-20
-20
-30
-26
-34
-24
-19
-21
-25
-36
-30
-28
-25
-26
-35
-42
-40
-38
-31
-28
-37
-35
-37
-36
-27
-28
-38
-45
-41
-28
-25
-18
-29
-33
-29
-29
-18
-20
-21
-28
-25
-18
-15
-17
-21
-19
-16
-11
-13
-15
-18
-17
-16
-8
-4
-5
-14
-18
-11
-1
8
3
-4
-19
-18
1
5
7
-4
-21
-24
-13
4
12
4
-12
-27
-25
-1
14
17
3
-13
-18
-13
6
16
17
5
-6
-12
-9
3
10
16
8
-10
-21
-16
1
18
16
6
-11
-25
-12
5
19
17
-3
-21
-27
-12
6
15
19
3
-18
-25
-7
14
24
15
-6
-22
-20
-8
9
24
13
-5
-28
-24
8
30
32
15
-10
-25
-3
15
29
26
4
-15
-15
6
21
30
19
5
-7
-5
7
16
19
15
12
1
1
9
20
28
27
20
7
8
17
31
35
28
18
6
5
20
38
39
31
14
3
16
28
32
38
25
6
8
19
33
32
23
9
7
19
29
29
21
12
7
18
23
16
8
0
2
12
11
7
-5
-4
1
9
9
2
0
-6
0
7
14
11
4
-1
2
3
-1
0
8
10
9
4
-4
7
6
15
16
10
8
5
14
20
26
22
12
11
16
17
26
29
22
8
9
17
27
36
19
15
6
13
29
28
28
11
4
13
16
28
28
14
9
10
11
14
13
20
19
6
-3
-14
-2
9
19
15
-10
-27
-25
1
21
13
-10
-34
-36
-9
16
21
-7
-30
-33
-21
6
6
1
-9
-30
-21
-24
-17
-7
-10
2
-12
-16
-25
-15
16
20
15
-14
-25
-24
-3
20
19
7
-16
-24
-23
2
17
19
9
-17
-17
-13
12
22
24
6
-20
-17
-18
13
19
12
-4
-18
-10
-3
11
3
7
7
2
7
-2
0
8
27
34
20
6
-14
0
28
40
36
12
-7
-8
10
27
39
25
11
-1
2
14
15
28
30
31
6
-8
0
8
38
40
21
-6
-25
-12
4
29
37
14
-23
-40
-31
-1
25
16
-11
-50
-59
-49
-6
18
-4
-29
-76
-67
-43
-19
1
-29
-51
-82
-77
-51
-33
-20
-46
-70
-81
-89
-60
-32
-27
-40
-80
-84
-70
-35
-10
-36
-56
-86
-69
-26
-6
-6
-37
-51
-39
-7
12
10
-6
-4
6
10
31
25
42
35
35
53
29
63
54
74
86
49
67
48
88
96
71
71
35
59
79
75
73
36
33
54
41
54
28
12
27
6
33
-5
-30
-25
-49
2
-32
-50
-72
-121
-72
-83
-53
-70
-139
-131
-168
-129
-101
-124
-101
-177
-187
-172
-179
-88
-120
-126
-175
-242
-164
-162
-76
-88
-151
-155
-219
-123
-83
-45
-20
-115
-102
-112
-54
27
28
60
5
-28
0
22
121
140
117
113
44
103
146
193
259
184
196
138
160
247
233
326
253
226
213
162
277
263
326
300
192
203
142
246
285
262
256
121
115
105
138
211
132
121
24
-38
-13
-55
30
-21
-83
-145
-274
-227
-233
-176
-199
-339
-371
-473
-417
-360
-391
-377
-510
-512
-513
-513
-426
-476
-433
-459
-509
-453
-485
-385
-332
-346
-286
-376
-302
-251
-214
-75
-165
-84
-95
-57
90
34
191
151
188
290
241
406
359
436
509
473
614
550
633
680
664
793
748
822
838
808
905
865
934
942
889
942
857
892
870
793
829
711
717
645
532
510
357
357
272
148
85
-125
-168
-255
-349
-361
-567
-640
-782
-875
-831
-977
-960
-1105
-1207
-1194
-1310
-1193
-1263
-1253
-1242
-1356
-1255
-1288
-1173
-1072
-1068
-979
-1027
-951
-826
-715
-534
-486
-450
-390
-335
-148
10
124
228
205
275
381
515
726
746
779
779
775
944
998
1113
1110
1007
1030
970
1069
1102
1041
1014
848
812
767
707
716
582
504
388
245
240
137
125
68
-60
-91
-226
-217
-201
-212
-147
-250
-262
-271
-248
-85
-58
13
-11
-37
92
152
322
370
351
417
381
515
580
589
665
580
642
592
525
570
481
569
478
344
247
42
104
64
30
-70
-378
-470
-585
-562
-505
-690
-810
-1052
-1162
-1112
-1152
-1045
-1192
-1355
-1453
-1584
-1401
-1363
-1291
-1350
-1531
-1512
-1530
-1336
-1198
-1130
-1115
-1192
-1140
-1009
-807
-597
-459
-415
-368
-340
-146
105
363
570
537
571
575
804
1099
1260
1387
1216
1216
1213
1367
1603
1547
1552
1281
1211
1208
1160
1258
1071
1014
783
578
514
369
449
335
212
27
-212
-232
-233
-141
-134
-242
-363
-413
-385
-211
-86
-36
26
-82
39
76
270
528
509
657
480
548
706
736
1026
866
854
769
609
861
765
842
715
419
484
272
371
337
106
124
-214
-225
-248
-424
-313
-641
-677
-740
-938
-766
-1040
-986
-1069
-1272
-1141
-1365
-1232
-1312
-1444
-1383
-1568
-1465
-1485
-1540
-1496
-1613
-1577
-1515
-1562
-1452
-1489
-1438
-1281
-1335
-1147
-1186
-1065
-798
-750
-469
-539
-438
-206
-53
377
408
497
561
605
1008
1175
1371
1381
1267
1402
1456
1628
1713
1598
1581
1457
1418
1405
1246
1251
1159
1087
955
649
533
485
537
555
328
101
-46
-78
137
152
142
22
-148
41
64
310
366
358
504
426
621
656
831
1047
1034
1065
964
1012
1179
1239
1261
1132
949
953
870
910
805
569
447
181
151
14
-134
-290
-603
-747
-947
-1056
-1148
-1337
-1479
-1775
-1958
-2042
-2007
-1926
-2184
-2374
-2689
-2561
-2373
-2333
-2269
-2696
-2545
-2639
-2324
-2100
-2244
-1989
-2224
-1722
-1645
-1517
-1433
-1362
-604
-293
-91
-566
-452
63
1050
1537
1247
1044
637
1554
2047
2800
2695
1927
1998
1780
2817
2881
2775
2555
1930
2257
1787
1923
1872
1754
1807
990
690
260
377
582
411
239
-437
-780
-986
-632
-300
-299
-632
-1069
-1029
-923
-427
-235
23
-62
-296
-243
-65
642
919
1117
888
747
875
1071
1617
1690
1762
1373
1164
1275
1293
1632
1385
1309
1013
611
667
412
703
512
150
-35
-586
-366
-580
-582
-611
-1149
-1101
-1521
-1429
-1441
-1755
-1637
-1951
-1858
-2003
-2371
-2258
-2364
-2124
-2136
-2552
-2545
-2780
-2494
-2289
-2415
-2314
-2690
-2552
-2304
-2116
-1745
-2012
-1994
-1696
-1377
-681
-844
-847
-636
-298
664
589
822
721
888
1646
1770
2410
2176
2169
2226
2420
3051
2937
2966
2596
2724
2776
2680
2529
2304
2490
2154
1974
1419
1388
1439
1284
1150
657
607
290
291
293
322
250
-113
-188
-58
192
87
-66
58
267
418
216
192
525
647
892
640
801
733
678
1033
906
1249
648
584
623
700
876
275
303
24
98
-50
-356
-427
-641
-718
-937
-1109
-1327
-1473
-1624
-1684
-1873
-2185
-2420
-2412
-2246
-2463
-2974
-3177
-2940
-2662
-2826
-3322
-3371
-3156
-3008
-2944
-2990
-2900
-2862
-2843
-2379
-2347
-2264
-2129
-1607
-538
-1089
-1296
-1266
-89
1458
995
937
286
1128
2303
2631
3440
2588
2575
2637
3018
4072
3738
3722
3286
3185
3356
2843
2914
2957
2970
2646
1590
1015
1138
1203
1285
650
-16
-418
-972
-751
-760
-624
-750
-1381
-1347
-1662
-1405
-808
-581
-132
-749
-872
-625
25
1086
1058
1249
751
868
1484
2158
2754
2547
2271
2014
2426
2631
2954
2691
2590
2201
1850
1865
1516
1824
1176
873
362
-52
-156
-629
-699
-1178
-1516
-1944
-2286
-2439
-2691
-3137
-3270
-3516
-3603
-3745
-4089
-4089
-4439
-4324
-4477
-4161
-3992
-4243
-4441
-4773
-4187
-3484
-2926
-3214
-3679
-3743
-3045
-2166
-1460
-1511
-1578
-1443
-1255
-146
143
1044
931
1234
1602
1656
2567
2476
3575
3790
3853
3650
3235
3907
4400
4872
4559
3961
3646
3433
3559
3708
3525
3181
2415
1795
1388
1461
1337
1142
535
-273
-639
-1051
-770
-952
-902
-1380
-1882
-1858
-1756
-1015
-1039
-1157
-1504
-854
-234
174
147
-300
755
937
2115
1684
1679
1978
1710
3466
2956
3774
2667
2367
3168
3058
3977
2568
2546
2056
2057
2102
1307
1133
587
313
-166
-673
-1151
-1539
-1825
-2242
-2572
-3150
-3712
-3944
-4304
-4028
-4825
-4978
-5422
-5407
-4972
-5869
-5628
-6058
-5433
-5195
-5427
-5347
-5476
-4991
-4493
-3915
-3581
-3661
-3853
-2869
-1829
-896
-931
-1553
-641
616
1735
2061
1538
2212
2865
3940
4634
4389
4948
4587
5272
5949
5960
6004
5344
5465
5724
5533
5138
4495
4263
4308
3518
3064
2289
1866
1863
1010
556
-92
-753
-1000
-1465
-1636
-1733
-2408
-2528
-3019
-2610
-2175
-2248
-1891
-2237
-2326
-1849
-851
-282
563
-616
72
492
1373
2899
1594
3310
1724
3021
3516
3212
4952
3061
4142
3099
3355
3667
2838
3301
2375
2119
1541
720
621
561
7
-386
-1629
-2277
-2447
-2729
-2598
-3362
-4134
-4770
-5438
-4835
-5358
-5316
-5417
-6213
-5888
-7168
-6220
-5923
-5447
-5267
-6496
-5741
-6242
-5122
-4196
-3712
-3248
-4150
-4155
-3146
-1719
-216
19
-902
-441
-223
1756
2779
2855
3946
3006
4036
4003
4878
6491
5826
6554
5746
5820
6083
5647
6685
6352
6048
5157
3894
4128
3887
4171
3758
2340
1527
590
356
416
18
-537
-1318
-2458
-2396
-2911
-2417
-2273
-3233
-3001
-3719
-1882
-1099
-2608
-3085
-2366
-194
1681
-641
-674
-410
492
3790
1728
4677
1594
1706
3858
3029
7243
3323
4586
3368
3430
4901
2656
4187
2977
3174
2064
273
141
953
985
220
-1770
-3033
-2907
-3111
-2495
-3543
-4452
-5342
-6403
-5660
-6176
-6053
-5849
-7069
-6942
-7972
-7373
-6827
-6553
-5873
-6833
-6926
-6849
-6353
-4682
-4261
-3863
-3786
-4763
-3370
-2252
268
-149
-1003
-156
264
2837
2504
3796
4200
3967
5028
4926
6994
6751
6722
7527
6976
8029
6807
7079
7480
7208
7419
5542
5263
4493
4979
4711
3535
2570
1549
1302
444
438
-432
-1003
-1976
-2776
-2674
-3008
-2863
-3311
-3242
-3403
-3883
-3446
-3158
-2230
-1934
-1892
-1862
-1446
-570
148
954
1193
1511
1438
2337
3005
3913
4059
3672
4024
3860
4508
4198
4323
4020
3458
3277
2486
2514
1898
1584
1054
247
-425
-1471
-1606
-2164
-2369
-3263
-4250
-4838
-5342
-5223
-5866
-5753
-6826
-7170
-7385
-7297
-6733
-7421
-7149
-7722
-7100
-6908
-7029
-6612
-6648
-5700
-4801
-4574
-4635
-4989
-4121
-1930
-789
339
-1670
-2027
-364
2015
5159
3268
2942
2324
3851
6587
6800
8302
6618
6375
6933
7394
8962
7959
8054
7831
7223
6655
5327
5811
5918
6043
4759
2752
1626
1355
2082
1563
938
-892
-2020
-2614
-2741
-2054
-2509
-2715
-3678
-3686
-3617
-3483
-2466
-2328
-1723
-2362
-2083
-1447
-895
682
757
1761
1203
1270
2286
2858
4359
4164
4273
4138
4011
4537
4690
4773
4658
3754
3275
2686
2194
2512
1948
1600
349
-1100
-1494
-1804
-1683
-2548
-3873
-4371
-5058
-5323
-5591
-6376
-6657
-6977
-7170
-7258
-8388
-8502
-8143
-7461
-6724
-7947
-8367
-8556
-7520
-5617
-5577
-5758
-6102
-5709
-4281
-3579
-1571
-207
-1575
-3005
-2155
2046
4563
3122
1820
2655
4205
5970
6318
7953
8070
6307
6979
7668
9898
9054
8131
8629
7955
7913
6239
5865
6652
6781
5928
3311
1535
2032
2581
2233
720
-842
-1601
-2678
-2886
-2432
-2554
-3068
-4472
-4556
-3779
-4134
-3709
-3552
-2955
-2315
-3131
-2342
-2013
-510
1056
315
1339
600
1610
2746
3251
5010
4090
4307
3936
4468
5511
5084
4826
4287
4037
3788
3113
2499
2576
2199
1811
325
-1172
-1598
-1666
-1433
-2655
-3757
-5164
-5756
-5376
-5708
-5913
-7279
-7544
-8000
-8106
-7790
-8236
-7893
-8248
-7987
-8141
-8233
-8023
-7331
-6423
-6170
-6346
-6120
-5139
-4348
-2416
-1126
-1111
-2996
-2818
931
3801
4084
1760
2026
3993
5589
7133
7570
8367
7236
6875
8655
9743
10351
9038
8996
9094
8322
7808
6785
7294
7399
6726
4660
2325
2170
2732
2859
1347
-455
-1647
-2506
-2704
-2805
-2731
-3576
-4806
-5225
-4636
-3623
-3665
-4013
-4788
-3795
-2659
-1927
-1862
-2431
-544
-76
1416
1210
1272
2423
2256
4504
4428
5060
4407
4162
5458
5416
5809
4552
4098
4076
4013
3514
2495
2023
1932
1282
-23
-1246
-1719
-2027
-2538
-3364
-4408
-5196
-6234
-6207
-6530
-6638
-7594
-8658
-8730
-8664
-8056
-8724
-9174
-9251
-8572
-8205
-8674
-8868
-8379
-7266
-6325
-6129
-5957
-4814
-2989
-1970
-4342
-3645
-682
2706
2943
-258
1692
2668
5843
6812
7090
8971
5761
7129
8882
11903
12402
9024
9752
9768
10672
10022
8605
9232
8951
8211
6097
4184
4064
5038
4356
2298
516
-1181
-1194
-2004
-1547
-2007
-4068
-5008
-6375
-5112
-5142
-4857
-3750
-4214
-5630
-7127
-4735
-2084
-179
-1499
-2945
-2391
-1315
1909
2632
4056
2783
1698
3225
4099
6904
6562
6338
5568
5023
5562
5103
5885
6113
5649
3912
1994
1374
2353
2601
1606
-232
-2548
-3027
-3221
-3114
-3509
-5131
-6234
-7688
-7792
-7764
-8458
-8488
-8525
-9485
-10525
-10547
-10728
-8926
-9705
-9440
-9954
-11472
-9164
-9806
-6180
-6577
-7794
-5242
-4874
-2865
-6547
-4423
841
2804
1423
-2459
721
3688
7205
7105
7757
7896
5236
8199
10118
14539
12431
9679
10798
9963
12567
10430
10483
10850
9756
9506
5616
5060
5771
6980
5566
2067
585
-906
-522
-977
-704
-1813
-4436
-5877
-6761
-4724
-4468
-4379
-4558
-5001
-6427
-7304
-4240
-2564
163
-2217
-3656
-3017
-2102
3064
2334
4376
2386
830
3386
3555
8113
7204
6591
5362
4082
5920
5780
6673
6654
5256
3454
2126
1498
3088
2800
1623
-268
-3009
-2747
-3486
-3190
-3195
-4743
-5581
-8289
-8529
-7742
-8347
-7443
-9026
-9667
-10875
-11649
-9940
-9822
-8797
-9962
-11583
-11222
-10492
-8787
-7123
-6936
-5329
-4965
-6705
-8539
-6071
1299
3316
-213
-4191
-1735
2577
6494
7466
7630
7470
4185
6781
10223
14541
13491
10634
11382
10815
11877
10974
11471
13110
12131
10043
6425
4890
7076
8639
7761
3713
883
-311
-632
-57
496
-546
-3625
-5936
-7262
-5378
-4644
-4291
-4424
-5456
-6717
-7942
-5909
-3588
-909
-1334
-3483
-4447
-3467
171
2230
3843
2846
1091
1174
2150
5843
7529
7290
5208
3860
4250
4831
6264
6533
6129
3918
2209
748
1667
2889
2388
1073
-2331
-3463
-3814
-3236
-2820
-4037
-5487
-7550
-8246
-8131
-8218
-7981
-8234
-9028
-10083
-10878
-11267
-10390
-9117
-9401
-10419
-11053
-10202
-8997
-7967
-5811
-3802
-4619
-8967
-9005
-2278
2733
1665
-3260
-2384
623
3831
5883
6425
8590
5562
5976
8373
12144
13527
10887
12067
11720
12202
11218
10418
12284
13063
12214
8660
5720
6289
8273
8265
5374
2844
1281
286
-364
31
28
-2365
-4177
-6152
-5690
-5190
-5049
-4641
-5215
-5605
-7519
-6499
-5067
-2853
-1663
-3126
-3450
-3939
-1153
717
2193
2668
1308
1771
1778
4308
6031
6677
5641
4590
4897
4693
5809
5840
6061
4565
3320
2231
1708
2551
2022
1580
-780
-2370
-3119
-3371
-2849
-3849
-4321
-6519
-7956
-8263
-8221
-7098
-8342
-8877
-10273
-10755
-10635
-9992
-8909
-9752
-10613
-11902
-10616
-9082
-7337
-6348
-5556
-4813
-8478
-9143
-4040
1259
2836
-2828
-4040
-1034
2270
6879
6006
8090
5613
4000
7569
10477
14605
12072
11164
11539
11224
11651
11201
12778
13900
12485
9547
6423
6091
8868
9971
7330
3836
1033
423
572
724
1617
-1339
-3565
-6052
-6294
-4423
-4942
-4106
-5005
-5518
-6460
-7427
-5911
-3419
-1727
-1221
-3387
-4503
-3155
-1061
3171
3431
2989
1143
-58
3147
5557
8167
7129
4565
4300
3656
5267
6389
6190
6182
3071
1812
1116
1041
2529
1523
474
-2365
-4531
-4628
-4116
-3157
-4063
-6694
-8804
-9256
-9122
-8327
-8824
-9229
-9933
-11851
-11860
-11398
-10284
-9767
-11252
-11314
-10884
-9704
-7966
-7422
-4720
-5326
-8828
-7748
-3236
1823
313
-3101
-1534
1029
4359
5266
6020
7731
6184
6633
9085
12171
13151
11328
11689
12396
12604
11893
11633
12735
13243
11717
8955
7000
7307
9005
7931
5243
2835
1543
848
-84
396
-339
-2730
-4681
-5964
-5344
-5465
-5724
-5304
-5393
-5307
-6537
-7028
-5894
-3431
-1395
-1498
-3443
-3817
-2048
748
3369
3332
3259
1609
1896
4539
7077
8452
6733
5585
5448
5572
6070
6674
6693
6190
3641
2147
1762
1822
2650
1204
-326
-2850
-4398
-4212
-4354
-3871
-5290
-7300
-8850
-10025
-9285
-9341
-9130
-9949
-11389
-12281
-12572
-11292
-10934
-10920
-11791
-11482
-10940
-9788
-9295
-7551
-4110
-5445
-8971
-9059
-2352
2293
256
-3005
-1553
2017
4315
5263
6913
8804
6335
6448
9417
13409
13593
11059
11966
13068
13470
12007
11325
13015
13767
12288
9206
6559
7483
9234
8394
5152
2646
1642
428
-117
101
-343
-2728
-5146
-6207
-5661
-5122
-5089
-5540
-6229
-6999
-6860
-4852
-4486
-4191
-3499
-3406
-1480
-2212
-1075
94
745
3996
2400
4239
2642
3835
7059
6418
8377
5041
6247
5558
5961
7300
5410
5362
3238
3054
2558
1747
694
-221
-1433
-1991
-3373
-4634
-5371
-6095
-5853
-7637
-9003
-9284
-10154
-10247
-10683
-11343
-10797
-12466
-11506
-12417
-12558
-11623
-12799
-9829
-10349
-9334
-8488
-6811
-4874
-9584
-8028
-3219
1548
904
-5025
-1959
1038
5572
6654
5730
8395
4816
7005
9696
14022
15155
10828
11989
12089
14062
13173
12654
14027
13801
12814
9171
7455
7971
10581
9860
5666
2671
943
1497
630
1001
186
-2690
-4815
-7024
-5336
-5365
-4873
-5494
-6790
-6602
-8259
-6046
-4829
-3967
-2637
-4057
-3643
-2830
-2174
1248
1150
3084
2901
1550
4024
3166
7730
7509
7218
6687
4927
7068
6168
7812
6996
5820
4259
2860
2434
2622
2407
936
-738
-3031
-3363
-3821
-4194
-5204
-6639
-7843
-9166
-9453
-9441
-10879
-10769
-11786
-11913
-12580
-12870
-11986
-13273
-12183
-12877
-12030
-10752
-10382
-9018
-6765
-5530
-8501
-10723
-5221
1394
1976
-3043
-4892
240
3887
7213
6105
7915
6626
5312
9049
12183
16359
12451
11595
12333
13262
13880
12051
13941
14731
13605
10681
6949
7329
10020
10774
7654
3183
1522
942
880
761
932
-1696
-4336
-6451
-5954
-4917
-6218
-5115
-5953
-5912
-7775
-8492
-5475
-3974
-1840
-2833
-4516
-3296
-2944
503
2379
2990
3828
1256
3061
3996
6938
8938
7319
7381
5893
6612
6883
7283
8166
7642
5245
3110
2110
2427
3404
1739
365
-2677
-3951
-4096
-4915
-4410
-6083
-7395
-9783
-11165
-10819
-11066
-10467
-11132
-12171
-14303
-15119
-13537
-12386
-11698
-13107
-13762
-13116
-11669
-8987
-6908
-5146
-8418
-11968
-7099
-332
2696
-1898
-4612
-159
2783
6089
5771
7446
8626
6340
8737
10981
14275
13650
12536
13925
13658
13135
11722
12872
14970
14981
11844
7946
6620
8555
10731
8265
4614
2166
989
713
-436
261
-962
-3308
-5342
-6756
-6048
-6634
-5639
-5378
-5615
-7318
-8521
-6512
-5100
-2025
-2347
-3140
-3232
-3364
134
1280
3951
3801
3260
3898
3080
6924
7999
9856
8362
6767
7406
6529
8636
8162
8493
6975
4232
3122
2142
2968
2862
940
-1448
-3951
-4398
-4842
-5854
-5854
-7350
-9379
-11364
-12208
-11676
-11622
-12086
-12809
-14546
-14796
-15317
-14284
-13654
-14020
-12700
-13267
-11478
-10996
-8145
-5692
-9816
-9500
-5999
104
1333
-4945
-2215
705
4988
7140
4894
9078
6118
7857
10793
13298
16228
11544
12876
14101
14855
14342
12636
13931
14718
13864
10969
8452
7655
9844
9758
6674
3699
955
1504
432
126
-345
-3463
-4779
-6873
-5885
-6057
-6561
-6441
-7505
-7099
-8484
-7496
-5762
-4788
-3374
-4099
-3880
-3306
-1713
1526
1602
2645
2786
3016
5192
5756
7819
8372
8129
8394
7999
9249
8892
7894
9087
8233
6899
5122
4655
4538
3121
2397
184
-1607
-2809
-3335
-4252
-5746
-7388
-8960
-9519
-10304
-11559
-12265
-13182
-13460
-14566
-15022
-14840
-15420
-14821
-15874
-16003
-14426
-12937
-11052
-8771
-8710
-10305
-14269
-7964
98
1150
-2112
-8744
-1421
2276
7547
7933
6170
8630
4140
9488
12878
16678
15192
12353
15055
14270
14481
13658
15181
16939
16137
12650
8068
8250
10480
12174
9824
4844
2418
365
1701
480
1214
-316
-5177
-6616
-7990
-5771
-6997
-6019
-6207
-8294
-9488
-10459
-7159
-4805
-3061
-4678
-6031
-4944
-3684
-609
1387
2907
2478
1755
2878
3948
7531
8867
9247
8343
7693
8095
7958
10353
10521
10196
7548
5472
5180
5344
6117
4479
2467
-379
-2167
-2757
-2627
-3511
-5313
-6992
-9462
-10281
-11657
-11415
-11506
-12923
-13406
-16413
-16183
-15995
-15398
-14509
-16489
-16280
-15428
-14259
-11435
-9520
-8312
-11335
-14948
-6831
-1445
604
-4730
-6999
563
2165
7284
5696
7798
8475
6116
11146
13586
16866
14111
13614
16284
16140
15396
13912
15424
17155
16588
13008
8990
9397
10902
11799
8598
4913
2901
1466
1705
-180
765
-1895
-5071
-6614
-6767
-6180
-8164
-6745
-7063
-7652
-9356
-9600
-7472
-5733
-3444
-4740
-5306
-4306
-3610
-543
1237
2746
2524
2134
3875
4461
7774
8814
8850
8389
8442
8976
8774
10232
9981
9811
7967
6620
5444
5385
5752
4019
2673
1
-1765
-2575
-2953
-3753
-5651
-7152
-9471
-11044
-11830
-11541
-12026
-13375
-13995
-17008
-16565
-16112
-16258
-15276
-17203
-16178
-16673
-15156
-11320
-10296
-8350
-13479
-14707
-7399
-1831
142
-6308
-5608
-587
2440
6487
5851
8218
7744
7300
10598
14430
16920
14149
14487
16572
17228
15247
14138
15933
17384
17615
12942
9495
9394
11180
11726
8445
5379
2394
1526
731
-50
-63
-2199
-5065
-7345
-6956
-7139
-7840
-7527
-7729
-7793
-9731
-9880
-8120
-5807
-3806
-4611
-5310
-4752
-3352
-946
1717
2636
3153
2373
3197
5552
7818
9994
8937
8827
8875
9124
10015
10153
10827
10590
8506
7098
5856
5623
6472
4889
3454
509
-1922
-2197
-3281
-2822
-4520
-7157
-9047
-11765
-11026
-11524
-12366
-12961
-15076
-15834
-16885
-16635
-16062
-16095
-16556
-16960
-17072
-15180
-12181
-9840
-8921
-14546
-15287
-7263
-1496
-155
-7264
-6172
-922
1550
7644
5579
8675
6887
5977
11843
14239
18075
13516
14625
17503
16646
15543
14260
16886
18563
17719
12632
9299
9693
11968
12301
8616
5370
1835
1226
1068
-128
617
-2777
-5664
-7793
-7360
-6959
-8484
-6615
-7921
-8899
-10639
-10012
-7154
-5740
-3491
-5594
-6210
-4785
-3714
133
1898
2676
1925
1554
4026
5445
8617
9932
9040
8330
8469
9201
10449
11185
10884
9838
7592
7130
5830
6643
6679
4793
3045
-157
-1666
-2116
-1819
-2910
-5012
-7298
-9842
-11100
-11484
-10539
-11819
-13812
-15237
-17542
-15652
-16389
-16098
-15972
-17938
-16558
-17899
-14419
-11233
-9522
-10067
-16675
-14311
-5817
-978
-2053
-8061
-5648
-774
2270
6693
6096
8400
6256
6301
11852
15619
17029
13743
15464
17476
16825
14840
15306
17801
19631
17299
11601
9624
10466
13186
12522
8618
4830
1922
1575
1126
479
807
-2869
-6311
-7680
-7594
-7433
-7881
-6782
-7718
-9388
-10646
-9869
-8093
-4891
-3772
-5193
-5968
-6163
-3485
-442
2679
2981
1638
2048
2387
5565
8980
10214
9603
7924
8359
8589
10259
11356
10996
10003
7969
6335
5334
6272
6601
5830
2895
-486
-2427
-2241
-1504
-2776
-4621
-7279
-10209
-11385
-11232
-10913
-11598
-13263
-15243
-16803
-16652
-16739
-16652
-16681
-15765
-16384
-17497
-15666
-12404
-7670
-11023
-16575
-12484
-5779
-623
-5564
-8312
-2613
-1097
4603
4072
6196
7843
4232
9742
12263
17150
14938
12068
16710
17875
17948
15389
15346
17975
19216
16348
12306
10291
12107
13834
10910
7997
4021
2848
2890
881
1494
-1207
-4035
-6299
-7138
-5686
-8358
-8348
-8425
-8240
-8894
-10654
-9302
-7875
-5103
-4857
-5830
-6365
-4783
-2642
-188
1955
1773
2142
1423
4239
6680
8910
9675
7879
9000
8975
10238
10627
10747
11360
9355
8271
7165
6484
7012
6204
5103
2366
-248
-1352
-1859
-1426
-2652
-5510
-7885
-10016
-10898
-9923
-11335
-11786
-14654
-15898
-16254
-17161
-14918
-17010
-16078
-17714
-18416
-17054
-15588
-10382
-9617
-10669
-16079
-15559
-6764
-1265
-1165
-7562
-6375
-2312
1455
6678
5910
8586
5827
6494
10698
13780
17460
13735
16368
17237
16339
14594
14402
18413
19842
18324
12061
9463
9980
12900
13057
9425
5963
1552
1382
782
436
923
-2616
-5107
-7848
-7849
-8238
-8803
-6180
-6608
-9175
-12153
-11051
-8088
-4558
-3582
-4885
-6201
-6239
-3847
-780
3281
3777
2093
1409
2973
5893
9135
10435
10289
9103
8582
9084
10024
12184
12331
10868
8522
6709
6152
6999
7214
6404
3019
-34
-2030
-2275
-707
-2453
-4550
-7656
-9974
-11081
-11677
-10690
-11606
-13738
-15842
-18007
-16970
-16139
-15690
-16661
-18721
-18203
-18170
-15406
-11967
-8863
-10473
-17398
-16226
-7336
-217
-1689
-8886
-6887
-2091
2150
5332
5245
8879
5656
5999
9957
14338
17318
13941
15984
17200
16420
14562
14708
18341
20699
17970
12301
9283
10167
13694
13182
9612
5352
2108
1676
509
756
1284
-2413
-5880
-8546
-7966
-7600
-8091
-7207
-8515
-9689
-11409
-10077
-8088
-6026
-4535
-5876
-5573
-5552
-3351
-846
1138
3413
2670
3087
3327
5133
8988
10460
10534
9416
9319
10253
10812
11697
12328
11097
9856
7691
6560
7260
7252
6654
3642
769
-1079
-1424
-1258
-2174
-4710
-7019
-9480
-10998
-10490
-11057
-12063
-14153
-15430
-16680
-17266
-17113
-16416
-16664
-17343
-18866
-19277
-15477
-12369
-8312
-11027
-17055
-16554
-8796
108
-1657
-7667
-7637
-3749
1929
5921
6346
7723
5293
6024
10278
14409
17038
14216
16010
18136
16585
14888
14893
18476
21446
18611
13466
9326
10464
14001
13557
11157
5920
2501
1480
1048
1452
1138
-1841
-5652
-8072
-8074
-8513
-9048
-7192
-7805
-9168
-11854
-12107
-9066
-6989
-4015
-4808
-6817
-6252
-6317
-1344
1980
3322
3505
119
2974
4247
8441
11313
9779
10406
8438
9662
10595
11516
13302
11977
10032
8049
6115
6968
8021
7631
5399
1056
-1557
-2243
-1325
-574
-2957
-6676
-9784
-11986
-10535
-10030
-11306
-13908
-15853
-16636
-17668
-17209
-16935
-16388
-17230
-17577
-19243
-17853
-15131
-11034
-8026
-11413
-16062
-15784
-5758
-349
-1474
-6504
-5269
-1589
2039
7145
7108
9413
6351
7677
11736
15177
17189
14583
17535
18328
16428
14830
15078
19030
20596
17749
12381
9106
10681
12478
12576
9465
5266
1799
820
163
145
223
-2983
-5475
-8184
-8417
-9972
-8450
-6285
-8028
-9551
-12198
-10227
-8572
-5605
-3825
-5550
-5034
-5969
-3856
-208
2247
3749
2685
3299
3734
5518
8930
10495
10838
10569
9626
9134
10622
11780
12963
11537
9356
7120
5922
7963
7058
5961
3505
18
-928
-1621
-1646
-3015
-5028
-6894
-9845
-11099
-10688
-11763
-12670
-13539
-15611
-16754
-17494
-17484
-16365
-16384
-17082
-18884
-19445
-15136
-12560
-9464
-9651
-16444
-16141
-9457
-1366
-406
-6973
-6614
-3769
681
6609
5730
8539
6933
5340
10450
12916
17416
14863
15495
18524
15760
14974
14461
17108
21130
18680
13303
9517
8858
12738
12507
11107
6682
1250
1331
-243
123
949
-1687
-4742
-8763
-8832
-8753
-9508
-6954
-8355
-9568
-11232
-11988
-9408
-7368
-5065
-4695
-6122
-5784
-4913
-2956
1426
2541
3919
3069
2316
4899
6592
10824
11379
10132
10403
8795
10536
11604
12194
13391
9997
8496
6824
6817
8401
6387
5011
1936
-440
-912
-1834
-2169
-3879
-6474
-8317
-9776
-11074
-11862
-12723
-12747
-13693
-16493
-17525
-17824
-16279
-16557
-17111
-17380
-18939
-17392
-16632
-11176
-9396
-10281
-13952
-17639
-7089
-2605
362
-5008
-8104
-815
-860
7326
6720
8017
9035
4715
10867
12721
17462
16556
14938
17916
16268
14844
14495
17388
20021
19112
12729
9201
8968
11166
13754
9544
6701
1357
-268
610
-1001
1559
-2152
-5270
-8539
-9899
-8024
-9211
-6715
-7595
-9588
-11795
-11970
-8630
-6198
-4213
-5160
-5993
-5871
-3770
-1860
1694
3717
3120
3310
2670
6032
7539
10590
11733
10122
10582
8681
10411
11733
12973
12714
9502
7899
7162
7219
8026
6097
3949
2138
-631
-972
-2205
-2172
-4136
-6989
-8305
-10306
-11238
-11610
-12554
-13122
-14550
-16751
-17023
-17352
-16013
-16875
-17824
-17001
-18532
-17167
-15350
-12626
-8596
-10299
-13620
-16868
-9001
93
-554
-4244
-7922
-2124
815
6673
8307
8147
8621
4897
10203
13720
18657
16296
15105
18015
15896
15515
14492
17940
20661
18759
13258
8066
9155
12432
13489
10714
5733
1404
-181
657
221
1546
-1372
-6150
-9078
-9575
-7272
-8557
-6371
-7619
-10199
-11523
-10670
-7813
-6241
-4374
-5567
-4943
-5226
-2991
-2276
1446
4645
3463
4615
2626
5727
7727
11136
12541
10314
10567
8839
10083
12219
13297
12133
9767
7679
7417
6882
7043
5821
3948
2868
-827
-2109
-2851
-3096
-4274
-6497
-8286
-11235
-12226
-11508
-12396
-13001
-15511
-17102
-16922
-17047
-15890
-17824
-17068
-17149
-17427
-16225
-14945
-11073
-9478
-10633
-15778
-13103
-5209
-417
-2165
-7339
-3672
-1650
3701
6664
7224
9639
5174
7777
10986
16440
17960
13963
16373
16408
16299
14916
15613
19040
19771
15979
10561
8849
10805
13618
11642
8343
3631
688
1296
52
1604
190
-3782
-7278
-9411
-7094
-7808
-7239
-7973
-9660
-8911
-10216
-9590
-8654
-6136
-3812
-4683
-4771
-5576
-4140
49
2563
4533
3966
2396
2911
5922
10579
11585
10288
9389
8976
10362
11321
11533
11605
11282
9422
7218
6714
6524
6482
5592
3665
824
-1335
-2141
-2666
-3238
-4311
-7620
-9898
-10695
-11240
-10883
-12962
-13854
-15189
-16086
-16188
-17407
-16206
-15637
-16768
-17034
-16920
-15365
-12621
-10654
-8483
-12693
-15617
-9547
-3506
448
-4555
-6889
-2141
-105
6171
6061
7762
8401
5132
10114
12158
16985
15819
14149
16896
15674
15287
14085
16401
19227
18129
13031
9312
8757
11546
12853
9759
6143
1535
1080
590
-213
1052
-1839
-5034
-8461
-8563
-7277
-8725
-7052
-8215
-8870
-10154
-11684
-8899
-6554
-4545
-5096
-6675
-5493
-4170
-2140
1012
1622
3637
2833
2354
4800
7071
10117
9618
9732
9831
9000
10032
10720
11021
12319
10051
7780
6609
6556
7410
5272
4885
2230
-208
-696
-2712
-2921
-3617
-5942
-7737
-10533
-10694
-11161
-12660
-11916
-15041
-15440
-16172
-17716
-15578
-16799
-15889
-16778
-18224
-15173
-14974
-10106
-8279
-13719
-15821
-12315
-3381
-161
-5046
-7138
-4474
-683
5366
5266
7360
7425
4323
9320
11091
16666
15520
13638
16971
15268
15900
13847
15191
19798
18820
14551
9631
8256
11928
13190
11419
7267
2229
1767
1142
261
1520
-711
-3925
-7383
-8750
-7045
-8302
-6955
-7885
-8944
-9538
-11089
-9561
-8242
-4966
-4729
-5459
-6200
-5122
-3020
-946
2425
2865
3609
2157
2567
6031
8904
11267
9693
8711
9144
9103
10845
11139
11843
11261
8366
7097
5976
7207
6858
5151
3462
839
-776
-2234
-2933
-3191
-4257
-6429
-9140
-11439
-11631
-11743
-11540
-11902
-14613
-17395
-17847
-16268
-14644
-15196
-16509
-17776
-17668
-15288
-12654
-8885
-8511
-13634
-17214
-9403
-1944
-165
-5577
-7246
-1827
-737
5912
4705
7804
8289
5022
9495
10954
16889
14786
14324
16997
15554
14650
13383
15577
19597
18791
13172
9045
8424
11793
12689
10411
6938
2215
1879
1035
-532
1618
-1093
-3584
-7322
-8286
-7251
-8404
-5374
-7864
-9085
-9452
-9596
-8383
-7606
-5099
-4523
-4383
-4391
-4321
-3324
354
2298
4072
4483
2675
3467
5544
10005
11216
10282
9457
8194
9887
10964
11512
11540
10751
8593
6913
6348
6364
6294
5022
3719
-67
-1359
-2381
-3126
-2783
-4784
-7226
-10008
-10754
-10651
-11671
-11954
-12793
-15003
-15405
-16854
-16197
-15106
-15228
-15453
-17484
-16452
-15082
-12206
-8847
-8726
-12441
-15623
-9496
-2402
193
-3763
-6729
-2357
-222
5869
6519
7584
8301
5061
10040
11424
16475
15663
14078
16979
15279
15004
13380
15908
19020
18067
13152
9087
8410
11098
12619
10047
6797
2063
1040
566
-165
1190
-1003
-4122
-7473
-8267
-7407
-8163
-6536
-6781
-7714
-10384
-11268
-8403
-6542
-3481
-4619
-6065
-5259
-4652
-1351
90
2933
3778
1765
3532
3864
6885
9020
9751
10352
8805
9172
8875
9590
11931
12028
9772
7434
5582
6659
6712
6116
4401
1368
350
-2144
-2470
-2567
-3967
-5546
-8082
-9752
-10934
-11234
-11369
-12193
-13195
-14375
-16378
-16200
-15686
-14708
-14270
-16396
-16294
-17958
-15056
-12206
-9913
-7492
-10470
-14195
-14397
-4142
1219
636
-5903
-5569
-1289
2576
9487
7028
9743
5721
6539
10790
13792
18673
13930
15489
15671
14367
14196
13736
17643
19017
15589
10268
6810
9197
12171
11763
8819
3935
-66
-66
197
882
1244
-2686
-6154
-9274
-7602
-7329
-6467
-5141
-7459
-8636
-11953
-9316
-6893
-4389
-1727
-5508
-5313
-5838
-2990
1581
2243
5622
2306
2222
3916
4814
10181
10282
11172
9333
7421
9109
9268
11485
12814
10521
8279
5437
4872
6732
6307
6309
2781
-574
-1902
-3873
-2036
-2945
-4525
-6547
-10409
-11305
-11955
-10270
-11177
-13004
-13689
-15934
-16180
-15978
-15037
-14371
-14537
-15466
-17478
-16952
-13830
-11345
-8851
-7716
-9655
-15332
-11569
-2680
1783
711
-6285
-3566
-1549
5346
8767
7055
9895
5342
8251
10502
14569
16889
13849
15683
14605
13975
13166
13684
16615
17753
13402
8836
7101
8019
11273
9996
7143
1817
-840
745
-1168
288
-700
-3942
-6442
-9036
-7344
-7770
-5965
-6072
-7746
-8700
-10199
-8212
-6741
-3448
-2557
-4101
-4685
-4095
-1343
1362
3891
4870
3564
3596
4281
6505
9556
11191
11378
8908
8361
8431
10200
11849
11891
10083
7020
5507
4786
6040
6242
4980
1766
-1185
-3062
-3406
-2952
-3692
-5515
-7740
-10266
-11974
-11264
-11390
-11560
-12897
-14072
-15216
-16656
-15673
-15341
-13736
-13526
-15935
-16795
-16888
-12439
-9641
-7978
-7314
-12268
-13502
-8042
-488
1974
-1994
-4703
-1930
917
7157
7878
7993
9136
6560
10505
11199
15232
15423
14277
16679
14438
13693
12557
13912
17174
16255
11973
8309
6683
9191
9875
8744
5375
787
140
-294
-1174
-495
-1569
-4409
-6819
-8146
-7343
-7924
-5693
-5727
-7226
-9102
-9381
-6703
-5497
-2002
-3592
-3778
-3781
-2792
624
1879
4956
3331
3941
4675
5390
7943
8790
10685
9967
9503
7953
8460
9903
11042
10440
8142
6436
4094
5131
4773
5056
3030
390
-2388
-4505
-2908
-3565
-4843
-7116
-9223
-10796
-11816
-11494
-11348
-12456
-13034
-15377
-15850
-15082
-14680
-14547
-15236
-14715
-15939
-15509
-14167
-11070
-9557
-7462
-9202
-14006
-9371
-3466
1279
-1241
-4806
-1496
-827
5476
7634
7214
9738
5802
9165
11140
14807
16201
12677
15810
14930
14692
13532
13174
16160
16980
13320
9338
7752
8902
10578
8923
7161
1893
391
828
-871
596
-794
-3390
-6670
-7750
-6502
-7854
-6269
-5215
-5611
-8174
-10979
-7970
-5475
-1703
-1316
-5382
-4947
-4296
344
2740
3909
5743
1191
3283
4646
7743
10867
9524
10689
7610
8220
9071
9094
12134
11407
8682
5672
3643
5365
6299
6488
4017
-618
-1993
-3892
-2936
-1687
-3809
-6571
-9605
-10748
-11130
-10813
-10223
-12193
-13181
-14160
-16732
-16395
-14393
-13142
-13470
-16174
-16705
-17047
-15166
-10158
-10220
-7728
-9107
-13231
-12654
-6603
1729
600
-3278
-4440
-2417
2003
7593
8157
9433
8242
6074
9003
11410
17325
15729
14826
14968
12494
13630
13184
15635
17794
15045
10519
6693
7501
10538
10376
9102
4157
18
-52
-503
123
786
-1493
-5285
-8361
-7476
-6487
-6362
-4875
-7298
-7824
-9149
-8509
-6161
-5102
-2293
-3905
-4135
-3146
-2280
-57
1882
4141
4919
3361
3770
4980
7685
10770
9878
9571
7824
7795
9631
9839
11194
9739
7303
6055
4670
5883
5152
3843
2881
-201
-1529
-3209
-3367
-2851
-5013
-6354
-9399
-10835
-9970
-10647
-10453
-12610
-13230
-14220
-15054
-14201
-14483
-14180
-14996
-15597
-15555
-15040
-13362
-11143
-10589
-7771
-8919
-12126
-11143
-4433
1628
-510
-4014
-4034
-573
3920
8687
7591
8617
6336
7210
10479
13434
17750
13218
14337
13579
13920
14116
13662
15957
15747
13414
9294
7437
8611
10877
9421
7153
2023
64
816
353
504
-426
-3015
-6379
-8083
-6903
-6639
-5997
-4506
-6706
-9023
-10993
-7720
-4409
-2172
-2060
-6137
-5993
-3452
152
2629
3372
3574
1249
2053
5467
7551
9664
8906
8632
7728
7903
8982
9234
11090
10719
7995
5195
4442
5424
6753
5707
2874
-228
-1893
-1907
-2268
-1615
-3787
-7387
-8400
-10008
-9280
-9885
-10460
-11834
-14122
-12934
-14221
-14684
-14026
-14362
-14900
-14657
-16315
-15115
-14530
-11919
-9373
-11362
-7212
-10246
-12147
-6948
-2553
2030
-2171
-5166
-1075
162
7955
8168
6473
9240
4835
9955
11257
15428
17104
12140
14357
13365
14341
15247
13771
15620
15355
11157
9637
7503
10178
10848
8132
6147
242
1252
1587
360
1290
-1768
-3972
-7101
-7383
-5087
-6790
-5306
-6628
-8219
-7658
-9350
-6716
-4563
-3499
-2638
-5765
-4337
-1992
-893
3337
1968
3855
2446
2195
6479
6506
10167
8416
8313
8312
7366
9508
9735
9996
9915
7571
5293
5339
5176
6594
3917
2262
176
-2316
-1434
-2888
-2609
-4286
-7118
-8258
-10004
-9731
-9309
-11122
-11639
-13758
-13695
-13440
-15021
-13692
-14737
-14454
-14273
-15475
-15392
-14310
-11937
-9875
-9874
-7451
-7574
-12792
-8363
-2313
2328
480
-5229
-1727
-168
6619
9205
6761
9308
5834
7857
10866
14384
17515
12894
13260
13350
13188
14492
13335
14879
15524
11786
8847
7127
8278
10755
8595
6291
1397
-48
1449
-591
894
-381
-3683
-6527
-8073
-6036
-6310
-5496
-4541
-7081
-8895
-9889
-7289
-3861
-1323
-2234
-5892
-5611
-2887
1068
2187
4557
3009
1315
2452
4650
8878
8863
9738
7414
7030
7718
8652
10029
10287
9838
6619
4851
4258
6070
5966
5072
1683
-681
-1876
-2616
-1478
-2451
-3943
-7338
-8672
-9708
-9639
-8692
-9975
-12048
-13807
-13919
-13899
-13380
-13187
-13825
-15156
-14825
-14784
-14554
-12815
-12565
-10845
-10538
-8064
-6108
-9145
-9877
-5710
331
2507
-1819
-3567
29
2612
8993
7887
8468
7823
5707
10699
11432
17434
14766
11835
13114
12790
14784
13351
13531
14484
12969
10731
8267
6809
9584
8831
7442
3954
724
1237
162
145
2
-1677
-3779
-6931
-6675
-5458
-6159
-4171
-6105
-6459
-7855
-8476
-4831
-3024
-1154
-2522
-5017
-3313
-1188
1494
4209
2536
4106
1895
3451
6895
6923
10191
7262
7988
7434
6715
9673
8135
9195
8285
5379
4914
3218
4487
4678
2140
1565
-2438
-2929
-2415
-4228
-2927
-6247
-7587
-9164
-10731
-8777
-10772
-10473
-12261
-14117
-12888
-13683
-13785
-13664
-14034
-13515
-14058
-14407
-13029
-13425
-10660
-9360
-9042
-6220
-6857
-8501
-8777
-2439
2430
1388
-2156
-2336
1081
4645
9561
7669
8679
6997
6700
10509
12740
17488
12979
11922
12270
12349
14110
12554
13472
13638
11759
8982
6733
7266
9224
8101
6657
2549
-16
652
-289
466
299
-1941
-5215
-7705
-5527
-4642
-4774
-3868
-6592
-7141
-7402
-5487
-3600
-2084
-1041
-3557
-3795
-2225
1423
1972
4005
3130
2462
3641
3867
7659
7210
9108
7099
6151
7299
6912
9090
7813
7333
5861
4507
3510
3377
3577
3093
619
-1097
-2252
-3529
-3030
-4195
-4858
-6854
-8177
-9178
-10215
-9632
-9682
-11749
-12088
-12746
-12447
-12250
-13612
-12624
-13436
-12909
-12094
-12717
-12345
-12084
-11480
-7460
-7700
-4831
-5000
-9004
-7036
-4005
3858
2486
-1424
-1740
-109
4534
9031
8454
8396
7019
5974
10050
11051
16760
13054
11312
12449
10802
12882
11120
12891
14254
11655
8977
5581
5613
9419
8728
8035
2642
-655
462
-290
1783
1233
-1182
-4427
-7282
-5161
-3984
-4134
-2604
-5775
-5569
-5747
-6343
-3931
-1631
645
-1606
-3669
-2697
-529
2571
5145
3259
3292
2108
2865
6253
7326
9114
6272
5777
5862
5507
7775
6651
6390
6067
3755
2019
1164
2922
2507
675
-503
-3718
-5042
-3552
-3977
-4487
-6017
-8048
-9798
-10641
-8472
-9848
-10009
-10267
-11881
-12539
-12656
-11881
-11591
-10855
-11225
-11783
-12876
-11872
-11155
-9299
-6710
-6910
-6696
-5620
-5520
-7231
-4044
896
2737
308
-3046
-441
2030
7642
8709
6866
7864
3942
7412
10011
14551
15606
10057
10694
9022
12007
13145
12266
13454
11476
8982
6517
6399
9343
9910
7830
4773
92
1025
2141
1830
2219
-22
-2114
-5763
-5533
-2913
-2831
-838
-3354
-6968
-7166
-5556
-1842
-306
-349
-2599
-5135
-3261
688
2776
4892
1837
-115
1525
3248
7178
5697
6774
5093
3611
5601
4351
7168
6967
5368
3448
2029
3084
2511
2448
2732
-253
-1917
-2576
-4376
-2181
-2769
-4042
-6773
-8813
-7942
-9069
-7167
-7603
-9837
-10558
-11574
-11086
-10702
-9722
-9439
-11249
-11132
-12043
-11722
-9591
-8414
-8545
-10224
-9800
-8512
-5723
-2991
-1874
-6004
-7787
-3576
530
3884
58
-644
-244
1833
7549
6013
8099
6166
5946
8877
8674
13452
11070
10895
11831
10854
11568
9787
11153
12802
11602
9702
7207
5724
8117
8032
7991
5114
1882
2397
418
1554
2030
643
-1061
-4245
-3219
-2775
-3181
-1440
-2883
-3973
-5232
-4738
-2531
-1566
8
-1074
-3053
-1696
-9
1221
3432
2559
2030
1212
2379
4864
4225
5864
4524
3440
4165
3170
4894
4431
4461
3876
1478
1977
527
1112
1481
-522
-1079
-2938
-3688
-3830
-4226
-3866
-5497
-6663
-7419
-8660
-7911
-7827
-7992
-7719
-9317
-10176
-10386
-9779
-8217
-8492
-9030
-10250
-10592
-9287
-8513
-8023
-7890
-8079
-6898
-6868
-5146
-2434
-3651
-6135
-5044
-82
1826
381
-2106
108
1227
6012
6827
4741
6770
4649
8155
8294
13094
12267
8444
10800
10335
12586
11566
11011
10788
11034
10154
8039
6809
8776
8475
7132
5306
2238
3399
2817
2017
1845
1045
-589
-3248
-2840
-1084
-2304
-1412
-3497
-5217
-4131
-3362
-1676
-1642
-2101
-2834
-3294
-1064
1489
-47
1215
-827
493
2031
1923
3945
913
3102
2241
2422
3984
2490
3375
2526
1949
2087
1520
2081
767
-65
167
-1906
-1068
-2304
-3363
-3074
-4061
-4186
-6128
-6118
-5866
-6836
-5840
-7332
-7754
-7689
-8818
-7491
-8087
-7603
-8013
-9752
-8948
-8674
-8277
-6868
-8999
-8797
-8732
-8294
-4525
-6519
-3080
-4301
-7427
-5555
-4492
2201
1159
-2299
-1667
-1679
3420
6108
5103
7209
4742
6035
7264
8920
14347
10746
11029
10671
10412
12349
10288
12291
12823
11325
10096
6586
7645
9454
8871
8776
4282
3146
3135
2279
3495
2241
1690
-1233
-3780
-2201
-1989
-1184
-1742
-3892
-4337
-5155
-3347
-2165
-2143
-1468
-3628
-3836
-1887
-823
363
-963
-155
345
-601
1356
329
1988
2777
2098
2201
572
2574
2643
2700
3012
731
936
528
331
1070
-271
-655
-2176
-2671
-2340
-3767
-3028
-3658
-4593
-4633
-6462
-6455
-6075
-5421
-5289
-7689
-8080
-8614
-7600
-5988
-7552
-8574
-9266
-9013
-7514
-8331
-8309
-8043
-8111
-6336
-7671
-6146
-3476
-5239
-6788
-5575
-1954
765
-1854
-1507
-366
248
5732
3981
6709
6721
5588
7855
7722
14437
12062
10310
11100
10782
13585
12190
11576
12315
11848
11299
9338
7964
9503
8812
8819
5984
3544
4275
2626
2866
2072
1457
-785
-3590
-2831
-3259
-2885
-2123
-2463
-3775
-7487
-6392
-3752
-2545
549
-4303
-6113
-5692
-3436
1310
-832
2171
-2981
-3932
-280
707
5253
1983
2451
217
622
3614
2657
3946
4139
2567
951
-7
816
3026
2260
1700
-1897
-2271
-2277
-2283
191
-1336
-2789
-5660
-5715
-4897
-4852
-3604
-5110
-7283
-8070
-8725
-7501
-6550
-5968
-8587
-10589
-9186
-9570
-8607
-8821
-8145
-9417
-9014
-8413
-8821
-5658
-3864
-6036
-8678
-4740
-2721
-159
-1579
-576
658
610
5666
3498
8379
7655
6870
8642
9048
14843
11435
11941
12465
12467
13874
11737
12241
12752
12546
12452
9778
8257
8957
8578
8913
5747
4038
3720
1899
2078
1204
197
-1397
-3588
-3074
-4184
-4041
-3616
-5785
-5216
-6285
-5474
-5035
-5332
-4247
-5544
-4830
-3656
-3238
-2657
-2879
-2202
-304
-545
289
295
366
2382
2063
3562
2616
2834
3562
2172
4627
3893
3251
2563
2200
3126
1744
1912
937
177
948
-333
-1572
-1521
-2082
-1795
-3187
-4310
-4747
-5298
-4438
-5928
-6742
-6824
-7964
-8189
-8029
-8250
-8799
-10242
-9501
-9614
-9723
-9859
-10779
-9157
-9055
-8179
-8007
-5817
-5230
-8021
-6400
-3355
217
-198
-1587
-182
496
5073
6622
6736
8759
7009
8257
9264
13238
15116
12287
12672
11839
13127
14088
13235
13228
13210
12103
10042
8209
9325
9930
8538
6765
3664
3021
2125
1593
1436
485
-1226
-3996
-4606
-4371
-4274
-3973
-5651
-7059
-7484
-7325
-5976
-5953
-4830
-6016
-6885
-5561
-4061
-2810
-3289
-2564
-1841
-788
-580
446
116
1951
3136
2546
2961
2059
4615
3984
4636
4869
3587
3897
3162
3808
3902
3132
2440
1484
944
1467
240
13
-1592
-1982
-2490
-3911
-3582
-4897
-4884
-6027
-6886
-6701
-7824
-8404
-9065
-9789
-8447
-9955
-10416
-10932
-11644
-10239
-11052
-9475
-10024
-10429
-9426
-7747
-5098
-4192
-6750
-6857
-3160
-610
2187
-693
956
2254
3844
8257
6223
10047
9035
8454
10723
11271
15950
13203
12721
13399
12684
14527
13004
12831
13118
11529
10743
9115
8576
9115
7053
6312
4026
3008
2878
-90
-83
-564
-1429
-3344
-5905
-5148
-5367
-5361
-6005
-8418
-8011
-7393
-6751
-6613
-7512
-6528
-6170
-5490
-3910
-4372
-3433
-3323
-1944
399
-716
228
422
2181
3658
2933
4044
3572
4357
5686
4978
5166
4776
5450
5807
3915
4222
3506
3439
3280
1963
1719
227
-553
-811
-1877
-2101
-3329
-4645
-4842
-6332
-6064
-7165
-7659
-7661
-9075
-9517
-11300
-10074
-9087
-9910
-11188
-12232
-11146
-10192
-9808
-9698
-9377
-8677
-7776
-7419
-5189
-2971
-2590
-4215
-3376
-111
2175
3698
2425
3806
4336
7517
8868
9132
11648
9537
10539
10764
14334
15156
12801
12982
11922
13395
13012
11736
11380
11453
10669
8616
6544
6779
6462
5685
4237
1507
624
-979
-1642
-1718
-2374
-3989
-6242
-6730
-6372
-7087
-7089
-7963
-8477
-6989
-7108
-7386
-8114
-6355
-4522
-5086
-3506
-3833
-3451
-2161
-1002
1342
735
1741
1946
2265
4434
4541
5797
5774
5539
6008
5801
6723
6774
6545
6149
4107
4183
4792
3967
3073
1512
1040
-171
-1514
-1392
-2181
-2624
-4188
-6198
-6262
-7164
-7065
-7491
-8551
-9105
-10630
-10453
-10488
-9807
-9175
-10513
-11614
-11169
-10359
-9286
-9102
-8797
-7837
-8056
-6198
-6006
-3457
-1638
-2660
-3164
-1940
2190
3535
3664
3201
4545
5069
7801
8983
10824
11251
8560
10150
11028
14685
13234
12287
12157
10968
11964
11240
10835
10380
10122
8936
6534
4531
5437
4619
4299
1925
-94
-1039
-3322
-2959
-2939
-3207
-5785
-7814
-7378
-7298
-7703
-7259
-7720
-7987
-8105
-7990
-6871
-6428
-5012
-4238
-4314
-3542
-3060
-1395
-111
87
1580
2220
3199
3256
3932
5685
6007
6458
7009
6753
6472
6240
7200
7995
6480
5688
4333
4399
3611
2620
2720
1169
289
-1139
-2052
-2913
-3826
-3663
-4512
-6252
-7439
-8174
-7635
-7704
-9014
-9066
-9801
-10203
-10130
-10014
-8606
-10090
-9988
-8890
-9274
-8344
-8644
-6997
-5858
-6323
-5044
-4347
-2735
-428
-1657
-595
-163
927
4725
3857
5290
4369
5549
9079
8098
10553
9868
9314
10434
10246
13660
12309
10410
10964
10226
11722
9943
8738
9110
7346
7351
5556
4121
4665
2849
2406
5
-1688
-1123
-3334
-3017
-4417
-5458
-5621
-7746
-7488
-7697
-6894
-6595
-8739
-7780
-7351
-6806
-4909
-5429
-4022
-4958
-3626
-1651
-1035
1301
-340
919
1687
3726
5186
4752
5141
4758
6583
7234
7493
6724
7210
6591
6388
6237
5405
5222
4375
4204
2302
1549
327
-277
-501
-869
-2680
-4100
-4549
-5288
-5360
-6314
-6387
-7770
-7933
-8634
-8912
-8508
-8699
-8906
-9132
-8931
-9225
-8588
-8230
-7524
-8129
-7377
-6721
-6542
-5250
-4733
-4124
-3720
-2640
-991
87
-154
-207
357
3468
4693
4280
4564
4446
6096
6960
8652
9418
8893
8165
8003
9537
10460
10417
9661
9281
8328
7774
7846
7861
7123
5934
5094
3710
2646
2264
2076
885
-759
-2020
-2624
-3170
-4308
-4829
-4505
-5059
-6744
-7556
-6713
-5566
-5530
-5771
-5917
-6141
-4965
-3939
-2791
-2028
-2659
-1153
-722
952
1841
1534
3598
3184
4426
4532
5005
6478
6139
7070
6228
5595
5904
6230
6756
6295
4312
3415
3352
3409
2886
1383
1179
-175
-993
-1894
-2192
-2555
-3727
-4000
-5235
-5498
-6343
-6583
-6524
-6668
-7003
-7746
-7974
-7729
-7355
-7243
-6921
-7447
-6799
-6485
-6531
-6541
-5802
-4537
-3916
-4565
-4553
-4105
-2366
-1046
-1479
-60
-788
883
-19
954
2910
3450
4643
2449
3475
3966
5820
5701
6690
7186
6246
5393
5385
8137
7951
7935
5968
5834
5755
5362
5435
5273
4922
3246
2019
1337
1278
843
1089
-302
-1728
-3010
-3264
-2762
-2956
-3036
-3946
-4960
-5171
-4689
-3963
-3269
-3590
-3784
-3486
-3127
-2647
-1734
-74
597
-36
297
452
1877
3189
3444
4345
3588
3814
3973
4746
6092
5109
5047
4658
4775
4913
3892
4454
3574
3216
2605
1685
1995
873
401
-280
-801
-1447
-2513
-2156
-2512
-3677
-4147
-4704
-4455
-4802
-5513
-5308
-5472
-5207
-5397
-5840
-5733
-5843
-5386
-4575
-4811
-4676
-4752
-4703
-4305
-4041
-3327
-3494
-3622
-2770
-2480
-2053
-1836
-1773
-699
-1137
-391
-147
357
1200
753
1918
1722
1670
2649
3340
3478
3960
4246
5153
4546
3916
5345
5513
6146
4944
4545
5038
4444
4621
4129
3746
2938
2117
2480
1713
1255
1196
37
-514
-1458
-1176
-836
-1862
-2119
-2400
-2177
-2506
-3334
-2464
-1594
-1733
-2299
-2237
-1584
-1063
-534
-100
-69
230
606
632
1671
2271
2898
2522
2066
2668
2993
4070
3884
3597
3734
3127
2905
3156
3291
3136
2363
2306
1912
1025
885
423
384
-51
-556
-945
-1610
-1895
-2276
-2263
-2403
-3248
-3381
-3523
-3665
-4011
-3780
-3470
-4211
-4576
-4473
-3965
-3682
-3759
-4050
-3707
-4096
-4307
-4488
-3712
-3122
-3518
-3767
-4141
-3497
-3647
-2835
-2667
-1736
-2057
-2533
-2530
-1566
373
-204
368
-639
205
681
1767
2975
2751
3324
2605
3112
3241
4744
5420
5020
4704
4176
4598
4679
4346
4667
4764
4020
2892
2496
3275
2802
2182
1699
1560
610
-150
94
446
246
-789
-1329
-1414
-1059
-1478
-1402
-1129
-1273
-1785
-1568
-1083
-597
-646
-1002
-207
112
914
155
565
1556
1378
1887
1726
2571
2640
2387
2659
2743
3054
3093
2684
2771
2688
2449
2597
2004
1739
1227
1307
1025
288
392
272
-297
-1289
-1278
-955
-1235
-1919
-2263
-2371
-2419
-2857
-3134
-2940
-3127
-3378
-3763
-3777
-3877
-3712
-3847
-3958
-4054
-4587
-4411
-4561
-4628
-4546
-4843
-4332
-4391
-4929
-4862
-4491
-3548
-3484
-3732
-3747
-2666
-2548
-2319
-1496
-1308
-602
-1233
313
624
1352
2080
1572
2721
2169
3629
4233
4339
4224
3783
4909
4929
4764
4734
5130
5071
4294
3836
4042
4138
4084
3396
2767
2621
2234
1861
1462
1271
1084
533
73
-215
-392
0
-390
-1235
-1355
-1022
-531
-202
-812
-1290
-1145
-199
-189
-94
690
264
786
567
1120
1597
1711
1846
1565
2055
2299
2584
2519
2361
1705
2099
2453
2391
1808
1759
2137
1499
933
553
985
1149
791
-164
-203
-70
-442
-934
-1104
-832
-1339
-1800
-2251
-2536
-2129
-2014
-2658
-3257
-3637
-3925
-3806
-3570
-3921
-4086
-4385
-5216
-5559
-5380
-4927
-4461
-4934
-5456
-5883
-5013
-4740
-4516
-4087
-4235
-3437
-4262
-3100
-2901
-1876
-1398
-1555
-833
-1244
283
428
1635
1799
2189
2451
3136
3167
3272
4683
4702
4996
3957
4832
4892
5251
5273
4809
4998
4447
4221
4218
4313
4102
3749
2676
2475
1992
2336
1983
1213
887
266
270
-169
0
16
-639
-958
-804
-954
-884
-497
-432
-251
-1013
-898
-183
66
654
-18
923
560
550
1117
1092
2239
1582
1994
1603
1675
2212
2525
2328
1920
2136
2028
2012
1881
2104
1527
1750
941
924
1379
1058
969
216
-263
-597
-345
-423
-992
-1433
-1422
-2404
-3023
-2980
-2787
-2938
-3926
-3990
-4594
-4771
-4969
-5295
-4772
-5455
-5727
-6157
-6193
-5851
-6169
-4981
-5593
-5951
-5819
-5803
-4337
-4453
-3633
-3922
-4204
-2905
-3056
-1613
-1041
-988
-397
-831
532
1669
2387
2816
2229
3168
3858
4083
5334
5292
5361
5383
5358
6224
5660
6153
6385
5874
5815
5023
5230
5219
4731
4609
4057
3572
2630
2239
2466
1917
1686
815
213
-210
-426
-160
-656
-980
-1307
-1597
-1487
-1524
-1608
-1421
-1781
-1249
-1505
-1317
-918
-1020
-15
-844
-227
296
396
741
539
1575
1695
1562
1629
1918
2543
2580
2393
2636
2659
2752
2752
2645
2459
2351
2407
2087
1709
1448
1491
888
304
-51
-394
-592
-1127
-1930
-2284
-2816
-3155
-3553
-4262
-4536
-5176
-5009
-5741
-6151
-6171
-6744
-6950
-7153
-6777
-6907
-7078
-7578
-7597
-6990
-6385
-6172
-6145
-6209
-6010
-4941
-4182
-3686
-3625
-3049
-2392
-1738
-842
-2
620
815
1458
2365
3252
3999
4399
4570
5290
5825
6093
6752
6841
6925
7275
7294
7108
7068
7384
6916
6687
6659
5926
5502
5102
4732
4352
3825
3033
2234
1665
1228
831
548
-462
-1309
-1560
-1702
-2046
-2727
-2667
-3000
-3187
-3382
-3436
-3408
-3062
-2715
-2837
-2769
-2446
-1739
-1692
-876
-740
-296
374
328
1173
1721
2517
2611
2746
3303
3226
4051
4526
4248
4286
4096
4447
4246
4158
3947
3425
3400
2677
2392
2063
1560
780
237
-308
-1052
-1771
-2294
-2862
-3734
-3787
-4893
-5409
-6018
-6295
-6270
-7053
-7078
-8009
-7863
-7888
-7856
-7844
-7951
-8121
-8241
-7504
-7163
-6284
-6732
-6207
-6327
-5414
-3730
-3656
-2965
-3205
-2454
-1281
-458
575
1209
1328
2343
2100
3603
4535
5010
6242
5214
6295
6034
7350
8071
7764
8080
7371
7633
7598
7716
7634
7455
6730
6221
5176
5281
4925
4375
3837
2391
1915
1008
762
51
-579
-1031
-2079
-2866
-3339
-3611
-3368
-3706
-4131
-4597
-5092
-4430
-4273
-3444
-3295
-3608
-3561
-3328
-1920
-1057
-371
-384
-525
251
1551
2616
2971
3208
3307
3998
4490
5101
5424
5605
5563
5183
5393
5296
5456
4895
4588
4039
3558
3116
2221
1943
1192
945
-147
-1193
-1970
-2678
-2443
-3365
-4416
-5433
-6022
-5884
-6493
-6345
-7230
-7685
-7794
-8179
-7498
-7776
-7203
-7976
-7669
-7343
-7095
-6244
-6334
-5651
-5860
-4787
-4502
-3709
-3188
-2580
-2076
-1340
-381
-332
801
684
2249
2375
3309
3501
3455
4896
4594
5846
5648
6004
6036
6100
6845
6783
6706
6497
6106
6239
6265
5540
5440
4644
4536
3819
3391
2977
2231
1928
1081
531
-16
-273
-924
-1380
-1782
-2331
-2679
-2887
-3325
-3319
-3339
-3131
-3546
-3912
-3188
-2819
-1862
-1851
-2362
-1792
-1188
-340
948
475
1418
610
1513
3036
2508
4896
2912
3992
3659
4022
6000
4505
5771
4042
4518
4796
4080
4612
3922
3501
2943
1867
1792
1460
913
957
-875
-882
-2035
-2372
-2271
-3237
-3095
-4589
-4902
-5355
-5789
-5072
-5740
-6138
-6483
-7068
-6347
-6667
-5929
-5659
-6103
-5574
-6315
-5392
-4539
-4255
-3407
-4039
-3722
-3441
-2913
-1091
-1539
-685
-997
-839
492
367
1945
1749
2242
2192
2150
3075
3347
3810
4010
3775
3538
3811
3742
4510
4058
4180
3720
3425
3568
2966
3393
3081
2976
2127
1829
1632
1601
1420
1002
696
90
-103
-472
-341
-533
-675
-1053
-1317
-1760
-1560
-1253
-1425
-1477
-1823
-1580
-1701
-1374
-891
-670
-407
-665
-804
9
886
1570
1205
740
1090
1691
2646
2606
2590
2409
2307
2568
3136
3423
3468
2997
2672
2881
2881
3413
2553
2449
2063
1741
1747
959
1056
333
230
-317
-1097
-1211
-1657
-1828
-2302
-2736
-3095
-3317
-3533
-3929
-4060
-4049
-4108
-4583
-4715
-4669
-4440
-4188
-4330
-4157
-4269
-3989
-3647
-3097
-2721
-2684
-2577
-2317
-1803
-1313
-768
-860
-752
-711
-68
268
798
835
645
969
1005
1834
1810
2142
1487
1513
1781
1989
2334
1929
2113
1420
1659
1472
1870
1862
1474
1316
808
1378
1219
1225
988
594
752
659
555
443
296
508
104
135
31
-137
219
-183
-226
-249
-53
-71
-421
-136
-15
-159
-141
-495
-18
-27
95
244
-53
316
72
831
1119
1027
1042
893
879
1604
1908
2152
1624
985
1739
1564
2988
2226
1918
1807
1192
2279
1761
2543
1983
1224
1239
558
1044
1092
608
531
-580
-820
-1046
-1279
-693
-1679
-1659
-2497
-3008
-2698
-2919
-2506
-3049
-3220
-3382
-3705
-3236
-3082
-3002
-2883
-3268
-3015
-2972
-2588
-2182
-2116
-1482
-1854
-1626
-1414
-1188
-635
-748
-210
-495
-428
-171
-267
743
530
776
400
55
728
616
1747
1093
827
680
509
1226
722
1133
631
637
551
311
690
680
560
359
339
124
426
426
850
497
363
359
182
1043
870
967
586
340
830
902
1253
983
790
955
911
1240
1169
1128
1249
1273
1242
1137
1141
1267
1403
1380
1451
1084
1273
1238
1399
1429
1258
1401
993
1189
986
1123
1078
1011
1008
612
404
465
701
713
499
-143
-124
-372
-31
74
-350
-664
-1359
-1063
-974
-978
-994
-1554
-1630
-1727
-1880
-1606
-1875
-1719
-1751
-1930
-1620
-1968
-1488
-1364
-1647
-1348
-1617
-1270
-1285
-1098
-768
-1034
-828
-913
-1014
-714
-642
-560
34
-800
-210
-774
-249
235
-434
679
-1296
375
-495
206
781
-641
708
-1018
600
-287
-34
333
-469
161
-561
-86
11
-157
-154
107
-291
152
-309
273
294
95
628
66
625
442
591
865
685
960
965
666
1091
775
1472
1408
1085
1209
627
1549
1272
1609
1406
1237
1349
1079
1484
1497
1600
1325
1340
1155
1449
1418
1441
1414
1087
1345
1041
1311
1169
944
1135
625
694
590
604
628
91
213
-158
-29
-167
-571
-458
-875
-756
-967
-1130
-1288
-1186
-1171
-1605
-1671
-1720
-1586
-1588
-1569
-1766
-1783
-1805
-1802
-1449
-1636
-1645
-1695
-1813
-1422
-1410
-1247
-1470
-1353
-1093
-1492
-1021
-970
-914
-743
-863
-800
-783
-752
-259
-224
-516
-399
-478
-106
-355
-277
146
-125
28
-209
-328
117
-51
341
59
-210
133
-219
445
334
375
226
-207
267
327
618
632
356
360
412
512
863
594
654
815
700
856
618
879
1126
1072
1192
722
829
1041
1164
1651
1158
1156
988
972
1297
1477
1647
1202
998
1051
1209
1337
1449
1171
1237
897
902
992
774
1092
893
793
348
382
455
369
547
318
-64
-252
-183
-197
-204
-265
-341
-741
-974
-965
-749
-773
-1175
-1037
-1309
-1717
-1605
-1435
-1392
-1504
-1682
-1880
-1942
-2003
-1538
-1636
-1629
-1985
-2023
-1542
-1855
-1144
-1538
-1482
-1433
-1328
-1063
-879
-1086
-908
-517
-803
56
-1023
53
-600
62
379
-410
800
-872
810
339
547
714
-84
672
248
622
782
752
461
258
412
1134
337
840
545
328
662
284
1038
624
459
510
682
562
524
720
917
411
653
642
733
945
499
978
740
872
813
963
978
965
983
948
993
932
1088
1131
1278
875
1022
1010
1049
1145
1061
1287
893
746
794
987
1102
675
744
441
335
439
458
625
12
-127
-148
-191
-305
-295
-359
-779
-1119
-1176
-792
-926
-1214
-1376
-1504
-1714
-1770
-1488
-1569
-1845
-1811
-2011
-1778
-1936
-1915
-1501
-1826
-1716
-1817
-1497
-1621
-1514
-1221
-1161
-963
-1306
-1052
-902
-538
-574
-276
-252
-446
-209
-235
308
284
263
347
346
289
476
733
888
749
692
600
538
753
672
1202
740
562
458
615
742
758
1033
412
663
186
645
722
546
780
415
495
58
528
579
538
623
438
378
235
195
494
779
562
508
240
217
549
849
939
635
461
585
641
1013
993
986
917
665
902
926
1191
1174
903
917
870
764
912
731
812
575
369
351
142
251
-20
173
-288
-548
-531
-523
-728
-982
-914
-1270
-1208
-1434
-1279
-1284
-1581
-1554
-1665
-1658
-1702
-1567
-1427
-1645
-1728
-1608
-1574
-1591
-1315
-1313
-1216
-1442
-1304
-841
-881
-583
-1040
-875
-882
-586
-90
48
-452
-340
-350
-77
601
-257
784
-236
508
244
294
1273
-139
1127
264
1003
820
451
1094
696
1075
893
946
701
744
807
1326
900
815
805
608
936
651
1125
830
416
586
337
853
764
646
824
456
477
482
883
890
791
654
522
692
770
845
1053
917
523
697
814
999
921
875
799
582
450
504
604
525
316
340
151
-273
-153
-281
-160
-494
-726
-629
-1102
-1120
-1120
-1042
-1187
-1652
-1561
-1573
-1616
-1642
-1771
-1635
-1868
-2017
-1625
-1902
-1814
-1575
-1762
-1419
-1947
-1715
-1358
-1184
-1062
-1479
-1204
-1430
-1050
-653
-414
-634
-728
-783
-562
77
-230
409
-235
-265
9
169
963
243
580
186
343
799
734
1331
900
686
794
949
1257
1404
1129
1371
1074
1154
1482
1397
1654
1262
1403
1361
1404
1414
1340
1496
1468
1113
1289
1232
1091
1342
1074
1429
923
922
830
840
1063
818
1155
683
381
478
529
589
605
313
411
-24
-169
-11
17
127
-435
-335
-632
-611
-483
-584
-568
-972
-1110
-1066
-1116
-1071
-982
-1111
-1218
-1552
-1459
-1202
-1221
-1136
-1328
-1360
-1276
-1364
-1090
-1164
-1193
-966
-1125
-1030
-1132
-1005
-701
-866
-761
-853
-777
-799
-891
-647
-710
-332
-693
-773
-1046
-828
-345
-546
-217
-1093
-740
-1048
-573
-110
-506
-227
-1141
-555
-569
-163
161
-168
-175
-249
-37
294
548
531
845
362
685
888
1253
1566
1243
1566
1369
1530
1794
1907
2222
2019
2031
2215
1928
2163
2218
2386
2519
1985
2032
1884
1960
2217
1875
1931
1495
1296
1363
988
1237
1076
823
405
-78
158
159
47
-224
-759
-776
-989
-987
-906
-1165
-1193
-1585
-1700
-1712
-1654
-1533
-1603
-1733
-1809
-1890
-1763
-1670
-1504
-1313
-1549
-1422
-1395
-1222
-949
-875
-724
-710
-828
-580
-437
-177
-41
-51
-210
-202
80
-18
419
87
229
19
-144
61
16
237
-207
-24
-379
-397
-515
-473
-252
-590
-799
-969
-866
-895
-804
-1016
-943
-1089
-1168
-1049
-1123
-804
-692
-767
-882
-911
-448
-265
-154
1
-48
293
196
516
913
983
1252
1198
1364
1602
1711
2090
2141
2171
2256
2194
2545
2395
2628
2577
2454
2578
2250
2356
2171
2249
2163
1817
1531
1442
1277
1124
967
652
550
-11
-128
-365
-365
-559
-966
-1103
-1520
-1408
-1662
-1747
-1815
-1978
-2026
-2273
-2333
-2143
-2043
-2111
-2093
-2264
-1960
-1924
-1749
-1486
-1456
-1283
-1365
-991
-911
-583
-371
-362
-198
-108
183
374
505
440
758
677
867
926
899
1001
864
1076
852
966
768
820
726
460
571
436
342
45
-15
-70
-88
-281
-536
-659
-675
-681
-637
-964
-1040
-887
-1041
-922
-1077
-944
-791
-928
-854
-703
-556
-395
-440
-214
-151
152
395
273
560
558
1062
1135
1133
1303
1367
1629
1684
1822
1856
1884
1870
2071
1967
1932
1952
1852
1844
1687
1657
1536
1333
1125
1037
999
753
515
290
5
2
-187
-344
-536
-931
-966
-1093
-1147
-1301
-1494
-1631
-1812
-1642
-1680
-1690
-1853
-2051
-1798
-1759
-1630
-1555
-1596
-1561
-1466
-1316
-1101
-968
-921
-775
-778
-563
-376
-78
-142
-129
149
188
497
254
444
593
632
794
590
654
592
865
844
723
595
463
663
598
545
474
305
170
119
76
226
98
-46
-260
-494
-278
-248
-119
-337
-553
-589
-639
-371
-426
-222
-333
-566
-406
-532
-148
4
32
47
-223
-50
104
440
543
506
537
311
498
694
962
1116
923
752
722
864
1053
1285
1120
975
680
700
864
983
1069
686
524
199
371
477
450
346
35
-106
-311
-272
-171
-137
-385
-565
-785
-745
-704
-697
-688
-852
-947
-968
-896
-931
-883
-871
-830
-867
-840
-867
-754
-641
-621
-474
-524
-503
-388
-429
-198
-95
-40
81
-184
52
14
297
456
275
440
167
400
473
533
745
432
507
469
400
699
494
654
467
245
398
232
501
258
294
215
-67
112
-126
2
-8
-71
-133
-383
-411
-328
-210
-345
-313
-476
-436
-555
-424
-301
-386
-161
-486
-383
-533
-205
25
-43
-137
-330
-83
-73
220
175
254
94
120
261
250
453
447
420
300
232
337
535
476
487
272
220
176
253
487
272
267
24
-128
98
-28
265
47
-263
-212
-478
49
-148
-153
-301
-592
-317
-475
-120
-233
-357
-412
-585
-317
-264
-161
-119
-394
-356
-292
-104
8
-25
-43
-130
-100
-56
276
325
273
108
94
154
339
605
521
431
176
298
473
597
666
470
293
198
434
639
571
433
27
122
215
405
457
4
-11
-317
43
100
43
-52
-527
-419
-468
-124
-136
-412
-607
-806
-599
-407
-444
-443
-739
-727
-634
-657
-361
-646
-462
-605
-610
-405
-495
-179
-348
-322
-316
-192
-101
-138
2
82
94
99
109
77
327
352
470
355
175
370
423
527
562
472
393
325
350
526
504
433
231
181
263
280
371
178
55
-12
19
87
-15
-142
-133
-240
-166
-106
-223
-223
-494
-350
-317
-219
-108
-346
-336
-453
-204
-105
-123
-121
-239
-160
-67
95
153
241
70
65
101
207
531
466
531
358
232
422
443
657
661
550
515
288
418
491
647
566
295
221
18
307
260
303
187
-113
-140
-322
-201
-271
-129
-192
-441
-543
-740
-649
-546
-461
-442
-667
-949
-931
-828
-509
-293
-560
-810
-1065
-786
-372
-200
-85
-514
-686
-589
-295
199
170
44
-176
-308
25
331
538
454
170
131
242
480
641
534
469
404
388
539
415
530
478
442
471
270
380
178
300
312
305
241
23
-48
-70
158
140
154
-219
-178
-244
-133
118
-140
2
-332
-224
-101
-170
72
-70
-94
-38
-142
19
29
108
249
0
182
85
164
335
234
431
253
235
308
247
423
386
344
421
254
334
200
251
348
161
374
142
108
38
-42
75
-74
-5
-120
-302
-316
-330
-236
-252
-441
-492
-687
-564
-489
-496
-450
-705
-650
-772
-745
-602
-537
-456
-578
-729
-711
-587
-463
-245
-391
-469
-579
-437
-133
-143
42
-223
-295
-179
-71
226
219
219
69
-3
117
297
421
472
377
211
187
417
646
601
472
186
336
515
733
678
328
383
361
515
563
505
446
325
372
449
404
432
300
281
316
219
335
195
216
222
150
126
50
46
100
85
-17
-29
8
8
-66
-69
-156
-7
-35
-79
-185
-162
42
-58
-31
-232
-102
-98
-51
-1
-102
48
-67
-109
-113
-34
21
36
-125
-133
-152
-56
48
-136
-131
-244
-145
-220
-180
-146
-282
-217
-344
-331
-352
-359
-270
-390
-400
-470
-489
-336
-420
-312
-501
-585
-484
-459
-209
-345
-479
-573
-450
-278
-238
-208
-294
-323
-288
-232
-140
-117
52
100
-75
-26
-138
190
321
327
378
115
267
283
410
594
575
590
515
321
476
569
834
901
523
543
299
570
740
747
759
378
349
305
449
588
488
288
143
72
170
216
112
8
-37
-22
-55
-158
-262
-152
-234
-115
-263
-310
-312
-435
-224
-367
-130
-231
-342
-378
-403
-187
-193
-66
-212
-182
-222
-216
-184
-115
105
62
-85
-183
-114
22
162
26
58
-21
6
21
-104
57
73
135
-50
-185
-221
-85
51
-38
-176
-238
-241
-280
-167
-291
-228
-326
-325
-353
-408
-311
-460
-315
-383
-290
-433
-539
-362
-283
-136
-252
-342
-377
-240
-114
-8
-66
-2
17
17
143
110
312
331
385
398
330
461
528
609
728
526
576
684
619
839
666
779
645
508
706
635
758
516
459
427
447
508
351
237
180
186
71
112
-18
-27
-115
-220
-285
-345
-273
-318
-296
-471
-493
-596
-493
-332
-461
-542
-678
-550
-351
-325
-397
-478
-512
-372
-344
-153
-106
-192
-183
-289
5
-35
84
183
-5
91
38
187
326
343
221
87
70
237
364
318
227
-14
94
99
221
181
-35
-1
-195
-80
-59
-75
-71
-205
-297
-443
-392
-226
-189
-236
-373
-527
-398
-375
-216
-233
-297
-293
-466
-181
-99
43
-8
-157
-60
-14
136
225
306
305
371
248
326
388
530
626
579
647
436
622
581
659
632
567
722
589
632
418
405
452
525
557
339
172
71
124
242
156
-1
-94
-265
-161
-277
-251
-307
-423
-291
-470
-550
-776
-625
-405
-375
-463
-808
-882
-737
-451
-384
-425
-609
-680
-610
-480
-339
-351
-230
-224
-290
-452
-375
-163
99
151
-54
-107
-273
-46
208
286
297
95
28
31
136
284
358
396
215
26
-8
-3
314
486
398
144
-184
-169
47
352
376
192
-72
-254
-132
34
214
169
-4
-134
-206
-130
-43
51
120
48
-147
-238
-209
-14
147
126
116
-109
-231
-101
133
308
195
132
-16
-42
110
219
422
273
133
214
211
191
219
308
367
415
292
224
122
67
276
486
469
109
-24
-38
18
294
315
112
-175
-340
-114
90
-9
-175
-251
-265
-369
-389
-362
-312
-293
-382
-470
-564
-598
-537
-271
-367
-579
-613
-551
-324
-465
-452
-392
-392
-323
-336
-247
-306
-321
-168
9
-71
-201
-112
72
78
43
137
105
183
173
219
269
168
225
394
427
213
133
242
392
387
329
227
136
162
341
438
169
-40
-45
224
268
190
121
-63
-151
-74
226
153
9
-180
-164
47
-43
-10
0
-7
-14
44
-4
-163
-116
155
343
176
-125
-183
71
207
349
285
67
-7
11
272
337
232
186
195
165
61
43
150
370
391
90
-185
-158
8
239
272
19
-180
-268
-188
-16
15
-158
-125
-114
-329
-424
-357
-66
-17
-175
-378
-517
-416
-298
-20
0
-395
-527
-309
-121
-148
-233
-137
-77
-154
-270
-260
-31
86
186
87
-217
-318
-45
420
387
113
-108
-82
174
290
349
256
131
65
251
344
167
220
375
360
160
21
139
399
369
282
152
-6
102
246
390
134
-51
138
229
146
-114
-38
168
164
89
-58
-122
-118
8
192
40
-261
-256
89
169
-148
-256
-201
99
75
-180
-103
-197
-52
85
51
-97
-307
-96
124
154
-29
-171
-105
-48
2
96
93
-25
-169
-189
27
80
33
-27
-103
-116
-158
-73
11
-30
-146
-235
-135
-62
-122
-186
-271
-207
-105
-127
-200
-273
-238
-123
-69
-258
-321
-215
-96
38
-109
-206
-234
-153
48
4
-45
-43
20
98
-1
-72
67
202
236
169
51
50
116
243
269
189
188
258
368
204
-46
75
375
544
339
44
-35
137
338
303
213
71
70
192
204
141
46
11
160
232
6
-85
40
150
91
-41
-51
38
5
-94
63
89
-100
-154
-2
43
-123
-114
82
176
-122
-399
-154
124
91
17
-133
-240
-158
-23
98
-94
-284
-132
186
79
-353
-361
-54
231
45
-280
-295
-99
109
66
-173
-370
-231
118
287
-16
-374
-390
-117
180
152
-43
-233
-180
-10
-65
-225
-181
148
312
-69
-486
-385
30
300
143
-155
-310
-199
41
169
-5
-270
-40
189
88
-242
-282
129
245
79
-103
-50
-90
-59
288
322
-22
-301
-29
416
339
-100
-85
254
331
136
-106
-39
222
462
365
-19
-263
-57
463
489
69
-140
-11
250
287
58
-61
-15
95
185
89
-98
-58
114
16
-178
-296
-87
416
495
-163
-977
-855
241
1159
648
-837
-1320
-535
497
863
223
-558
-755
-367
211
412
104
-243
-227
-126
-10
177
103
-126
-107
112
226
49
-171
-33
255
258
41
-54
28
136
148
59
66
197
161
-168
-284
108
555
380
-321
-577
-112
383
334
-66
-319
-281
-24
207
46
-257
-280
-117
70
14
-167
-157
-109
-148
-113
-29
-17
-53
-119
-96
-51
-80
-52
90
67
-110
-62
132
278
83
-221
-100
277
401
184
-24
-103
101
309
317
190
-76
-45
270
395
154
-13
-10
46
179
134
12
28
39
32
80
-111
-152
39
36
-36
-110
-140
-128
-105
-140
-63
-20
-189
-261
-160
-90
-33
17
-175
-214
-137
-130
-20
33
-2
-63
-157
-177
68
167
27
-72
-20
160
224
13
-233
20
375
367
88
-233
-124
328
404
110
-82
-102
129
276
112
-78
-8
116
84
-65
-207
-52
164
40
-181
-130
-155
-133
-54
-145
-112
-88
-143
-178
-144
-161
-144
-139
-211
-113
-3
-60
-176
-175
-88
25
30
-99
-63
45
27
13
-35
29
202
184
-30
-117
91
300
294
58
-56
91
223
114
25
103
166
261
83
-109
-73
42
191
209
51
-137
-60
-3
-63
24
19
-117
-81
-73
-108
-48
-140
-146
17
-51
-165
-88
-98
-91
-4
-80
-98
-7
-79
-107
6
-15
21
93
-84
-54
130
2
-3
109
123
115
6
-56
106
228
102
87
66
-12
67
143
79
54
58
46
94
-6
26
96
-61
-99
68
142
-14
-90
-59
2
-50
-145
-9
29
-36
-37
-66
-130
-101
-1
-49
-49
-46
-59
-48
-105
21
153
-22
-171
-55
101
124
-5
-81
26
97
85
67
-19
-1
179
198
1
-28
134
228
138
-21
8
80
70
70
108
96
130
69
-70
-45
49
125
58
2
-7
41
-23
-105
-36
12
38
-3
-52
-102
-42
-20
-56
-69
-38
59
-36
-180
-131
6
71
-12
-77
-3
17
-62
-103
-3
80
99
9
-117
-49
101
121
10
-35
-34
74
127
79
37
8
27
44
17
-49
60
127
88
-20
-79
26
17
-36
19
99
30
-31
-99
-92
49
41
-37
-69
-67
-10
90
-49
-189
-38
32
19
-37
-120
-89
-17
-38
-35
32
-89
-118
-15
-43
6
41
-56
-79
41
3
-62
-52
-38
109
16
-105
19
41
-59
14
95
-15
-22
24
1
-31
-15
106
131
-95
-169
63
140
-55
-108
73
115
-41
-131
-66
19
71
26
-64
-79
-16
57
14
-95
-68
46
1
-106
-27
37
-61
-24
-23
-65
-5
-33
-55
-16
31
55
7
-146
-116
82
62
-56
-16
47
-31
-61
-47
-8
85
14
-40
3
-5
24
20
-44
-54
78
91
-34
-110
-34
120
75
-12
-104
-34
118
70
-91
-96
26
97
147
-40
-123
-18
14
51
9
-42
-24
42
29
-48
-54
-53
28
54
-41
-14
62
19
-93
-94
-23
43
23
-46
4
22
-72
-26
17
-82
-30
58
74
-17
-85
-40
67
89
-74
-37
32
45
43
-24
-34
6
94
95
9
-95
-9
112
82
35
-30
67
143
22
-77
-38
72
106
37
-33
58
71
1
-1
-13
3
11
91
59
-55
-16
37
6
-56
-56
31
102
-14
-78
-11
21
15
-45
-12
37
-14
-34
17
19
10
24
-15
-10
-41
-24
104
60
-52
-27
55
65
24
-49
-46
84
93
13
7
13
14
52
18
-88
-25
105
91
12
-75
-74
80
73
-73
-57
4
69
37
-56
-72
5
70
-34
-94
-112
-10
97
39
-68
-117
8
56
-49
-104
-37
20
22
-26
-46
15
13
-62
-95
-30
52
103
21
-54
-4
25
23
-4
6
17
56
109
-15
-111
24
158
71
-90
-58
80
153
45
-92
-24
73
62
18
18
-8
-11
89
52
-74
5
91
52
-27
-88
-5
81
53
4
10
-8
-40
26
27
-19
18
35
8
-6
-46
-57
59
32
-51
13
39
55
26
-62
-66
51
76
30
38
27
0
-54
-33
5
30
37
8
10
-1
-13
5
39
-5
1
24
-28
-8
5
-1
25
-13
-66
2
10
-18
35
-18
-70
16
66
11
-24
-58
-53
39
32
-30
-18
21
-1
-25
-19
-50
-5
43
-13
30
33
-71
-14
19
-34
20
1
-34
57
27
-65
-48
-5
11
25
-10
-64
-8
36
3
-18
18
6
-18
63
-1
-56
41
12
-22
15
-27
-16
15
-5
40
19
-43
-10
42
6
-13
-6
-3
47
-13
-35
-21
-17
15
-16
-12
-3
31
27
-28
-61
-46
29
51
1
-51
-13
16
-8
-2
-24
4
46
-56
-74
36
27
-27
-25
-9
35
0
-70
-53
8
28
-14
-6
22
-16
-17
19
-58
-56
34
18
25
25
-47
-30
19
6
26
-14
-26
52
43
-15
-48
7
78
32
-25
-11
17
32
18
-13
13
30
10
37
8
-42
-19
10
26
49
34
14
6
-7
52
45
-22
1
25
59
47
-42
2
76
34
-1
-15
-3
69
55
1
-12
-12
64
57
-11
-4
13
18
20
-15
-17
38
46
34
-1
-36
-1
56
12
-24
18
61
62
-14
-13
21
-2
-24
26
61
12
-3
-10
-8
11
33
23
-6
-19
1
35
16
-1
-5
20
35
-13
-28
-2
12
5
-21
-9
29
36
6
-27
-21
10
6
16
44
-16
-20
20
9
1
7
5
-2
1
-9
23
17
-19
2
39
23
-4
3
19
26
-3
1
7
-1
32
39
-10
-25
-9
23
53
4
-34
-17
44
55
-13
-43
6
70
48
7
-32
11
84
39
-33
-43
45
94
20
-47
-7
45
38
8
-13
7
8
1
-8
-17
3
31
17
-19
-24
2
-1
-42
-34
-5
-7
-14
-2
-24
-38
-22
-41
-34
-15
-14
-20
-34
-37
-20
-19
-49
-34
-10
-12
-15
-6
1
-36
-33
0
-17
-36
0
30
-9
-35
-17
17
19
-20
-19
4
9
25
19
-22
-37
4
18
3
-8
-1
23
3
-12
-21
-22
13
35
29
-1
-26
-7
20
4
-23
7
36
-8
1
6
-2
2
2
10
-8
0
15
10
-25
-8
1
-33
0
37
38
-34
-55
19
52
21
-7
0
-2
20
9
-10
14
-4
30
57
-16
-45
7
46
27
-10
-11
27
29
-7
-27
-3
11
15
8
-10
2
-7
7
6
-21
-14
10
1
-35
-32
0
-4
-58
-30
5
-17
-47
-49
-13
-20
-49
-57
-27
6
-4
-24
-28
-39
-17
-4
-19
-36
-37
-11
-2
-3
-31
-30
0
2
-18
-21
-9
2
30
18
-11
-46
-10
44
-8
-25
-11
-12
10
30
-12
-35
1
9
28
2
-38
-14
20
7
-14
-22
-21
16
24
7
-31
-27
15
0
-31
-36
-4
10
-10
-46
-45
-21
-6
11
-4
-33
-13
10
-1
-19
-41
-16
7
7
-3
-27
-37
-5
17
-18
7
6
-38
-19
-3
-11
1
7
-32
-11
32
-8
-40
-63
-8
78
15
-74
-35
42
6
-55
-37
13
10
-49
-47
1
-2
-24
-2
-5
-31
-34
-17
-9
-27
-12
20
18
-5
-36
-19
2
-10
-3
2
-10
10
10
-12
16
4
-21
-20
-3
32
32
-16
-38
23
35
9
8
-2
15
37
0
-7
28
41
24
7
-4
8
51
20
-1
-1
5
33
31
-8
-8
53
43
4
-3
-1
6
17
45
29
-5
0
32
28
-27
-21
37
30
-19
-10
38
24
-7
-4
-8
0
2
8
47
16
-23
-6
16
0
-26
-15
29
46
2
-13
2
-2
-4
34
32
-10
-35
-9
35
17
-27
-6
41
32
-6
-20
-1
-24
-2
23
-8
-14
14
41
8
-47
-17
50
39
7
-2
17
10
5
4
11
33
36
26
-8
-32
-2
62
43
18
23
21
-5
-19
4
29
47
15
-4
18
17
-3
19
29
-8
-1
19
23
49
8
-22
3
10
17
26
2
-21
0
4
27
14
-4
13
31
20
-5
21
-13
-1
54
26
-19
15
50
9
-13
-14
31
55
-1
-28
20
13
-25
13
31
1
-17
-13
-3
9
8
19
36
3
-35
0
33
13
16
31
27
-2
-4
16
34
22
6
3
-12
25
56
23
-26
2
62
63
-11
-43
48
75
6
-8
13
22
52
29
-31
-5
17
48
74
-2
-31
35
58
19
11
10
14
26
4
-4
5
-10
2
39
12
-20
-8
10
42
31
-15
-18
14
28
26
1
-39
-9
40
17
-34
-34
25
42
-34
-57
15
29
2
-12
9
26
-6
-7
17
13
-36
-16
36
10
-13
1
-10
-8
3
-4
2
-11
-6
26
13
-45
-53
-5
20
4
-23
-24
-4
-4
-25
-19
-4
0
8
14
-3
-26
-33
-9
31
18
6
1
-46
-31
56
49
-30
-52
3
70
14
-66
-24
73
63
-34
-62
-38
46
83
0
-66
-41
36
51
-18
-71
-8
52
13
-39
-32
-6
-3
9
-13
-48
-27
20
32
-14
-68
-75
1
56
1
-81
-46
34
17
-47
-68
-8
43
-13
-93
-51
25
29
2
-24
-45
-24
39
-2
-52
-8
35
26
-25
-54
-15
46
26
-35
-30
2
12
28
-9
-56
22
90
-1
-86
-34
35
67
10
-94
-32
67
20
-49
-47
-7
15
7
-65
-74
13
27
-4
-40
-69
-44
15
-16
-52
-29
-32
-12
-3
-48
-81
-33
-2
-12
-32
-74
-33
37
2
-86
-79
-10
16
-11
-58
-58
-19
1
-11
-45
-67
-31
0
-28
-88
-72
29
33
-57
-87
-38
-25
-27
-16
-39
-47
-19
-15
-19
-38
-41
-1
-14
-53
-25
12
-15
-37
-27
-10
-12
-28
-25
-20
-19
-23
-17
-3
11
-4
-17
2
-10
-13
14
18
8
14
-19
-15
54
36
0
17
12
11
34
26
29
73
44
-12
5
22
45
58
37
40
49
31
28
37
43
61
45
13
27
30
38
71
41
18
48
43
6
16
58
57
45
37
45
41
7
21
72
42
21
72
66
18
22
64
56
38
30
51
68
43
41
40
47
62
76
22
-6
59
72
18
10
37
67
60
8
8
16
15
43
40
-4
13
50
28
-9
-17
19
39
17
0
-7
5
35
19
-16
-20
7
18
-7
-17
-8
8
8
10
-2
-37
-27
23
10
-25
-26
-4
19
-2
-13
5
12
-5
-7
0
0
16
37
16
-15
-10
9
24
-15
-36
18
38
-6
-23
-7
7
9
-2
-15
-4
11
3
-2
-14
-4
20
13
13
0
-21
-9
3
-10
2
24
3
-11
-12
-17
-12
-10
5
14
-2
-4
9
5
-24
-26
4
10
-12
-13
14
-5
-18
1
22
21
-4
1
-3
-17
-12
8
21
2
-10
-1
-16
-33
1
24
11
4
-18
-29
18
29
-14
-32
-15
7
23
-2
-31
-13
2
-6
-10
-35
-36
0
2
-25
-32
-6
-3
-20
-18
-1
-9
-29
-16
16
-8
-36
-11
-2
-3
-22
-16
7
6
-7
-8
0
1
7
-10
-12
-8
3
-9
-34
-25
5
33
-1
-39
-27
-6
14
11
-18
-18
-7
-6
-10
-24
-15
-1
-13
-15
-12
-29
-40
-28
-28
-6
3
-41
-62
-28
7
-10
-43
-41
3
11
-36
-40
-17
-18
-15
-11
-20
-52
-60
-26
-7
-18
-56
-38
-23
-34
-17
-26
-39
-38
-1
12
-30
-52
-24
4
-12
-30
-19
-5
-24
-26
-28
-27
-2
-7
-35
-46
-14
-5
-10
-23
-15
-4
-23
-27
-31
-28
-13
6
-2
-27
-29
-3
4
-8
-9
-18
-3
13
7
-11
-22
-22
1
7
-1
-1
-17
-22
4
31
7
-9
19
27
1
4
23
18
-2
-1
21
12
-11
-14
9
9
-5
11
9
0
9
18
19
3
-5
11
34
10
-13
-3
12
26
10
-11
-11
8
4
9
2
4
5
-3
10
6
1
-28
-11
19
-8
-30
-24
1
2
-14
-20
-17
-14
-9
-23
-27
11
8
-33
-16
2
2
2
-15
-6
13
10
3
-1
-8
10
11
10
-7
-4
31
19
-9
-11
13
25
20
-15
-18
15
18
12
1
-10
13
41
15
-7
4
25
40
31
7
-1
23
34
29
15
6
19
32
19
2
15
25
25
21
17
22
19
18
35
24
6
28
28
27
31
5
17
42
21
-1
10
23
24
3
-9
7
1
-16
-4
9
2
-10
-12
6
16
-9
-10
13
1
-13
-10
-15
-10
-1
7
-2
-11
-17
-16
-18
-28
-12
7
-15
-31
-3
7
-14
-35
-18
14
8
-33
-31
3
0
-18
-24
3
2
2
2
-18
-7
7
13
9
-7
-11
6
-22
-32
-4
3
-10
-22
-23
2
19
-10
-19
-6
22
11
-17
-14
-4
5
-2
-16
-22
-10
-8
-5
-9
-26
-20
0
2
-15
-9
-3
-13
-13
5
16
1
-24
-28
16
35
4
-18
-7
32
24
-16
-9
29
47
33
11
23
27
-7
5
40
33
24
19
20
37
40
18
11
31
36
41
39
7
17
50
35
5
-5
19
38
15
-8
8
37
10
-19
-5
24
28
-24
-34
13
29
-5
-30
-30
-7
23
-2
-39
-18
9
9
-17
-38
-9
14
-19
-39
-24
-13
-6
-9
-17
-23
-19
-12
-27
-35
-8
13
-14
-36
-17
4
-12
-33
-15
0
-10
-23
-30
-8
8
-19
-37
-8
20
6
-19
-23
11
20
-22
-31
15
29
-14
-16
12
13
-9
-22
-10
12
9
-5
9
9
4
13
-5
-7
2
11
5
-7
-3
-4
9
-1
2
11
-11
3
10
8
6
-1
-12
-22
5
15
2
-13
-9
14
0
-33
-29
6
8
-4
-13
-24
-11
-5
-15
-23
-22
-15
-16
-9
-7
-16
-25
-32
-15
-19
-29
-10
-11
-24
-26
-11
-13
-33
-18
-10
-12
-23
-30
-6
-11
-28
-15
-12
-14
-7
2
-5
-9
8
4
1
4
14
22
-3
-19
1
17
8
-10
-5
17
21
10
-3
4
22
26
9
2
12
19
15
3
-1
-10
9
28
4
-14
-6
17
16
10
4
1
21
12
-3
14
7
8
26
-3
-20
14
24
0
-10
-4
-2
-4
-9
-4
10
1
0
7
-3
-16
-16
-4
2
-7
-18
-4
-10
-27
-15
-17
-16
7
-2
-29
-16
-6
-23
-20
-22
-26
-7
-13
-29
-19
-23
-33
-15
-15
-35
-15
-6
-42
-49
-23
-14
-29
-42
-28
-19
-29
-31
-33
-29
-24
-19
-28
-41
-21
-1
-15
-34
-24
-3
-9
-30
-31
0
2
-20
-19
-11
-2
-4
-11
-23
-11
21
11
-7
-10
3
17
6
-3
-8
6
8
-15
-7
6
12
-1
-10
-1
9
7
-12
5
6
-6
-2
5
12
0
-10
-7
4
3
-6
2
-4
4
11
3
-8
-4
7
7
6
-16
-6
18
0
-14
-1
14
9
5
1
1
9
6
-2
-1
13
18
9
7
1
8
9
3
4
-2
3
-1
-6
1
5
-2
-4
-4
6
15
-7
-16
-6
1
-9
-14
-12
-6
4
-4
-17
-8
-2
-9
-5
-7
-5
3
-6
-20
-9
-4
-20
-15
1
7
-8
-6
4
5
10
1
-7
16
28
9
4
14
15
20
14
1
-3
3
12
20
5
-2
22
22
16
18
16
17
23
24
22
16
14
16
18
8
1
8
12
5
1
5
0
8
11
7
11
13
5
7
18
6
3
9
12
10
5
0
4
16
3
-11
-7
7
12
-2
-6
9
11
2
-5
-7
6
12
3
-1
4
7
1
2
4
7
2
8
6
2
4
-7
1
-5
-7
-5
-8
-12
-14
12
3
-9
-16
-2
11
-10
-22
-14
-9
-18
-22
-24
-12
-18
-32
-20
-12
-18
-26
-10
5
-4
-17
-3
2
-12
-23
-17
-2
-2
-19
-18
-11
-13
-9
-2
-5
-15
-7
4
10
4
-7
2
7
6
12
5
1
12
16
18
1
-13
6
27
8
1
2
-3
10
9
3
4
14
13
15
17
7
2
9
13
6
5
8
6
8
9
7
8
-3
1
11
1
1
6
3
-2
0
8
6
-8
-3
4
3
-7
4
13
0
-4
-3
-2
0
11
-2
-8
-3
-8
-7
-4
-13
-26
-9
2
-22
-28
-16
-12
-10
-20
-28
-12
-12
-20
-20
-21
-16
-13
-18
-21
-12
-9
-24
-30
-20
-10
-12
-21
-23
-18
-18
-13
-12
-21
-10
13
5
-13
-15
-6
13
10
-16
-15
11
10
1
-10
-11
-3
10
6
-5
1
5
10
10
12
8
12
15
10
1
6
15
5
-8
-7
9
18
10
-3
9
24
15
3
5
9
10
29
21
7
16
20
19
4
-1
12
18
12
4
2
7
9
-7
1
7
2
11
5
-4
2
15
6
-1
6
6
9
-4
-11
-6
-10
-7
-1
-4
-9
1
3
-5
-11
-12
2
8
-8
-9
6
4
-12
-13
-5
-7
-1
-7
-15
-8
-8
-8
-6
-2
-6
-6
-3
-9
0
13
0
-14
-9
3
4
-11
-20
-20
-10
-4
-12
-16
-3
4
1
-4
-12
-2
5
-1
-5
-1
13
6
-10
-11
-9
-2
0
1
-12
-16
-4
-6
-5
-12
-14
-13
-12
-2
0
-16
-19
-9
-2
3
-9
-24
-14
-5
-11
-5
-17
-16
2
1
-6
-9
3
7
4
-9
-10
2
5
6
-6
-6
-3
4
5
2
5
4
14
21
13
10
7
6
13
23
13
12
20
13
14
12
8
4
12
9
1
8
8
10
12
6
0
5
5
-3
4
7
3
-9
-9
5
4
2
5
3
-2
-5
4
12
5
-5
2
13
10
-13
-6
10
3
1
0
1
2
6
10
11
3
-4
11
19
12
7
5
0
8
19
10
0
2
16
20
10
2
11
12
5
15
8
0
4
2
5
7
1
-7
-3
3
9
-4
-18
1
15
11
-4
-4
3
7
-1
-14
-5
2
-1
-13
-12
-5
-4
2
-5
-8
-10
2
12
5
-3
-3
10
3
-3
-3
-6
-8
-4
5
-7
-14
-10
-4
4
4
-11
-18
0
5
-5
-11
-13
-15
1
-4
-22
-22
-16
-5
-2
-3
-20
-22
-9
-4
-7
-18
-14
-5
5
-2
-8
-8
