2
-4
-3
1
-1
5
7
1
2
2
5
7
13
15
15
9
4
5
3
11
18
15
12
8
11
21
24
21
17
14
15
13
14
19
14
13
12
6
7
10
14
4
0
-2
-4
7
8
5
8
8
4
7
6
10
10
7
14
9
10
15
21
26
17
13
10
14
22
23
17
16
14
12
15
15
15
16
16
18
16
13
11
18
20
17
11
9
15
14
13
8
3
3
9
10
10
4
0
0
-1
1
1
5
1
0
-5
-10
-2
1
-9
-11
-12
-15
-9
-4
-3
-14
-17
-18
-14
-13
-9
-10
-13
-12
-19
-15
-16
-14
-14
-22
-24
-22
-23
-16
-14
-16
-15
-18
-11
-13
-13
-8
-10
-10
-7
-10
-7
-3
1
5
2
-1
-7
-4
4
4
4
3
-1
1
6
10
1
-5
-6
-7
-2
-4
-2
-4
-2
-3
-9
-9
-2
0
-12
-11
-11
-7
-7
-3
-6
-9
-5
-8
-6
-8
-5
-7
-6
-5
-6
-12
-9
-2
-7
-1
-4
-12
-15
-12
-4
-11
-8
-10
-19
-18
-18
-17
-15
-19
-18
-15
-14
-11
-11
-13
-12
-16
-12
-6
1
2
-1
-1
-3
1
9
11
4
3
5
2
5
14
11
10
8
5
6
7
13
11
15
14
8
8
7
12
11
8
10
7
6
15
19
16
15
16
17
16
19
16
12
9
7
6
9
17
14
15
8
6
3
9
19
14
14
7
4
12
16
17
16
10
10
9
8
11
13
12
8
12
7
2
12
11
10
11
4
4
8
14
14
4
2
1
1
5
6
-2
-1
-3
-9
-6
0
5
0
-3
-7
-15
-7
1
-2
-3
-8
-8
-5
-4
-4
-5
-12
-13
-8
-10
-8
-3
-4
-11
-12
-12
-8
-2
2
-1
-7
-6
-10
-8
-1
-7
-11
-10
-5
-5
-6
-4
-7
-6
-3
-7
-12
-14
-6
-8
-11
-10
-11
-12
-7
-4
-9
-9
-6
-2
0
4
-1
-1
1
-4
-5
-3
2
1
-3
-2
1
-2
0
3
2
1
-1
5
0
4
5
1
2
-3
0
1
4
6
0
-3
2
0
-1
8
3
0
1
1
4
-1
-2
-1
-9
-7
-7
-11
-2
-3
-1
0
0
-2
-6
1
2
1
0
-1
1
2
2
4
2
2
4
4
1
5
9
9
8
5
9
12
15
17
14
13
11
13
12
16
17
16
16
14
16
19
16
19
22
17
16
13
18
25
18
15
11
8
13
18
17
9
8
9
8
8
10
11
10
13
8
6
10
10
11
7
3
0
4
7
4
-1
-5
-5
-6
-7
-6
-1
-4
-3
-7
-13
-11
-12
-10
-12
-17
-21
-23
-15
-7
-9
-12
-14
-17
-18
-12
-12
-21
-18
-19
-16
-15
-13
-12
-22
-14
-14
-18
-19
-14
-15
-16
-16
-20
-18
-15
-16
-18
-12
-16
-21
-17
-15
-10
-12
-12
-7
-7
-9
-6
-4
-9
-8
-11
-13
-5
-6
-6
-9
-14
-15
-15
-12
-11
-16
-14
-15
-16
-12
-14
-11
-8
-12
-11
-19
-22
-13
-18
-12
-9
-10
-12
-8
-2
-8
-4
-2
-7
-8
-2
-1
-2
1
-3
-6
-7
1
-3
-6
6
5
-6
-9
1
6
3
7
-1
-9
-3
6
4
3
10
10
0
2
6
6
10
16
11
4
10
14
18
21
15
4
4
13
15
18
23
19
6
16
20
12
16
21
13
6
15
20
18
20
22
10
6
7
8
6
9
5
-4
-2
5
13
7
6
5
-3
-6
3
2
2
10
1
-4
1
8
9
12
14
6
-4
2
7
8
7
1
2
-2
1
6
4
6
8
2
-1
2
10
8
7
2
-3
5
4
9
12
11
1
1
8
3
4
3
0
-6
-8
-3
-3
-7
4
6
-7
-11
-3
-4
-5
4
-8
-17
-7
0
0
-1
-3
1
-2
-1
2
-5
4
3
1
0
1
2
1
9
8
-10
-5
4
4
4
0
-1
-8
-9
-5
-6
-9
-1
-5
-4
-4
-15
-6
-1
2
-3
-9
-6
-3
-1
3
2
-10
-14
-5
-6
-7
-4
-6
-4
-5
-9
-12
-4
2
-12
-14
-10
-15
-9
-2
-8
-16
-19
-12
-14
-9
-5
-15
-13
-6
-8
-21
-16
-3
-9
-11
-5
-11
-16
4
11
-4
-4
6
6
4
12
15
9
8
7
6
7
10
14
14
15
11
2
8
19
14
8
14
7
7
15
18
10
4
18
16
6
15
16
-1
5
20
12
7
22
21
9
13
16
9
8
22
19
3
12
16
7
14
23
12
4
9
18
15
19
29
15
3
9
14
15
22
26
15
7
9
10
19
25
14
11
13
7
6
14
19
10
0
10
5
0
19
23
10
3
5
0
4
16
16
4
0
3
-1
-2
11
11
-8
-2
2
-3
8
9
2
-6
-8
-2
-5
3
13
-5
-8
0
-9
-10
-5
-9
-14
-18
-10
-11
-14
-1
-4
-17
-19
-5
-8
-10
-2
-17
-25
-19
-17
-10
-5
-8
-10
-11
-12
-20
-11
-6
-20
-19
-15
-17
-24
-14
-1
-14
-25
-19
-14
-20
-14
-9
-16
-18
-8
-13
-22
-6
-3
-14
-14
-6
-15
-20
-3
-6
-14
-12
-9
-15
-11
-2
-12
-13
-4
0
-10
-11
-3
-6
-13
-3
-3
-13
-9
0
0
-6
-2
-1
-2
3
-3
-10
-5
-3
-13
-13
-1
-3
-13
-13
-8
-14
-6
4
-1
-11
-9
-3
5
14
11
-1
0
7
5
5
18
13
5
13
13
2
7
25
21
7
7
15
8
26
33
19
15
13
19
19
24
31
23
20
28
24
19
27
25
19
16
21
19
21
39
32
17
19
30
22
18
28
18
10
12
15
15
19
28
26
18
17
26
20
25
32
21
8
7
15
15
13
17
19
10
1
8
14
2
1
7
4
-5
-1
12
11
4
-5
-12
-5
-2
4
8
-2
-3
-6
-3
3
0
-3
-4
-5
-11
-10
-1
2
-1
-6
-8
-15
-15
5
2
-2
-4
-12
-13
-7
5
-2
-12
-16
-21
-21
-9
0
-4
-13
-16
-23
-24
-12
0
-7
-14
-17
-24
-12
-4
-2
-7
-13
-19
-24
-9
7
4
-5
-5
-12
-13
-7
7
10
-3
-9
-16
-14
0
12
11
1
-5
-12
-13
6
11
1
-4
-15
-16
-10
2
8
3
-1
-5
-15
-8
3
1
-7
-8
-8
-19
-12
3
7
-12
-21
-12
-12
-11
-4
0
-10
-17
-16
-6
-6
-10
-6
-18
-24
-23
-13
-5
-1
-7
-17
-19
-13
-3
3
4
-8
-11
-3
8
13
12
19
10
-5
2
10
13
16
18
16
1
-2
16
29
27
13
8
8
5
12
23
35
24
1
4
22
14
10
28
34
11
2
16
25
22
23
22
8
2
13
18
16
16
8
-1
0
8
5
-1
4
-2
-9
-8
-5
2
1
-5
-7
-17
-17
-12
-10
-11
-21
-29
-26
-15
-20
-24
-19
-15
-16
-19
-15
-14
-12
-10
-8
-16
-21
-14
-5
-6
-12
-17
-20
-12
-4
-3
0
-3
-5
-3
-3
0
4
7
-6
-10
-8
-9
-2
5
9
-4
-10
-4
5
6
8
5
-5
-4
-2
-2
-4
-6
-1
-11
-17
-14
-15
-14
-3
-8
-11
-12
-12
-3
-4
-3
-7
-7
-3
-7
-4
-7
-10
-12
-8
-7
-7
-4
0
-2
-9
-6
-4
-4
-9
-4
-8
-16
-10
-5
-4
-6
-10
-6
-2
0
4
3
3
2
3
3
5
9
7
6
7
7
4
4
4
2
1
3
2
4
8
8
9
10
11
11
9
7
10
14
12
8
7
8
11
16
14
16
14
11
15
12
13
13
9
6
6
5
5
8
7
5
5
4
0
1
-1
3
3
2
5
4
5
1
5
1
-1
7
3
-1
-1
1
0
2
5
0
7
6
-1
6
4
0
0
2
-2
-1
2
1
-2
0
2
4
1
-1
-4
-9
-10
-6
-6
-12
-11
-8
-8
-11
-6
-9
-8
-6
-13
-7
-9
-9
-3
1
-4
-2
-4
-9
-4
-4
-1
-10
-7
-4
-7
-5
-11
-11
-12
-8
-9
-12
-7
-7
-5
-7
-7
-12
-9
-5
-8
-4
0
1
-3
-3
4
4
-2
-3
-2
-1
-4
2
-2
-6
-1
-2
-4
-2
4
2
2
5
6
5
2
6
7
6
6
5
3
2
6
10
9
16
14
13
18
12
16
23
18
16
18
16
14
16
21
17
15
15
9
13
11
12
22
19
17
20
20
19
19
23
20
14
16
20
14
19
23
15
13
13
13
9
7
8
11
6
8
9
11
6
5
13
12
10
5
14
10
6
4
5
13
8
6
3
4
6
7
8
3
3
3
4
4
8
8
1
-2
-1
-4
1
8
4
-1
-3
-2
-3
-1
5
7
-2
-9
-5
-3
-2
-2
-4
-4
-6
-7
-1
-2
-4
1
-3
-7
1
3
-4
-4
-2
2
2
-5
9
6
1
0
-4
7
7
5
9
10
4
-1
0
7
10
-2
6
10
10
2
5
19
12
5
-5
5
4
-3
4
7
-1
-7
-5
3
4
-9
-4
3
-3
-5
-1
3
1
-2
-1
-4
-6
-3
1
3
0
-2
0
1
1
7
9
3
-2
-5
-2
-2
-6
-5
0
-7
-9
-8
-8
-9
-3
-2
-7
-13
-8
2
-8
-9
0
2
-6
-5
2
2
-1
-1
1
-2
-7
-6
-2
-6
-9
-5
2
-1
-5
-3
-3
-12
-19
-9
-10
-12
-13
-4
-5
-8
1
2
0
5
2
0
-1
3
8
-2
0
3
-1
-1
5
4
6
10
4
7
4
2
1
1
-3
0
2
1
-1
0
-3
-6
4
-3
1
0
1
0
-1
5
-1
3
-1
-1
-5
-4
-4
-6
-3
-2
0
-5
-4
2
-2
-4
2
9
5
1
5
6
4
7
6
8
9
6
8
5
0
1
4
7
5
5
6
5
6
3
1
4
5
3
3
-2
-7
-6
-10
-8
-6
-9
-15
-12
-10
-7
-10
-9
-7
-13
-13
-12
-8
-12
-7
-8
-9
-6
-13
-9
-9
-6
-8
-9
-12
-16
-15
-16
-10
-9
-12
-11
-8
-7
-4
-8
-6
-4
-10
-7
-6
-10
-11
-5
-3
-7
-10
-17
-16
-11
-13
-17
-15
-17
-17
-13
-10
-8
-10
-11
-8
-3
-2
-4
-9
-9
-10
-10
-12
-11
-10
-11
-10
-10
-1
-6
-8
-7
-9
-10
-12
-8
-5
-5
-3
3
0
-1
2
-2
0
-1
-2
-1
0
2
-1
1
1
-3
0
1
5
4
-1
0
-1
-2
2
-3
-3
-1
-3
-2
1
2
2
0
-1
-1
0
-4
0
2
-3
-6
-9
-8
-8
-9
-9
-8
-5
-3
-5
-5
-8
-9
-5
-6
-5
-1
3
0
-2
-5
-6
-7
-11
-10
-11
-15
-15
-12
-16
-16
-16
-18
-20
-17
-16
-19
-19
-19
-16
-17
-20
-19
-19
-13
-12
-11
-9
-12
-8
-5
-4
-4
-5
-2
-1
-2
1
0
1
-3
0
-1
-4
-2
-9
-4
-6
-7
-4
0
0
2
9
9
12
11
11
6
0
4
1
4
5
5
10
12
16
20
20
19
17
12
14
17
11
12
9
10
10
9
10
16
18
12
12
10
6
10
10
9
13
12
10
8
12
14
10
7
2
3
5
0
-2
0
4
-1
-1
3
-6
-6
-6
-6
-6
-7
-7
-8
-7
-8
-7
-7
-7
-6
1
5
3
0
0
3
4
5
7
3
4
9
1
-1
4
6
9
3
4
5
2
2
7
11
8
11
9
1
6
10
7
7
7
9
10
8
7
8
4
0
7
9
7
6
6
5
4
3
3
2
1
1
3
-1
2
4
2
7
-1
1
1
-6
1
2
-1
1
4
-1
-6
0
1
-4
-5
-5
-2
1
-4
0
0
2
0
2
-3
0
3
-2
7
8
8
1
-3
3
3
8
11
9
12
10
3
-1
2
4
1
1
-1
1
-3
-9
-3
4
0
4
3
-2
4
3
2
0
-2
2
3
-2
-3
4
-6
-4
3
0
4
-4
-4
1
0
5
13
8
1
8
1
2
-5
-3
16
11
3
-1
3
5
-6
1
11
9
-1
-4
-5
-8
4
3
1
0
-1
-7
-23
-6
1
-5
-20
-28
-3
-10
-26
-25
-5
0
-25
-14
-6
-9
-12
-20
9
-8
-17
-2
-13
-8
-21
-12
-13
-19
-2
-9
5
-8
-11
-2
-27
1
-8
-14
5
-9
1
-14
-13
10
9
10
-5
-1
5
4
6
-7
15
8
-5
5
-6
7
0
-5
6
3
9
0
-8
3
6
5
-4
13
6
-12
-2
-15
2
-2
-9
-6
-13
7
-2
-3
2
11
11
-18
-8
-12
-12
-7
-21
-7
-23
-16
-12
-26
-4
-15
-10
-7
-11
8
-19
-11
-7
-11
-4
-23
-5
-19
-15
0
-8
-5
-16
-5
-4
-9
-6
6
-1
-16
-16
-5
5
-10
-2
9
-3
-5
-4
10
2
2
6
-3
13
-3
5
12
1
28
11
13
24
22
20
10
30
20
15
16
11
34
15
14
23
19
29
8
23
25
21
20
6
28
17
13
9
6
26
7
20
16
8
21
3
10
13
24
17
-8
8
7
8
5
4
28
-1
-1
-2
1
26
1
20
11
8
11
-9
13
3
10
7
-2
10
-4
8
4
3
22
-2
1
6
5
8
-2
17
13
6
2
-2
11
-2
5
6
-6
8
-3
7
4
-5
5
-8
-1
-4
4
2
-5
8
1
4
-5
-2
5
-7
1
3
6
3
-3
10
5
12
11
6
13
2
13
3
4
13
4
5
-4
0
5
0
7
9
10
5
2
6
4
6
3
4
9
7
3
4
8
6
2
3
7
5
6
8
14
12
6
3
7
9
6
6
5
6
12
14
7
9
4
5
5
-4
1
0
2
1
-1
3
3
5
0
5
6
3
2
-7
3
-7
-11
-6
-10
0
-5
-5
-9
-6
1
-4
5
-5
-7
-6
-12
-1
-6
-9
-6
-3
1
-8
-7
-5
-8
-7
-5
3
3
3
3
-2
5
-2
3
2
-6
1
-6
-1
-3
2
8
-2
6
1
-5
-2
-1
4
-5
-6
-2
3
3
-1
0
-2
-1
-3
-5
-3
-5
-4
-3
-8
-8
-10
-8
-11
-15
-11
-9
-7
-9
-11
-13
-13
-15
-21
-14
-7
-8
1
-6
-5
-4
-12
-7
-12
-13
-12
-6
-4
-8
-4
-7
-6
-7
-13
-7
-13
-11
-10
-16
-12
-12
-8
-13
-13
-8
-8
-5
-5
-6
-4
-2
-1
1
-4
-5
-9
-9
-6
-7
3
3
5
3
2
12
2
10
1
1
8
-3
10
4
5
7
7
12
3
9
10
7
11
2
4
6
3
10
5
8
6
5
11
12
14
14
16
18
18
14
17
21
20
19
19
20
21
15
13
15
13
19
12
12
14
5
7
-2
3
0
-3
9
-3
8
-10
-3
7
2
14
-10
9
2
-7
6
-7
13
-4
-9
2
-9
4
-14
-3
2
-12
-1
-20
-5
-17
-32
-14
-27
-10
-31
-34
-13
-23
-8
-27
-5
17
0
22
7
30
39
12
38
30
44
29
15
49
18
27
19
33
54
11
31
35
45
31
8
42
46
28
10
6
19
7
-13
6
14
18
13
0
30
24
19
29
32
52
15
0
17
9
-1
-33
-25
4
-34
-56
-47
-25
0
-64
-47
-19
-31
-24
-89
-26
-43
-88
-67
-84
-20
-73
-59
3
-4
28
-15
55
80
48
56
11
61
0
-26
-39
-50
-9
-96
-63
-83
-26
-5
-49
44
9
57
7
10
48
-30
-1
-68
4
-19
-65
9
15
106
29
87
174
186
215
116
179
152
117
98
42
102
14
8
31
16
63
1
69
103
58
73
18
58
25
-61
-43
-70
-74
-98
-136
-63
-49
-37
-19
-32
38
19
12
11
-45
-59
-132
-168
-167
-212
-242
-235
-243
-215
-220
-187
-68
-76
-21
-47
-49
22
-62
-7
-51
-56
-18
-96
-25
-42
-37
36
30
91
92
70
154
103
100
95
18
76
-25
-33
3
-64
19
-58
-24
64
6
110
58
88
142
38
147
115
114
149
68
186
153
152
216
213
358
290
306
377
369
406
313
351
336
299
290
254
295
225
221
206
213
241
126
200
150
94
71
-94
6
-129
-197
-214
-358
-259
-463
-475
-417
-531
-395
-550
-504
-456
-594
-422
-558
-481
-484
-622
-433
-560
-459
-478
-509
-317
-437
-325
-365
-304
-198
-303
-204
-276
-164
-219
-215
-136
-215
-94
-235
-112
-138
-163
-40
-154
17
-118
-102
-2
-61
124
38
155
281
239
382
364
517
634
594
686
668
717
756
704
780
763
739
760
748
813
792
773
818
852
813
785
762
790
798
679
734
667
672
653
561
703
591
606
570
489
559
368
357
231
66
-34
-320
-388
-582
-791
-939
-1172
-1246
-1441
-1579
-1627
-1769
-1778
-1887
-1893
-1857
-1932
-1852
-1922
-1805
-1750
-1733
-1552
-1580
-1342
-1325
-1190
-963
-947
-653
-696
-480
-307
-272
-37
-128
76
87
112
285
223
339
290
338
448
440
513
537
540
621
594
627
677
599
645
516
548
567
517
614
527
661
695
786
955
1008
1183
1194
1353
1441
1504
1591
1570
1680
1633
1715
1741
1786
1860
1804
1918
1910
1995
2007
1931
1929
1792
1748
1640
1493
1381
1143
988
778
562
365
27
-205
-528
-852
-1153
-1516
-1777
-2135
-2420
-2616
-2797
-2860
-2950
-2952
-2907
-2872
-2780
-2694
-2588
-2500
-2449
-2397
-2303
-2274
-2182
-2146
-2070
-1871
-1775
-1505
-1399
-1189
-989
-918
-601
-589
-386
-367
-386
-183
-279
-16
-21
153
353
365
762
821
1148
1227
1264
1451
1348
1523
1387
1377
1337
1186
1239
1096
1206
1213
1237
1312
1263
1343
1264
1250
1149
981
809
615
492
280
94
-76
-133
-153
-97
14
130
329
506
765
1040
1331
1639
1838
2040
2227
2378
2549
2617
2652
2642
2598
2588
2510
2405
2253
2016
1809
1530
1241
958
590
224
-258
-674
-1056
-1418
-1740
-2116
-2418
-2707
-2907
-3057
-3180
-3290
-3402
-3418
-3435
-3398
-3352
-3337
-3248
-3253
-3139
-3011
-2890
-2700
-2693
-2582
-2511
-2408
-2242
-2202
-2057
-1995
-1938
-1778
-1670
-1403
-1138
-900
-545
-268
144
591
943
1367
1573
1853
2184
2319
2595
2566
2656
2738
2647
2817
2647
2734
2642
2433
2397
2030
1935
1560
1210
894
357
113
-294
-526
-782
-1039
-1045
-1112
-997
-917
-767
-572
-393
-187
44
325
609
947
1189
1571
1877
2277
2691
2976
3367
3504
3745
3836
3766
3745
3486
3329
2956
2557
2252
1789
1491
1019
632
319
-43
-253
-602
-866
-1175
-1501
-1686
-1937
-2143
-2370
-2586
-2728
-2896
-2948
-2975
-2963
-2927
-2935
-2844
-2727
-2590
-2521
-2506
-2505
-2551
-2602
-2652
-2748
-2868
-3056
-3257
-3365
-3445
-3404
-3386
-3320
-3193
-3035
-2602
-2176
-1667
-1175
-715
-34
509
1172
1655
2050
2530
2771
3211
3435
3678
3829
3784
3896
3783
3788
3675
3440
3139
2623
2213
1766
1307
779
185
-320
-748
-1087
-1323
-1487
-1650
-1689
-1721
-1583
-1374
-1179
-905
-745
-388
-40
450
1024
1482
2016
2436
3016
3535
3925
4240
4400
4541
4543
4465
4303
4060
3709
3311
2893
2496
2109
1598
1159
587
101
-317
-731
-998
-1503
-1847
-2196
-2417
-2520
-2793
-2843
-3024
-3083
-3095
-3147
-3050
-3112
-3098
-3062
-3001
-2873
-2862
-2862
-2918
-3012
-3049
-3065
-3147
-3273
-3485
-3616
-3637
-3714
-3666
-3670
-3538
-3372
-3253
-2854
-2496
-1962
-1464
-1057
-442
72
813
1484
1971
2487
2762
3264
3705
4011
4286
4243
4338
4282
4155
4074
3746
3487
3010
2510
2130
1623
1234
669
109
-338
-796
-1015
-1330
-1621
-1913
-2170
-2155
-2166
-2047
-1921
-1735
-1399
-1116
-562
111
902
1653
2202
2945
3577
4263
4809
5058
5249
5099
5136
5055
4808
4556
3996
3731
3317
2927
2671
2198
1921
1289
765
363
-172
-498
-1135
-1644
-2134
-2606
-2754
-3058
-3217
-3422
-3577
-3461
-3421
-3245
-3163
-3109
-2985
-2966
-2856
-2794
-2776
-2859
-3093
-3315
-3438
-3543
-3689
-3856
-4037
-4031
-4092
-4069
-4024
-4092
-3955
-4006
-3823
-3764
-3657
-3206
-2952
-2238
-1866
-1102
-135
655
1869
2467
3579
4257
4888
5654
5772
6354
6070
6077
5849
5372
5354
4661
4539
3835
3288
2985
2300
2047
1134
536
-193
-958
-1458
-2267
-2719
-3359
-3821
-4085
-4226
-4055
-3827
-3460
-3006
-2410
-1584
-475
657
1762
2552
3333
4252
4977
5706
5922
6032
5988
5839
5932
5721
5678
5253
4760
4467
4026
3889
3367
2779
1977
1048
447
-309
-931
-1752
-2650
-3276
-3742
-3938
-4078
-4148
-4132
-4124
-3975
-3692
-3432
-3190
-3144
-3200
-3152
-3157
-3074
-3037
-3098
-3222
-3420
-3355
-3292
-3252
-3287
-3543
-3652
-3868
-4051
-4238
-4576
-4794
-5128
-5139
-5098
-4949
-4457
-4087
-3278
-2572
-1615
-525
398
1642
2358
3423
4218
4881
5668
5830
6430
6404
6550
6556
6233
6387
5762
5631
5137
4572
4199
3257
2837
1788
963
136
-973
-1557
-2576
-3156
-3709
-4252
-4404
-4672
-4458
-4275
-3957
-3309
-2822
-2036
-1138
-166
1034
1965
2909
3804
4650
5655
6244
6774
7034
7058
7295
7169
7063
6720
6116
5607
4863
4396
3753
2991
2297
1287
603
-146
-804
-1360
-2147
-2721
-3358
-3623
-3780
-4022
-3977
-4153
-4124
-4042
-3896
-3552
-3491
-3296
-3307
-3177
-2838
-2841
-2560
-2641
-2826
-2912
-3194
-3042
-3374
-3674
-4002
-4597
-4473
-4845
-4958
-5080
-5623
-5547
-5850
-5583
-5449
-5548
-5024
-5059
-4301
-3499
-2757
-1496
-816
506
1769
3086
4575
5381
6493
7093
7580
8156
8134
8102
7696
7220
6779
6182
5733
5082
4313
3608
2738
2031
1308
358
-486
-1543
-2449
-3232
-3929
-4406
-5027
-5243
-5413
-5307
-4817
-4281
-3428
-2656
-1515
-266
1051
2456
3610
4910
5812
6665
7445
7938
8333
8230
8198
7918
7603
7362
6744
6287
5517
4884
4228
3421
2794
1765
939
-125
-1065
-1781
-2746
-3366
-4103
-4497
-4780
-4917
-4694
-4709
-4422
-4182
-3872
-3486
-3344
-3081
-2988
-2918
-2837
-2885
-2807
-2903
-3094
-3102
-3352
-3442
-3541
-3737
-3766
-4136
-4252
-4617
-4959
-5022
-5502
-5663
-6128
-6423
-6317
-6270
-5900
-5777
-5428
-4810
-4120
-2986
-1973
-1020
177
1295
2772
4242
5416
6539
7097
7865
8346
8598
8858
8350
8074
7430
6836
6413
5668
5128
4051
3214
2419
1571
986
30
-818
-1806
-2630
-3220
-3750
-4085
-4568
-4820
-4810
-4496
-3882
-3170
-2391
-1581
-491
876
2343
3730
4897
5907
6893
7802
8554
8982
8971
8723
8313
7882
7450
6825
6126
5203
4300
3648
2986
2449
1626
688
-140
-1029
-1595
-2300
-2996
-3686
-4410
-4669
-4893
-4845
-4731
-4667
-4416
-4206
-3759
-3399
-3128
-2973
-2916
-2758
-2809
-2847
-3055
-3281
-3518
-3865
-3958
-4307
-4658
-4881
-5151
-5113
-5323
-5575
-5794
-6213
-6189
-6416
-6591
-6558
-6918
-6705
-6763
-6652
-5965
-5492
-4431
-3789
-2904
-1399
81
2446
4158
5202
6444
7322
8779
9623
9470
9355
8330
8151
7799
7068
6973
5565
5320
4677
3910
3967
2912
2888
1471
318
-279
-1687
-1876
-3309
-4149
-4849
-5584
-4948
-4979
-4281
-3838
-3279
-1924
-1164
215
1402
2331
3453
4173
5267
6268
6994
7805
7938
8058
8305
8254
8376
7751
7115
6710
5768
5301
4295
3449
2691
1393
844
-279
-874
-1426
-2308
-2597
-3525
-3602
-3742
-3891
-3768
-4072
-3629
-3585
-3190
-2858
-2928
-2625
-2805
-2599
-2746
-2848
-2739
-3133
-3111
-3528
-3646
-3587
-3899
-3990
-4558
-4827
-5013
-5284
-5288
-5918
-6375
-6533
-6783
-6691
-6893
-7072
-7188
-7395
-7094
-6910
-6332
-5556
-4926
-3848
-2665
-890
1440
3739
5261
6408
7689
9149
10436
10664
10499
9542
9117
8901
8200
8024
6832
6288
5721
5038
4943
4074
3902
2632
1201
278
-1159
-1797
-3155
-4395
-5471
-6308
-6020
-5872
-5322
-4900
-4368
-3162
-2081
-859
262
1268
2226
3097
4195
5227
6122
6985
7417
7727
8058
8311
8485
8016
7456
6863
6261
5658
4594
3665
2524
1535
736
-259
-1025
-1851
-2441
-2982
-3575
-3883
-4044
-4111
-4243
-4323
-4119
-3823
-3548
-3199
-3027
-2934
-2713
-2631
-2656
-2783
-2893
-2980
-3218
-3380
-3595
-3728
-3769
-4107
-4355
-4562
-4902
-5154
-5478
-5883
-6362
-6612
-6733
-7230
-7564
-7700
-7801
-7704
-7802
-7825
-7437
-6625
-5492
-4523
-3364
-2014
-167
2456
4398
5809
7059
8256
9639
10412
10877
10580
10008
9855
9201
8939
8514
7779
7386
6509
5922
5253
4744
4227
2622
1403
27
-1302
-2096
-3452
-4474
-5457
-6004
-5784
-5697
-4936
-4398
-3790
-2608
-1941
-699
435
1283
2296
2889
4031
4988
5909
7015
7287
7765
8164
8292
8554
8032
7571
6983
6003
5422
4215
3443
2489
1186
619
-578
-1003
-1620
-2275
-2504
-3438
-3314
-3554
-3614
-3598
-3965
-3505
-3611
-3181
-2915
-2916
-2567
-2641
-2420
-2509
-2528
-2503
-2680
-2789
-3102
-3346
-3349
-3470
-3821
-4016
-4529
-4806
-4988
-5308
-5796
-6711
-6868
-7414
-7743
-7762
-8309
-8181
-8430
-8136
-7560
-6797
-5462
-4923
-3635
-2320
-568
2268
4231
5577
6461
7817
9553
10512
11052
10637
9946
9991
9643
9389
9058
8120
7621
6702
6067
5354
4553
4179
2197
732
-581
-1929
-2589
-4177
-5297
-6694
-7140
-6715
-6745
-5909
-5667
-4959
-3792
-2886
-1608
-743
297
871
1494
2709
3663
4905
5930
6569
7109
7774
8618
8900
8845
8409
7672
7109
6311
5446
4400
3252
1996
745
69
-673
-1309
-1897
-2612
-3114
-3326
-3227
-3339
-3534
-3718
-3821
-3714
-3422
-3263
-3223
-2969
-3023
-2888
-2768
-2573
-2388
-2645
-2657
-3110
-3029
-2978
-3409
-3620
-4279
-4406
-4818
-5050
-5314
-6134
-6291
-6841
-6942
-7017
-7291
-7295
-7739
-7512
-7556
-7379
-6760
-6641
-5808
-4987
-3895
-2311
-536
2210
4226
5791
7476
8686
10811
11801
11869
11768
10668
10761
10106
9733
9246
7511
7521
6397
5999
5669
4433
4318
2263
1307
-63
-1692
-2252
-4580
-5553
-7027
-7847
-7345
-7559
-6636
-6497
-5518
-3939
-3028
-1321
-475
473
1338
1925
3213
4024
5080
5996
6383
7223
7870
8763
9271
8979
8915
8387
8097
7413
6315
5476
3916
2750
1529
502
-279
-1441
-1956
-2808
-3284
-3236
-3432
-3361
-3812
-3920
-3813
-3759
-3374
-3537
-3481
-3445
-3550
-3235
-3210
-3088
-3104
-3396
-3429
-3648
-3368
-3271
-3598
-3627
-4016
-3949
-4001
-4256
-4445
-5192
-5404
-5904
-6218
-6287
-6849
-6822
-7295
-7365
-7263
-7277
-6613
-6437
-5582
-4801
-3923
-2235
-534
1975
3868
5171
6653
7963
9778
10811
10921
10784
9986
9800
9524
9026
8688
7330
6817
6122
5358
5173
4052
3607
1919
403
-501
-2195
-2896
-4732
-5940
-6863
-7816
-7232
-7273
-6558
-6130
-5555
-3878
-3037
-1627
-573
198
1228
1856
3310
4461
5436
6635
7115
8012
8878
9563
10152
9737
9366
8825
8142
7499
6255
5182
3794
2230
1382
338
-584
-1406
-2296
-2734
-3498
-3637
-3688
-4144
-4264
-4845
-4754
-4676
-4702
-4363
-4637
-4431
-4419
-4120
-3640
-3803
-3492
-3666
-3672
-3608
-3661
-3285
-3575
-3678
-3821
-4131
-4014
-4167
-4048
-4250
-4773
-4632
-4899
-4875
-4946
-5545
-5621
-6377
-6588
-6614
-6758
-5762
-5512
-4366
-3061
-1737
1483
3448
5411
6668
7557
9714
10042
10869
10436
9150
9415
8210
8396
7875
6901
7241
6059
6359
5651
5136
5381
3208
2289
376
-1247
-2164
-4281
-5195
-7146
-7804
-7467
-7674
-6540
-6317
-5314
-3941
-3088
-1544
-755
424
1063
1456
2813
3446
4676
5793
6446
7430
8096
9486
10096
10317
10465
9653
9457
8546
7470
6361
4647
3362
1647
524
-550
-1741
-2162
-3148
-3897
-4186
-4493
-4524
-4977
-5330
-5541
-5840
-5456
-5617
-5676
-5410
-5588
-5032
-4911
-4525
-4213
-4295
-3728
-3906
-3329
-3090
-3115
-2597
-3075
-2897
-3203
-3222
-3256
-4165
-4133
-5027
-5330
-5482
-6115
-6040
-7048
-7152
-7029
-6900
-5828
-5682
-4608
-3353
-1675
1443
3010
4512
5818
7050
9333
9628
10133
10013
9119
9734
8792
9141
8757
7648
8170
6696
6782
6088
5401
5293
2513
1664
-237
-1774
-2758
-5236
-6084
-8008
-8534
-8260
-8523
-7485
-7370
-6248
-5010
-4369
-2763
-1751
-775
-210
363
1962
3004
4440
5905
6806
8219
9361
10696
11446
11527
11554
10764
10052
8940
7626
6471
4692
3022
1639
513
-302
-1176
-1780
-2658
-3511
-3483
-3891
-4333
-5019
-5728
-5922
-6497
-6324
-6498
-6386
-5951
-6036
-5213
-4856
-4045
-3449
-3431
-3118
-3468
-2907
-2750
-2811
-2683
-3163
-2995
-3189
-3068
-2991
-3309
-3198
-3833
-4307
-4682
-4814
-4657
-5435
-6212
-6925
-6927
-6056
-5374
-4821
-4282
-2715
-19
2541
4308
5734
7203
8884
9915
10100
10351
9797
9540
8988
8312
8192
7342
7687
7024
6166
5984
5192
5411
3785
2302
832
-1250
-2175
-4421
-5729
-7186
-8614
-8558
-9034
-8325
-7670
-6724
-5322
-4844
-3441
-2110
-1023
-5
308
1123
2225
3589
5319
6246
7319
8626
9717
11151
11497
11735
11625
10629
9995
8533
7615
6251
4345
3047
921
105
-708
-1506
-2170
-3543
-3634
-4284
-4525
-4809
-5618
-5748
-6509
-6547
-6571
-6546
-6107
-6031
-5557
-5319
-4797
-3921
-3497
-3332
-3440
-3561
-3400
-3285
-3242
-3436
-4015
-4205
-4409
-4326
-4242
-4739
-5012
-5703
-6043
-6120
-6428
-6487
-6988
-6865
-6351
-5715
-4274
-2980
-848
1652
3518
5467
6986
8990
10680
11146
11362
10643
10500
10591
9942
9678
8522
7929
7722
7047
6914
5798
5293
4268
2314
1296
-584
-1939
-3736
-5916
-7260
-8908
-9085
-9335
-9460
-8871
-8643
-7249
-6015
-4895
-3579
-2626
-1512
-864
86
1371
2442
3897
5177
6174
7545
9095
10543
11439
11645
11605
11297
10889
10094
8713
7372
5649
3933
2834
1631
750
-75
-941
-1582
-2236
-2091
-2384
-2995
-3530
-4509
-4728
-5042
-5289
-5521
-5861
-5711
-5736
-5340
-4942
-4730
-4386
-4341
-4448
-4293
-4072
-4146
-4282
-4646
-4652
-4601
-4359
-4149
-4649
-4533
-4795
-4800
-4852
-5464
-5337
-5995
-6375
-7066
-7359
-6305
-5925
-4772
-4345
-3444
-1043
1441
4851
6194
7302
8644
9712
11847
11780
11817
11153
9924
10082
9062
9383
8724
7654
7445
5702
5821
5162
4362
3429
525
-635
-2519
-3702
-4740
-7012
-7769
-9268
-9316
-8577
-8359
-7123
-6867
-5818
-4726
-3889
-2130
-1474
-856
-614
-208
1366
2545
3999
5271
6340
7923
9210
10714
11606
11668
11589
10611
9681
8582
7277
6137
4175
2629
1362
564
447
-348
-638
-1364
-1802
-1534
-2088
-2269
-3263
-3894
-4331
-5171
-4966
-5447
-5395
-5371
-5663
-5122
-5040
-4423
-4280
-4600
-4708
-5179
-4843
-4941
-5379
-5502
-5791
-5600
-5400
-5070
-4857
-5039
-4747
-4792
-4862
-4724
-5048
-5287
-6036
-6504
-6619
-6414
-5574
-5139
-4073
-2804
-876
2345
5088
6896
8026
9465
11198
12054
12212
11845
10644
10026
9286
8666
8526
7284
7037
6182
5611
5408
4380
4446
2213
546
-880
-2930
-3754
-5987
-7094
-8647
-9629
-9034
-9135
-7977
-7432
-6520
-5026
-4126
-2491
-1344
-397
168
474
1622
2658
3894
5331
6042
6991
8278
9750
10960
11089
11026
10565
10034
9456
8200
7103
5397
3672
2544
1224
580
-190
-758
-1386
-2282
-2020
-2264
-2366
-2743
-3645
-3902
-4494
-4390
-4530
-4892
-4980
-5418
-4986
-4770
-4637
-4260
-4441
-4626
-4769
-4628
-4672
-4997
-5150
-5423
-5639
-5584
-5654
-5923
-6089
-6204
-6288
-6287
-6475
-6638
-6505
-6468
-6293
-6091
-5362
-4582
-3735
-2200
-1097
989
3564
5708
7156
8029
9736
11027
11978
11920
11203
10729
10220
9834
9127
8610
7408
6650
5955
5014
4401
3376
2648
546
-1063
-2342
-3946
-4781
-6525
-7703
-8715
-8970
-8437
-8249
-7307
-6772
-5811
-4433
-3549
-2289
-1234
-351
146
653
1881
3149
4830
6158
6753
7636
8973
10415
10997
10767
9937
9090
8462
7610
6476
5103
3678
2181
1485
873
508
346
-202
-678
-1320
-1009
-1046
-1387
-1973
-3042
-3287
-3632
-3479
-3705
-4082
-4218
-4552
-4082
-4058
-3860
-3883
-4404
-4872
-5424
-5253
-5613
-5943
-6475
-7181
-7103
-6952
-6355
-6226
-6314
-6319
-6322
-5969
-5906
-5802
-5906
-6646
-7287
-6965
-6059
-4817
-3935
-3170
-1438
1021
4701
7010
8411
9778
10544
12529
12688
12588
11905
10511
10300
8635
8779
8125
7263
7329
5557
5521
4542
4365
3726
1036
-297
-2910
-3956
-5205
-7092
-7967
-9640
-9555
-9347
-8527
-7104
-6428
-4973
-4018
-3155
-1804
-762
144
299
351
1207
2206
3898
5313
6134
7285
8406
9897
10873
11139
10952
10053
9039
7957
6668
5657
4099
2222
1100
-29
-63
-333
-540
-832
-1737
-1147
-1496
-1405
-1822
-2738
-2960
-3893
-3506
-3910
-3816
-3744
-4266
-3891
-4157
-3522
-3569
-3706
-4315
-5288
-5120
-5732
-5802
-6577
-7246
-7723
-8314
-7823
-8117
-7777
-7835
-8068
-7846
-7915
-7158
-6870
-6586
-6467
-6138
-4789
-3501
-1737
276
2704
4952
6625
8604
10287
12121
12918
12765
12481
11699
11809
11156
10540
9654
8156
8029
6960
6584
5714
4442
3774
1494
315
-1551
-3145
-4472
-6886
-8046
-9537
-9707
-9411
-9298
-8441
-8048
-6606
-5100
-3880
-2593
-1829
-956
-410
162
1143
2100
3381
4493
5350
6542
7856
9382
10345
10445
10110
9499
9115
8282
6992
5539
3780
2374
1356
567
26
-364
-637
-996
-1124
-819
-746
-932
-1436
-2214
-2566
-2718
-2771
-2938
-3226
-3316
-3293
-2767
-2514
-2516
-2433
-2837
-3336
-3919
-4235
-4785
-5605
-6395
-7530
-7947
-7870
-7814
-7934
-8316
-8392
-8152
-7634
-7356
-7688
-7879
-8146
-8381
-7637
-6773
-5832
-4821
-3439
-972
2129
5509
7586
9135
10916
12461
13742
14014
13593
12550
11901
11142
10421
9972
9046
8557
7577
7055
6216
5459
5068
2942
1131
-1161
-3051
-4517
-6573
-7941
-9920
-10550
-10361
-9976
-8599
-7820
-6450
-5083
-3877
-2463
-1450
-364
-137
-168
321
905
2070
3496
4529
5525
6643
8267
9819
10625
10922
10252
9484
8596
7431
6281
4598
2914
1341
297
-111
-410
-430
-693
-1145
-1053
-872
-750
-1106
-1766
-2326
-3027
-2938
-2949
-2980
-2831
-2990
-2635
-2509
-2004
-1732
-1962
-2245
-3441
-4047
-4482
-5048
-5708
-7051
-7891
-8620
-8615
-8274
-8694
-8837
-9199
-9124
-8747
-8625
-8549
-8927
-8912
-8608
-7895
-6647
-5401
-4044
-1658
1276
4086
6435
8416
10719
12372
13805
14009
13777
13620
12943
12685
11765
11175
10174
9662
9300
8189
7670
6468
5597
3829
1869
-7
-2477
-4130
-6523
-8282
-9870
-10982
-10953
-11030
-10138
-9343
-7903
-6297
-5106
-3516
-2399
-1287
-656
-97
612
1247
2243
3319
4640
6099
7517
8980
10219
10986
11526
11390
10674
9421
8009
6599
4698
3195
1503
227
-511
-1129
-1150
-1403
-1296
-1376
-1380
-1301
-1714
-1909
-2466
-2976
-3453
-3642
-3514
-3402
-3076
-2833
-2461
-2079
-1559
-1381
-1687
-2208
-2908
-3586
-4348
-5090
-6156
-7073
-7698
-8012
-8065
-8090
-8128
-8463
-8286
-8181
-8100
-7839
-8132
-8426
-8780
-8303
-7293
-6381
-4923
-3885
-1862
1291
4305
6966
8538
10413
11940
13184
14018
13564
13153
12486
11744
11024
10590
9952
9294
8748
7839
7014
6225
5741
4016
1986
-19
-2355
-3967
-5922
-7554
-9169
-10348
-10504
-10413
-9292
-8288
-7228
-5731
-4621
-3313
-2128
-898
-297
-139
383
880
1974
3296
4579
5545
6564
8000
9159
10292
10580
10162
9541
8421
7507
6156
4939
3375
1667
977
-83
-165
-429
-704
-906
-1476
-1097
-1682
-1671
-2251
-3046
-3321
-3962
-3594
-3773
-3328
-3211
-3112
-2503
-2319
-1606
-1640
-1926
-2730
-3428
-3762
-4549
-5263
-6434
-7254
-7763
-8019
-8168
-8605
-8652
-9029
-9021
-9001
-9127
-8883
-9185
-8900
-8846
-8123
-6876
-5899
-3869
-2204
797
3787
5800
8068
9565
11921
13150
13337
13505
12544
12775
12359
11716
11550
10215
10218
9479
8812
8409
6921
6590
4438
2509
797
-1687
-3056
-5700
-7354
-9010
-10346
-10071
-10442
-9675
-9126
-8095
-6393
-5404
-3830
-2868
-1741
-824
-448
536
1337
2605
3920
4910
6275
7516
9195
10390
10621
10894
10403
9925
8865
7394
6136
4128
2926
1508
366
-89
-808
-731
-1189
-1244
-1101
-1204
-1031
-1747
-2189
-2697
-3166
-3380
-3679
-3814
-3713
-3265
-2876
-2471
-2195
-1550
-1531
-1715
-2113
-2850
-3174
-4197
-4798
-5850
-6682
-7018
-7537
-7559
-8254
-8353
-8498
-8827
-8727
-9057
-9000
-9398
-9795
-9502
-9197
-7884
-6819
-5585
-3623
-1582
2125
4975
7094
8857
10219
12539
13154
13583
13302
12354
12337
11418
11228
10701
9938
9816
8854
8493
7685
6853
6239
4037
2081
-66
-2110
-3748
-5991
-7516
-9187
-9999
-9831
-9746
-8768
-7954
-6734
-5426
-4387
-2995
-1950
-890
-439
-188
549
1433
2762
4082
5255
6352
7629
9168
10089
10582
10498
9851
8887
7555
6378
4846
3416
1823
466
-267
-887
-857
-1043
-1074
-1310
-1267
-1019
-1406
-1627
-2345
-2791
-3370
-3751
-3685
-3867
-3467
-3467
-3118
-2669
-2363
-1773
-1921
-2149
-2824
-3240
-3623
-4340
-4946
-5852
-6386
-6824
-6749
-7012
-7184
-7249
-7622
-7603
-8177
-8112
-8349
-8789
-9191
-9785
-8750
-7712
-6313
-4774
-3561
-901
2107
5273
7434
8531
10250
11327
12392
12688
12189
11982
11257
10899
10437
10282
10088
9630
9218
8282
7547
6784
6021
4054
1811
-269
-2410
-3866
-5841
-7235
-8655
-9378
-9222
-9092
-7918
-7128
-5968
-4889
-4199
-3108
-2150
-1047
-701
-480
192
1282
2870
4426
5706
6747
8154
9410
10354
10760
10438
9816
8458
7222
5742
4328
3219
1402
464
-546
-744
-488
-744
-536
-1330
-1032
-1176
-1621
-1793
-2928
-3175
-4118
-4234
-4256
-4314
-3686
-3943
-3400
-3178
-2487
-1812
-1882
-2141
-3146
-3242
-3622
-4068
-4834
-5916
-6455
-7128
-7111
-7442
-7678
-7875
-8378
-8495
-8806
-8842
-8911
-9028
-8910
-8791
-7802
-6418
-4832
-2547
-5
2976
5059
7225
9334
11138
12887
12818
12972
12253
12185
12175
11329
11358
9746
9782
9305
8684
8509
6941
6698
4438
2911
1249
-1134
-2313
-5021
-6484
-8312
-9293
-9146
-9513
-8648
-8526
-7437
-5964
-4898
-3453
-2701
-1700
-1187
-594
433
1194
2603
3910
5002
6357
7774
9568
10677
11028
10920
10180
9663
8504
6976
5279
3125
1516
105
-906
-1611
-2084
-2129
-2367
-2358
-1934
-1746
-1693
-2039
-2716
-3055
-3467
-3580
-3831
-4187
-4074
-4019
-3262
-2862
-2489
-1876
-1909
-1791
-2194
-2351
-2755
-3539
-4057
-5269
-5776
-6123
-6487
-6623
-7320
-7452
-7777
-7888
-7823
-8369
-8413
-9096
-9556
-9366
-9170
-8213
-7358
-6169
-4549
-2338
1090
4063
6105
8137
9710
11692
13175
13371
13580
12678
12527
12034
11322
11448
10080
10006
9101
8164
7953
6669
6407
4139
2300
599
-1738
-2614
-4906
-6398
-7941
-9047
-8705
-8903
-7882
-7358
-6653
-5255
-4538
-3108
-2053
-1247
-669
-536
480
1558
3003
4631
5569
6725
8189
9673
10794
11140
10779
10121
8960
7989
6575
4836
3532
1350
380
-621
-1101
-971
-1618
-1227
-2099
-1639
-1439
-1980
-1976
-3352
-3391
-4289
-4150
-4080
-4574
-3898
-4331
-3384
-3158
-2457
-1932
-2287
-2083
-3226
-3109
-3531
-4032
-4733
-6042
-6306
-6961
-6580
-6869
-7486
-7834
-8282
-7951
-8121
-8138
-8731
-9224
-8971
-8691
-7800
-6891
-5841
-4409
-2474
375
3267
5528
7526
8832
10539
12076
12600
13110
12367
12046
11533
11026
11228
10061
9900
8973
7990
7633
6370
6045
4197
2377
589
-1706
-2690
-4581
-5940
-7360
-8738
-8730
-8744
-7960
-7451
-6827
-5688
-4970
-3717
-2667
-1785
-1110
-709
12
868
2412
4074
5469
6701
7803
9311
10598
11306
11109
10293
9338
7907
6667
5183
3408
1761
212
-789
-1484
-1517
-1486
-1676
-1823
-1913
-1766
-1673
-1756
-2529
-3179
-3830
-4177
-4081
-4193
-3990
-4163
-3648
-3266
-2872
-1892
-1904
-1882
-2564
-2912
-3171
-3753
-3987
-5260
-5842
-6351
-6550
-6465
-6828
-6884
-7469
-7393
-7599
-7900
-7927
-8492
-8929
-9435
-9075
-8395
-7444
-6137
-4911
-2687
493
3626
6040
7941
9709
11498
12812
13535
13269
12645
12320
11540
11194
10707
10051
9627
8908
8415
7524
7002
6383
4542
2800
765
-1139
-2714
-4541
-6079
-7868
-8704
-8839
-8835
-7939
-7348
-6335
-5191
-4182
-3115
-2228
-1087
-781
-507
-47
594
1868
3442
5035
5875
7200
8708
9915
10985
10956
10379
9154
7954
6760
5089
3860
1886
155
-707
-1462
-1300
-1380
-1255
-1472
-1711
-1089
-1394
-1408
-1975
-2946
-3609
-4232
-4042
-4365
-4127
-4050
-4106
-3406
-2847
-2054
-1960
-1906
-2495
-3163
-3237
-3840
-4295
-5243
-6057
-6811
-7001
-6807
-7263
-7440
-7861
-8052
-8239
-8186
-8357
-8912
-8813
-8985
-8488
-7690
-6621
-5118
-3325
-360
2009
4344
6798
8564
10729
11944
12546
12759
12322
12573
11841
11560
11340
10141
10273
9436
9114
8550
7470
7054
4797
3729
1864
-276
-1700
-4265
-5562
-7460
-8322
-8721
-9243
-8395
-8297
-7266
-6152
-5172
-3929
-3204
-2172
-1790
-1141
-292
191
1293
2696
4389
5854
7354
8962
10101
11264
11573
11152
10151
8808
7362
5557
4035
1933
374
-718
-1537
-1776
-1957
-1556
-1850
-1430
-1197
-1388
-1353
-2018
-2355
-3484
-3771
-4178
-4548
-4200
-4514
-3920
-3734
-2870
-2374
-2091
-1542
-2286
-2124
-2692
-3184
-3784
-4758
-5128
-6287
-6191
-6422
-6923
-6727
-7162
-6996
-7240
-7499
-7586
-8276
-8399
-9060
-9454
-8801
-8522
-7389
-6132
-4576
-1722
1089
4306
6405
8246
10674
11847
13180
13369
12813
12617
11793
11569
10855
10292
10155
9295
9184
8571
7891
7670
6271
4773
2708
757
-1009
-3331
-4839
-6959
-8432
-8867
-9239
-8657
-8195
-7091
-6099
-5100
-3715
-3067
-1972
-1458
-1277
-893
-516
298
1229
2912
4507
5713
7446
8996
10280
11451
11506
10949
9716
8492
7188
5203
3953
1666
189
-649
-1550
-1300
-1764
-1245
-1625
-1487
-947
-1617
-1250
-2246
-2884
-3709
-4253
-4155
-4746
-4282
-4546
-4259
-3601
-2946
-2247
-2141
-2046
-2631
-2710
-3137
-3650
-4399
-5348
-5951
-6774
-6510
-6780
-6913
-6981
-7535
-7220
-7303
-7098
-7368
-7965
-8026
-8309
-7769
-7121
-6576
-5401
-4181
-2143
798
3340
5657
7352
9059
10894
11812
12753
12486
11906
11644
10738
10655
10156
9596
9091
8180
7936
7197
6767
6071
4216
2603
629
-1152
-2756
-4614
-6253
-8044
-8868
-9074
-8935
-8059
-7428
-6537
-5531
-4287
-2953
-1852
-895
-717
-214
434
1139
2187
3436
4886
5861
7168
8424
9537
10634
10705
10027
8957
7796
6615
5270
3867
2055
422
-358
-1093
-1244
-1239
-1487
-1583
-1775
-1441
-1641
-1752
-2080
-3117
-3510
-4038
-4036
-4026
-3990
-3852
-4037
-3299
-2837
-2475
-2002
-2196
-2529
-2789
-2946
-3206
-3559
-3937
-4585
-5187
-5109
-5450
-5594
-5679
-6584
-6869
-7305
-7400
-7735
-8269
-8387
-9220
-8799
-8395
-7845
-6522
-5711
-3841
-1862
1079
3860
5472
7816
8961
10658
11911
12047
12402
11454
11716
11055
10760
11141
9949
10217
9217
8918
8497
7374
6993
4389
3053
840
-1340
-2710
-5240
-6523
-8523
-9052
-9186
-9246
-8160
-7909
-6620
-5732
-4507
-3315
-2713
-1626
-1588
-972
-322
396
1590
2707
4671
5881
7216
9023
9881
11162
11441
10745
9937
8437
7582
5714
4336
2879
595
207
-945
-1161
-1299
-1727
-1539
-2327
-1792
-2295
-2636
-2815
-3888
-4336
-5084
-4807
-4934
-4727
-4466
-4477
-3699
-2980
-2199
-2176
-1850
-2206
-2369
-2339
-2848
-3074
-3960
-4245
-5340
-5570
-5653
-6357
-6180
-7414
-7460
-7792
-7841
-7464
-8473
-8048
-8713
-8133
-7138
-6970
-5128
-4677
-2603
-218
1974
4782
5876
8241
9525
10830
12142
11961
12400
11828
11656
11396
11013
10689
9933
9504
8776
8150
7347
6576
4971
3262
1509
-563
-2268
-4313
-5797
-7678
-8727
-9113
-9362
-8636
-8231
-7184
-6310
-5083
-3830
-2839
-1545
-1294
-552
66
762
1981
3124
4501
5299
6616
8098
9276
10369
10435
10221
9676
8788
7978
6656
5271
3589
2117
1047
36
-311
-873
-1251
-1729
-1984
-1842
-2125
-2228
-2976
-3601
-4152
-4557
-4552
-4863
-4751
-4859
-4608
-4074
-3574
-2807
-2394
-2331
-2522
-2410
-2509
-2586
-2859
-3628
-4268
-4816
-4874
-5208
-5417
-5933
-6811
-6937
-7349
-7552
-7709
-8198
-8649
-8884
-8434
-7782
-6810
-5701
-4672
-3112
-609
2008
4056
5929
7194
8664
10054
10808
11329
10946
11124
10806
10561
11111
10465
10620
10064
9538
9147
7995
7778
5670
3963
1984
-574
-1974
-4330
-5771
-7645
-8805
-9141
-9608
-8588
-8228
-7351
-6422
-5552
-4313
-3547
-2404
-2062
-1624
-1035
-470
572
1674
3290
4668
6231
7893
9152
10436
11296
11536
10948
9911
8718
7219
5995
4397
2576
1329
126
-442
-807
-915
-1152
-1564
-1479
-2052
-2093
-2436
-3167
-3828
-4760
-4978
-5387
-5132
-5012
-4872
-4363
-3909
-3075
-2715
-2043
-2078
-2101
-2350
-2887
-2925
-3430
-3456
-4437
-4842
-5149
-5680
-5349
-6086
-6446
-7225
-7470
-7511
-7948
-7863
-8532
-8382
-7990
-7204
-6140
-5000
-3460
-1692
932
2961
4996
6668
8250
9705
10397
11279
11131
11333
11390
11069
11263
10722
10793
10387
9898
9605
8413
7771
6172
4429
2614
234
-1538
-3916
-5602
-7221
-8640
-9121
-9610
-9208
-8806
-7983
-7003
-6121
-4926
-4047
-3051
-2504
-1895
-1393
-804
173
1091
2455
3718
5567
7144
8638
10336
10975
11645
11556
10991
10018
8652
7316
5302
3889
2420
936
234
-560
-1169
-1390
-1503
-1651
-1968
-2200
-2645
-3329
-3751
-4513
-5167
-5501
-5695
-5644
-5483
-4907
-4382
-3759
-2983
-2483
-2184
-1877
-1978
-2284
-2463
-2929
-3289
-3789
-4166
-4798
-5145
-5097
-5717
-5951
-6556
-6898
-7025
-7429
-7467
-8145
-8095
-7747
-7257
-6102
-5570
-4231
-2595
-606
1972
3347
5354
6766
8057
9844
10128
11148
10972
11230
11587
10936
11824
11017
11161
10682
9593
9368
7668
7178
4946
2971
1116
-1511
-2668
-4981
-6275
-7778
-8841
-8924
-9361
-8487
-8176
-7403
-6541
-5952
-4727
-3965
-2866
-2304
-1902
-1020
-161
1300
2791
4282
5676
7011
8707
9960
10876
11288
10787
10207
9290
8225
7047
5651
4291
2716
1867
1012
441
97
-611
-1032
-1654
-1854
-2309
-2845
-3517
-4412
-4964
-5470
-5434
-5557
-5310
-5108
-4793
-4182
-3601
-2735
-2628
-2264
-2667
-2867
-2555
-3130
-3101
-3977
-4280
-4525
-4823
-4348
-5182
-5045
-5648
-6079
-5823
-6670
-6554
-7237
-7640
-7789
-8148
-7324
-6957
-6182
-5132
-4316
-2194
-124
2175
4545
5572
7393
8561
9938
11166
10877
11293
10449
10569
10660
10257
10596
9416
9241
8407
7630
7255
5722
4542
2116
233
-1447
-3348
-4553
-6543
-7866
-8851
-9236
-8738
-8419
-7574
-6962
-6162
-4934
-4072
-2873
-2019
-1407
-944
-587
560
1616
3247
4959
6113
7432
8999
10534
11567
12339
11849
10974
9972
9086
7779
6367
5132
2671
1911
813
230
29
-837
-1054
-2466
-1990
-2575
-2940
-3069
-4513
-4666
-5685
-5007
-5181
-4987
-4386
-4875
-3913
-3700
-2505
-2445
-2289
-2251
-3206
-2600
-2959
-2816
-3273
-3614
-3880
-4418
-3717
-4261
-4462
-4988
-5764
-6311
-6682
-6595
-7255
-7313
-7822
-7885
-7496
-6632
-5587
-5234
-3935
-3245
-1327
881
2835
4644
5289
7057
8005
9559
10728
10689
10878
10485
10817
10583
10623
10203
8937
8092
6915
5909
4809
3590
1607
-427
-2032
-3556
-4637
-5736
-6939
-8150
-8676
-8657
-8275
-7585
-7116
-6592
-5931
-4915
-3691
-2648
-1738
-1278
-787
110
1394
2914
4263
5783
6971
8163
9854
10954
11665
11737
11004
10142
9082
8289
6896
5393
4006
2151
1494
716
109
-367
-1266
-1672
-2363
-2274
-2610
-3244
-3675
-4464
-4653
-4826
-4542
-4469
-4343
-3992
-3727
-3113
-2642
-2030
-2265
-2217
-2330
-2741
-2329
-2778
-2897
-3372
-3449
-3342
-3611
-3209
-4177
-4584
-4778
-5345
-5659
-6101
-6561
-7021
-6982
-7050
-6948
-6961
-6342
-6116
-5230
-4079
-3281
-1026
606
2914
4421
6128
7999
9123
10739
10991
11370
11043
11362
11017
10511
10350
9050
8731
7443
7020
5587
4419
3504
1053
292
-1829
-3130
-4540
-6182
-7082
-8614
-8404
-8917
-8623
-7882
-7614
-6356
-5651
-4301
-3547
-2711
-1605
-1381
-384
110
1229
2511
3922
6007
6797
8587
9976
10991
12251
11994
11583
10370
9407
8310
6460
5389
3243
1549
784
-558
-877
-1515
-2028
-2624
-3074
-2792
-3380
-3341
-3885
-4489
-4765
-4809
-4567
-4614
-4196
-4198
-3676
-3254
-2678
-2330
-2233
-1992
-2420
-2448
-2556
-2630
-2939
-3177
-3608
-4097
-3864
-3987
-4174
-4555
-5137
-5342
-5685
-5320
-5726
-6431
-6214
-7070
-6276
-6564
-6695
-6032
-6576
-4856
-4613
-2662
-733
566
3561
4584
7095
8626
9947
11409
11176
11481
11164
10797
10449
9641
8753
7969
7032
6522
5613
4679
3898
2346
1386
-265
-1574
-2741
-4448
-5520
-6823
-7396
-7670
-7683
-7274
-6985
-6177
-5227
-4259
-3149
-2402
-1593
-868
-353
495
1236
2401
3565
4797
6148
7428
9039
10262
11184
11378
11226
10711
9954
8937
7424
5945
4191
2898
1655
623
-109
-1008
-1407
-1952
-2314
-2444
-2890
-3141
-3689
-4096
-4315
-4503
-4314
-4516
-4425
-4143
-3775
-3203
-2925
-2615
-2556
-2438
-2280
-2449
-2583
-2839
-3212
-3374
-3699
-3972
-4232
-4329
-4359
-4939
-4994
-5314
-5680
-5392
-5822
-6007
-6174
-6389
-6211
-6591
-6358
-6634
-6747
-5672
-5516
-4091
-2818
-1324
1314
2891
5453
6821
8347
10069
10225
11131
10618
10236
9777
8778
8504
7223
6720
6096
5045
4766
3875
3293
2383
1211
96
-1500
-2483
-4039
-5260
-6254
-7333
-7496
-7799
-7270
-6800
-5951
-4766
-4047
-2634
-1871
-785
67
496
1466
1916
3200
4425
5621
6976
7895
9326
10371
11246
11477
11068
10341
9387
8312
6979
5607
3815
2575
1114
383
-156
-863
-925
-1814
-1802
-2252
-2381
-2447
-3336
-3402
-4342
-4367
-4487
-4564
-4217
-4509
-3823
-3792
-3212
-2597
-2610
-2122
-2481
-2349
-2346
-2513
-2301
-3056
-3162
-3363
-3715
-3202
-3780
-3918
-4382
-5059
-4430
-5313
-5098
-5402
-6518
-5827
-6831
-6165
-6352
-6910
-5848
-6841
-4706
-4002
-2908
-89
239
3422
4525
6309
8285
8064
9965
8905
9143
9143
7872
8404
6828
6857
6185
5441
5982
4795
4850
3852
2892
2175
652
-263
-2327
-3589
-5115
-6418
-6907
-7677
-7550
-7614
-6791
-6072
-5008
-3619
-2905
-1571
-1034
-89
656
1272
2467
3092
4468
5457
6781
8184
9163
10573
10753
11013
10519
9837
9080
7773
6620
4646
3650
2137
1455
755
13
-164
-1126
-729
-1606
-1433
-1991
-2868
-3030
-4395
-4136
-5051
-4879
-4983
-5267
-4514
-4572
-3420
-3240
-2685
-2418
-2546
-1996
-2177
-1972
-2277
-2563
-2715
-2960
-2771
-2865
-2880
-2943
-3360
-3372
-3502
-3944
-3730
-4394
-4745
-4912
-5527
-4978
-5698
-5400
-5835
-6328
-5227
-5944
-4011
-3556
-2475
-236
477
3460
4051
6032
6972
7027
8172
7264
7754
7004
6732
6411
5782
5965
5571
5729
5508
5338
4809
4439
3585
2277
1102
-712
-2258
-3805
-5090
-6209
-7037
-7067
-7076
-6515
-5489
-4657
-3375
-2420
-1617
-809
-274
474
709
1263
1798
2440
3824
5040
6362
7348
8547
9324
9859
10210
9549
8920
7680
6790
5453
4345
3442
1901
1554
503
341
61
-383
-408
-1451
-1290
-2179
-2622
-3094
-4149
-4520
-5458
-5175
-5499
-5230
-4752
-4713
-3879
-3566
-2701
-2508
-2026
-1708
-1957
-1568
-1795
-1775
-1952
-2073
-2249
-2585
-2562
-2712
-3017
-3123
-3223
-3788
-3422
-3656
-3810
-3725
-4035
-3608
-4191
-3814
-4385
-4930
-4390
-4823
-3939
-3660
-2827
-1624
-282
1637
2686
4020
4964
5729
6143
6491
6414
6105
6034
5570
5379
5115
5167
5032
4693
4636
4005
3653
3205
1943
938
-529
-1824
-2962
-4166
-4721
-5607
-5571
-5407
-5039
-3988
-3245
-2028
-1328
-521
279
816
1596
1801
2229
2657
3272
4052
4827
5856
6426
7328
7814
8020
8167
7658
7352
6329
5482
4424
3358
2853
1636
1226
470
12
-179
-710
-741
-1523
-1665
-2255
-2803
-3190
-3864
-4061
-4630
-4438
-4613
-4209
-3707
-3463
-2718
-2504
-1800
-1781
-1448
-1391
-1837
-1722
-2197
-2267
-2591
-2663
-2721
-3028
-2833
-2913
-2874
-2910
-3033
-3368
-3408
-3325
-3725
-3687
-3728
-3983
-3927
-3989
-4222
-4672
-4756
-4841
-5035
-4319
-4076
-3316
-2091
-877
720
1906
3397
4177
5107
5713
6005
6146
5898
5966
5155
5254
4833
4504
4465
3928
4030
3161
3333
2636
1694
1356
-192
-737
-1880
-2559
-3136
-3808
-3527
-3813
-2998
-2415
-1773
-830
-341
614
1010
1740
2120
2448
3037
3329
4034
4460
5414
6053
6475
7102
7004
7311
7004
6545
5965
4772
4184
2946
2366
1596
632
423
-527
-539
-1047
-1187
-1283
-2000
-1962
-2675
-2703
-3119
-3364
-3408
-3760
-3310
-3246
-2562
-2163
-1704
-1228
-1135
-685
-745
-607
-911
-1314
-1698
-2078
-1946
-2277
-2302
-2523
-2860
-2773
-2669
-2523
-3044
-3133
-3488
-3953
-3771
-4167
-4211
-4579
-4928
-5209
-5477
-5297
-5640
-6007
-6247
-6492
-6109
-5054
-4365
-3158
-2355
-647
1191
2332
4439
4552
5514
5691
5653
6058
5161
5565
4283
4174
4005
3616
4283
3722
3948
3235
3284
2966
2283
1921
485
-204
-1379
-1732
-2223
-2564
-2256
-2391
-1645
-1171
-234
672
1189
1822
1844
2320
2688
2942
3443
3458
3923
4389
5146
5911
6220
6603
6432
6381
6085
5495
4677
3688
2545
1598
680
-1
-549
-1255
-1418
-2012
-1826
-1874
-1848
-1735
-2101
-1948
-2264
-1983
-1960
-1960
-1825
-1754
-1323
-1019
-461
-209
-38
28
29
96
24
-69
-422
-665
-877
-1159
-1277
-1590
-1914
-2356
-2871
-3372
-3859
-4310
-4944
-5390
-6107
-6403
-6590
-6852
-6938
-7211
-7172
-7667
-7359
-7598
-7740
-7360
-7342
-6434
-5796
-4140
-2923
-909
942
2302
4260
5230
6558
6801
7329
7009
6573
6394
5641
5556
4895
4855
4540
4392
4505
4253
4208
3697
3095
2230
1254
483
-657
-1545
-2285
-2980
-2972
-2839
-2417
-1820
-999
-120
607
1601
2165
2718
3118
3275
3608
3828
4304
4505
4973
5316
5626
6183
6072
6155
5646
5091
4450
3377
2602
1270
464
-535
-1429
-1658
-2377
-2208
-2475
-2306
-1986
-1952
-1276
-1531
-1026
-1147
-979
-661
-791
-193
-348
275
501
846
1297
1288
1689
1358
1520
1245
936
780
15
-275
-1096
-1417
-2140
-2899
-3307
-4339
-4709
-5519
-5994
-6540
-7111
-7318
-7824
-7983
-8026
-8134
-8095
-8018
-8201
-7961
-7973
-7636
-7432
-7017
-5930
-5190
-3521
-2221
-603
1310
2898
4559
5448
6464
6956
7220
7266
6947
6578
6059
5846
5322
5184
4877
4709
4587
4093
4009
3237
2968
2164
1117
449
-731
-1120
-1908
-2191
-2350
-2415
-1661
-1352
-412
303
951
1773
2078
2670
2781
3087
3295
3170
3558
3487
3967
4133
4306
4509
4164
4373
3793
3544
2948
2154
1582
563
219
-536
-862
-1042
-1547
-1384
-1423
-1091
-888
-761
-485
-670
-172
-151
37
254
350
791
889
1574
1694
2130
2294
2172
2213
1837
1804
1100
561
-209
-1106
-1671
-2411
-3086
-3986
-4626
-5288
-5859
-6137
-6540
-7031
-7394
-7618
-7947
-7970
-7791
-7974
-7986
-7908
-7981
-7565
-7307
-6992
-6964
-6768
-5887
-5493
-3836
-2770
-1702
179
1212
3431
4426
5847
6753
6520
7606
6846
7155
6849
6114
6108
4961
5343
4771
4685
4807
3930
3988
3361
3113
2608
1806
1291
142
-276
-736
-1065
-932
-978
-592
-341
465
1078
1629
2212
2156
2397
2225
2417
2294
2118
2284
1924
2326
2336
2602
2926
2748
3122
2506
2510
2237
1666
1703
638
549
-136
-309
-53
-579
81
-347
143
469
466
1139
728
1226
918
991
1250
1084
1539
1328
1635
1547
1752
1784
1535
1283
544
234
-662
-1058
-1995
-2864
-3453
-4524
-4682
-5492
-5719
-6136
-6681
-6522
-7134
-6772
-7056
-7330
-7189
-7694
-7204
-7418
-7089
-6948
-7092
-6368
-6544
-5788
-5677
-5536
-4936
-4762
-3586
-2983
-1780
-625
378
2084
3068
4413
5289
5685
6314
6151
6440
6159
5819
5759
5081
5252
4807
4933
4860
4562
4716
4086
4178
3628
3304
2785
1983
1671
847
844
427
261
394
143
628
555
903
914
694
895
336
506
241
143
287
97
582
675
1149
1592
1749
2195
2244
2420
2486
2349
2410
2065
1988
1843
1679
1871
1788
1921
1933
2081
2163
2193
2254
2012
1857
1628
1446
1156
1067
854
652
567
326
300
8
-120
-579
-1070
-1408
-2039
-2340
-3036
-3509
-4046
-4578
-4726
-5346
-5469
-5726
-5929
-5881
-6091
-5955
-6105
-5888
-5811
-5951
-5798
-5895
-5930
-5979
-6016
-6245
-6132
-6285
-6192
-6129
-5884
-5021
-4666
-3319
-2711
-1459
-13
1002
2706
3168
4331
4714
5065
5655
5500
5776
5594
5597
5603
5717
6049
6203
6137
6236
5936
5783
5679
4957
4431
3419
2755
2022
1415
1029
309
114
-211
-233
-177
-183
-195
-438
-617
-914
-1221
-1451
-1639
-1864
-1928
-1793
-1422
-717
241
1160
1873
2617
3418
3984
4722
4747
4492
4236
3747
3825
3272
3399
2825
2703
2926
2641
3329
2871
3181
2522
2203
1924
1164
1149
44
-221
-1132
-1185
-1248
-1454
-1252
-1812
-1596
-1998
-1824
-2130
-2591
-2793
-3710
-3798
-4315
-4304
-4455
-4793
-4736
-5109
-4555
-4484
-4415
-4534
-5013
-4977
-5220
-5222
-5626
-6186
-6460
-6710
-6717
-6642
-6646
-6556
-6440
-6127
-5690
-5235
-4444
-3760
-3057
-2080
-1025
166
1609
2736
3832
4752
5582
6421
6767
7400
7273
7239
7251
6820
6990
6573
6463
6048
5588
5538
4889
4728
3967
3246
2642
1738
1270
253
-296
-1021
-1626
-1868
-2402
-2372
-2682
-2573
-2631
-2661
-2317
-2350
-1854
-1749
-1399
-882
-410
476
1071
1937
2647
3405
4344
4816
5351
5592
5608
5709
5496
5242
4834
4371
4031
3514
3375
2903
2488
2251
1664
1549
1027
814
268
-236
-442
-980
-928
-1328
-1444
-1728
-1915
-1867
-2007
-1988
-2224
-2446
-2686
-2733
-2860
-2910
-3141
-3338
-3471
-3600
-3499
-3721
-3789
-3985
-4289
-4275
-4555
-4623
-4909
-5280
-5358
-5727
-5608
-5807
-5923
-6016
-6129
-5848
-5824
-5609
-5524
-5358
-4972
-4245
-3587
-2688
-1778
-790
480
1682
3165
4090
5196
5780
6231
6797
7076
7340
7051
6884
6346
6302
6168
5981
5592
4940
4715
3994
3925
3196
2481
1721
669
196
-816
-1078
-1777
-2353
-2548
-3016
-2685
-2664
-2297
-2223
-2241
-1773
-1716
-1121
-947
-733
-408
-121
794
1379
2476
3295
3983
4802
5378
6147
6461
6560
6158
5571
5064
4723
4077
3556
2769
2025
1863
1341
1532
926
837
417
-151
18
-709
-540
-1322
-1553
-1938
-2210
-1777
-2089
-1692
-2069
-1823
-1833
-1682
-1540
-2075
-2075
-2782
-2804
-3135
-3310
-3476
-4091
-4030
-4457
-4231
-4197
-4389
-4442
-4891
-4718
-4815
-4726
-4774
-5141
-5202
-5365
-5231
-5215
-5191
-5223
-5341
-5211
-4900
-4398
-3690
-2875
-2134
-1029
121
1601
2895
4066
5078
5507
6398
6506
6985
6938
6576
6415
5437
5569
4778
4725
4271
3447
3418
2432
2756
1968
1611
1183
134
183
-749
-647
-1143
-1445
-1333
-1950
-1384
-1587
-1256
-1087
-1332
-963
-1199
-633
-532
-359
52
78
864
1313
2218
3003
3587
4434
4803
5551
5813
6117
5942
5462
5166
4394
4204
3406
2904
2082
1450
1158
483
591
-124
-178
-542
-744
-618
-914
-545
-998
-833
-1034
-1045
-834
-1150
-1012
-1609
-1653
-2021
-2286
-2457
-2995
-3021
-3542
-3437
-3578
-3582
-3472
-3733
-3686
-3958
-3813
-3973
-4013
-4172
-4443
-4387
-4493
-4318
-4447
-4423
-4603
-4685
-4655
-4767
-4652
-4735
-4761
-4732
-4470
-4012
-3111
-2330
-1228
-196
1014
2551
3593
5048
5406
6037
6134
5948
6176
5362
5222
4233
3714
3288
2784
2952
2412
2519
2202
2227
2365
2177
2224
1634
1388
782
440
100
-401
-512
-1086
-1037
-1212
-1093
-820
-906
-629
-777
-480
-344
-253
68
30
442
739
1145
1847
2429
3358
3968
4648
5113
5383
5747
5459
5214
4417
3758
3006
2241
1723
891
632
89
37
21
37
340
188
393
209
234
140
-202
-481
-1154
-1374
-1770
-1893
-2003
-2269
-2225
-2438
-2251
-2332
-2350
-2364
-2756
-2752
-3075
-3071
-3068
-3329
-3316
-3652
-3545
-3469
-3501
-3399
-3733
-3717
-3807
-3921
-3917
-4272
-4390
-4556
-4705
-4525
-4420
-4068
-3779
-3543
-3043
-2534
-1701
-908
-332
354
1000
1817
2741
3284
3849
3984
4160
4373
4215
4391
3965
3730
3273
2845
2791
2400
2478
2035
1877
1843
1801
2081
1893
1884
1512
1270
1087
647
431
-85
-453
-782
-1025
-1013
-1030
-856
-728
-566
-210
100
469
689
866
1050
1090
1289
1330
1573
1926
2381
2867
3157
3734
3986
4466
4556
4284
4059
3382
3118
2320
1869
1225
528
425
-205
47
-154
82
178
9
314
-65
218
-334
-641
-1184
-1783
-1872
-2427
-2308
-2643
-2501
-2470
-2369
-2033
-2080
-1763
-1994
-1998
-2208
-2422
-2554
-3006
-3152
-3691
-3780
-4011
-4149
-4033
-4196
-3897
-3973
-3726
-3611
-3534
-3253
-3380
-3147
-3153
-3011
-2714
-2673
-2334
-2107
-1681
-1135
-654
119
695
1599
2266
2818
3425
3674
4076
4040
4001
3626
3305
3059
2591
2463
1995
1875
1657
1531
1572
1402
1550
1287
1206
941
700
553
171
7
-360
-413
-447
-311
-193
-27
263
380
717
826
996
1045
1017
965
868
1031
988
1070
1195
1363
1849
2307
2834
3197
3649
4000
4148
4305
4003
3801
3408
2895
2455
1761
1470
982
728
533
187
368
112
327
233
131
290
-53
9
-438
-547
-812
-1035
-1119
-1486
-1404
-1592
-1518
-1664
-1775
-1952
-2220
-2369
-2866
-3035
-3490
-3785
-4085
-4478
-4494
-4659
-4536
-4619
-4611
-4479
-4385
-4082
-4035
-4025
-4020
-4067
-4032
-3877
-3868
-3627
-3534
-3270
-2856
-2390
-1583
-1229
-492
-80
595
1460
1890
2628
2724
3265
3530
3729
4038
3725
3947
3511
3444
3232
2813
2893
2277
2188
1716
1542
1549
1184
1271
789
838
773
590
716
360
461
261
195
185
-27
206
27
166
103
129
384
362
600
535
760
920
1108
1386
1550
2052
2316
2700
2991
3205
3557
3618
3653
3370
3125
2887
2448
2160
1570
1221
937
658
555
346
386
310
346
312
270
334
238
174
-91
-202
-392
-470
-685
-939
-1028
-1318
-1340
-1682
-1828
-2072
-2334
-2542
-2974
-3104
-3409
-3490
-3754
-3960
-4122
-4195
-4192
-4338
-4332
-4527
-4332
-4329
-4123
-3879
-3703
-3189
-3013
-2410
-2055
-1506
-968
-811
-327
-228
232
471
583
764
688
1021
1050
1264
1440
1452
1729
1624
1768
1729
1714
1720
1312
1226
814
817
703
502
514
273
540
533
800
954
1035
1243
1190
1355
1367
1457
1431
1259
1127
1054
1116
1226
1241
1271
1352
1544
1814
1984
2179
2239
2282
2266
2245
2248
2202
2113
1902
1779
1695
1777
1789
1682
1573
1422
1470
1350
1269
1020
756
633
407
395
247
233
146
82
111
89
182
58
-109
-368
-559
-723
-954
-1223
-1570
-1800
-1929
-1991
-2060
-2121
-2183
-2248
-2332
-2432
-2615
-2829
-3149
-3558
-3876
-4175
-4257
-4379
-4403
-4347
-4155
-3689
-3273
-2733
-2360
-1902
-1514
-1112
-775
-525
-336
-329
-194
-205
83
156
348
374
465
783
916
1287
1201
1308
1244
1307
1344
1229
1150
887
801
642
697
670
746
640
669
708
870
1034
958
983
735
885
785
928
831
722
852
757
1196
1191
1550
1605
1695
1950
1874
2226
1984
1948
1698
1400
1435
1162
1227
995
962
1094
1142
1544
1573
1839
1913
1932
2034
1865
1918
1585
1479
1117
949
866
724
846
627
791
651
869
842
771
740
371
352
-96
-173
-552
-781
-1031
-1360
-1368
-1624
-1500
-1720
-1763
-1918
-2053
-2056
-2344
-2442
-2844
-2970
-3186
-3335
-3354
-3558
-3467
-3514
-3315
-3154
-2972
-2681
-2544
-2193
-1966
-1635
-1365
-1199
-1023
-920
-752
-677
-617
-651
-670
-695
-665
-620
-616
-577
-590
-455
-327
-145
69
180
401
540
808
1021
1106
1215
1132
1273
1235
1271
1243
1088
1129
972
1154
1104
1199
1275
1266
1509
1474
1771
1760
1830
1796
1632
1707
1460
1451
1184
1021
897
728
820
719
829
825
894
996
1019
1183
1200
1237
1167
1119
1169
1202
1308
1329
1347
1402
1499
1717
1798
1849
1756
1686
1636
1524
1465
1191
967
608
412
241
96
-44
-322
-449
-677
-668
-750
-818
-993
-1232
-1339
-1487
-1499
-1667
-1804
-2034
-2200
-2258
-2304
-2337
-2478
-2563
-2648
-2624
-2539
-2453
-2402
-2386
-2329
-2172
-1962
-1758
-1577
-1480
-1347
-1228
-994
-859
-764
-789
-821
-771
-780
-663
-776
-709
-847
-778
-704
-653
-444
-557
-313
-408
-159
-45
93
307
212
438
384
627
684
735
766
680
767
785
889
902
905
891
955
997
1143
1187
1197
1218
1156
1278
1229
1283
1200
1069
1060
948
1052
1001
965
935
888
973
1001
1052
1083
1008
1011
1010
1035
1150
1068
1149
1068
1131
1227
1239
1400
1247
1317
1244
1263
1313
1180
1153
911
816
675
539
414
134
-48
-291
-409
-521
-655
-755
-919
-959
-1000
-957
-967
-992
-1045
-1123
-1145
-1194
-1225
-1358
-1482
-1633
-1690
-1736
-1754
-1766
-1820
-1798
-1790
-1642
-1541
-1461
-1411
-1409
-1285
-1222
-1088
-1012
-1016
-976
-993
-847
-783
-734
-710
-782
-695
-677
-538
-484
-473
-429
-408
-243
-159
-36
-33
20
52
174
285
333
420
344
459
433
595
636
614
621
515
662
635
755
705
696
708
748
949
1018
1170
1075
1149
1143
1232
1286
1132
1139
848
911
816
871
927
730
890
774
1061
1085
1107
1178
984
1084
933
981
917
739
705
605
705
793
802
916
868
922
950
920
960
710
565
306
170
95
-106
-174
-385
-422
-473
-449
-377
-467
-521
-708
-715
-794
-841
-968
-1135
-1196
-1353
-1269
-1334
-1247
-1353
-1411
-1386
-1414
-1308
-1451
-1410
-1510
-1481
-1442
-1369
-1211
-1184
-1083
-1039
-882
-793
-783
-796
-901
-957
-1054
-1071
-1055
-1121
-1090
-1107
-901
-728
-546
-376
-313
-138
-105
62
102
109
61
-19
51
106
204
249
311
422
566
710
880
956
1022
1030
1077
1189
1212
1242
1181
1208
1224
1230
1262
1217
1160
1047
958
933
852
749
636
520
534
460
540
510
531
538
460
629
531
679
538
566
623
540
783
643
879
783
835
979
867
1080
838
922
810
695
755
507
636
411
392
340
206
280
19
15
-201
-335
-469
-700
-755
-976
-1054
-1170
-1197
-1135
-1171
-1113
-1153
-1123
-1138
-1179
-1165
-1305
-1343
-1535
-1521
-1520
-1504
-1419
-1462
-1263
-1245
-1049
-965
-923
-888
-1018
-1002
-1082
-1076
-1153
-1221
-1186
-1115
-961
-789
-596
-432
-271
-149
35
145
207
227
178
264
263
383
450
511
624
676
873
981
1059
1071
1035
1057
1084
1038
1084
993
1026
1030
1077
1220
1136
1228
1061
1094
979
849
746
479
416
172
187
119
176
224
279
491
595
828
897
1047
1095
1108
1141
1064
1089
978
948
902
884
938
919
1005
1014
1063
1078
1043
1029
899
767
568
382
184
-44
-198
-401
-505
-644
-712
-750
-821
-822
-963
-974
-1112
-1200
-1272
-1394
-1386
-1522
-1466
-1464
-1364
-1235
-1201
-1064
-1084
-1023
-1067
-1110
-1208
-1407
-1539
-1709
-1738
-1812
-1802
-1816
-1730
-1619
-1497
-1320
-1262
-1144
-1181
-1078
-1071
-970
-921
-880
-713
-616
-295
-151
185
323
512
699
737
951
836
910
782
751
793
678
849
739
871
885
931
1135
1070
1228
1078
1142
1077
1027
1044
874
947
739
857
763
855
868
779
958
799
1050
931
1039
1086
959
1169
996
1190
1107
1046
1130
938
1075
931
912
903
700
762
590
604
558
405
413
238
246
159
73
37
-110
-149
-240
-288
-340
-438
-537
-618
-687
-743
-801
-912
-963
-1068
-1109
-1122
-1163
-1131
-1205
-1164
-1138
-1105
-1007
-1038
-966
-986
-985
-950
-1010
-1002
-1118
-1184
-1214
-1280
-1277
-1336
-1354
-1315
-1315
-1234
-1141
-1105
-994
-1005
-901
-800
-798
-641
-682
-537
-412
-367
-54
-67
198
339
345
762
575
857
804
720
1003
609
987
707
763
905
601
1042
728
977
956
831
1128
815
1052
912
909
982
818
991
868
1012
966
1060
1074
1149
1194
1131
1327
1094
1306
1067
1137
1101
872
1056
706
915
712
688
766
558
720
511
572
530
359
389
154
153
-27
-151
-213
-371
-361
-502
-446
-505
-447
-502
-501
-491
-601
-595
-793
-790
-966
-1048
-1095
-1182
-1111
-1170
-1108
-1019
-985
-865
-899
-849
-870
-961
-945
-1096
-1073
-1201
-1214
-1187
-1175
-1058
-1068
-938
-899
-850
-817
-858
-856
-951
-994
-999
-1023
-921
-940
-768
-656
-483
-267
-194
55
32
181
180
212
271
174
289
252
363
433
484
627
645
723
773
759
803
685
651
622
554
615
533
642
677
742
897
897
1057
1004
1034
1051
978
1044
890
958
906
926
1034
993
1161
1077
1171
1143
1101
1128
908
912
701
649
567
436
477
317
356
313
281
300
150
103
13
-115
-153
-304
-314
-355
-445
-365
-431
-309
-335
-363
-327
-439
-391
-522
-577
-620
-724
-729
-779
-745
-696
-720
-682
-696
-703
-654
-726
-740
-812
-891
-874
-933
-873
-864
-869
-745
-816
-692
-684
-688
-613
-781
-706
-821
-780
-745
-847
-711
-750
-632
-536
-494
-303
-322
-252
-182
-190
-17
-59
5
58
63
232
238
359
428
405
521
476
543
592
532
643
528
657
687
716
867
770
912
849
902
903
827
872
741
713
668
638
720
700
717
760
759
917
850
921
901
814
859
673
782
664
652
646
491
645
538
625
591
474
516
332
381
245
146
97
-89
-79
-208
-186
-225
-294
-327
-425
-391
-425
-454
-542
-590
-601
-635
-614
-618
-590
-602
-608
-580
-588
-560
-640
-715
-782
-830
-871
-946
-967
-1021
-981
-988
-920
-898
-876
-834
-878
-795
-850
-825
-858
-904
-854
-898
-759
-751
-687
-595
-563
-394
-416
-307
-326
-283
-249
-275
-178
-194
-75
-111
17
79
172
206
190
242
180
243
173
232
217
241
308
398
565
636
748
794
821
865
804
821
690
622
552
474
581
519
684
653
800
865
902
1011
907
938
748
706
586
544
485
430
431
454
532
599
683
685
669
620
568
479
397
263
158
-2
-3
-77
-25
-55
-81
-57
-160
-50
-186
-130
-261
-356
-363
-493
-383
-462
-406
-388
-459
-313
-401
-308
-343
-452
-392
-613
-479
-628
-632
-626
-746
-575
-687
-511
-527
-515
-453
-530
-419
-483
-450
-467
-533
-489
-519
-457
-438
-414
-332
-337
-262
-246
-160
-112
-134
-88
-151
-88
-108
-98
-61
-116
-26
-53
-9
66
70
186
143
210
268
246
378
281
409
384
406
527
452
626
546
642
634
615
699
598
595
507
480
479
409
407
375
332
350
306
355
336
328
298
225
197
167
127
88
53
37
51
11
71
67
88
48
41
21
-19
-92
-123
-172
-245
-227
-283
-221
-299
-224
-197
-168
-126
-174
-139
-196
-226
-241
-296
-290
-290
-341
-274
-282
-133
-128
-92
-34
-94
-71
-188
-200
-256
-371
-403
-459
-468
-409
-413
-246
-233
-123
-36
-56
45
-60
-3
-85
-144
-135
-246
-217
-231
-189
-86
-76
62
91
94
145
139
202
125
92
82
50
30
69
125
194
226
258
329
311
385
368
345
354
285
301
249
227
313
257
340
341
349
400
279
383
280
260
228
100
145
-16
52
56
38
116
57
149
117
141
201
133
172
93
61
0
-83
-39
-150
-139
-213
-226
-234
-335
-249
-320
-269
-339
-358
-325
-400
-321
-363
-315
-317
-330
-289
-319
-271
-247
-258
-230
-232
-193
-198
-189
-106
-80
-45
-37
6
0
-34
-32
-24
-41
-78
-118
-141
-159
-151
-101
-86
-44
-30
0
-9
25
56
41
1
-33
-42
-98
-105
-105
-47
-64
-38
13
37
59
46
82
69
28
12
-35
-50
-51
-61
13
9
105
126
140
215
250
307
259
253
240
183
130
174
175
217
170
226
308
260
365
311
362
317
201
211
77
77
49
-45
41
-7
78
109
98
290
231
314
288
238
241
48
87
31
-67
-80
-186
-148
-186
-224
-141
-198
-169
-207
-268
-250
-308
-285
-285
-312
-248
-251
-235
-166
-145
-63
-100
-82
-28
-133
-115
-167
-142
-91
-155
-59
-97
-50
29
14
103
29
52
-2
-113
-92
-177
-144
-191
-197
-160
-199
-102
-60
-11
11
-16
20
-41
-81
-87
-154
-128
-188
-159
-153
-184
-68
-84
17
33
42
60
-57
-2
-48
-73
-21
-96
-19
-49
-33
117
92
233
197
190
226
120
225
166
135
170
102
189
130
162
277
209
316
260
243
233
131
182
94
82
89
37
95
98
148
239
264
368
327
291
272
227
219
97
45
-8
-93
-131
-134
-120
-117
-113
-102
-116
-151
-152
-121
-163
-148
-193
-197
-178
-217
-106
-153
-72
-50
-91
-43
-139
-53
-104
-129
-76
-159
-98
-169
-84
11
-38
86
53
113
98
33
107
11
11
-35
-130
-120
-218
-148
-139
-177
-96
-148
-65
-73
-69
20
-38
19
-3
-65
-16
-84
-9
-15
-58
16
-57
9
-23
2
65
-6
43
2
3
15
-42
31
4
-4
12
-43
20
-27
24
63
41
63
31
85
82
89
133
119
130
100
97
129
113
159
124
124
122
132
169
145
193
191
236
236
226
267
241
267
260
222
206
125
99
24
-41
-61
-137
-147
-204
-201
-204
-178
-120
-121
-87
-85
-70
-73
-74
-44
-87
-123
-151
-141
-133
-166
-91
-96
-55
-42
-39
48
-20
35
36
21
32
-37
32
0
-14
27
15
54
-15
-24
-35
-82
-65
-122
-142
-181
-219
-199
-201
-166
-123
-115
-111
-96
-73
-45
-58
-48
-37
-78
-80
-88
-59
-45
-40
7
-20
-9
-24
-20
-9
-74
-54
-51
-75
-100
-117
-70
-44
-36
-14
2
-3
-1
8
21
30
3
9
5
-6
30
43
99
120
123
144
147
194
198
195
211
211
235
198
216
258
227
236
211
207
174
107
105
86
62
19
15
7
-32
-34
-36
-15
-45
-88
-85
-136
-170
-178
-172
-148
-162
-143
-100
-54
-7
28
54
55
31
5
-24
-42
-81
-110
-112
-121
-90
-74
-15
55
65
94
101
87
53
-19
-56
-99
-170
-200
-230
-231
-229
-201
-122
-94
-60
-41
-32
2
-28
-13
-20
-62
-39
-89
-80
-54
-35
28
-8
13
43
22
39
26
31
7
-24
-4
-32
-37
-29
-22
4
-29
-26
-34
-65
-43
-68
-50
-21
-23
5
-10
48
101
105
152
152
160
140
147
196
184
198
224
261
264
266
346
367
325
313
312
272
196
143
132
78
-9
-6
-14
-47
-47
-20
17
-26
-24
-11
-63
-107
-160
-143
-200
-248
-229
-269
-233
-223
-157
-111
-133
-46
-67
-49
-23
-18
38
-50
-21
-28
-79
-40
-66
-17
-72
-94
-36
-103
-86
-81
-71
-63
-126
-78
-93
-136
-105
-103
-104
-156
-137
-127
-197
-173
-141
-121
-120
-123
-38
-59
-55
52
60
62
14
45
61
-43
11
46
14
-16
-20
33
0
9
87
69
26
21
33
0
-54
-32
-9
-66
-68
-31
-51
-28
18
81
73
53
126
95
52
92
148
150
94
146
186
155
186
263
285
194
203
214
123
81
97
140
37
-18
59
36
0
3
47
25
-69
-51
-94
-200
-216
-193
-204
-287
-249
-165
-182
-173
-80
3
-17
-27
14
-28
-69
-27
-15
-64
-109
-40
-16
-42
38
120
132
80
84
119
55
44
63
-15
-60
-64
-36
-66
-86
11
12
-77
-71
-40
-91
-140
-112
-69
-145
-166
-57
-70
-104
-21
78
59
-44
21
52
-50
-52
3
27
-72
-69
28
-11
7
96
132
54
0
70
19
-52
-2
40
-1
-79
5
38
-18
37
110
87
-5
27
46
-48
-34
74
101
32
79
190
167
149
241
287
176
107
141
54
-41
15
78
20
-23
92
131
42
74
178
122
-23
-33
-42
-187
-244
-152
-145
-241
-201
-68
-85
-133
-7
79
-35
-109
-37
-66
-177
-139
-37
-78
-141
-8
82
16
48
161
179
49
52
124
0
-37
46
83
12
-9
129
80
-4
95
140
40
-76
-28
-37
-166
-118
-13
-43
-107
-16
67
-27
-28
92
54
-116
-133
-66
-141
-191
-78
2
-62
-57
74
73
4
84
144
7
-121
-73
-55
-177
-139
14
-9
-73
24
158
119
85
170
138
2
-8
57
-34
-139
-41
32
-26
-9
131
179
84
151
256
172
83
104
113
22
-2
93
67
-33
32
88
30
-5
56
74
-54
-61
22
-26
-45
0
41
-30
-80
34
-32
-159
-153
-131
-170
-284
-222
-145
-204
-137
-9
49
20
37
121
57
27
76
13
-123
-167
-96
-90
-114
-15
90
82
122
230
259
203
199
260
158
31
28
6
-35
-56
-1
11
-58
5
105
102
49
70
98
24
11
52
3
-67
-40
-25
-70
-55
-25
-34
-81
-88
-27
-45
-63
-13
2
-14
-27
53
59
-28
37
58
38
81
44
-7
-138
-156
77
224
251
38
-166
-167
-76
362
423
120
-33
-261
-164
76
347
416
46
-124
-225
-83
221
218
239
-22
-282
-187
-86
90
138
147
46
-155
-80
19
92
114
-6
-69
-133
-208
-150
-121
-168
-86
-7
-70
-141
-106
-61
-44
95
87
-82
-147
-186
-110
16
48
6
-66
-123
-109
30
91
45
61
30
-59
-27
60
104
127
113
88
64
22
39
111
99
1
-24
-53
-112
-15
43
-2
18
58
67
49
74
60
22
16
-62
-81
-103
-169
-133
-98
-101
-99
-43
-3
-6
9
3
13
17
-6
-35
-68
-91
-78
-50
-71
-19
22
-24
-25
3
43
0
-22
-22
-43
36
10
-7
27
13
72
90
95
81
37
34
-8
-11
-10
-29
-17
-30
-13
14
36
95
119
71
48
48
13
-29
-46
-31
-77
-108
-99
-96
-29
-13
-16
1
-21
0
-5
-19
-47
-95
-93
-101
-91
-77
-46
-31
-41
-15
-2
16
41
53
0
-55
-20
-4
-13
-12
2
33
21
47
78
82
70
20
20
11
15
16
-28
-30
-18
7
31
44
62
62
46
28
33
32
-20
-37
8
16
10
20
-4
-6
36
74
64
35
30
-4
-21
2
37
53
2
-7
19
25
61
76
87
58
17
-7
-46
-37
-36
-25
-1
-44
-59
-26
10
38
71
81
42
23
10
-25
-3
46
39
7
-13
-3
26
49
79
72
50
26
2
34
39
54
62
17
22
26
32
48
28
17
-2
-8
-33
-53
-14
-24
-25
-26
-41
-1
36
38
26
37
32
-5
-10
10
10
-1
-3
-10
-12
1
19
37
50
54
58
20
-13
5
16
12
5
2
-30
-49
-49
-48
-16
-23
-52
-53
-63
-68
-50
-20
0
1
11
5
-2
8
-2
-8
4
4
-15
-39
-39
-36
-20
25
51
62
40
27
38
40
40
32
23
-17
-57
-57
-54
-32
-30
-45
-32
-48
-49
-47
-43
-10
-16
-16
-28
-27
-4
-16
10
31
27
14
-12
-1
3
-1
7
-4
12
9
-2
21
33
55
52
37
35
9
-1
-8
-13
-7
-39
-52
-42
-32
-1
1
7
4
-6
-4
-12
3
6
-7
-3
-9
13
29
26
49
58
55
36
32
53
43
22
15
29
45
23
15
33
38
38
19
17
5
-16
-22
-44
-27
-23
-48
-40
-29
-7
11
0
11
15
20
5
-6
13
-5
-9
-10
1
19
18
40
35
30
46
34
32
10
3
21
-3
-2
7
13
16
-1
18
11
-10
-13
-22
-25
-52
-58
-44
-33
-32
-27
-1
4
-2
10
25
29
16
-6
-1
-1
-10
-16
-5
26
20
14
19
39
45
14
9
22
2
-20
-35
-12
6
-11
-7
3
20
-1
-6
12
13
1
-23
-20
-12
-16
-10
-3
6
15
3
14
26
29
18
13
19
6
-8
-5
11
15
12
16
30
34
24
13
12
5
-18
-25
-27
-27
-36
-37
-18
-8
-7
2
11
10
3
2
7
-1
-12
-5
5
7
6
6
20
16
4
15
23
12
4
6
2
-10
-25
-11
7
4
-3
0
8
6
1
-1
0
-6
-23
-31
-33
-28
-25
-6
4
6
14
8
4
12
14
0
4
8
1
-6
6
26
22
19
28
26
21
6
8
23
0
-8
-14
-15
-15
-31
-22
-10
-5
-9
-6
-1
-1
-3
-3
3
2
1
-3
-3
7
9
11
21
17
10
8
1
1
-8
-6
6
6
7
8
12
19
23
25
27
19
6
-8
-17
-16
-24
-21
-19
-18
-14
-13
-7
-1
2
9
11
15
14
12
10
2
8
12
7
9
7
4
8
7
11
16
11
8
4
-1
-1
1
3
9
6
0
-3
1
5
0
-2
-1
3
1
1
4
3
3
-3
-2
3
-1
-1
2
0
1
6
7
8
7
8
11
8
14
16
14
9
6
3
-3
-2
-3
-3
-14
-16
-10
-12
-12
-9
2
-6
-1
6
0
5
6
7
9
12
16
15
9
5
3
2
-4
5
6
1
-1
-6
9
6
0
2
0
0
-5
-11
-8
-7
-5
-3
-11
-11
-11
-14
-20
-16
-21
-24
-21
-23
-17
-18
-12
-8
-12
-6
-1
-3
0
-3
4
3
0
1
0
-1
-8
-6
-9
-8
-9
-7
-8
-14
-15
-16
-15
-25
-23
-19
-23
-17
-12
-16
-13
-8
-12
-18
-14
-10
-6
-14
-9
-3
-5
2
2
-3
-9
-4
-3
-9
-9
-2
-7
-7
-6
-2
-1
0
8
1
-8
-10
4
2
-4
-3
-8
-7
-18
-19
-1
5
-5
-6
-1
-5
-1
-1
-7
-1
-6
-6
-1
-6
3
1
0
5
2
-7
-4
0
-1
-3
-11
-14
-11
-14
-10
-8
-9
-4
-9
-15
-10
1
-6
-10
-3
-3
-12
-18
-15
-5
-8
-15
-4
-8
-9
-14
-12
-11
-12
-12
-13
-5
-4
-1
2
5
4
8
-3
-1
8
-3
2
-1
1
0
-9
0
12
8
-1
-1
0
0
-2
-6
-3
-7
-13
-11
-8
-4
-9
-9
-8
-11
-7
-7
-10
-2
-10
-12
-3
-5
-4
-8
-6
-2
4
-2
4
7
-5
1
-2
-2
3
-3
-7
-4
3
7
7
1
6
3
-5
-8
-5
5
-2
-1
-4
-4
-5
-2
6
-3
3
8
9
3
0
3
5
-3
3
10
3
7
11
14
7
2
12
17
12
17
19
16
3
9
14
0
4
11
4
-1
2
5
6
4
3
4
1
3
5
7
6
5
7
6
2
12
12
3
5
16
21
16
20
22
17
12
17
21
20
16
11
15
14
13
12
13
9
3
8
5
4
3
4
0
-2
4
2
-5
-5
0
0
2
4
7
4
2
5
12
16
15
15
14
14
19
18
17
13
12
7
0
2
1
-3
-4
-1
-5
-5
-4
0
-3
-12
-5
-11
-17
-17
-10
-9
-6
-2
0
-1
-11
2
11
-2
-2
2
-4
-3
0
1
0
-1
3
2
-4
-3
3
0
-3
-6
-9
-13
-10
-6
-3
-8
-11
-8
-12
-15
-17
-13
-7
-8
-9
-9
-13
-9
-9
-8
-7
-11
-2
2
3
1
5
13
6
9
8
12
17
7
7
6
6
-4
-4
1
-5
1
2
3
1
-2
-10
-7
-3
-12
-12
-14
-13
-14
-14
-9
-4
-4
-1
2
1
-6
0
8
-1
2
8
16
13
12
14
17
14
12
17
7
9
14
7
-3
-2
1
-10
-9
-1
-1
-7
-8
-5
-4
-7
-5
-1
4
-8
-5
4
-1
6
19
22
18
18
20
24
23
26
22
18
14
17
17
17
19
17
18
8
8
11
6
3
8
-2
-7
-3
-6
-8
-6
-3
-7
-4
-5
-7
-1
3
1
6
13
12
18
20
24
29
29
31
33
32
27
26
34
33
26
26
21
19
23
21
25
20
15
12
5
4
4
5
1
-6
-5
3
-3
-8
-1
1
2
2
3
1
4
9
14
11
6
14
9
4
6
0
4
4
5
11
3
-1
-6
-8
-19
-19
-18
-25
-28
-29
-22
-17
-22
-20
-9
-14
-15
-14
-16
-10
-12
-12
-8
-11
-8
0
-3
6
14
12
10
8
17
13
4
4
4
-5
-9
-11
-15
-13
-9
-14
-24
-25
-21
-22
-30
-31
-27
-34
-40
-37
-35
-33
-30
-30
-23
-22
-19
-10
-13
-13
-5
-7
-16
-12
-4
-3
-7
-6
3
2
-5
-1
4
-5
-10
-13
-10
-13
-15
-13
-15
-16
-18
-12
-15
-20
-13
-11
-9
-4
-8
-11
-10
4
6
0
4
8
10
7
14
17
11
6
13
9
-2
6
8
7
3
3
6
2
-3
4
4
-10
-9
-4
-10
-10
-15
-14
-14
-17
-8
-10
-15
-12
-5
-4
-8
-4
-4
-8
-5
0
-4
-9
-2
8
4
4
9
7
2
2
9
3
-10
-3
2
-14
-17
-15
-13
-19
-19
-9
-13
-15
-9
-1
-8
-10
-10
-9
-8
-8
-4
-7
-10
-6
-5
-5
-3
-3
0
-1
0
6
-3
-5
-4
-7
-8
-7
-2
-8
-11
1
1
-6
-10
-5
2
-8
-10
-2
-2
-4
-2
2
1
10
12
12
13
14
16
13
14
20
20
11
9
11
15
12
12
13
12
9
9
12
10
5
8
7
2
7
8
5
0
1
2
-1
0
4
10
7
11
15
12
10
17
18
12
14
18
21
17
21
18
20
16
15
20
11
11
15
11
11
17
17
13
15
21
18
10
12
13
8
-1
-1
4
3
2
5
5
8
9
9
6
1
6
1
-3
4
1
-1
2
9
9
4
8
9
11
5
3
6
7
4
5
2
-7
-5
-7
-7
-13
-8
-1
-1
-5
0
-1
-8
2
0
3
5
5
9
7
6
7
11
2
0
4
-1
-3
-1
-3
0
-2
-2
-1
-5
-8
-4
-6
-3
-1
-10
-10
-4
-2
2
1
6
10
3
0
7
11
11
13
15
12
17
18
20
19
18
21
20
27
16
13
10
8
14
8
8
13
11
5
12
17
12
10
4
10
11
11
11
11
10
8
12
8
12
13
20
20
15
21
20
16
21
29
31
23
19
23
23
16
18
17
18
17
14
18
15
15
17
16
17
16
18
16
15
18
21
21
22
26
28
27
30
35
35
35
33
33
35
34
37
34
27
33
31
25
25
27
29
26
19
23
19
12
15
16
11
12
11
5
9
8
12
10
8
13
16
10
12
14
12
9
11
15
7
5
7
6
3
0
5
6
-3
-7
-4
-10
-15
-14
-14
-14
-20
-17
-15
-27
-24
-20
-19
-20
-24
-24
-26
-22
-21
-27
-28
-28
-27
-22
-29
-26
-20
-26
-25
-27
-22
-27
-26
-24
-26
-31
-33
-31
-35
-35
-33
-37
-39
-30
-28
-30
-34
-38
-37
-36
-38
-33
-34
-37
-30
-29
-24
-24
-19
-19
-15
-16
-21
-9
-15
-13
-8
-7
-10
-9
-3
-6
-8
-2
-4
-7
-6
-6
-4
-8
-11
-8
-3
-4
-4
-8
-15
-11
-14
-15
-18
-19
-18
-16
-15
-18
-11
-2
1
-5
-2
1
3
3
2
7
6
6
-2
3
6
0
0
4
-2
-10
0
-3
-10
-9
-9
-13
-14
-14
-17
-13
-13
-11
-7
-12
-18
-17
-16
-22
-18
-15
-18
-18
-17
-13
-14
-11
-6
-6
-11
-9
-6
-15
-12
-9
-12
-15
-15
-14
-13
-15
-20
-17
-21
-22
-21
-24
-29
-26
-21
-27
-26
-27
-22
-22
-19
-16
-13
-13
-12
-7
-5
-4
-5
1
3
0
-3
1
-3
-7
-2
-2
-2
1
1
2
11
8
12
6
9
8
-1
1
0
1
-5
-5
-3
-2
-2
-2
0
0
2
-4
-3
2
-1
3
-2
-3
5
0
4
2
0
2
0
-1
-4
-3
-4
1
1
0
-2
-5
-2
-6
-5
-5
-2
-1
-1
0
-2
5
1
1
3
-1
2
-2
-6
-1
3
-1
-3
2
6
6
4
0
2
1
-3
-3
1
-2
-8
-11
-12
-8
-14
-14
-14
-17
-20
-18
-18
-19
-20
-25
-22
-19
-17
-18
-14
-18
-17
-15
-17
-17
-18
-12
-6
-4
-8
-5
-9
-5
-6
-5
0
-5
1
-5
-7
-6
-4
-1
-4
-1
-2
-7
-5
-5
-5
1
2
-5
-5
-1
-3
1
-2
3
5
0
-4
1
-1
-5
3
4
3
4
9
5
5
7
8
9
8
6
5
10
9
10
7
7
9
6
5
2
1
6
0
-1
9
6
6
5
9
5
0
10
3
6
5
3
6
1
0
1
1
1
2
2
1
1
2
3
-2
-2
-3
-7
-10
-15
-11
-6
-10
-9
-8
-8
-4
-7
-4
-2
3
2
-2
4
11
10
8
6
7
12
10
10
10
14
20
22
21
21
24
19
22
23
21
20
26
24
23
22
21
26
22
19
23
17
14
17
15
21
20
24
25
20
21
22
17
17
15
16
16
9
12
13
14
15
13
12
7
11
14
8
8
8
8
7
10
13
11
8
8
9
6
13
6
13
8
4
11
3
6
6
13
15
13
14
12
13
12
6
11
11
8
11
7
11
10
13
7
7
6
7
9
3
2
2
2
0
-1
5
10
6
5
6
3
1
0
1
4
3
-2
6
8
6
10
8
3
6
7
6
5
4
10
11
5
8
12
9
10
12
19
15
12
15
18
18
13
18
16
14
11
12
12
9
14
13
8
9
15
15
10
11
10
8
5
7
6
5
2
-2
-4
-4
-6
-5
-6
-11
-11
-8
-9
-14
-13
-15
-18
-19
-17
-21
-21
-22
-26
-25
-28
-22
-27
-32
-29
-29
-28
-30
-22
-27
-29
-28
-24
-25
-28
-19
-28
-23
-23
-22
-21
-27
-24
-21
-19
-20
-9
-17
-19
-9
-6
-7
-6
-1
2
-1
-1
7
5
3
-1
-1
3
6
8
10
18
11
12
16
15
17
20
15
14
13
8
13
10
12
9
6
8
9
13
12
12
12
14
13
10
11
10
13
10
11
13
12
9
9
8
4
6
8
5
5
7
5
7
4
-2
-1
-3
-4
-7
-3
-7
-12
-11
-9
-8
-15
-13
-16
-13
-17
-17
-13
-19
-17
-25
-27
-28
-28
-25
-28
-26
-26
-27
-31
-27
-24
-21
-24
-25
-20
-18
-17
-22
-18
-18
-13
-12
-16
-11
-14
-13
-11
-9
-8
-9
-10
-8
-7
-4
-6
-1
-7
-16
-6
-9
-9
0
-3
-6
-5
-7
-5
-4
-4
-3
-3
-7
-6
-5
-11
-11
-9
-8
-9
-12
-17
-14
-15
-13
-7
-13
-22
-21
-13
-13
-17
-12
-15
-18
-11
-7
-5
-10
-10
-7
-6
-9
-8
-6
-8
-9
-12
-6
-6
-7
-10
-14
