2
3
2
-4
-7
-3
1
-4
-7
-9
-8
-6
1
4
3
3
2
1
3
2
1
4
4
1
0
6
10
11
10
7
2
3
8
8
15
10
2
3
1
8
13
6
8
8
3
0
-3
1
-1
4
4
7
4
7
11
7
6
7
11
3
3
7
8
14
14
10
12
10
8
6
8
17
19
18
16
14
8
6
2
6
4
8
10
4
11
11
9
4
1
5
4
4
5
6
7
5
4
1
3
1
4
4
0
4
-2
1
-1
2
5
0
2
3
-4
0
3
0
5
1
0
0
4
0
1
4
0
0
-1
-4
0
-2
-8
-11
-13
-6
-9
-8
-11
-15
-15
-10
-10
-14
-13
-12
-12
-13
-15
-13
-8
-12
-13
-14
-15
-9
-12
-13
-10
-10
-5
-6
-10
-6
-8
-9
-7
-10
-7
-5
-7
-8
-7
-5
-2
1
-1
-3
-2
-2
-2
-5
-4
-5
-3
-3
-4
-4
-5
-7
-7
-6
-3
-1
-5
-7
-10
-5
-7
-6
-3
-1
-3
-9
-7
-5
-8
-5
-3
-7
-6
-4
-4
-3
-4
-3
-3
-1
2
-9
-12
-5
-6
-7
-7
-8
-1
1
-3
-5
-8
-7
-2
4
2
-6
-11
-7
-7
-4
-3
-9
-9
-5
-7
-9
-4
-11
-6
0
-3
-8
-13
-14
-13
-8
-6
-9
-11
-7
-10
-9
-11
-7
-5
-9
-9
-5
-9
-8
-5
-8
-6
-8
-3
-2
-4
0
-1
-8
-7
-5
-4
2
1
3
1
1
-2
0
5
-3
-6
-9
-11
-6
1
2
-1
-3
-7
-3
1
-3
-5
-6
-7
-8
-9
-3
-7
-12
-13
-20
-8
-9
-15
-14
-15
-11
-17
-20
-11
-7
-11
-16
-20
-22
-21
-20
-19
-8
-13
-20
-21
-22
-7
-7
-10
-12
-14
-12
-8
-4
-3
-1
-6
-12
-10
-10
-8
-5
-9
-12
-14
-9
-12
-6
6
-3
-6
-6
-10
-1
9
1
-2
-4
-12
-14
-6
5
1
-3
-9
-13
-5
5
8
0
-6
-10
-10
-5
6
4
-5
-11
-17
-7
-4
-1
-3
-9
-7
-3
-1
3
2
-7
-11
-10
-3
-1
5
7
4
4
6
5
1
-1
4
10
7
5
2
-1
-3
0
-4
-2
-1
-9
-8
1
3
-5
-9
-15
-18
-18
-7
-1
-5
-3
-7
-13
-12
-2
-3
-12
-20
-21
-18
-16
-15
-17
-17
-14
-15
-14
-12
-8
-12
-25
-25
-18
-11
-13
-17
-16
-20
-15
-9
-5
-10
-16
-15
-20
-9
0
-5
-5
-9
-8
-11
-11
-13
-14
-12
-5
-7
-19
-18
-10
-7
-10
-8
-1
-2
-3
-1
-1
0
0
1
8
4
0
3
6
10
5
0
-4
5
10
6
7
-2
-5
2
6
3
7
4
4
6
8
15
16
14
4
9
15
13
16
14
15
10
3
6
14
20
11
5
3
4
11
12
16
17
11
6
5
7
5
9
7
4
5
0
-3
0
4
7
11
0
-10
-8
-8
-3
-2
-6
-8
-5
-1
8
7
-2
-5
-9
-16
-14
-8
-9
-11
-6
-4
-7
-3
-6
-10
-12
-17
-20
-14
-10
-3
-4
-19
-22
-15
-9
-10
-8
-11
-17
-19
-13
-13
-11
-8
-15
-11
-6
-6
-7
-4
-1
-3
-5
-6
-4
2
5
0
3
5
10
14
15
13
12
19
17
17
16
17
16
20
20
18
26
31
27
32
41
30
26
19
15
21
19
16
19
29
25
22
30
25
20
20
18
18
22
26
25
21
27
26
22
28
23
17
11
8
13
16
15
15
12
3
1
7
13
5
-3
5
3
7
9
5
7
4
7
4
8
11
6
9
7
9
7
6
7
13
8
-5
-6
-6
-2
6
4
6
2
1
8
6
1
-2
1
-6
-5
-3
-8
-2
4
6
12
11
10
11
4
0
2
-1
-4
3
9
8
5
4
5
5
4
7
2
0
3
2
7
9
10
8
5
3
0
-1
10
12
15
27
12
7
16
16
2
2
7
10
14
19
18
8
8
8
17
17
15
11
6
8
12
16
16
18
21
17
18
21
7
9
9
10
13
3
7
12
14
10
9
2
5
5
3
4
2
5
1
2
3
-1
-1
4
-5
-8
-8
-11
-6
2
8
-7
-15
-20
-17
-5
-6
-9
-19
-14
-17
-13
-7
-5
0
3
9
-6
-4
2
-1
1
6
2
6
13
15
10
1
0
-1
-1
1
4
-1
6
12
8
6
10
6
-5
-4
1
3
4
5
4
15
11
-1
0
1
9
7
6
3
1
7
13
12
7
-2
-4
-1
0
4
8
3
1
2
1
-3
-9
3
-2
-2
3
-2
-1
-2
-2
-1
-5
-16
-9
1
2
-4
-13
-12
-10
-11
-22
-18
-9
-15
-10
-10
-11
-10
-10
-13
-16
-16
-15
-11
-11
-11
-6
-4
-10
-3
-7
-6
2
-2
-8
-6
-4
-12
-8
2
0
-3
3
4
5
9
0
-2
3
1
0
-2
0
8
-3
-5
-6
-6
-3
-1
-4
-5
0
-1
-1
-6
-3
-2
-3
-6
-5
-5
-2
7
-2
-5
-2
0
-2
-1
4
6
-4
-16
-9
-5
-6
-9
-6
-6
-9
-12
-16
-10
-4
3
1
-3
-1
-2
1
-3
-11
-8
-2
-6
-12
-10
-9
-9
-11
-16
-12
-9
-9
-15
-11
-12
-11
-11
-9
-6
-7
-8
-15
-13
-7
-1
0
-5
-9
0
10
2
-2
-1
-3
0
2
1
1
10
13
5
9
18
14
7
7
5
12
8
-1
3
8
15
7
5
12
14
17
13
10
17
16
13
15
13
13
17
11
13
18
15
10
11
10
15
15
7
8
15
20
16
5
7
15
10
15
19
16
19
16
12
12
14
19
15
12
6
9
8
13
22
14
20
11
6
11
17
13
4
10
16
19
14
13
9
10
12
11
3
5
13
10
15
12
11
12
9
7
10
10
8
12
8
8
6
5
2
4
5
5
3
11
10
-4
0
1
1
1
3
1
-4
1
-2
-7
-3
-2
-7
-3
-8
-11
-7
-3
-1
-12
-7
-6
-12
-8
-2
-3
-14
-12
-10
-11
-14
-13
-8
-13
-11
-15
-18
-14
-14
-10
-11
-13
-2
-5
-10
-7
-12
-14
-14
-8
-13
-14
-10
-16
-15
-12
-10
-15
-16
-13
-17
-17
-13
-16
-18
-22
-21
-18
-17
-16
-16
-16
-18
-20
-18
-20
-22
-25
-29
-21
-24
-19
-14
-23
-16
-20
-23
-25
-22
-22
-24
-22
-21
-23
-28
-21
-19
-16
-11
-14
-16
-14
-12
-11
-11
-10
-3
-1
0
-5
0
9
4
6
7
7
-1
-5
3
6
7
10
4
6
11
13
11
15
17
10
11
13
10
8
12
10
7
11
13
6
6
8
6
10
10
15
9
9
6
7
12
8
12
15
14
14
17
15
6
9
12
12
10
2
2
5
7
9
9
5
1
4
2
3
4
3
3
5
8
3
2
1
3
-1
-5
-3
-8
-6
-3
-6
-9
-10
-10
-9
-4
-4
-11
-9
-11
-9
-5
-8
-7
-11
-12
-10
-6
-7
-10
-9
-8
-5
-8
-8
-8
-9
-8
-6
-3
0
-4
-8
-7
2
4
-2
0
0
-2
-4
-2
-3
1
4
1
-2
-1
6
2
1
9
4
1
5
5
1
11
13
9
4
5
15
5
5
11
10
11
16
15
12
17
17
13
12
18
22
19
21
22
26
30
28
27
33
32
32
34
39
41
35
35
35
36
34
28
28
31
33
30
27
24
15
13
17
15
13
19
17
16
11
8
10
5
-2
-4
0
4
4
2
6
3
-1
0
1
-2
-7
-7
-11
-8
-7
-6
-9
-6
-2
-6
-8
-4
3
-6
-6
-5
-10
-10
-3
-2
-8
-4
0
0
-10
-4
-4
-7
-10
-15
-13
-18
-19
-19
-12
-16
-14
-13
-12
-10
-14
-10
-7
-10
-10
-12
-12
-5
-1
-1
-1
3
7
4
2
2
-3
0
5
-3
-5
2
2
2
1
2
5
8
6
-1
2
-1
2
7
5
11
11
8
5
8
11
8
7
13
11
6
13
12
12
15
12
10
7
10
8
6
10
9
2
-4
1
10
11
8
5
4
7
8
10
12
11
16
11
7
9
4
7
7
-1
1
4
4
4
4
8
7
7
3
1
3
4
4
6
11
11
8
6
6
6
14
11
5
5
8
15
15
14
5
1
0
-2
-6
-1
2
4
8
3
7
4
3
-8
-11
-5
-8
-5
-11
-12
-10
-12
-10
-9
-10
-10
-9
-10
-7
-6
-15
-14
-13
-15
-11
-6
-3
-7
-10
-16
-14
-14
-15
-17
-20
-18
-17
-13
-16
-13
-15
-20
-12
-14
-15
-17
-13
-10
-20
-18
-14
-16
-12
-14
-16
-9
-7
-9
-10
-6
-8
-10
-6
-6
-2
0
2
0
-3
-4
-5
-1
2
1
3
5
6
2
-1
9
9
7
4
5
11
6
9
8
8
7
5
9
11
16
19
22
19
13
12
13
16
18
26
19
15
15
12
16
19
15
15
19
15
16
16
23
18
12
19
15
10
10
9
6
6
4
6
2
5
-1
-5
-4
-5
-7
-4
0
-7
-4
-5
-8
-4
-3
-8
-9
-5
-2
-2
-9
-7
-7
-6
-2
-3
-2
-6
-12
-9
-7
-10
-5
-10
-15
-17
-17
-14
-18
-22
-19
-20
-23
-19
-13
-12
-17
-24
-23
-25
-19
-13
-20
-21
-20
-18
-15
-13
-16
-19
-19
-22
-24
-16
-11
-6
-5
-17
-11
-12
-12
-10
-10
-4
-15
-18
-13
-17
-14
-11
-9
-8
-10
-10
-6
-5
-3
-3
-10
-9
-16
-12
-10
-4
2
-5
2
6
-1
2
2
-4
1
2
3
0
4
4
-3
-1
-6
-2
-1
1
0
1
1
0
0
0
-1
-10
-8
-8
1
2
2
3
1
3
3
-2
-6
-7
-3
-3
-5
-3
-5
-3
-1
-1
-2
2
5
5
6
7
11
5
8
7
7
15
13
20
21
16
14
15
19
19
25
20
15
15
19
22
20
23
21
18
10
8
7
7
9
8
6
8
13
10
8
3
6
6
2
-4
-3
0
1
-1
-4
0
2
-1
-2
3
3
2
-1
0
2
4
7
12
5
4
9
4
3
2
3
0
5
5
9
12
11
11
7
7
9
4
0
-2
-4
4
-1
3
7
3
3
-6
-2
4
4
7
5
4
6
8
12
12
12
4
2
-2
1
4
4
4
2
1
-6
-5
-5
1
3
3
6
-1
0
2
1
4
3
-4
-4
-6
-6
-3
-3
-2
6
6
7
7
6
3
2
6
6
9
7
12
13
9
4
7
6
8
11
13
10
4
10
11
17
18
15
14
13
14
14
12
10
17
14
11
13
18
15
12
16
9
5
8
13
10
7
14
11
12
16
16
16
14
13
9
13
15
13
13
15
14
6
3
5
1
2
2
8
2
2
8
1
12
3
-3
1
-2
3
4
1
-2
-8
-7
2
-6
-5
-8
-11
-10
-10
-10
-8
-11
-11
-10
-19
-14
-19
-18
-14
-20
-24
-19
-19
-25
-20
-21
-24
-26
-25
-23
-21
-23
-21
-23
-22
-22
-22
-17
-21
-21
-22
-22
-17
-18
-16
-8
-10
-10
-16
-12
-7
-7
-10
-11
-3
-6
-6
-6
-6
-7
-10
-7
-7
-4
-1
-1
0
-2
-1
2
1
-1
3
3
4
4
-1
5
1
5
5
6
12
8
11
9
8
10
10
1
5
5
-4
1
-3
-6
1
5
-1
2
5
3
0
2
6
5
12
7
11
6
0
10
7
11
9
7
9
11
7
12
14
13
15
10
16
19
14
18
19
15
19
13
7
9
8
7
10
8
3
2
1
7
3
0
1
1
1
-1
4
-1
-7
-1
-4
-4
-6
-10
-8
-5
-4
-1
-1
-1
-3
-2
-1
-4
5
-1
-1
1
4
1
-3
7
4
-2
0
7
9
10
13
13
7
8
13
14
15
13
14
17
15
11
7
10
9
4
1
1
8
0
1
2
1
4
-5
-1
1
-2
4
2
1
-1
0
6
-3
1
1
0
0
0
2
-8
-1
-5
-5
-2
-1
2
-2
2
-1
-3
-1
-2
3
2
1
1
2
4
5
4
0
-1
1
1
-1
-2
4
4
1
-2
-5
-1
-7
-5
-2
-6
-7
-13
-10
-7
-4
-6
-8
-8
-9
-9
-6
-1
-4
-7
-10
-7
-7
-12
-7
-6
-14
-9
-9
-10
-10
-9
-9
-8
-8
-7
-10
-12
-12
-11
-8
-10
-7
-7
-8
-9
-8
-4
-6
-5
-1
0
0
1
-1
-2
2
3
-4
2
-2
-4
-2
1
3
-2
0
4
2
3
4
4
0
-5
4
1
-1
0
6
7
6
8
4
2
1
6
7
6
7
7
5
5
4
7
7
3
5
2
-1
1
-2
-6
-1
-1
-4
-5
-2
-6
-8
-4
-4
-6
-6
-5
-6
-11
-14
-12
-13
-16
-21
-17
-17
-16
-18
-15
-14
-17
-16
-19
-21
-16
-14
-16
-17
-21
-20
-22
-17
-16
-12
-13
-14
-9
-13
-7
-5
-9
-11
-6
-4
-10
-7
-6
-8
-10
-10
-2
-7
-6
-3
-5
-8
-9
-5
-5
-4
-2
-4
-9
-10
-6
-3
-4
-8
-4
-6
-8
-7
-2
-2
-5
-4
-5
-7
-3
-2
-8
-6
-8
-6
-1
-5
-5
-5
-5
-6
-10
-7
-8
-8
-6
-5
-5
-2
-3
-5
-7
-4
-4
-5
-5
-13
-11
-12
-7
-13
-14
-11
-13
-10
-14
-14
-14
-13
-13
-7
-6
-8
-9
-7
-11
-14
-3
-5
-1
-5
-5
-5
-7
-3
-2
2
1
0
1
0
2
6
7
9
10
13
7
5
8
7
12
8
16
13
16
16
18
20
18
21
13
15
14
12
9
15
18
11
13
18
16
15
15
10
9
15
11
8
12
8
10
8
12
14
8
8
4
12
11
17
15
15
19
16
17
17
12
16
21
21
22
18
24
30
27
23
25
22
20
21
24
30
26
26
27
26
24
23
27
21
21
25
22
26
28
24
21
22
22
18
18
21
13
17
16
10
14
10
15
8
7
11
9
11
7
8
8
7
8
7
5
2
3
0
-2
2
5
7
1
1
-1
0
6
1
-1
1
0
-2
-7
-1
2
-5
-4
-4
0
5
6
6
2
0
1
0
3
-2
-2
5
1
7
9
6
4
10
9
-1
1
5
4
6
11
9
5
4
7
9
8
1
2
2
2
5
4
5
1
6
7
8
8
7
9
7
3
2
6
3
0
0
-2
-4
-5
0
-1
-4
-9
-6
-6
-5
-4
-4
-1
-4
-2
-9
-4
-4
-2
-1
0
-1
-4
1
-5
2
0
3
6
1
5
4
8
5
6
10
8
8
5
6
5
7
12
3
6
9
6
11
8
10
10
8
11
12
9
11
5
3
7
7
7
5
6
1
2
1
-4
-5
-7
-11
-9
-10
-16
-20
-23
-21
-26
-34
-28
-30
-36
-34
-34
-35
-36
-37
-34
-34
-34
-37
-40
-32
-23
-21
-18
-12
-13
-11
-8
-1
1
4
6
11
13
15
23
27
32
34
40
39
41
44
47
50
48
52
50
50
44
46
46
45
46
41
37
32
33
27
23
15
6
3
-7
-13
-23
-29
-31
-35
-43
-48
-50
-55
-57
-57
-55
-56
-58
-55
-50
-55
-56
-53
-45
-39
-34
-28
-28
-19
-10
-5
0
4
3
12
21
22
31
32
42
46
49
53
56
59
58
65
68
71
72
72
72
64
66
64
60
59
52
48
43
44
41
36
26
18
14
2
0
-12
-16
-19
-28
-39
-41
-42
-44
-53
-59
-54
-61
-56
-55
-57
-59
-56
-51
-47
-42
-35
-33
-27
-22
-19
-10
-5
0
0
9
20
31
38
42
44
45
49
56
63
54
70
76
67
67
69
72
71
70
66
70
65
65
63
53
47
46
41
38
33
27
22
17
15
7
1
-11
-14
-19
-20
-23
-22
-21
-27
-26
-29
-32
-33
-28
-20
-25
-20
-17
-19
-15
-14
-8
-5
1
5
4
10
17
24
19
24
27
27
26
32
39
40
39
38
39
37
43
38
41
37
32
36
30
36
30
28
30
28
28
24
27
28
23
20
19
15
9
10
13
12
8
9
7
5
6
8
7
4
10
8
6
9
6
4
4
6
7
5
7
7
2
2
0
-3
0
-4
-7
-6
-6
-4
-4
-1
-1
-3
-6
-4
-6
-3
-5
-8
-1
-5
-10
-12
-8
-7
-7
1
-5
1
1
2
-1
-9
-3
-12
-12
-9
-15
-16
-16
-13
-14
-17
-18
-19
-21
-25
-26
-26
-23
-25
-30
-32
-30
-33
-31
-25
-24
-25
-27
-21
-16
-18
-14
-17
-19
-17
-14
-9
-3
-4
-3
4
2
3
7
6
7
11
15
15
16
23
17
17
25
23
25
23
20
17
18
15
12
18
18
13
8
3
5
1
1
2
-3
-1
-5
-7
-5
-6
-8
-10
-6
-8
-10
-9
-16
-13
-10
-9
-14
-20
-15
-20
-14
-12
-15
-13
-7
-9
-14
-5
-8
-7
-6
-8
-1
-5
-5
1
-2
1
2
4
5
-4
-4
-2
-2
-1
-1
0
-5
-7
-4
-12
-9
-11
-8
-6
-10
-4
-14
-15
-21
-25
-26
-27
-21
-31
-25
-26
-29
-16
-21
-14
-16
-18
-8
-13
-9
-8
-7
0
-1
3
0
8
15
11
24
32
35
40
44
51
53
54
61
61
61
64
60
58
52
54
47
45
44
33
25
18
12
4
-3
-24
-39
-61
-76
-92
-109
-119
-130
-135
-147
-153
-152
-150
-144
-144
-138
-131
-128
-125
-132
-130
-135
-142
-144
-155
-157
-155
-152
-145
-136
-119
-102
-86
-65
-46
-22
-7
5
11
8
10
3
-8
-11
-19
-22
-24
-25
-13
-6
26
49
73
106
126
167
185
204
225
230
249
246
252
254
248
258
256
275
290
306
334
343
376
394
415
434
444
459
452
454
449
440
430
407
402
379
360
343
303
280
239
201
148
86
25
-63
-141
-237
-332
-425
-533
-617
-709
-789
-850
-910
-947
-993
-1003
-1030
-1052
-1055
-1089
-1088
-1113
-1126
-1138
-1168
-1158
-1171
-1148
-1115
-1082
-1008
-959
-863
-775
-685
-571
-510
-417
-373
-335
-295
-320
-303
-341
-368
-389
-434
-405
-407
-358
-278
-201
-41
89
271
460
649
890
1070
1298
1513
1713
1944
2126
2368
2578
2787
3023
3207
3449
3630
3807
3976
4067
4175
4182
4176
4118
3955
3802
3536
3255
2925
2539
2165
1698
1274
815
332
-114
-615
-1062
-1522
-1982
-2401
-2839
-3217
-3606
-3954
-4245
-4543
-4758
-4955
-5100
-5185
-5245
-5228
-5203
-5124
-4997
-4873
-4688
-4514
-4327
-4119
-3930
-3714
-3516
-3299
-3090
-2897
-2663
-2425
-2181
-1896
-1600
-1260
-900
-522
-90
319
787
1246
1705
2174
2596
3045
3434
3791
4122
4384
4649
4837
4979
5113
5171
5216
5194
5151
5075
4898
4724
4462
4162
3808
3371
2941
2428
1913
1375
813
322
-207
-651
-1021
-1354
-1585
-1784
-1855
-1880
-1844
-1688
-1545
-1321
-1087
-802
-489
-214
136
448
780
1090
1375
1692
1926
2149
2339
2471
2555
2522
2480
2338
2101
1840
1484
1104
636
171
-309
-833
-1301
-1790
-2251
-2688
-3096
-3458
-3815
-4112
-4411
-4670
-4873
-5101
-5283
-5435
-5535
-5634
-5714
-5700
-5690
-5627
-5531
-5394
-5200
-5009
-4734
-4438
-4092
-3702
-3310
-2806
-2314
-1761
-1165
-550
130
786
1519
2179
2801
3494
4106
4678
5146
5605
6020
6296
6587
6754
6891
6966
6906
6832
6648
6422
6077
5646
5203
4598
3977
3308
2585
1865
1086
411
-271
-888
-1387
-1861
-2180
-2447
-2574
-2579
-2558
-2414
-2233
-1926
-1609
-1318
-874
-466
-61
319
754
1199
1515
1893
2207
2460
2685
2822
2924
2887
2802
2670
2400
2112
1720
1302
841
328
-154
-665
-1132
-1637
-2089
-2470
-2889
-3264
-3606
-3906
-4203
-4522
-4774
-5035
-5245
-5443
-5662
-5785
-5891
-5956
-6014
-5996
-5932
-5880
-5738
-5582
-5418
-5191
-4883
-4543
-4221
-3777
-3253
-2711
-2076
-1371
-614
101
881
1712
2522
3290
3960
4646
5285
5823
6289
6699
7085
7321
7506
7672
7705
7690
7569
7367
7033
6603
6136
5496
4803
4015
3162
2344
1477
637
-188
-886
-1488
-2104
-2492
-2767
-2974
-3071
-3053
-2902
-2783
-2515
-2160
-1854
-1466
-1115
-672
-227
183
631
1000
1447
1813
2182
2558
2749
2951
3097
3162
3103
2928
2787
2444
2061
1672
1170
740
229
-222
-722
-1187
-1516
-1954
-2287
-2624
-3007
-3322
-3671
-3970
-4352
-4714
-4982
-5372
-5612
-5847
-6029
-6142
-6260
-6200
-6188
-6096
-5949
-5823
-5591
-5474
-5299
-4976
-4694
-4344
-4038
-3546
-2989
-2381
-1554
-850
-66
823
1748
2657
3427
4255
4984
5570
6194
6616
7029
7346
7535
7699
7718
7782
7687
7512
7341
6974
6536
6031
5449
4811
3962
3126
2280
1422
594
-334
-1052
-1683
-2289
-2745
-3083
-3258
-3340
-3289
-3108
-2989
-2656
-2201
-1835
-1428
-1032
-540
-110
313
788
1141
1551
1949
2297
2689
2959
3236
3420
3551
3660
3573
3497
3276
2964
2640
2162
1712
1224
711
190
-414
-847
-1326
-1772
-2163
-2663
-3065
-3469
-3802
-4199
-4668
-4955
-5327
-5677
-5912
-6139
-6239
-6437
-6469
-6456
-6466
-6335
-6325
-6202
-6097
-6062
-5892
-5735
-5462
-5191
-4928
-4424
-3911
-3075
-2248
-1536
-620
351
1484
2379
3177
4071
4806
5522
6056
6479
7023
7308
7573
7740
7921
8095
8007
8042
7877
7585
7245
6757
6228
5457
4558
3677
2667
1750
692
-323
-1184
-2056
-2659
-3245
-3659
-3929
-4044
-3944
-3896
-3700
-3278
-2868
-2420
-2058
-1525
-889
-398
149
610
1250
1821
2323
2921
3453
3976
4403
4813
5171
5318
5457
5450
5259
4983
4557
4131
3468
2789
2116
1356
638
-130
-777
-1432
-2163
-2730
-3296
-3831
-4420
-4987
-5366
-5887
-6328
-6746
-7074
-7296
-7570
-7681
-7746
-7744
-7598
-7530
-7343
-7137
-6920
-6643
-6487
-6224
-6064
-5840
-5534
-5255
-4842
-4399
-3837
-3104
-2288
-1286
-369
586
1690
2754
3793
4558
5349
6098
6733
7192
7540
7920
8186
8282
8399
8521
8503
8410
8263
8107
7694
7251
6723
6086
5261
4307
3339
2351
1313
229
-758
-1684
-2469
-3109
-3532
-3941
-4196
-4203
-4025
-3862
-3580
-3164
-2689
-2199
-1725
-1165
-617
-2
481
986
1546
2122
2657
3219
3735
4203
4645
5074
5400
5529
5608
5486
5263
4890
4411
3785
3067
2260
1468
695
-73
-859
-1532
-2095
-2718
-3244
-3660
-4026
-4516
-4978
-5397
-5773
-6158
-6532
-6935
-7239
-7441
-7545
-7549
-7506
-7356
-7165
-6863
-6590
-6288
-6005
-5779
-5634
-5519
-5465
-5413
-5318
-5106
-4910
-4650
-4166
-3442
-2476
-1598
-688
349
1566
2749
3678
4480
5265
5972
6578
6886
7225
7526
7663
7754
7762
7914
7881
7840
7821
7651
7386
7064
6686
6209
5347
4466
3567
2627
1607
415
-502
-1478
-2293
-2890
-3364
-3705
-3906
-3831
-3593
-3379
-2863
-2311
-1756
-1174
-646
46
570
1127
1559
1995
2497
2959
3449
3979
4389
4864
5265
5623
5891
5955
5975
5681
5344
4797
4151
3398
2488
1502
595
-260
-1074
-1908
-2554
-3058
-3598
-4007
-4400
-4671
-5057
-5504
-5942
-6314
-6682
-7013
-7365
-7607
-7774
-7691
-7502
-7382
-7088
-6766
-6322
-5956
-5601
-5344
-5182
-5035
-5000
-5130
-5198
-5287
-5197
-5056
-4941
-4614
-3950
-2875
-2072
-1314
-282
931
2092
2940
3617
4352
5022
5627
5865
6217
6593
6722
6913
7065
7337
7432
7573
7728
7704
7620
7445
7124
6773
5968
5056
4132
3224
2177
898
3
-993
-1820
-2405
-2842
-3159
-3325
-3161
-2911
-2662
-2025
-1448
-880
-362
153
850
1285
1755
2043
2468
2920
3261
3755
4255
4650
5142
5544
5961
6144
6270
6327
5914
5561
4927
4256
3355
2308
1255
135
-799
-1661
-2553
-3170
-3743
-4180
-4507
-4819
-4948
-5376
-5702
-6098
-6464
-6806
-7271
-7628
-7897
-8144
-8156
-8123
-7913
-7687
-7432
-6902
-6582
-6145
-5795
-5499
-5379
-5416
-5406
-5471
-5681
-5685
-5684
-5579
-5294
-4741
-3734
-2901
-1908
-826
459
1831
2874
3809
4709
5469
6233
6606
6991
7363
7561
7769
7725
7989
8210
8269
8339
8390
8404
8256
7927
7651
6889
5987
5085
4030
2947
1598
540
-511
-1488
-2263
-2863
-3204
-3366
-3416
-3162
-2870
-2342
-1669
-1058
-460
8
683
1209
1606
1988
2367
2679
3041
3467
3951
4296
4729
5185
5511
5755
5885
5964
5756
5386
4779
4161
3345
2400
1313
227
-776
-1731
-2527
-3254
-3898
-4365
-4704
-5044
-5297
-5618
-5853
-6307
-6687
-7085
-7535
-7842
-8204
-8497
-8705
-8730
-8542
-8378
-8106
-7655
-7313
-6786
-6433
-6030
-5774
-5691
-5590
-5676
-5699
-5749
-5703
-5450
-5195
-4757
-3794
-2706
-1559
-555
781
2233
3450
4607
5474
6319
7072
7629
7980
8213
8469
8646
8599
8680
8698
8747
8795
8735
8636
8364
8061
7629
7037
6200
5161
4121
3143
1914
763
-255
-1144
-2004
-2697
-3049
-3333
-3364
-3293
-3113
-2763
-2187
-1576
-1053
-587
-52
496
1013
1413
1762
2164
2570
2983
3407
3910
4333
4802
5178
5449
5612
5782
5773
5454
4969
4437
3810
3002
2070
1066
145
-772
-1558
-2367
-3023
-3645
-4144
-4560
-5003
-5396
-5804
-6213
-6725
-7223
-7657
-8020
-8400
-8713
-8989
-9047
-9053
-8879
-8639
-8340
-7973
-7605
-7164
-6895
-6642
-6474
-6412
-6434
-6475
-6483
-6325
-6128
-5756
-5281
-4343
-3166
-2170
-1028
255
1809
3150
4203
5199
6164
7104
7772
8100
8624
8967
9206
9341
9445
9681
9683
9838
9843
9719
9579
9237
8825
8255
7347
6421
5343
4327
3063
1731
730
-383
-1293
-2145
-2786
-3189
-3425
-3454
-3476
-3295
-2764
-2363
-1895
-1477
-997
-393
36
502
806
1284
1792
2150
2644
3140
3637
4175
4556
4991
5234
5471
5517
5246
5016
4512
3917
3111
2217
1348
414
-451
-1276
-2053
-2616
-3263
-3766
-4160
-4540
-4829
-5301
-5680
-6156
-6617
-7028
-7611
-8077
-8548
-8927
-9096
-9325
-9256
-9151
-8838
-8432
-8156
-7708
-7468
-7196
-7023
-7081
-7067
-7146
-7146
-7009
-6914
-6443
-5854
-4811
-3644
-2722
-1375
104
1744
3119
4198
5427
6405
7369
8079
8492
9138
9406
9649
9858
10077
10422
10495
10680
10729
10640
10614
10250
9776
9127
8147
7181
6005
4835
3395
2019
909
-323
-1418
-2329
-3010
-3452
-3794
-3953
-3911
-3638
-3164
-2865
-2426
-1994
-1458
-923
-512
-161
230
807
1241
1635
2180
2837
3377
3887
4368
4884
5277
5559
5515
5315
5016
4563
3949
3044
2087
1136
291
-596
-1458
-2129
-2661
-3259
-3631
-3997
-4255
-4603
-4988
-5405
-6040
-6505
-7068
-7629
-8260
-8851
-9239
-9447
-9581
-9482
-9337
-8952
-8549
-8131
-7634
-7362
-6986
-6839
-6781
-6775
-6773
-6665
-6552
-6372
-5783
-4947
-3885
-2922
-1782
-231
1274
2784
4029
5261
6420
7462
8304
8956
9563
10100
10304
10511
10749
10935
11090
11072
11105
10932
10735
10347
9830
9181
8230
7097
6023
4782
3320
1892
621
-575
-1859
-2825
-3660
-4290
-4683
-4911
-4943
-4707
-4342
-3942
-3461
-2879
-2250
-1661
-1028
-577
-53
624
1167
1639
2253
2955
3598
4099
4674
5156
5559
5916
5885
5737
5444
5010
4424
3609
2714
1735
779
-51
-989
-1751
-2382
-3030
-3511
-3996
-4330
-4717
-5190
-5659
-6273
-6790
-7306
-7931
-8478
-9058
-9415
-9658
-9818
-9727
-9605
-9267
-8865
-8436
-7983
-7626
-7241
-6989
-6891
-6765
-6677
-6514
-6321
-6077
-5549
-4730
-3659
-2675
-1639
-240
1268
2782
4078
5210
6367
7438
8400
9066
9725
10356
10636
10880
11167
11397
11502
11443
11424
11275
10946
10532
9889
9249
8339
7155
6017
4768
3390
1948
643
-538
-1855
-2906
-3704
-4443
-4901
-5262
-5309
-5148
-4861
-4439
-4044
-3478
-2804
-2199
-1556
-1045
-528
121
661
1283
1824
2471
3136
3698
4290
4785
5235
5595
5670
5614
5416
4955
4375
3577
2816
1883
866
-49
-902
-1612
-2279
-2852
-3288
-3745
-4065
-4271
-4627
-5042
-5583
-6003
-6565
-7192
-7707
-8245
-8666
-9005
-9118
-8986
-8799
-8488
-8101
-7679
-7215
-6972
-6656
-6543
-6557
-6523
-6602
-6574
-6574
-6362
-5909
-5288
-4263
-3280
-2275
-959
425
2002
3271
4422
5546
6486
7531
8261
8987
9697
10064
10455
10788
11187
11507
11518
11649
11567
11361
10997
10361
9838
8962
7815
6613
5335
4088
2605
1237
-21
-1361
-2434
-3348
-4034
-4596
-5082
-5229
-5155
-4841
-4502
-4258
-3833
-3362
-2744
-2124
-1626
-1190
-758
-144
502
1176
1892
2571
3157
3763
4411
5054
5450
5586
5527
5347
4999
4419
3739
2989
2159
1183
298
-496
-1128
-1649
-2098
-2562
-3024
-3313
-3486
-3758
-4183
-4755
-5380
-5956
-6616
-7248
-7905
-8419
-8883
-9141
-9163
-9081
-8834
-8457
-8082
-7797
-7540
-7336
-7295
-7303
-7290
-7498
-7621
-7712
-7593
-7164
-6332
-5393
-4637
-3532
-2047
-464
1084
2486
3775
4979
6153
7292
8072
8942
9604
10115
10601
10951
11401
11736
11984
12104
12118
12123
11782
11192
10721
9831
8772
7521
6227
4763
3165
1826
409
-932
-2089
-3071
-3788
-4299
-4730
-4834
-4712
-4334
-4136
-3817
-3367
-2942
-2350
-1820
-1381
-1063
-557
26
634
1337
2105
2668
3324
4024
4768
5350
5731
5859
5694
5572
5226
4684
3906
3049
2128
1153
222
-527
-1207
-1765
-2458
-2957
-3206
-3505
-3753
-4099
-4445
-5002
-5565
-6116
-6808
-7505
-8047
-8723
-9218
-9544
-9681
-9700
-9549
-9138
-8908
-8622
-8372
-8258
-8044
-7800
-7843
-7975
-8106
-7935
-7706
-6969
-6016
-5441
-4599
-3339
-1681
-69
1341
2683
3958
5360
6733
7621
8727
9600
10244
10739
11182
11793
12124
12492
12576
12465
12517
12346
11922
11459
10587
9638
8398
7328
5960
4368
3141
1537
47
-1273
-2354
-3198
-3892
-4362
-4896
-5219
-4718
-4450
-4140
-3761
-3380
-2772
-2286
-1535
-1176
-736
-41
380
939
1668
2302
2991
3531
4329
4885
5330
5765
5696
5741
5509
5056
4424
3654
2835
1813
856
-23
-994
-1585
-2258
-2952
-3476
-3847
-4094
-4527
-4723
-5151
-5779
-6271
-6848
-7417
-8012
-8648
-9193
-9758
-9895
-10090
-10089
-9695
-9548
-9380
-9251
-8907
-8572
-8445
-8206
-8238
-8293
-7930
-7492
-6556
-5829
-5227
-4378
-3187
-1430
-10
1176
2442
3693
5260
6559
7539
8730
9573
10470
10909
11544
12303
12640
12996
13069
13084
13033
12754
12396
11789
10830
9916
8630
7620
6208
4730
3418
1996
743
-697
-1757
-2589
-3368
-4040
-4534
-4804
-4666
-4681
-4444
-4269
-3798
-3120
-2677
-2102
-1660
-949
-296
322
987
1616
2197
2894
3432
4128
4637
5073
5270
5188
5274
5091
4816
4223
3579
2825
1941
1056
292
-537
-1334
-2210
-2910
-3541
-4124
-4505
-5055
-5471
-6017
-6447
-6919
-7397
-7814
-8342
-8794
-9119
-9485
-9681
-9793
-9716
-9557
-9526
-9391
-9514
-9252
-8920
-8843
-8757
-8697
-8338
-7795
-6924
-5770
-5056
-4272
-3078
-1725
-148
938
1985
3146
4381
5730
6557
7688
8888
9747
10545
11174
12025
12719
13083
13415
13523
13569
13333
12713
12300
11374
10203
9028
7832
6578
4880
3541
2222
875
-366
-1535
-2489
-3258
-3969
-4514
-4971
-5072
-5061
-5056
-4777
-4580
-4043
-3494
-2836
-2248
-1599
-793
-123
620
1525
2307
3017
3637
4247
4985
5494
5996
5949
5936
5835
5573
5214
4599
3892
2931
2021
1184
325
-543
-1303
-2246
-3015
-3769
-4272
-4832
-5481
-6078
-6796
-7393
-8087
-8640
-9143
-9630
-10104
-10499
-10686
-10580
-10425
-10075
-9901
-9726
-9613
-9464
-9104
-9038
-8953
-8961
-8729
-8256
-7449
-6314
-5228
-4376
-3005
-1395
302
1664
2721
4129
5274
6602
7444
8285
9287
9980
10529
11090
11881
12640
12947
13171
13499
13567
13661
13222
12812
11966
10743
9556
8315
7082
5341
3645
2185
777
-620
-1797
-2883
-3656
-4369
-4930
-5416
-5539
-5325
-5307
-5121
-4888
-4383
-3854
-3173
-2579
-2031
-1253
-509
148
996
2043
2936
3554
4218
5078
5722
6398
6632
6645
6545
6348
6102
5491
4810
3951
3019
2159
1168
163
-693
-1624
-2447
-3392
-4173
-4936
-5766
-6475
-7392
-8128
-8870
-9648
-10295
-10938
-11393
-11754
-11956
-11840
-11854
-11514
-11170
-10911
-10643
-10530
-10177
-10042
-9867
-9668
-9427
-8807
-7813
-6661
-5405
-4348
-2804
-1015
629
2245
3326
4832
6112
7288
8228
8930
10001
10668
11006
11433
12083
12831
13197
13264
13645
13687
13689
13308
12743
12104
10874
9622
8270
6898
5310
3661
2190
884
-614
-1773
-2806
-3594
-4156
-4738
-5025
-5302
-5217
-5118
-4885
-4648
-4218
-3741
-3121
-2486
-1901
-1027
-341
509
1365
2387
3373
4100
4865
5676
6360
6928
7120
7161
7157
6907
6588
6001
5326
4509
3562
2698
1827
839
-78
-1132
-2001
-2887
-3760
-4526
-5498
-6435
-7466
-8345
-9276
-10201
-10949
-11512
-12104
-12588
-12762
-12633
-12404
-12157
-11845
-11520
-11240
-10988
-10697
-10591
-10299
-10040
-9658
-9250
-8329
-6943
-5744
-4645
-3180
-1312
404
1978
3269
4790
6133
7552
8467
9234
10280
10990
11454
11692
12320
12843
13134
13223
13432
13511
13446
13008
12489
11823
10730
9532
8291
7034
5245
3645
2151
861
-564
-1823
-2890
-3820
-4376
-4938
-5272
-5382
-5238
-5185
-4962
-4795
-4302
-3702
-3003
-2390
-1957
-937
-216
589
1558
2600
3687
4337
5231
6068
6806
7538
7697
7771
7734
7588
7292
6662
5943
5072
4031
3114
2107
1144
257
-887
-1797
-2880
-3719
-4549
-5516
-6434
-7700
-8666
-9764
-10781
-11585
-12404
-12941
-13487
-13742
-13705
-13617
-13224
-12865
-12402
-11959
-11729
-11327
-11044
-10754
-10328
-9917
-9301
-8391
-7123
-5756
-4726
-3080
-1166
570
2286
3681
5351
6718
8149
9258
10011
11114
11847
12188
12427
12951
13388
13479
13421
13583
13521
13408
13029
12415
11808
10677
9527
8241
7013
5387
3656
2037
486
-1016
-2226
-3203
-4159
-4780
-5408
-5684
-5815
-5465
-5209
-4972
-4685
-4296
-3732
-3095
-2322
-1783
-978
-308
592
1431
2455
3551
4417
5358
6149
7021
7731
8097
8269
8308
8139
7778
7191
6542
5637
4572
3521
2480
1426
523
-491
-1387
-2406
-3309
-4112
-5157
-6059
-7257
-8255
-9519
-10681
-11782
-12754
-13565
-14267
-14599
-14696
-14578
-14464
-14049
-13604
-13055
-12659
-12076
-11689
-11338
-10936
-10459
-9737
-8680
-7228
-6055
-4999
-3396
-1393
427
2235
3837
5670
7075
8644
9862
10902
12099
12789
13250
13426
13920
14178
14212
13989
13957
13570
13297
12675
12064
11348
10067
8908
7484
6310
4718
3193
1645
58
-1623
-2830
-3918
-4644
-5328
-5975
-6198
-6334
-5955
-5852
-5342
-4793
-4171
-3536
-2732
-2105
-1306
-437
512
1325
2123
3293
3989
4940
5738
6767
7528
8127
8456
8554
8593
8555
8244
7674
6958
6031
5146
3997
2964
1808
865
-329
-1424
-2456
-3328
-4322
-5365
-6494
-7717
-8745
-9797
-10799
-11953
-12864
-13983
-14636
-15164
-15251
-15465
-15363
-15065
-14996
-14510
-14085
-13358
-12831
-12038
-11335
-10533
-9322
-7829
-6651
-5309
-3581
-1840
-120
1383
3179
4777
6539
8287
9557
10973
12281
13300
14079
14628
15388
15621
15676
15488
15102
14712
14053
13166
12214
11092
9759
8536
7231
5985
4184
2845
1414
-37
-1340
-2520
-3446
-4600
-5410
-6220
-6517
-6527
-6422
-6484
-6279
-5768
-5066
-4261
-3371
-2450
-1502
-370
531
1502
2552
3656
4445
5153
5938
6697
7287
7779
7911
8106
8243
8289
7988
7501
7114
6437
5827
4867
4046
2901
1972
805
-362
-1505
-2708
-3716
-5050
-6219
-7494
-8402
-9509
-10555
-11660
-12439
-13179
-13712
-14068
-14647
-14991
-15388
-15390
-15426
-15299
-15030
-14740
-14324
-13715
-12866
-11306
-9669
-8192
-6825
-5140
-3146
-1376
291
1791
3325
4808
6426
7612
9230
10634
11930
12852
13819
15053
15749
16411
16536
16546
16051
15526
14569
13630
12250
10609
8902
7280
5819
4053
2660
1187
-87
-1478
-2416
-3425
-4146
-4964
-5719
-6192
-6512
-6653
-7035
-6932
-6682
-6153
-5579
-4715
-4000
-2886
-1639
-387
842
2184
3637
4571
5491
6287
7047
7614
8062
8059
8014
8028
8096
7809
7470
7089
6673
6251
5815
5302
4416
3661
2548
1571
277
-922
-2195
-3503
-4869
-6351
-7652
-8889
-9892
-10941
-11691
-12602
-13087
-13473
-13752
-14011
-14350
-14564
-14809
-14963
-15054
-15068
-14906
-14506
-13910
-12597
-11159
-9799
-8285
-6214
-4006
-1987
-294
1541
3238
4914
6539
7647
9163
10399
11557
12351
13351
14493
15346
16045
16616
16880
16876
16791
16254
15555
14039
12353
10474
8767
6914
4795
2826
998
-740
-2343
-3443
-4437
-5133
-5960
-6434
-6759
-6826
-6839
-6840
-6794
-6648
-6381
-6056
-5430
-4847
-3846
-3076
-2034
-784
681
2182
3419
4644
5772
6864
7809
8388
8531
8744
8797
8687
8178
7737
7271
6730
6088
5541
4965
4310
3641
2794
1989
875
-20
-1111
-2290
-3782
-5200
-6475
-7726
-8942
-10218
-11433
-12589
-13247
-13863
-14187
-14658
-14908
-15275
-15429
-15438
-15535
-15293
-15137
-14831
-14384
-13234
-11846
-10636
-9314
-7448
-5712
-3806
-2009
-80
1889
3574
5447
6695
8473
10132
11377
12368
13384
14517
15384
15970
16640
17013
17021
17025
16439
15996
14731
13356
11822
10070
8277
6112
4194
2289
338
-1445
-3014
-4354
-5232
-6413
-7186
-7794
-7823
-7855
-7953
-7721
-7656
-7277
-6759
-6025
-5457
-4550
-3617
-2584
-1552
36
1419
2528
3749
4922
6216
7139
8177
8607
8969
9257
9463
9335
9030
8748
8288
7742
7072
6445
5755
5136
4326
3373
2244
1162
124
-1001
-2406
-3883
-5243
-6432
-7659
-8800
-10042
-11232
-12107
-12751
-13243
-13929
-14387
-14937
-15349
-15557
-15660
-15784
-15711
-15500
-15166
-14414
-13039
-11534
-10443
-8818
-6886
-4962
-3094
-1303
619
2169
3842
5509
6788
8480
9801
10902
11756
12883
14165
14987
15665
16258
16584
16694
16611
16002
15497
14215
12977
11220
9439
7606
5445
3756
1711
-203
-2004
-3400
-4611
-5667
-6818
-7570
-8097
-7981
-8050
-8358
-8281
-8134
-7602
-7075
-6394
-5791
-5042
-3979
-2790
-1764
-126
1237
2568
3723
5091
6469
7414
8456
8912
9354
9576
9888
9632
9380
8939
8438
7821
7225
6782
6058
5373
4409
3518
2532
1656
493
-737
-2211
-3627
-4958
-6363
-7716
-9079
-10331
-11493
-12481
-13145
-13782
-14397
-14617
-14976
-15126
-15283
-15241
-15330
-15383
-15123
-14722
-13931
-12676
-11422
-10448
-8881
-6976
-4946
-3128
-1299
649
2335
4209
5926
7425
9087
10346
11377
12281
13355
14421
15037
15469
15845
16079
16242
16108
15581
15032
13871
12597
11091
9630
7936
6070
4322
2412
464
-1329
-2697
-4110
-5246
-6520
-7534
-8218
-8364
-8401
-8563
-8624
-8319
-7852
-7209
-6341
-5880
-4914
-4016
-2565
-1377
-161
1277
2350
3761
5103
6437
7403
8159
8883
9567
9868
10147
9940
9720
9435
8948
8522
7666
7069
6213
5349
4484
3459
2584
1470
359
-873
-2368
-3565
-4882
-6097
-7516
-9017
-10163
-11516
-12386
-13112
-13860
-14455
-15014
-15126
-15330
-15580
-15355
-15465
-15243
-14957
-14562
-13667
-12700
-11096
-9988
-8845
-7018
-5216
-3271
-1603
-2
1839
3359
5321
6858
8221
9751
10781
11990
12803
13764
14595
15066
15509
15785
15799
15685
15109
14615
13726
12359
11185
9715
8383
6512
4897
3233
1492
-8
-1535
-3078
-4420
-5465
-6497
-7366
-7836
-8007
-8525
-8497
-8208
-7812
-7473
-6791
-6082
-5301
-4037
-2757
-1746
-659
999
2252
3370
4472
5805
6834
7832
8604
9069
9449
9849
10128
9839
9583
9074
8672
8056
7256
6462
5574
4685
3753
2665
1705
457
-695
-1932
-3412
-4522
-5786
-6971
-8322
-9576
-10727
-11782
-12462
-12972
-13904
-14441
-14831
-15198
-15402
-15510
-15287
-15593
-15401
-14873
-14293
-13244
-11924
-10617
-9422
-7787
-5669
-4089
-2442
-610
1121
2743
4267
5867
7220
8798
10237
11200
11950
13096
14099
14941
15267
15591
15710
15555
15291
14540
13898
12726
11431
9995
8548
6798
5282
3731
2265
503
-926
-2072
-3580
-4559
-5819
-6677
-7555
-7880
-8286
-8721
-8812
-8489
-8189
-7581
-6593
-5912
-4753
-3742
-2197
-1057
480
2035
2989
4160
5386
6649
7496
8125
8710
9208
9543
9899
9782
9717
9487
9113
8748
8169
7501
6729
5841
4907
3835
2822
1747
349
-815
-2291
-3611
-4897
-6158
-7575
-9014
-9942
-10995
-11924
-12562
-13182
-13883
-14293
-14542
-14989
-15441
-15277
-15341
-15667
-15570
-15168
-14506
-13531
-12021
-10729
-9639
-7752
-5668
-3868
-1937
-158
1614
2963
4622
6208
7358
8885
9912
10816
11801
12918
13975
14501
15032
15609
15775
15834
15256
14518
13835
12636
11347
9711
8186
6470
4751
3364
1723
41
-1272
-2642
-3930
-5041
-5830
-6564
-7505
-7779
-8267
-8499
-8389
-8076
-7757
-7488
-6451
-5597
-4671
-3435
-2037
-684
595
2086
3291
4480
5850
6957
7715
8399
9152
9624
9696
9770
9783
9569
9258
8650
8271
7646
6900
6204
5228
4617
3500
2562
1436
217
-694
-2117
-3402
-4772
-6168
-7362
-8640
-9719
-10904
-12159
-12612
-13349
-13886
-14276
-14656
-14830
-15218
-14971
-15045
-15279
-14889
-14460
-13981
-13095
-11765
-10239
-9191
-7437
-5508
-3869
-1926
-248
1478
2842
4520
6167
7396
8840
10096
11020
11945
12872
13895
14546
14974
15318
15226
15166
14769
14203
13378
12031
10662
9361
7901
6295
4487
3002
1416
-230
-1484
-2864
-4028
-5159
-6109
-6928
-7524
-7760
-7945
-8193
-8070
-7638
-7185
-6398
-5622
-4690
-3633
-2431
-999
77
1414
2823
3914
5147
6147
7239
7997
8598
9193
9454
9675
9806
9650
9247
8784
8181
7751
6873
6163
5356
4453
3669
2552
1800
743
-319
-1579
-2942
-4119
-5309
-6525
-7914
-9105
-10232
-11241
-12120
-12686
-13202
-13777
-14082
-14303
-14554
-14655
-14582
-14582
-14677
-14606
-14236
-13597
-12453
-11001
-9912
-8739
-6967
-5046
-3118
-1501
261
1799
3194
4891
6241
7836
9210
10327
11201
12154
13412
14382
14910
15221
15474
15502
15395
14814
14237
13157
11778
10376
9015
7580
5808
4138
2400
828
-683
-1914
-3401
-4687
-5753
-6696
-7366
-7881
-8199
-8552
-8464
-8177
-7698
-7203
-6311
-5563
-4638
-3395
-2204
-839
344
1825
3040
4171
5390
6455
7443
8208
8728
9176
9492
9734
9774
9500
9129
8610
8110
7530
6733
5893
5031
4056
3186
2239
1464
408
-762
-1947
-3156
-4119
-5430
-6613
-7946
-9043
-10178
-11301
-12005
-12569
-12972
-13563
-14039
-14208
-14264
-14253
-14242
-14435
-14374
-14233
-13816
-13143
-12156
-10752
-9701
-8519
-6787
-5043
-3101
-1424
249
1812
3078
4970
6356
7969
9326
10310
11274
12225
13535
14397
14897
15268
15481
15426
15398
14808
14287
13063
11720
10330
8936
7577
5593
3971
2125
544
-1012
-2321
-3745
-4977
-6113
-7110
-7842
-8073
-8215
-8615
-8457
-8358
-7754
-7179
-6080
-5410
-4686
-3345
-2174
-867
367
1839
2966
4084
5458
6536
7379
8312
8864
9311
9559
9864
9885
9583
9308
8765
8261
7670
6936
6158
5290
4321
3474
2517
1744
514
-673
-1994
-3383
-4389
-5740
-6894
-8243
-9342
-10304
-11321
-11815
-12284
-12753
-13100
-13629
-13692
-13839
-13907
-13843
-14164
-14161
-14283
-13968
-13205
-12217
-10865
-9749
-8665
-6842
-4992
-2993
-1278
184
1890
3050
4874
6257
7627
9064
9996
11066
11957
13212
14227
14870
15393
15707
15704
15770
15280
14632
13513
12057
10615
8925
7544
5548
3774
1875
178
-1251
-2690
-3993
-5252
-6218
-7088
-7865
-8242
-8436
-8914
-8686
-8684
-8294
-7796
-6918
-5875
-5282
-3832
-2698
-1505
51
1638
3025
4086
5342
6716
7549
8491
9060
9337
9742
9816
9924
9705
9504
9122
8527
7988
7310
6512
5777
4791
3868
2809
1703
541
-708
-1813
-3330
-4555
-5757
-6879
-7971
-9174
-10102
-11067
-11759
-12246
-12888
-13111
-13443
-13671
-13643
-13777
-13614
-13845
-13870
-13766
-13700
-13157
-12441
-11309
-9910
-8744
-7307
-5558
-3779
-1733
-281
1315
2838
4258
6096
7233
8808
10045
10974
12005
12847
14027
14675
15176
15591
15814
15754
15544
14725
13943
12838
11292
9710
7835
6357
4341
2449
683
-985
-2435
-3754
-4989
-6009
-6956
-7680
-8226
-8646
-8700
-8917
-8810
-8624
-8050
-7427
-6570
-5776
-4614
-3406
-2111
-706
672
2481
3674
5072
6129
7323
8342
9085
9547
9707
9853
10058
10100
9780
9504
8790
8408
7662
7010
6224
5324
4575
3385
2332
1233
92
-1148
-2623
-4055
-5398
-6680
-7829
-9005
-9958
-10880
-11750
-12424
-12820
-12966
-13058
-13324
-13475
-13486
-13295
-13261
-13295
-13294
-13556
-13410
-13153
-12312
-11321
-10018
-8582
-7495
-5647
-3564
-1468
459
1968
3739
5131
6746
8322
9442
10832
11651
12346
13006
13826
14719
15248
15365
15559
15354
15387
14889
13835
12954
11269
9849
7739
5954
4030
2092
360
-1650
-3301
-4530
-5551
-6604
-7419
-8090
-8398
-8846
-8598
-8625
-8262
-7867
-7386
-6691
-5964
-4753
-3790
-2571
-1429
-58
1300
2994
4352
5736
6849
8109
9232
9988
10572
10739
11159
11104
11034
10521
10113
9358
8478
7600
6612
5625
4516
3349
2273
1270
188
-975
-2384
-3370
-4766
-6016
-7355
-8537
-9532
-10645
-11654
-12529
-13140
-13393
-13736
-14112
-14056
-14051
-13611
-13659
-13477
-13239
-13066
-12819
-12857
-12600
-12020
-11062
-9811
-8669
-7584
-5820
-3887
-1805
-13
1738
3633
5164
6755
8219
9473
10934
11810
12570
13164
13855
14598
14734
15062
15111
15144
14768
14270
13472
12559
11196
9578
7821
6008
4222
2063
327
-1583
-2925
-4446
-5635
-6692
-7487
-7936
-8549
-8766
-8842
-8651
-8493
-8119
-7658
-6799
-6043
-4974
-4022
-2806
-1318
-68
1432
2794
4438
5816
6976
8123
9206
10190
10872
11075
11218
11201
11216
10995
10392
9695
8862
8138
7216
6269
5238
4145
2905
1697
402
-787
-2075
-3398
-4712
-6083
-7191
-8402
-9320
-10318
-11122
-11848
-12515
-12828
-13142
-13180
-13222
-13143
-12876
-12758
-12542
-12403
-12267
-12019
-11983
-11882
-11748
-11358
-10541
-9463
-8161
-6671
-5337
-3461
-1350
576
2650
4021
5808
7018
8246
9495
10119
11313
11742
12297
12609
13045
13680
13967
14156
14247
14105
13810
13291
12185
11251
9535
7985
5968
3934
2103
62
-1381
-3027
-4399
-5599
-6514
-7115
-7530
-7939
-7956
-8184
-7963
-7689
-7317
-6732
-6315
-5440
-4816
-3829
-2787
-1518
-274
1241
2559
4007
5423
6892
8258
9104
10188
10684
11276
11353
11384
11057
10611
10007
9187
8272
7307
6565
5482
4514
3259
2308
1277
229
-914
-2085
-3332
-4600
-5873
-7027
-8089
-9339
-10381
-11408
-11900
-12307
-12658
-12908
-12873
-12627
-12213
-11867
-11434
-11100
-10841
-10565
-10556
-10344
-10302
-10281
-10500
-10323
-9866
-9064
-7979
-6611
-4965
-3423
-1382
540
2545
4301
5633
6832
7655
8603
9248
9688
10146
10366
10664
10940
11400
11793
12180
12403
12545
12459
12153
11567
10586
9554
7919
6284
4411
2734
1026
-654
-2026
-3364
-4285
-5012
-5530
-5950
-6190
-6138
-5851
-5649
-5252
-5144
-4803
-4265
-3658
-3013
-2558
-1727
-845
147
1439
2815
4148
5545
6687
8021
8957
9993
10694
10848
10880
10466
10148
9433
8714
7823
6773
5604
4649
3828
2934
1868
910
120
-704
-1574
-2649
-3664
-4812
-5787
-7139
-8445
-9521
-10419
-11135
-11839
-12166
-12208
-12057
-11692
-11383
-11037
-10480
-10174
-9746
-9522
-9336
-9272
-9363
-9204
-9306
-9535
-9508
-9349
-8846
-7966
-6763
-5197
-3857
-2162
-244
1463
3291
4545
5582
6360
6889
7705
7932
8450
8845
8971
9304
9605
10339
10841
11171
11489
11622
11516
11348
10783
10165
8807
7217
5753
4131
2703
911
-451
-1748
-2750
-3559
-4182
-4502
-4582
-4735
-4798
-4733
-4532
-4155
-4071
-3730
-3669
-2983
-2307
-1674
-853
-91
1107
2201
3647
4915
5950
7145
8202
9015
9625
10024
10169
9857
9424
8852
8040
7231
6282
5243
4144
3223
2459
1534
618
-268
-975
-1813
-2870
-3754
-4653
-5436
-6550
-7663
-8600
-9321
-9824
-10385
-10884
-11028
-10911
-10717
-10480
-10313
-9725
-9342
-8832
-8662
-8478
-8274
-8290
-8296
-8630
-8619
-8818
-8662
-8609
-8197
-7286
-6088
-4527
-3462
-2057
-417
1232
2724
3596
4443
5271
5913
6532
6748
7280
7911
8245
8671
9158
9885
10712
11101
11564
11709
11665
11612
10836
10224
8865
7473
6040
4408
3002
1403
217
-957
-2084
-2862
-3284
-3581
-3741
-4144
-4165
-4199
-4035
-3912
-4086
-3801
-3627
-3059
-2720
-2186
-1301
-324
876
1949
3096
4326
5539
6624
7447
8021
8671
8952
8771
8258
7668
7180
6330
5341
4371
3432
2719
1997
1283
564
65
-335
-903
-1638
-2308
-2902
-3732
-4605
-5730
-6633
-7465
-8236
-8963
-9568
-9794
-9848
-9725
-9571
-9217
-8943
-8461
-8125
-7885
-7717
-7725
-7807
-8098
-8358
-8523
-8856
-9225
-9222
-9071
-8280
-7410
-6158
-4812
-3663
-2045
-591
915
2207
3046
3824
4417
4975
5696
6111
6902
7500
7942
8656
9366
10499
11299
11862
12374
12610
12615
12375
11724
10913
9487
7967
6465
4787
3318
1752
545
-574
-1476
-2255
-2698
-2981
-3224
-3550
-3769
-3764
-3836
-3748
-3881
-3908
-3810
-3378
-2886
-2307
-1621
-733
325
1473
2682
3758
4968
5913
6732
7200
7583
7725
7486
7047
6334
5694
4985
4126
3306
2481
1897
1475
1022
660
120
-191
-574
-1155
-1768
-2508
-3275
-4178
-5287
-6224
-7062
-7765
-8389
-9026
-9137
-9176
-9006
-8898
-8737
-8412
-8027
-7713
-7689
-7688
-7679
-7772
-8243
-8659
-8976
-9242
-9491
-9618
-9598
-9120
-8165
-6783
-5495
-4307
-2812
-1253
427
1779
2815
3667
4548
5301
5935
6464
7355
8136
8718
9410
10206
11365
12201
12880
13261
13520
13500
13175
12477
11420
9959
8328
6750
5034
3418
1846
527
-702
-1651
-2499
-2896
-3246
-3587
-3931
-4147
-4043
-4265
-4254
-4239
-4250
-4141
-3852
-3415
-2827
-2103
-1107
-307
756
2137
3227
4310
5082
5884
6401
6833
7094
6807
6345
5946
5394
4759
4017
3414
2882
2280
1952
1514
1394
1073
793
379
-225
-834
-1622
-2409
-3520
-4658
-5705
-6592
-7465
-8041
-8632
-8839
-8886
-8730
-8478
-8393
-7989
-7846
-7589
-7501
-7620
-7786
-8099
-8508
-8969
-9359
-9500
-9844
-10037
-9862
-9505
-8605
-7377
-5922
-4758
-3520
-1920
-236
1211
2526
3429
4307
5094
5976
6816
7538
8571
9161
9926
10606
11646
12474
13100
13472
13578
13574
13211
12659
11603
10411
8744
7276
5616
4082
2449
1136
-29
-1126
-1872
-2516
-2795
-3351
-3566
-3980
-4006
-4195
-4354
-4472
-4500
-4392
-4335
-3875
-3418
-2615
-1868
-824
-8
1256
2516
3531
4360
4963
5774
6071
6353
6258
5916
5589
5171
4662
4095
3588
3303
2839
2448
2213
2015
1909
1448
881
284
-368
-1093
-2084
-3281
-4411
-5564
-6427
-7389
-8180
-8668
-8983
-9048
-9111
-8899
-8613
-8247
-8016
-7877
-7804
-7786
-7916
-8182
-8613
-9111
-9602
-9852
-10134
-10384
-10296
-10085
-9325
-8280
-6653
-5148
-3824
-2283
-560
1279
2832
3921
4696
5522
6324
7224
7767
8594
9310
9999
10710
11338
12267
13056
13697
13857
13762
13469
13113
12423
11384
9721
8019
6467
4978
3388
1783
620
-553
-1271
-2074
-2459
-2811
-3102
-3416
-3884
-4018
-4170
-4265
-4448
-4608
-4730
-4290
-3926
-3201
-2625
-1800
-803
90
1587
2551
3579
4326
5049
5652
5988
6166
5967
5551
5223
4855
4319
3892
3362
3039
2673
2528
2278
2060
1729
1198
584
-210
-953
-1959
-2990
-4250
-5504
-6467
-7220
-7958
-8512
-8904
-8973
-8870
-8641
-8201
-8081
-7748
-7512
-7418
-7403
-7635
-7781
-8123
-8604
-9094
-9554
-9720
-9689
-9680
-9491
-9134
-8456
-7188
-5754
-4290
-3072
-1783
-204
1244
2664
3676
4379
5112
5900
6616
7278
8006
8821
9486
10141
10989
11737
12461
12920
13093
13019
12753
12291
11576
10508
9163
7656
6236
4991
3609
2338
1170
182
-594
-1104
-1577
-2056
-2486
-2838
-3153
-3506
-3638
-3907
-4134
-4283
-4249
-3992
-3666
-3079
-2444
-1752
-917
86
1169
2146
2913
3627
4222
4782
5162
5237
5131
4790
4544
4203
3861
3460
3002
2660
2230
1984
1801
1529
1106
503
-138
-804
-1532
-2227
-3154
-4126
-4978
-5734
-6237
-6773
-7094
-7415
-7596
-7550
-7382
-7055
-6891
-6849
-6798
-6695
-6708
-6835
-7131
-7472
-7991
-8385
-8648
-8878
-8901
-8925
-8776
-8560
-7934
-6846
-5578
-4257
-3076
-1925
-531
912
2227
3191
3807
4542
5208
5933
6557
7189
8010
8670
9405
10216
11013
11709
12095
12358
12429
12214
11866
11140
10228
9117
7842
6631
5340
4159
2921
1773
835
-20
-657
-1314
-1904
-2441
-2929
-3311
-3761
-4073
-4343
-4653
-4788
-4812
-4643
-4322
-3904
-3235
-2667
-1900
-951
-52
969
1665
2369
2987
3556
4081
4186
4254
4177
4033
3939
3681
3382
3051
2760
2584
2357
2218
1926
1554
1147
612
12
-700
-1336
-2172
-2991
-3791
-4537
-5095
-5562
-5913
-6254
-6514
-6549
-6503
-6418
-6337
-6474
-6372
-6389
-6447
-6614
-6950
-7092
-7433
-7705
-8022
-8336
-8366
-8447
-8481
-8275
-8003
-7296
-6331
-5118
-3887
-2887
-1568
-209
1178
2432
3313
4067
4828
5581
6405
7012
7759
8478
9108
9942
10580
11367
11926
12378
12666
12703
12600
12202
11640
10794
9592
8270
7081
5792
4389
2909
1686
636
-259
-1133
-1998
-2668
-3182
-3612
-4059
-4365
-4692
-4908
-5082
-5208
-5308
-5187
-4876
-4548
-4161
-3556
-2828
-2009
-929
-20
879
1640
2540
3185
3580
4045
4121
4084
3851
3682
3423
2995
2702
2459
2296
2178
1933
1764
1605
1351
1026
454
-109
-728
-1376
-2098
-3019
-3788
-4422
-5071
-5602
-6103
-6400
-6597
-6722
-6674
-6737
-6631
-6537
-6548
-6644
-6867
-7032
-7229
-7495
-7896
-8292
-8545
-8677
-8769
-8693
-8440
-8106
-7441
-6441
-5207
-3947
-2710
-1400
-140
1199
2477
3445
4128
4784
5523
6277
6978
7715
8551
9263
10074
10892
11765
12551
13077
13411
13382
13233
12948
12327
11286
9963
8590
7266
5864
4450
3036
1774
750
-208
-1030
-1734
-2328
-2969
-3561
-4120
-4549
-4909
-5257
-5716
-6181
-6262
-6202
-6038
-5760
-5274
-4699
-3935
-2883
-1744
-689
400
1434
2223
2996
3681
4212
4376
4389
4337
4218
4089
3941
3758
3563
3406
3294
3312
3201
3012
2704
2306
1774
1184
535
-316
-1323
-2250
-3099
-4041
-4872
-5653
-6226
-6721
-7048
-7259
-7379
-7243
-7156
-7152
-7186
-7212
-7246
-7324
-7569
-7919
-8291
-8468
-8699
-8896
-8882
-8798
-8565
-8188
-7508
-6682
-5568
-4228
-2927
-1706
-409
951
2236
3317
4145
4809
5410
6146
6876
7657
8369
9089
9923
10823
11724
12456
13036
13306
13370
13300
12898
12127
11139
10000
8676
7195
5813
4432
3090
1845
645
-292
-1123
-1806
-2496
-3229
-3940
-4652
-5104
-5582
-6280
-6862
-7297
-7594
-7676
-7493
-7061
-6641
-5825
-4750
-3713
-2397
-1039
302
1376
2392
3321
3852
4443
4807
4943
4916
4818
4788
4712
4766
4738
4701
4804
4865
4861
4733
4393
3952
3312
2577
1525
310
-768
-2009
-3074
-4174
-5119
-5845
-6431
-6727
-7130
-7333
-7360
-7408
-7310
-7401
-7604
-7752
-7949
-8024
-8342
-8530
-8685
-8991
-8973
-8943
-8711
-8382
-7977
-7405
-6881
-6064
-4967
-3895
-2672
-1609
-543
604
1678
2950
3863
4708
5426
6167
7133
7929
8796
9576
10303
11042
11724
12326
12745
12881
12938
12679
12234
11614
10726
9780
8504
7234
5905
4630
3408
2071
825
-392
-1440
-2300
-3248
-4244
-5195
-6049
-6753
-7398
-7813
-8268
-8651
-8762
-8659
-8278
-7686
-6908
-6061
-5096
-3851
-2512
-1182
204
1444
2568
3530
4445
5161
5762
6290
6557
6697
6768
6918
6909
6818
6681
6477
6243
5956
5513
4940
4228
3515
2652
1560
439
-850
-1966
-3169
-4271
-5265
-6201
-6862
-7415
-7765
-8010
-8135
-8088
-8058
-8083
-8041
-8124
-8093
-8200
-8205
-8194
-8244
-8077
-7983
-7659
-7362
-6924
-6386
-5930
-5394
-4839
-4233
-3462
-2700
-1754
-894
-109
880
1755
2928
3830
4733
5552
6235
7122
7828
8613
9256
9775
10266
10573
10827
11133
11177
11194
10829
10436
9994
9266
8616
7531
6471
5221
3995
2830
1454
182
-1075
-2253
-3292
-4354
-5287
-6158
-6978
-7548
-8115
-8356
-8597
-8691
-8600
-8347
-7793
-7151
-6239
-5264
-4229
-3003
-1696
-388
968
2226
3409
4288
5209
6044
6653
7183
7481
7702
7655
7694
7586
7343
7074
6718
6264
5620
4998
4352
3577
2671
1623
518
-538
-1683
-2735
-3880
-4871
-5731
-6486
-7031
-7600
-7918
-8070
-8134
-8099
-8037
-7863
-7664
-7534
-7275
-7111
-6826
-6563
-6294
-5928
-5683
-5259
-4921
-4531
-4199
-3850
-3521
-3351
-3108
-2746
-2344
-1946
-1453
-831
-165
557
1471
2310
3228
4045
4820
5481
6051
6743
7232
7719
8021
8273
8561
8788
9005
9096
9053
8941
8649
8292
7767
7081
6359
5354
4319
3156
2066
951
-253
-1375
-2563
-3531
-4417
-5253
-5960
-6618
-7083
-7377
-7463
-7311
-7242
-6893
-6368
-5782
-4921
-4003
-2938
-2028
-951
318
1406
2577
3636
4556
5378
6099
6794
7212
7517
7760
7710
7563
7280
6968
6566
5953
5325
4560
3881
3176
2407
1640
679
-208
-1079
-1951
-2879
-3819
-4654
-5467
-6171
-6664
-7076
-7368
-7511
-7551
-7420
-7298
-7002
-6704
-6361
-5982
-5730
-5390
-5095
-4765
-4374
-4078
-3845
-3698
-3528
-3269
-3209
-3103
-3086
-3179
-3179
-3148
-2947
-2683
-2283
-1701
-1199
-498
326
1089
1995
2644
3357
3887
4396
4929
5275
5789
6093
6418
6713
6981
7269
7528
7713
7814
7632
7445
7079
6530
5968
5051
4149
3006
2002
979
-89
-1072
-2074
-2869
-3551
-4201
-4716
-5083
-5357
-5414
-5457
-5272
-5151
-4763
-4276
-3812
-3243
-2607
-1746
-928
84
984
1928
2872
3913
4797
5502
6096
6492
6796
6944
6947
6647
6381
5924
5519
4973
4453
3831
3192
2805
2263
1772
1124
523
-174
-828
-1460
-2195
-2987
-3714
-4437
-5055
-5525
-5900
-6080
-6327
-6320
-6315
-6013
-5636
-5259
-4813
-4534
-4158
-3878
-3572
-3406
-3365
-3282
-3314
-3446
-3511
-3651
-3735
-3863
-3941
-4036
-4214
-4089
-4011
-3764
-3403
-2967
-2410
-1955
-1371
-818
-197
548
1044
1536
1970
2480
3137
3732
4428
4893
5345
5899
6345
6870
7204
7343
7324
7090
6938
6522
6008
5379
4499
3708
2806
1988
1183
382
-325
-1085
-1739
-2281
-2780
-3036
-3352
-3675
-3865
-3952
-3792
-3719
-3468
-3222
-2906
-2378
-1815
-1159
-486
317
1117
1884
2661
3388
4029
4629
5053
5315
5427
5440
5366
5202
5011
4679
4352
4040
3718
3408
3121
2857
2488
2089
1628
1030
465
-153
-813
-1558
-2295
-2979
-3650
-4132
-4480
-4718
-4841
-4867
-4854
-4692
-4408
-4074
-3851
-3659
-3525
-3482
-3365
-3347
-3407
-3584
-3728
-3874
-4021
-4134
-4296
-4504
-4659
-4752
-4841
-4912
-5002
-5027
-4940
-4609
-4151
-3695
-3236
-2682
-1999
-1141
-381
277
899
1540
2264
2876
3597
4217
4873
5474
6005
6478
6954
7380
7574
7601
7457
7271
6875
6442
5684
4863
4022
3217
2394
1462
692
-84
-619
-1126
-1593
-2065
-2416
-2692
-2943
-3135
-3227
-3291
-3301
-3191
-3048
-2735
-2376
-1885
-1386
-677
75
827
1620
2439
3191
3883
4443
4794
5059
5246
5378
5200
5129
4894
4694
4415
4115
3787
3385
3199
2833
2443
1919
1449
903
376
-275
-956
-1665
-2318
-2974
-3590
-3939
-4291
-4416
-4602
-4612
-4567
-4272
-3956
-3800
-3629
-3425
-3227
-3171
-3154
-3307
-3450
-3632
-3771
-4124
-4363
-4580
-4738
-4845
-4964
-5039
-5193
-5159
-5194
-5110
-4901
-4580
-4278
-3891
-3377
-2755
-2088
-1363
-753
-149
660
1479
2284
2931
3702
4380
5097
5752
6281
6695
6980
7150
7221
7256
7123
6776
6222
5667
5002
4460
3777
3034
2230
1554
1009
425
-46
-633
-1146
-1614
-1981
-2404
-2794
-3098
-3246
-3327
-3259
-3208
-3033
-2615
-2193
-1582
-953
-100
609
1364
2178
2886
3620
4240
4628
4797
4943
5128
5143
4967
4850
4524
4388
4145
3912
3614
3245
3029
2593
2240
1694
1154
608
-4
-681
-1281
-1858
-2422
-3025
-3468
-3754
-4105
-4158
-4334
-4333
-4280
-4083
-3897
-3852
-3649
-3571
-3509
-3494
-3578
-3671
-3702
-3806
-3896
-4113
-4115
-4247
-4397
-4483
-4735
-4833
-5029
-5119
-5344
-5431
-5332
-5148
-4854
-4431
-3962
-3330
-2603
-1840
-969
-226
660
1293
2052
2700
3262
3877
4275
4682
4960
5359
5632
5803
5941
6084
6094
6081
5972
5695
5383
4934
4569
4003
3443
2815
2134
1584
979
501
-40
-558
-979
-1320
-1532
-1740
-1841
-1878
-1890
-1711
-1408
-1107
-815
-470
-100
322
893
1461
1929
2359
2896
3286
3727
4130
4323
4427
4421
4503
4266
4180
4034
3799
3560
3267
3027
2587
2350
1994
1691
1308
903
393
-121
-552
-1046
-1463
-1956
-2455
-3015
-3329
-3644
-3793
-3906
-3979
-4062
-4102
-4001
-4028
-3918
-3845
-3802
-3918
-4015
-4105
-4159
-4186
-4255
-4454
-4660
-4788
-5002
-5124
-5323
-5456
-5681
-5869
-5982
-6070
-5883
-5597
-5195
-4694
-4144
-3372
-2564
-1729
-900
-219
559
1087
1631
2115
2502
2997
3334
3764
4017
4385
4829
5154
5492
5740
5966
6063
6089
6040
5902
5568
5189
4698
4214
3758
3242
2746
2127
1707
1348
1012
682
351
132
-110
-274
-417
-594
-616
-556
-494
-485
-408
-214
-57
324
679
1034
1367
1762
2138
2381
2826
3107
3233
3219
3225
3231
3142
3124
2938
2695
2554
2459
2382
2223
2074
1939
1773
1618
1353
1091
781
355
-32
-481
-971
-1427
-1824
-2144
-2528
-2761
-2934
-3188
-3325
-3403
-3422
-3490
-3560
-3672
-3907
-4083
-4255
-4506
-4687
-4922
-5167
-5454
-5652
-5748
-5910
-5949
-6125
-6262
-6393
-6483
-6535
-6602
-6426
-6141
-5700
-5215
-4688
-4033
-3283
-2465
-1680
-995
-334
276
945
1548
2037
2613
3139
3667
4077
4525
4992
5406
5879
6232
6478
6645
6816
6893
6793
6593
6312
5885
5419
4926
4448
3956
3419
2956
2439
2036
1659
1330
991
622
363
53
-184
-394
-573
-736
-874
-915
-974
-978
-838
-698
-448
-113
245
570
879
1333
1632
1903
2084
2150
2182
2235
2296
2202
2090
2009
1959
1920
1959
1953
2026
2087
2103
2067
1983
1938
1785
1603
1246
791
324
-124
-614
-1042
-1437
-1832
-2150
-2435
-2653
-2894
-3016
-3174
-3423
-3668
-3949
-4261
-4546
-4878
-5215
-5586
-5897
-6137
-6447
-6602
-6884
-7114
-7271
-7360
-7289
-7309
-7173
-7016
-6739
-6209
-5683
-5021
-4347
-3611
-2747
-1998
-1142
-396
336
1096
1745
2469
3071
3639
4203
4723
5248
5748
6164
6582
6848
7136
7351
7372
7378
7170
7041
6795
6464
6083
5535
5048
4553
4134
3703
3177
2740
2292
1805
1350
868
433
8
-341
-769
-1221
-1575
-1795
-1979
-2047
-2035
-2131
-2024
-1912
-1651
-1431
-1087
-712
-523
-131
138
396
610
841
987
1025
1134
1267
1374
1567
1771
1915
2154
2398
2704
2941
3129
3212
3227
3209
3080
2845
2607
2180
1687
1259
706
188
-373
-741
-1246
-1684
-2015
-2511
-2941
-3359
-3697
-4185
-4587
-5022
-5552
-6015
-6351
-6725
-7141
-7400
-7720
-7961
-8096
-8200
-8374
-8431
-8281
-8190
-8038
-7636
-7177
-6524
-5721
-4885
-4023
-3101
-1971
-1049
-98
736
1432
2158
2848
3520
4034
4601
5085
5561
6093
6637
7006
7446
7883
8137
8393
8530
8605
8417
8245
7912
7345
6842
6243
5566
4896
4295
3680
3061
2548
1995
1376
892
342
-236
-796
-1330
-1914
-2392
-2744
-3175
-3491
-3696
-3817
-3918
-3765
-3549
-3275
-2793
-2311
-1854
-1398
-789
-361
-7
387
623
787
1002
1207
1309
1493
1816
2164
2550
3074
3488
3846
4273
4643
4955
5101
5082
4841
4457
3993
3321
2638
1979
1212
460
-299
-992
-1609
-2130
-2525
-3042
-3469
-3898
-4375
-4860
-5395
-5894
-6434
-6893
-7375
-7859
-8286
-8613
-8859
-8912
-8871
-8878
-8831
-8712
-8480
-8266
-7882
-7423
-6928
-6298
-5529
-4743
-3966
-3054
-2088
-1191
-313
601
1414
2222
2998
3757
4410
5137
5874
6562
7161
7629
8096
8510
8953
9169
9355
9399
9316
9115
8824
8429
7874
7388
6820
6167
5418
4774
4041
3333
2658
1943
1168
360
-396
-1219
-1943
-2605
-3171
-3620
-3919
-4243
-4409
-4422
-4283
-4076
-3774
-3384
-3122
-2686
-2248
-1803
-1418
-958
-532
-176
208
605
936
1262
1703
2066
2526
2904
3371
3802
4194
4571
4815
5108
5250
5288
5235
4986
4640
4280
3807
3229
2472
1817
1106
363
-270
-1032
-1708
-2392
-2978
-3582
-4211
-4742
-5312
-5884
-6388
-6905
-7374
-7781
-8199
-8483
-8775
-8874
-8975
-9000
-8875
-8843
-8674
-8550
-8323
-8044
-7764
-7368
-6981
-6427
-5684
-4926
-4058
-3179
-2190
-1051
-5
1054
1915
2832
3720
4508
5275
5868
6454
6972
7461
7848
8200
8538
8878
9061
9211
9267
9223
9160
8892
8556
7936
7317
6591
5795
4953
4023
3125
2199
1379
610
-93
-790
-1422
-1978
-2435
-2899
-3282
-3633
-3894
-4067
-4129
-4127
-4179
-4022
-3816
-3494
-3181
-2743
-2254
-1752
-1116
-506
83
669
1322
1853
2288
2639
3011
3321
3670
3963
4116
4353
4594
4905
5135
5262
5361
5382
5384
5229
4880
4480
3890
3256
2518
1669
793
-181
-1063
-2035
-2945
-3726
-4490
-5122
-5725
-6250
-6698
-7073
-7340
-7631
-7871
-8056
-8277
-8383
-8397
-8421
-8415
-8392
-8252
-8106
-7894
-7597
-7433
-7141
-6745
-6270
-5772
-5253
-4538
-3795
-2903
-1943
-1054
-68
867
1808
2667
3450
4261
4925
5597
6052
6476
6950
7346
7684
7906
8129
8230
8346
8442
8406
8230
8027
7707
7234
6680
6060
5338
4518
3748
2890
2073
1303
556
-176
-827
-1365
-1904
-2396
-2822
-3252
-3568
-3798
-4009
-4133
-4217
-4110
-4039
-3835
-3531
-3188
-2658
-2170
-1569
-976
-280
445
1061
1698
2221
2749
3263
3656
3928
4140
4347
4510
4677
4844
4924
4950
5081
5115
5064
5005
4841
4571
4135
3685
3064
2311
1592
741
-172
-1096
-2005
-2840
-3681
-4395
-5081
-5707
-6174
-6629
-6927
-7214
-7433
-7623
-7731
-7781
-7854
-7860
-7847
-7805
-7720
-7533
-7462
-7319
-7113
-6829
-6511
-6212
-5807
-5428
-4864
-4168
-3476
-2674
-1816
-885
33
943
1896
2708
3542
4242
4803
5291
5744
6160
6449
6716
6883
7050
7199
7356
7393
7393
7357
7251
7113
6825
6453
5949
5401
4781
4055
3303
2500
1668
915
161
-514
-1127
-1663
-2161
-2649
-2981
-3311
-3594
-3817
-3981
-4124
-4162
-4114
-4003
-3836
-3559
-3154
-2735
-2097
-1412
-697
37
769
1579
2304
3053
3640
4046
4396
4600
4766
4812
4801
4758
4656
4574
4476
4395
4355
4303
4223
4107
3880
3609
3244
2760
2149
1433
697
-147
-1034
-1927
-2843
-3690
-4432
-5068
-5638
-6124
-6458
-6758
-6965
-7053
-7109
-7136
-7144
-7127
-7106
-7048
-6987
-6959
-6927
-6790
-6637
-6461
-6251
-6035
-5709
-5344
-4845
-4286
-3653
-2890
-2161
-1362
-559
299
1203
2006
2740
3350
3934
4445
4853
5245
5533
5790
6038
6243
6396
6509
6640
6735
6748
6761
6681
6476
6225
5880
5456
4939
4420
3843
3156
2482
1792
1151
542
-20
-543
-1065
-1490
-1922
-2322
-2692
-3031
-3274
-3510
-3640
-3712
-3683
-3564
-3396
-3067
-2646
-2121
-1553
-975
-351
287
978
1586
2102
2600
3002
3301
3472
3588
3640
3672
3687
3640
3578
3577
3624
3634
3668
3694
3726
3675
3565
3332
2978
2592
2080
1502
783
43
-733
-1526
-2264
-2975
-3597
-4148
-4611
-4993
-5322
-5584
-5779
-5933
-6060
-6199
-6284
-6397
-6505
-6607
-6667
-6698
-6692
-6603
-6521
-6339
-6094
-5777
-5453
-5057
-4541
-3994
-3420
-2815
-2203
-1555
-888
-216
431
1047
1694
2225
2682
3076
3484
3892
4238
4535
4758
4958
5168
5357
5498
5613
5681
5742
5687
5610
5475
5299
5093
4798
4481
4082
3653
3185
2677
2131
1602
1067
554
24
-475
-966
-1444
-1828
-2158
-2391
-2571
-2662
-2706
-2682
-2543
-2313
-2059
-1761
-1437
-1105
-743
-381
-29
277
624
983
1282
1559
1808
2015
2216
2363
2521
2643
2748
2832
2821
2817
2784
2803
2809
2742
2643
2505
2347
2126
1862
1570
1205
820
377
-139
-665
-1183
-1671
-2174
-2629
-3037
-3430
-3792
-4102
-4380
-4610
-4784
-4931
-5061
-5208
-5322
-5449
-5530
-5564
-5552
-5509
-5457
-5351
-5213
-4987
-4680
-4325
-3932
-3532
-3075
-2591
-2100
-1581
-1062
-521
-25
455
893
1321
1749
2138
2499
2793
3112
3413
3703
3971
4213
4455
4651
4840
4986
5074
5146
5154
5100
4981
4829
4652
4385
4091
3728
3327
2910
2486
2063
1599
1131
662
215
-198
-574
-934
-1254
-1539
-1755
-1912
-2002
-2014
-1992
-1901
-1781
-1609
-1379
-1131
-870
-621
-348
-86
185
494
750
999
1192
1357
1527
1707
1885
1963
2012
2034
2042
2053
2049
2025
1957
1861
1724
1543
1367
1182
962
688
374
34
-334
-672
-1029
-1384
-1727
-2065
-2394
-2698
-2960
-3219
-3457
-3665
-3847
-4014
-4167
-4322
-4473
-4582
-4662
-4726
-4747
-4745
-4723
-4680
-4594
-4458
-4299
-4075
-3847
-3600
-3308
-2982
-2620
-2231
-1790
-1354
-917
-447
32
504
974
1415
1805
2188
2552
2885
3179
3465
3706
3905
4085
4226
4364
4462
4545
4567
4539
4504
4408
4290
4141
3952
3720
3442
3148
2810
2468
2116
1723
1348
967
593
200
-151
-453
-723
-910
-1078
-1198
-1279
-1283
-1235
-1151
-986
-811
-626
-437
-235
-11
226
490
701
882
1073
1228
1378
1499
1604
1643
1638
1622
1549
1477
1389
1277
1152
1016
872
725
602
488
342
193
32
-161
-336
-533
-743
-984
-1224
-1448
-1710
-1934
-2174
-2412
-2613
-2805
-2966
-3144
-3282
-3418
-3551
-3633
-3732
-3797
-3856
-3900
-3928
-3963
-3951
-3942
-3877
-3789
-3703
-3577
-3427
-3190
-2921
-2598
-2230
-1865
-1446
-1010
-550
-85
392
849
1235
1610
1940
2244
2526
2775
2973
3124
3266
3396
3513
3625
3702
3725
3728
3701
3649
3562
3448
3284
3083
2878
2630
2379
2114
1841
1562
1266
989
695
430
190
-55
-252
-425
-544
-635
-702
-713
-714
-642
-542
-423
-278
-139
31
180
367
558
725
902
1021
1134
1218
1282
1323
1312
1285
1187
1062
922
780
657
521
384
233
113
44
-12
-52
-88
-160
-229
-301
-390
-503
-633
-785
-971
-1155
-1344
-1522
-1681
-1834
-1969
-2115
-2239
-2349
-2458
-2537
-2637
-2725
-2821
-2917
-2991
-3073
-3126
-3188
-3218
-3222
-3203
-3145
-3075
-2945
-2786
-2575
-2304
-2009
-1678
-1318
-924
-533
-138
269
637
993
1301
1571
1824
2044
2255
2412
2570
2702
2807
2931
3024
3104
3135
3136
3116
3055
2983
2861
2712
2554
2366
2182
1998
1825
1652
1481
1332
1174
1035
900
763
630
479
348
213
90
2
-96
-160
-210
-232
-209
-171
-89
-20
73
183
291
418
523
624
692
729
746
729
707
639
532
408
270
145
31
-70
-163
-237
-277
-305
-301
-289
-276
-277
-294
-324
-387
-460
-559
-691
-840
-1009
-1174
-1337
-1499
-1650
-1800
-1935
-2054
-2167
-2262
-2357
-2449
-2541
-2608
-2657
-2703
-2730
-2765
-2779
-2773
-2736
-2674
-2594
-2493
-2384
-2246
-2082
-1881
-1651
-1407
-1154
-894
-626
-342
-43
248
509
744
954
1146
1351
1546
1725
1878
1999
2125
2240
2358
2458
2528
2574
2579
2572
2529
2475
2408
2311
2204
2085
1972
1875
1784
1694
1615
1536
1463
1392
1320
1226
1138
1025
909
800
679
575
466
372
300
258
236
223
226
236
255
298
347
388
404
401
387
343
314
257
181
80
-46
-165
-279
-360
-434
-516
-593
-658
-700
-702
-704
-704
-704
-722
-744
-766
-785
-811
-853
-918
-999
-1087
-1172
-1254
-1342
-1436
-1528
-1618
-1697
-1764
-1817
-1858
-1891
-1899
-1905
-1888
-1859
-1820
-1774
-1729
-1665
-1594
-1521
-1460
-1398
-1326
-1246
-1136
-1012
-887
-748
-595
-416
-226
-19
187
370
545
709
875
1027
1174
1301
1404
1504
1593
1686
1774
1860
1931
1980
2024
2059
2072
2083
2076
2042
2000
1940
1873
1803
1733
1658
1580
1513
1443
1377
1314
1244
1174
1097
1021
944
863
769
671
575
482
394
311
236
157
85
30
-10
-54
-97
-135
-185
-234
-273
-310
-350
-400
-464
-532
-602
-662
-717
-772
-838
-912
-979
-1040
-1086
-1124
-1168
-1213
-1257
-1290
-1303
-1315
-1319
-1335
-1354
-1367
-1381
-1379
-1391
-1402
-1427
-1462
-1481
-1494
-1492
-1491
-1486
-1477
-1453
-1403
-1336
-1267
-1197
-1144
-1088
-1028
-958
-889
-838
-788
-740
-677
-588
-487
-380
-265
-152
-14
143
300
463
607
736
864
994
1109
1218
1314
1385
1449
1510
1573
1637
1688
1726
1736
1743
1757
1770
1776
1762
1731
1688
1655
1631
1607
1577
1538
1486
1427
1382
1333
1289
1248
1183
1107
1038
971
907
830
746
648
553
461
378
302
221
142
63
0
-46
-80
-126
-178
-236
-288
-336
-393
-452
-521
-607
-694
-765
-832
-894
-955
-1018
-1091
-1146
-1198
-1247
-1285
-1340
-1392
-1442
-1477
-1492
-1495
-1496
-1486
-1459
-1420
-1371
-1313
-1255
-1208
-1169
-1147
-1123
-1108
-1094
-1084
-1082
-1082
-1065
-1022
-969
-903
-841
-764
-692
-603
-510
-424
-347
-282
-217
-161
-92
-25
44
115
190
259
345
436
530
627
707
792
864
935
1001
1058
1104
1136
1159
1170
1178
1187
1192
1182
1173
1160
1147
1146
1149
1147
1140
1142
1139
1137
1138
1129
1108
1087
1073
1045
1026
1001
969
938
904
871
824
771
709
634
556
472
382
288
198
115
34
-32
-78
-112
-132
-147
-171
-194
-216
-249
-288
-352
-425
-506
-588
-663
-747
-820
-890
-945
-996
-1036
-1066
-1097
-1114
-1140
-1168
-1187
-1210
-1224
-1221
-1226
-1212
-1191
-1164
-1121
-1076
-1016
-956
-904
-855
-814
-772
-733
-703
-679
-656
-634
-615
-592
-561
-525
-481
-434
-384
-325
-263
-195
-133
-70
6
69
142
209
267
333
388
431
504
558
608
665
711
770
828
899
963
1023
1061
1090
1108
1121
1125
1111
1086
1052
1018
972
954
936
911
899
889
894
897
909
916
904
886
858
829
791
732
659
561
466
369
280
189
82
-12
-113
-201
-275
-345
-405
-465
-522
-575
-619
-635
-653
-666
-680
-686
-667
-659
-629
-597
-588
-557
-552
-539
-516
-520
-521
-550
-568
-585
-619
-630
-639
-657
-656
-649
-618
-578
-529
-464
-425
-366
-317
-270
-233
-218
-208
-218
-234
-247
-260
-275
-291
-294
-294
-284
-249
-220
-176
-143
-110
-71
-39
5
32
58
71
90
123
174
220
277
338
396
476
547
627
694
753
800
832
866
883
900
897
873
846
810
794
772
736
696
648
610
576
541
496
435
362
294
216
151
90
16
-50
-121
-179
-226
-273
-307
-344
-382
-415
-442
-457
-479
-511
-554
-600
-643
-687
-719
-743
-766
-768
-742
-695
-625
-525
-430
-336
-234
-138
-46
36
98
135
147
138
125
106
82
44
-4
-39
-68
-73
-61
-50
-48
-52
-51
-53
-56
-68
-98
-135
-174
-208
-221
-227
-217
-220
-218
-207
-185
-151
-132
-106
-95
-87
-65
-43
-24
-9
-13
-4
21
50
103
150
210
267
341
427
498
564
609
631
641
636
640
630
599
564
514
492
466
459
456
435
425
409
402
404
390
367
312
230
150
48
-48
-155
-262
-357
-441
-484
-522
-539
-540
-545
-541
-539
-524
-507
-507
-502
-502
-516
-520
-533
-531
-536
-538
-524
-507
-461
-397
-328
-252
-184
-119
-54
1
63
104
139
169
185
221
251
294
328
340
358
363
368
378
371
358
329
299
265
217
169
100
26
-42
-104
-152
-183
-207
-229
-237
-236
-230
-215
-207
-210
-218
-227
-224
-222
-221
-210
-204
-191
-170
-141
-103
-63
-11
54
122
205
294
363
420
465
491
504
529
536
528
534
518
523
523
537
544
522
530
506
494
506
480
462
439
397
355
292
231
147
51
-28
-121
-203
-278
-348
-403
-443
-493
-536
-573
-610
-648
-682
-702
-721
-731
-739
-727
-716
-701
-668
-633
-581
-523
-461
-394
-324
-252
-176
-116
-63
-29
-1
25
46
87
123
177
239
310
385
455
520
566
602
613
614
598
562
519
468
400
335
281
222
171
128
88
61
38
22
6
-19
-53
-108
-157
-216
-270
-326
-371
-390
-407
-400
-374
-335
-294
-240
-199
-160
-125
-95
-66
-49
-32
-13
16
37
66
84
121
170
222
285
351
412
461
517
548
557
553
529
488
442
399
352
308
278
253
228
214
196
166
139
109
67
19
-43
-112
-203
-290
-378
-472
-557
-655
-728
-777
-808
-815
-807
-789
-769
-745
-713
-686
-661
-641
-632
-612
-592
-567
-529
-494
-449
-403
-339
-265
-197
-111
-42
44
134
216
300
366
425
470
514
543
565
600
622
644
675
700
728
737
744
741
714
683
639
592
524
451
380
309
231
156
83
16
-41
-94
-128
-162
-185
-202
-222
-248
-272
-295
-318
-352
-377
-400
-417
-412
-410
-386
-362
-337
-308
-277
-236
-195
-155
-120
-82
-41
5
42
76
101
132
154
179
208
223
253
266
287
303
316
327
310
297
285
267
254
232
209
171
126
90
28
-28
-92
-164
-234
-302
-360
-419
-463
-502
-539
-573
-598
-621
-638
-655
-654
-649
-635
-607
-584
-542
-508
-470
-425
-392
-341
-291
-244
-177
-131
-73
-15
37
111
165
228
290
353
432
518
598
666
722
773
819
848
868
855
833
799
776
757
734
709
662
629
590
545
499
435
367
302
233
174
102
29
-42
-126
-191
-247
-298
-342
-376
-395
-407
-405
-399
-415
-434
-450
-480
-502
-528
-545
-552
-554
-528
-490
-447
-400
-349
-291
-230
-164
-98
-46
9
62
96
133
155
162
164
170
193
220
244
270
294
320
351
370
367
340
305
254
209
158
96
31
-38
-92
-138
-183
-224
-275
-319
-344
-358
-364
-376
-395
-412
-417
-428
-438
-451
-472
-483
-471
-439
-404
-355
-309
-261
-195
-134
-77
-25
21
78
137
206
276
338
405
461
518
567
610
649
687
719
761
795
825
842
825
822
789
756
715
646
597
541
489
446
391
339
272
201
143
72
9
-62
-133
-176
-231
-273
-327
-392
-452
-515
-563
-616
-664
-698
-720
-709
-692
-674
-652
-645
-623
-598
-572
-541
-518
-479
-440
-386
-322
-281
-238
-206
-172
-115
-63
-3
61
124
197
264
318
362
377
377
384
389
388
383
371
363
362
361
360
336
297
260
217
179
139
97
52
2
-48
-97
-156
-213
-278
-323
-347
-367
-363
-361
-337
-299
-267
-240
-222
-216
-214
-211
-193
-173
-151
-126
-104
-50
1
59
124
179
247
319
396
465
523
565
600
617
611
596
566
534
511
496
482
486
472
465
464
450
428
386
339
272
200
136
72
-7
-87
-163
-234
-294
-342
-388
-429
-456
-479
-491
-500
-513
-532
-556
-593
-638
-671
-706
-734
-740
-735
-710
-683
-645
-596
-544
-475
-411
-364
-316
-268
-209
-136
-82
-30
6
41
101
157
221
280
327
377
431
484
535
557
577
593
593
579
550
502
462
441
413
376
313
243
186
150
127
96
34
-34
-94
-138
-143
-153
-173
-212
-257
-276
-279
-276
-273
-286
-294
-297
-299
-273
-255
-234
-199
-165
-115
-72
-37
17
81
145
190
215
248
284
327
365
380
382
378
384
414
437
438
425
409
420
430
422
388
335
267
210
172
139
110
62
-10
-71
-102
-122
-125
-136
-173
-244
-312
-345
-364
-377
-431
-497
-561
-632
-697
-746
-757
-721
-677
-652
-665
-708
-689
-594
-430
-295
-321
-482
-581
-469
-242
-55
-7
-111
-228
-187
1
248
412
394
291
258
374
558
709
760
685
572
494
494
573
651
647
541
461
419
433
476
457
403
318
255
183
125
89
48
26
28
-12
-127
-227
-286
-264
-195
-179
-238
-312
-330
-286
-191
-117
-133
-200
-230
-230
-171
-80
-41
-25
-9
17
43
97
133
140
158
181
174
170
202
202
216
228
196
149
97
43
34
60
70
43
7
3
17
50
57
3
-57
-82
-98
-89
-92
-159
-243
-300
-305
-307
-329
-407
-506
-541
-509
-464
-422
-400
-437
-455
-435
-384
-314
-292
-321
-361
-340
-274
-201
-137
-99
-100
-83
-21
52
140
183
206
254
324
390
435
462
475
490
511
537
540
532
519
517
536
553
535
495
451
400
377
355
322
256
181
108
54
38
17
-31
-95
-154
-199
-204
-202
-213
-235
-261
-265
-264
-260
-252
-249
-240
-224
-225
-223
-214
-180
-129
-71
-21
-10
7
43
83
128
141
116
99
88
74
75
82
95
73
46
17
-6
10
31
49
63
54
23
25
66
107
99
49
-21
-70
-73
-68
-84
-102
-139
-197
-221
-211
-199
-208
-240
-275
-283
-276
-265
-232
-188
-164
-182
-185
-173
-155
-128
-124
-125
-103
-85
-66
-27
24
49
43
48
71
103
146
178
209
258
285
302
353
396
411
400
375
367
381
393
392
381
364
312
254
243
220
176
114
33
-28
-50
-56
-55
-67
-108
-161
-205
-196
-183
-188
-206
-241
-250
-230
-214
-207
-204
-221
-229
-219
-214
-205
-186
-151
-95
-34
-5
-9
-6
23
50
77
74
31
-1
4
28
48
44
11
-25
-41
-26
-14
2
10
-4
-7
-5
9
27
37
24
4
-18
-33
-23
10
20
-4
-25
-34
-28
-22
-37
-81
-108
-126
-126
-108
-90
-87
-97
-83
-65
-44
-31
-32
-29
-6
5
-3
-5
-11
-2
-1
-19
-43
-60
-55
-36
8
39
44
36
44
90
141
171
158
132
125
136
156
172
181
151
116
93
85
85
74
57
40
21
-7
-24
-25
-17
-21
-42
-80
-100
-102
-98
-85
-73
-75
-87
-89
-84
-65
-56
-54
-61
-60
-55
-51
-30
-2
20
18
17
18
31
53
66
61
56
43
32
40
37
22
-11
-38
-51
-58
-60
-72
-83
-84
-81
-77
-66
-52
-48
-40
-31
-17
7
22
40
58
65
58
55
58
60
72
78
73
68
66
65
82
98
97
77
54
41
45
56
53
39
24
1
-10
-6
-9
-25
-49
-65
-73
-67
-79
-87
-88
-101
-101
-109
-111
-107
-104
-86
-71
-50
-32
-29
-15
0
16
22
18
10
8
17
16
22
21
15
13
15
20
16
5
-3
-4
-1
12
13
1
-11
-27
-34
-26
-17
-27
-39
-39
-22
7
24
29
20
14
17
28
38
29
16
3
3
20
26
14
-8
-21
-26
-28
-18
-24
-44
-53
-50
-39
-46
-64
-91
-111
-106
-99
-84
-77
-69
-53
-32
-2
19
36
45
52
65
80
94
93
91
91
93
97
94
85
68
64
73
93
104
97
83
72
73
77
70
53
17
-11
-19
-21
-10
-22
-37
-51
-52
-42
-35
-26
-30
-31
-37
-38
-33
-36
-35
-39
-44
-46
-41
-32
-25
-1
18
33
44
52
65
67
73
66
57
39
23
15
19
19
16
12
-1
6
20
39
55
59
54
52
48
44
42
33
15
-3
-10
-19
-13
-13
-6
1
1
9
19
32
40
37
23
11
-3
-8
-18
-30
-48
-64
-73
-73
-61
-50
-40
-40
-34
-20
-3
3
11
17
8
-1
2
4
4
8
14
19
25
34
48
68
79
87
85
77
66
58
56
45
36
13
-1
-6
-9
2
14
21
19
18
26
32
35
31
15
-6
-20
-28
-38
-49
-62
-78
-81
-76
-62
-52
-44
-35
-32
-18
-9
6
13
9
-3
-13
-11
-17
-13
-5
-5
1
12
24
35
45
55
65
74
76
71
65
59
52
51
40
33
25
16
23
26
30
29
24
19
18
16
6
-4
-19
-31
-36
-44
-44
-48
-57
-56
-55
-47
-37
-37
-38
-40
-36
-33
-32
-31
-38
-49
-58
-54
-53
-58
-54
-51
-42
-19
-8
0
13
25
38
48
55
53
51
53
53
48
43
38
23
22
18
16
17
21
21
20
25
26
30
24
25
20
13
8
-4
-11
-24
-37
-40
-42
-47
-50
-55
-61
-57
-49
-50
-53
-59
-63
-62
-66
-66
-75
-77
-77
-76
-64
-54
-48
-43
-27
-8
2
11
10
13
19
24
28
26
21
16
19
26
33
41
42
47
62
72
85
92
85
80
75
67
54
37
19
2
-13
-20
-27
-34
-33
-26
-20
-5
3
1
0
-6
-10
-14
-26
-38
-57
-73
-80
-91
-89
-96
-98
-94
-85
-59
-44
-29
-20
-11
-3
3
15
5
-10
-19
-20
-7
1
12
17
25
44
66
86
92
97
95
90
90
80
63
46
27
13
10
7
3
-2
2
9
23
30
38
38
30
26
14
0
-23
-44
-67
-81
-92
-101
-108
-114
-114
-100
-82
-70
-56
-52
-43
-39
-35
-32
-38
-45
-55
-61
-56
-52
-52
-43
-35
-18
9
28
39
54
62
71
80
72
67
58
53
51
48
48
42
42
42
50
56
54
59
59
53
46
43
35
20
7
-7
-14
-20
-24
-28
-39
-45
-39
-37
-34
-38
-42
-40
-45
-48
-49
-52
-63
-62
-64
-66
-56
-51
-43
-32
-21
-9
0
9
15
17
26
35
45
51
50
56
67
78
77
78
80
76
75
76
72
62
64
61
55
56
51
40
35
39
37
38
27
17
17
11
7
-6
-20
-41
-51
-56
-59
-61
-70
-68
-68
-64
-59
-53
-50
-50
-51
-44
-40
-36
-43
-44
-43
-47
-38
-30
-17
-17
-11
1
18
35
37
43
49
56
58
61
64
52
52
60
60
62
60
65
73
80
80
79
74
65
56
43
40
24
12
7
0
-4
-10
-10
-13
-15
-12
-11
-13
-14
-16
-19
-24
-29
-32
-37
-49
-49
-47
-44
-33
-25
-14
-4
14
29
43
57
63
69
75
75
74
70
68
70
70
74
74
80
83
77
82
88
90
91
93
83
81
78
64
59
54
43
32
26
23
15
15
11
0
-3
-7
-16
-25
-34
-40
-50
-52
-58
-58
-55
-53
-44
-38
-27
-20
-6
3
4
12
11
12
3
0
5
4
1
1
-3
4
13
21
34
38
54
59
68
73
76
81
81
77
62
55
39
27
20
12
5
0
-6
-8
-13
-17
-13
-15
-13
-16
-17
-17
-26
-28
-31
-42
-47
-49
-58
-57
-60
-57
-54
-56
-48
-49
-43
-44
-42
-38
-41
-41
-36
-33
-31
-27
-20
-13
-5
11
22
28
36
36
38
41
40
37
28
11
0
-7
-16
-20
-22
-22
-18
-15
-11
-1
7
11
13
8
0
-3
-8
-14
-27
-41
-50
-63
-73
-80
-80
-77
-73
-64
-59
-53
-46
-36
-26
-25
-24
-24
-25
-21
-28
-32
-33
-37
-36
-38
-35
-26
-21
-18
-16
-12
-10
-14
-16
-16
-26
-32
-43
-51
-46
-46
-42
-39
-33
-24
-25
-17
-15
-13
-19
-26
-30
-38
-44
-56
-66
-71
-74
-75
-73
-71
-67
-59
-46
-33
-34
-33
-26
-23
-25
-26
-41
-49
-53
-56
-49
-54
-52
-54
-49
-38
-38
-31
-24
-23
-17
-17
-12
-14
-21
-21
-32
-34
-37
-45
-39
-33
-31
-29
-32
-30
-25
-27
-32
-30
-32
-42
-40
-36
-39
-41
-41
-36
-30
-25
-23
-19
-16
-13
-8
-5
0
-1
-5
-9
-9
-8
-14
-13
-9
-9
-4
2
1
8
9
13
18
27
26
16
19
25
25
19
19
13
9
6
8
6
5
6
2
7
-1
6
11
11
14
13
13
12
14
16
22
21
19
19
25
31
28
29
30
36
36
34
41
45
46
48
49
51
49
52
52
54
59
55
53
52
52
53
52
54
52
49
49
48
41
37
42
39
29
23
23
21
18
23
24
21
21
25
26
32
31
35
33
30
30
28
30
26
23
20
21
21
19
22
25
33
35
33
39
42
45
46
44
39
33
37
29
26
28
26
26
28
34
38
39
41
40
37
32
26
20
21
17
9
3
-2
-5
-5
-3
-4
0
-1
0
3
1
7
8
8
8
7
3
1
1
-2
4
9
11
24
30
35
48
47
52
53
54
59
54
53
50
44
40
41
44
43
46
43
42
36
40
41
35
41
36
33
27
18
13
9
7
1
-1
-4
-7
-10
-14
-5
0
-5
0
2
3
0
0
-8
-19
-13
-13
-13
-9
-6
-4
-2
2
15
17
19
27
29
29
27
32
28
30
32
24
26
19
20
17
15
19
15
23
20
20
21
16
20
8
5
2
-9
-7
-15
-17
-16
-19
-25
-24
-20
-22
-22
-25
-25
-31
-29
-27
-31
-24
-25
-24
-18
-23
-20
-12
-12
-5
-11
-6
-5
-1
7
5
10
7
10
15
16
18
20
16
17
10
13
15
13
18
13
15
10
11
13
5
3
-1
-8
-9
-16
-18
-17
-21
-19
-21
-24
-25
-23
-26
-22
-21
-24
-24
-30
-23
-25
-29
-27
-26
-24
-24
-22
-18
-19
-14
-8
1
0
2
8
9
12
11
21
13
18
18
15
26
21
21
24
22
28
30
25
25
30
24
20
20
11
12
7
5
6
-2
3
-3
-2
4
3
6
3
-2
0
-2
-8
-13
-14
-12
-16
-15
-17
-15
-14
-13
-10
-9
-10
-9
-7
-2
6
2
5
7
4
0
0
-5
-3
-3
-5
-4
-5
2
1
3
7
6
7
6
7
11
4
13
3
-10
-5
-18
-16
-14
-9
-3
-8
-5
-1
4
1
-4
-5
-9
-10
-11
-18
-21
-24
-22
-22
-16
-9
-11
-8
-2
1
6
6
7
7
0
-1
-2
-3
0
-1
1
3
1
4
7
11
12
15
19
20
20
16
14
16
16
11
5
-1
1
-4
-3
-3
-4
-1
2
11
13
16
6
6
3
2
1
-1
-11
-13
-12
-14
-16
-17
-11
-16
-8
-11
-9
-7
-8
-4
-8
-6
-14
-16
-26
-26
-18
-17
-19
-9
-2
-5
-1
-3
-1
4
0
-3
-2
-5
-11
-11
-11
-12
-11
-7
-6
-9
-5
-6
-3
3
-1
3
2
0
4
-1
-1
-7
-10
-9
-11
-16
-17
-12
-13
-8
-9
-10
-7
-7
-9
-8
-9
-10
-8
-11
-9
-9
-6
-10
-16
-9
-7
-8
-2
-1
-2
-3
-2
-1
-9
-9
-10
-12
-7
-9
-10
-11
-10
-10
-8
-2
2
-1
-2
3
6
9
6
-1
1
-3
-5
-3
-1
-7
-3
-5
-10
-2
-3
1
0
-2
1
2
5
3
2
-1
-4
-6
-6
-8
-11
-5
-2
-3
-2
-5
-1
1
0
-1
-3
0
-6
-14
-10
-8
-8
-9
-11
-7
-12
-12
-7
-1
5
4
14
16
15
19
20
19
15
15
14
11
17
19
22
28
25
20
23
23
21
25
27
29
24
19
17
20
21
16
19
16
9
8
6
12
14
11
12
15
15
5
8
5
4
0
2
6
0
1
1
3
0
-2
-1
-9
-8
-2
-3
-4
0
4
5
3
-2
-8
0
-3
-6
0
1
-2
1
5
2
3
-1
-5
-11
-6
-6
-10
-10
-10
-10
-13
-10
-6
-8
-11
-12
-15
-15
-13
-8
-14
-16
-11
-12
-13
-15
-15
-20
-19
-15
-16
-15
-17
-19
-13
-17
-16
-16
-16
-16
-18
-16
-19
-12
-16
-17
-15
-14
-6
-7
-4
-3
-3
-3
-8
-4
-2
0
1
-5
-1
-7
-7
-6
-6
-6
-11
-10
-13
-5
-2
-6
-5
-5
-5
-9
-8
-2
-3
-7
-7
-11
-6
-2
-3
-4
1
3
7
5
4
5
1
5
7
7
5
6
8
4
1
0
0
0
4
3
0
5
8
5
12
13
12
10
10
10
6
8
5
8
4
7
11
10
11
5
11
7
6
11
10
13
10
10
7
-1
-2
-5
3
-1
-4
-3
-12
-2
-3
-3
-2
-5
-10
-10
-5
-9
-10
-4
-2
-4
-7
-4
3
-1
-1
-1
-4
6
5
0
2
5
9
12
10
12
16
15
15
12
12
11
10
15
12
9
13
12
14
14
12
14
10
10
11
13
17
11
12
5
-4
2
4
7
9
4
2
4
4
4
4
1
-6
-7
-4
-4
3
-1
-13
-11
-9
-9
-7
-8
-5
-3
-3
-7
-10
-5
-2
0
-2
-3
4
6
1
-1
-6
0
3
6
5
7
14
9
7
8
10
8
6
7
9
2
4
4
2
8
1
0
1
-4
-6
-4
-13
-13
-5
-9
-8
-7
-7
-6
-6
-1
-6
-6
-3
-12
-10
-10
-9
-4
-5
-4
-8
-2
-2
-3
3
0
3
2
-4
-2
0
4
5
5
8
4
5
8
6
2
1
-1
-2
2
2
-5
-5
-8
-4
-6
-9
-7
-10
-7
-1
-3
-11
-10
-1
-9
-12
-12
-23
-22
-25
-24
-22
-21
-19
-18
-15
-18
-16
-16
-14
-14
-15
-9
-13
-9
-11
-16
-12
-11
-9
-9
-11
-16
-8
-4
-7
-4
-2
-5
-2
2
-6
-3
0
-4
-7
-7
-4
-8
-11
-8
-10
-6
0
-9
-11
-12
-9
-8
-9
-10
-17
-19
-22
-19
-21
-20
-22
-23
-16
-23
-23
-18
-19
-16
-11
-15
-11
-9
-9
-7
-14
-15
-16
-12
-5
-8
-5
1
3
7
2
5
9
14
15
13
16
16
20
19
10
10
9
9
5
8
8
4
13
9
6
10
6
10
10
7
5
8
14
13
3
1
9
9
5
3
4
6
7
2
0
-3
-1
5
8
5
4
8
5
13
11
9
11
12
16
17
14
14
20
18
18
20
12
9
18
22
20
19
18
23
20
20
20
16
17
17
21
11
11
18
18
20
13
11
15
16
11
6
9
19
20
15
6
7
12
5
7
11
12
10
14
11
7
11
4
11
18
8
7
7
0
3
5
0
-5
-5
3
-2
-6
-2
-1
-3
-4
-5
-8
2
4
0
2
-1
0
1
5
-3
-8
-6
-7
-5
-9
-5
-5
-10
-9
-11
-6
-4
-10
-11
-12
-15
-12
-12
-13
-13
-15
-20
-17
-17
-15
-11
-15
-13
-5
-1
-5
-9
-10
-2
-6
-10
-4
-6
-4
-11
-8
-6
-8
-2
-7
6
3
-5
6
4
0
-8
-6
-4
-8
-1
-6
-17
-5
-10
-16
-13
-18
-16
-16
-20
-18
-12
-18
-20
-16
-15
-15
-27
-21
-19
-26
-22
-18
-20
-18
-19
-24
-22
-19
-22
-21
-21
-26
-22
-21
-25
-27
-27
-23
-28
-27
-18
-11
-12
-18
-16
-16
-13
-10
-10
-13
-18
-12
-11
2
-3
-11
-10
-10
2
7
1
0
3
-4
0
4
-1
-8
2
6
1
7
6
-1
6
2
-3
7
11
7
-1
3
2
7
9
11
19
14
14
10
11
16
15
14
9
7
9
11
14
8
11
9
6
6
9
17
7
10
6
1
8
11
10
9
6
3
3
4
13
10
11
5
4
7
7
8
7
1
1
6
6
-3
5
15
9
12
8
2
5
3
3
-1
0
7
8
12
10
4
4
11
14
9
10
8
10
11
13
14
11
13
8
7
4
10
21
16
8
9
11
8
17
16
12
13
18
21
14
12
15
22
18
6
14
17
10
14
22
19
14
19
13
7
12
18
14
15
18
16
14
15
15
17
16
13
17
18
17
16
17
17
17
11
3
11
19
17
10
4
2
8
5
6
2
-4
6
10
9
6
4
8
6
4
3
2
11
11
5
4
0
0
11
9
2
5
1
-1
4
-7
-8
2
-3
-5
-7
-19
-13
-3
0
-8
-20
-18
-8
2
-9
-10
-6
-9
-6
-9
-6
-3
0
-7
-12
-6
-10
-15
-12
-10
-15
-12
1
-1
-5
2
-9
-6
2
-5
0
-6
-7
-8
-7
-10
-9
-3
-4
4
-2
-6
0
0
0
-9
-12
-7
-7
-7
-4
-6
-5
-9
-17
-17
-17
-13
-11
-10
-12
-23
-24
-25
-20
-29
-31
-21
-21
-22
-30
-34
-40
-40
-30
-29
-32
-26
-29
-29
-19
-27
-24
-19
-19
-17
-25
-24
-22
-18
-22
-21
-16
-21
-22
-22
-14
-14
-12
-4
-8
-10
-5
-1
7
-1
-13
-5
-5
-4
0
-2
-4
-1
4
-2
-3
-17
-6
1
-11
-3
0
-6
-10
-11
-9
-4
-6
-4
5
9
9
5
2
7
12
5
11
18
23
22
21
20
23
23
6
16
23
19
22
17
21
29
24
24
17
8
23
26
19
21
24
23
26
18
15
19
14
12
21
27
11
13
20
13
19
15
11
12
6
0
7
13
5
3
6
3
2
5
3
0
-7
-9
-2
7
11
6
-2
-7
-6
-3
2
0
-7
-7
-8
-3
0
-19
-16
-12
-24
-24
-20
-21
-16
-22
-29
-30
-33
-31
-30
-24
-19
-22
-27
-31
-31
-24
-20
-23
-24
-24
-34
-30
-24
-24
-27
-34
-32
-30
-28
-25
-27
-26
-25
-26
-14
-14
-18
-8
-12
-18
-16
-3
-6
-7
-6
-8
1
-3
1
5
9
2
4
19
17
13
13
11
8
9
16
24
24
15
17
27
26
20
20
25
26
24
28
28
26
18
14
17
18
11
21
25
15
14
19
18
17
11
4
13
7
6
12
11
-4
-5
3
4
-1
-4
-5
-6
12
6
4
2
1
10
7
8
3
2
-1
0
5
0
-3
-4
-8
-8
-1
8
7
1
0
1
11
7
6
-1
2
11
7
12
2
-1
0
-1
9
9
3
4
2
3
8
5
11
17
13
12
18
8
5
10
10
11
7
15
12
1
4
15
13
3
13
18
5
4
9
5
-1
-1
5
9
0
-3
4
8
4
1
5
8
2
-3
0
-2
2
-3
-3
-2
-8
-3
-4
-9
-14
-12
-12
-14
-14
-14
-19
-20
-8
-9
-8
-11
-16
-18
-22
-19
-14
-8
-17
-26
-20
-16
-21
-17
-12
-18
-11
1
-3
0
3
-10
-4
-2
-9
-6
-4
-4
3
7
-6
7
12
1
6
6
11
21
21
21
18
14
21
26
29
13
7
14
15
15
8
12
18
17
16
20
14
18
19
21
30
23
21
29
26
12
17
20
17
19
21
14
22
26
21
24
23
25
23
32
31
22
23
29
30
21
22
35
33
30
34
34
35
24
33
41
33
23
25
39
37
32
23
29
26
17
20
16
11
4
11
12
3
1
5
6
6
-10
-16
2
-5
-17
-14
-12
-15
-19
-28
-28
-21
-38
-34
-21
-32
-42
-41
-29
-35
-41
-41
-38
-32
-46
-49
-41
-35
-42
-47
-45
-45
-45
-47
-40
-41
-47
-40
-30
-34
-51
-50
-35
-26
-34
-41
-31
-24
-28
-29
-29
-22
-30
-38
-13
-11
-35
-26
-10
-11
-16
-23
-14
-2
-12
-19
-5
-6
-9
-1
-1
-8
-4
6
7
10
-3
-5
20
18
6
5
11
20
15
16
24
22
21
25
30
39
29
20
31
29
24
24
45
40
29
23
21
34
23
18
18
21
20
21
20
3
-10
-1
7
10
-4
-24
-9
-7
-25
-24
-15
-14
-17
-24
-27
-25
-23
-19
-18
-26
-36
-38
-24
-20
-48
-54
-37
-29
-30
-38
-43
-40
-29
-34
-27
-31
-42
-30
-25
-22
-31
-39
-30
-19
-35
-47
-39
-18
-17
-38
-39
-34
-24
-13
-19
-38
-34
-26
-22
-16
-29
-29
-17
-9
-12
-20
-26
-18
5
4
-9
-3
9
18
23
10
15
35
31
27
24
10
21
38
42
37
19
28
53
58
46
36
36
59
68
54
44
50
55
65
60
43
51
46
52
54
30
25
55
58
26
23
31
50
49
28
17
20
20
24
30
14
-9
-5
29
19
-13
-18
-1
14
7
-14
-15
10
-7
-23
-14
-21
-27
-18
-10
-23
-38
-49
-19
-1
-44
-59
-36
-19
-20
-45
-50
-28
-30
-38
-34
-36
-49
-43
-20
-17
-48
-64
-32
-12
-34
-62
-40
-13
-20
-41
-41
-17
-19
-29
-17
-17
-30
-18
12
15
-22
-48
1
39
9
-13
5
30
26
17
18
26
22
18
38
42
22
15
46
61
27
5
47
75
51
25
28
52
55
41
44
51
37
43
69
58
25
23
55
67
39
11
30
56
36
19
25
30
36
36
37
29
12
24
42
32
2
-4
31
39
15
-3
8
21
16
9
6
7
5
20
27
5
-15
-3
20
13
-5
-3
16
16
-2
-8
-1
-3
2
11
3
-10
-3
19
21
-4
-21
7
32
21
0
-2
5
1
4
7
1
-10
0
17
6
-7
-8
17
26
0
-16
1
20
11
-2
-5
-1
-5
3
12
-1
-16
-11
12
12
-18
-29
2
13
-2
-8
-3
7
8
-6
-6
-9
-23
-13
2
-10
-29
-26
-8
-9
-27
-36
-13
-7
-18
-19
-15
-6
-21
-21
-9
-21
-32
-23
-8
-10
-26
-30
-12
4
-14
-24
-5
6
-6
-10
4
3
-1
0
3
0
-11
3
12
14
-7
-12
6
12
1
-6
6
5
12
16
10
6
-3
-4
9
11
-6
-6
12
10
-2
5
10
14
13
5
8
14
15
8
14
19
5
15
26
12
3
9
13
15
15
9
14
18
19
20
12
11
18
24
24
19
21
20
10
4
10
7
5
15
16
12
15
16
21
24
18
10
18
18
15
7
7
12
2
-6
-5
4
-6
-8
5
5
-7
-12
7
18
5
-6
7
14
1
-6
0
2
-11
-12
3
-2
-14
-12
5
3
-18
-14
3
13
4
-3
6
13
-6
-2
14
7
1
-1
12
14
-4
-2
13
11
0
3
16
8
-7
-6
-3
3
-9
-11
3
-4
-14
-10
-4
-4
-11
-18
-6
-3
-13
-14
-5
-7
-19
-16
-6
-13
-24
-20
-5
-3
-18
-10
0
