22
17
20
25
21
24
21
19
20
15
19
14
6
12
11
13
14
15
15
15
18
11
13
12
10
14
16
11
7
12
8
4
6
4
1
3
2
1
7
-3
-2
0
0
-3
-8
-8
-10
2
2
1
-2
-6
0
-4
-7
-5
2
1
3
3
-4
-1
-2
-2
-5
-8
-3
-4
-3
-7
-5
-4
-8
-6
-9
-6
-2
2
2
2
1
0
1
3
0
1
-1
-2
0
0
-1
-3
-3
-3
-2
-5
-4
-11
-4
-2
-5
-1
-2
2
-4
0
0
-3
1
1
-2
0
-1
-6
-4
0
-3
-3
0
-6
-8
-5
-9
-12
-8
-10
-12
-10
-9
-14
-17
-12
-15
-23
-24
-21
-20
-20
-13
-17
-27
-24
-25
-27
-31
-27
-30
-34
-29
-31
-27
-31
-31
-32
-33
-25
-29
-29
-26
-30
-24
-27
-21
-20
-19
-17
-17
-11
-17
-15
-13
-15
-9
-9
-8
-6
-8
-13
-15
-8
-7
-12
-8
-5
-3
-1
-5
-4
-2
-5
-8
-2
1
-5
3
0
-4
3
-1
-2
0
1
-3
-2
6
3
4
1
2
-1
-7
-3
-1
-4
-3
1
-1
0
-5
-3
2
3
2
4
3
-3
-1
-5
-5
-6
-11
-7
-14
-21
-15
-16
-12
-19
-18
-11
-20
-15
-16
-19
-21
-26
-29
-32
-32
-33
-27
-26
-21
-21
-26
-24
-26
-25
-21
-14
-17
-19
-19
-20
-14
-15
-16
-21
-17
-13
-13
-9
-8
1
3
1
5
3
8
1
5
5
4
7
5
14
8
11
14
12
16
11
13
12
15
16
12
14
13
14
9
12
12
9
12
12
10
12
19
15
19
18
13
12
9
12
14
21
19
17
21
20
19
17
19
16
17
17
15
16
16
20
15
15
15
10
12
13
14
8
9
11
6
8
4
6
6
-1
-1
-2
-3
-1
0
0
1
-4
-5
-3
-6
-2
-8
-10
-11
-12
-8
-9
-14
-11
-9
-14
-9
-10
-12
-11
-11
-8
-10
-9
-9
-8
-8
-2
-3
0
5
2
3
4
6
8
8
4
6
7
5
8
8
11
15
13
13
18
15
17
22
20
25
23
15
17
22
17
16
18
18
18
20
24
22
22
18
12
17
18
16
15
11
12
11
14
13
10
12
11
9
12
14
10
7
2
9
6
-1
2
-1
3
1
1
1
-3
2
0
-8
-5
-3
-9
-6
-10
-11
-16
-21
-18
-19
-18
-15
-9
-13
-11
-16
-15
-13
-15
-13
-15
-15
-11
-10
-14
-10
-6
-8
-14
-10
-7
-10
-10
-8
-4
-6
-8
-7
-5
-11
-8
-10
-12
-8
-13
-11
-11
-9
-7
-1
2
-2
0
0
4
3
-1
-1
-2
-2
-4
-2
6
1
4
5
0
1
-4
-3
0
1
5
1
0
-4
-4
0
2
6
1
4
0
-2
3
4
6
0
4
2
0
4
-1
0
0
0
0
-1
3
-4
-3
-2
-6
-3
-2
-2
-1
-2
-7
-5
-5
-8
-6
-13
-15
-16
-19
-18
-17
-15
-15
-13
-11
-14
-11
-16
-12
-8
-11
-7
-10
-4
-3
-6
-1
0
1
-6
2
2
-2
6
-2
5
3
-1
-3
2
0
-3
-1
-5
-3
-6
1
-1
6
5
-3
-1
-3
1
2
4
3
3
8
8
13
7
5
6
7
10
3
3
7
5
6
6
2
2
6
3
5
1
-4
-3
2
-2
-3
-1
-5
-2
-2
5
4
-1
4
2
0
-1
-3
-3
-6
-3
-6
-7
-5
-5
-4
-5
-6
-2
-11
-15
-9
-10
-8
-10
-5
-3
-2
-1
-1
0
-3
0
4
6
4
6
8
9
5
9
7
8
12
9
11
11
8
7
10
10
13
15
16
16
14
13
13
9
12
13
14
12
13
14
17
17
14
17
15
19
16
16
15
12
12
8
14
15
10
10
13
15
13
12
13
9
11
11
6
10
8
8
10
9
6
6
1
-2
3
1
2
1
-3
-1
-5
-2
-4
-5
0
-3
-8
-10
-3
-7
-8
-3
-7
-9
-9
-6
-8
-8
-6
-10
-12
-9
-13
-12
-14
-8
-7
-12
-11
-12
-9
-15
-14
-10
-12
-12
-12
-7
-6
-10
-7
-11
-11
-12
-13
-9
-6
-6
-15
-8
-8
-10
-6
-5
1
-2
1
-1
-6
-1
0
-1
-1
4
5
1
-1
1
-2
-1
2
0
0
1
2
-3
-8
-4
-7
-6
-6
-6
0
-6
-3
-4
-9
-8
-7
-10
-13
-8
-8
-9
-7
-7
-5
-6
-6
-3
-5
-1
-2
-3
-5
-4
-10
-11
-2
-8
-4
-8
-7
-1
-4
0
1
0
-3
-5
-4
-6
-7
-8
-7
-5
-8
-5
-5
0
-2
-2
-1
-1
1
0
4
-2
-6
-6
-6
-2
-1
-2
2
3
5
4
3
4
4
4
4
4
2
2
4
4
3
6
5
6
13
12
11
12
6
8
11
11
17
14
15
9
11
15
12
15
10
9
11
13
9
15
18
14
14
13
13
16
14
14
17
12
12
10
15
13
9
13
8
9
8
6
6
9
5
6
4
3
6
4
6
1
-3
-1
1
0
-4
-5
-4
-5
0
1
1
1
4
1
-4
5
1
4
6
5
9
4
6
4
6
6
7
9
7
4
8
10
4
4
5
4
3
5
1
7
5
-2
-1
-2
-3
2
1
-1
4
1
2
-2
-4
-7
-3
-3
-5
-4
-7
-1
-6
-4
-1
-2
0
-3
-10
-9
-4
-5
-9
-7
-7
-7
-2
-6
-3
-8
-4
-3
-9
-4
-6
-3
-1
4
-1
-2
2
1
-3
-1
1
-3
-5
-5
-8
-2
-6
-4
-3
-2
-1
-7
-1
-6
-4
-4
-5
0
-3
-5
-5
-2
-4
-5
-7
-5
-8
-5
-2
-4
1
-3
0
-4
-3
-2
-2
1
-2
-3
-2
0
1
3
2
-3
1
2
0
-1
0
-4
-2
-1
-3
1
-3
-2
0
-4
0
-1
1
4
0
7
2
0
4
-3
1
-5
-4
-2
-6
-6
-8
-7
-7
-8
-6
-9
-10
-8
-6
-8
-10
-10
-5
-8
-12
-6
-1
-4
-6
-6
-9
-5
-2
-5
-3
2
0
-2
0
-9
-10
-7
-5
-5
-6
-3
-3
-3
-3
-5
-7
-6
-3
-2
1
0
-1
1
3
0
-1
-4
-5
1
0
2
8
8
11
8
9
9
4
7
8
9
8
3
10
8
9
13
8
12
11
11
14
9
15
17
13
15
18
13
15
16
17
20
15
16
13
16
17
12
15
13
11
13
12
8
8
15
13
4
9
7
1
4
8
7
8
11
9
12
3
6
11
4
4
7
9
6
9
10
4
9
9
6
9
10
13
6
7
10
5
10
8
7
13
14
10
9
16
15
9
10
12
10
11
14
8
5
11
9
9
10
8
6
9
7
-1
9
9
8
10
10
12
10
11
4
9
9
7
7
8
13
13
16
14
14
20
17
15
16
13
17
11
11
15
11
16
13
14
15
16
17
15
14
16
13
10
13
14
12
10
12
11
13
16
12
16
16
8
8
5
3
6
6
8
7
3
7
5
0
1
4
3
0
3
-1
-3
-3
-1
-2
-1
-1
2
6
-4
3
2
0
-1
-3
-1
-4
-5
-8
-5
-2
-3
-1
-3
-6
-6
-10
-9
-8
-7
-8
-9
-10
-9
-5
-11
-4
-8
-10
-8
-11
-6
-6
-5
-3
-1
-3
-6
-2
2
2
0
2
3
-1
3
6
7
5
4
4
4
6
4
9
8
11
10
13
12
9
17
13
8
9
6
6
9
10
12
10
13
15
12
14
13
11
11
7
5
4
1
1
-1
3
3
2
-1
-1
3
5
6
-1
-2
-2
-7
-9
-4
-7
-6
-3
-6
-5
-5
-6
-6
0
0
-8
-7
-12
-14
-12
-15
-14
-15
-13
-14
-14
-18
-16
-19
-17
-19
-17
-16
-18
-16
-18
-11
-16
-18
-21
-25
-22
-23
-21
-17
-20
-23
-14
-15
-17
-14
-12
-14
-11
-14
-16
-12
-13
-13
-12
-11
-9
-3
-6
-1
-2
0
-3
-2
2
4
7
5
8
7
8
6
12
10
8
9
8
13
7
11
8
3
6
9
5
5
8
4
5
4
4
4
2
4
-1
-2
1
0
0
-4
-2
-4
-2
-1
-7
-7
-7
-9
-9
-12
-9
-8
-12
-6
-13
-11
-8
-14
-14
-16
-12
-16
-18
-18
-20
-10
-5
-12
-8
-11
-19
-12
-12
-13
-11
-11
-7
-8
-6
-5
-11
-3
-4
-9
-3
-7
-3
-4
-5
-3
-7
-6
-7
-6
-6
-5
-9
-4
-7
-6
0
-6
-4
-6
-4
-5
-7
-5
-4
-2
-2
-4
-7
-7
-7
0
-5
-7
-8
-6
-10
-11
-7
-12
-8
-9
-6
-6
-10
-12
-14
-9
-10
-14
-11
-11
-15
-13
-12
-9
-14
-16
-11
-7
-9
-13
-8
-11
-8
-6
-12
-12
-14
-17
-11
-10
-8
-8
-14
-7
-12
-12
-14
-13
-10
-19
-11
-11
-13
-12
-9
-9
-14
-9
-11
-16
-14
-13
-15
-12
-15
-14
-16
-16
-10
-14
-11
-8
-11
-12
-7
-3
-7
-11
-3
-6
-6
-5
-6
-8
-10
-7
-8
-8
-5
-9
-8
-1
-6
-6
-10
-7
-5
-12
-2
-8
-10
-4
-3
0
-4
-4
-3
-5
-5
-6
-6
-4
-4
-2
-2
-2
-1
-1
0
-4
-6
-3
3
2
0
0
1
6
6
2
3
1
0
7
3
2
4
1
1
-1
0
2
4
4
8
4
2
4
5
0
0
9
1
1
8
5
3
3
4
4
7
4
3
1
9
7
6
8
7
11
12
15
10
9
11
6
7
9
13
13
11
13
12
13
13
13
16
19
21
16
17
17
18
20
20
21
24
27
23
24
21
26
25
28
26
26
29
21
26
25
22
26
27
25
26
22
23
25
23
24
17
20
17
17
21
17
16
14
14
13
15
11
8
13
13
10
12
13
7
11
10
10
10
5
9
5
4
11
6
2
6
9
8
9
8
5
10
6
8
8
7
7
8
10
9
17
10
12
11
10
11
10
18
13
14
19
19
18
23
19
19
21
22
21
16
17
13
13
10
9
10
13
10
12
8
9
10
5
5
2
6
3
1
-3
-3
-5
-8
-2
-4
-4
-4
-5
-5
-6
-5
-4
-9
-5
-7
-9
-6
-7
-9
-13
-8
-9
-13
-13
-14
-14
-14
-15
-17
-16
-18
-15
-16
-15
-11
-10
-12
-13
-13
-17
-18
-16
-20
-15
-12
-18
-16
-11
-14
-11
-11
-12
-13
-10
-9
-11
-14
-13
-7
-8
-7
-12
-7
-3
-5
-5
-3
2
1
0
-3
0
2
0
2
3
3
1
3
-1
0
5
2
2
-1
2
3
3
1
1
0
0
1
5
4
0
6
3
-3
-2
3
-3
-1
3
-2
2
3
3
0
0
1
-4
-2
0
0
-1
-7
-7
-9
-14
-12
-13
-11
-17
-20
-20
-19
-21
-20
-17
-17
-20
-17
-22
-27
-21
-26
-24
-20
-23
-25
-19
-18
-23
-17
-22
-22
-16
-17
-14
-16
-13
-9
-7
-7
-8
-8
-11
-5
-1
-1
-6
-5
-2
-3
0
-2
-1
0
-2
-2
-1
0
1
2
2
2
-3
-3
7
6
2
7
2
3
9
9
4
2
-1
2
8
0
1
5
0
-1
-4
-1
-6
-1
-1
-4
-4
-9
-4
-3
-2
-3
-4
-1
-5
-3
-6
-8
-8
-5
-2
-4
-4
-3
-2
-3
-3
-6
-3
-4
-4
-5
-7
1
-7
-2
-2
-3
1
-3
2
-1
2
-1
-7
-4
-3
1
-2
-3
-1
1
-2
1
1
4
3
2
3
2
8
4
0
-2
5
5
2
5
4
8
5
5
6
2
1
-1
1
-3
-4
-2
-5
-1
-2
2
-1
1
6
0
2
2
5
-2
-6
-3
-3
-2
-4
3
2
5
6
0
2
-2
-2
2
2
1
2
3
1
1
2
-3
-2
-1
2
5
1
1
-5
-6
-6
-13
-11
-15
-12
-8
-6
-5
0
-2
-10
-5
0
-1
0
2
4
4
2
6
10
12
12
11
6
1
-1
-6
-5
-1
-5
0
4
-1
-2
-4
-3
-4
1
3
8
9
8
13
10
6
-1
-6
-7
4
16
15
13
-2
-14
-27
-24
-13
-7
-3
-9
-10
-8
-9
-8
-6
-11
-4
7
19
30
25
21
12
9
1
-6
0
1
16
29
38
35
21
14
8
15
23
28
27
18
15
25
28
34
32
26
30
20
19
11
7
-3
-9
1
-2
7
-5
-20
-30
-31
-33
-29
-14
-2
6
8
-2
-30
-45
-60
-55
-40
-20
3
17
32
24
1
-16
-35
-35
-24
-12
14
21
28
11
0
-2
-12
4
21
49
67
73
65
48
40
39
42
48
40
30
30
29
29
24
19
20
27
36
32
18
-3
-28
-34
-26
-10
2
7
-1
-15
-29
-48
-57
-64
-46
-25
-3
-1
-23
-65
-102
-113
-89
-48
-28
-11
-13
-3
0
-5
-14
-23
-35
-25
11
39
64
47
36
15
9
6
20
46
76
105
110
98
36
-8
-33
-15
20
67
91
78
58
31
29
23
25
7
-3
-10
3
15
18
2
-38
-66
-91
-75
-51
-8
8
11
-8
-71
-114
-141
-129
-86
-37
-3
2
-27
-53
-53
-36
-15
5
20
14
-2
-9
-21
-16
-14
-24
2
20
57
84
89
82
34
-10
-33
-18
32
79
109
99
48
-8
-57
-54
-6
61
139
158
129
56
-42
-110
-135
-123
-84
-16
36
77
72
42
-14
-76
-108
-126
-75
-39
10
44
37
-6
-62
-106
-127
-95
-43
31
55
89
64
28
-17
-69
-74
-69
-11
30
82
75
45
-12
-37
-35
-11
45
59
81
55
46
11
-2
-19
-26
-16
-2
13
4
5
-19
-5
-26
-30
-38
-41
-16
23
47
38
-6
-76
-99
-105
-37
7
32
24
-31
-69
-88
-73
-40
4
43
70
53
40
-11
-33
-56
-72
-38
-18
37
86
130
138
96
16
-55
-89
-57
13
83
146
97
26
-56
-102
-80
-55
-3
27
54
49
38
17
7
-22
-49
-62
-90
-49
-36
26
31
3
-67
-150
-150
-115
-9
53
100
43
-32
-119
-138
-114
-61
8
26
47
12
-1
-32
-7
-20
-2
-21
-30
-14
-9
64
59
84
21
-35
-55
-40
17
68
73
40
-25
-64
-34
-3
86
89
87
51
-9
-37
-33
-10
-14
-12
-46
-69
-78
-59
-10
40
72
34
-14
-45
-96
-63
-30
22
28
23
4
-37
-3
-16
-10
-14
-19
-52
-9
19
68
101
69
35
-49
-53
-88
-40
6
44
66
80
67
17
16
-21
37
73
125
121
65
22
-88
-90
-64
-35
38
52
75
73
44
1
-50
-42
-16
25
120
125
69
16
-98
-96
-121
-84
-74
-46
59
91
166
102
10
-145
-207
-196
-99
29
74
120
99
61
-13
-79
-138
-132
-69
59
128
174
94
2
-44
-81
-46
-57
-32
-30
26
80
133
105
54
-48
-80
-28
16
67
74
77
41
64
8
21
-41
-17
-31
-5
58
-38
27
-45
17
19
-3
-11
-94
-56
-62
17
80
92
55
4
-63
-116
-127
-124
-70
-43
23
19
71
66
38
39
-30
0
-77
-12
-48
-25
-4
-31
58
6
39
-59
-53
-48
5
77
119
104
60
25
-55
-1
-49
-33
-67
-57
-60
-73
-49
-5
20
93
99
62
46
-112
-99
-119
-10
53
43
5
-87
-170
-146
-132
-30
60
13
121
11
80
-35
-40
-23
-70
5
-91
-17
-57
4
-6
48
67
32
55
48
109
85
66
-19
-19
-76
-47
-20
53
157
78
164
-5
-33
-129
-200
-12
-24
199
145
198
180
33
-26
-176
-189
-225
-144
-50
107
113
133
-7
-55
-122
-190
-98
-75
100
75
109
33
-36
-105
-157
-117
-77
-50
-53
-15
18
61
54
56
28
-9
-32
-8
18
114
50
88
-4
-18
-21
-99
42
-29
77
15
2
39
51
102
162
129
111
31
-83
-61
-193
-55
-114
-15
47
43
132
31
36
-73
-79
-73
-42
59
110
149
87
-35
-119
-203
-176
-129
-25
102
96
89
77
55
104
-25
-39
-67
-125
62
3
239
192
88
22
-183
-93
-163
-73
85
176
229
191
84
158
40
25
-37
-114
-20
-184
-24
49
164
167
-32
-69
-182
-175
-117
-4
200
218
140
8
-89
-131
-178
-162
-58
-37
-61
-68
-91
74
-7
43
2
8
41
-100
24
-19
44
6
-15
19
-7
-140
-102
-97
45
87
-24
140
-56
111
11
113
260
91
147
-28
20
-37
-144
-124
-83
-42
68
64
175
189
40
44
-95
21
-49
-72
28
-59
18
-109
-81
-40
-107
-41
-74
32
94
69
67
18
-42
-62
-111
8
51
21
13
-144
-56
-158
-94
-25
-25
96
-34
33
29
-7
20
-90
-40
19
-22
153
109
169
85
-189
-125
-259
-17
163
234
434
154
18
-214
-375
-162
-172
62
165
86
175
-45
-59
-40
-190
-22
-161
-105
32
-133
162
7
145
166
-42
76
-181
-25
-68
-28
62
47
20
-48
-108
-114
-37
-153
-24
-116
83
73
72
166
8
103
-119
-23
-39
4
28
-82
-3
-40
40
64
164
171
163
-5
-14
-7
-25
44
-159
-29
-248
-218
-182
-189
154
-84
118
-33
-6
128
-66
184
9
50
-60
-134
3
56
25
95
-15
-46
-27
-253
67
-116
122
0
-3
174
-53
138
-173
-35
-252
-220
-200
-124
158
142
342
205
231
21
-92
-180
-102
44
205
311
280
254
-90
-83
-332
-114
11
61
362
76
343
-5
-80
-129
-420
-93
-260
92
183
264
316
92
63
39
41
75
105
21
205
-105
79
-116
40
50
-186
40
-427
-48
-533
-250
-313
-324
-48
-370
197
-27
222
-63
-134
-202
-140
-188
103
233
156
282
-420
72
-655
-263
-458
-333
225
-210
234
-239
19
-276
-277
-299
24
60
278
290
274
504
-79
256
-183
207
-11
-51
143
78
362
150
315
333
384
164
57
-89
-90
-221
-75
202
563
745
669
688
543
471
205
179
223
272
270
309
381
435
169
-37
-218
-251
-198
-192
15
107
117
-36
-53
-73
96
-12
59
46
-72
-61
-414
-337
-424
-533
-536
-680
-532
-387
-402
-173
-379
-505
-781
-1302
-993
-1029
-497
-195
-98
202
-284
-462
-981
-1094
-858
-714
-167
271
413
422
-103
-269
-409
-525
-222
-402
236
58
36
-130
-458
-172
-407
-25
126
448
699
585
752
902
858
957
729
1074
1133
1257
1428
1230
1570
1000
969
678
708
892
793
1108
1107
1102
890
591
603
645
579
726
591
808
639
748
831
878
1040
697
823
602
621
456
186
76
-328
-485
-785
-967
-1117
-1443
-1646
-1858
-1971
-2088
-2142
-2175
-2098
-1930
-1665
-1465
-1286
-1200
-1062
-904
-822
-650
-754
-493
-706
-566
-593
-646
-617
-964
-896
-1259
-1367
-1795
-1902
-1775
-1524
-1415
-1401
-1372
-1287
-1137
-974
-635
-578
-396
-600
-173
201
797
990
1143
1362
1362
1550
1332
1700
1704
1906
1722
1504
1329
983
815
962
1193
1370
1282
978
1310
1347
1905
1930
2063
2147
2023
2231
2379
2769
2937
3037
2898
3041
2779
2838
2565
2488
2429
1957
1754
1128
1061
770
663
368
-62
-561
-1138
-1516
-1780
-1736
-1847
-1787
-1893
-1756
-1841
-1845
-1996
-2076
-1985
-2137
-1871
-2042
-1759
-2057
-2319
-2489
-2924
-2808
-3234
-2986
-2942
-2677
-2618
-2799
-2879
-3172
-3376
-3451
-2861
-2453
-1693
-1832
-1586
-1641
-1582
-1192
-1022
-43
202
658
599
837
728
770
719
1079
1821
2178
2842
3044
3578
2946
2332
1269
768
499
374
831
856
1293
566
126
-258
-605
-608
-745
-263
280
706
1065
1044
1284
1233
895
839
890
1271
1601
1794
1812
1602
990
444
-216
-244
-442
-567
-123
516
1758
2477
2682
2235
1737
1264
1288
1690
2541
3085
3182
3170
2723
2675
2112
1829
1584
1487
1394
896
842
707
824
731
395
1
-523
-745
-727
-262
17
-67
-582
-1149
-1621
-2000
-2079
-2327
-2191
-2604
-2738
-2995
-3332
-3231
-3731
-3492
-3710
-3524
-3250
-3230
-2620
-2782
-2576
-2545
-2597
-2243
-2269
-1732
-1439
-1277
-907
-1770
-2045
-2739
-3134
-2443
-2676
-1919
-2436
-2184
-1657
-1364
387
441
1306
1350
1759
2741
3146
4040
3505
3304
2776
1949
1736
1384
1411
1469
1251
977
12
-509
-1053
-1086
-435
-222
67
-21
251
410
778
1064
1158
1220
1550
1801
2218
2738
2485
2365
1670
1475
1440
1981
3120
3744
4015
3465
2273
1426
660
407
778
903
1708
1443
1832
1715
1234
1371
626
1157
843
1265
1595
1771
2559
2154
2035
1061
380
-110
-395
-73
-195
-468
-1120
-2004
-2717
-3193
-3767
-3903
-3918
-3693
-3555
-3753
-3606
-4017
-4211
-4279
-4419
-3739
-3437
-2942
-2562
-2601
-2448
-3053
-3051
-2867
-3352
-3093
-3398
-3264
-2680
-3342
-2761
-3166
-2467
-1538
-1454
85
-641
229
940
2446
4232
4180
4796
4282
4564
4290
3710
3554
3125
2409
2036
1411
1229
432
-536
-489
-1228
-1024
-2034
-2091
-1299
-538
636
644
990
1023
1162
1867
2565
3313
3718
3477
3454
3126
2627
1821
905
454
-27
-553
-920
-795
159
1505
2341
2538
2160
1732
1394
1772
2209
3059
3335
3431
3605
3343
3526
2702
2481
2070
1747
1487
955
1143
1146
1238
864
189
-466
-1129
-1477
-1160
-776
-565
-1061
-1672
-2011
-2427
-2607
-2979
-2952
-3030
-3133
-3234
-3504
-3452
-3994
-4400
-4548
-4634
-4299
-4183
-3648
-3368
-3537
-3772
-4493
-4450
-4250
-4209
-3871
-3802
-3276
-3359
-3490
-3902
-4749
-4621
-4589
-3569
-2121
-650
512
1166
1907
2519
3238
4220
4726
5273
5628
5264
5110
4280
4089
2928
2419
1551
484
538
-330
15
-548
-653
-1346
-2022
-1837
-1736
-594
432
1413
1994
2318
2502
2961
3549
4146
4396
4620
4353
3831
3161
2307
1428
776
854
1331
2081
2052
1583
1093
685
504
604
956
1691
2027
2645
2957
3402
3582
3090
3131
2759
2881
2316
2332
2233
2429
2457
1714
1257
208
-75
-806
-745
-997
-1443
-1966
-2878
-3179
-3842
-4043
-4613
-4540
-4344
-4212
-3808
-3858
-3433
-3569
-3557
-3447
-3741
-3630
-3775
-3574
-2980
-2658
-2584
-2976
-4046
-4632
-5171
-5184
-4816
-5329
-4867
-4874
-4934
-5165
-5693
-5646
-4805
-3350
-1464
645
1847
4278
5025
6742
6525
4969
5579
4378
6134
6123
6454
6302
4105
3388
1047
5
-935
-2436
-2380
-1933
-1917
-1260
-2078
-1806
-1925
-1845
-652
-926
1345
2208
3766
5295
5353
5678
4578
4434
3968
3824
3781
2925
2162
1389
531
319
751
541
330
-183
-127
218
455
949
1009
1653
1902
2243
2823
3502
3816
4031
4219
3903
3567
2619
2643
2575
3004
2688
1682
974
-272
-535
-1181
-1474
-1801
-2395
-2744
-3282
-3706
-4011
-4426
-4731
-4695
-4652
-3905
-3663
-3004
-2242
-2551
-2402
-3348
-3375
-3500
-3546
-2646
-2827
-1971
-2997
-3669
-4106
-5133
-5325
-6433
-6144
-6169
-5876
-5084
-5600
-5413
-6108
-6913
-5864
-4982
-1856
-5
1884
4718
5611
8168
6818
6211
6382
5743
7311
6346
7199
6721
5014
4198
1661
864
-1028
-2838
-2710
-2710
-1800
-2050
-2657
-2159
-2242
-1538
-981
-449
1521
2607
4483
5870
6484
7004
5813
5605
5145
4822
4429
3336
2681
1728
853
277
75
-36
-435
-1040
-821
-616
-143
117
612
1398
1842
2542
2835
3850
4105
4454
4597
4443
4202
3260
2992
2709
2844
2362
1654
645
-294
-975
-1704
-1991
-2585
-2882
-3432
-4025
-4222
-4693
-4823
-4592
-4518
-3955
-3875
-3654
-3448
-3100
-2627
-2680
-2239
-2327
-2415
-2647
-2600
-2957
-3508
-3976
-4499
-4185
-4246
-4863
-5487
-5701
-6406
-7402
-8237
-8171
-7542
-6505
-5608
-4934
-3438
-1826
-396
1542
3694
5612
7717
8019
8189
7666
7500
7463
6482
7115
5949
4871
3362
1504
958
-433
-1456
-2750
-3390
-3145
-3530
-3019
-2253
-1668
-754
-459
376
1441
2627
4133
5508
7105
7579
7087
6583
5848
5435
4627
3622
2631
1355
414
-423
-199
-209
-801
-1549
-2089
-1534
-868
-278
692
1435
2212
2793
3042
4251
4273
4925
5011
4791
5096
3654
3336
2666
2674
2630
1710
1077
52
-525
-994
-1634
-2073
-2555
-3313
-3704
-4008
-4103
-4551
-4645
-4610
-4008
-3222
-2757
-2231
-2626
-2553
-2930
-2846
-2234
-2187
-1776
-1769
-2425
-3264
-4509
-5039
-4955
-4772
-4537
-5562
-6241
-7034
-8140
-8268
-7900
-7505
-7284
-7235
-6886
-5717
-3830
-1850
363
2556
3885
5132
6538
8332
8522
8596
7938
6689
6616
5296
5139
4712
4041
2734
611
-600
-2604
-3586
-3583
-3608
-2854
-2447
-2435
-1709
-964
132
799
1659
2849
3814
5746
6846
7512
7896
7017
6163
5019
4128
3242
2205
1585
548
353
174
-456
-1250
-1840
-2034
-1345
-635
-181
673
921
1912
2048
3140
3717
3972
4902
4863
5707
4994
4311
3338
2966
3102
2425
2114
1140
395
-203
-794
-1312
-2031
-2900
-3656
-4085
-3889
-4196
-4353
-4424
-4441
-3866
-3506
-3017
-2685
-2018
-1715
-1621
-1316
-1406
-1787
-2012
-2306
-2516
-2675
-3724
-5072
-5744
-5888
-5882
-5852
-5919
-6134
-6790
-6778
-7456
-7883
-8291
-9520
-8785
-7832
-5565
-3010
-730
2027
2701
4353
5358
6279
8318
8067
8837
8132
7478
7115
5787
6007
4061
3036
1293
-662
-1339
-2347
-2134
-2335
-2411
-2700
-2890
-2554
-1711
-583
1090
2139
2759
3793
4359
5841
6871
7535
7848
7125
6719
5548
4788
4005
2626
1599
-92
-546
-665
-522
-1103
-1606
-1633
-1864
-1476
-1517
-201
557
2139
2807
3795
4785
4440
5013
4555
5408
4608
4185
3573
3132
3625
2743
2432
1142
267
-989
-1682
-1971
-2206
-2377
-2851
-3093
-3529
-3512
-4231
-4172
-3923
-3581
-2919
-2570
-1759
-1306
-1134
-1539
-1746
-1722
-1934
-2274
-2475
-2444
-2945
-3619
-4872
-5741
-5680
-5685
-5604
-5692
-6203
-6813
-7647
-8762
-9204
-9167
-8324
-7720
-7494
-5923
-5038
-3393
-2030
-1689
1042
2178
4039
6523
8080
10928
9424
9248
8430
6321
6508
3034
3253
2701
1594
1613
-821
-471
-2545
-3531
-3434
-4128
-2582
-2088
-1129
853
1624
2491
2569
2901
4524
4973
7085
7594
7873
8387
6884
6404
4719
3383
2140
361
-184
-640
-87
557
-888
-1242
-2373
-3183
-2743
-2613
-417
920
2591
3719
4303
5468
5156
5319
5865
6036
6265
5725
5108
4949
4670
4079
2582
1313
-435
-1806
-2144
-2152
-1921
-2423
-2975
-3887
-3894
-3897
-3910
-3253
-2779
-1850
-1600
-1105
-1233
-1350
-1380
-1645
-1381
-2061
-2886
-3952
-3916
-3512
-3313
-4132
-5395
-5826
-6762
-7124
-7879
-7977
-8646
-9560
-9383
-9107
-8271
-8162
-8214
-7933
-8166
-8781
-6993
-5682
-3343
-1717
-723
2758
3791
9814
13603
14691
13289
7993
7267
4624
4259
4721
5027
5785
3995
1457
346
-1601
-3527
-4229
-4793
-2879
-4059
-2485
-720
1475
4487
2951
2645
1912
2737
5122
7590
10590
11216
9821
8520
5597
4440
3428
1170
824
-768
-1754
-3840
-4695
-3614
-3906
-3305
-3834
-3564
-2457
-1486
238
2319
4591
5534
5941
6564
7611
7516
8271
8175
7823
7132
5037
4197
2773
2974
1604
237
-586
-1948
-2656
-3042
-2931
-3064
-2772
-3321
-2857
-2784
-1508
-1162
-759
385
-292
66
-970
-1178
-1529
-1688
-1738
-1985
-2143
-3168
-3929
-5944
-6116
-7490
-7716
-7305
-7747
-6666
-8353
-8024
-8656
-9516
-8721
-9644
-10189
-10264
-9916
-9689
-8297
-6044
-5009
-4863
-4220
-4136
-2271
348
4151
9710
16762
18085
12022
10321
6364
4770
3772
4086
6785
4862
5473
1032
749
733
-4689
-5684
-5882
-4770
-4439
-2864
153
2588
4266
3827
749
2239
3576
4696
9775
11722
13526
10769
8360
5781
2855
2831
-520
-1114
-1198
-3082
-4504
-5799
-5182
-4567
-5301
-4911
-4619
-2826
-382
618
4013
5966
7315
7868
7828
9810
9400
9514
8946
8114
7223
5122
4095
2713
2539
1221
-428
-1734
-2515
-3226
-3678
-3159
-2994
-2539
-2324
-1959
-1696
-466
-507
51
644
845
464
-308
-160
-1407
-1712
-3034
-3855
-4291
-4301
-5640
-6797
-7399
-9261
-8964
-9418
-7810
-7835
-7997
-8350
-10429
-9638
-10298
-9517
-8411
-7796
-7317
-7991
-7490
-7856
-7553
-5375
-4846
-3342
-1454
152
4507
9111
16884
16992
12277
9632
3899
5063
3568
5070
8543
6429
7088
1281
569
-716
-5943
-4481
-5305
-3081
-2061
-2618
648
2192
4594
4402
1428
3316
3053
5422
10034
10641
12676
8978
6853
4421
1839
2429
-868
-783
-1502
-3398
-4331
-6044
-5456
-4646
-4995
-3468
-3149
-1021
972
1632
5508
6174
8345
8420
8919
10782
9629
10329
8496
7482
6037
4131
3337
2280
2140
974
-590
-1565
-2249
-2934
-2744
-2716
-2056
-1807
-1490
-1124
-819
103
-298
35
-174
-99
-694
-1161
-1373
-2058
-2848
-4704
-5175
-6328
-5687
-6428
-7029
-6701
-7660
-7740
-9884
-9557
-9876
-9692
-8752
-8976
-7561
-7129
-7186
-8372
-9075
-10012
-10945
-9761
-7264
-5925
-3745
-2353
-1860
708
2480
7112
12047
15830
13728
10327
9524
6694
5708
5087
6803
5632
4743
2458
-150
765
-2362
-4332
-5266
-4505
-4792
-4329
-1191
1421
4202
4785
3402
2555
3850
4580
7130
10699
11798
10743
8356
6289
3797
2265
450
-1993
-2258
-3634
-4883
-4993
-3898
-2790
-3843
-3485
-3880
-2088
-103
1656
4688
6750
8832
8411
9481
9903
9952
10003
9117
8571
6655
4986
3528
3173
2923
1642
-580
-1997
-3512
-3789
-3364
-3215
-2215
-2936
-2734
-2896
-1906
-763
-843
-42
-451
-594
-1552
-2908
-3491
-3138
-3111
-3425
-3978
-4494
-4946
-6401
-7299
-8662
-8610
-9369
-9831
-9602
-9407
-8915
-9596
-9074
-10250
-10042
-9917
-10319
-9416
-9396
-8351
-6166
-5982
-4423
-3649
-3053
725
1009
8312
12910
17338
17784
10792
11626
6677
6728
5178
5186
8100
4837
5003
1368
662
-1057
-5479
-6450
-6223
-6151
-4955
-2891
732
4137
4224
4206
1728
3245
5013
6715
11652
12894
13343
10657
7717
5367
2350
1107
-1356
-2328
-2714
-4490
-5239
-4888
-4459
-4460
-4816
-4460
-3216
-1254
1137
3387
6044
7767
8369
9020
10204
10657
11028
10690
9667
8241
5912
4330
2873
2503
1655
-99
-1751
-2923
-4103
-4187
-4448
-4180
-3709
-4017
-2814
-2974
-1418
-1532
-1409
-749
-1140
-672
-1684
-1304
-1578
-1740
-2359
-3314
-4279
-4960
-5694
-7076
-8093
-9106
-9953
-10363
-10279
-10131
-9863
-10770
-10885
-10947
-9730
-9118
-9112
-8148
-8935
-9382
-9123
-7485
-4949
-3870
-2671
-986
878
4845
8343
16008
19510
15306
12074
7299
7209
5460
5026
8355
6642
6882
2087
-795
50
-4539
-4766
-6324
-5463
-4691
-5798
-1698
494
3947
4750
2134
2494
3355
5078
9300
11895
14259
12818
10101
7794
3642
3241
376
-710
-906
-2582
-3616
-5194
-4939
-4877
-5484
-4866
-4504
-2678
313
1418
4756
6083
7488
8120
8860
10814
10676
11685
10970
9813
8013
5814
3731
2886
2220
1062
-637
-2322
-3642
-4584
-4423
-5110
-4720
-4721
-4151
-3586
-2447
-1416
-1357
-880
-1001
-792
-1101
-1157
-1645
-1351
-1142
-2017
-2956
-4346
-5097
-5836
-6403
-7770
-9329
-10402
-11398
-11609
-11850
-11000
-11245
-10940
-10786
-10680
-9562
-10062
-8782
-10126
-8871
-6685
-6065
-3689
-3844
-1570
427
2014
6055
10636
17509
19470
13849
12389
8573
6711
5419
3877
7650
4617
4900
939
-694
306
-4990
-5666
-6870
-5940
-5574
-4645
-682
2872
5132
5799
2980
3689
5478
6049
10537
12420
14329
12364
9510
7448
3822
2655
-276
-2507
-2238
-4174
-5492
-6189
-5558
-4526
-5597
-4643
-4572
-2180
249
1870
4846
6893
8451
9192
10643
11738
11990
11147
10395
8385
7199
5301
3510
3053
1761
676
-1936
-3628
-4976
-5278
-4935
-4489
-3865
-3591
-3126
-2742
-1471
-776
-482
-184
-209
-19
-473
-698
-556
-1198
-1495
-2846
-3687
-4253
-5150
-5658
-6800
-7274
-8924
-10918
-12509
-13662
-13063
-12247
-11066
-9790
-8595
-8745
-10385
-10268
-11954
-12432
-10400
-8792
-5269
-3400
-2324
-523
-108
2436
6595
13796
21697
16092
13872
11794
7976
9103
3673
8020
5656
4454
3192
-2229
3169
-2730
-5303
-5806
-7264
-6214
-8040
-4506
86
3932
6977
3900
2254
4703
3572
8402
12348
14592
15478
11698
10974
6758
5372
2929
-1928
-1305
-3263
-5018
-6313
-6958
-5710
-6483
-5915
-5812
-5040
-1573
-410
2306
5974
7148
8934
9124
11222
12308
11921
12267
9538
8753
6621
4715
3720
2665
1781
-808
-2739
-4552
-5506
-5581
-5345
-5102
-4287
-4124
-3303
-2685
-1404
-636
-632
-84
-826
-153
-154
105
-290
-814
-1556
-2548
-2952
-4506
-5123
-6074
-6322
-7705
-9403
-10853
-12724
-12654
-13501
-13345
-13022
-11852
-10899
-10838
-9650
-10908
-10694
-10878
-10119
-7815
-6011
-4137
-2670
936
7144
16799
23528
21603
14862
11257
8209
6762
6371
8774
10441
7644
5453
285
403
-3453
-7786
-8002
-8060
-7114
-9343
-6245
-2040
2377
4513
2610
801
1835
3632
7799
14387
17974
18611
15018
12784
9358
6838
4963
1297
594
-838
-3545
-6811
-9373
-9969
-10302
-9928
-8828
-7559
-4814
-1586
1210
4620
6561
6806
7417
8428
11663
13832
15000
14615
11926
9701
5900
3672
2249
1494
1155
-589
-1826
-3774
-6147
-7066
-7525
-6935
-5687
-5064
-3605
-2292
-887
87
157
552
614
141
960
984
1439
1261
-789
-1811
-3919
-4298
-5200
-6496
-6822
-8074
-9311
-10913
-13287
-14718
-15162
-14858
-12565
-11840
-10357
-10074
-10198
-11184
-12489
-12087
-10519
-5817
-4013
296
2252
3817
6985
9716
19434
20057
16045
13050
8384
10269
7521
6827
9306
5191
4594
-1752
-3245
-1572
-6604
-4870
-6660
-5668
-5953
-8623
-4308
-1389
3526
5659
3284
5229
6106
8128
13139
14965
18368
15522
12837
11163
6887
6791
2022
-425
-2173
-5642
-7345
-10541
-9962
-8506
-8764
-7035
-7027
-5437
-2143
-558
3431
5611
7592
8627
8790
11903
13030
13808
13325
10600
8699
5539
3698
2533
2036
1883
-932
-2526
-5037
-7048
-7943
-8016
-6674
-5880
-4402
-3627
-2688
-1386
-746
-187
506
694
1151
1656
2328
1574
290
-553
-2314
-2783
-4375
-5414
-6485
-8317
-9639
-11686
-12031
-13191
-13340
-12408
-12865
-12297
-12112
-11390
-11904
-11568
-11261
-12427
-9769
-8639
-6200
-2832
-622
2648
3678
7358
11936
17164
20283
15547
12698
10544
7966
6611
5761
7782
5352
3446
404
-2483
-2016
-5510
-6743
-6709
-5820
-6116
-5957
-2656
636
3387
4855
4371
4375
7073
8496
12765
16191
17546
16315
13163
11545
7811
5836
2505
-629
-2534
-5266
-7672
-9227
-8635
-8595
-8515
-7862
-7307
-5711
-2645
63
3966
6560
7859
8811
9284
11535
11988
13385
12774
10559
8469
5120
3704
2392
2335
1247
-781
-2971
-5661
-7098
-7922
-7998
-6986
-6085
-4900
-3649
-2800
-1469
-1404
-83
233
551
1491
1058
2161
1832
598
-12
-1085
-2092
-3064
-5518
-6597
-8023
-9608
-10780
-13046
-12362
-13653
-13831
-12405
-12396
-11460
-12153
-12235
-13253
-12974
-12516
-11165
-7106
-5488
-2824
-1787
1598
4538
8883
19251
21194
18624
14330
9926
9479
7215
6765
8354
6761
5671
166
-2028
-1071
-6575
-6990
-8269
-7892
-7640
-9030
-4545
-1348
3572
5192
2181
3582
4455
6449
11769
15424
19205
17700
15645
13242
9299
8388
4097
1127
-690
-3431
-6191
-8329
-8219
-8310
-9281
-8572
-8855
-7852
-4261
-2197
2777
6102
8067
8791
8854
10950
10929
12815
13515
12021
10655
7898
5626
3738
2805
1362
-554
-2028
-4199
-6096
-6885
-7486
-7777
-6942
-6473
-5313
-4036
-2267
-1112
-446
846
577
1140
1185
1297
1675
1396
664
-346
-1016
-2307
-3772
-6102
-8214
-9094
-10173
-11581
-12574
-13414
-12845
-12875
-12601
-12616
-13363
-13678
-15666
-14758
-12200
-9713
-8125
-6773
-4733
-2487
404
3524
10697
20363
23710
18864
15231
11924
9960
7799
7805
10913
8566
6717
637
-940
-808
-6801
-9069
-10786
-9637
-9963
-9501
-4985
-963
2878
3473
791
1792
3906
6360
12350
17368
21138
19456
16643
13670
10148
8766
5115
2283
995
-1702
-5163
-7616
-8092
-8681
-10130
-10124
-10497
-8287
-5916
-2766
1318
4698
7551
7037
8932
9633
10992
12356
12844
12628
10673
8889
5778
4490
3067
2106
161
-1517
-3305
-5210
-6574
-7993
-8367
-8491
-7468
-6999
-5080
-3413
-2131
-1308
-1133
-341
-80
703
1335
1195
1512
1423
1090
239
-1767
-2924
-4997
-6462
-8096
-9946
-11254
-12677
-13261
-14112
-13777
-13578
-13312
-12758
-14139
-14397
-14857
-14287
-11919
-11444
-6639
-4072
-1248
4677
9537
20651
22579
18444
16408
10870
12008
8829
8785
14341
10232
10299
3226
-586
-1073
-9367
-8969
-11062
-9553
-8683
-11146
-6645
-4090
-1195
662
-1936
798
2728
5634
12759
15813
21147
19428
17406
16251
11853
11847
8171
6167
5119
1383
-1401
-5712
-8207
-9433
-11495
-10278
-10159
-8808
-6870
-5254
-1938
912
3813
5601
7906
10045
11854
12967
13792
12590
11399
9790
8155
6667
4909
3918
1445
617
-1679
-3635
-5804
-7855
-8988
-9605
-9088
-9056
-7603
-6411
-4751
-3902
-2712
-1852
-1489
23
852
2044
2580
2026
1346
124
-605
-1984
-3532
-4100
-6430
-7968
-10035
-12150
-12516
-13588
-13247
-13747
-14154
-14270
-15583
-15828
-16319
-14804
-12666
-9936
-6441
-3939
-275
4531
13612
22282
21052
17006
13691
11307
12333
9302
12779
13927
10490
8479
1067
1914
-3802
-8894
-8795
-10680
-8560
-11507
-10614
-6573
-3784
-542
-2120
-3407
-692
463
7022
13068
17645
20481
17243
17429
14632
13594
12194
8437
7958
5525
2372
-1119
-4389
-5640
-8257
-10091
-10318
-10234
-8169
-7569
-4686
-1797
712
2195
3087
6894
9355
12223
13619
13781
13176
10989
9285
8010
6875
6175
4253
2458
976
-1531
-3355
-5879
-7395
-8580
-9513
-9322
-9363
-8141
-6773
-5708
-4558
-4001
-3186
-2744
-1633
-123
1211
2829
2547
2334
1198
-588
-1431
-3430
-4421
-6038
-8370
-10067
-12170
-12173
-12799
-13853
-13920
-14398
-14688
-15642
-16357
-15410
-13235
-11819
-9264
-6667
-3231
1238
7160
18317
22473
18634
14960
10336
10600
9275
8641
13386
11816
11584
5860
1489
1211
-7039
-8278
-10383
-9780
-8879
-11361
-7266
-5160
-1671
-581
-4032
-2972
-1007
2045
9088
14072
19103
19099
16528
15775
11948
12033
9821
7746
8304
5573
3109
-1342
-4042
-5013
-8445
-8548
-9150
-7977
-5414
-5766
-2297
-1419
927
1887
2193
6932
7989
11448
12675
13038
13266
10503
9664
7693
6444
6007
3498
2496
1473
-810
-2246
-5255
-6296
-8340
-9181
-8676
-9372
-7462
-7061
-5686
-4859
-3986
-3312
-3443
-2414
-1846
-745
689
2097
2682
2961
2052
502
-2368
-4833
-7636
-9754
-10059
-11742
-11106
-11774
-12453
-12279
-14108
-13974
-15606
-16891
-15404
-14701
-10986
-7902
-5363
-1754
-638
4318
11336
19076
19891
15220
13653
10309
10215
7497
9111
11329
8596
7235
1386
802
-3153
-7819
-8495
-8826
-7990
-9801
-9489
-6335
-2194
72
790
-1658
-103
1127
4706
11405
15132
18954
16276
15723
13345
10731
9873
6613
6350
5464
3522
437
-2401
-3777
-5342
-7102
-7209
-7095
-6039
-5073
-3375
-774
1148
2661
2614
5264
7525
9180
10929
11622
12457
10642
9527
8136
6736
6444
4297
3081
1442
-222
-2291
-4861
-6035
-7452
-8291
-8348
-8535
-8128
-6814
-6478
-5188
-4362
-3512
-3528
-3815
-1975
-622
1299
1878
2555
1483
945
-880
-3396
-3637
-6295
-7425
-9181
-9539
-10882
-13293
-14013
-14777
-14831
-15141
-15520
-15690
-13356
-12590
-10683
-8210
-5349
-3029
-394
6647
15467
22427
18420
15136
11707
10038
8508
4392
9938
9316
8949
6058
1914
2283
-4976
-8611
-10331
-10139
-8692
-10440
-7736
-2927
-469
1459
-1210
-1936
170
1100
7327
11715
17055
18290
15681
15868
12160
10964
8205
5169
5555
3954
2615
-300
-2402
-2917
-5560
-6361
-6672
-6601
-4930
-4398
-1762
442
2172
3350
3242
6198
7554
9296
10502
10388
10566
8619
8414
7257
6826
6391
4203
3095
1456
-536
-2769
-5362
-6593
-7713
-8614
-7952
-8509
-7002
-6591
-6443
-5363
-5499
-4313
-3977
-2592
-1278
-689
411
2042
2441
2362
1492
-1327
-3540
-5863
-7409
-7939
-8584
-9363
-11670
-12351
-13453
-14890
-14748
-16023
-14877
-16584
-15751
-14557
-12176
-6229
-4440
402
4728
13747
21430
19241
16274
13613
11761
11422
7825
10855
12845
9200
7744
1278
2396
-3334
-9780
-9525
-10965
-8152
-10724
-10158
-5834
-3395
-780
-2130
-3685
21
797
6193
12243
16249
19425
15800
15653
13044
11746
10806
7259
7132
6047
2953
-130
-3080
-3729
-5555
-7574
-6754
-7374
-5371
-4778
-3591
-605
1261
2522
2984
5529
8069
9692
11281
11865
11039
9901
8126
6941
6220
6171
4477
2811
2072
175
-1584
-3835
-5788
-7194
-7727
-7977
-8200
-7499
-6506
-6666
-5762
-5026
-4543
-4293
-3163
-1366
-250
1248
945
1361
1382
1024
-992
-2651
-3696
-6652
-8294
-9593
-10532
-10604
-12325
-14167
-14844
-14717
-14325
-15911
-14421
-14739
-13656
-11435
-9985
-5360
-2925
3132
10219
19539
23200
17345
14628
11781
10772
9966
9317
12644
10886
8812
4580
631
-731
-8799
-11467
-11161
-10637
-10455
-11149
-7780
-4633
-2579
-1686
-3789
-2592
966
3633
11218
15941
19311
18257
15748
14702
11199
10658
8279
6782
6715
4379
663
-2383
-4167
-5487
-7578
-7584
-7549
-6164
-4992
-4299
-1277
194
3125
2271
4258
7127
8424
11625
11702
12554
10899
8758
7625
6077
6196
5346
2899
2136
389
-1500
-2961
-5188
-5361
-6952
-6891
-7205
-7885
-6705
-7231
-6088
-5129
-4215
-3568
-2814
-1345
-303
886
1771
1727
306
476
-979
-1471
-2464
-5192
-6674
-8634
-8934
-10935
-11269
-11482
-12662
-12878
-13738
-14889
-15930
-15518
-15092
-12358
-9823
-8394
-6388
-2778
2089
8813
18428
23216
18437
15009
12598
10886
11394
8971
12737
10904
9367
4776
-1008
53
-8031
-10021
-11458
-11301
-11160
-12283
-8228
-5326
-1688
-901
-3150
-3138
914
3454
10056
15928
19518
19772
16997
15644
11835
10883
8772
6355
6479
4515
1025
-2650
-5060
-5745
-8264
-8503
-8725
-7876
-5235
-4804
-1732
-86
1919
2442
3177
7177
9157
11473
12546
12490
12051
9341
7521
5790
4970
4910
3116
2349
656
-1273
-3346
-5658
-6180
-7605
-7635
-6906
-7009
-5588
-5501
-4908
-4891
-4836
-3650
-3712
-1516
73
1494
2684
2813
2428
1419
46
-2333
-3804
-5203
-6374
-8041
-9004
-9918
-11327
-12393
-13674
-14310
-14527
-14068
-15491
-15156
-14182
-13487
-10992
-11192
-7316
-4334
-1588
5260
11366
22991
22569
16831
15657
10356
12012
7353
8684
13125
9039
8868
901
-107
-2815
-11170
-11365
-13152
-11297
-11234
-12021
-6308
-3125
-570
-113
-3423
209
2119
6450
14095
17574
21963
19032
16892
15184
11042
10811
7166
5976
6052
2426
-158
-4882
-6794
-7925
-10549
-8977
-8754
-6817
-4679
-4258
-1010
434
2262
3590
5104
9132
10388
12711
13545
12446
11251
8560
7169
5270
4597
3948
2507
1733
98
-2327
-4843
-7081
-7996
-8303
-7581
-7004
-6418
-4715
-4482
-4074
-3873
-2995
-2533
-1378
434
1732
3396
3641
3411
1632
529
-1180
-2871
-3851
-5567
-7146
-9157
-10339
-12143
-12672
-12939
-13879
-14786
-15357
-14610
-14845
-13076
-12308
-11472
-10028
-10348
-7795
-4971
395
7086
16155
24386
21617
16204
11882
8895
8607
6936
9065
10210
8033
5622
-28
-380
-4394
-10374
-11247
-11989
-10906
-11492
-9350
-4492
-766
1437
214
-2087
858
3081
8093
15290
18883
20965
17557
16332
13307
11317
10338
6682
5837
4259
1481
-2443
-5059
-6139
-7768
-9244
-9336
-8937
-7345
-5799
-3610
-1143
1623
3052
3642
6570
8603
10939
12082
12514
11863
9965
8592
6804
5854
5584
4155
2572
975
-550
-3306
-5859
-6901
-8648
-8160
-8133
-7040
-5877
-4986
-3807
-4215
-3266
-2877
-2578
-943
920
2639
4446
4117
3478
1261
-626
-1578
-3379
-4083
-6717
-8458
-9833
-11586
-12151
-13313
-14010
-14832
-16422
-16957
-16739
-14880
-13422
-11976
-9999
-8901
-6435
-4543
-332
7642
17945
25013
20838
16783
12932
8998
9592
7071
11044
10436
7244
4603
-1201
68
-6595
-10461
-10609
-11622
-10995
-12427
-9707
-5046
-1575
642
-759
-1852
1688
2547
9012
15017
18802
20431
17363
17523
14026
12648
10871
7253
6658
4355
950
-2389
-5079
-5410
-7829
-9120
-9809
-10417
-7876
-7724
-4554
-1790
668
2714
2433
5929
7981
9603
11686
11505
12378
10501
8523
7921
6030
6652
4288
2651
1652
-909
-2590
-5833
-6872
-8182
-9265
-8602
-8500
-6931
-5140
-4137
-3250
-2967
-2554
-2397
-1787
572
2848
4706
6232
5316
3959
1456
-1739
-4261
-6506
-6888
-8335
-9975
-10855
-12513
-14009
-15133
-17146
-16244
-16079
-15726
-15069
-14887
-11045
-10911
-7936
-5109
-1865
3733
9586
19584
23969
21015
16742
11979
9769
9052
6399
10198
9041
7940
4603
-1214
-1525
-9994
-11546
-13041
-12824
-10237
-11149
-6927
-4059
-852
483
-1893
-1317
1277
4093
11193
15735
19746
19798
17336
16421
12736
12380
9828
7638
7360
4854
1811
-2328
-5554
-6646
-8597
-9167
-9767
-9896
-7355
-6433
-4130
-1623
-83
1428
2775
5386
8471
10516
12236
11986
11263
10339
7881
6863
5691
5560
4503
3121
1786
-828
-2753
-5552
-7231
-8309
-8813
-8826
-8531
-6577
-5278
-4177
-3738
-3427
-2886
-2148
-990
910
3734
5200
5620
4316
3076
820
-1670
-3713
-5376
-6371
-8135
-9749
-11258
-11373
-13757
-14996
-16243
-16983
-16116
-16136
-13731
-12366
-10803
-8420
-6846
-4609
-1870
-287
5625
11385
18416
21839
17592
16279
10580
9654
7597
5464
8078
5371
4889
986
-2167
-4108
-9389
-11187
-11467
-11372
-9737
-9813
-6578
-1970
-14
2691
711
1893
3878
5973
12388
15149
18839
18500
16188
15369
11709
10667
8155
5721
5254
2386
260
-2916
-5332
-5969
-8004
-8832
-8858
-8226
-6635
-5255
-3461
-936
954
2857
4531
6983
9689
10524
11637
11158
10147
8487
7163
6545
5807
5507
3865
2368
346
-1383
-4254
-5992
-7489
-8652
-8333
-8159
-6503
-5844
-4091
-3656
-3218
-2704
-2752
-1740
-180
2184
3901
4916
4598
3459
364
-598
-2966
-4640
-5906
-8791
-8781
-11158
-11353
-12879
-14785
-14422
-16506
-15880
-15002
-15204
-12752
-12093
-10750
-8614
-7610
-3102
-1081
4774
12947
20322
22709
16328
13698
9355
8838
6780
6386
10006
6679
6048
760
-840
-3362
-9965
-11081
-12331
-10364
-10434
-9832
-5715
-1937
643
1503
-597
580
3143
5870
12486
16077
19929
18434
16492
15663
11950
11490
8083
6326
5929
3306
1053
-2755
-4220
-5238
-8040
-8836
-9585
-9048
-7520
-6170
-3666
-654
1520
2651
4086
6724
9340
9889
11449
11158
10380
9565
7516
6794
5564
5105
3154
1644
450
-1593
-4131
-5956
-6796
-7968
-7396
-7597
-6642
-5222
-4346
-3729
-3765
-2654
-2021
-1798
78
2011
4314
5549
3779
2410
213
-417
-1754
-2863
-3559
-6715
-8882
-11904
-13185
-13377
-13901
-14235
-14980
-15548
-15416
-16496
-15301
-13038
-11395
-8686
-8388
-4568
-1541
3384
10166
17131
23076
18301
14466
10340
8942
9472
6918
9692
7925
5761
1922
-3108
-2920
-7277
-10173
-11218
-11467
-10306
-10680
-8367
-3733
-712
1600
816
166
3631
5357
10777
15122
18550
19815
16803
16569
13642
12523
10311
6531
5322
2833
467
-2508
-4676
-5123
-6385
-8261
-9832
-9632
-8564
-7127
-4621
-1722
1346
2946
4188
6147
8761
10308
10461
10537
10592
9430
8183
7208
6354
5631
3927
2296
-270
-1269
-3340
-5324
-5921
-6751
-7174
-7441
-6306
-5567
-4372
-3579
-3177
-3253
-2081
-1647
-679
1681
3090
4056
3899
3977
1596
256
-1784
-3536
-4421
-6173
-7225
-10002
-11183
-12522
-13639
-13950
-14499
-15457
-15680
-15544
-14996
-13419
-12345
-9530
-8326
-5602
-3353
-1655
2912
6820
13997
20364
20642
16722
12665
9627
8625
5947
5813
6436
3187
2325
-2684
-3008
-4925
-9647
-9726
-11882
-9826
-10123
-8524
-3041
300
4385
4615
3270
4370
5348
8904
13528
17233
19753
17998
16565
14164
10958
8911
5448
3218
1795
-661
-2571
-4636
-5465
-6130
-7440
-8682
-9481
-8059
-7260
-3908
-1060
1879
4686
4868
6932
7407
9615
10477
10034
10764
9038
7925
6439
5327
4648
3423
2307
-26
-1934
-2921
-5177
-6252
-6474
-7279
-6871
-6377
-4597
-3271
-2237
-1463
-2759
-1901
-1256
-695
1553
3124
3831
3110
1994
91
-2144
-3164
-4440
-5332
-6000
-7814
-9931
-11701
-12051
-12717
-13065
-13490
-15070
-15723
-16327
-15302
-13383
-10931
-8370
-6720
-3978
-2553
-1203
1901
7142
16185
21451
19494
16193
11813
9106
6968
4568
6875
5367
3417
673
-2818
-1574
-6415
-9026
-9934
-10218
-9282
-10538
-6700
-2592
1909
4786
3677
3173
3874
4780
8903
14105
18429
19766
17573
16397
12645
10341
7791
4094
3122
963
-1367
-3994
-5566
-5187
-6362
-8014
-9242
-9684
-8212
-5865
-3429
248
3334
4515
5334
5916
8477
9302
10500
11124
10145
9424
6785
5926
4707
4756
3624
1211
-398
-2145
-3796
-5355
-6063
-6975
-7141
-7064
-6104
-5143
-3351
-2524
-2188
-1525
-847
-245
485
1846
2428
2993
2436
1331
-655
-1637
-3106
-3804
-5192
-7900
-10105
-12811
-12642
-12929
-12738
-12414
-13365
-15069
-16799
-16778
-15161
-12333
-9642
-7135
-4453
-2012
-69
2981
8262
15309
19513
18450
15520
12371
10149
9082
7225
7750
6307
3072
61
-2960
-2624
-5602
-7777
-9506
-10542
-10212
-10605
-7741
-3872
522
2932
3164
3245
4173
5554
9059
13358
17065
18651
17382
16177
13777
11709
9075
5800
3421
848
-1711
-4301
-6404
-6616
-6717
-7287
-8418
-8910
-8165
-6092
-3420
-948
2832
4648
6228
7373
8612
9997
10081
10594
9838
9152
8269
6485
5305
4542
3556
2094
-111
-1494
-3279
-4788
-5572
-6773
-6807
-6917
-6696
-5605
-4006
-2349
-1824
-1398
-451
-241
908
1923
2321
2849
2231
1656
-103
-1595
-2641
-4179
-4859
-6706
-8969
-11186
-12474
-12916
-13757
-13040
-13323
-14868
-15365
-14975
-14702
-13210
-11379
-10159
-7376
-4982
-2816
-193
4243
10538
16054
19467
19102
14600
11590
9435
6835
6927
6239
5043
2643
565
-1414
-4640
-6616
-9642
-11566
-10649
-10192
-8564
-5462
-1628
1535
2307
3275
2569
3575
7248
10879
15347
18311
18644
17133
14880
12650
10119
7408
5446
2612
466
-1724
-4947
-7284
-8648
-9021
-8734
-8305
-7447
-5949
-3981
-1884
327
2485
4571
6769
7534
9716
10803
11634
11205
9798
9484
7125
6465
4756
3908
3082
1639
280
-1438
-2741
-4667
-6282
-6834
-6235
-6406
-5172
-4804
-3807
-2686
-1780
-781
133
1791
1887
2092
2313
2535
1583
766
-44
-877
-1549
-2700
-5144
-7276
-9453
-12461
-13063
-13753
-13619
-13070
-13471
-13019
-14607
-15477
-14334
-15056
-11943
-9674
-8130
-5579
-5489
-2105
1350
6294
12555
17724
21422
17826
12582
10342
7927
6924
4337
4662
4514
1765
101
-3417
-3374
-6643
-10183
-11339
-10870
-8902
-7444
-3063
1351
4463
4638
3294
2357
4946
8120
12255
16389
18682
18793
15662
13662
10422
7872
5475
2269
854
-930
-3490
-6565
-9193
-9703
-10493
-9484
-8040
-7531
-4208
-2123
-129
2958
4077
6061
7420
8904
11514
11727
13323
11752
10177
9394
6094
4745
2776
2373
1845
1262
435
-1861
-3887
-5761
-7451
-7234
-6587
-5703
-4089
-2545
-912
-884
270
-97
173
1619
2026
2687
3071
2662
1999
789
-1280
-2869
-5510
-6543
-8051
-8643
-9332
-11812
-12239
-13712
-14448
-14641
-15256
-14580
-14861
-14076
-13605
-11516
-8106
-7732
-6617
-7042
-5458
-3031
1130
8209
15652
22853
20970
15035
10948
6922
4788
3745
4437
6895
4825
3167
-234
-1982
-2882
-9194
-10463
-10901
-9606
-7669
-4672
1049
4042
5065
3809
1132
2454
5275
8616
14923
18435
20009
17309
14122
11209
7228
5703
2950
925
326
-2379
-5258
-8124
-10179
-10786
-11718
-9502
-7873
-6200
-2523
-550
1429
4006
4095
5833
7641
9722
12405
12772
14587
11771
10091
7973
4910
3670
2356
2751
1775
1408
-553
-3062
-4979
-6430
-7907
-7151
-5976
-4574
-2750
-1129
328
162
1329
894
1540
2232
2376
2715
3029
2625
1143
301
-2156
-4273
-6475
-8597
-9917
-11276
-12229
-13371
-13637
-13547
-14453
-13645
-13675
-13582
-13121
-12675
-11118
-10179
-7447
-7117
-7185
-5292
-4663
-1595
2890
7209
14352
18947
18729
13431
8713
6922
3762
3576
4281
5437
4427
2883
112
-1479
-2632
-7091
-8629
-8133
-5644
-5141
-2232
1608
3840
5516
4343
2814
2794
5673
8612
12563
16443
17339
14907
12372
9575
6960
4807
2699
963
-434
-1661
-5357
-7894
-9279
-10011
-10411
-8521
-5806
-5032
-2007
-23
1121
3567
4298
5699
7625
10074
12393
12868
14073
11918
9185
7420
4893
3729
3461
3735
2663
1577
45
-3141
-5647
-6641
-7674
-6553
-4525
-3360
-2098
-964
-107
-352
248
679
512
1676
2835
2822
3078
1712
-559
-2708
-4157
-5584
-7680
-8214
-9720
-9611
-9713
-11153
-13297
-15414
-15030
-15589
-14171
-11921
-11707
-9858
-10428
-11026
-8745
-9653
-8673
-7997
-4838
-204
1517
7333
12618
18100
18018
12251
8183
5606
4748
4064
5879
8568
7290
4097
1120
-1481
-2385
-5469
-6941
-5845
-4532
-3506
-3328
6
2534
3123
2844
1429
2232
5072
8278
12439
15740
17180
15114
12036
10411
7908
6132
4491
2596
1032
-1329
-4828
-8066
-9935
-10486
-11122
-9390
-5980
-4638
-2802
-597
-166
1799
3224
4231
7830
10202
13445
13547
13937
13194
9020
7917
5526
4748
4664
4082
2902
1065
-506
-3446
-6586
-7040
-7572
-7308
-4837
-3765
-1870
-1369
-745
-1108
-902
291
251
1304
2450
2968
2520
1704
-1015
-3323
-5077
-6126
-6669
-7358
-8286
-9977
-11518
-13213
-14574
-15093
-14375
-12856
-11129
-10658
-10651
-11107
-12519
-12347
-9844
-8183
-6816
-5915
-3634
-803
1870
5771
9519
16317
16561
11568
9173
7547
7373
5962
6316
8016
5457
3532
140
-1492
553
-3039
-4359
-4796
-4412
-4542
-5220
-847
1526
3706
4832
2978
3422
5811
7791
11175
14149
16050
14435
12192
11080
8098
6672
4418
1287
-616
-2963
-5930
-8867
-10015
-9850
-11005
-9404
-6861
-4205
-2678
-589
1500
1737
5102
5310
8198
11712
13003
14332
13047
12834
9818
6840
6588
4425
3980
3670
1268
500
-1691
-2861
-5433
-6521
-5685
-6605
-4436
-2800
-1468
-753
-297
-221
-453
864
1306
1094
1958
1853
876
-233
-2159
-4359
-5881
-6303
-7335
-7365
-7787
-9101
-11231
-13106
-13815
-14335
-13297
-12449
-10655
-9316
-9740
-10221
-12560
-12185
-11414
-10447
-7382
-7491
-4487
-3319
-771
3578
6317
14042
16629
14234
11134
8209
7811
7223
5629
8033
6937
5272
3285
-879
1619
-1829
-3827
-4298
-5659
-4558
-6873
-3861
-69
2087
5015
3162
2512
4278
5090
9087
12151
15543
16006
13288
12596
9076
6981
4879
1323
-66
-2566
-5055
-7888
-10283
-9508
-10839
-10080
-7361
-5561
-2903
-1606
794
1811
4482
6603
7738
11667
12651
13827
13210
12824
11171
7737
7365
4720
4282
3594
2208
723
-1232
-2096
-4819
-5756
-6103
-6180
-5268
-3158
-2058
-1327
-411
-499
-449
138
1070
549
1254
1161
642
398
-1060
-3005
-4924
-5846
-7119
-7583
-7378
-7788
-8970
-10617
-11995
-12676
-12459
-12325
-11397
-10132
-9651
-9847
-10864
-10667
-10962
-9764
-8052
-8109
-6484
-7070
-5076
-630
3227
9629
13431
17316
14873
10301
9827
6651
7775
6230
6953
8117
5840
5288
1278
1831
-439
-4345
-5710
-6688
-6042
-5006
-1953
1083
3412
3506
2717
1126
3230
5918
8490
12879
14515
15306
13326
10987
8239
4879
3145
12
-2046
-2957
-5366
-7393
-9500
-10223
-9934
-9482
-7207
-6003
-3936
-959
633
3931
6257
7836
9900
10488
12560
13028
12747
12543
9954
8905
7055
5073
4133
1908
1348
-436
-2147
-2993
-5191
-4906
-5131
-4294
-3077
-2563
-1623
-1689
-782
220
1204
1446
1673
1294
1570
925
-381
-1110
-2455
-2873
-5053
-5953
-6659
-7391
-7300
-8076
-8211
-9142
-9903
-10741
-11615
-11383
-11247
-10758
-9190
-8894
-8943
-9355
-10063
-9953
-10578
-9521
-8816
-7279
-4767
-3981
-1175
1051
4282
8509
11922
14994
13628
11749
9617
7411
7615
7169
7285
7268
6196
4700
2243
353
-1642
-3760
-4430
-4638
-4432
-3289
-1926
140
2402
3705
4039
3638
4801
6457
8695
11269
11934
12014
10077
7837
5028
2199
662
-1630
-2980
-4933
-6869
-8769
-10459
-10161
-8833
-6463
-3740
-1303
176
1754
3381
5225
7125
9508
10998
11940
13357
12346
12192
10661
9182
7405
4911
3950
969
-120
-1132
-1685
-1675
-2277
-3093
-4117
-4101
-3810
-3046
-1576
400
648
1656
1939
1488
1066
733
703
141
28
-1657
-3208
-4502
-5502
-6319
-6809
-7193
-7898
-8158
-8031
-8920
-9588
-9473
-10038
-9679
-9971
-9351
-9049
-9104
-8818
-9646
-8834
-8616
-9852
-9470
-7512
-6423
-5892
-6042
-5931
-4564
-4304
-700
3505
9606
15554
14799
15316
11258
8653
6667
5165
7930
7320
9388
7452
5698
4291
1108
-1528
-4096
-4164
-4211
-3091
-1545
1396
2785
4636
3878
2407
2750
2406
4839
6794
9428
10108
8265
6992
4307
2508
1210
-1049
-1642
-2574
-3185
-4215
-5832
-6510
-7728
-6901
-4342
-2222
-180
2041
3249
5725
7324
7598
8535
8604
10304
11260
11622
11783
9157
7415
5052
2823
1854
-31
-653
-1479
-1180
-1017
-1739
-2119
-3012
-2997
-1934
-929
-335
520
618
1526
1549
1539
985
-553
-864
-2514
-2665
-2765
-3629
-4237
-5601
-6019
-6499
-7663
-8499
-9157
-9030
-8278
-8557
-8778
-9445
-9647
-8944
-8620
-7736
-7729
-6877
-5877
-5122
-4331
-5651
-6799
-9476
-10172
-8118
-5880
-2703
-3666
-3807
-3728
-4446
-2281
-1069
5247
11313
13341
14469
11491
9974
7709
5780
7167
7288
7078
6175
4876
6309
6160
4060
1747
-1885
-2634
-3940
-2831
364
2426
4786
2848
787
-1593
-3142
-1737
238
4113
6652
6920
6423
4594
3459
2672
1380
1003
44
-425
-653
-1683
-1782
-2406
-2784
-2741
-2141
503
2028
3862
5379
5602
6700
6523
6912
6962
6728
7493
6745
7196
6355
3995
3191
1191
974
419
382
1129
602
1731
710
17
-536
-1284
-1245
-613
273
125
-147
-661
-665
-1556
-1446
-2764
-3787
-4125
-5339
-5680
-6686
-6872
-7508
-7263
-7081
-7344
-7732
-7881
-7672
-7243
-5721
-5384
-4937
-5066
-4286
-3747
-3736
-3402
-4437
-4204
-4662
-5022
-6586
-7989
-8815
-10001
-8116
-7235
-5507
-5727
-5770
-4698
-4701
-1337
1135
5517
9781
11552
12459
11962
10797
9689
8944
9138
9573
7804
7841
6421
5537
4971
2013
738
-2246
-3977
-5041
-5447
-3352
-2728
-1551
-1054
-1523
-1237
-1366
-131
1963
4524
6858
7934
8473
7947
6457
5011
3526
2560
1975
893
333
-704
-1489
-2417
-2843
-2587
-2551
-992
450
2207
2795
2952
3776
3743
4794
5159
5823
6967
6664
6818
6348
6125
5217
3650
3334
2350
2156
1862
1472
1696
1287
426
-820
-1827
-2402
-2740
-2663
-1932
-2277
-2845
-3544
-4676
-4697
-4921
-4890
-5017
-5349
-5195
-5914
-5892
-6023
-6108
-4857
-4184
-3319
-2897
-2645
-2504
-2431
-1684
-1760
-2406
-2922
-4059
-4874
-4620
-4896
-5126
-5561
-5964
-7874
-9648
-10640
-11621
-9840
-8763
-6784
-5786
-5501
-4526
-5303
-2905
86
2896
7621
11033
12433
13454
12641
11631
10584
8730
8501
6484
6422
5946
3743
4023
1150
-1445
-3764
-5687
-5854
-6473
-4645
-2995
-1578
222
454
328
896
1473
2788
4880
7261
8899
9209
9712
8353
7030
5490
3778
2713
1514
1178
-673
-1902
-3420
-5587
-6024
-5997
-4933
-2701
-1024
1816
3350
3128
4799
3885
5760
7338
7044
9095
8021
8714
7889
6922
6767
4227
3144
1501
1144
1164
754
398
-1021
-2406
-4006
-5945
-6237
-6329
-5791
-4464
-4393
-3824
-4694
-4415
-3933
-3281
-1589
-1808
-1136
-1154
-828
-119
-494
-285
-549
-999
-1049
-2054
-2374
-2033
-2745
-2155
-2664
-4125
-5225
-7582
-7779
-7901
-7944
-7027
-8210
-7903
-8314
-9186
-8234
-8117
-6555
-5761
-5151
-4603
-4400
-2575
-2891
-1425
-155
1892
5509
6780
9989
9035
8689
8340
5924
6449
4385
4397
4455
3798
4226
2667
1828
636
-1217
-819
-921
-1164
-214
-280
1314
1820
1645
1665
616
1568
2198
3145
5320
5908
6600
6495
5287
4969
3032
1949
903
-181
127
-1702
-2351
-3384
-4670
-4170
-4581
-2760
-1576
-405
2223
3002
5483
5587
5267
6006
5142
6535
6583
7623
8253
7015
6858
4876
3653
2170
29
-546
-1549
-2203
-2579
-3834
-3963
-4608
-5041
-4684
-5369
-4349
-3892
-2655
-459
529
2081
2101
2376
2646
2308
2590
2095
1768
1204
407
-400
-1159
-1869
-3169
-3855
-4403
-4774
-5135
-5772
-5863
-6265
-5966
-5916
-6192
-5846
-6424
-5597
-4746
-3626
-2850
-3790
-2886
-3192
-3314
-3710
-4621
-5095
-6054
-5723
-6827
-6273
-5218
-5364
-4216
-3585
-2799
-2346
-1304
2574
4739
6711
8037
7222
8658
7699
7294
6954
6709
6782
4965
5573
4966
3949
2801
1841
532
-817
-1878
-3086
-2621
-1768
-991
-1357
-630
-713
-689
562
1547
2807
3422
4557
4778
4950
5214
4309
3769
3230
2419
1284
-142
-936
-2087
-2338
-1799
-1588
-969
-776
-284
509
1857
2158
2099
2672
2594
3485
3958
4645
5003
4139
3864
2567
1602
802
-143
-26
125
739
559
71
-238
-786
-670
-485
-163
529
1224
2241
2952
3135
2949
1837
1168
598
489
754
809
663
-113
-1156
-2767
-3828
-4712
-4880
-5035
-4960
-4276
-4246
-3827
-3904
-4177
-3860
-3553
-2921
-2130
-1996
-1918
-2864
-3567
-4343
-5059
-4792
-5126
-4803
-5328
-5660
-6386
-7049
-6962
-7245
-6656
-5744
-4757
-3787
-3191
-3046
-2030
-1782
-258
1087
3696
7064
7811
9544
8970
8579
6992
4647
3804
2852
3053
2820
2430
2414
1736
-14
-847
-2045
-2003
-1940
-1286
539
1444
3086
2597
1986
1639
1001
1478
1998
2960
3809
4014
4203
3287
2293
1450
231
-37
-212
-177
-540
-1317
-2123
-3178
-3535
-2933
-2128
-282
669
2066
3714
3420
3924
2851
2835
3463
3121
4445
4831
4847
4855
3502
3068
1987
969
1093
577
1654
1543
1910
1964
1003
1098
-39
-168
-294
-355
344
870
1347
1658
1223
765
252
-253
22
-348
-415
-861
-1549
-1805
-2405
-2674
-3472
-4461
-4927
-4888
-4465
-4075
-3848
-3752
-3325
-3336
-3072
-3054
-3345
-3709
-3919
-3543
-3823
-3858
-5112
-5164
-4987
-4965
-4643
-6165
-6278
-6515
-5998
-5364
-5851
-5749
-4749
-3725
-1357
425
1590
3596
3077
4354
4164
4675
5473
4603
5939
5979
6650
5873
4583
3621
2432
1762
1400
1210
1441
1389
759
555
-438
-562
-1574
-1260
-839
-559
738
1072
2003
2223
2467
2619
2570
2553
2582
2165
2168
1640
748
172
-1122
-1923
-2699
-2876
-2707
-2375
-950
24
310
1733
1919
2590
3014
2344
2916
2751
3224
3832
3769
4031
3651
2801
2804
1874
1754
1344
1437
2371
2363
3485
2462
2557
2265
1595
2058
1472
1954
2241
2570
2869
2578
1803
1234
-40
-373
-491
-888
-337
-1075
-1145
-2217
-3432
-3663
-4504
-4130
-4437
-4415
-3684
-3702
-3156
-3286
-3610
-3437
-3969
-3666
-3346
-3469
-2734
-3787
-3800
-4251
-5386
-5611
-7322
-6865
-7460
-7673
-7508
-7700
-6409
-6114
-5764
-5069
-4716
-3624
-2353
-1721
1831
2768
5007
6272
5976
7813
5488
6195
5115
4748
5431
3864
4538
4103
3350
2637
885
-11
-441
-1533
-529
-1077
-112
380
-174
776
-100
507
202
759
2205
2723
3729
4014
3521
3459
2690
2056
1704
738
726
-186
-403
-856
-2070
-2646
-4095
-4595
-4423
-3912
-1889
-1568
-1039
-17
315
2980
3172
3383
4448
4274
5901
5956
6387
6820
5944
5994
5403
5324
4850
3463
3164
2663
2877
2850
1658
1828
1219
1436
1769
935
1298
590
554
1217
1480
2140
1750
1144
1007
355
193
-663
-1368
-1449
-2552
-2857
-4030
-4659
-5077
-6295
-6537
-7072
-6602
-5976
-5873
-5521
-5360
-5056
-5157
-5422
-5374
-5258
-4762
-4094
-3389
-2437
-3088
-4051
-4713
-5342
-4300
-4462
-3709
-3035
-2986
-2489
-2812
-2711
-3223
-3427
-3629
-1925
-727
971
2375
3086
4999
4951
5256
4187
3893
3634
3653
4225
4417
4562
3617
3304
2150
1651
682
-180
-204
-8
756
1103
1036
1001
372
-19
129
-55
497
511
1115
1538
1831
1812
1156
1004
540
156
-160
-334
-247
-237
-430
-617
-1479
-1858
-2393
-2429
-1350
510
2506
2948
3349
4199
5135
6306
5977
5484
6064
5356
6123
5573
5803
5812
3970
4104
2901
3196
2244
1503
2010
2267
3059
2195
1267
937
570
722
1025
565
954
-95
-256
-168
-626
-365
-1419
-1603
-1853
-2139
-2364
-2831
-3096
-3515
-4355
-5005
-5607
-5863
-5818
-5869
-5408
-5191
-4572
-4250
-4188
-3925
-3902
-3486
-3366
-2838
-2347
-2655
-2324
-2925
-3120
-3199
-4122
-4051
-4549
-4203
-3652
-3814
-3187
-2850
-2159
-1802
-2425
-2531
-2624
-2038
-1428
-507
1034
2089
2948
3122
3946
4304
4182
3602
3075
3337
3047
2777
2167
1912
1540
906
102
-483
-914
-1458
-1589
-1473
-1002
-777
-424
-14
441
795
1178
1216
1536
1685
1657
2027
1970
2435
2290
2594
2750
2320
2253
1476
982
644
271
423
120
-166
-203
-425
320
988
2416
2740
3658
4548
4119
6398
5636
6378
6422
4602
5864
3913
4091
3589
2040
2722
1285
864
304
-537
-186
-384
272
509
-165
107
-609
-93
231
-67
363
-365
75
-284
-487
-272
-678
-830
-1361
-1856
-2300
-2667
-3059
-3133
-3444
-3263
-3854
-4233
-4499
-4886
-4320
-4440
-3551
-3102
-2495
-1907
-1959
-1620
-1818
-1851
-2362
-2499
-2226
-2066
-1987
-2029
-2607
-3382
-4343
-5095
-5066
-5474
-4898
-4149
-3031
-1706
-1259
-903
-373
-416
-815
-657
-410
979
1498
2094
2152
1548
1712
1207
1581
1567
1404
697
256
369
399
701
352
403
49
-48
-181
-189
459
1041
1862
2362
2737
2677
2701
2941
3418
3903
3816
3648
3045
2693
2549
2290
2278
1980
1477
1011
381
85
-26
27
726
1187
1228
806
809
983
1703
2611
3246
4466
3750
3329
2683
2299
2967
2092
2416
2184
1785
1523
627
881
837
697
550
-77
-205
-562
-747
-133
30
379
-73
-721
-1008
-1207
-722
-374
37
247
138
-286
-574
-945
-938
-1306
-1815
-1859
-2184
-1797
-1911
-1722
-1374
-1678
-2052
-3036
-3342
-3303
-3133
-2446
-2277
-1808
-2368
-3391
-3953
-5012
-4646
-4648
-4072
-3159
-3202
-2737
-3150
-3216
-3571
-4047
-3623
-3412
-2965
-2440
-1691
-981
-525
-476
-798
-847
-1412
-1326
-740
-225
651
462
621
694
298
517
465
795
1289
1517
2022
2279
2569
2931
2779
2959
3086
3234
3655
3773
4037
3994
3516
3169
2678
2744
2836
2602
2911
2578
2539
2069
1450
1344
684
722
582
657
904
1145
1569
1953
2346
2356
2184
2082
2032
2095
2346
2245
2382
1786
1427
1101
523
657
45
-177
-340
-433
-332
-283
-260
-222
-152
-161
84
55
433
749
1036
1126
1006
767
507
714
585
793
458
34
-369
-891
-869
-1244
-1253
-1678
-1815
-2007
-2359
-2558
-3207
-3053
-3217
-3020
-3067
-3068
-2720
-3241
-3088
-3027
-3228
-2930
-3639
-3700
-3335
-3893
-3050
-3659
-3486
-3472
-4462
-3546
-3962
-3310
-3387
-3082
-2307
-2535
-1687
-1837
-1286
-645
-531
-104
158
152
306
126
672
1340
947
1308
774
1053
1642
1559
2041
1982
2221
2076
1707
2110
2109
1833
2358
2127
2407
2521
2219
2607
2345
3160
2917
3043
3226
2760
3100
2790
3014
2513
2482
2247
1738
1449
1178
1213
954
1263
943
862
740
609
510
795
1389
1595
1660
1484
1138
706
923
566
1003
944
1060
1167
764
1313
605
689
310
276
490
352
629
310
673
536
292
-45
-244
-281
-276
-86
259
435
440
417
-122
-140
-667
-868
-1018
-1139
-1009
-1406
-1242
-1505
-1694
-2236
-2797
-2984
-3380
-3174
-3216
-3182
-3095
-3203
-3173
-3198
-3385
-3289
-3304
-3077
-2759
-2862
-2303
-2724
-2769
-2873
-2707
-1841
-1832
-1253
-1465
-1501
-1791
-2096
-1979
-1790
-1393
-1408
-1435
-1068
-720
-807
-758
-1388
-804
-918
-685
106
177
1451
1193
1438
1713
1415
1761
1494
2139
2981
3021
3428
2982
2804
2854
2200
2471
2277
2441
2538
2017
2448
2318
2115
2029
1359
1586
1301
1400
1692
1535
2249
1898
2058
2135
1735
2059
1813
2270
2439
1932
2243
1379
1255
1163
527
1059
471
886
782
354
461
-392
-364
-568
-884
-669
-700
-296
-199
-256
229
-132
-70
-177
64
727
827
1222
1018
1115
825
213
109
-188
-267
-509
-795
-629
-1033
-1293
-1581
-2001
-1962
-2242
-2351
-2161
-1884
-1533
-1424
-1413
-1200
-1482
-1282
-1350
-1229
-1024
-1078
-574
-899
-508
-978
-1502
-1779
-2389
-2120
-2556
-2501
-2504
-2861
-2593
-3115
-3388
-3361
-3887
-3221
-3005
-2303
-1818
-2195
-1244
-1225
-667
-290
-435
368
279
781
1087
928
1246
552
458
519
377
751
670
837
1074
832
911
670
453
773
647
1474
2038
2444
2763
2415
2607
2465
2680
2928
3065
3398
3659
3751
3729
3170
2670
2159
1700
1839
1544
1853
1737
1558
1420
864
494
-121
-226
-28
538
874
1219
1033
622
381
-79
240
211
602
785
786
844
298
-28
-507
-694
-787
-455
-427
-369
-620
-871
-728
-981
-786
-1159
-1003
-746
-361
82
69
-36
-468
-669
-665
-395
-264
-2
-128
42
-50
-294
-499
-824
-503
-412
-113
-403
-771
-1147
-1468
-1454
-1430
-1155
-1338
-1533
-1740
-1451
-1130
-1176
-1544
-2050
-2172
-2541
-2489
-2675
-2379
-2170
-2266
-1752
-2049
-1749
-2157
-2417
-1990
-1968
-1441
-1574
-1418
-904
-634
-299
-389
-808
-961
-1463
-1213
-868
-177
643
437
644
-2
52
-99
80
918
1357
2261
2343
2486
2376
2240
2061
2145
2502
2935
3232
3318
3392
3030
2791
2465
2216
2011
2077
2010
2378
2578
2430
2151
1396
1275
758
609
904
860
1246
1303
1078
1176
732
416
-31
-185
460
443
571
262
-204
-409
-654
-500
-459
-352
-437
-705
-602
-535
-637
-715
-607
-96
93
292
404
327
539
330
244
39
-266
-129
14
589
991
678
169
-266
-433
-372
-240
-47
-59
-175
-55
-304
-679
-892
-1058
-1124
-991
-774
-1110
-1207
-1054
-957
-1020
-1374
-1794
-2426
-2339
-2268
-2740
-2813
-2815
-3174
-3314
-3065
-2740
-2885
-3050
-2793
-2887
-2392
-2320
-2418
-2304
-1951
-1553
-1740
-858
-792
-637
-619
-710
-390
-621
15
-247
-600
-402
-274
454
1190
1718
2073
1689
1693
1482
1455
2056
1965
2479
2587
2933
2902
2580
2651
2495
2701
2732
2790
2414
2252
2191
2352
2301
1947
1690
1244
1273
1289
1413
1438
1271
1033
725
629
730
737
722
958
1053
1020
807
416
206
98
145
87
-109
-91
-66
-168
-79
-72
-161
-139
-250
202
394
530
273
-327
-240
-405
-188
-148
137
437
409
463
244
54
-234
-331
-364
40
226
360
301
192
204
-222
-339
-709
-748
-702
-741
-769
-946
-1047
-1428
-1708
-1993
-1913
-1897
-1848
-1703
-1838
-1756
-2024
-2450
-2775
-3281
-3473
-3225
-3048
-2544
-2575
-2414
-1980
-2246
-1818
-2092
-1851
-1721
-2127
-1906
-2274
-1813
-1587
-1372
-815
-487
-327
-637
-726
-246
342
522
481
343
709
1249
1883
2110
2271
2072
1623
1714
1856
2220
1764
1738
2001
2153
2379
1919
1722
1572
1695
1866
1708
1807
1809
1739
2236
2587
2630
2252
1593
1476
1304
1731
1961
1746
1683
1220
1196
1070
1126
1034
627
461
160
2
-68
123
129
85
-11
-135
-327
-461
-366
-195
69
253
316
21
97
81
227
272
129
74
-287
-200
-197
-44
230
315
238
162
122
2
-319
-406
-182
-253
-98
-231
-385
-496
-638
-585
-771
-861
-1137
-1713
-1966
-1900
-1716
-1395
-1250
-1403
-2008
-2379
-2346
-2329
-2264
-2218
-2095
-2219
-2099
-2132
-2043
-1752
-1967
-2062
-2373
-2016
-1697
-1724
-1163
-1100
-1174
-1487
-1700
-1258
-1010
-671
-434
-460
-20
59
58
161
234
715
987
1336
1198
925
744
766
1192
1625
2122
1739
1427
1345
1620
2006
1843
1777
1485
1451
1559
1752
2075
2243
2192
2046
1940
1990
2066
1936
1922
1684
1629
1515
1531
1652
1533
1569
1366
1202
943
762
524
400
289
276
274
123
314
134
225
185
149
252
108
161
76
128
297
318
193
146
-62
-177
-317
-371
-267
-305
-227
-311
-381
-478
-582
-730
-819
-966
-1014
-905
-906
-892
-1084
-1113
-1126
-1192
-1224
-1151
-971
-938
-1125
-1414
-1497
-1685
-1713
-1815
-1989
-1835
-1644
-1343
-1440
-1467
-1289
-1472
-1417
-1225
-1016
-857
-1049
-1187
-1533
-1672
-1399
-1277
-703
-273
-165
-364
-604
-419
-398
-245
-226
-232
-172
25
285
348
437
237
3
-115
56
620
1080
1428
1641
1694
1902
1857
1699
1322
1105
1470
1708
1666
1100
846
789
1059
1480
1519
1557
1116
967
1141
1602
1946
1567
1297
1220
1110
882
589
463
511
734
950
966
1036
916
792
662
623
572
72
-8
30
201
322
143
133
-33
-60
-159
-304
-312
-219
-206
-280
-198
-281
-281
-375
-360
-434
-861
-1057
-1224
-1212
-1079
-1127
-1224
-1290
-1286
-1125
-1126
-1092
-1161
-1433
-1302
-990
-413
-85
5
-181
-468
-620
-899
-1013
-1314
-1192
-1082
-690
-129
-157
-211
-591
-716
-695
-701
-605
-581
-614
-392
-317
-215
-41
-258
-231
-465
-259
106
297
543
607
908
1000
890
558
283
23
-83
-131
-108
22
-56
-54
-51
268
437
444
501
598
808
769
739
596
625
664
558
413
214
324
489
799
895
731
368
23
5
234
545
703
874
868
881
689
558
290
26
32
110
505
778
1072
1069
1142
1013
651
344
122
245
313
628
694
486
51
-491
-838
-970
-784
-631
-350
-80
-10
-140
-349
-445
-568
-668
-735
-789
-822
-747
-622
-386
-225
-322
-519
-677
-442
-292
-126
-134
-197
-335
-687
-751
-866
-671
-685
-659
-557
-466
-281
-561
-768
-917
-785
-503
-159
309
457
274
-85
-442
-569
-627
-667
-540
-358
-48
31
-1
-9
-156
-131
-70
237
519
681
892
912
939
649
304
-158
-473
-438
-198
269
492
511
223
63
-30
27
184
384
600
696
782
551
241
-85
-228
-227
112
436
486
336
219
232
54
3
-167
-121
135
373
467
312
138
-145
-356
-202
67
210
430
462
524
550
430
228
-169
-141
-68
-64
202
351
383
59
-335
-588
-694
-504
-295
6
353
545
307
41
-190
-446
-622
-631
-391
-258
-60
29
23
-15
93
105
52
140
190
260
190
185
142
84
-69
-294
-554
-523
-409
-271
36
-15
-134
-470
-562
-395
-318
-178
-232
-220
-20
157
306
160
-122
-259
-330
-121
24
121
182
179
213
228
206
110
-68
-144
45
214
353
384
343
273
123
-56
-224
-298
-154
-65
35
100
-22
-236
-534
-655
-720
-407
16
393
584
507
321
41
-56
-192
-360
-395
-200
-40
208
287
177
-83
-327
-393
-445
-218
15
281
555
760
594
251
-98
-281
-340
-252
3
-21
109
186
274
227
9
-139
-268
-206
-120
-125
-1
138
113
85
28
82
64
185
382
398
360
118
-98
-128
19
195
176
91
22
-47
-39
-89
-130
-2
236
482
732
926
1020
856
631
332
-84
-334
-485
-328
-118
85
144
27
-79
-244
-365
-419
-343
-217
38
263
299
141
-12
-149
-340
-507
-603
-536
-352
-23
185
331
417
301
157
71
110
42
-151
-162
-141
-101
-6
-11
-13
53
13
-71
-149
-147
-222
-530
-497
-488
-523
-463
-461
-427
-443
-411
-413
-396
-312
-189
-165
176
365
333
347
290
310
73
-43
-214
-376
-349
-279
-171
-63
-42
-213
-254
-145
-65
-71
-27
-20
-52
-35
108
199
222
234
75
67
176
269
331
369
392
331
313
303
257
174
139
87
59
250
329
350
230
104
54
-55
31
9
40
98
99
235
393
554
602
535
484
426
425
436
254
93
9
150
284
218
128
-40
-110
-197
-209
-167
-176
-211
-270
-191
-23
100
-59
-353
-564
-634
-572
-531
-479
-350
-89
228
458
492
347
70
-133
-134
-64
-26
-85
-155
-169
-89
-18
-65
-299
-552
-654
-663
-557
-481
-283
-28
108
186
81
-54
-198
-356
-321
-184
-76
-44
-11
90
105
61
51
3
-67
-112
-19
149
308
317
133
58
14
-26
-45
-12
115
131
155
249
293
340
258
67
98
151
184
170
92
191
106
10
-35
-149
-64
-57
-109
-20
26
4
-98
-204
-110
1
185
373
282
197
165
195
285
312
297
199
103
82
9
-19
8
-68
-107
-100
-86
-151
-142
7
111
189
178
163
116
204
256
75
-44
-158
-243
-267
-284
-347
-429
-445
-359
-244
-88
9
-85
-58
137
270
208
105
43
-58
-171
-256
-303
-377
-428
-465
-432
-289
-173
-172
-126
15
73
135
223
287
123
-89
-13
92
204
220
-18
-146
-75
-52
-125
-149
-99
-196
-124
343
545
374
209
71
22
125
144
23
-7
-165
-268
467
1525
1126
-627
-1046
393
1656
1465
117
-546
86
481
-125
-560
-134
-236
-1180
-1191
-284
169
-32
-521
-503
254
658
137
-285
175
567
174
-79
-53
-212
-246
-355
-528
-326
32
-1
-185
50
219
-20
-98
128
276
253
76
-187
-133
143
42
-226
-213
-78
-27
-30
45
151
200
137
-76
-58
155
52
-216
-284
-133
14
-25
-117
-78
92
238
175
86
78
-41
-187
-141
-27
-46
-188
-330
-288
-227
-240
-254
-221
-9
134
114
92
136
248
313
253
126
-3
-135
-209
-246
-253
-215
-258
-220
-91
-12
32
-27
11
139
207
230
131
58
56
80
134
120
65
8
46
201
393
486
451
420
373
363
408
406
253
18
-95
-81
-56
-73
-110
-189
-227
-228
-167
-20
94
123
75
47
9
-46
-46
-16
-82
-243
-297
-200
-64
-27
-132
-204
-227
-264
-228
-184
-94
52
185
309
317
212
64
-75
-119
-146
-252
-249
-215
-190
-67
-45
-29
12
-46
-119
-178
-71
104
215
391
411
193
-35
-228
-270
-99
17
4
-22
-8
-8
-77
41
212
194
162
41
-75
-24
11
31
51
38
-33
-147
-166
-189
-223
-78
105
143
98
-43
-186
-148
-11
111
117
28
-127
-305
-278
-178
-182
-190
-203
-218
-217
-142
-11
73
98
38
-97
-166
-168
-110
41
188
234
136
55
47
24
13
38
117
207
181
168
282
421
449
269
101
4
-76
-120
-168
-164
-106
-79
-61
-27
-67
-99
-92
24
208
216
132
33
11
90
98
58
-5
-96
-136
-145
-49
170
286
272
213
134
131
110
32
-35
-83
-76
-130
-209
-163
-94
-23
9
-92
-184
-219
-212
-182
-150
-61
31
71
106
107
35
-21
-52
-25
67
123
126
110
183
292
295
199
63
-40
-53
-1
21
-8
-61
-138
-203
-165
-53
-10
12
57
78
110
149
136
76
71
54
11
32
54
22
-38
-87
-165
-240
-234
-215
-178
-96
-51
-116
-202
-218
-238
-240
-242
-272
-253
-178
-68
-9
32
56
11
-1
8
8
48
120
189
253
307
263
94
-67
-124
-127
-73
19
51
58
42
-7
-37
-9
30
35
61
85
42
19
54
74
92
140
160
198
291
341
353
318
254
179
129
112
76
72
93
83
55
3
-90
-175
-211
-195
-140
-74
-19
15
-17
-100
-194
-270
-309
-297
-236
-162
-77
-12
28
29
31
18
-12
21
65
105
133
118
54
-42
-140
-223
-255
-256
-233
-176
-84
17
98
150
132
78
31
17
69
140
190
176
131
72
5
-25
-48
-44
-3
19
25
32
43
10
-44
-74
-97
-83
-94
-173
-227
-186
-120
-85
-64
-41
-21
-3
17
5
-6
-20
-69
-98
-110
-107
-80
-22
55
60
9
-63
-123
-110
-36
58
128
150
114
48
12
17
-1
-13
-19
-18
22
88
143
149
164
186
178
157
136
133
175
256
291
257
181
98
33
23
54
66
84
89
106
118
82
8
-88
-135
-147
-143
-150
-160
-148
-121
-95
-114
-155
-178
-154
-105
-64
-34
-28
-43
-62
-83
-92
-113
-141
-165
-164
-137
-123
-125
-131
-96
-60
-43
-19
0
27
74
105
92
53
-5
-54
-59
-3
37
5
-30
-45
-4
73
105
91
62
42
21
15
46
82
87
61
36
-1
-23
-35
-49
-44
-14
4
-18
-38
-37
-40
-28
-17
-42
-71
-91
-108
-115
-68
-24
-23
-17
-14
-34
-47
-24
-4
21
56
61
33
54
87
82
78
55
-7
-62
-52
-6
90
177
197
157
127
125
107
110
120
128
142
158
132
99
90
80
70
80
104
93
55
24
11
26
57
50
9
-26
-45
-79
-88
-77
-97
-136
-173
-202
-209
-171
-146
-140
-112
-74
-67
-66
-68
-107
-147
-159
-165
-166
-143
-139
-159
-141
-97
-81
-52
-15
-6
12
31
42
55
101
115
92
85
82
61
47
41
32
31
16
-25
-42
5
62
106
120
102
75
36
-14
-67
-65
-7
53
91
98
59
6
-25
-4
52
91
101
75
68
110
129
103
56
1
-24
0
23
26
20
15
6
5
-1
-46
-94
-94
-67
-51
-55
-91
-128
-122
-79
-57
-58
-58
-60
-26
27
62
91
133
168
178
186
177
124
97
110
100
83
47
5
0
62
111
74
11
-31
-17
18
42
41
28
43
70
83
73
21
-68
-122
-130
-111
-99
-99
-95
-75
-25
-12
-70
-144
-191
-210
-183
-136
-107
-95
-90
-106
-121
-123
-137
-126
-81
-22
17
52
70
73
85
82
50
27
35
33
35
29
3
-24
-21
-10
-15
-18
-44
-83
-105
-95
-66
-56
-60
-65
-43
24
85
117
134
156
171
197
232
249
252
241
233
229
240
222
159
77
16
-10
-32
-50
-87
-109
-98
-91
-95
-111
-134
-180
-205
-197
-196
-185
-174
-164
-137
-94
-73
-67
-47
-33
-27
-12
4
11
28
58
51
25
3
-27
-38
-26
-29
-59
-87
-82
-47
6
50
44
24
40
71
99
117
120
127
146
176
177
154
123
90
81
98
119
99
64
37
15
3
-24
-77
-109
-110
-117
-113
-103
-92
-79
-44
-35
-53
-48
-23
19
67
108
111
96
96
88
43
-30
-103
-136
-107
-74
-92
-129
-152
-165
-157
-140
-160
-200
-216
-196
-150
-86
-35
-24
-13
2
14
19
37
77
143
243
285
281
268
263
266
260
235
179
125
87
63
34
14
5
-10
-15
-33
-73
-109
-109
-77
-36
-6
-19
-60
-74
-63
-36
-18
-17
-40
-55
-50
-45
-35
-18
-11
-18
-26
-48
-78
-102
-101
-94
-84
-84
-110
-134
-134
-113
-94
-54
-25
-21
-25
-18
-1
38
85
112
131
128
121
104
108
130
143
151
141
116
92
87
82
82
75
53
24
2
-22
-45
-38
-30
-20
-4
1
-13
-25
-19
-1
24
47
52
34
20
12
5
-2
-18
-47
-88
-119
-149
-173
-166
-152
-144
-137
-144
-162
-181
-177
-161
-146
-116
-102
-85
-77
-59
-38
-25
-5
-6
-3
0
16
50
101
152
194
209
188
160
137
138
140
158
171
176
182
164
127
90
68
52
29
-6
-32
-43
-41
-16
-2
-5
-22
-54
-81
-92
-87
-77
-61
-42
-27
-28
-46
-72
-99
-114
-133
-159
-187
-197
-192
-165
-125
-110
-97
-89
-79
-69
-48
-29
2
51
95
131
136
135
132
133
143
142
135
133
140
157
167
168
164
146
139
137
115
88
61
50
63
81
87
81
68
53
34
28
15
4
14
23
25
11
-5
-16
-18
-18
-30
-65
-108
-125
-127
-118
-118
-127
-147
-156
-173
-197
-226
-253
-262
-252
-241
-252
-259
-251
-205
-144
-96
-79
-71
-53
-14
45
108
154
167
181
186
170
141
114
86
83
89
72
63
64
87
120
134
121
93
73
82
102
135
144
145
138
137
131
102
72
41
43
51
60
48
31
18
6
-14
-67
-122
-169
-189
-179
-154
-139
-130
-128
-114
-93
-69
-58
-52
-26
0
20
34
43
52
59
41
25
10
10
35
76
107
116
103
78
73
74
79
59
34
7
-24
-35
-37
-30
-25
-10
-3
2
9
27
57
94
134
133
116
97
76
73
73
66
48
20
-13
-29
-34
-43
-53
-73
-95
-128
-168
-193
-201
-193
-176
-171
-180
-189
-186
-160
-113
-66
-30
-6
12
37
54
63
61
47
27
2
-10
-15
-18
-17
-12
-12
-8
-11
-10
6
20
46
66
87
93
96
105
108
110
116
132
151
176
190
190
172
154
139
127
120
112
98
69
42
22
-10
-30
-46
-57
-66
-76
-69
-63
-34
-4
11
2
-26
-45
-47
-19
20
57
77
66
47
33
23
17
14
7
-7
-32
-54
-71
-77
-77
-88
-115
-151
-194
-200
-163
-110
-55
-19
-12
-18
-14
7
40
77
104
113
104
88
90
99
125
127
110
63
-6
-47
-59
-38
-12
0
-31
-65
-88
-96
-74
-46
-23
-17
-27
-40
-34
-13
19
52
55
29
-24
-66
-83
-60
-19
2
-9
-56
-92
-110
-109
-93
-83
-84
-101
-117
-129
-130
-105
-63
-36
-22
-31
-48
-42
-13
33
68
82
64
36
36
48
72
97
102
86
62
37
28
38
54
74
71
55
29
16
17
29
47
46
45
31
27
40
72
102
117
114
95
77
58
48
52
57
47
35
9
-18
-34
-37
-32
-44
-55
-72
-76
-70
-58
-41
-36
-43
-62
-80
-84
-80
-63
-52
-36
-30
-25
-20
-16
1
9
24
24
16
22
23
25
36
37
31
19
4
7
15
31
35
28
24
18
14
13
7
-1
-7
-10
-22
-28
-34
-29
-13
-5
5
0
-1
-6
-3
0
-13
-32
-50
-65
-78
-75
-83
-92
-100
-105
-97
-98
-97
-97
-90
-76
-66
-65
-63
-62
-64
-60
-60
-60
-52
-40
-14
6
17
20
22
32
41
56
50
42
34
28
35
44
47
56
73
85
90
84
94
113
123
141
144
126
108
93
91
92
96
82
65
50
41
49
58
62
59
55
39
16
1
-14
-9
-2
-6
-12
-41
-51
-42
-28
-3
-1
-7
-17
-26
-26
-17
-10
-4
-3
-11
-20
-27
-16
0
30
55
58
54
43
47
63
80
83
68
43
24
10
2
11
15
24
21
11
11
6
15
31
41
38
23
3
-11
-8
4
11
10
-4
-13
-21
-19
-14
-1
6
-8
-5
-31
-46
-55
-56
-48
-62
-66
-86
-93
-85
-74
-54
-49
-54
-62
-67
-64
-60
-46
-39
-38
-39
-45
-49
-48
-40
-18
2
7
9
14
17
30
42
42
41
26
20
16
22
31
33
44
39
40
38
38
49
56
64
58
50
33
22
14
7
6
-6
-9
-15
-21
-23
-24
-18
-16
-15
-23
-22
-25
-24
-13
-7
-3
-10
-13
-7
0
8
22
26
26
25
25
28
31
34
34
29
20
14
5
8
8
14
14
11
13
5
10
11
13
11
4
0
-5
-13
-12
-15
-21
-14
-24
-20
-24
-30
-27
-32
-29
-31
-35
-41
-44
-41
-38
-38
-35
-31
-28
-29
-32
-22
-26
-21
-18
-20
-22
-25
-22
-28
-27
-37
-37
-33
-31
-25
-18
-10
-9
-1
-5
2
5
8
23
19
26
34
38
48
50
53
50
48
47
45
46
50
56
51
43
34
25
20
22
20
13
20
21
16
13
18
18
15
18
10
2
-2
-7
-9
-3
-7
-12
-18
-25
-20
-15
-13
-15
-17
-19
-18
-19
-24
-24
-26
-20
-11
-3
-4
-7
0
7
11
12
22
22
15
19
9
7
8
7
4
-1
-5
-12
-8
-3
4
4
8
-1
-1
1
-1
1
1
0
-9
-14
-23
-28
-25
-19
-18
-13
-19
-25
-25
-32
-30
-27
-32
-33
-38
-47
-45
-44
-37
-34
-24
-17
-25
-21
-26
-29
-20
-22
-24
-27
-30
-31
-27
-19
-20
-14
-12
-6
-2
-2
5
10
13
14
12
10
6
0
0
2
0
-4
-7
-6
-4
-2
-2
3
0
-4
-3
-7
-7
-8
-3
8
6
6
8
11
11
10
15
21
21
16
23
26
21
17
15
9
0
0
-3
-1
2
4
8
7
20
19
17
23
16
19
15
16
17
14
20
23
17
13
17
18
18
15
18
20
20
20
17
19
25
24
20
15
14
15
16
20
27
25
23
21
15
9
11
15
15
14
14
6
2
10
9
7
7
8
7
7
12
16
15
17
9
3
2
-1
0
1
2
3
0
-6
-5
-6
-2
-1
1
-3
-12
-12
-10
-7
-8
-7
-11
-12
-12
-14
-13
-12
-15
-17
-12
-19
-20
-13
-9
-12
-11
-14
-12
-14
-11
-2
0
5
6
6
4
7
5
7
10
8
9
9
10
7
8
15
23
23
24
25
19
17
22
22
24
29
25
24
25
28
26
24
17
19
14
8
12
10
14
16
8
9
10
3
6
7
3
7
2
7
8
9
11
5
5
1
0
-1
-5
-5
-6
-6
-3
-3
-6
-5
-6
-7
-2
-10
-6
-1
-3
-5
-10
-5
-6
-4
2
-2
-3
1
4
0
-2
-3
-2
0
3
1
1
4
-1
-7
-14
-13
-11
-14
-17
-11
-11
-9
-9
-17
-23
-29
-26
-21
-14
-16
-14
-13
-24
-21
-24
-24
-21
-20
-21
-21
-11
-14
-14
-12
-15
-12
-12
-10
-8
-6
-6
-6
-5
-2
-7
-7
3
-1
10
11
11
17
11
17
15
17
12
8
7
8
3
0
5
5
5
-1
-4
-2
-1
-3
-5
-6
-1
-7
-10
-5
-3
-2
-4
-7
-5
-2
-2
0
-8
-2
-2
-6
-3
-5
-5
-7
-8
-11
-5
-9
-3
-5
-7
-1
-4
-5
-8
-3
-6
-6
-7
-4
-4
-6
-2
-7
-6
-7
-6
-9
-8
-5
-5
-6
-5
1
-4
-6
-9
-12
-8
-13
-10
-10
-11
-7
-8
-10
-12
-9
-11
-12
-13
-12
-9
-14
-8
-16
-19
-17
-16
-17
-11
-7
-13
-9
-9
-7
-8
-8
0
-4
2
3
2
-4
-9
0
-1
1
5
8
9
11
10
15
15
17
17
14
17
12
13
13
16
9
10
9
6
4
3
9
7
9
6
6
3
3
-1
4
9
7
8
5
5
2
-1
-1
-1
-1
2
3
3
-1
-5
-8
-9
-13
-18
-15
-20
-25
-21
-19
-24
-24
-20
-19
-16
-16
-19
-12
-13
-11
-9
-8
-5
-11
-9
-9
-12
-12
-7
-9
-9
-13
-13
-6
-7
-7
-12
-7
-12
-8
-11
-13
-14
-15
-9
-13
-12
-10
-8
-6
-8
-2
-1
-1
0
-3
-3
-3
-3
-5
-3
-6
-6
-2
-4
0
1
5
6
5
6
6
7
8
15
12
14
17
18
12
8
15
15
14
18
23
18
23
21
17
19
15
13
11
14
6
8
10
3
8
7
5
9
15
12
13
16
15
15
8
14
11
11
13
7
6
3
2
3
4
2
4
2
3
3
-4
-7
-10
-17
-19
-16
-17
-11
-10
-8
-14
-13
-12
-13
-10
-5
3
-1
4
1
4
1
-3
1
-5
-5
-9
-6
-6
-5
-2
2
4
0
3
-2
-5
-9
-6
-1
-2
0
3
2
3
3
7
7
8
10
8
11
6
5
8
5
7
2
1
4
0
5
4
6
9
7
7
8
5
4
7
4
5
11
16
11
10
18
10
10
7
5
8
4
7
5
3
0
4
8
4
1
3
5
0
3
5
6
3
0
4
4
4
4
9
7
4
0
-2
-2
-1
1
1
9
5
2
4
1
1
-2
6
2
2
2
2
3
4
7
1
2
-4
-2
-2
1
7
5
5
7
2
-2
-1
0
-2
-4
4
6
3
5
7
5
7
6
4
9
9
10
15
12
5
3
1
0
2
3
11
5
4
6
-1
5
4
-3
4
4
7
6
7
9
7
6
8
7
4
9
11
5
2
4
2
-1
-1
-3
-1
1
4
5
10
8
4
4
-1
-1
0
-1
2
2
1
0
1
-1
-2
0
-4
-9
-9
-6
-6
-2
-3
-4
-6
-12
-7
-8
-2
0
-1
-2
-1
-2
0
5
-1
-3
-8
-4
-1
-1
-3
-6
2
-1
4
2
3
10
9
9
8
9
8
6
8
6
4
7
5
3
2
6
9
2
5
6
5
7
7
7
6
5
9
4
5
7
3
2
11
12
7
8
4
8
3
5
1
1
-5
-11
-6
-12
-13
-15
-9
-9
-11
-9
-11
-8
-10
-14
-14
-12
-15
-15
-18
-22
-17
-18
-16
-13
-16
-15
-15
-11
-9
-16
-12
-11
-12
-12
-11
-14
-12
-7
-5
-11
-6
-2
-4
3
-2
0
-1
1
0
-1
0
-7
-2
-5
-1
-3
2
-2
-5
0
-3
-1
-2
-1
-3
3
4
2
2
9
6
1
5
6
1
6
8
7
16
11
13
11
7
11
12
12
13
13
12
14
18
22
20
24
21
21
23
18
22
18
20
21
16
13
15
8
9
11
5
8
9
6
7
6
2
3
-3
-2
-2
-3
-5
-11
-9
-12
-9
-4
-8
-9
-11
-8
-7
-11
-12
-15
-18
-20
-17
-20
-15
-18
-17
-14
-18
-15
-18
-11
-15
-11
-13
-17
-15
-13
-10
-8
-8
-9
-3
-10
-9
-9
-7
-6
-12
-7
-7
-4
1
-1
-2
-6
-6
-3
-3
-4
-1
4
1
1
-2
0
2
2
-2
-2
2
-1
-1
0
-2
-3
5
6
3
6
7
7
10
13
12
12
15
10
9
14
15
17
15
12
11
17
12
11
6
4
7
8
10
3
8
10
9
8
10
5
4
8
3
7
7
6
5
4
1
0
-2
-1
0
-1
4
0
-4
-4
-7
-5
-10
-8
-5
-11
-13
-13
-12
-11
-8
-12
-14
-7
-8
-11
-9
-5
-4
-2
3
0
-2
-7
-3
0
0
-1
-3
1
-3
-3
2
-2
-4
0
-6
-3
-3
-2
2
-3
1
-1
2
-1
2
-1
-4
0
-1
-4
-1
5
-1
-6
-9
-6
-9
-6
-4
-5
-2
-7
-8
-5
-6
-7
-9
-13
-8
-12
-7
-4
-3
-2
-5
-2
-5
1
2
2
0
5
-1
-1
3
-4
-3
-7
-5
-3
-1
-7
-4
-2
-6
-4
-10
-5
-9
-9
-10
-14
-11
-12
-11
-13
-13
-14
-9
-14
-14
-9
-11
-8
-9
-9
-14
-14
-11
-12
-11
-11
-16
-17
-16
-17
-22
-20
-15
-16
-14
-21
-16
-14
-11
-8
-11
-4
-3
-4
-3
1
4
4
6
8
6
9
6
10
13
9
7
6
8
6
8
9
10
11
9
5
4
7
6
9
8
13
8
4
9
12
10
9
13
12
11
7
5
5
11
9
12
11
9
12
11
15
12
10
6
7
-1
-2
3
3
5
4
1
0
2
3
-1
-3
4
-2
2
2
0
0
-6
-7
-9
-8
-9
-10
-15
-12
-15
-15
-18
-24
-22
-23
-18
-22
-21
-16
-21
-20
-16
-23
-21
-17
-18
-18
-19
-16
-21
-15
-15
-16
-15
-26
-21
-20
-21
-17
-13
-15
