-53.3977
-61.9156
-46.4285
8.55058
11.648
-8.48519
-3.83907
7.00188
105.345
178.134
129.35
75.145
35.653
55.7861
121.606
165.744
154.129
96.8269
41.0734
48.817
77.468
33.3299
34.8786
22.4889
11.648
21.7146
21.7146
-3.06472
-44.1054
-58.8182
-39.4593
-3.83907
25.5864
28.6838
-13.9057
-50.3003
-47.9772
-24.7466
-14.68
-3.83907
-2.29037
-18.5518
-8.48519
-13.9057
-23.1979
-24.7466
-12.357
7.77623
3.90446
-34.0389
-85.1462
-76.6283
-64.2386
-82.8231
-67.3361
-58.8182
-87.4692
-68.8848
-78.9514
-169.551
-248.535
-210.591
-131.607
-78.177
-71.2078
-105.279
-75.8539
-55.7208
-24.7466
49.5913
79.7911
54.2374
147.934
210.657
165.744
185.878
168.842
140.191
194.395
219.949
192.847
144.837
77.468
68.9501
79.0167
55.0118
72.8219
59.6579
8.55058
27.1351
30.2325
-3.06472
-16.2287
-10.0339
-5.38778
24.812
54.2374
51.14
1.5814
-64.2386
-70.4335
-24.7466
-9.25955
-0.741658
-17.0031
-65.013
-67.3361
-67.3361
-65.013
-72.7565
-95.9871
-60.3669
-23.9723
-17.0031
-20.1005
-54.172
-90.5667
-65.7873
13.9711
40.2991
-14.68
-67.3361
-79.7257
-93.6641
-91.341
-41.008
-42.5567
-82.8231
-116.895
-177.294
-224.53
-216.786
-166.453
-136.254
-111.474
-69.6591
-41.008
-29.3927
-50.3003
-20.8748
56.5605
121.606
212.206
257.118
192.847
159.549
199.816
207.559
218.4
234.662
182.78
154.903
181.231
144.837
77.468
58.8836
36.4273
46.4939
60.4323
41.8478
-1.51601
-37.1363
-33.2645
10.8736
32.5555
4.67882
0.032695
-23.1979
-6.93649
-4.61343
-7.71084
-24.7466
-53.3977
-34.0389
-5.38778
-26.2953
-58.0438
-101.408
-123.864
-83.5975
-23.9723
-0.741658
-68.8848
-116.12
-88.2436
-41.008
1.5814
15.5198
-51.0746
-89.7923
-41.008
5.45317
20.9402
-17.0031
-83.5975
-126.187
-112.249
-75.8539
-58.8182
-72.7565
-161.807
-239.243
-219.109
-195.879
-174.197
-154.838
-119.218
-88.2436
-29.3927
11.648
45.7195
43.3965
75.9193
182.78
236.985
216.077
240.082
242.405
212.206
246.277
232.339
191.298
175.811
158.775
127.027
118.509
65.0784
18.6172
0.032695
10.0993
42.6221
32.5555
-7.71084
-14.68
-7.71084
1.5814
12.4224
-1.51601
1.5814
-4.61343
-10.8083
-2.29037
-6.16213
-40.2337
-35.5876
-21.6492
-24.7466
-20.8748
-43.3311
-88.2436
-90.5667
-71.9822
-70.4335
-79.7257
-89.0179
-79.7257
-64.2386
-49.5259
-25.521
-3.06472
-23.9723
-20.1005
10.8736
-6.16213
-21.6492
-35.5876
-54.9464
-63.4643
-50.3003
-16.2287
-55.7208
-150.966
-222.207
-254.73
-233.822
-160.258
-127.736
-154.838
-173.422
-170.325
-105.279
-1.51601
76.6937
112.314
105.345
161.873
243.18
247.826
236.985
247.051
226.144
233.887
293.513
252.472
147.16
87.5346
84.4372
98.3756
108.442
71.2732
7.00188
-20.8748
-29.3927
-6.16213
9.32494
-13.1313
-13.9057
11.648
10.0993
-10.0339
-14.68
-29.3927
-7.71084
17.0685
32.5555
7.77623
-41.7824
-45.6542
-54.172
-51.849
